1	5	3	0
13	5	1	0
21	5	2	0
28	5	3	0
43	5	4	0
44	5	4	0
72	5	4	0
92	5	4	0
102	5	3	0
109	5	3	0
118	5	2	0
130	5	4	0
135	5	3	0
145	5	3	0
188	5	4	0
207	5	3	0
218	5	3	0
234	5	3	0
255	5	2	0
256	5	5	0
267	5	3	0
269	5	2	0
270	5	5	0
276	5	3	0
280	5	4	0
291	5	5	0
293	5	3	0
303	5	2	0
308	5	4	0
311	5	3	0
314	5	4	0
332	5	5	0
339	5	3	0
344	5	3	0
345	5	3	0
363	5	1	0
367	5	4	0
368	5	3	0
372	5	4	0
374	5	4	0
375	5	4	0
378	5	3	0
388	5	4	0
393	5	3	0
399	5	3	0
405	5	4	0
406	5	4	0
417	5	4	0
422	5	3	0
425	5	1	0
435	5	2	0
437	5	2	0
447	5	3	0
468	5	3	0
504	5	4	0
506	5	4	0
546	5	5	0
551	5	4	0
562	5	4	0
577	5	4	0
593	5	4	0
604	5	2	0
633	5	3	0
643	5	3	0
648	5	4	0
655	5	2	0
666	5	2	0
671	5	2	0
682	5	3	0
709	5	4	0
727	5	3	0
741	5	3	0
763	5	4	0
776	5	4	0
796	5	4	0
805	5	4	0
814	5	3	0
833	5	1	0
864	5	4	0
880	5	3	0
886	5	3	0
892	5	4	0
907	5	5	0
916	5	3	0
919	5	4	0
925	5	4	0
1	33	4	0
10	33	4	0
13	33	5	0
16	33	2	0
59	33	3	0
62	33	1	0
87	33	3	0
90	33	4	0
94	33	3	0
95	33	3	0
110	33	4	0
115	33	4	0
117	33	4	0
130	33	5	0
135	33	3	0
144	33	5	0
151	33	5	0
152	33	5	0
193	33	3	0
197	33	2	0
198	33	3	0
200	33	4	0
201	33	4	0
207	33	2	0
217	33	4	0
218	33	4	0
221	33	4	0
251	33	3	0
264	33	3	0
267	33	5	0
268	33	3	0
276	33	4	0
279	33	4	0
280	33	3	0
291	33	4	0
293	33	2	0
301	33	4	0
303	33	4	0
305	33	3	0
320	33	4	0
322	33	4	0
326	33	2	0
327	33	3	0
336	33	3	0
345	33	4	0
346	33	5	0
387	33	3	0
393	33	3	0
394	33	4	0
399	33	3	0
405	33	1	0
425	33	4	0
435	33	3	0
442	33	3	0
450	33	5	0
453	33	4	0
456	33	4	0
466	33	4	0
472	33	5	0
476	33	4	0
488	33	2	0
496	33	4	0
497	33	4	0
506	33	3	0
521	33	4	0
551	33	5	0
566	33	2	0
586	33	5	0
606	33	4	0
618	33	2	0
619	33	3	0
621	33	4	0
627	33	1	0
640	33	3	0
643	33	3	0
648	33	1	0
660	33	2	0
665	33	2	0
671	33	5	0
682	33	4	0
715	33	3	0
727	33	3	0
758	33	4	0
796	33	3	0
804	33	4	0
805	33	5	0
823	33	3	0
826	33	3	0
833	33	2	0
846	33	5	0
880	33	3	0
882	33	2	0
886	33	4	0
889	33	5	0
896	33	2	0
897	33	5	0
916	33	2	0
1	39	4	0
7	39	5	0
11	39	3	0
13	39	3	0
16	39	5	0
49	39	2	0
59	39	4	0
87	39	3	0
92	39	3	0
94	39	3	0
130	39	4	0
135	39	3	0
145	39	4	0
158	39	5	0
178	39	2	0
197	39	2	0
201	39	1	0
214	39	4	0
218	39	2	0
221	39	4	0
239	39	5	0
249	39	4	0
259	39	4	0
268	39	3	0
276	39	3	0
287	39	5	0
293	39	3	0
295	39	4	0
301	39	3	0
311	39	4	0
329	39	2	0
344	39	3	0
352	39	5	0
363	39	4	0
374	39	4	0
375	39	3	0
387	39	3	0
394	39	4	0
399	39	2	0
405	39	1	0
406	39	4	0
417	39	3	0
425	39	4	0
429	39	3	0
435	39	3	0
436	39	3	0
442	39	3	0
443	39	1	0
450	39	4	0
455	39	2	0
468	39	3	0
496	39	5	0
497	39	3	0
500	39	4	0
524	39	5	0
535	39	4	0
537	39	2	0
548	39	5	0
567	39	3	0
586	39	4	0
601	39	1	0
619	39	2	0
627	39	4	0
629	39	2	0
643	39	4	0
645	39	3	0
648	39	3	0
682	39	4	0
693	39	3	0
715	39	3	0
727	39	2	0
738	39	3	0
747	39	4	0
758	39	2	0
763	39	4	0
795	39	4	0
796	39	3	0
804	39	2	0
826	39	4	0
846	39	3	0
847	39	2	0
880	39	4	0
883	39	4	0
889	39	2	0
896	39	2	0
916	39	4	0
933	39	3	0
1	44	5	0
7	44	5	0
42	44	3	0
56	44	4	0
59	44	4	0
62	44	3	0
92	44	3	0
130	44	4	0
145	44	5	0
151	44	4	0
184	44	4	0
186	44	5	0
189	44	4	0
194	44	4	0
210	44	3	0
222	44	3	0
232	44	4	0
234	44	3	0
250	44	4	0
256	44	4	0
262	44	2	0
269	44	3	0
271	44	4	0
276	44	3	0
279	44	1	0
286	44	3	0
303	44	4	0
308	44	4	0
311	44	3	0
313	44	3	0
316	44	4	0
326	44	1	0
327	44	3	0
328	44	3	0
330	44	5	0
332	44	3	0
334	44	4	0
343	44	3	0
345	44	3	0
363	44	3	0
372	44	4	0
375	44	3	0
378	44	3	0
401	44	4	0
405	44	1	0
416	44	4	0
417	44	2	0
429	44	3	0
435	44	2	0
442	44	2	0
450	44	3	0
455	44	3	0
457	44	4	0
468	44	4	0
474	44	3	0
495	44	3	0
500	44	1	0
503	44	5	0
504	44	4	0
506	44	4	0
524	44	4	0
532	44	5	0
533	44	4	0
535	44	4	0
537	44	3	0
543	44	3	0
551	44	4	0
577	44	3	0
586	44	3	0
608	44	4	0
618	44	4	0
642	44	3	0
655	44	2	0
747	44	2	0
774	44	1	0
788	44	4	0
846	44	1	0
864	44	4	0
880	44	4	0
1	49	3	0
13	49	4	0
43	49	4	0
49	49	2	0
87	49	5	0
89	49	4	0
92	49	3	0
94	49	4	0
95	49	3	0
102	49	2	0
125	49	3	0
130	49	4	0
145	49	3	0
151	49	3	0
152	49	5	0
174	49	4	0
210	49	3	0
222	49	3	0
256	49	4	0
283	49	4	0
290	49	3	0
291	49	4	0
293	49	3	0
299	49	4	0
303	49	2	0
305	49	3	0
308	49	3	0
318	49	3	0
336	49	4	0
345	49	3	0
361	49	3	0
378	49	3	0
381	49	2	0
393	49	4	0
398	49	3	0
405	49	1	0
416	49	4	0
417	49	3	0
435	49	4	0
450	49	5	0
453	49	3	0
472	49	5	0
477	49	5	0
487	49	4	0
497	49	3	0
500	49	4	0
514	49	2	0
536	49	3	0
551	49	3	0
561	49	2	0
566	49	2	0
577	49	4	0
579	49	3	0
593	49	3	0
618	49	3	0
622	49	3	0
642	49	4	0
643	49	3	0
648	49	2	0
655	49	1	0
659	49	3	0
682	49	3	0
684	49	4	0
711	49	4	0
712	49	3	0
716	49	4	0
749	49	4	0
790	49	3	0
796	49	3	0
798	49	4	0
804	49	2	0
830	49	5	0
854	49	4	0
860	49	2	0
864	49	3	0
880	49	3	0
881	49	5	0
883	49	3	0
886	49	4	0
892	49	4	0
916	49	3	0
1	51	4	0
7	51	2	0
11	51	4	0
13	51	3	0
16	51	4	0
43	51	1	0
56	51	3	0
59	51	5	0
72	51	4	0
85	51	2	0
92	51	4	0
94	51	3	0
95	51	4	0
137	51	1	0
145	51	3	0
151	51	4	0
152	51	4	0
178	51	4	0
184	51	4	0
194	51	4	0
198	51	3	0
201	51	2	0
222	51	3	0
224	51	4	0
230	51	4	0
236	51	5	0
244	51	2	0
256	51	4	0
268	51	3	0
269	51	2	0
271	51	4	0
276	51	3	0
293	51	3	0
301	51	4	0
311	51	4	0
320	51	5	0
328	51	3	0
330	51	5	0
345	51	5	0
378	51	3	0
393	51	4	0
405	51	1	0
416	51	5	0
417	51	3	0
437	51	1	0
450	51	4	0
454	51	2	0
457	51	5	0
468	51	3	0
472	51	5	0
484	51	4	0
504	51	4	0
532	51	5	0
551	51	5	0
561	51	3	0
586	51	4	0
588	51	4	0
593	51	3	0
610	51	5	0
627	51	5	0
632	51	4	0
639	51	2	0
642	51	5	0
655	51	2	0
682	51	5	0
690	51	3	0
711	51	4	0
712	51	3	0
721	51	4	0
788	51	4	0
790	51	3	0
846	51	4	0
867	51	3	0
870	51	2	0
878	51	4	0
881	51	5	0
896	51	2	0
899	51	1	0
916	51	2	0
922	51	4	0
943	51	1	0
1	63	2	0
5	63	1	0
42	63	4	0
43	63	3	0
56	63	3	0
65	63	2	0
70	63	3	0
83	63	4	0
87	63	4	0
92	63	3	0
94	63	3	0
95	63	3	0
109	63	3	0
110	63	3	0
125	63	3	0
130	63	4	0
174	63	4	0
200	63	4	0
222	63	3	0
268	63	1	0
269	63	1	0
276	63	3	0
279	63	3	0
303	63	1	0
311	63	3	0
313	63	4	0
318	63	3	0
330	63	3	0
336	63	2	0
343	63	4	0
378	63	3	0
379	63	2	0
394	63	4	0
398	63	2	0
399	63	3	0
405	63	3	0
406	63	3	0
417	63	3	0
429	63	2	0
435	63	2	0
450	63	4	0
472	63	4	0
476	63	3	0
497	63	3	0
504	63	3	0
506	63	4	0
536	63	4	0
541	63	3	0
542	63	3	0
577	63	4	0
588	63	5	0
606	63	3	0
620	63	5	0
621	63	1	0
642	63	3	0
648	63	4	0
650	63	2	0
653	63	2	0
660	63	2	0
679	63	3	0
684	63	4	0
690	63	3	0
712	63	4	0
727	63	2	0
738	63	3	0
747	63	3	0
756	63	3	0
790	63	2	0
796	63	3	0
798	63	5	0
804	63	4	0
807	63	5	0
846	63	3	0
864	63	3	0
880	63	3	0
881	63	4	0
886	63	3	0
892	63	4	0
901	63	5	0
922	63	3	0
927	63	4	0
933	63	2	0
1	65	4	0
18	65	5	0
59	65	4	0
62	65	4	0
65	65	3	0
71	65	5	0
85	65	3	0
90	65	4	0
92	65	4	0
95	65	4	0
116	65	2	0
128	65	4	0
130	65	4	0
144	65	4	0
151	65	4	0
174	65	5	0
184	65	4	0
187	65	5	0
198	65	2	0
201	65	4	0
207	65	3	0
210	65	4	0
216	65	4	0
235	65	2	0
239	65	5	0
244	65	4	0
259	65	3	0
262	65	4	0
267	65	4	0
269	65	4	0
271	65	3	0
276	65	4	0
279	65	1	0
293	65	3	0
295	65	5	0
303	65	4	0
308	65	3	0
313	65	2	0
314	65	4	0
327	65	2	0
328	65	4	0
339	65	4	0
343	65	5	0
345	65	4	0
347	65	2	0
354	65	4	0
358	65	4	0
363	65	4	0
378	65	3	0
389	65	4	0
393	65	2	0
397	65	2	0
398	65	3	0
401	65	4	0
405	65	1	0
409	65	4	0
416	65	5	0
417	65	4	0
429	65	3	0
436	65	4	0
437	65	4	0
447	65	3	0
450	65	3	0
455	65	3	0
457	65	5	0
468	65	3	0
469	65	4	0
478	65	4	0
493	65	4	0
494	65	5	0
504	65	4	0
514	65	3	0
524	65	4	0
533	65	4	0
537	65	3	0
561	65	3	0
577	65	5	0
579	65	3	0
593	65	3	0
601	65	4	0
608	65	5	0
618	65	3	0
621	65	3	0
642	65	4	0
643	65	4	0
645	65	4	0
655	65	2	0
665	65	4	0
682	65	3	0
707	65	4	0
709	65	2	0
711	65	4	0
721	65	1	0
727	65	2	0
760	65	2	0
766	65	4	0
768	65	4	0
788	65	4	0
790	65	4	0
805	65	3	0
815	65	5	0
846	65	3	0
848	65	2	0
864	65	3	0
868	65	2	0
870	65	3	0
880	65	4	0
883	65	4	0
885	65	2	0
886	65	3	0
887	65	5	0
889	65	4	0
897	65	4	0
916	65	3	0
934	65	4	0
1	66	4	0
5	66	1	0
13	66	3	0
16	66	4	0
18	66	3	0
42	66	4	0
43	66	4	0
56	66	3	0
65	66	3	0
83	66	4	0
87	66	5	0
89	66	3	0
92	66	3	0
94	66	2	0
99	66	3	0
102	66	3	0
125	66	5	0
128	66	3	0
130	66	5	0
144	66	4	0
145	66	4	0
151	66	4	0
152	66	5	0
174	66	5	0
178	66	4	0
184	66	4	0
188	66	3	0
194	66	3	0
196	66	3	0
208	66	4	0
216	66	2	0
222	66	4	0
234	66	3	0
235	66	2	0
236	66	2	0
244	66	4	0
246	66	3	0
256	66	4	0
262	66	3	0
269	66	1	0
270	66	4	0
276	66	3	0
279	66	2	0
280	66	5	0
286	66	4	0
290	66	4	0
291	66	4	0
293	66	2	0
301	66	4	0
305	66	3	0
308	66	4	0
311	66	4	0
313	66	1	0
314	66	5	0
318	66	4	0
320	66	4	0
327	66	3	0
330	66	5	0
333	66	5	0
336	66	3	0
340	66	5	0
343	66	3	0
345	66	3	0
354	66	2	0
361	66	4	0
363	66	4	0
371	66	4	0
373	66	4	0
374	66	3	0
378	66	3	0
389	66	3	0
393	66	3	0
398	66	4	0
399	66	3	0
404	66	4	0
405	66	5	0
416	66	5	0
417	66	3	0
429	66	2	0
436	66	5	0
437	66	3	0
450	66	4	0
452	66	4	0
454	66	4	0
457	66	4	0
472	66	5	0
474	66	4	0
476	66	3	0
477	66	5	0
479	66	3	0
481	66	3	0
487	66	5	0
497	66	3	0
503	66	3	0
504	66	4	0
505	66	4	0
506	66	4	0
523	66	4	0
524	66	3	0
532	66	5	0
533	66	4	0
541	66	4	0
543	66	3	0
551	66	2	0
554	66	3	0
562	66	1	0
579	66	4	0
588	66	3	0
591	66	2	0
593	66	5	0
610	66	3	0
618	66	4	0
622	66	3	0
623	66	4	0
639	66	3	0
640	66	4	0
642	66	5	0
643	66	3	0
648	66	5	0
650	66	3	0
654	66	4	0
655	66	2	0
659	66	4	0
666	66	4	0
671	66	5	0
682	66	3	0
684	66	4	0
690	66	3	0
692	66	2	0
698	66	3	0
711	66	4	0
712	66	5	0
719	66	3	0
727	66	3	0
731	66	4	0
741	66	3	0
749	66	3	0
756	66	4	0
758	66	3	0
760	66	2	0
786	66	4	0
790	66	3	0
796	66	5	0
798	66	3	0
823	66	4	0
840	66	3	0
846	66	4	0
847	66	3	0
864	66	3	0
870	66	4	0
878	66	3	0
882	66	4	0
883	66	3	0
886	66	3	0
897	66	3	0
899	66	4	0
901	66	5	0
904	66	4	0
916	66	3	0
921	66	5	0
934	66	4	0
940	66	4	0
1	73	3	0
7	73	3	0
13	73	3	0
23	73	3	0
42	73	4	0
43	73	4	0
56	73	4	0
59	73	4	0
60	73	4	0
65	73	4	0
82	73	4	0
87	73	3	0
92	73	3	0
95	73	4	0
102	73	3	0
125	73	5	0
128	73	3	0
144	73	3	0
151	73	4	0
167	73	2	0
178	73	5	0
193	73	3	0
194	73	3	0
198	73	3	0
207	73	3	0
210	73	5	0
222	73	4	0
234	73	2	0
268	73	3	0
271	73	2	0
276	73	3	0
279	73	4	0
280	73	3	0
286	73	5	0
293	73	2	0
295	73	4	0
297	73	2	0
299	73	2	0
301	73	4	0
303	73	3	0
308	73	3	0
311	73	4	0
313	73	5	0
314	73	4	0
328	73	4	0
330	73	5	0
332	73	4	0
334	73	3	0
339	73	3	0
344	73	3	0
347	73	2	0
363	73	2	0
371	73	5	0
378	73	3	0
393	73	4	0
394	73	3	0
398	73	3	0
399	73	3	0
405	73	5	0
406	73	2	0
407	73	4	0
411	73	4	0
416	73	3	0
417	73	3	0
429	73	3	0
435	73	3	0
436	73	4	0
450	73	3	0
452	73	3	0
453	73	4	0
454	73	3	0
472	73	4	0
474	73	3	0
476	73	4	0
484	73	4	0
487	73	3	0
497	73	3	0
505	73	4	0
506	73	4	0
508	73	3	0
514	73	4	0
521	73	3	0
536	73	4	0
541	73	4	0
542	73	3	0
545	73	4	0
551	73	2	0
559	73	4	0
562	73	4	0
588	73	3	0
593	73	2	0
618	73	3	0
621	73	5	0
632	73	3	0
642	73	4	0
645	73	3	0
647	73	5	0
650	73	3	0
659	73	4	0
664	73	2	0
679	73	4	0
682	73	5	0
684	73	4	0
690	73	2	0
700	73	3	0
712	73	5	0
715	73	4	0
716	73	4	0
727	73	4	0
747	73	4	0
749	73	4	0
763	73	3	0
788	73	3	0
790	73	4	0
798	73	4	0
807	73	3	0
846	73	4	0
864	73	5	0
868	73	1	0
889	73	3	0
892	73	3	0
896	73	3	0
897	73	3	0
899	73	4	0
901	73	5	0
916	73	3	0
933	73	4	0
943	73	3	0
1	76	4	0
16	76	5	0
62	76	4	0
94	76	4	0
178	76	3	0
188	76	4	0
194	76	2	0
201	76	4	0
221	76	4	0
232	76	3	0
234	76	2	0
269	76	3	0
276	76	4	0
280	76	2	0
293	76	3	0
301	76	4	0
305	76	1	0
311	76	4	0
328	76	3	0
339	76	3	0
343	76	4	0
346	76	4	0
347	76	5	0
387	76	3	0
391	76	3	0
405	76	3	0
435	76	3	0
450	76	3	0
452	76	4	0
454	76	1	0
458	76	4	0
474	76	4	0
487	76	4	0
524	76	4	0
537	76	3	0
551	76	4	0
586	76	5	0
608	76	4	0
627	76	3	0
653	76	3	0
655	76	3	0
659	76	4	0
682	76	3	0
758	76	3	0
788	76	3	0
806	76	3	0
833	76	2	0
846	76	4	0
886	76	4	0
892	76	4	0
896	76	3	0
897	76	4	0
916	76	3	0
943	76	4	0
1	91	5	0
7	91	3	0
13	91	2	0
18	91	3	0
23	91	4	0
43	91	3	0
44	91	2	0
49	91	5	0
56	91	4	0
59	91	4	0
62	91	4	0
64	91	4	0
70	91	3	0
77	91	3	0
92	91	3	0
94	91	5	0
95	91	5	0
96	91	5	0
102	91	3	0
109	91	4	0
142	91	5	0
144	91	2	0
151	91	2	0
165	91	4	0
184	91	3	0
189	91	3	0
194	91	3	0
200	91	4	0
216	91	4	0
222	91	2	0
230	91	3	0
232	91	5	0
233	91	3	0
234	91	5	0
239	91	4	0
250	91	5	0
262	91	3	0
268	91	3	0
276	91	5	0
283	91	5	0
286	91	4	0
290	91	2	0
293	91	2	0
295	91	5	0
298	91	2	0
299	91	4	0
301	91	3	0
303	91	5	0
305	91	2	0
307	91	4	0
308	91	4	0
311	91	3	0
312	91	3	0
330	91	4	0
334	91	4	0
339	91	5	0
345	91	4	0
346	91	1	0
347	91	1	0
363	91	4	0
378	91	3	0
387	91	4	0
394	91	4	0
399	91	4	0
405	91	2	0
407	91	4	0
417	91	2	0
429	91	3	0
435	91	4	0
437	91	3	0
447	91	4	0
450	91	4	0
456	91	2	0
457	91	4	0
468	91	5	0
472	91	5	0
483	91	3	0
493	91	3	0
495	91	2	0
497	91	2	0
508	91	4	0
527	91	2	0
533	91	2	0
537	91	2	0
541	91	5	0
551	91	1	0
561	91	4	0
588	91	5	0
601	91	5	0
606	91	5	0
618	91	4	0
620	91	2	0
621	91	3	0
625	91	4	0
632	91	3	0
640	91	4	0
642	91	4	0
645	91	3	0
650	91	4	0
660	91	4	0
666	91	3	0
677	91	5	0
711	91	4	0
716	91	5	0
727	91	4	0
738	91	4	0
747	91	5	0
751	91	4	0
756	91	3	0
757	91	4	0
758	91	4	0
766	91	5	0
771	91	4	0
773	91	4	0
774	91	1	0
776	91	4	0
790	91	3	0
795	91	5	0
796	91	2	0
804	91	4	0
805	91	5	0
807	91	5	0
815	91	3	0
822	91	3	0
823	91	3	0
826	91	4	0
840	91	5	0
843	91	3	0
846	91	4	0
862	91	5	0
864	91	5	0
865	91	3	0
868	91	3	0
880	91	3	0
885	91	3	0
887	91	5	0
889	91	4	0
896	91	2	0
901	91	1	0
903	91	5	0
916	91	4	0
922	91	4	0
927	91	4	0
1	101	2	0
5	101	5	0
7	101	5	0
49	101	3	0
59	101	5	0
64	101	2	0
70	101	3	0
92	101	2	0
94	101	2	0
95	101	1	0
102	101	4	0
109	101	1	0
198	101	5	0
222	101	4	0
244	101	5	0
246	101	2	0
268	101	2	0
275	101	4	0
276	101	4	0
279	101	3	0
286	101	5	0
291	101	4	0
299	101	2	0
307	101	3	0
311	101	4	0
339	101	3	0
363	101	1	0
387	101	4	0
394	101	4	0
405	101	1	0
406	101	3	0
407	101	3	0
417	101	3	0
429	101	4	0
430	101	2	0
435	101	3	0
437	101	3	0
450	101	5	0
456	101	3	0
472	101	5	0
479	101	4	0
483	101	2	0
495	101	5	0
497	101	4	0
508	101	5	0
537	101	2	0
545	101	4	0
620	101	2	0
622	101	5	0
653	101	3	0
660	101	3	0
677	101	5	0
715	101	3	0
727	101	2	0
749	101	4	0
751	101	4	0
757	101	4	0
774	101	2	0
805	101	2	0
807	101	4	0
822	101	2	0
823	101	3	0
826	101	5	0
843	101	3	0
846	101	4	0
865	101	1	0
868	101	4	0
882	101	3	0
886	101	4	0
890	101	2	0
896	101	3	0
916	101	3	0
932	101	3	0
1	102	2	0
5	102	3	0
23	102	3	0
42	102	5	0
43	102	4	0
44	102	2	0
49	102	2	0
59	102	2	0
92	102	2	0
94	102	3	0
95	102	4	0
102	102	3	0
222	102	2	0
234	102	2	0
254	102	3	0
275	102	3	0
280	102	5	0
290	102	3	0
295	102	4	0
297	102	1	0
313	102	3	0
330	102	4	0
363	102	4	0
373	102	5	0
381	102	2	0
387	102	3	0
399	102	3	0
405	102	1	0
417	102	3	0
436	102	4	0
450	102	4	0
452	102	2	0
471	102	5	0
504	102	3	0
505	102	1	0
537	102	1	0
541	102	4	0
543	102	4	0
577	102	4	0
642	102	5	0
712	102	4	0
716	102	2	0
786	102	4	0
805	102	4	0
807	102	4	0
815	102	3	0
823	102	4	0
826	102	4	0
843	102	2	0
846	102	2	0
864	102	4	0
890	102	3	0
892	102	3	0
911	102	3	0
1	128	4	0
13	128	1	0
22	128	5	0
60	128	3	0
62	128	2	0
70	128	4	0
87	128	3	0
95	128	3	0
130	128	4	0
158	128	2	0
198	128	3	0
201	128	2	0
221	128	3	0
267	128	5	0
268	128	3	0
276	128	4	0
279	128	5	0
280	128	3	0
291	128	4	0
297	128	4	0
301	128	5	0
303	128	4	0
346	128	2	0
363	128	5	0
385	128	5	0
393	128	3	0
394	128	3	0
399	128	3	0
429	128	3	0
435	128	3	0
466	128	2	0
487	128	5	0
497	128	4	0
522	128	4	0
551	128	4	0
621	128	4	0
633	128	3	0
638	128	3	0
643	128	3	0
653	128	3	0
654	128	5	0
655	128	3	0
682	128	4	0
715	128	3	0
727	128	4	0
738	128	4	0
746	128	3	0
757	128	3	0
758	128	4	0
771	128	2	0
804	128	5	0
805	128	5	0
806	128	3	0
823	128	2	0
833	128	3	0
838	128	4	0
851	128	4	0
864	128	4	0
868	128	5	0
880	128	3	0
886	128	4	0
887	128	5	0
889	128	5	0
896	128	4	0
921	128	1	0
1	140	1	0
7	140	5	0
38	140	5	0
43	140	4	0
59	140	1	0
82	140	3	0
95	140	3	0
128	140	4	0
148	140	1	0
174	140	4	0
200	140	4	0
222	140	1	0
230	140	3	0
234	140	2	0
250	140	3	0
254	140	4	0
262	140	2	0
280	140	4	0
291	140	4	0
318	140	4	0
399	140	4	0
405	140	3	0
416	140	4	0
429	140	1	0
450	140	3	0
454	140	3	0
471	140	5	0
472	140	3	0
487	140	3	0
495	140	5	0
505	140	4	0
506	140	3	0
537	140	2	0
541	140	5	0
577	140	4	0
592	140	3	0
593	140	4	0
601	140	1	0
620	140	4	0
642	140	3	0
650	140	2	0
661	140	3	0
707	140	2	0
712	140	4	0
731	140	2	0
749	140	3	0
764	140	3	0
798	140	4	0
805	140	3	0
807	140	3	0
823	140	3	0
846	140	4	0
864	140	3	0
878	140	2	0
880	140	4	0
881	140	2	0
882	140	3	0
887	140	5	0
897	140	3	0
901	140	4	0
919	140	5	0
1	141	3	0
7	141	5	0
13	141	2	0
25	141	4	0
42	141	3	0
59	141	4	0
60	141	3	0
64	141	4	0
85	141	3	0
90	141	5	0
95	141	4	0
200	141	4	0
230	141	4	0
234	141	3	0
254	141	3	0
263	141	5	0
267	141	4	0
268	141	3	0
271	141	4	0
276	141	4	0
290	141	4	0
303	141	3	0
308	141	3	0
311	141	4	0
313	141	4	0
326	141	3	0
346	141	4	0
378	141	3	0
379	141	4	0
393	141	2	0
394	141	3	0
405	141	2	0
417	141	3	0
429	141	3	0
435	141	2	0
450	141	3	0
472	141	4	0
474	141	4	0
484	141	4	0
496	141	3	0
497	141	3	0
504	141	3	0
536	141	4	0
537	141	3	0
561	141	2	0
562	141	4	0
601	141	4	0
642	141	4	0
650	141	4	0
694	141	5	0
712	141	3	0
716	141	4	0
738	141	3	0
749	141	4	0
756	141	3	0
758	141	4	0
767	141	4	0
788	141	3	0
804	141	3	0
805	141	2	0
807	141	3	0
815	141	4	0
823	141	4	0
843	141	4	0
846	141	4	0
847	141	3	0
848	141	4	0
862	141	4	0
881	141	3	0
896	141	3	0
897	141	4	0
932	141	4	0
1	142	2	0
7	142	3	0
18	142	4	0
42	142	4	0
59	142	1	0
70	142	3	0
94	142	3	0
95	142	4	0
222	142	2	0
230	142	4	0
234	142	2	0
254	142	3	0
269	142	1	0
275	142	2	0
276	142	3	0
280	142	4	0
286	142	4	0
295	142	4	0
301	142	3	0
313	142	3	0
318	142	4	0
334	142	3	0
373	142	3	0
381	142	3	0
389	142	3	0
393	142	4	0
405	142	1	0
416	142	4	0
417	142	3	0
450	142	5	0
496	142	2	0
504	142	3	0
541	142	5	0
545	142	3	0
588	142	5	0
621	142	3	0
622	142	3	0
642	142	4	0
653	142	2	0
705	142	2	0
710	142	3	0
712	142	4	0
716	142	3	0
749	142	4	0
751	142	4	0
798	142	3	0
805	142	4	0
807	142	3	0
843	142	2	0
846	142	3	0
847	142	3	0
868	142	1	0
885	142	2	0
887	142	1	0
890	142	3	0
901	142	4	0
911	142	4	0
1	155	2	0
10	155	4	0
13	155	2	0
16	155	3	0
23	155	3	0
38	155	5	0
43	155	4	0
44	155	3	0
62	155	1	0
90	155	5	0
92	155	2	0
94	155	2	0
145	155	2	0
152	155	5	0
174	155	4	0
178	155	4	0
184	155	3	0
193	155	4	0
194	155	3	0
222	155	4	0
223	155	5	0
244	155	3	0
246	155	1	0
267	155	3	0
270	155	5	0
280	155	5	0
286	155	4	0
291	155	3	0
293	155	2	0
295	155	4	0
301	155	1	0
303	155	3	0
313	155	2	0
314	155	5	0
328	155	4	0
334	155	2	0
343	155	1	0
354	155	2	0
361	155	3	0
363	155	2	0
373	155	4	0
378	155	4	0
389	155	2	0
399	155	2	0
416	155	5	0
429	155	2	0
435	155	3	0
437	155	3	0
450	155	4	0
457	155	4	0
495	155	3	0
496	155	1	0
497	155	3	0
504	155	3	0
523	155	4	0
532	155	4	0
539	155	4	0
545	155	3	0
551	155	4	0
561	155	2	0
566	155	2	0
586	155	3	0
588	155	5	0
593	155	5	0
639	155	3	0
642	155	3	0
643	155	2	0
650	155	2	0
655	155	4	0
659	155	3	0
707	155	3	0
709	155	2	0
711	155	4	0
715	155	4	0
727	155	3	0
749	155	2	0
756	155	4	0
757	155	2	0
758	155	1	0
790	155	3	0
796	155	5	0
798	155	3	0
804	155	3	0
805	155	1	0
806	155	3	0
823	155	3	0
868	155	2	0
877	155	2	0
878	155	3	0
889	155	3	0
892	155	2	0
901	155	5	0
904	155	4	0
914	155	5	0
916	155	2	0
922	155	2	0
927	155	4	0
932	155	3	0
1	157	4	0
7	157	5	0
10	157	5	0
12	157	5	0
13	157	3	0
18	157	3	0
44	157	4	0
62	157	3	0
64	157	4	0
85	157	3	0
87	157	3	0
92	157	4	0
94	157	5	0
109	157	4	0
114	157	2	0
124	157	2	0
152	157	5	0
156	157	4	0
160	157	5	0
178	157	5	0
188	157	3	0
189	157	4	0
194	157	4	0
201	157	4	0
213	157	4	0
215	157	4	0
222	157	4	0
224	157	4	0
234	157	2	0
243	157	5	0
244	157	4	0
267	157	5	0
269	157	3	0
276	157	5	0
280	157	3	0
288	157	4	0
293	157	5	0
295	157	5	0
297	157	2	0
301	157	2	0
308	157	5	0
312	157	1	0
313	157	3	0
318	157	5	0
322	157	5	0
328	157	5	0
339	157	4	0
343	157	4	0
346	157	3	0
347	157	5	0
360	157	4	0
378	157	3	0
379	157	4	0
399	157	3	0
401	157	3	0
406	157	3	0
407	157	2	0
416	157	4	0
417	157	4	0
425	157	2	0
429	157	4	0
435	157	4	0
436	157	5	0
447	157	4	0
450	157	3	0
453	157	4	0
457	157	5	0
468	157	4	0
479	157	5	0
495	157	5	0
499	157	3	0
514	157	4	0
543	157	3	0
551	157	4	0
561	157	4	0
566	157	5	0
573	157	4	0
592	157	5	0
593	157	3	0
601	157	3	0
603	157	1	0
606	157	4	0
608	157	1	0
622	157	4	0
627	157	4	0
650	157	3	0
653	157	5	0
655	157	3	0
659	157	4	0
664	157	3	0
665	157	3	0
682	157	4	0
693	157	4	0
694	157	4	0
711	157	3	0
715	157	4	0
716	157	3	0
721	157	3	0
727	157	3	0
746	157	4	0
749	157	3	0
757	157	3	0
763	157	4	0
777	157	3	0
778	157	3	0
788	157	5	0
790	157	2	0
804	157	4	0
806	157	3	0
823	157	5	0
833	157	2	0
835	157	4	0
840	157	4	0
843	157	2	0
847	157	1	0
851	157	4	0
864	157	4	0
886	157	4	0
890	157	4	0
892	157	5	0
896	157	4	0
899	157	4	0
903	157	4	0
916	157	4	0
932	157	4	0
933	157	4	0
934	157	2	0
1	162	4	0
5	162	1	0
7	162	5	0
10	162	4	0
18	162	4	0
23	162	3	0
38	162	5	0
60	162	4	0
62	162	4	0
64	162	3	0
85	162	2	0
90	162	5	0
106	162	5	0
109	162	2	0
151	162	5	0
152	162	5	0
161	162	2	0
174	162	5	0
188	162	4	0
189	162	3	0
194	162	3	0
222	162	2	0
224	162	4	0
230	162	4	0
234	162	3	0
239	162	5	0
243	162	4	0
244	162	4	0
254	162	3	0
263	162	5	0
269	162	3	0
275	162	3	0
280	162	3	0
290	162	3	0
293	162	3	0
295	162	4	0
301	162	3	0
308	162	4	0
313	162	3	0
316	162	3	0
318	162	5	0
328	162	4	0
354	162	3	0
373	162	3	0
374	162	2	0
378	162	4	0
398	162	5	0
401	162	5	0
407	162	4	0
409	162	4	0
417	162	3	0
429	162	4	0
435	162	1	0
437	162	4	0
450	162	5	0
452	162	3	0
454	162	3	0
457	162	5	0
488	162	3	0
495	162	3	0
504	162	4	0
535	162	3	0
538	162	3	0
551	162	5	0
561	162	3	0
568	162	2	0
573	162	4	0
588	162	5	0
593	162	5	0
608	162	3	0
610	162	5	0
622	162	3	0
627	162	3	0
629	162	5	0
639	162	3	0
643	162	3	0
650	162	3	0
655	162	3	0
659	162	3	0
664	162	4	0
666	162	4	0
693	162	3	0
707	162	5	0
711	162	5	0
716	162	4	0
719	162	4	0
721	162	2	0
734	162	3	0
747	162	5	0
749	162	3	0
760	162	3	0
763	162	4	0
788	162	3	0
798	162	3	0
804	162	2	0
805	162	2	0
806	162	3	0
835	162	5	0
843	162	2	0
848	162	2	0
850	162	3	0
868	162	3	0
890	162	4	0
892	162	4	0
932	162	4	0
934	162	3	0
1	163	4	0
5	163	5	0
7	163	4	0
13	163	3	0
22	163	1	0
44	163	4	0
60	163	4	0
85	163	3	0
87	163	4	0
98	163	3	0
102	163	2	0
125	163	5	0
148	163	4	0
151	163	4	0
158	163	4	0
210	163	3	0
234	163	3	0
254	163	2	0
263	163	5	0
268	163	2	0
269	163	2	0
279	163	5	0
293	163	4	0
301	163	3	0
305	163	3	0
307	163	3	0
308	163	4	0
313	163	2	0
315	163	3	0
334	163	4	0
339	163	4	0
343	163	5	0
347	163	4	0
363	163	3	0
373	163	4	0
379	163	4	0
380	163	2	0
395	163	5	0
398	163	3	0
406	163	3	0
407	163	3	0
417	163	4	0
429	163	4	0
435	163	3	0
450	163	4	0
452	163	4	0
481	163	4	0
495	163	5	0
497	163	2	0
504	163	4	0
508	163	3	0
521	163	3	0
523	163	5	0
530	163	3	0
536	163	5	0
539	163	4	0
543	163	4	0
559	163	4	0
561	163	3	0
566	163	5	0
593	163	4	0
601	163	4	0
608	163	1	0
623	163	3	0
643	163	4	0
650	163	3	0
653	163	4	0
660	163	2	0
666	163	3	0
682	163	3	0
690	163	3	0
694	163	4	0
707	163	2	0
716	163	4	0
727	163	4	0
747	163	4	0
758	163	5	0
767	163	4	0
798	163	3	0
804	163	3	0
815	163	4	0
833	163	3	0
836	163	5	0
840	163	4	0
848	163	5	0
864	163	4	0
890	163	3	0
911	163	4	0
916	163	3	0
932	163	4	0
933	163	2	0
934	163	4	0
1	201	3	0
7	201	2	0
9	201	5	0
13	201	1	0
19	201	3	0
21	201	5	0
22	201	4	0
28	201	3	0
44	201	2	0
56	201	4	0
59	201	4	0
77	201	4	0
87	201	2	0
92	201	3	0
94	201	4	0
99	201	3	0
102	201	2	0
118	201	5	0
125	201	3	0
160	201	5	0
180	201	2	0
198	201	3	0
201	201	4	0
216	201	3	0
246	201	5	0
264	201	5	0
268	201	3	0
272	201	3	0
276	201	5	0
279	201	5	0
287	201	5	0
297	201	4	0
301	201	4	0
303	201	5	0
305	201	3	0
308	201	5	0
327	201	5	0
363	201	2	0
366	201	5	0
367	201	5	0
368	201	5	0
372	201	2	0
385	201	4	0
387	201	5	0
405	201	1	0
407	201	4	0
409	201	1	0
417	201	4	0
422	201	4	0
425	201	3	0
429	201	3	0
435	201	4	0
447	201	2	0
452	201	1	0
476	201	4	0
479	201	4	0
493	201	5	0
495	201	2	0
527	201	3	0
537	201	3	0
560	201	3	0
561	201	3	0
592	201	5	0
601	201	5	0
604	201	3	0
606	201	4	0
617	201	1	0
632	201	4	0
640	201	4	0
658	201	3	0
660	201	3	0
671	201	3	0
682	201	4	0
727	201	4	0
761	201	2	0
774	201	2	0
795	201	4	0
802	201	4	0
814	201	2	0
833	201	4	0
862	201	3	0
864	201	5	0
868	201	2	0
880	201	4	0
886	201	3	0
896	201	3	0
897	201	5	0
919	201	4	0
943	201	5	0
1	214	4	0
5	214	3	0
7	214	5	0
18	214	4	0
23	214	3	0
44	214	5	0
58	214	2	0
64	214	3	0
70	214	3	0
92	214	4	0
94	214	5	0
109	214	1	0
117	214	5	0
122	214	2	0
148	214	5	0
178	214	1	0
187	214	4	0
189	214	1	0
198	214	4	0
213	214	5	0
222	214	4	0
230	214	4	0
244	214	5	0
254	214	1	0
267	214	4	0
269	214	3	0
276	214	5	0
279	214	3	0
286	214	1	0
288	214	2	0
291	214	4	0
292	214	3	0
305	214	2	0
307	214	5	0
308	214	2	0
312	214	3	0
331	214	3	0
334	214	3	0
339	214	3	0
343	214	4	0
350	214	3	0
373	214	4	0
381	214	2	0
387	214	5	0
399	214	4	0
405	214	4	0
407	214	4	0
409	214	4	0
412	214	3	0
417	214	5	0
429	214	3	0
435	214	4	0
437	214	4	0
450	214	1	0
453	214	3	0
455	214	3	0
456	214	4	0
457	214	5	0
468	214	5	0
472	214	4	0
495	214	5	0
504	214	4	0
508	214	3	0
514	214	5	0
516	214	3	0
527	214	4	0
530	214	2	0
536	214	2	0
542	214	3	0
543	214	3	0
561	214	3	0
606	214	4	0
618	214	2	0
622	214	4	0
625	214	4	0
627	214	3	0
640	214	5	0
645	214	4	0
650	214	3	0
653	214	3	0
655	214	3	0
659	214	3	0
665	214	4	0
686	214	5	0
698	214	1	0
704	214	2	0
709	214	1	0
711	214	4	0
719	214	2	0
738	214	4	0
749	214	3	0
751	214	4	0
761	214	1	0
766	214	2	0
774	214	3	0
790	214	3	0
795	214	4	0
805	214	2	0
815	214	5	0
843	214	3	0
848	214	5	0
862	214	3	0
864	214	2	0
868	214	3	0
881	214	4	0
886	214	3	0
890	214	4	0
892	214	2	0
897	214	5	0
899	214	4	0
903	214	4	0
916	214	3	0
922	214	2	0
933	214	3	0
4	356	3	0
7	356	4	0
11	356	4	0
38	356	2	0
64	356	3	0
65	356	5	0
72	356	4	0
83	356	4	0
90	356	4	0
92	356	3	0
94	356	4	0
95	356	4	0
109	356	4	0
130	356	4	0
145	356	4	0
151	356	2	0
180	356	3	0
183	356	3	0
186	356	5	0
188	356	4	0
194	356	2	0
198	356	3	0
216	356	3	0
222	356	4	0
224	356	4	0
246	356	2	0
256	356	3	0
270	356	3	0
271	356	4	0
276	356	3	0
291	356	4	0
293	356	3	0
298	356	3	0
308	356	3	0
311	356	4	0
318	356	4	0
328	356	3	0
332	356	3	0
345	356	3	0
347	356	5	0
374	356	3	0
375	356	4	0
378	356	4	0
380	356	2	0
393	356	3	0
399	356	3	0
401	356	4	0
405	356	5	0
416	356	5	0
429	356	3	0
450	356	4	0
453	356	2	0
454	356	1	0
457	356	4	0
472	356	3	0
474	356	5	0
479	356	3	0
487	356	4	0
496	356	2	0
503	356	4	0
504	356	4	0
506	356	3	0
533	356	4	0
551	356	4	0
561	356	1	0
577	356	4	0
586	356	4	0
588	356	4	0
618	356	2	0
632	356	4	0
639	356	2	0
642	356	4	0
643	356	4	0
653	356	1	0
655	356	3	0
659	356	3	0
664	356	3	0
671	356	3	0
682	356	3	0
694	356	4	0
727	356	3	0
749	356	4	0
758	356	2	0
764	356	4	0
788	356	4	0
796	356	4	0
798	356	3	0
823	356	3	0
864	356	4	0
880	356	4	0
881	356	3	0
885	356	3	0
896	356	3	0
899	356	2	0
907	356	4	0
916	356	3	0
943	356	4	0
5	365	1	0
7	365	4	0
11	365	3	0
62	365	2	0
65	365	3	0
94	365	3	0
109	365	4	0
200	365	5	0
222	365	4	0
224	365	3	0
244	365	2	0
262	365	4	0
269	365	2	0
276	365	3	0
291	365	3	0
308	365	3	0
311	365	4	0
314	365	3	0
345	365	2	0
346	365	1	0
378	365	2	0
393	365	3	0
395	365	5	0
401	365	4	0
405	365	1	0
417	365	4	0
429	365	2	0
472	365	4	0
483	365	2	0
551	365	5	0
577	365	5	0
588	365	5	0
601	365	3	0
642	365	4	0
682	365	3	0
684	365	4	0
711	365	3	0
712	365	3	0
749	365	3	0
760	365	5	0
774	365	2	0
790	365	4	0
798	365	3	0
804	365	4	0
846	365	2	0
880	365	2	0
885	365	3	0
887	365	5	0
5	366	3	0
60	366	4	0
94	366	3	0
95	366	4	0
110	366	3	0
130	366	5	0
193	366	4	0
194	366	2	0
195	366	3	0
201	366	2	0
222	366	4	0
224	366	3	0
276	366	3	0
291	366	3	0
293	366	2	0
303	366	3	0
311	366	5	0
314	366	4	0
346	366	2	0
363	366	2	0
373	366	4	0
393	366	4	0
399	366	3	0
405	366	3	0
416	366	4	0
429	366	3	0
435	366	2	0
450	366	3	0
456	366	2	0
457	366	4	0
472	366	4	0
487	366	3	0
551	366	5	0
588	366	5	0
593	366	4	0
642	366	4	0
653	366	2	0
660	366	1	0
682	366	4	0
712	366	5	0
727	366	3	0
749	366	4	0
766	366	3	0
804	366	4	0
880	366	2	0
907	366	5	0
916	366	3	0
5	371	1	0
9	371	5	0
10	371	4	0
13	371	3	0
42	371	4	0
43	371	4	0
59	371	4	0
83	371	3	0
95	371	2	0
128	371	1	0
151	371	4	0
152	371	4	0
174	371	5	0
184	371	5	0
194	371	3	0
208	371	5	0
230	371	4	0
233	371	5	0
234	371	3	0
269	371	5	0
271	371	5	0
293	371	2	0
295	371	4	0
308	371	3	0
311	371	5	0
328	371	4	0
334	371	2	0
337	371	4	0
343	371	2	0
347	371	1	0
389	371	4	0
401	371	3	0
405	371	1	0
407	371	2	0
429	371	2	0
450	371	3	0
452	371	3	0
454	371	3	0
457	371	4	0
500	371	4	0
504	371	3	0
533	371	3	0
537	371	3	0
543	371	5	0
561	371	1	0
593	371	3	0
605	371	5	0
618	371	3	0
639	371	1	0
650	371	2	0
653	371	1	0
655	371	3	0
684	371	2	0
707	371	3	0
727	371	2	0
764	371	3	0
788	371	3	0
796	371	5	0
805	371	1	0
835	371	5	0
877	371	5	0
878	371	3	0
886	371	1	0
896	371	2	0
897	371	2	0
914	371	4	0
922	371	3	0
5	378	1	0
7	378	5	0
18	378	3	0
20	378	3	0
44	378	3	0
60	378	4	0
65	378	5	0
85	378	4	0
95	378	4	0
122	378	4	0
128	378	5	0
151	378	4	0
184	378	4	0
189	378	4	0
200	378	5	0
222	378	1	0
224	378	4	0
230	378	5	0
233	378	4	0
234	378	4	0
250	378	4	0
254	378	3	0
263	378	5	0
269	378	3	0
271	378	4	0
290	378	3	0
295	378	4	0
299	378	3	0
308	378	3	0
311	378	5	0
314	378	5	0
318	378	4	0
326	378	4	0
340	378	5	0
342	378	4	0
345	378	4	0
373	378	5	0
381	378	4	0
385	378	1	0
389	378	5	0
391	378	3	0
393	378	4	0
395	378	5	0
399	378	3	0
405	378	4	0
416	378	5	0
429	378	3	0
437	378	4	0
450	378	5	0
454	378	3	0
457	378	4	0
472	378	4	0
474	378	4	0
487	378	5	0
495	378	5	0
496	378	1	0
505	378	5	0
508	378	5	0
533	378	4	0
536	378	5	0
537	378	2	0
541	378	5	0
545	378	3	0
553	378	3	0
554	378	4	0
566	378	4	0
588	378	3	0
601	378	2	0
610	378	5	0
618	378	4	0
642	378	3	0
650	378	3	0
653	378	3	0
655	378	1	0
665	378	3	0
682	378	3	0
693	378	2	0
694	378	3	0
707	378	3	0
711	378	4	0
712	378	4	0
719	378	4	0
727	378	3	0
731	378	1	0
749	378	5	0
766	378	4	0
790	378	3	0
796	378	4	0
798	378	4	0
804	378	4	0
833	378	3	0
835	378	4	0
843	378	2	0
846	378	4	0
868	378	2	0
870	378	3	0
882	378	5	0
887	378	5	0
892	378	4	0
897	378	5	0
901	378	5	0
5	392	2	0
12	392	4	0
18	392	3	0
38	392	5	0
56	392	4	0
59	392	2	0
64	392	3	0
65	392	5	0
94	392	3	0
95	392	3	0
109	392	3	0
119	392	4	0
128	392	3	0
130	392	4	0
167	392	1	0
188	392	5	0
200	392	5	0
210	392	3	0
222	392	4	0
224	392	4	0
271	392	3	0
276	392	3	0
280	392	5	0
308	392	4	0
311	392	5	0
337	392	5	0
346	392	3	0
347	392	2	0
373	392	4	0
378	392	3	0
393	392	4	0
405	392	5	0
416	392	5	0
417	392	3	0
429	392	3	0
435	392	3	0
436	392	4	0
450	392	4	0
454	392	2	0
472	392	4	0
478	392	2	0
484	392	4	0
487	392	4	0
495	392	5	0
504	392	5	0
514	392	4	0
521	392	3	0
537	392	2	0
566	392	4	0
593	392	3	0
618	392	3	0
629	392	4	0
642	392	4	0
660	392	2	0
712	392	5	0
716	392	2	0
719	392	4	0
727	392	4	0
747	392	3	0
763	392	4	0
815	392	4	0
843	392	2	0
846	392	2	0
880	392	3	0
881	392	5	0
896	392	3	0
921	392	4	0
933	392	3	0
5	404	2	0
7	404	5	0
10	404	4	0
13	404	5	0
16	404	5	0
18	404	4	0
23	404	4	0
25	404	3	0
38	404	5	0
42	404	5	0
49	404	3	0
59	404	3	0
60	404	3	0
70	404	4	0
85	404	3	0
94	404	4	0
95	404	5	0
128	404	3	0
130	404	5	0
167	404	3	0
194	404	3	0
210	404	5	0
234	404	4	0
246	404	3	0
250	404	4	0
268	404	4	0
276	404	4	0
280	404	3	0
286	404	5	0
290	404	3	0
291	404	4	0
293	404	4	0
295	404	4	0
301	404	3	0
303	404	4	0
308	404	3	0
311	404	3	0
313	404	4	0
318	404	3	0
339	404	4	0
347	404	4	0
373	404	4	0
378	404	4	0
389	404	5	0
393	404	3	0
399	404	3	0
401	404	2	0
405	404	4	0
406	404	5	0
409	404	2	0
416	404	3	0
417	404	3	0
426	404	3	0
429	404	4	0
435	404	2	0
437	404	5	0
452	404	4	0
454	404	3	0
465	404	2	0
471	404	2	0
472	404	3	0
487	404	4	0
493	404	4	0
495	404	4	0
504	404	4	0
506	404	5	0
532	404	5	0
536	404	4	0
537	404	3	0
541	404	4	0
545	404	4	0
588	404	3	0
606	404	4	0
618	404	5	0
620	404	4	0
621	404	3	0
622	404	3	0
632	404	5	0
642	404	3	0
643	404	4	0
650	404	3	0
660	404	2	0
698	404	1	0
711	404	3	0
712	404	3	0
716	404	4	0
747	404	5	0
749	404	5	0
756	404	3	0
786	404	4	0
807	404	3	0
815	404	4	0
823	404	4	0
846	404	4	0
847	404	3	0
864	404	4	0
887	404	4	0
890	404	4	0
897	404	4	0
911	404	3	0
927	404	4	0
5	416	1	0
7	416	5	0
12	416	3	0
13	416	3	0
18	416	5	0
59	416	3	0
60	416	4	0
85	416	3	0
95	416	4	0
128	416	3	0
216	416	3	0
234	416	4	0
246	416	3	0
254	416	4	0
263	416	5	0
275	416	3	0
280	416	5	0
291	416	4	0
293	416	4	0
295	416	4	0
303	416	3	0
311	416	4	0
345	416	4	0
347	416	3	0
380	416	2	0
389	416	4	0
394	416	5	0
405	416	2	0
407	416	3	0
416	416	4	0
450	416	5	0
453	416	2	0
472	416	3	0
474	416	4	0
495	416	5	0
496	416	1	0
497	416	2	0
503	416	2	0
504	416	4	0
524	416	4	0
536	416	4	0
562	416	5	0
601	416	3	0
618	416	4	0
620	416	4	0
629	416	4	0
642	416	5	0
650	416	3	0
653	416	1	0
679	416	3	0
705	416	3	0
711	416	3	0
712	416	3	0
716	416	3	0
747	416	5	0
786	416	4	0
807	416	3	0
843	416	2	0
862	416	3	0
878	416	5	0
882	416	4	0
887	416	2	0
897	416	5	0
932	416	3	0
5	417	3	0
7	417	3	0
13	417	2	0
60	417	4	0
70	417	3	0
85	417	3	0
94	417	3	0
95	417	3	0
128	417	4	0
151	417	3	0
174	417	4	0
194	417	2	0
234	417	3	0
254	417	3	0
262	417	2	0
269	417	2	0
276	417	4	0
286	417	3	0
291	417	4	0
295	417	5	0
308	417	3	0
311	417	3	0
313	417	2	0
314	417	4	0
340	417	5	0
363	417	1	0
373	417	3	0
378	417	3	0
379	417	5	0
385	417	2	0
393	417	3	0
398	417	3	0
405	417	2	0
416	417	3	0
437	417	5	0
450	417	4	0
457	417	4	0
472	417	4	0
495	417	3	0
496	417	1	0
497	417	2	0
504	417	3	0
506	417	4	0
537	417	2	0
541	417	4	0
561	417	2	0
588	417	5	0
593	417	5	0
621	417	3	0
642	417	3	0
650	417	3	0
655	417	2	0
665	417	3	0
670	417	4	0
711	417	4	0
712	417	4	0
716	417	3	0
751	417	2	0
790	417	2	0
796	417	4	0
798	417	3	0
805	417	2	0
807	417	3	0
815	417	5	0
846	417	4	0
847	417	2	0
868	417	1	0
881	417	2	0
885	417	3	0
892	417	3	0
916	417	2	0
918	417	2	0
927	417	4	0
5	418	3	0
7	418	4	0
10	418	4	0
13	418	2	0
16	418	5	0
18	418	3	0
23	418	4	0
38	418	5	0
42	418	5	0
43	418	4	0
49	418	3	0
59	418	2	0
60	418	3	0
70	418	3	0
82	418	4	0
85	418	3	0
91	418	2	0
92	418	3	0
94	418	3	0
102	418	3	0
128	418	4	0
130	418	5	0
148	418	3	0
151	418	3	0
189	418	3	0
222	418	2	0
225	418	5	0
230	418	5	0
233	418	4	0
234	418	3	0
246	418	3	0
250	418	5	0
251	418	4	0
254	418	3	0
262	418	3	0
275	418	3	0
276	418	4	0
279	418	3	0
290	418	3	0
291	418	4	0
298	418	4	0
299	418	4	0
301	418	3	0
303	418	4	0
311	418	4	0
313	418	3	0
314	418	5	0
327	418	3	0
330	418	5	0
340	418	5	0
347	418	4	0
373	418	5	0
378	418	3	0
381	418	3	0
387	418	3	0
389	418	4	0
393	418	3	0
394	418	4	0
399	418	3	0
405	418	5	0
406	418	5	0
407	418	4	0
416	418	4	0
417	418	4	0
426	418	3	0
429	418	3	0
437	418	3	0
450	418	4	0
452	418	4	0
454	418	3	0
471	418	3	0
472	418	3	0
474	418	3	0
488	418	3	0
495	418	4	0
496	418	3	0
497	418	3	0
504	418	3	0
506	418	4	0
524	418	1	0
541	418	5	0
542	418	4	0
562	418	5	0
592	418	4	0
601	418	2	0
606	418	5	0
608	418	1	0
618	418	3	0
620	418	3	0
621	418	3	0
622	418	3	0
642	418	5	0
643	418	4	0
654	418	4	0
661	418	4	0
665	418	4	0
710	418	3	0
712	418	3	0
716	418	4	0
738	418	3	0
747	418	5	0
749	418	5	0
751	418	5	0
756	418	3	0
763	418	4	0
764	418	4	0
774	418	2	0
786	418	4	0
796	418	4	0
798	418	4	0
805	418	2	0
807	418	4	0
815	418	4	0
823	418	4	0
830	418	3	0
844	418	3	0
864	418	3	0
865	418	1	0
875	418	4	0
878	418	3	0
880	418	4	0
885	418	4	0
887	418	4	0
892	418	4	0
897	418	4	0
912	418	4	0
913	418	3	0
919	418	4	0
922	418	4	0
5	420	3	0
7	420	5	0
10	420	4	0
13	420	4	0
38	420	5	0
49	420	4	0
60	420	4	0
64	420	3	0
85	420	4	0
94	420	4	0
95	420	4	0
130	420	5	0
151	420	5	0
200	420	5	0
210	420	4	0
230	420	5	0
236	420	4	0
246	420	3	0
262	420	3	0
275	420	2	0
276	420	4	0
280	420	3	0
291	420	4	0
293	420	4	0
295	420	4	0
301	420	3	0
303	420	4	0
308	420	4	0
311	420	1	0
313	420	5	0
373	420	4	0
378	420	4	0
389	420	3	0
393	420	3	0
399	420	3	0
405	420	5	0
406	420	4	0
416	420	3	0
417	420	4	0
435	420	4	0
437	420	3	0
452	420	3	0
471	420	1	0
472	420	3	0
496	420	3	0
497	420	3	0
504	420	3	0
532	420	4	0
541	420	4	0
542	420	3	0
618	420	3	0
620	420	3	0
621	420	4	0
642	420	4	0
643	420	4	0
650	420	3	0
682	420	3	0
707	420	3	0
710	420	4	0
711	420	5	0
712	420	3	0
716	420	4	0
749	420	4	0
756	420	4	0
758	420	3	0
794	420	4	0
798	420	3	0
805	420	4	0
807	420	3	0
826	420	3	0
843	420	3	0
881	420	3	0
882	420	5	0
885	420	4	0
887	420	5	0
892	420	2	0
896	420	4	0
911	420	4	0
927	420	5	0
934	420	4	0
940	420	4	0
5	421	1	0
7	421	3	0
13	421	2	0
23	421	5	0
24	421	5	0
43	421	3	0
56	421	4	0
59	421	5	0
62	421	5	0
76	421	3	0
90	421	4	0
92	421	4	0
94	421	4	0
99	421	3	0
110	421	4	0
116	421	3	0
117	421	5	0
118	421	4	0
177	421	3	0
180	421	5	0
195	421	4	0
201	421	2	0
215	421	4	0
216	421	5	0
234	421	1	0
239	421	5	0
249	421	5	0
262	421	4	0
268	421	3	0
270	421	5	0
276	421	4	0
279	421	3	0
286	421	1	0
291	421	4	0
293	421	3	0
295	421	4	0
303	421	4	0
320	421	4	0
327	421	2	0
334	421	4	0
342	421	3	0
344	421	2	0
347	421	2	0
354	421	2	0
361	421	3	0
373	421	4	0
385	421	2	0
391	421	2	0
393	421	2	0
405	421	1	0
406	421	4	0
416	421	5	0
417	421	4	0
437	421	4	0
450	421	4	0
453	421	4	0
456	421	3	0
472	421	5	0
474	421	3	0
479	421	4	0
495	421	1	0
496	421	3	0
500	421	4	0
514	421	4	0
521	421	4	0
532	421	5	0
535	421	4	0
537	421	2	0
551	421	4	0
588	421	5	0
592	421	5	0
601	421	1	0
606	421	4	0
608	421	5	0
618	421	3	0
665	421	4	0
698	421	2	0
711	421	4	0
712	421	4	0
727	421	5	0
748	421	4	0
756	421	4	0
758	421	4	0
762	421	4	0
774	421	1	0
806	421	4	0
807	421	3	0
835	421	4	0
844	421	4	0
846	421	4	0
848	421	5	0
849	421	5	0
854	421	3	0
859	421	5	0
870	421	2	0
875	421	4	0
880	421	2	0
883	421	5	0
887	421	5	0
903	421	3	0
904	421	5	0
916	421	5	0
922	421	4	0
924	421	4	0
927	421	4	0
943	421	2	0
5	436	5	0
7	436	5	0
13	436	2	0
21	436	4	0
28	436	5	0
59	436	5	0
62	436	3	0
64	436	5	0
92	436	4	0
94	436	5	0
95	436	5	0
102	436	2	0
118	436	5	0
130	436	3	0
145	436	5	0
151	436	3	0
201	436	3	0
222	436	4	0
234	436	3	0
254	436	2	0
255	436	4	0
264	436	3	0
268	436	3	0
269	436	3	0
276	436	4	0
279	436	4	0
290	436	2	0
293	436	3	0
303	436	4	0
308	436	4	0
311	436	3	0
313	436	4	0
326	436	3	0
334	436	3	0
339	436	4	0
366	436	5	0
367	436	4	0
368	436	3	0
372	436	5	0
378	436	4	0
379	436	3	0
387	436	4	0
399	436	2	0
405	436	1	0
406	436	4	0
407	436	3	0
412	436	4	0
417	436	3	0
422	436	3	0
429	436	4	0
430	436	4	0
435	436	4	0
437	436	4	0
442	436	3	0
457	436	4	0
474	436	3	0
479	436	4	0
508	436	4	0
524	436	4	0
536	436	3	0
546	436	5	0
561	436	4	0
577	436	4	0
586	436	2	0
601	436	4	0
617	436	3	0
643	436	4	0
648	436	5	0
653	436	1	0
661	436	4	0
666	436	3	0
751	436	4	0
758	436	3	0
766	436	4	0
774	436	2	0
776	436	4	0
788	436	3	0
790	436	4	0
795	436	3	0
802	436	4	0
804	436	5	0
805	436	3	0
814	436	3	0
815	436	3	0
833	436	2	0
843	436	2	0
846	436	4	0
862	436	4	0
868	436	3	0
889	436	3	0
890	436	3	0
892	436	3	0
896	436	3	0
897	436	4	0
901	436	4	0
913	436	3	0
932	436	3	0
934	436	3	0
940	436	4	0
5	447	3	0
7	447	5	0
10	447	4	0
13	447	2	0
16	447	5	0
21	447	5	0
28	447	3	0
38	447	5	0
44	447	4	0
56	447	4	0
59	447	5	0
64	447	4	0
85	447	3	0
90	447	5	0
94	447	4	0
95	447	2	0
102	447	4	0
145	447	5	0
160	447	4	0
184	447	3	0
185	447	4	0
198	447	4	0
200	447	4	0
201	447	5	0
210	447	5	0
213	447	4	0
230	447	1	0
234	447	3	0
246	447	3	0
255	447	3	0
262	447	3	0
264	447	5	0
269	447	3	0
270	447	4	0
276	447	4	0
293	447	4	0
297	447	4	0
301	447	4	0
308	447	4	0
326	447	4	0
327	447	4	0
328	447	2	0
330	447	4	0
339	447	4	0
366	447	5	0
368	447	1	0
372	447	5	0
378	447	4	0
379	447	4	0
385	447	3	0
387	447	4	0
398	447	2	0
405	447	4	0
406	447	4	0
407	447	3	0
416	447	4	0
417	447	3	0
422	447	4	0
425	447	3	0
435	447	3	0
436	447	1	0
437	447	4	0
442	447	3	0
447	447	3	0
455	447	4	0
456	447	3	0
478	447	4	0
495	447	4	0
498	447	3	0
504	447	4	0
506	447	4	0
524	447	5	0
532	447	4	0
535	447	5	0
537	447	3	0
545	447	3	0
546	447	3	0
551	447	5	0
561	447	3	0
577	447	3	0
588	447	3	0
604	447	4	0
617	447	4	0
642	447	4	0
643	447	4	0
645	447	3	0
648	447	5	0
650	447	3	0
653	447	2	0
655	447	4	0
659	447	3	0
682	447	2	0
709	447	2	0
711	447	4	0
715	447	3	0
727	447	3	0
758	447	4	0
766	447	3	0
774	447	1	0
779	447	4	0
788	447	3	0
796	447	3	0
802	447	2	0
804	447	3	0
805	447	4	0
814	447	3	0
833	447	5	0
843	447	2	0
847	447	3	0
868	447	2	0
870	447	4	0
881	447	4	0
890	447	3	0
892	447	3	0
901	447	3	0
908	447	3	0
919	447	4	0
922	447	1	0
925	447	4	0
932	447	3	0
933	447	2	0
5	448	2	0
7	448	3	0
13	448	1	0
16	448	5	0
21	448	4	0
28	448	4	0
44	448	2	0
59	448	4	0
62	448	2	0
94	448	5	0
95	448	3	0
102	448	3	0
145	448	5	0
151	448	2	0
201	448	3	0
213	448	4	0
222	448	3	0
234	448	3	0
253	448	2	0
254	448	3	0
255	448	3	0
264	448	2	0
269	448	2	0
275	448	3	0
276	448	4	0
280	448	3	0
291	448	5	0
297	448	3	0
308	448	3	0
311	448	5	0
313	448	3	0
326	448	3	0
328	448	3	0
363	448	5	0
366	448	5	0
367	448	4	0
368	448	3	0
372	448	4	0
379	448	4	0
385	448	3	0
387	448	3	0
405	448	4	0
407	448	4	0
416	448	3	0
421	448	3	0
422	448	4	0
425	448	2	0
429	448	3	0
435	448	3	0
450	448	4	0
456	448	3	0
457	448	4	0
474	448	5	0
495	448	5	0
498	448	4	0
500	448	3	0
504	448	5	0
532	448	4	0
537	448	3	0
551	448	4	0
604	448	5	0
608	448	5	0
617	448	3	0
643	448	3	0
648	448	3	0
653	448	4	0
655	448	4	0
659	448	4	0
694	448	3	0
749	448	2	0
758	448	4	0
766	448	3	0
774	448	2	0
788	448	2	0
796	448	4	0
802	448	3	0
804	448	3	0
814	448	3	0
833	448	3	0
843	448	4	0
846	448	5	0
847	448	4	0
868	448	2	0
890	448	2	0
932	448	2	0
6	465	1	0
7	465	4	0
38	465	5	0
49	465	3	0
59	465	2	0
83	465	4	0
85	465	4	0
94	465	5	0
95	465	3	0
128	465	4	0
130	465	5	0
167	465	5	0
178	465	3	0
193	465	3	0
194	465	3	0
200	465	4	0
210	465	4	0
222	465	2	0
234	465	2	0
253	465	5	0
254	465	3	0
263	465	4	0
279	465	5	0
280	465	3	0
286	465	5	0
290	465	3	0
295	465	4	0
297	465	3	0
298	465	4	0
301	465	4	0
311	465	4	0
313	465	3	0
330	465	5	0
347	465	3	0
373	465	4	0
374	465	5	0
378	465	3	0
380	465	4	0
393	465	4	0
399	465	3	0
405	465	1	0
417	465	4	0
435	465	2	0
450	465	4	0
452	465	5	0
454	465	3	0
455	465	3	0
471	465	5	0
472	465	3	0
495	465	5	0
497	465	3	0
504	465	3	0
506	465	4	0
541	465	4	0
566	465	2	0
577	465	4	0
620	465	4	0
630	465	1	0
642	465	4	0
682	465	3	0
698	465	3	0
712	465	4	0
716	465	5	0
727	465	2	0
734	465	4	0
739	465	1	0
749	465	4	0
766	465	3	0
786	465	4	0
795	465	3	0
798	465	4	0
807	465	4	0
815	465	5	0
835	465	3	0
840	465	4	0
843	465	2	0
864	465	3	0
881	465	3	0
882	465	3	0
887	465	5	0
892	465	4	0
897	465	5	0
901	465	4	0
911	465	5	0
913	465	2	0
6	468	3	0
42	468	4	0
59	468	3	0
83	468	4	0
110	468	3	0
128	468	1	0
188	468	4	0
201	468	4	0
207	468	4	0
221	468	3	0
222	468	2	0
224	468	4	0
243	468	3	0
244	468	1	0
251	468	2	0
280	468	4	0
293	468	2	0
311	468	4	0
314	468	4	0
326	468	3	0
330	468	5	0
347	468	2	0
374	468	4	0
378	468	5	0
399	468	3	0
405	468	3	0
406	468	1	0
416	468	5	0
429	468	3	0
436	468	4	0
450	468	4	0
454	468	3	0
474	468	4	0
484	468	5	0
488	468	5	0
505	468	4	0
532	468	5	0
537	468	2	0
541	468	4	0
551	468	5	0
561	468	1	0
577	468	3	0
586	468	3	0
588	468	3	0
593	468	3	0
606	468	4	0
618	468	3	0
627	468	2	0
632	468	3	0
642	468	3	0
643	468	4	0
654	468	4	0
655	468	3	0
682	468	5	0
694	468	4	0
716	468	3	0
719	468	3	0
749	468	3	0
774	468	2	0
804	468	4	0
846	468	4	0
880	468	3	0
896	468	2	0
943	468	2	0
6	470	3	0
7	470	3	0
10	470	4	0
44	470	3	0
59	470	3	0
94	470	4	0
115	470	2	0
122	470	3	0
130	470	2	0
135	470	4	0
144	470	2	0
145	470	5	0
151	470	3	0
177	470	5	0
186	470	5	0
188	470	5	0
194	470	3	0
198	470	3	0
200	470	4	0
207	470	3	0
221	470	3	0
222	470	3	0
223	470	4	0
224	470	4	0
234	470	2	0
246	470	4	0
267	470	4	0
268	470	3	0
271	470	3	0
275	470	3	0
276	470	3	0
279	470	3	0
291	470	3	0
295	470	3	0
301	470	4	0
303	470	4	0
311	470	3	0
314	470	3	0
320	470	5	0
328	470	4	0
330	470	5	0
332	470	5	0
345	470	4	0
346	470	3	0
347	470	5	0
378	470	3	0
387	470	3	0
393	470	4	0
399	470	4	0
405	470	1	0
416	470	4	0
429	470	5	0
435	470	2	0
436	470	4	0
442	470	4	0
447	470	4	0
450	470	5	0
457	470	5	0
474	470	3	0
479	470	5	0
487	470	5	0
495	470	5	0
506	470	4	0
514	470	3	0
530	470	3	0
532	470	5	0
536	470	5	0
537	470	2	0
551	470	5	0
561	470	3	0
577	470	5	0
586	470	4	0
593	470	2	0
618	470	3	0
627	470	3	0
632	470	4	0
642	470	4	0
643	470	4	0
660	470	2	0
682	470	5	0
694	470	4	0
709	470	3	0
715	470	4	0
716	470	4	0
727	470	5	0
738	470	4	0
749	470	5	0
757	470	3	0
788	470	3	0
790	470	4	0
805	470	5	0
807	470	5	0
846	470	5	0
864	470	4	0
868	470	1	0
870	470	3	0
880	470	4	0
882	470	4	0
887	470	3	0
889	470	4	0
892	470	4	0
896	470	2	0
897	470	4	0
899	470	4	0
916	470	3	0
932	470	3	0
933	470	4	0
943	470	4	0
6	501	5	0
7	501	5	0
13	501	5	0
25	501	3	0
38	501	5	0
42	501	5	0
43	501	4	0
49	501	3	0
56	501	3	0
58	501	2	0
59	501	1	0
60	501	3	0
70	501	4	0
85	501	3	0
90	501	5	0
91	501	2	0
92	501	2	0
94	501	4	0
102	501	2	0
128	501	3	0
130	501	5	0
148	501	4	0
189	501	4	0
194	501	3	0
198	501	4	0
200	501	4	0
210	501	4	0
222	501	2	0
230	501	3	0
233	501	3	0
234	501	4	0
250	501	5	0
254	501	3	0
275	501	3	0
276	501	4	0
279	501	3	0
291	501	4	0
293	501	4	0
299	501	3	0
301	501	3	0
303	501	4	0
308	501	4	0
311	501	5	0
313	501	5	0
314	501	4	0
318	501	4	0
320	501	3	0
326	501	3	0
330	501	5	0
347	501	4	0
378	501	4	0
381	501	4	0
387	501	4	0
389	501	5	0
393	501	3	0
398	501	3	0
399	501	2	0
401	501	2	0
405	501	3	0
406	501	5	0
416	501	5	0
417	501	3	0
435	501	3	0
437	501	4	0
450	501	4	0
452	501	3	0
471	501	3	0
472	501	3	0
487	501	4	0
495	501	3	0
497	501	2	0
505	501	2	0
524	501	2	0
532	501	5	0
536	501	3	0
537	501	3	0
541	501	4	0
542	501	4	0
561	501	3	0
562	501	5	0
592	501	4	0
593	501	2	0
606	501	4	0
618	501	4	0
620	501	4	0
621	501	3	0
622	501	3	0
642	501	2	0
643	501	4	0
650	501	3	0
661	501	4	0
710	501	3	0
712	501	3	0
716	501	5	0
737	501	1	0
747	501	5	0
749	501	4	0
756	501	3	0
774	501	1	0
786	501	4	0
805	501	5	0
807	501	3	0
815	501	3	0
826	501	3	0
830	501	3	0
840	501	4	0
843	501	2	0
847	501	3	0
848	501	3	0
864	501	3	0
865	501	1	0
868	501	3	0
875	501	4	0
882	501	5	0
885	501	3	0
887	501	4	0
890	501	4	0
892	501	3	0
897	501	5	0
911	501	3	0
912	501	4	0
927	501	4	0
934	501	4	0
7	549	4	0
11	549	4	0
13	549	4	0
18	549	4	0
23	549	3	0
59	549	4	0
94	549	5	0
145	549	5	0
148	549	3	0
151	549	4	0
152	549	4	0
178	549	4	0
194	549	3	0
198	549	3	0
200	549	4	0
201	549	3	0
222	549	4	0
224	549	3	0
230	549	5	0
234	549	3	0
236	549	4	0
271	549	4	0
276	549	3	0
293	549	3	0
298	549	4	0
303	549	3	0
311	549	2	0
316	549	5	0
328	549	4	0
330	549	5	0
334	549	4	0
339	549	4	0
346	549	4	0
363	549	4	0
378	549	3	0
380	549	3	0
387	549	5	0
394	549	4	0
399	549	4	0
405	549	1	0
416	549	4	0
417	549	3	0
429	549	4	0
435	549	3	0
450	549	3	0
455	549	4	0
457	549	4	0
472	549	5	0
474	549	5	0
487	549	4	0
497	549	4	0
523	549	4	0
524	549	4	0
532	549	5	0
533	549	4	0
536	549	3	0
537	549	2	0
545	549	4	0
561	549	2	0
577	549	5	0
606	549	4	0
608	549	4	0
618	549	2	0
627	549	3	0
632	549	3	0
639	549	2	0
682	549	3	0
711	549	4	0
715	549	3	0
716	549	4	0
727	549	3	0
749	549	3	0
757	549	5	0
776	549	5	0
788	549	4	0
796	549	3	0
805	549	3	0
844	549	3	0
846	549	4	0
864	549	3	0
870	549	2	0
871	549	3	0
877	549	4	0
878	549	4	0
880	549	4	0
883	549	4	0
885	549	3	0
886	549	3	0
896	549	2	0
916	549	3	0
940	549	2	0
943	549	1	0
7	553	3	0
13	553	2	0
43	553	4	0
44	553	3	0
72	553	5	0
90	553	2	0
94	553	3	0
122	553	3	0
128	553	3	0
145	553	3	0
174	553	5	0
184	553	3	0
188	553	4	0
193	553	4	0
224	553	4	0
244	553	5	0
262	553	4	0
270	553	1	0
293	553	3	0
299	553	3	0
311	553	3	0
328	553	3	0
334	553	1	0
373	553	4	0
389	553	2	0
393	553	3	0
401	553	5	0
405	553	1	0
416	553	4	0
436	553	3	0
450	553	2	0
455	553	3	0
457	553	5	0
474	553	2	0
477	553	5	0
497	553	2	0
500	553	2	0
505	553	4	0
537	553	2	0
541	553	4	0
588	553	4	0
593	553	2	0
622	553	3	0
627	553	3	0
639	553	3	0
642	553	5	0
655	553	2	0
671	553	5	0
682	553	3	0
684	553	4	0
712	553	5	0
727	553	2	0
774	553	2	0
788	553	3	0
796	553	4	0
806	553	3	0
844	553	4	0
851	553	4	0
877	553	4	0
878	553	3	0
883	553	4	0
904	553	3	0
907	553	5	0
7	562	5	0
59	562	4	0
94	562	3	0
119	562	4	0
158	562	4	0
183	562	3	0
193	562	3	0
194	562	2	0
207	562	2	0
217	562	3	0
268	562	4	0
276	562	3	0
279	562	3	0
291	562	4	0
301	562	3	0
303	562	4	0
311	562	3	0
314	562	4	0
332	562	5	0
344	562	2	0
405	562	1	0
417	562	4	0
425	562	1	0
429	562	2	0
435	562	5	0
472	562	5	0
484	562	3	0
497	562	2	0
532	562	5	0
543	562	2	0
600	562	3	0
606	562	4	0
619	562	3	0
627	562	2	0
671	562	5	0
682	562	2	0
727	562	2	0
757	562	3	0
788	562	3	0
846	562	5	0
864	562	4	0
868	562	2	0
887	562	5	0
889	562	3	0
896	562	2	0
922	562	3	0
924	562	3	0
932	562	2	0
7	581	5	0
43	581	3	0
49	581	3	0
59	581	5	0
72	581	4	0
92	581	4	0
94	581	4	0
135	581	4	0
198	581	3	0
201	581	3	0
224	581	1	0
244	581	4	0
262	581	3	0
270	581	5	0
276	581	4	0
291	581	5	0
308	581	4	0
311	581	3	0
342	581	3	0
343	581	4	0
372	581	5	0
374	581	4	0
387	581	4	0
405	581	3	0
429	581	2	0
436	581	4	0
437	581	1	0
455	581	3	0
456	581	3	0
472	581	4	0
495	581	5	0
504	581	4	0
506	581	2	0
537	581	3	0
548	581	4	0
551	581	5	0
586	581	2	0
622	581	4	0
627	581	3	0
633	581	3	0
642	581	2	0
650	581	2	0
653	581	1	0
655	581	2	0
671	581	2	0
682	581	2	0
690	581	2	0
693	581	3	0
721	581	2	0
795	581	4	0
805	581	2	0
833	581	1	0
843	581	3	0
846	581	4	0
868	581	2	0
886	581	4	0
916	581	4	0
934	581	2	0
943	581	4	0
7	584	4	0
58	584	5	0
59	584	4	0
70	584	3	0
83	584	4	0
94	584	4	0
106	584	4	0
109	584	2	0
151	584	3	0
184	584	3	0
200	584	4	0
233	584	4	0
234	584	3	0
244	584	5	0
254	584	3	0
270	584	5	0
280	584	4	0
308	584	4	0
311	584	3	0
312	584	5	0
330	584	3	0
340	584	3	0
342	584	4	0
354	584	5	0
358	584	4	0
389	584	4	0
401	584	3	0
405	584	1	0
429	584	4	0
435	584	3	0
437	584	3	0
450	584	5	0
455	584	4	0
457	584	4	0
465	584	3	0
468	584	4	0
472	584	1	0
474	584	5	0
479	584	3	0
497	584	4	0
500	584	1	0
505	584	4	0
524	584	1	0
536	584	5	0
537	584	2	0
541	584	3	0
561	584	3	0
585	584	3	0
588	584	3	0
593	584	3	0
601	584	4	0
621	584	5	0
625	584	3	0
639	584	2	0
642	584	4	0
655	584	3	0
694	584	4	0
712	584	4	0
747	584	5	0
749	584	3	0
766	584	3	0
790	584	4	0
798	584	3	0
804	584	4	0
807	584	4	0
815	584	3	0
838	584	4	0
848	584	3	0
850	584	4	0
861	584	5	0
877	584	4	0
878	584	4	0
880	584	3	0
883	584	3	0
885	584	3	0
886	584	4	0
911	584	3	0
934	584	4	0
942	584	4	0
7	609	3	0
18	609	4	0
28	609	3	0
48	609	4	0
59	609	2	0
60	609	3	0
83	609	4	0
90	609	5	0
128	609	4	0
151	609	4	0
200	609	3	0
207	609	4	0
213	609	4	0
230	609	3	0
234	609	3	0
244	609	3	0
262	609	3	0
280	609	4	0
308	609	4	0
312	609	3	0
313	609	3	0
314	609	4	0
326	609	3	0
347	609	4	0
401	609	3	0
409	609	3	0
426	609	3	0
435	609	4	0
450	609	5	0
452	609	4	0
472	609	5	0
474	609	4	0
479	609	5	0
514	609	4	0
533	609	4	0
535	609	4	0
537	609	3	0
553	609	4	0
593	609	3	0
608	609	5	0
618	609	4	0
632	609	3	0
642	609	3	0
659	609	4	0
683	609	3	0
716	609	3	0
727	609	3	0
749	609	4	0
763	609	4	0
766	609	3	0
790	609	2	0
804	609	3	0
835	609	4	0
840	609	4	0
846	609	5	0
847	609	2	0
864	609	3	0
887	609	4	0
897	609	5	0
943	609	2	0
7	616	4	0
38	616	3	0
59	616	5	0
60	616	3	0
91	616	4	0
94	616	4	0
119	616	2	0
124	616	4	0
194	616	3	0
219	616	5	0
234	616	2	0
246	616	5	0
254	616	1	0
269	616	4	0
279	616	3	0
293	616	3	0
303	616	4	0
308	616	2	0
313	616	5	0
325	616	4	0
326	616	5	0
346	616	1	0
350	616	4	0
363	616	3	0
379	616	2	0
385	616	4	0
389	616	4	0
399	616	1	0
407	616	3	0
417	616	2	0
426	616	4	0
429	616	3	0
435	616	2	0
450	616	4	0
456	616	3	0
474	616	4	0
478	616	4	0
479	616	4	0
495	616	4	0
504	616	4	0
537	616	2	0
551	616	5	0
561	616	3	0
645	616	3	0
659	616	4	0
666	616	3	0
727	616	2	0
749	616	3	0
758	616	4	0
766	616	3	0
778	616	4	0
804	616	3	0
815	616	1	0
833	616	5	0
835	616	4	0
840	616	5	0
843	616	3	0
846	616	3	0
854	616	4	0
882	616	4	0
896	616	3	0
897	616	5	0
912	616	3	0
932	616	5	0
7	622	4	0
59	622	4	0
85	622	3	0
94	622	3	0
95	622	4	0
128	622	4	0
130	622	3	0
200	622	3	0
230	622	3	0
234	622	2	0
254	622	4	0
263	622	4	0
267	622	3	0
268	622	3	0
290	622	3	0
311	622	3	0
379	622	5	0
393	622	4	0
399	622	4	0
405	622	1	0
450	622	5	0
495	622	2	0
497	622	2	0
504	622	4	0
541	622	3	0
632	622	4	0
642	622	4	0
650	622	3	0
653	622	3	0
705	622	4	0
711	622	4	0
712	622	4	0
716	622	3	0
749	622	3	0
756	622	3	0
807	622	3	0
846	622	4	0
897	622	3	0
911	622	3	0
7	625	3	0
13	625	2	0
42	625	3	0
43	625	4	0
44	625	3	0
49	625	3	0
59	625	3	0
64	625	3	0
70	625	3	0
94	625	4	0
95	625	4	0
102	625	3	0
130	625	5	0
178	625	3	0
194	625	3	0
234	625	3	0
254	625	3	0
262	625	3	0
271	625	3	0
275	625	2	0
279	625	3	0
283	625	3	0
290	625	4	0
297	625	3	0
298	625	4	0
312	625	3	0
313	625	4	0
320	625	4	0
363	625	4	0
373	625	4	0
387	625	2	0
393	625	4	0
405	625	3	0
416	625	5	0
417	625	4	0
429	625	3	0
435	625	2	0
452	625	3	0
472	625	4	0
484	625	4	0
496	625	4	0
497	625	3	0
521	625	3	0
537	625	3	0
541	625	4	0
542	625	3	0
588	625	3	0
618	625	4	0
620	625	3	0
621	625	4	0
622	625	3	0
642	625	3	0
650	625	3	0
660	625	3	0
682	625	3	0
684	625	3	0
698	625	3	0
705	625	5	0
712	625	3	0
747	625	3	0
749	625	3	0
763	625	4	0
804	625	3	0
805	625	3	0
807	625	3	0
815	625	4	0
823	625	4	0
826	625	3	0
830	625	3	0
843	625	2	0
844	625	3	0
849	625	5	0
864	625	4	0
865	625	1	0
880	625	4	0
881	625	5	0
885	625	3	0
890	625	3	0
892	625	3	0
911	625	5	0
927	625	3	0
943	625	3	0
7	627	3	0
18	627	3	0
38	627	5	0
42	627	2	0
49	627	2	0
92	627	3	0
94	627	3	0
95	627	4	0
109	627	5	0
130	627	5	0
151	627	2	0
193	627	4	0
213	627	4	0
222	627	3	0
230	627	5	0
268	627	3	0
269	627	1	0
275	627	3	0
276	627	3	0
283	627	4	0
291	627	4	0
293	627	2	0
303	627	3	0
311	627	4	0
314	627	4	0
320	627	4	0
328	627	3	0
330	627	5	0
347	627	4	0
371	627	4	0
373	627	4	0
393	627	4	0
394	627	5	0
405	627	1	0
416	627	5	0
429	627	2	0
435	627	3	0
450	627	3	0
454	627	2	0
455	627	3	0
471	627	1	0
487	627	4	0
497	627	3	0
533	627	2	0
541	627	4	0
542	627	3	0
545	627	3	0
551	627	3	0
577	627	5	0
620	627	5	0
642	627	3	0
645	627	2	0
650	627	2	0
664	627	1	0
682	627	4	0
705	627	3	0
710	627	4	0
712	627	4	0
715	627	3	0
716	627	4	0
727	627	3	0
749	627	2	0
763	627	3	0
788	627	4	0
807	627	4	0
826	627	4	0
830	627	3	0
843	627	2	0
844	627	3	0
846	627	4	0
865	627	1	0
880	627	3	0
889	627	2	0
911	627	3	0
933	627	2	0
7	629	3	0
10	629	4	0
13	629	1	0
16	629	4	0
18	629	3	0
23	629	4	0
60	629	3	0
85	629	3	0
87	629	4	0
94	629	4	0
98	629	5	0
102	629	3	0
151	629	4	0
175	629	3	0
184	629	3	0
188	629	4	0
194	629	3	0
198	629	4	0
210	629	3	0
234	629	4	0
244	629	4	0
250	629	4	0
254	629	2	0
269	629	2	0
274	629	5	0
280	629	4	0
286	629	5	0
290	629	3	0
293	629	3	0
295	629	5	0
297	629	3	0
308	629	4	0
313	629	3	0
318	629	4	0
334	629	4	0
354	629	3	0
378	629	5	0
380	629	2	0
385	629	2	0
389	629	2	0
406	629	3	0
407	629	3	0
429	629	3	0
437	629	3	0
447	629	3	0
450	629	4	0
455	629	3	0
457	629	4	0
479	629	3	0
495	629	3	0
497	629	2	0
504	629	4	0
508	629	4	0
523	629	5	0
535	629	4	0
561	629	3	0
615	629	4	0
623	629	3	0
643	629	3	0
648	629	4	0
650	629	3	0
655	629	3	0
659	629	4	0
690	629	1	0
715	629	2	0
758	629	4	0
763	629	5	0
778	629	2	0
788	629	1	0
804	629	3	0
805	629	3	0
806	629	3	0
815	629	4	0
860	629	3	0
864	629	3	0
934	629	4	0
940	629	3	0
7	642	3	0
16	642	5	0
23	642	3	0
59	642	5	0
72	642	4	0
85	642	4	0
92	642	3	0
94	642	4	0
110	642	2	0
115	642	5	0
130	642	4	0
135	642	4	0
145	642	3	0
151	642	3	0
154	642	3	0
172	642	4	0
177	642	4	0
184	642	4	0
194	642	2	0
201	642	4	0
207	642	3	0
218	642	3	0
222	642	3	0
234	642	3	0
256	642	4	0
267	642	4	0
269	642	3	0
271	642	5	0
286	642	3	0
293	642	3	0
295	642	4	0
299	642	4	0
308	642	5	0
311	642	4	0
315	642	5	0
334	642	5	0
339	642	5	0
343	642	4	0
346	642	3	0
374	642	1	0
387	642	4	0
389	642	4	0
405	642	1	0
406	642	3	0
407	642	2	0
417	642	5	0
429	642	4	0
436	642	4	0
437	642	1	0
447	642	4	0
450	642	4	0
454	642	2	0
468	642	3	0
474	642	4	0
480	642	4	0
495	642	4	0
497	642	3	0
506	642	4	0
524	642	4	0
537	642	4	0
538	642	3	0
543	642	3	0
548	642	4	0
561	642	3	0
623	642	3	0
650	642	3	0
653	642	1	0
655	642	3	0
659	642	2	0
664	642	4	0
666	642	5	0
690	642	3	0
749	642	2	0
756	642	2	0
804	642	3	0
805	642	4	0
823	642	4	0
833	642	3	0
840	642	4	0
846	642	5	0
848	642	5	0
864	642	3	0
870	642	4	0
878	642	3	0
881	642	4	0
889	642	3	0
896	642	2	0
903	642	4	0
916	642	3	0
7	651	5	0
8	651	5	0
10	651	4	0
13	651	5	0
22	651	4	0
58	651	4	0
59	651	5	0
62	651	4	0
64	651	4	0
65	651	4	0
87	651	4	0
90	651	5	0
91	651	5	0
92	651	4	0
94	651	5	0
95	651	5	0
99	651	5	0
110	651	4	0
128	651	5	0
144	651	4	0
154	651	4	0
156	651	4	0
158	651	5	0
165	651	5	0
177	651	3	0
178	651	4	0
184	651	3	0
187	651	5	0
188	651	4	0
194	651	3	0
195	651	5	0
197	651	5	0
198	651	4	0
201	651	4	0
210	651	4	0
216	651	5	0
221	651	4	0
222	651	4	0
228	651	4	0
232	651	3	0
234	651	4	0
244	651	4	0
246	651	4	0
271	651	4	0
272	651	4	0
288	651	4	0
290	651	3	0
293	651	3	0
298	651	5	0
301	651	5	0
303	651	5	0
311	651	4	0
313	651	3	0
315	651	3	0
316	651	5	0
321	651	3	0
323	651	5	0
326	651	4	0
327	651	4	0
328	651	5	0
329	651	4	0
330	651	5	0
332	651	5	0
345	651	4	0
354	651	3	0
360	651	4	0
363	651	3	0
373	651	4	0
374	651	4	0
378	651	4	0
379	651	4	0
380	651	3	0
387	651	2	0
391	651	5	0
393	651	4	0
394	651	4	0
399	651	3	0
401	651	4	0
405	651	5	0
406	651	3	0
411	651	4	0
412	651	4	0
416	651	4	0
417	651	4	0
426	651	4	0
429	651	4	0
437	651	4	0
450	651	5	0
453	651	4	0
454	651	4	0
457	651	5	0
458	651	3	0
459	651	3	0
465	651	3	0
466	651	3	0
472	651	4	0
474	651	5	0
479	651	5	0
484	651	5	0
487	651	5	0
488	651	5	0
492	651	3	0
496	651	2	0
497	651	4	0
499	651	4	0
504	651	4	0
505	651	3	0
514	651	4	0
521	651	3	0
524	651	4	0
527	651	5	0
533	651	4	0
537	651	3	0
541	651	5	0
543	651	3	0
551	651	4	0
561	651	3	0
566	651	4	0
577	651	5	0
586	651	3	0
600	651	4	0
606	651	4	0
618	651	5	0
619	651	5	0
627	651	4	0
629	651	5	0
632	651	5	0
633	651	3	0
639	651	4	0
642	651	4	0
655	651	4	0
666	651	5	0
667	651	5	0
670	651	4	0
682	651	4	0
686	651	5	0
693	651	3	0
700	651	4	0
709	651	4	0
711	651	4	0
716	651	5	0
727	651	3	0
738	651	4	0
741	651	4	0
747	651	5	0
757	651	4	0
788	651	4	0
804	651	4	0
823	651	5	0
826	651	4	0
830	651	4	0
843	651	2	0
846	651	3	0
862	651	5	0
864	651	5	0
867	651	5	0
868	651	5	0
870	651	3	0
871	651	2	0
875	651	5	0
880	651	5	0
881	651	5	0
886	651	5	0
889	651	4	0
896	651	4	0
897	651	3	0
903	651	5	0
921	651	3	0
930	651	3	0
933	651	3	0
940	651	4	0
7	658	3	0
42	658	2	0
59	658	4	0
85	658	3	0
92	658	3	0
94	658	3	0
110	658	3	0
119	658	5	0
130	658	5	0
178	658	5	0
180	658	5	0
198	658	3	0
201	658	3	0
216	658	3	0
222	658	3	0
224	658	1	0
246	658	4	0
249	658	4	0
268	658	3	0
269	658	2	0
276	658	4	0
286	658	5	0
293	658	1	0
301	658	3	0
303	658	5	0
327	658	2	0
334	658	3	0
346	658	3	0
363	658	3	0
373	658	4	0
385	658	2	0
394	658	3	0
399	658	3	0
405	658	4	0
416	658	5	0
417	658	2	0
429	658	3	0
435	658	3	0
436	658	5	0
437	658	4	0
456	658	3	0
457	658	4	0
472	658	5	0
478	658	3	0
487	658	4	0
495	658	3	0
514	658	4	0
532	658	5	0
535	658	4	0
551	658	5	0
588	658	5	0
608	658	3	0
627	658	3	0
629	658	4	0
645	658	4	0
650	658	3	0
653	658	2	0
655	658	3	0
660	658	1	0
663	658	4	0
682	658	4	0
711	658	4	0
715	658	4	0
727	658	5	0
749	658	4	0
751	658	3	0
757	658	2	0
763	658	3	0
788	658	3	0
795	658	2	0
847	658	3	0
862	658	5	0
864	658	2	0
868	658	3	0
870	658	4	0
889	658	4	0
896	658	4	0
899	658	2	0
918	658	3	0
7	662	3	0
11	662	3	0
13	662	5	0
23	662	3	0
24	662	5	0
59	662	3	0
64	662	4	0
90	662	5	0
91	662	4	0
138	662	4	0
151	662	4	0
174	662	5	0
208	662	4	0
210	662	2	0
222	662	3	0
224	662	5	0
234	662	3	0
244	662	3	0
254	662	4	0
256	662	2	0
263	662	4	0
275	662	3	0
279	662	2	0
299	662	4	0
311	662	4	0
313	662	3	0
328	662	3	0
340	662	2	0
389	662	3	0
398	662	2	0
405	662	1	0
406	662	3	0
416	662	4	0
429	662	3	0
450	662	4	0
455	662	4	0
456	662	4	0
468	662	4	0
488	662	4	0
495	662	5	0
500	662	2	0
503	662	3	0
506	662	5	0
523	662	4	0
535	662	3	0
536	662	5	0
577	662	4	0
591	662	3	0
606	662	4	0
639	662	2	0
648	662	3	0
650	662	3	0
655	662	2	0
666	662	3	0
693	662	4	0
698	662	2	0
704	662	3	0
711	662	3	0
712	662	5	0
716	662	3	0
731	662	3	0
734	662	3	0
738	662	4	0
766	662	3	0
780	662	5	0
788	662	4	0
796	662	5	0
798	662	3	0
804	662	4	0
846	662	3	0
868	662	2	0
871	662	3	0
877	662	5	0
878	662	1	0
882	662	3	0
885	662	3	0
890	662	3	0
896	662	3	0
901	662	4	0
921	662	4	0
922	662	3	0
942	662	4	0
7	673	3	0
13	673	3	0
38	673	5	0
59	673	5	0
60	673	4	0
62	673	2	0
92	673	4	0
94	673	3	0
96	673	4	0
115	673	3	0
122	673	3	0
145	673	4	0
167	673	4	0
188	673	4	0
193	673	4	0
198	673	3	0
200	673	5	0
201	673	3	0
216	673	4	0
230	673	3	0
234	673	4	0
236	673	4	0
244	673	3	0
269	673	4	0
280	673	4	0
301	673	4	0
303	673	4	0
308	673	4	0
312	673	5	0
313	673	4	0
315	673	4	0
316	673	2	0
332	673	5	0
339	673	5	0
346	673	3	0
361	673	4	0
363	673	2	0
381	673	3	0
385	673	2	0
399	673	3	0
405	673	5	0
426	673	4	0
429	673	3	0
435	673	3	0
450	673	3	0
456	673	3	0
457	673	4	0
478	673	3	0
498	673	3	0
527	673	4	0
533	673	3	0
537	673	3	0
551	673	4	0
561	673	3	0
566	673	4	0
567	673	3	0
577	673	3	0
601	673	1	0
608	673	4	0
610	673	4	0
618	673	3	0
627	673	2	0
639	673	4	0
642	673	2	0
643	673	4	0
645	673	3	0
650	673	3	0
655	673	3	0
659	673	4	0
664	673	3	0
682	673	3	0
693	673	4	0
694	673	4	0
716	673	4	0
719	673	3	0
741	673	4	0
753	673	1	0
764	673	4	0
774	673	2	0
833	673	4	0
835	673	4	0
846	673	4	0
864	673	3	0
870	673	5	0
887	673	5	0
897	673	5	0
10	693	4	0
16	693	4	0
64	693	3	0
90	693	3	0
94	693	4	0
160	693	5	0
177	693	4	0
184	693	3	0
193	693	4	0
194	693	4	0
198	693	3	0
201	693	4	0
214	693	3	0
216	693	3	0
222	693	4	0
230	693	2	0
234	693	2	0
267	693	4	0
276	693	4	0
280	693	3	0
293	693	4	0
301	693	5	0
303	693	4	0
308	693	3	0
314	693	3	0
328	693	2	0
332	693	5	0
334	693	3	0
339	693	5	0
346	693	4	0
347	693	5	0
374	693	5	0
378	693	4	0
381	693	4	0
385	693	4	0
387	693	5	0
389	693	4	0
393	693	3	0
397	693	4	0
399	693	3	0
405	693	2	0
406	693	3	0
416	693	3	0
429	693	4	0
435	693	3	0
436	693	5	0
450	693	3	0
453	693	5	0
454	693	2	0
456	693	3	0
493	693	4	0
498	693	3	0
504	693	4	0
506	693	4	0
524	693	5	0
535	693	3	0
537	693	4	0
542	693	4	0
551	693	5	0
561	693	3	0
566	693	5	0
577	693	1	0
586	693	3	0
608	693	3	0
618	693	3	0
622	693	4	0
627	693	2	0
629	693	5	0
632	693	2	0
640	693	5	0
653	693	1	0
655	693	3	0
659	693	4	0
663	693	4	0
682	693	3	0
693	693	3	0
709	693	4	0
747	693	5	0
757	693	4	0
764	693	3	0
788	693	2	0
796	693	3	0
846	693	5	0
851	693	5	0
864	693	4	0
870	693	4	0
880	693	5	0
883	693	4	0
886	693	4	0
903	693	5	0
916	693	3	0
10	699	4	0
11	699	4	0
18	699	5	0
24	699	3	0
43	699	4	0
59	699	4	0
60	699	4	0
62	699	4	0
72	699	3	0
80	699	3	0
90	699	4	0
95	699	2	0
106	699	4	0
122	699	5	0
144	699	4	0
151	699	4	0
152	699	5	0
174	699	5	0
184	699	5	0
201	699	3	0
224	699	4	0
230	699	4	0
234	699	3	0
236	699	4	0
243	699	4	0
253	699	4	0
254	699	3	0
262	699	5	0
263	699	4	0
268	699	3	0
271	699	4	0
280	699	4	0
290	699	3	0
297	699	4	0
308	699	4	0
311	699	4	0
314	699	5	0
328	699	4	0
330	699	5	0
342	699	4	0
347	699	1	0
354	699	3	0
363	699	2	0
373	699	4	0
378	699	4	0
380	699	3	0
389	699	5	0
405	699	2	0
406	699	4	0
416	699	5	0
437	699	4	0
450	699	4	0
457	699	4	0
468	699	3	0
474	699	4	0
484	699	4	0
492	699	3	0
496	699	3	0
500	699	3	0
504	699	4	0
506	699	4	0
535	699	4	0
536	699	3	0
537	699	4	0
541	699	4	0
588	699	4	0
593	699	4	0
601	699	3	0
608	699	5	0
610	699	2	0
615	699	3	0
618	699	3	0
620	699	5	0
627	699	1	0
629	699	3	0
642	699	5	0
652	699	5	0
655	699	2	0
659	699	3	0
665	699	4	0
666	699	3	0
682	699	3	0
694	699	4	0
705	699	5	0
711	699	5	0
712	699	5	0
721	699	3	0
734	699	4	0
741	699	4	0
748	699	3	0
786	699	4	0
788	699	3	0
796	699	4	0
798	699	3	0
807	699	4	0
846	699	3	0
870	699	3	0
878	699	1	0
887	699	1	0
897	699	4	0
907	699	5	0
922	699	3	0
10	710	4	0
11	710	2	0
23	710	4	0
57	710	3	0
59	710	3	0
62	710	3	0
85	710	2	0
94	710	3	0
119	710	4	0
125	710	5	0
162	710	4	0
187	710	4	0
194	710	3	0
222	710	4	0
244	710	3	0
267	710	4	0
268	710	3	0
269	710	1	0
276	710	4	0
279	710	4	0
286	710	4	0
287	710	4	0
293	710	3	0
299	710	4	0
301	710	3	0
314	710	3	0
327	710	4	0
334	710	3	0
336	710	4	0
354	710	4	0
363	710	5	0
379	710	4	0
393	710	4	0
398	710	2	0
399	710	2	0
402	710	2	0
405	710	4	0
407	710	4	0
416	710	4	0
417	710	4	0
429	710	4	0
435	710	4	0
436	710	4	0
437	710	4	0
442	710	5	0
450	710	3	0
456	710	3	0
476	710	5	0
478	710	5	0
487	710	4	0
506	710	5	0
508	710	4	0
514	710	5	0
538	710	3	0
545	710	3	0
551	710	5	0
561	710	4	0
591	710	3	0
660	710	3	0
663	710	3	0
679	710	4	0
682	710	3	0
684	710	5	0
711	710	4	0
748	710	3	0
751	710	3	0
773	710	3	0
795	710	3	0
823	710	4	0
864	710	2	0
868	710	3	0
870	710	3	0
886	710	4	0
887	710	5	0
896	710	4	0
899	710	3	0
907	710	4	0
916	710	3	0
933	710	2	0
11	715	3	0
49	715	3	0
56	715	1	0
59	715	5	0
62	715	2	0
85	715	4	0
87	715	3	0
92	715	4	0
94	715	4	0
95	715	1	0
109	715	2	0
110	715	2	0
122	715	5	0
128	715	4	0
174	715	3	0
184	715	4	0
193	715	3	0
194	715	3	0
201	715	4	0
213	715	5	0
222	715	2	0
224	715	1	0
267	715	4	0
268	715	1	0
269	715	4	0
276	715	3	0
280	715	2	0
291	715	5	0
293	715	3	0
299	715	4	0
303	715	4	0
308	715	5	0
311	715	2	0
327	715	4	0
328	715	2	0
343	715	5	0
344	715	4	0
345	715	4	0
373	715	2	0
378	715	4	0
385	715	3	0
387	715	5	0
389	715	3	0
391	715	2	0
393	715	1	0
394	715	4	0
398	715	2	0
405	715	1	0
406	715	4	0
407	715	4	0
417	715	2	0
435	715	3	0
436	715	4	0
450	715	3	0
456	715	3	0
472	715	4	0
476	715	4	0
506	715	2	0
514	715	4	0
524	715	4	0
537	715	4	0
543	715	3	0
551	715	1	0
561	715	3	0
643	715	5	0
650	715	3	0
655	715	3	0
664	715	3	0
707	715	3	0
711	715	4	0
721	715	2	0
747	715	5	0
758	715	4	0
788	715	3	0
805	715	4	0
823	715	5	0
833	715	2	0
846	715	4	0
860	715	4	0
864	715	4	0
870	715	3	0
883	715	5	0
886	715	1	0
896	715	3	0
916	715	4	0
919	715	5	0
922	715	3	0
11	716	3	0
13	716	4	0
14	716	5	0
18	716	5	0
62	716	4	0
89	716	3	0
94	716	3	0
95	716	3	0
119	716	5	0
151	716	2	0
152	716	5	0
174	716	5	0
180	716	1	0
184	716	3	0
207	716	3	0
222	716	2	0
244	716	3	0
256	716	5	0
269	716	4	0
270	716	4	0
297	716	3	0
303	716	2	0
311	716	4	0
316	716	5	0
320	716	1	0
334	716	3	0
336	716	2	0
342	716	2	0
344	716	3	0
345	716	3	0
354	716	3	0
378	716	3	0
405	716	1	0
437	716	5	0
447	716	2	0
450	716	4	0
455	716	3	0
497	716	4	0
504	716	4	0
588	716	5	0
639	716	1	0
643	716	3	0
655	716	2	0
682	716	2	0
684	716	2	0
690	716	1	0
707	716	2	0
711	716	5	0
712	716	5	0
758	716	2	0
790	716	4	0
795	716	3	0
796	716	3	0
805	716	4	0
846	716	3	0
847	716	3	0
860	716	2	0
864	716	2	0
11	721	3	0
49	721	2	0
90	721	3	0
94	721	2	0
130	721	3	0
174	721	2	0
214	721	3	0
216	721	4	0
221	721	5	0
244	721	5	0
246	721	4	0
264	721	5	0
268	721	3	0
276	721	3	0
279	721	5	0
286	721	3	0
301	721	3	0
303	721	4	0
314	721	5	0
347	721	5	0
393	721	2	0
405	721	1	0
416	721	3	0
435	721	4	0
436	721	3	0
437	721	2	0
453	721	4	0
456	721	4	0
496	721	5	0
497	721	3	0
500	721	1	0
521	721	4	0
532	721	4	0
535	721	3	0
537	721	2	0
542	721	2	0
551	721	5	0
588	721	5	0
621	721	4	0
622	721	4	0
643	721	2	0
665	721	3	0
679	721	3	0
682	721	4	0
790	721	3	0
823	721	4	0
846	721	4	0
880	721	1	0
886	721	5	0
889	721	3	0
896	721	4	0
903	721	4	0
916	721	4	0
943	721	5	0
11	723	5	0
62	723	2	0
94	723	3	0
128	723	3	0
174	723	5	0
222	723	3	0
224	723	2	0
244	723	3	0
249	723	4	0
269	723	1	0
280	723	5	0
311	723	4	0
328	723	3	0
342	723	3	0
378	723	3	0
405	723	1	0
416	723	4	0
417	723	5	0
436	723	3	0
450	723	3	0
504	723	4	0
537	723	2	0
588	723	2	0
593	723	4	0
618	723	3	0
642	723	4	0
655	723	3	0
682	723	1	0
707	723	3	0
711	723	5	0
716	723	4	0
760	723	2	0
788	723	3	0
846	723	2	0
11	724	3	0
18	724	4	0
43	724	4	0
59	724	5	0
89	724	4	0
122	724	4	0
151	724	4	0
152	724	5	0
174	724	5	0
178	724	4	0
184	724	4	0
222	724	3	0
224	724	3	0
234	724	4	0
243	724	3	0
244	724	4	0
246	724	4	0
256	724	4	0
286	724	3	0
293	724	3	0
297	724	3	0
299	724	3	0
311	724	4	0
314	724	2	0
342	724	1	0
343	724	4	0
345	724	5	0
354	724	2	0
373	724	5	0
378	724	3	0
381	724	3	0
393	724	3	0
401	724	4	0
405	724	1	0
406	724	3	0
412	724	4	0
416	724	4	0
450	724	5	0
454	724	3	0
455	724	3	0
468	724	4	0
477	724	4	0
488	724	3	0
497	724	5	0
505	724	4	0
524	724	3	0
533	724	4	0
536	724	4	0
537	724	3	0
561	724	3	0
588	724	2	0
593	724	3	0
618	724	3	0
627	724	2	0
639	724	3	0
655	724	3	0
658	724	3	0
664	724	3	0
682	724	4	0
711	724	5	0
712	724	3	0
716	724	4	0
734	724	3	0
741	724	4	0
767	724	4	0
786	724	4	0
796	724	2	0
805	724	2	0
870	724	4	0
883	724	4	0
893	724	3	0
899	724	5	0
904	724	4	0
907	724	5	0
914	724	3	0
943	724	1	0
11	727	3	0
24	727	3	0
59	727	2	0
92	727	4	0
94	727	5	0
119	727	5	0
122	727	4	0
144	727	3	0
145	727	2	0
198	727	4	0
224	727	4	0
234	727	3	0
262	727	3	0
267	727	4	0
268	727	2	0
270	727	5	0
276	727	3	0
279	727	3	0
295	727	5	0
299	727	4	0
342	727	3	0
343	727	4	0
346	727	1	0
361	727	3	0
373	727	4	0
378	727	4	0
385	727	1	0
387	727	5	0
393	727	3	0
399	727	4	0
405	727	1	0
406	727	3	0
416	727	5	0
417	727	5	0
437	727	3	0
450	727	4	0
455	727	3	0
457	727	4	0
479	727	5	0
487	727	3	0
496	727	5	0
500	727	2	0
523	727	4	0
535	727	4	0
536	727	3	0
537	727	2	0
551	727	5	0
562	727	5	0
566	727	4	0
577	727	5	0
639	727	2	0
655	727	2	0
661	727	4	0
679	727	4	0
709	727	2	0
711	727	4	0
795	727	3	0
846	727	4	0
868	727	2	0
877	727	4	0
883	727	3	0
911	727	2	0
916	727	4	0
11	729	4	0
18	729	3	0
24	729	5	0
25	729	4	0
42	729	3	0
43	729	4	0
59	729	4	0
60	729	4	0
62	729	3	0
92	729	4	0
128	729	2	0
130	729	4	0
144	729	4	0
151	729	4	0
158	729	3	0
178	729	4	0
180	729	5	0
184	729	3	0
201	729	2	0
222	729	4	0
224	729	3	0
236	729	5	0
268	729	3	0
269	729	2	0
271	729	4	0
280	729	2	0
291	729	4	0
293	729	2	0
295	729	4	0
303	729	3	0
305	729	3	0
308	729	3	0
311	729	4	0
328	729	4	0
330	729	5	0
343	729	3	0
373	729	4	0
378	729	4	0
379	729	4	0
380	729	3	0
393	729	4	0
405	729	4	0
407	729	4	0
416	729	5	0
429	729	2	0
435	729	2	0
450	729	4	0
452	729	1	0
457	729	4	0
474	729	4	0
500	729	4	0
503	729	3	0
504	729	5	0
514	729	4	0
545	729	3	0
588	729	3	0
606	729	4	0
608	729	4	0
618	729	3	0
627	729	1	0
629	729	4	0
642	729	3	0
655	729	2	0
666	729	4	0
682	729	3	0
693	729	4	0
711	729	3	0
712	729	5	0
716	729	2	0
721	729	3	0
727	729	2	0
749	729	4	0
766	729	3	0
788	729	4	0
805	729	3	0
846	729	4	0
864	729	4	0
889	729	3	0
892	729	4	0
907	729	5	0
913	729	3	0
11	731	4	0
22	731	3	0
43	731	4	0
64	731	3	0
89	731	3	0
92	731	4	0
94	731	3	0
130	731	3	0
145	731	3	0
158	731	2	0
178	731	4	0
224	731	4	0
234	731	2	0
280	731	3	0
314	731	4	0
378	731	3	0
387	731	1	0
389	731	3	0
393	731	3	0
405	731	3	0
450	731	3	0
477	731	4	0
497	731	3	0
504	731	3	0
506	731	4	0
588	731	2	0
618	731	2	0
639	731	2	0
642	731	5	0
655	731	3	0
711	731	4	0
712	731	5	0
749	731	3	0
756	731	3	0
796	731	3	0
798	731	3	0
846	731	3	0
880	731	4	0
889	731	2	0
11	735	3	0
12	735	5	0
13	735	3	0
16	735	3	0
18	735	4	0
42	735	4	0
43	735	4	0
56	735	2	0
59	735	5	0
60	735	5	0
65	735	4	0
85	735	3	0
91	735	4	0
92	735	3	0
94	735	5	0
109	735	5	0
123	735	2	0
151	735	5	0
167	735	4	0
178	735	5	0
180	735	4	0
184	735	3	0
187	735	4	0
194	735	4	0
201	735	3	0
207	735	4	0
210	735	4	0
212	735	4	0
213	735	5	0
216	735	5	0
222	735	5	0
233	735	5	0
234	735	3	0
236	735	5	0
244	735	5	0
246	735	4	0
262	735	4	0
268	735	3	0
269	735	2	0
271	735	4	0
276	735	4	0
280	735	2	0
291	735	4	0
295	735	5	0
301	735	2	0
303	735	4	0
305	735	4	0
311	735	4	0
313	735	3	0
314	735	5	0
316	735	4	0
318	735	5	0
327	735	2	0
331	735	4	0
339	735	4	0
343	735	5	0
347	735	2	0
354	735	3	0
360	735	5	0
363	735	3	0
373	735	5	0
374	735	5	0
378	735	4	0
379	735	4	0
387	735	2	0
398	735	4	0
399	735	3	0
401	735	5	0
405	735	5	0
406	735	3	0
416	735	5	0
429	735	4	0
450	735	4	0
454	735	2	0
458	735	2	0
474	735	4	0
487	735	4	0
500	735	4	0
504	735	5	0
508	735	4	0
514	735	4	0
535	735	5	0
537	735	3	0
538	735	3	0
543	735	4	0
551	735	5	0
554	735	3	0
561	735	3	0
568	735	2	0
577	735	5	0
586	735	3	0
588	735	5	0
592	735	5	0
593	735	4	0
606	735	5	0
608	735	4	0
610	735	3	0
615	735	3	0
618	735	3	0
621	735	4	0
627	735	4	0
630	735	2	0
632	735	4	0
650	735	3	0
654	735	4	0
655	735	3	0
658	735	3	0
659	735	3	0
664	735	4	0
682	735	4	0
691	735	5	0
693	735	4	0
704	735	4	0
707	735	4	0
711	735	5	0
715	735	4	0
716	735	5	0
719	735	5	0
721	735	4	0
747	735	4	0
749	735	5	0
751	735	4	0
758	735	5	0
796	735	2	0
805	735	4	0
815	735	5	0
823	735	4	0
835	735	5	0
846	735	2	0
847	735	4	0
854	735	3	0
864	735	5	0
870	735	3	0
885	735	3	0
896	735	3	0
916	735	4	0
933	735	3	0
11	746	4	0
13	746	3	0
41	746	3	0
42	746	3	0
56	746	4	0
59	746	5	0
64	746	5	0
70	746	3	0
94	746	4	0
102	746	2	0
125	746	3	0
130	746	5	0
178	746	3	0
198	746	4	0
207	746	4	0
222	746	5	0
234	746	2	0
244	746	3	0
246	746	4	0
249	746	5	0
253	746	3	0
264	746	3	0
268	746	3	0
272	746	3	0
275	746	4	0
276	746	4	0
279	746	5	0
280	746	4	0
286	746	4	0
293	746	3	0
297	746	3	0
299	746	4	0
301	746	3	0
303	746	4	0
307	746	4	0
308	746	4	0
315	746	3	0
327	746	3	0
332	746	5	0
334	746	3	0
336	746	3	0
342	746	4	0
346	746	3	0
352	746	4	0
363	746	4	0
371	746	4	0
373	746	4	0
379	746	3	0
387	746	1	0
394	746	2	0
399	746	5	0
405	746	1	0
406	746	3	0
407	746	4	0
416	746	5	0
417	746	5	0
429	746	3	0
435	746	4	0
436	746	5	0
437	746	4	0
442	746	3	0
454	746	2	0
472	746	5	0
476	746	3	0
484	746	4	0
487	746	4	0
488	746	4	0
493	746	4	0
496	746	3	0
497	746	5	0
506	746	5	0
514	746	5	0
521	746	4	0
532	746	5	0
536	746	5	0
537	746	3	0
542	746	4	0
545	746	4	0
551	746	5	0
561	746	3	0
606	746	5	0
618	746	2	0
621	746	4	0
632	746	3	0
642	746	3	0
645	746	4	0
648	746	4	0
653	746	5	0
654	746	3	0
655	746	3	0
660	746	4	0
682	746	3	0
690	746	2	0
712	746	4	0
715	746	5	0
727	746	4	0
749	746	5	0
751	746	4	0
757	746	3	0
758	746	4	0
795	746	3	0
796	746	3	0
798	746	4	0
804	746	4	0
825	746	5	0
846	746	3	0
868	746	2	0
870	746	3	0
880	746	4	0
882	746	4	0
886	746	3	0
889	746	4	0
896	746	3	0
899	746	4	0
903	746	2	0
916	746	3	0
922	746	4	0
933	746	4	0
940	746	3	0
11	747	3	0
13	747	4	0
18	747	3	0
23	747	3	0
43	747	4	0
56	747	4	0
59	747	4	0
62	747	3	0
92	747	4	0
95	747	5	0
128	747	3	0
136	747	4	0
144	747	5	0
151	747	3	0
174	747	5	0
180	747	4	0
184	747	3	0
187	747	4	0
201	747	2	0
216	747	4	0
222	747	2	0
232	747	3	0
234	747	3	0
235	747	2	0
244	747	4	0
253	747	3	0
262	747	4	0
268	747	3	0
269	747	4	0
270	747	5	0
271	747	3	0
276	747	4	0
286	747	4	0
291	747	4	0
293	747	2	0
295	747	4	0
299	747	4	0
308	747	3	0
311	747	3	0
314	747	1	0
330	747	3	0
343	747	4	0
345	747	3	0
354	747	2	0
363	747	5	0
373	747	4	0
378	747	3	0
393	747	4	0
399	747	5	0
405	747	1	0
406	747	2	0
407	747	3	0
416	747	5	0
417	747	3	0
429	747	3	0
436	747	5	0
437	747	4	0
450	747	4	0
455	747	4	0
456	747	4	0
457	747	4	0
472	747	5	0
487	747	4	0
503	747	3	0
506	747	2	0
514	747	4	0
533	747	5	0
551	747	3	0
588	747	4	0
592	747	4	0
593	747	4	0
603	747	3	0
606	747	4	0
639	747	3	0
650	747	3	0
660	747	4	0
690	747	3	0
707	747	3	0
709	747	2	0
711	747	4	0
712	747	3	0
727	747	2	0
738	747	4	0
764	747	3	0
766	747	5	0
795	747	3	0
796	747	4	0
804	747	3	0
805	747	3	0
823	747	4	0
840	747	4	0
846	747	3	0
848	747	5	0
864	747	3	0
868	747	2	0
871	747	3	0
889	747	4	0
899	747	1	0
904	747	4	0
913	747	3	0
918	747	3	0
922	747	3	0
13	755	3	0
42	755	4	0
43	755	3	0
44	755	3	0
56	755	3	0
59	755	4	0
60	755	4	0
70	755	3	0
83	755	5	0
92	755	3	0
109	755	5	0
119	755	1	0
151	755	3	0
193	755	4	0
200	755	5	0
210	755	3	0
222	755	4	0
254	755	3	0
262	755	3	0
276	755	3	0
280	755	2	0
290	755	4	0
291	755	2	0
301	755	4	0
303	755	2	0
308	755	3	0
311	755	4	0
328	755	3	0
378	755	3	0
393	755	3	0
399	755	2	0
405	755	2	0
407	755	3	0
416	755	4	0
429	755	3	0
435	755	2	0
437	755	3	0
455	755	3	0
457	755	4	0
472	755	4	0
484	755	4	0
500	755	3	0
504	755	4	0
505	755	3	0
506	755	4	0
517	755	3	0
521	755	3	0
533	755	3	0
536	755	4	0
541	755	5	0
551	755	4	0
566	755	2	0
588	755	3	0
610	755	5	0
618	755	2	0
620	755	5	0
621	755	3	0
622	755	4	0
642	755	3	0
650	755	3	0
653	755	2	0
660	755	2	0
705	755	5	0
711	755	3	0
712	755	4	0
715	755	2	0
721	755	4	0
727	755	2	0
738	755	3	0
749	755	4	0
751	755	4	0
756	755	3	0
778	755	2	0
788	755	3	0
790	755	3	0
795	755	3	0
796	755	4	0
798	755	3	0
804	755	3	0
805	755	3	0
846	755	3	0
848	755	5	0
864	755	4	0
868	755	4	0
878	755	2	0
880	755	3	0
881	755	4	0
887	755	5	0
889	755	3	0
892	755	4	0
916	755	2	0
919	755	3	0
921	755	4	0
927	755	5	0
932	755	2	0
934	755	4	0
13	768	4	0
38	768	5	0
64	768	2	0
83	768	4	0
94	768	3	0
95	768	1	0
102	768	2	0
174	768	1	0
200	768	4	0
222	768	2	0
234	768	2	0
254	768	3	0
268	768	3	0
276	768	3	0
286	768	3	0
311	768	2	0
313	768	3	0
314	768	5	0
318	768	2	0
325	768	3	0
378	768	4	0
387	768	1	0
399	768	3	0
405	768	3	0
416	768	3	0
429	768	3	0
435	768	3	0
471	768	3	0
472	768	5	0
487	768	3	0
495	768	3	0
500	768	2	0
577	768	3	0
620	768	5	0
642	768	4	0
712	768	5	0
771	768	4	0
795	768	3	0
796	768	2	0
798	768	4	0
804	768	3	0
805	768	2	0
826	768	3	0
846	768	4	0
864	768	3	0
880	768	2	0
881	768	3	0
887	768	4	0
892	768	4	0
896	768	2	0
901	768	3	0
927	768	4	0
13	770	4	0
16	770	3	0
59	770	4	0
72	770	4	0
82	770	4	0
128	770	3	0
145	770	1	0
151	770	4	0
158	770	5	0
160	770	4	0
186	770	2	0
194	770	4	0
197	770	3	0
201	770	3	0
222	770	3	0
234	770	4	0
276	770	4	0
291	770	4	0
293	770	3	0
305	770	3	0
308	770	4	0
313	770	4	0
315	770	3	0
332	770	3	0
339	770	4	0
361	770	3	0
363	770	4	0
374	770	5	0
375	770	3	0
380	770	3	0
405	770	1	0
411	770	4	0
416	770	4	0
437	770	3	0
447	770	3	0
455	770	3	0
457	770	4	0
495	770	3	0
506	770	3	0
537	770	3	0
543	770	4	0
551	770	2	0
554	770	1	0
577	770	4	0
618	770	2	0
640	770	4	0
655	770	2	0
664	770	4	0
671	770	2	0
707	770	3	0
823	770	4	0
846	770	5	0
864	770	3	0
870	770	4	0
880	770	4	0
883	770	4	0
896	770	5	0
13	778	3	0
18	778	2	0
43	778	5	0
56	778	4	0
64	778	5	0
65	778	4	0
77	778	2	0
92	778	4	0
102	778	3	0
106	778	4	0
144	778	4	0
152	778	3	0
180	778	2	0
213	778	5	0
224	778	1	0
243	778	4	0
256	778	4	0
262	778	4	0
269	778	3	0
270	778	5	0
279	778	4	0
286	778	5	0
299	778	4	0
303	778	4	0
305	778	4	0
308	778	3	0
311	778	4	0
313	778	2	0
327	778	3	0
328	778	3	0
343	778	5	0
363	778	4	0
373	778	5	0
378	778	3	0
381	778	4	0
389	778	4	0
393	778	3	0
405	778	1	0
416	778	3	0
417	778	4	0
429	778	3	0
435	778	4	0
437	778	3	0
450	778	3	0
455	778	4	0
477	778	4	0
484	778	5	0
503	778	5	0
514	778	4	0
533	778	4	0
535	778	2	0
536	778	4	0
537	778	3	0
543	778	4	0
588	778	3	0
618	778	3	0
633	778	2	0
639	778	5	0
640	778	4	0
655	778	2	0
664	778	3	0
707	778	3	0
711	778	4	0
715	778	2	0
719	778	3	0
751	778	3	0
774	778	5	0
796	778	4	0
844	778	4	0
846	778	4	0
868	778	2	0
883	778	4	0
904	778	3	0
914	778	5	0
921	778	3	0
932	778	4	0
13	781	3	0
18	781	3	0
42	781	4	0
43	781	3	0
56	781	4	0
59	781	4	0
83	781	4	0
87	781	5	0
92	781	3	0
95	781	2	0
125	781	3	0
151	781	3	0
152	781	5	0
174	781	4	0
178	781	4	0
193	781	3	0
208	781	3	0
222	781	3	0
234	781	2	0
256	781	5	0
259	781	3	0
262	781	3	0
268	781	3	0
270	781	5	0
279	781	3	0
280	781	4	0
286	781	4	0
293	781	2	0
311	781	2	0
314	781	3	0
336	781	3	0
345	781	3	0
361	781	2	0
393	781	4	0
399	781	2	0
405	781	5	0
416	781	4	0
417	781	3	0
435	781	3	0
437	781	4	0
450	781	4	0
452	781	3	0
453	781	3	0
476	781	4	0
477	781	4	0
487	781	3	0
497	781	3	0
500	781	3	0
524	781	1	0
532	781	5	0
541	781	5	0
563	781	4	0
588	781	2	0
593	781	3	0
618	781	3	0
622	781	3	0
648	781	4	0
655	781	1	0
682	781	2	0
684	781	3	0
690	781	2	0
709	781	3	0
712	781	4	0
741	781	4	0
749	781	4	0
788	781	3	0
790	781	4	0
796	781	4	0
797	781	5	0
798	781	2	0
860	781	2	0
864	781	3	0
870	781	3	0
871	781	4	0
878	781	1	0
880	781	3	0
883	781	3	0
886	781	4	0
892	781	4	0
893	781	3	0
904	781	4	0
907	781	5	0
914	781	5	0
916	781	3	0
13	785	3	0
42	785	4	0
43	785	3	0
92	785	3	0
102	785	2	0
125	785	3	0
128	785	2	0
144	785	4	0
152	785	5	0
180	785	4	0
234	785	3	0
256	785	4	0
262	785	3	0
291	785	4	0
299	785	2	0
303	785	3	0
311	785	3	0
314	785	3	0
336	785	1	0
346	785	3	0
389	785	3	0
393	785	3	0
405	785	1	0
407	785	3	0
416	785	3	0
436	785	2	0
450	785	3	0
618	785	3	0
654	785	4	0
655	785	2	0
712	785	5	0
741	785	3	0
751	785	4	0
796	785	5	0
798	785	3	0
846	785	4	0
883	785	3	0
904	785	5	0
943	785	2	0
13	794	4	0
18	794	3	0
42	794	3	0
56	794	3	0
92	794	3	0
110	794	3	0
130	794	5	0
152	794	5	0
256	794	4	0
270	794	4	0
276	794	2	0
291	794	4	0
295	794	4	0
311	794	4	0
314	794	4	0
361	794	3	0
385	794	2	0
393	794	4	0
399	794	3	0
405	794	5	0
416	794	5	0
429	794	3	0
436	794	4	0
437	794	4	0
450	794	5	0
477	794	4	0
487	794	5	0
523	794	4	0
561	794	2	0
642	794	4	0
643	794	3	0
655	794	1	0
659	794	3	0
690	794	3	0
712	794	4	0
796	794	4	0
846	794	5	0
864	794	3	0
871	794	3	0
878	794	4	0
880	794	4	0
883	794	4	0
904	794	4	0
919	794	4	0
934	794	4	0
943	794	3	0
16	939	4	0
42	939	4	0
43	939	3	0
94	939	4	0
110	939	4	0
130	939	4	0
135	939	4	0
145	939	4	0
151	939	4	0
180	939	4	0
185	939	3	0
186	939	5	0
194	939	3	0
198	939	3	0
222	939	3	0
234	939	2	0
256	939	5	0
269	939	2	0
276	939	3	0
291	939	4	0
293	939	2	0
303	939	3	0
311	939	2	0
314	939	4	0
328	939	4	0
339	939	4	0
375	939	3	0
378	939	4	0
393	939	4	0
405	939	5	0
412	939	4	0
429	939	4	0
450	939	4	0
454	939	2	0
455	939	4	0
458	939	4	0
474	939	4	0
487	939	3	0
504	939	4	0
554	939	4	0
577	939	5	0
586	939	4	0
592	939	3	0
606	939	4	0
608	939	4	0
618	939	2	0
627	939	3	0
633	939	4	0
655	939	3	0
693	939	4	0
709	939	4	0
715	939	4	0
747	939	3	0
757	939	4	0
764	939	4	0
796	939	3	0
864	939	4	0
870	939	3	0
886	939	4	0
916	939	3	0
16	946	5	0
43	946	4	0
44	946	3	0
49	946	2	0
56	946	4	0
59	946	1	0
70	946	3	0
82	946	2	0
94	946	3	0
95	946	3	0
130	946	4	0
194	946	3	0
222	946	2	0
244	946	4	0
268	946	3	0
275	946	3	0
279	946	3	0
280	946	4	0
286	946	3	0
291	946	4	0
295	946	2	0
297	946	2	0
298	946	3	0
311	946	4	0
313	946	3	0
314	946	5	0
320	946	5	0
340	946	5	0
363	946	4	0
373	946	5	0
389	946	3	0
399	946	3	0
405	946	2	0
417	946	4	0
435	946	2	0
437	946	3	0
471	946	2	0
472	946	2	0
478	946	2	0
497	946	4	0
532	946	5	0
541	946	5	0
561	946	3	0
620	946	4	0
642	946	2	0
660	946	2	0
682	946	4	0
712	946	4	0
716	946	2	0
764	946	4	0
798	946	2	0
805	946	2	0
807	946	3	0
826	946	3	0
844	946	3	0
865	946	1	0
868	946	1	0
885	946	3	0
887	946	4	0
892	946	3	0
919	946	4	0
18	949	3	0
62	949	4	0
89	949	3	0
92	949	3	0
94	949	5	0
109	949	3	0
125	949	3	0
128	949	4	0
130	949	3	0
145	949	4	0
167	949	1	0
174	949	5	0
184	949	3	0
222	949	3	0
224	949	3	0
244	949	4	0
257	949	3	0
262	949	4	0
268	949	2	0
276	949	3	0
286	949	4	0
307	949	4	0
314	949	4	0
327	949	4	0
336	949	4	0
345	949	3	0
361	949	4	0
373	949	4	0
378	949	3	0
393	949	3	0
405	949	5	0
407	949	3	0
457	949	3	0
503	949	3	0
514	949	3	0
523	949	5	0
533	949	4	0
577	949	2	0
593	949	2	0
601	949	2	0
605	949	5	0
615	949	3	0
622	949	3	0
627	949	2	0
639	949	3	0
642	949	1	0
670	949	2	0
707	949	3	0
711	949	4	0
712	949	4	0
716	949	3	0
727	949	3	0
747	949	5	0
771	949	5	0
790	949	4	0
796	949	4	0
798	949	3	0
804	949	3	0
840	949	4	0
846	949	2	0
860	949	3	0
861	949	4	0
870	949	3	0
877	949	3	0
878	949	3	0
884	949	2	0
885	949	4	0
889	949	3	0
901	949	3	0
922	949	5	0
934	949	3	0
18	959	3	0
49	959	2	0
59	959	4	0
62	959	4	0
64	959	4	0
94	959	5	0
130	959	4	0
198	959	3	0
234	959	2	0
244	959	4	0
259	959	4	0
262	959	2	0
267	959	3	0
269	959	5	0
276	959	4	0
299	959	2	0
301	959	4	0
308	959	3	0
314	959	3	0
327	959	5	0
336	959	3	0
346	959	2	0
347	959	5	0
363	959	1	0
378	959	3	0
380	959	2	0
385	959	3	0
399	959	3	0
405	959	1	0
416	959	5	0
445	959	5	0
453	959	4	0
456	959	4	0
457	959	4	0
476	959	3	0
478	959	4	0
493	959	2	0
537	959	3	0
542	959	3	0
551	959	5	0
561	959	3	0
566	959	4	0
588	959	5	0
606	959	5	0
618	959	4	0
642	959	5	0
643	959	3	0
645	959	4	0
655	959	3	0
666	959	4	0
682	959	4	0
709	959	4	0
711	959	5	0
747	959	5	0
758	959	3	0
773	959	4	0
790	959	3	0
805	959	2	0
843	959	2	0
870	959	4	0
886	959	3	0
889	959	3	0
916	959	4	0
933	959	1	0
38	1035	5	0
43	1035	4	0
56	1035	4	0
70	1035	3	0
83	1035	4	0
109	1035	2	0
128	1035	3	0
152	1035	4	0
174	1035	4	0
178	1035	4	0
216	1035	1	0
221	1035	3	0
222	1035	2	0
234	1035	3	0
262	1035	3	0
267	1035	4	0
268	1035	2	0
276	1035	3	0
279	1035	3	0
280	1035	4	0
286	1035	3	0
290	1035	4	0
301	1035	4	0
311	1035	4	0
330	1035	4	0
347	1035	3	0
363	1035	2	0
378	1035	3	0
379	1035	3	0
393	1035	3	0
399	1035	3	0
405	1035	1	0
416	1035	3	0
429	1035	3	0
454	1035	3	0
472	1035	4	0
487	1035	4	0
514	1035	3	0
541	1035	3	0
551	1035	2	0
561	1035	3	0
563	1035	4	0
577	1035	3	0
593	1035	3	0
620	1035	4	0
621	1035	4	0
650	1035	2	0
653	1035	2	0
654	1035	4	0
660	1035	2	0
661	1035	3	0
682	1035	3	0
694	1035	4	0
705	1035	4	0
727	1035	2	0
751	1035	2	0
757	1035	2	0
778	1035	1	0
798	1035	4	0
846	1035	4	0
868	1035	1	0
880	1035	4	0
887	1035	5	0
892	1035	3	0
901	1035	4	0
922	1035	3	0
927	1035	4	0
932	1035	4	0
42	1041	4	0
65	1041	3	0
83	1041	4	0
87	1041	4	0
92	1041	3	0
145	1041	5	0
151	1041	3	0
152	1041	5	0
174	1041	5	0
188	1041	3	0
194	1041	2	0
222	1041	3	0
244	1041	4	0
256	1041	4	0
268	1041	1	0
280	1041	5	0
293	1041	2	0
303	1041	2	0
311	1041	3	0
314	1041	4	0
320	1041	3	0
328	1041	3	0
334	1041	3	0
336	1041	2	0
361	1041	2	0
389	1041	3	0
398	1041	3	0
405	1041	5	0
407	1041	3	0
416	1041	3	0
417	1041	3	0
450	1041	4	0
477	1041	5	0
478	1041	3	0
496	1041	1	0
497	1041	3	0
504	1041	3	0
523	1041	4	0
524	1041	2	0
533	1041	2	0
541	1041	3	0
554	1041	3	0
588	1041	2	0
591	1041	2	0
648	1041	3	0
655	1041	3	0
690	1041	3	0
741	1041	4	0
747	1041	4	0
749	1041	4	0
795	1041	3	0
796	1041	5	0
804	1041	3	0
846	1041	4	0
860	1041	2	0
870	1041	2	0
878	1041	1	0
880	1041	4	0
883	1041	3	0
901	1041	5	0
904	1041	2	0
912	1041	4	0
42	1044	4	0
65	1044	3	0
94	1044	4	0
122	1044	5	0
151	1044	2	0
194	1044	2	0
222	1044	4	0
224	1044	3	0
234	1044	2	0
246	1044	1	0
276	1044	3	0
293	1044	2	0
303	1044	3	0
318	1044	4	0
330	1044	5	0
378	1044	3	0
393	1044	4	0
405	1044	4	0
407	1044	3	0
417	1044	3	0
435	1044	4	0
450	1044	4	0
487	1044	3	0
524	1044	4	0
551	1044	3	0
561	1044	2	0
566	1044	3	0
577	1044	4	0
588	1044	4	0
627	1044	2	0
653	1044	1	0
655	1044	3	0
659	1044	4	0
786	1044	4	0
790	1044	4	0
846	1044	4	0
864	1044	3	0
870	1044	2	0
880	1044	4	0
943	1044	3	0
42	1046	3	0
92	1046	3	0
94	1046	2	0
130	1046	4	0
135	1046	3	0
145	1046	4	0
180	1046	2	0
186	1046	3	0
207	1046	4	0
256	1046	4	0
268	1046	3	0
271	1046	4	0
276	1046	3	0
291	1046	4	0
293	1046	1	0
303	1046	3	0
308	1046	4	0
311	1046	3	0
374	1046	5	0
375	1046	2	0
378	1046	3	0
405	1046	2	0
447	1046	3	0
495	1046	5	0
497	1046	3	0
504	1046	4	0
506	1046	4	0
524	1046	3	0
532	1046	4	0
554	1046	4	0
577	1046	4	0
586	1046	3	0
633	1046	4	0
653	1046	1	0
655	1046	3	0
682	1046	3	0
711	1046	3	0
758	1046	4	0
764	1046	4	0
796	1046	3	0
823	1046	3	0
870	1046	3	0
881	1046	3	0
886	1046	2	0
896	1046	2	0
916	1046	2	0
59	1118	2	0
62	1118	3	0
87	1118	3	0
94	1118	4	0
196	1118	4	0
207	1118	3	0
210	1118	4	0
244	1118	4	0
264	1118	4	0
268	1118	3	0
276	1118	4	0
279	1118	3	0
286	1118	1	0
303	1118	3	0
308	1118	4	0
325	1118	3	0
326	1118	2	0
336	1118	4	0
385	1118	3	0
387	1118	3	0
405	1118	1	0
406	1118	3	0
407	1118	4	0
429	1118	4	0
476	1118	3	0
495	1118	5	0
504	1118	3	0
536	1118	2	0
551	1118	5	0
621	1118	3	0
650	1118	3	0
655	1118	3	0
682	1118	3	0
690	1118	1	0
711	1118	4	0
774	1118	3	0
790	1118	3	0
805	1118	5	0
823	1118	3	0
833	1118	3	0
843	1118	2	0
846	1118	5	0
848	1118	5	0
870	1118	3	0
881	1118	3	0
883	1118	4	0
892	1118	3	0
59	1119	4	0
89	1119	3	0
94	1119	4	0
99	1119	4	0
122	1119	3	0
165	1119	3	0
178	1119	4	0
180	1119	3	0
187	1119	3	0
224	1119	3	0
235	1119	3	0
244	1119	5	0
256	1119	3	0
270	1119	5	0
286	1119	3	0
293	1119	1	0
299	1119	4	0
311	1119	4	0
354	1119	4	0
361	1119	3	0
373	1119	5	0
381	1119	4	0
389	1119	3	0
398	1119	4	0
405	1119	3	0
416	1119	5	0
417	1119	3	0
429	1119	3	0
436	1119	4	0
450	1119	4	0
457	1119	4	0
472	1119	5	0
495	1119	4	0
532	1119	5	0
561	1119	3	0
593	1119	5	0
608	1119	5	0
629	1119	5	0
650	1119	3	0
659	1119	4	0
663	1119	3	0
711	1119	4	0
712	1119	4	0
721	1119	4	0
727	1119	3	0
756	1119	4	0
790	1119	4	0
796	1119	4	0
798	1119	3	0
805	1119	3	0
831	1119	3	0
864	1119	3	0
871	1119	3	0
880	1119	3	0
886	1119	4	0
896	1119	3	0
907	1119	5	0
916	1119	3	0
919	1119	3	0
94	1220	3	0
116	1220	2	0
130	1220	5	0
194	1220	3	0
201	1220	2	0
222	1220	4	0
246	1220	3	0
262	1220	4	0
276	1220	4	0
291	1220	5	0
293	1220	2	0
303	1220	2	0
314	1220	5	0
378	1220	3	0
399	1220	2	0
405	1220	3	0
406	1220	3	0
416	1220	3	0
429	1220	3	0
450	1220	5	0
456	1220	3	0
487	1220	4	0
551	1220	5	0
561	1220	2	0
682	1220	4	0
712	1220	5	0
846	1220	2	0
896	1220	1	0
907	1220	5	0
916	1220	3	0
