1	23	4	0
6	23	4	0
7	23	3	0
10	23	5	0
13	23	5	0
14	23	5	0
18	23	4	0
25	23	4	0
59	23	5	0
60	23	4	0
72	23	4	0
76	23	5	0
77	23	4	0
85	23	4	0
90	23	5	0
94	23	5	0
96	23	5	0
97	23	5	0
115	23	5	0
118	23	5	0
119	23	3	0
123	23	4	0
135	23	4	0
145	23	4	0
160	23	5	0
172	23	3	0
177	23	5	0
185	23	4	0
187	23	4	0
193	23	4	0
194	23	4	0
198	23	4	0
201	23	4	0
207	23	4	0
210	23	5	0
214	23	5	0
215	23	3	0
218	23	4	0
221	23	4	0
226	23	3	0
233	23	5	0
234	23	4	0
237	23	4	0
249	23	4	0
250	23	4	0
263	23	3	0
264	23	5	0
269	23	5	0
272	23	5	0
276	23	5	0
293	23	4	0
296	23	5	0
298	23	4	0
299	23	4	0
303	23	5	0
308	23	5	0
311	23	3	0
312	23	4	0
313	23	4	0
315	23	5	0
322	23	5	0
323	23	5	0
325	23	5	0
327	23	4	0
328	23	3	0
334	23	4	0
339	23	5	0
342	23	5	0
343	23	5	0
350	23	5	0
360	23	5	0
361	23	5	0
372	23	5	0
374	23	3	0
379	23	4	0
382	23	5	0
385	23	5	0
387	23	2	0
389	23	4	0
391	23	4	0
392	23	5	0
397	23	5	0
405	23	5	0
406	23	4	0
409	23	4	0
412	23	4	0
417	23	3	0
426	23	4	0
429	23	4	0
435	23	4	0
436	23	4	0
437	23	4	0
445	23	3	0
450	23	5	0
452	23	2	0
456	23	4	0
458	23	4	0
468	23	4	0
474	23	4	0
478	23	2	0
491	23	2	0
498	23	4	0
508	23	4	0
512	23	4	0
521	23	3	0
522	23	5	0
524	23	5	0
527	23	5	0
533	23	3	0
537	23	4	0
542	23	5	0
543	23	4	0
548	23	5	0
553	23	5	0
561	23	5	0
566	23	4	0
567	23	4	0
586	23	2	0
592	23	5	0
608	23	5	0
615	23	5	0
618	23	5	0
625	23	4	0
627	23	4	0
629	23	5	0
641	23	5	0
643	23	5	0
645	23	5	0
648	23	3	0
650	23	3	0
655	23	3	0
659	23	5	0
663	23	4	0
666	23	4	0
667	23	3	0
669	23	4	0
671	23	4	0
682	23	4	0
686	23	5	0
693	23	4	0
694	23	3	0
699	23	4	0
710	23	5	0
716	23	4	0
719	23	3	0
744	23	4	0
747	23	5	0
749	23	3	0
753	23	2	0
758	23	4	0
766	23	4	0
773	23	5	0
774	23	3	0
776	23	4	0
788	23	3	0
796	23	2	0
804	23	4	0
833	23	5	0
835	23	4	0
840	23	5	0
843	23	2	0
846	23	4	0
848	23	2	0
851	23	4	0
854	23	4	0
867	23	5	0
868	23	5	0
870	23	4	0
875	23	5	0
880	23	5	0
881	23	4	0
886	23	4	0
889	23	3	0
890	23	5	0
896	23	2	0
897	23	3	0
903	23	5	0
910	23	4	0
916	23	4	0
919	23	3	0
929	23	3	0
943	23	4	0
1	133	4	0
6	133	4	0
7	133	5	0
10	133	5	0
12	133	4	0
18	133	5	0
23	133	4	0
25	133	3	0
38	133	2	0
43	133	4	0
44	133	4	0
59	133	3	0
60	133	4	0
77	133	2	0
82	133	4	0
85	133	4	0
90	133	5	0
94	133	4	0
95	133	3	0
97	133	1	0
128	133	5	0
138	133	4	0
148	133	5	0
151	133	5	0
152	133	5	0
161	133	2	0
167	133	5	0
169	133	4	0
175	133	4	0
178	133	4	0
189	133	5	0
194	133	3	0
207	133	4	0
213	133	3	0
222	133	1	0
232	133	4	0
233	133	5	0
234	133	3	0
236	133	5	0
239	133	3	0
245	133	2	0
246	133	3	0
254	133	5	0
263	133	5	0
269	133	3	0
271	133	4	0
272	133	1	0
286	133	4	0
290	133	3	0
293	133	3	0
295	133	4	0
297	133	4	0
298	133	3	0
301	133	4	0
308	133	3	0
311	133	3	0
312	133	5	0
313	133	5	0
318	133	4	0
321	133	5	0
325	133	3	0
327	133	4	0
328	133	5	0
330	133	5	0
331	133	3	0
338	133	4	0
339	133	4	0
342	133	4	0
346	133	5	0
350	133	5	0
354	133	3	0
378	133	5	0
379	133	4	0
381	133	5	0
385	133	1	0
387	133	2	0
389	133	5	0
391	133	4	0
398	133	3	0
401	133	4	0
406	133	5	0
409	133	4	0
416	133	2	0
426	133	5	0
429	133	3	0
436	133	3	0
437	133	5	0
447	133	4	0
450	133	5	0
454	133	4	0
456	133	3	0
457	133	4	0
479	133	2	0
487	133	4	0
488	133	4	0
495	133	3	0
496	133	5	0
500	133	3	0
503	133	5	0
504	133	5	0
505	133	5	0
522	133	3	0
524	133	5	0
533	133	5	0
535	133	5	0
536	133	4	0
537	133	4	0
539	133	4	0
554	133	4	0
556	133	5	0
561	133	3	0
562	133	2	0
566	133	4	0
567	133	4	0
577	133	4	0
588	133	5	0
593	133	4	0
601	133	4	0
605	133	5	0
608	133	4	0
610	133	4	0
618	133	4	0
632	133	4	0
642	133	5	0
648	133	4	0
650	133	4	0
655	133	4	0
665	133	3	0
666	133	3	0
669	133	4	0
683	133	5	0
694	133	5	0
698	133	2	0
707	133	2	0
711	133	5	0
716	133	5	0
731	133	1	0
747	133	5	0
748	133	3	0
749	133	4	0
763	133	3	0
766	133	3	0
780	133	5	0
786	133	5	0
788	133	5	0
798	133	3	0
804	133	3	0
806	133	5	0
807	133	5	0
815	133	5	0
835	133	5	0
843	133	3	0
846	133	4	0
847	133	3	0
848	133	4	0
849	133	5	0
854	133	3	0
864	133	5	0
868	133	2	0
875	133	4	0
881	133	4	0
882	133	5	0
890	133	5	0
892	133	3	0
896	133	2	0
897	133	4	0
899	133	3	0
908	133	5	0
918	133	1	0
921	133	5	0
932	133	4	0
1	134	4	0
6	134	5	0
7	134	4	0
10	134	5	0
16	134	4	0
18	134	5	0
23	134	4	0
25	134	4	0
51	134	2	0
58	134	5	0
59	134	5	0
60	134	4	0
62	134	4	0
71	134	3	0
72	134	5	0
77	134	4	0
82	134	4	0
85	134	5	0
87	134	4	0
90	134	5	0
91	134	4	0
92	134	4	0
94	134	5	0
118	134	5	0
123	134	4	0
125	134	5	0
130	134	5	0
142	134	5	0
145	134	4	0
151	134	4	0
169	134	5	0
178	134	3	0
184	134	5	0
187	134	3	0
189	134	5	0
194	134	2	0
195	134	5	0
201	134	4	0
207	134	4	0
210	134	5	0
214	134	4	0
215	134	4	0
216	134	4	0
230	134	4	0
234	134	5	0
236	134	4	0
237	134	5	0
239	134	5	0
263	134	5	0
268	134	5	0
269	134	4	0
271	134	3	0
272	134	5	0
288	134	2	0
293	134	5	0
295	134	5	0
296	134	5	0
298	134	5	0
299	134	4	0
303	134	5	0
305	134	5	0
308	134	5	0
311	134	5	0
312	134	5	0
313	134	5	0
318	134	5	0
321	134	3	0
325	134	4	0
326	134	3	0
334	134	5	0
338	134	5	0
339	134	5	0
342	134	4	0
343	134	5	0
346	134	5	0
354	134	4	0
360	134	5	0
363	134	2	0
370	134	4	0
380	134	3	0
381	134	5	0
382	134	3	0
383	134	5	0
385	134	5	0
389	134	5	0
391	134	4	0
392	134	5	0
393	134	2	0
397	134	5	0
398	134	3	0
406	134	5	0
407	134	5	0
409	134	5	0
416	134	4	0
417	134	4	0
419	134	5	0
426	134	4	0
429	134	5	0
437	134	5	0
450	134	3	0
452	134	3	0
454	134	3	0
457	134	5	0
458	134	5	0
459	134	3	0
465	134	4	0
469	134	5	0
474	134	4	0
478	134	2	0
488	134	2	0
492	134	3	0
493	134	3	0
498	134	3	0
500	134	5	0
503	134	5	0
514	134	3	0
522	134	5	0
524	134	5	0
527	134	5	0
533	134	4	0
535	134	5	0
537	134	5	0
543	134	5	0
553	134	4	0
556	134	5	0
560	134	5	0
566	134	5	0
567	134	5	0
568	134	5	0
573	134	4	0
592	134	5	0
608	134	3	0
617	134	3	0
625	134	4	0
632	134	5	0
640	134	5	0
641	134	5	0
645	134	5	0
647	134	4	0
650	134	5	0
655	134	4	0
659	134	4	0
660	134	4	0
663	134	5	0
664	134	5	0
665	134	4	0
666	134	5	0
686	134	5	0
693	134	4	0
698	134	3	0
704	134	5	0
707	134	4	0
710	134	5	0
711	134	5	0
716	134	5	0
741	134	5	0
747	134	5	0
749	134	4	0
753	134	4	0
758	134	5	0
766	134	5	0
771	134	4	0
776	134	4	0
781	134	5	0
796	134	3	0
802	134	3	0
804	134	4	0
815	134	4	0
823	134	5	0
830	134	3	0
833	134	5	0
835	134	3	0
836	134	3	0
838	134	3	0
840	134	3	0
846	134	4	0
848	134	5	0
854	134	4	0
864	134	5	0
867	134	5	0
870	134	4	0
875	134	5	0
881	134	5	0
883	134	5	0
889	134	4	0
890	134	5	0
892	134	5	0
894	134	4	0
896	134	5	0
902	134	3	0
910	134	3	0
911	134	4	0
916	134	5	0
924	134	4	0
928	134	5	0
929	134	4	0
932	134	4	0
934	134	4	0
1	135	4	0
5	135	4	0
6	135	5	0
7	135	5	0
10	135	5	0
11	135	4	0
13	135	5	0
16	135	4	0
18	135	3	0
25	135	3	0
30	135	5	0
31	135	4	0
41	135	4	0
42	135	4	0
44	135	5	0
58	135	4	0
59	135	5	0
60	135	5	0
62	135	4	0
64	135	4	0
65	135	4	0
70	135	4	0
71	135	4	0
72	135	4	0
73	135	5	0
76	135	5	0
82	135	3	0
85	135	5	0
87	135	5	0
90	135	5	0
91	135	4	0
92	135	4	0
94	135	4	0
95	135	3	0
97	135	5	0
114	135	4	0
118	135	5	0
121	135	5	0
122	135	4	0
123	135	5	0
144	135	5	0
145	135	5	0
148	135	5	0
151	135	5	0
154	135	5	0
160	135	4	0
161	135	2	0
177	135	5	0
178	135	2	0
187	135	4	0
189	135	4	0
194	135	3	0
195	135	5	0
198	135	5	0
200	135	4	0
207	135	2	0
210	135	5	0
213	135	5	0
214	135	3	0
222	135	5	0
224	135	1	0
230	135	2	0
233	135	4	0
234	135	4	0
235	135	4	0
236	135	2	0
239	135	5	0
244	135	4	0
249	135	5	0
250	135	5	0
254	135	5	0
263	135	5	0
267	135	5	0
268	135	4	0
269	135	4	0
271	135	4	0
275	135	3	0
276	135	5	0
280	135	4	0
290	135	4	0
292	135	4	0
293	135	5	0
297	135	4	0
299	135	4	0
305	135	3	0
307	135	4	0
308	135	5	0
311	135	4	0
313	135	5	0
321	135	4	0
325	135	5	0
326	135	3	0
328	135	3	0
330	135	3	0
334	135	4	0
337	135	5	0
338	135	5	0
339	135	5	0
342	135	3	0
343	135	5	0
354	135	3	0
370	135	4	0
373	135	1	0
374	135	4	0
378	135	2	0
379	135	4	0
380	135	3	0
381	135	5	0
382	135	3	0
383	135	5	0
385	135	3	0
387	135	5	0
389	135	2	0
393	135	1	0
397	135	5	0
398	135	3	0
401	135	1	0
402	135	4	0
405	135	5	0
406	135	5	0
407	135	3	0
409	135	5	0
412	135	4	0
417	135	3	0
426	135	3	0
435	135	3	0
437	135	4	0
447	135	5	0
450	135	3	0
452	135	3	0
454	135	2	0
455	135	5	0
456	135	4	0
457	135	5	0
465	135	3	0
468	135	5	0
472	135	4	0
474	135	5	0
479	135	4	0
484	135	4	0
488	135	4	0
495	135	3	0
496	135	2	0
498	135	5	0
500	135	5	0
506	135	5	0
514	135	4	0
521	135	4	0
522	135	5	0
524	135	3	0
527	135	2	0
532	135	3	0
533	135	3	0
535	135	3	0
536	135	5	0
537	135	5	0
543	135	5	0
545	135	4	0
551	135	5	0
553	135	4	0
556	135	2	0
561	135	4	0
562	135	5	0
566	135	5	0
567	135	3	0
568	135	4	0
573	135	4	0
592	135	5	0
601	135	4	0
605	135	5	0
606	135	5	0
610	135	3	0
615	135	4	0
618	135	4	0
621	135	5	0
622	135	4	0
625	135	5	0
627	135	4	0
629	135	5	0
639	135	4	0
642	135	3	0
645	135	5	0
650	135	4	0
653	135	5	0
655	135	4	0
659	135	3	0
660	135	4	0
661	135	5	0
665	135	4	0
666	135	4	0
670	135	3	0
682	135	4	0
686	135	5	0
693	135	4	0
694	135	5	0
698	135	3	0
704	135	5	0
707	135	2	0
710	135	5	0
711	135	4	0
715	135	2	0
716	135	3	0
721	135	3	0
727	135	2	0
738	135	5	0
746	135	1	0
747	135	5	0
748	135	4	0
749	135	4	0
756	135	2	0
758	135	5	0
763	135	5	0
766	135	4	0
774	135	3	0
776	135	4	0
777	135	3	0
781	135	5	0
788	135	3	0
790	135	3	0
795	135	3	0
802	135	4	0
804	135	3	0
805	135	4	0
807	135	5	0
815	135	2	0
823	135	4	0
833	135	4	0
835	135	5	0
840	135	5	0
843	135	5	0
846	135	4	0
847	135	4	0
848	135	4	0
854	135	4	0
862	135	5	0
867	135	5	0
868	135	5	0
870	135	3	0
875	135	4	0
881	135	4	0
882	135	5	0
883	135	4	0
885	135	2	0
889	135	2	0
890	135	5	0
892	135	5	0
896	135	3	0
897	135	3	0
899	135	4	0
901	135	4	0
916	135	4	0
918	135	1	0
922	135	2	0
928	135	4	0
929	135	5	0
932	135	5	0
933	135	4	0
934	135	4	0
942	135	3	0
1	175	5	0
6	175	4	0
7	175	5	0
10	175	3	0
11	175	3	0
13	175	4	0
14	175	5	0
18	175	4	0
22	175	4	0
23	175	5	0
31	175	5	0
41	175	5	0
42	175	2	0
43	175	2	0
44	175	4	0
49	175	5	0
58	175	5	0
59	175	4	0
60	175	5	0
64	175	5	0
69	175	3	0
70	175	3	0
71	175	4	0
73	175	5	0
76	175	4	0
77	175	4	0
82	175	4	0
85	175	4	0
90	175	3	0
92	175	4	0
94	175	4	0
95	175	5	0
97	175	5	0
102	175	4	0
109	175	1	0
114	175	5	0
118	175	5	0
122	175	5	0
125	175	2	0
132	175	3	0
148	175	4	0
151	175	5	0
154	175	5	0
158	175	4	0
160	175	4	0
177	175	5	0
184	175	3	0
187	175	2	0
189	175	5	0
194	175	3	0
198	175	3	0
201	175	2	0
207	175	1	0
213	175	4	0
214	175	5	0
218	175	3	0
222	175	3	0
232	175	5	0
234	175	2	0
235	175	4	0
239	175	5	0
246	175	4	0
249	175	4	0
250	175	5	0
253	175	2	0
264	175	5	0
267	175	5	0
269	175	5	0
272	175	5	0
276	175	5	0
279	175	5	0
283	175	4	0
286	175	5	0
288	175	1	0
291	175	2	0
293	175	2	0
297	175	4	0
299	175	5	0
305	175	4	0
307	175	4	0
308	175	5	0
312	175	3	0
313	175	4	0
315	175	5	0
321	175	3	0
325	175	5	0
326	175	1	0
327	175	2	0
331	175	4	0
334	175	4	0
338	175	4	0
339	175	5	0
342	175	5	0
343	175	5	0
344	175	5	0
346	175	4	0
352	175	1	0
354	175	5	0
360	175	3	0
370	175	3	0
371	175	1	0
373	175	3	0
378	175	4	0
379	175	5	0
381	175	5	0
385	175	4	0
387	175	5	0
399	175	3	0
405	175	1	0
406	175	5	0
407	175	4	0
409	175	4	0
412	175	4	0
421	175	2	0
435	175	4	0
443	175	2	0
447	175	3	0
456	175	3	0
457	175	5	0
465	175	5	0
472	175	5	0
474	175	4	0
476	175	4	0
479	175	4	0
480	175	3	0
493	175	4	0
497	175	4	0
498	175	5	0
500	175	5	0
506	175	5	0
508	175	4	0
514	175	4	0
524	175	3	0
527	175	3	0
537	175	4	0
542	175	3	0
543	175	3	0
545	175	4	0
561	175	4	0
567	175	5	0
583	175	5	0
606	175	4	0
615	175	5	0
617	175	4	0
622	175	4	0
627	175	1	0
638	175	4	0
640	175	5	0
645	175	5	0
648	175	3	0
650	175	4	0
653	175	2	0
655	175	3	0
659	175	5	0
660	175	3	0
661	175	2	0
664	175	4	0
666	175	4	0
669	175	4	0
670	175	2	0
682	175	3	0
698	175	3	0
704	175	3	0
715	175	3	0
716	175	2	0
721	175	5	0
737	175	5	0
738	175	4	0
747	175	4	0
748	175	5	0
749	175	3	0
757	175	3	0
758	175	4	0
766	175	3	0
773	175	4	0
774	175	3	0
788	175	3	0
795	175	5	0
804	175	4	0
805	175	5	0
806	175	5	0
815	175	3	0
823	175	4	0
833	175	4	0
838	175	3	0
840	175	4	0
843	175	4	0
844	175	3	0
846	175	5	0
854	175	4	0
862	175	5	0
867	175	5	0
878	175	2	0
881	175	2	0
883	175	5	0
886	175	4	0
889	175	4	0
892	175	4	0
896	175	2	0
903	175	4	0
913	175	5	0
916	175	4	0
918	175	3	0
922	175	3	0
930	175	2	0
932	175	4	0
933	175	4	0
934	175	4	0
1	177	5	0
6	177	4	0
7	177	4	0
8	177	4	0
13	177	5	0
18	177	3	0
23	177	4	0
25	177	3	0
59	177	4	0
71	177	2	0
72	177	4	0
87	177	5	0
90	177	5	0
94	177	5	0
95	177	3	0
109	177	4	0
115	177	5	0
148	177	2	0
158	177	4	0
161	177	2	0
172	177	4	0
183	177	5	0
186	177	4	0
188	177	4	0
193	177	4	0
194	177	3	0
197	177	5	0
200	177	4	0
207	177	3	0
233	177	4	0
234	177	3	0
263	177	4	0
267	177	5	0
269	177	5	0
271	177	3	0
288	177	3	0
293	177	4	0
308	177	5	0
311	177	5	0
312	177	3	0
313	177	4	0
320	177	5	0
325	177	5	0
326	177	3	0
328	177	3	0
330	177	4	0
343	177	4	0
346	177	4	0
347	177	5	0
371	177	4	0
373	177	3	0
379	177	4	0
380	177	3	0
382	177	4	0
385	177	4	0
391	177	4	0
397	177	5	0
405	177	1	0
407	177	4	0
425	177	3	0
429	177	4	0
435	177	5	0
442	177	4	0
450	177	4	0
456	177	4	0
472	177	4	0
479	177	4	0
497	177	4	0
499	177	3	0
505	177	3	0
506	177	5	0
514	177	3	0
527	177	5	0
532	177	4	0
533	177	4	0
537	177	3	0
543	177	4	0
545	177	3	0
551	177	5	0
553	177	4	0
566	177	4	0
567	177	4	0
586	177	3	0
600	177	5	0
627	177	5	0
633	177	3	0
643	177	4	0
645	177	4	0
647	177	5	0
648	177	5	0
650	177	2	0
653	177	3	0
659	177	5	0
660	177	2	0
665	177	3	0
666	177	3	0
671	177	4	0
693	177	3	0
694	177	5	0
698	177	1	0
712	177	2	0
716	177	2	0
727	177	4	0
738	177	4	0
745	177	3	0
758	177	5	0
766	177	3	0
767	177	5	0
774	177	4	0
776	177	4	0
786	177	4	0
788	177	3	0
804	177	5	0
806	177	3	0
807	177	4	0
819	177	4	0
826	177	5	0
830	177	4	0
833	177	5	0
843	177	3	0
846	177	3	0
862	177	4	0
870	177	4	0
871	177	5	0
880	177	5	0
881	177	4	0
882	177	5	0
886	177	4	0
889	177	4	0
892	177	4	0
897	177	5	0
899	177	3	0
903	177	4	0
916	177	3	0
932	177	4	0
933	177	4	0
934	177	3	0
1	179	3	0
7	179	5	0
10	179	5	0
13	179	2	0
18	179	4	0
49	179	5	0
56	179	3	0
59	179	5	0
60	179	4	0
62	179	4	0
64	179	5	0
65	179	3	0
73	179	5	0
77	179	5	0
85	179	4	0
87	179	4	0
90	179	5	0
92	179	5	0
94	179	5	0
95	179	3	0
109	179	4	0
114	179	5	0
117	179	5	0
118	179	5	0
128	179	3	0
130	179	4	0
162	179	3	0
177	179	5	0
178	179	2	0
187	179	5	0
189	179	5	0
194	179	4	0
198	179	4	0
200	179	4	0
201	179	5	0
202	179	1	0
207	179	4	0
210	179	3	0
212	179	1	0
214	179	5	0
215	179	4	0
219	179	5	0
226	179	4	0
234	179	3	0
235	179	5	0
236	179	1	0
237	179	4	0
239	179	5	0
244	179	5	0
248	179	3	0
249	179	5	0
250	179	4	0
259	179	4	0
262	179	4	0
264	179	5	0
267	179	5	0
268	179	4	0
269	179	4	0
271	179	4	0
276	179	5	0
286	179	5	0
291	179	5	0
293	179	4	0
296	179	4	0
299	179	4	0
301	179	3	0
303	179	5	0
305	179	1	0
308	179	4	0
311	179	2	0
312	179	5	0
318	179	4	0
322	179	5	0
323	179	4	0
325	179	5	0
327	179	2	0
334	179	4	0
339	179	5	0
340	179	1	0
342	179	5	0
343	179	5	0
350	179	5	0
358	179	4	0
361	179	4	0
363	179	4	0
367	179	5	0
369	179	4	0
371	179	3	0
373	179	3	0
374	179	1	0
378	179	2	0
379	179	5	0
380	179	3	0
387	179	5	0
389	179	4	0
392	179	5	0
394	179	5	0
399	179	3	0
405	179	1	0
406	179	5	0
407	179	3	0
409	179	5	0
416	179	2	0
417	179	4	0
420	179	5	0
429	179	3	0
435	179	5	0
436	179	3	0
437	179	4	0
449	179	4	0
450	179	5	0
452	179	5	0
456	179	5	0
457	179	4	0
458	179	4	0
465	179	3	0
474	179	5	0
479	179	1	0
487	179	3	0
495	179	5	0
498	179	4	0
500	179	4	0
504	179	1	0
508	179	4	0
514	179	4	0
521	179	4	0
522	179	5	0
523	179	3	0
524	179	5	0
527	179	3	0
535	179	4	0
536	179	2	0
537	179	4	0
542	179	4	0
543	179	4	0
554	179	3	0
561	179	4	0
565	179	5	0
567	179	5	0
568	179	2	0
573	179	4	0
577	179	2	0
579	179	3	0
592	179	5	0
593	179	5	0
601	179	5	0
606	179	5	0
615	179	4	0
617	179	4	0
625	179	4	0
627	179	5	0
639	179	1	0
643	179	4	0
645	179	5	0
648	179	4	0
650	179	2	0
653	179	4	0
655	179	4	0
659	179	1	0
660	179	4	0
661	179	4	0
664	179	4	0
666	179	5	0
682	179	4	0
686	179	5	0
694	179	4	0
710	179	4	0
715	179	4	0
721	179	5	0
727	179	3	0
738	179	3	0
747	179	5	0
748	179	4	0
749	179	4	0
751	179	4	0
753	179	2	0
757	179	4	0
758	179	5	0
766	179	4	0
773	179	5	0
774	179	5	0
776	179	4	0
781	179	5	0
786	179	4	0
805	179	4	0
806	179	5	0
815	179	2	0
828	179	4	0
833	179	5	0
835	179	5	0
838	179	5	0
840	179	5	0
843	179	4	0
844	179	3	0
846	179	5	0
848	179	5	0
855	179	3	0
861	179	1	0
862	179	5	0
868	179	4	0
870	179	4	0
875	179	5	0
878	179	4	0
880	179	4	0
881	179	5	0
884	179	5	0
885	179	1	0
886	179	2	0
889	179	3	0
890	179	5	0
894	179	5	0
896	179	2	0
897	179	3	0
899	179	2	0
903	179	5	0
913	179	3	0
916	179	3	0
918	179	2	0
932	179	5	0
933	179	5	0
934	179	2	0
1	180	3	0
6	180	4	0
7	180	5	0
10	180	5	0
11	180	2	0
13	180	5	0
16	180	5	0
18	180	4	0
24	180	5	0
29	180	4	0
41	180	5	0
59	180	4	0
60	180	4	0
62	180	4	0
72	180	4	0
73	180	4	0
85	180	4	0
87	180	4	0
90	180	4	0
92	180	5	0
94	180	5	0
95	180	3	0
109	180	3	0
114	180	3	0
116	180	5	0
118	180	5	0
121	180	3	0
122	180	5	0
128	180	5	0
144	180	4	0
156	180	5	0
178	180	3	0
188	180	5	0
189	180	5	0
194	180	3	0
198	180	3	0
201	180	3	0
207	180	3	0
210	180	4	0
212	180	1	0
213	180	5	0
214	180	5	0
215	180	3	0
222	180	3	0
226	180	4	0
233	180	5	0
234	180	3	0
237	180	4	0
239	180	5	0
244	180	4	0
248	180	3	0
259	180	5	0
263	180	4	0
267	180	5	0
268	180	3	0
269	180	3	0
271	180	5	0
276	180	5	0
279	180	2	0
280	180	4	0
288	180	5	0
290	180	1	0
292	180	5	0
293	180	5	0
296	180	5	0
301	180	3	0
305	180	4	0
308	180	5	0
311	180	4	0
312	180	4	0
313	180	5	0
315	180	4	0
316	180	4	0
321	180	4	0
323	180	5	0
325	180	4	0
326	180	1	0
327	180	4	0
328	180	4	0
331	180	5	0
333	180	1	0
338	180	4	0
339	180	5	0
340	180	3	0
343	180	5	0
346	180	5	0
347	180	5	0
354	180	3	0
363	180	3	0
371	180	4	0
373	180	3	0
378	180	3	0
380	180	2	0
382	180	5	0
383	180	5	0
385	180	4	0
387	180	4	0
391	180	5	0
392	180	5	0
399	180	3	0
405	180	3	0
406	180	5	0
407	180	4	0
409	180	5	0
415	180	5	0
417	180	5	0
425	180	4	0
429	180	5	0
437	180	4	0
447	180	5	0
450	180	4	0
452	180	4	0
456	180	4	0
457	180	5	0
458	180	4	0
465	180	3	0
468	180	5	0
474	180	5	0
479	180	4	0
483	180	2	0
488	180	2	0
493	180	4	0
498	180	4	0
504	180	4	0
508	180	5	0
514	180	3	0
522	180	5	0
524	180	4	0
527	180	5	0
533	180	3	0
535	180	4	0
536	180	4	0
537	180	4	0
542	180	3	0
543	180	4	0
551	180	5	0
557	180	5	0
559	180	4	0
561	180	4	0
573	180	4	0
592	180	5	0
603	180	4	0
605	180	4	0
606	180	4	0
607	180	4	0
615	180	4	0
621	180	4	0
627	180	5	0
640	180	5	0
645	180	4	0
648	180	1	0
650	180	3	0
653	180	5	0
659	180	5	0
661	180	5	0
663	180	4	0
664	180	4	0
666	180	4	0
682	180	3	0
686	180	5	0
693	180	3	0
694	180	4	0
700	180	3	0
704	180	4	0
710	180	4	0
711	180	4	0
716	180	3	0
727	180	3	0
737	180	4	0
738	180	5	0
741	180	4	0
747	180	5	0
748	180	4	0
749	180	4	0
753	180	2	0
766	180	4	0
767	180	5	0
774	180	5	0
777	180	5	0
778	180	4	0
781	180	4	0
786	180	4	0
788	180	4	0
796	180	2	0
804	180	4	0
805	180	3	0
806	180	4	0
821	180	5	0
823	180	4	0
833	180	5	0
835	180	5	0
836	180	5	0
840	180	5	0
843	180	3	0
846	180	5	0
847	180	2	0
848	180	2	0
851	180	5	0
854	180	4	0
862	180	5	0
867	180	5	0
868	180	4	0
870	180	3	0
875	180	5	0
880	180	5	0
881	180	5	0
882	180	4	0
886	180	5	0
887	180	4	0
888	180	4	0
889	180	4	0
892	180	5	0
896	180	5	0
897	180	5	0
899	180	3	0
901	180	2	0
903	180	5	0
913	180	3	0
916	180	5	0
932	180	4	0
933	180	5	0
1	185	4	0
5	185	3	0
6	185	5	0
7	185	5	0
10	185	5	0
11	185	4	0
13	185	3	0
18	185	3	0
21	185	5	0
23	185	4	0
28	185	5	0
38	185	2	0
42	185	4	0
44	185	4	0
48	185	4	0
49	185	5	0
58	185	2	0
59	185	5	0
60	185	4	0
64	185	4	0
65	185	4	0
70	185	4	0
82	185	3	0
90	185	5	0
94	185	5	0
95	185	3	0
96	185	5	0
102	185	3	0
115	185	5	0
116	185	3	0
118	185	5	0
123	185	4	0
130	185	5	0
135	185	4	0
138	185	4	0
145	185	4	0
148	185	1	0
151	185	4	0
154	185	5	0
160	185	5	0
184	185	4	0
188	185	4	0
189	185	5	0
194	185	4	0
198	185	3	0
201	185	5	0
207	185	4	0
210	185	4	0
213	185	5	0
214	185	5	0
215	185	4	0
217	185	3	0
222	185	4	0
223	185	2	0
230	185	4	0
234	185	3	0
235	185	4	0
236	185	5	0
237	185	4	0
239	185	4	0
246	185	5	0
248	185	3	0
251	185	5	0
255	185	4	0
256	185	5	0
259	185	4	0
262	185	3	0
264	185	5	0
268	185	3	0
269	185	5	0
270	185	5	0
271	185	3	0
276	185	4	0
285	185	3	0
293	185	5	0
297	185	5	0
298	185	3	0
299	185	3	0
303	185	5	0
307	185	3	0
308	185	4	0
311	185	2	0
312	185	5	0
313	185	5	0
315	185	4	0
316	185	2	0
320	185	4	0
322	185	5	0
325	185	5	0
326	185	5	0
328	185	4	0
329	185	3	0
330	185	4	0
334	185	4	0
339	185	4	0
350	185	5	0
354	185	3	0
361	185	5	0
363	185	5	0
366	185	5	0
367	185	5	0
371	185	3	0
372	185	5	0
374	185	5	0
375	185	5	0
379	185	5	0
380	185	4	0
383	185	5	0
385	185	5	0
389	185	5	0
398	185	5	0
401	185	4	0
405	185	4	0
406	185	5	0
407	185	5	0
415	185	4	0
416	185	4	0
417	185	3	0
421	185	4	0
422	185	4	0
425	185	2	0
426	185	5	0
429	185	4	0
435	185	4	0
437	185	5	0
450	185	5	0
452	185	5	0
454	185	2	0
456	185	4	0
457	185	5	0
472	185	5	0
474	185	5	0
479	185	4	0
480	185	2	0
488	185	4	0
492	185	3	0
495	185	5	0
497	185	3	0
498	185	4	0
503	185	5	0
504	185	5	0
508	185	5	0
514	185	3	0
524	185	4	0
527	185	5	0
528	185	4	0
535	185	4	0
537	185	4	0
539	185	4	0
543	185	4	0
546	185	4	0
548	185	5	0
551	185	5	0
561	185	4	0
562	185	5	0
567	185	5	0
568	185	4	0
573	185	3	0
586	185	2	0
592	185	5	0
601	185	4	0
604	185	2	0
606	185	3	0
608	185	5	0
610	185	5	0
617	185	5	0
618	185	5	0
622	185	3	0
623	185	4	0
638	185	5	0
643	185	5	0
645	185	5	0
648	185	5	0
650	185	3	0
653	185	2	0
655	185	4	0
659	185	4	0
661	185	5	0
665	185	4	0
666	185	4	0
682	185	4	0
686	185	5	0
691	185	5	0
693	185	5	0
694	185	4	0
699	185	4	0
704	185	4	0
707	185	3	0
710	185	4	0
711	185	4	0
716	185	5	0
719	185	4	0
747	185	5	0
749	185	4	0
753	185	3	0
758	185	4	0
760	185	2	0
766	185	4	0
773	185	4	0
774	185	2	0
776	185	4	0
788	185	4	0
796	185	4	0
802	185	3	0
804	185	4	0
805	185	5	0
814	185	3	0
815	185	3	0
833	185	5	0
835	185	4	0
836	185	5	0
840	185	5	0
843	185	3	0
846	185	5	0
847	185	2	0
848	185	3	0
854	185	4	0
862	185	5	0
870	185	4	0
875	185	4	0
877	185	4	0
880	185	5	0
881	185	5	0
882	185	5	0
883	185	5	0
889	185	4	0
890	185	5	0
897	185	5	0
903	185	5	0
907	185	4	0
908	185	4	0
911	185	5	0
912	185	3	0
913	185	4	0
921	185	3	0
925	185	4	0
929	185	5	0
932	185	4	0
943	185	2	0
1	187	4	0
6	187	4	0
7	187	4	0
8	187	4	0
13	187	5	0
18	187	5	0
22	187	5	0
48	187	5	0
59	187	5	0
64	187	5	0
72	187	4	0
73	187	5	0
85	187	5	0
89	187	5	0
90	187	4	0
91	187	5	0
94	187	4	0
96	187	5	0
102	187	3	0
115	187	5	0
116	187	5	0
122	187	4	0
123	187	4	0
138	187	5	0
144	187	4	0
153	187	2	0
154	187	5	0
156	187	5	0
158	187	5	0
160	187	5	0
161	187	3	0
165	187	3	0
175	187	4	0
177	187	4	0
178	187	4	0
184	187	4	0
188	187	3	0
193	187	4	0
194	187	4	0
197	187	5	0
198	187	4	0
201	187	3	0
207	187	5	0
210	187	5	0
213	187	5	0
214	187	4	0
233	187	4	0
234	187	4	0
236	187	3	0
237	187	3	0
239	187	5	0
248	187	3	0
256	187	3	0
267	187	5	0
269	187	4	0
271	187	5	0
272	187	5	0
276	187	5	0
293	187	3	0
296	187	5	0
298	187	5	0
301	187	4	0
303	187	5	0
305	187	4	0
308	187	5	0
311	187	4	0
312	187	5	0
313	187	4	0
315	187	4	0
316	187	2	0
318	187	4	0
325	187	3	0
326	187	1	0
328	187	4	0
334	187	4	0
339	187	5	0
343	187	4	0
346	187	3	0
347	187	5	0
350	187	5	0
360	187	4	0
363	187	2	0
373	187	2	0
379	187	5	0
385	187	4	0
387	187	4	0
389	187	5	0
391	187	4	0
399	187	3	0
405	187	5	0
406	187	2	0
409	187	3	0
416	187	5	0
421	187	4	0
425	187	3	0
435	187	4	0
436	187	5	0
450	187	5	0
452	187	3	0
456	187	4	0
458	187	5	0
466	187	3	0
474	187	5	0
479	187	4	0
488	187	3	0
492	187	5	0
497	187	5	0
498	187	4	0
503	187	5	0
504	187	3	0
505	187	1	0
506	187	5	0
524	187	5	0
527	187	5	0
532	187	4	0
533	187	4	0
535	187	2	0
537	187	4	0
538	187	5	0
542	187	4	0
543	187	4	0
551	187	5	0
553	187	5	0
556	187	5	0
559	187	3	0
567	187	5	0
568	187	3	0
586	187	4	0
592	187	5	0
600	187	5	0
605	187	5	0
606	187	4	0
608	187	4	0
610	187	4	0
615	187	5	0
618	187	5	0
619	187	5	0
627	187	5	0
629	187	5	0
638	187	2	0
643	187	4	0
648	187	3	0
650	187	2	0
653	187	4	0
655	187	5	0
659	187	5	0
663	187	5	0
664	187	5	0
666	187	5	0
669	187	5	0
682	187	5	0
683	187	5	0
686	187	5	0
693	187	3	0
694	187	4	0
698	187	2	0
704	187	4	0
709	187	5	0
710	187	5	0
716	187	3	0
727	187	5	0
737	187	5	0
739	187	4	0
747	187	5	0
748	187	4	0
749	187	3	0
753	187	3	0
766	187	4	0
767	187	4	0
773	187	5	0
774	187	3	0
776	187	4	0
780	187	5	0
781	187	5	0
786	187	4	0
788	187	4	0
794	187	5	0
796	187	5	0
804	187	4	0
806	187	5	0
823	187	5	0
826	187	4	0
830	187	2	0
833	187	5	0
835	187	4	0
836	187	5	0
838	187	3	0
840	187	3	0
846	187	4	0
862	187	4	0
868	187	4	0
871	187	5	0
875	187	4	0
876	187	4	0
880	187	5	0
881	187	4	0
886	187	4	0
887	187	4	0
889	187	4	0
890	187	5	0
892	187	5	0
896	187	5	0
897	187	5	0
902	187	3	0
903	187	5	0
928	187	5	0
929	187	5	0
933	187	4	0
943	187	5	0
1	193	4	0
6	193	3	0
7	193	5	0
13	193	5	0
18	193	5	0
44	193	3	0
48	193	2	0
56	193	5	0
58	193	3	0
59	193	4	0
70	193	4	0
85	193	3	0
90	193	4	0
91	193	3	0
92	193	4	0
94	193	5	0
95	193	3	0
97	193	4	0
116	193	4	0
118	193	5	0
119	193	4	0
122	193	4	0
128	193	3	0
144	193	4	0
151	193	4	0
175	193	4	0
178	193	4	0
194	193	4	0
198	193	4	0
200	193	4	0
201	193	3	0
213	193	4	0
222	193	4	0
224	193	4	0
225	193	4	0
233	193	4	0
234	193	4	0
235	193	5	0
244	193	4	0
271	193	5	0
272	193	4	0
276	193	4	0
279	193	2	0
290	193	4	0
292	193	4	0
293	193	3	0
298	193	5	0
301	193	3	0
307	193	3	0
308	193	3	0
311	193	5	0
313	193	4	0
318	193	3	0
321	193	3	0
325	193	4	0
330	193	5	0
334	193	4	0
342	193	5	0
343	193	4	0
350	193	4	0
354	193	3	0
360	193	5	0
363	193	3	0
370	193	4	0
374	193	4	0
378	193	4	0
379	193	4	0
383	193	4	0
387	193	5	0
405	193	4	0
406	193	4	0
407	193	3	0
412	193	4	0
429	193	4	0
435	193	3	0
450	193	5	0
454	193	2	0
455	193	4	0
457	193	5	0
458	193	4	0
472	193	5	0
474	193	4	0
479	193	3	0
488	193	3	0
492	193	4	0
499	193	4	0
505	193	3	0
506	193	4	0
524	193	4	0
527	193	3	0
528	193	4	0
533	193	4	0
535	193	4	0
537	193	4	0
545	193	3	0
551	193	5	0
561	193	3	0
592	193	5	0
593	193	4	0
608	193	4	0
618	193	4	0
627	193	5	0
629	193	5	0
630	193	3	0
639	193	3	0
648	193	4	0
650	193	3	0
653	193	4	0
655	193	3	0
666	193	4	0
676	193	5	0
693	193	4	0
694	193	4	0
704	193	5	0
705	193	3	0
711	193	4	0
715	193	5	0
716	193	5	0
734	193	4	0
738	193	5	0
748	193	3	0
751	193	5	0
753	193	4	0
757	193	4	0
766	193	3	0
774	193	5	0
776	193	3	0
778	193	4	0
788	193	4	0
796	193	3	0
804	193	4	0
807	193	4	0
815	193	4	0
823	193	5	0
830	193	5	0
835	193	4	0
843	193	3	0
846	193	5	0
851	193	4	0
862	193	4	0
868	193	2	0
870	193	5	0
881	193	5	0
882	193	5	0
889	193	4	0
890	193	4	0
897	193	3	0
899	193	3	0
911	193	4	0
916	193	4	0
919	193	2	0
932	193	3	0
933	193	4	0
934	193	4	0
940	193	3	0
942	193	5	0
943	193	4	0
1	194	4	0
5	194	4	0
6	194	4	0
7	194	5	0
10	194	4	0
11	194	4	0
13	194	5	0
16	194	5	0
18	194	3	0
20	194	3	0
22	194	5	0
23	194	4	0
41	194	3	0
42	194	5	0
44	194	5	0
48	194	4	0
56	194	5	0
57	194	4	0
58	194	3	0
59	194	3	0
60	194	4	0
64	194	5	0
65	194	4	0
72	194	4	0
80	194	3	0
82	194	4	0
84	194	5	0
85	194	4	0
87	194	5	0
90	194	5	0
94	194	4	0
95	194	5	0
96	194	2	0
97	194	3	0
98	194	5	0
102	194	3	0
106	194	5	0
119	194	5	0
125	194	5	0
138	194	5	0
144	194	5	0
148	194	5	0
151	194	4	0
158	194	5	0
161	194	1	0
178	194	4	0
188	194	3	0
189	194	5	0
193	194	4	0
194	194	4	0
207	194	4	0
208	194	5	0
213	194	4	0
215	194	4	0
218	194	3	0
225	194	5	0
232	194	4	0
233	194	4	0
234	194	5	0
235	194	5	0
236	194	3	0
239	194	5	0
243	194	4	0
248	194	4	0
263	194	5	0
264	194	5	0
268	194	4	0
269	194	5	0
271	194	5	0
272	194	5	0
283	194	4	0
285	194	4	0
292	194	4	0
293	194	4	0
295	194	4	0
296	194	5	0
297	194	3	0
298	194	5	0
299	194	3	0
301	194	4	0
303	194	5	0
308	194	5	0
311	194	4	0
312	194	4	0
313	194	4	0
315	194	4	0
318	194	5	0
321	194	3	0
322	194	5	0
326	194	4	0
328	194	3	0
329	194	3	0
338	194	3	0
339	194	4	0
342	194	3	0
343	194	5	0
352	194	3	0
360	194	3	0
361	194	4	0
371	194	3	0
373	194	4	0
377	194	5	0
378	194	4	0
379	194	5	0
380	194	4	0
385	194	3	0
387	194	3	0
389	194	4	0
391	194	4	0
393	194	4	0
397	194	3	0
398	194	5	0
401	194	4	0
405	194	1	0
406	194	5	0
407	194	4	0
411	194	5	0
416	194	5	0
421	194	4	0
426	194	4	0
429	194	4	0
433	194	5	0
435	194	4	0
450	194	5	0
452	194	4	0
454	194	3	0
456	194	3	0
457	194	5	0
458	194	2	0
459	194	3	0
464	194	5	0
465	194	4	0
469	194	5	0
474	194	5	0
476	194	5	0
487	194	5	0
494	194	4	0
497	194	3	0
499	194	4	0
503	194	4	0
504	194	3	0
506	194	5	0
514	194	4	0
516	194	4	0
523	194	5	0
524	194	4	0
528	194	5	0
533	194	4	0
535	194	5	0
537	194	3	0
542	194	4	0
543	194	3	0
545	194	3	0
559	194	3	0
561	194	4	0
562	194	5	0
567	194	3	0
568	194	3	0
571	194	3	0
573	194	4	0
575	194	4	0
577	194	4	0
579	194	5	0
591	194	4	0
592	194	4	0
606	194	4	0
613	194	5	0
615	194	5	0
622	194	4	0
623	194	5	0
629	194	5	0
632	194	4	0
638	194	3	0
639	194	4	0
643	194	4	0
645	194	4	0
648	194	5	0
650	194	4	0
653	194	3	0
661	194	5	0
664	194	4	0
665	194	3	0
666	194	3	0
669	194	3	0
686	194	5	0
690	194	4	0
692	194	4	0
694	194	5	0
698	194	4	0
707	194	4	0
716	194	5	0
721	194	5	0
731	194	3	0
741	194	4	0
745	194	4	0
747	194	3	0
748	194	4	0
749	194	5	0
751	194	5	0
753	194	4	0
763	194	5	0
766	194	3	0
774	194	3	0
776	194	4	0
788	194	4	0
796	194	4	0
798	194	4	0
802	194	4	0
804	194	4	0
807	194	4	0
823	194	5	0
830	194	4	0
833	194	3	0
835	194	4	0
840	194	3	0
843	194	2	0
846	194	4	0
854	194	3	0
864	194	4	0
870	194	3	0
878	194	4	0
880	194	5	0
881	194	3	0
882	194	3	0
883	194	3	0
886	194	3	0
889	194	5	0
890	194	5	0
892	194	4	0
897	194	5	0
899	194	5	0
901	194	5	0
908	194	3	0
911	194	4	0
912	194	4	0
916	194	4	0
921	194	3	0
932	194	5	0
933	194	4	0
940	194	5	0
943	194	5	0
1	197	5	0
6	197	5	0
7	197	4	0
10	197	5	0
13	197	4	0
16	197	5	0
18	197	4	0
25	197	3	0
44	197	4	0
59	197	5	0
60	197	4	0
64	197	3	0
65	197	5	0
69	197	5	0
70	197	4	0
71	197	5	0
72	197	5	0
73	197	5	0
76	197	5	0
82	197	4	0
85	197	5	0
89	197	5	0
90	197	5	0
95	197	4	0
97	197	3	0
114	197	4	0
121	197	4	0
122	197	5	0
123	197	5	0
128	197	4	0
144	197	4	0
151	197	5	0
154	197	5	0
156	197	5	0
161	197	3	0
174	197	5	0
177	197	4	0
178	197	2	0
184	197	4	0
185	197	5	0
187	197	4	0
189	197	5	0
194	197	4	0
198	197	4	0
201	197	4	0
207	197	4	0
208	197	5	0
210	197	5	0
212	197	5	0
213	197	5	0
215	197	4	0
232	197	4	0
233	197	5	0
234	197	5	0
235	197	5	0
237	197	4	0
244	197	4	0
263	197	4	0
269	197	5	0
271	197	4	0
276	197	5	0
280	197	2	0
288	197	5	0
292	197	5	0
297	197	3	0
298	197	4	0
299	197	3	0
301	197	5	0
305	197	2	0
307	197	4	0
308	197	3	0
311	197	4	0
312	197	4	0
313	197	5	0
316	197	4	0
318	197	5	0
321	197	5	0
322	197	5	0
325	197	4	0
326	197	1	0
327	197	4	0
329	197	4	0
330	197	5	0
334	197	4	0
338	197	5	0
339	197	5	0
342	197	4	0
343	197	4	0
345	197	4	0
354	197	4	0
360	197	5	0
361	197	5	0
371	197	4	0
373	197	3	0
374	197	5	0
376	197	4	0
378	197	3	0
379	197	5	0
380	197	3	0
382	197	4	0
383	197	5	0
385	197	4	0
387	197	2	0
389	197	5	0
391	197	5	0
392	197	5	0
397	197	5	0
398	197	5	0
401	197	4	0
405	197	4	0
406	197	4	0
407	197	4	0
409	197	3	0
416	197	5	0
419	197	5	0
421	197	3	0
426	197	4	0
429	197	4	0
437	197	5	0
450	197	5	0
452	197	5	0
454	197	4	0
455	197	5	0
456	197	4	0
457	197	5	0
474	197	5	0
479	197	4	0
480	197	3	0
481	197	3	0
483	197	3	0
484	197	4	0
487	197	3	0
488	197	2	0
497	197	3	0
498	197	5	0
503	197	5	0
504	197	4	0
514	197	4	0
523	197	5	0
524	197	4	0
527	197	4	0
532	197	5	0
533	197	5	0
535	197	5	0
536	197	3	0
537	197	4	0
539	197	5	0
543	197	4	0
553	197	5	0
557	197	5	0
559	197	4	0
560	197	4	0
561	197	4	0
562	197	4	0
567	197	5	0
592	197	5	0
606	197	3	0
608	197	5	0
615	197	4	0
618	197	3	0
621	197	4	0
625	197	5	0
627	197	5	0
629	197	5	0
639	197	3	0
643	197	4	0
645	197	5	0
647	197	5	0
648	197	3	0
650	197	4	0
653	197	3	0
655	197	3	0
659	197	5	0
660	197	3	0
661	197	4	0
664	197	4	0
666	197	4	0
667	197	4	0
686	197	5	0
690	197	4	0
693	197	3	0
694	197	5	0
704	197	5	0
707	197	4	0
710	197	4	0
711	197	4	0
716	197	5	0
721	197	4	0
727	197	3	0
731	197	5	0
738	197	4	0
739	197	1	0
748	197	3	0
749	197	4	0
751	197	3	0
756	197	2	0
758	197	3	0
763	197	4	0
766	197	3	0
771	197	1	0
774	197	1	0
778	197	4	0
786	197	3	0
796	197	3	0
798	197	2	0
802	197	3	0
804	197	4	0
805	197	5	0
806	197	4	0
823	197	5	0
830	197	4	0
831	197	4	0
833	197	3	0
835	197	5	0
840	197	5	0
843	197	2	0
846	197	4	0
848	197	5	0
849	197	5	0
854	197	4	0
862	197	4	0
864	197	4	0
867	197	4	0
870	197	5	0
871	197	3	0
874	197	4	0
877	197	4	0
878	197	4	0
881	197	3	0
883	197	4	0
899	197	4	0
911	197	4	0
912	197	5	0
914	197	4	0
918	197	2	0
929	197	3	0
932	197	5	0
934	197	5	0
942	197	5	0
1	199	4	0
6	199	4	0
7	199	5	0
10	199	4	0
13	199	5	0
16	199	5	0
18	199	3	0
53	199	5	0
57	199	5	0
58	199	4	0
59	199	4	0
60	199	5	0
62	199	4	0
64	199	4	0
77	199	5	0
80	199	2	0
82	199	4	0
85	199	5	0
87	199	5	0
90	199	5	0
92	199	3	0
95	199	5	0
116	199	4	0
119	199	5	0
151	199	3	0
169	199	4	0
178	199	4	0
185	199	4	0
188	199	4	0
189	199	5	0
193	199	5	0
194	199	4	0
211	199	5	0
212	199	5	0
213	199	5	0
230	199	3	0
234	199	5	0
236	199	4	0
237	199	4	0
254	199	4	0
263	199	5	0
271	199	4	0
275	199	4	0
288	199	4	0
290	199	3	0
292	199	5	0
293	199	5	0
296	199	5	0
298	199	4	0
301	199	4	0
305	199	4	0
308	199	4	0
311	199	4	0
312	199	5	0
313	199	4	0
316	199	3	0
321	199	4	0
323	199	4	0
325	199	5	0
326	199	5	0
328	199	4	0
329	199	4	0
339	199	5	0
340	199	5	0
343	199	5	0
354	199	4	0
360	199	5	0
370	199	4	0
379	199	4	0
380	199	3	0
385	199	3	0
387	199	4	0
389	199	5	0
392	199	5	0
397	199	5	0
398	199	4	0
401	199	3	0
405	199	1	0
406	199	5	0
409	199	4	0
416	199	5	0
426	199	5	0
429	199	5	0
435	199	5	0
450	199	5	0
452	199	5	0
454	199	3	0
458	199	4	0
465	199	3	0
469	199	4	0
474	199	5	0
479	199	5	0
481	199	5	0
483	199	3	0
488	199	4	0
492	199	3	0
494	199	4	0
503	199	4	0
504	199	4	0
505	199	4	0
506	199	4	0
514	199	3	0
516	199	3	0
524	199	4	0
536	199	3	0
537	199	4	0
538	199	5	0
543	199	4	0
545	199	4	0
553	199	4	0
559	199	5	0
561	199	4	0
567	199	4	0
568	199	3	0
594	199	4	0
608	199	1	0
615	199	5	0
622	199	5	0
627	199	5	0
629	199	5	0
639	199	3	0
648	199	4	0
650	199	4	0
653	199	4	0
659	199	4	0
661	199	5	0
666	199	5	0
670	199	4	0
693	199	3	0
694	199	5	0
698	199	2	0
707	199	2	0
716	199	4	0
721	199	4	0
727	199	4	0
738	199	4	0
747	199	4	0
748	199	4	0
749	199	5	0
753	199	5	0
758	199	4	0
774	199	4	0
780	199	5	0
786	199	4	0
788	199	5	0
796	199	3	0
804	199	5	0
807	199	5	0
815	199	4	0
840	199	4	0
843	199	3	0
846	199	5	0
848	199	5	0
862	199	5	0
868	199	5	0
881	199	5	0
882	199	5	0
883	199	4	0
889	199	5	0
896	199	3	0
897	199	4	0
911	199	3	0
918	199	3	0
932	199	5	0
934	199	4	0
1	203	4	0
6	203	3	0
7	203	5	0
10	203	4	0
11	203	4	0
12	203	3	0
23	203	4	0
42	203	4	0
43	203	4	0
51	203	4	0
58	203	5	0
59	203	4	0
64	203	4	0
72	203	3	0
76	203	4	0
84	203	3	0
85	203	5	0
90	203	5	0
92	203	4	0
94	203	5	0
95	203	3	0
99	203	4	0
116	203	5	0
130	203	4	0
135	203	4	0
145	203	5	0
151	203	3	0
177	203	4	0
178	203	4	0
182	203	3	0
183	203	3	0
184	203	3	0
186	203	5	0
189	203	3	0
194	203	3	0
198	203	3	0
201	203	5	0
207	203	3	0
215	203	3	0
218	203	4	0
226	203	5	0
230	203	2	0
233	203	3	0
236	203	4	0
239	203	1	0
249	203	5	0
253	203	4	0
256	203	4	0
264	203	2	0
267	203	5	0
268	203	5	0
271	203	4	0
276	203	4	0
279	203	2	0
280	203	4	0
292	203	4	0
293	203	3	0
298	203	3	0
301	203	4	0
303	203	5	0
305	203	4	0
308	203	5	0
311	203	5	0
313	203	5	0
315	203	3	0
323	203	5	0
327	203	3	0
328	203	5	0
334	203	4	0
339	203	4	0
343	203	5	0
344	203	4	0
346	203	4	0
347	203	5	0
361	203	5	0
374	203	3	0
378	203	4	0
379	203	4	0
383	203	5	0
387	203	4	0
391	203	4	0
393	203	4	0
398	203	4	0
399	203	4	0
401	203	4	0
405	203	1	0
406	203	4	0
407	203	4	0
409	203	5	0
416	203	3	0
417	203	4	0
429	203	5	0
435	203	4	0
437	203	1	0
442	203	3	0
445	203	3	0
450	203	4	0
452	203	3	0
454	203	2	0
457	203	4	0
458	203	5	0
474	203	5	0
479	203	3	0
480	203	4	0
488	203	4	0
498	203	5	0
505	203	4	0
506	203	4	0
521	203	3	0
524	203	4	0
527	203	4	0
528	203	4	0
532	203	5	0
533	203	4	0
535	203	3	0
537	203	4	0
545	203	4	0
548	203	5	0
551	203	5	0
560	203	4	0
561	203	4	0
566	203	4	0
567	203	4	0
577	203	3	0
586	203	3	0
592	203	5	0
606	203	5	0
610	203	4	0
618	203	3	0
632	203	3	0
641	203	4	0
643	203	4	0
645	203	4	0
647	203	3	0
648	203	1	0
650	203	3	0
655	203	3	0
664	203	4	0
666	203	4	0
671	203	3	0
680	203	3	0
690	203	4	0
694	203	4	0
709	203	4	0
711	203	4	0
716	203	4	0
727	203	5	0
738	203	3	0
745	203	3	0
749	203	4	0
757	203	5	0
758	203	5	0
771	203	1	0
774	203	2	0
786	203	4	0
788	203	5	0
790	203	4	0
795	203	3	0
796	203	3	0
804	203	4	0
815	203	4	0
830	203	4	0
833	203	5	0
840	203	5	0
846	203	5	0
854	203	4	0
862	203	4	0
864	203	5	0
867	203	4	0
870	203	4	0
877	203	4	0
882	203	4	0
889	203	2	0
892	203	5	0
896	203	5	0
897	203	4	0
899	203	4	0
903	203	4	0
911	203	4	0
913	203	4	0
916	203	4	0
932	203	4	0
1	205	3	0
6	205	3	0
7	205	5	0
10	205	5	0
13	205	2	0
41	205	4	0
59	205	3	0
60	205	4	0
80	205	5	0
85	205	4	0
91	205	5	0
95	205	3	0
97	205	2	0
125	205	5	0
156	205	3	0
185	205	3	0
188	205	3	0
194	205	3	0
200	205	4	0
207	205	4	0
210	205	4	0
211	205	5	0
215	205	3	0
230	205	3	0
233	205	4	0
234	205	3	0
239	205	3	0
263	205	5	0
268	205	5	0
269	205	3	0
271	205	5	0
272	205	5	0
285	205	4	0
288	205	5	0
290	205	3	0
298	205	5	0
301	205	4	0
308	205	3	0
311	205	5	0
312	205	5	0
313	205	5	0
318	205	3	0
321	205	5	0
325	205	4	0
326	205	4	0
328	205	4	0
330	205	3	0
339	205	5	0
340	205	4	0
360	205	5	0
379	205	5	0
383	205	4	0
385	205	2	0
387	205	5	0
389	205	4	0
391	205	5	0
398	205	5	0
405	205	3	0
406	205	2	0
407	205	4	0
409	205	3	0
426	205	4	0
433	205	3	0
450	205	4	0
474	205	5	0
479	205	3	0
488	205	4	0
492	205	4	0
499	205	5	0
503	205	4	0
504	205	3	0
506	205	5	0
522	205	4	0
524	205	5	0
532	205	5	0
533	205	5	0
535	205	3	0
536	205	5	0
537	205	5	0
545	205	4	0
551	205	5	0
553	205	4	0
559	205	5	0
561	205	3	0
567	205	3	0
573	205	3	0
627	205	5	0
643	205	5	0
648	205	3	0
650	205	4	0
653	205	1	0
655	205	3	0
666	205	3	0
669	205	4	0
682	205	3	0
686	205	5	0
691	205	5	0
694	205	5	0
698	205	4	0
704	205	5	0
715	205	5	0
716	205	5	0
727	205	5	0
731	205	1	0
738	205	5	0
745	205	2	0
747	205	5	0
749	205	4	0
757	205	4	0
761	205	4	0
766	205	5	0
774	205	4	0
777	205	4	0
781	205	5	0
788	205	4	0
804	205	4	0
807	205	3	0
830	205	5	0
833	205	4	0
835	205	3	0
843	205	4	0
846	205	5	0
862	205	4	0
881	205	4	0
882	205	5	0
890	205	5	0
897	205	3	0
900	205	4	0
908	205	3	0
910	205	4	0
911	205	3	0
924	205	4	0
929	205	4	0
932	205	5	0
940	205	3	0
943	205	5	0
1	208	5	0
5	208	4	0
6	208	4	0
7	208	5	0
11	208	4	0
13	208	5	0
16	208	5	0
18	208	4	0
20	208	2	0
22	208	5	0
25	208	4	0
43	208	5	0
44	208	4	0
49	208	4	0
59	208	5	0
60	208	5	0
70	208	4	0
80	208	5	0
82	208	3	0
85	208	5	0
87	208	5	0
90	208	3	0
92	208	4	0
94	208	4	0
95	208	4	0
97	208	5	0
102	208	4	0
125	208	3	0
151	208	4	0
158	208	5	0
162	208	3	0
184	208	4	0
194	208	3	0
198	208	3	0
200	208	5	0
207	208	4	0
208	208	4	0
210	208	5	0
214	208	5	0
215	208	4	0
218	208	3	0
222	208	3	0
233	208	4	0
234	208	4	0
239	208	3	0
243	208	4	0
244	208	5	0
246	208	4	0
264	208	5	0
268	208	4	0
269	208	2	0
271	208	4	0
272	208	4	0
274	208	4	0
275	208	3	0
279	208	5	0
283	208	5	0
286	208	4	0
287	208	4	0
290	208	3	0
293	208	3	0
295	208	5	0
297	208	4	0
298	208	5	0
299	208	4	0
303	208	5	0
308	208	4	0
311	208	4	0
312	208	5	0
313	208	3	0
318	208	4	0
325	208	3	0
326	208	3	0
330	208	5	0
334	208	5	0
336	208	2	0
338	208	3	0
339	208	4	0
342	208	4	0
343	208	4	0
344	208	5	0
347	208	2	0
354	208	4	0
358	208	2	0
363	208	4	0
373	208	4	0
379	208	4	0
380	208	2	0
385	208	3	0
387	208	3	0
389	208	5	0
394	208	5	0
398	208	5	0
405	208	5	0
406	208	2	0
407	208	4	0
411	208	4	0
412	208	4	0
417	208	3	0
421	208	2	0
426	208	4	0
429	208	4	0
435	208	4	0
437	208	5	0
445	208	2	0
450	208	5	0
456	208	4	0
457	208	4	0
458	208	4	0
472	208	5	0
474	208	3	0
476	208	5	0
480	208	2	0
488	208	4	0
493	208	4	0
495	208	5	0
497	208	3	0
499	208	4	0
500	208	4	0
504	208	4	0
506	208	4	0
508	208	5	0
514	208	4	0
521	208	3	0
522	208	5	0
523	208	5	0
524	208	5	0
527	208	4	0
533	208	4	0
537	208	4	0
538	208	3	0
542	208	4	0
545	208	3	0
576	208	3	0
577	208	4	0
588	208	3	0
601	208	4	0
606	208	3	0
615	208	4	0
621	208	4	0
625	208	3	0
642	208	5	0
643	208	5	0
645	208	5	0
648	208	5	0
650	208	5	0
653	208	3	0
655	208	3	0
660	208	4	0
666	208	3	0
669	208	2	0
684	208	3	0
686	208	5	0
690	208	5	0
692	208	4	0
704	208	3	0
707	208	5	0
715	208	3	0
716	208	5	0
727	208	4	0
738	208	4	0
746	208	4	0
747	208	5	0
748	208	4	0
749	208	5	0
758	208	4	0
766	208	5	0
774	208	2	0
780	208	3	0
786	208	5	0
790	208	3	0
795	208	4	0
798	208	3	0
804	208	5	0
807	208	4	0
831	208	2	0
833	208	3	0
840	208	4	0
843	208	3	0
846	208	5	0
850	208	5	0
862	208	2	0
864	208	4	0
868	208	3	0
870	208	4	0
880	208	5	0
881	208	3	0
882	208	5	0
883	208	4	0
885	208	3	0
886	208	3	0
889	208	4	0
890	208	5	0
892	208	4	0
897	208	5	0
899	208	3	0
911	208	4	0
918	208	3	0
932	208	5	0
934	208	5	0
1	209	4	0
5	209	5	0
6	209	4	0
13	209	3	0
16	209	5	0
18	209	4	0
22	209	4	0
23	209	5	0
28	209	4	0
41	209	4	0
44	209	5	0
48	209	5	0
49	209	5	0
58	209	5	0
59	209	5	0
60	209	5	0
62	209	4	0
64	209	5	0
77	209	4	0
85	209	4	0
87	209	5	0
90	209	5	0
92	209	5	0
94	209	5	0
95	209	4	0
98	209	2	0
109	209	1	0
119	209	4	0
124	209	3	0
125	209	4	0
128	209	4	0
138	209	4	0
144	209	2	0
145	209	4	0
148	209	5	0
151	209	4	0
158	209	5	0
160	209	4	0
177	209	4	0
178	209	4	0
187	209	4	0
188	209	2	0
189	209	1	0
194	209	3	0
201	209	3	0
214	209	5	0
218	209	5	0
222	209	4	0
226	209	3	0
230	209	1	0
232	209	3	0
234	209	4	0
239	209	5	0
244	209	4	0
249	209	5	0
264	209	5	0
267	209	5	0
268	209	4	0
269	209	4	0
276	209	4	0
279	209	5	0
283	209	4	0
286	209	4	0
292	209	5	0
293	209	3	0
295	209	5	0
296	209	4	0
297	209	4	0
299	209	3	0
303	209	5	0
305	209	5	0
307	209	5	0
308	209	4	0
311	209	2	0
312	209	3	0
315	209	5	0
327	209	4	0
330	209	3	0
334	209	3	0
339	209	5	0
342	209	5	0
354	209	3	0
370	209	5	0
373	209	4	0
385	209	4	0
387	209	5	0
389	209	4	0
391	209	5	0
392	209	5	0
405	209	3	0
406	209	1	0
407	209	5	0
409	209	5	0
411	209	4	0
416	209	5	0
417	209	4	0
425	209	2	0
429	209	4	0
442	209	4	0
445	209	4	0
447	209	4	0
456	209	3	0
457	209	5	0
458	209	4	0
468	209	5	0
474	209	5	0
476	209	4	0
479	209	4	0
480	209	4	0
493	209	5	0
506	209	4	0
508	209	5	0
514	209	3	0
524	209	4	0
527	209	4	0
535	209	5	0
536	209	2	0
537	209	4	0
542	209	4	0
551	209	5	0
554	209	4	0
556	209	5	0
561	209	4	0
567	209	4	0
579	209	4	0
583	209	4	0
606	209	4	0
615	209	5	0
622	209	5	0
625	209	3	0
640	209	5	0
641	209	4	0
643	209	5	0
645	209	5	0
650	209	3	0
655	209	3	0
660	209	4	0
661	209	4	0
664	209	4	0
666	209	4	0
682	209	3	0
686	209	5	0
704	209	3	0
709	209	3	0
716	209	3	0
721	209	3	0
727	209	3	0
738	209	4	0
741	209	3	0
747	209	3	0
748	209	4	0
749	209	4	0
751	209	4	0
758	209	5	0
763	209	4	0
766	209	3	0
773	209	5	0
778	209	4	0
785	209	3	0
790	209	1	0
795	209	5	0
796	209	3	0
804	209	3	0
805	209	4	0
806	209	3	0
823	209	4	0
833	209	5	0
840	209	4	0
843	209	3	0
846	209	4	0
848	209	5	0
864	209	3	0
868	209	4	0
870	209	4	0
880	209	3	0
881	209	3	0
883	209	3	0
885	209	2	0
886	209	4	0
889	209	2	0
896	209	3	0
899	209	5	0
908	209	3	0
911	209	5	0
913	209	2	0
916	209	3	0
929	209	3	0
932	209	5	0
933	209	2	0
934	209	1	0
940	209	4	0
1	211	3	0
5	211	4	0
6	211	5	0
7	211	5	0
10	211	5	0
11	211	3	0
13	211	4	0
14	211	4	0
18	211	5	0
19	211	4	0
22	211	3	0
23	211	4	0
38	211	1	0
42	211	4	0
43	211	4	0
44	211	4	0
59	211	5	0
60	211	4	0
64	211	4	0
65	211	4	0
70	211	3	0
82	211	4	0
85	211	5	0
87	211	5	0
90	211	5	0
91	211	2	0
94	211	5	0
95	211	3	0
98	211	4	0
102	211	3	0
103	211	3	0
106	211	4	0
109	211	5	0
125	211	3	0
138	211	4	0
151	211	5	0
154	211	4	0
156	211	4	0
160	211	4	0
169	211	5	0
188	211	4	0
194	211	4	0
201	211	3	0
207	211	5	0
208	211	5	0
210	211	5	0
215	211	4	0
230	211	5	0
234	211	3	0
235	211	5	0
236	211	3	0
237	211	4	0
246	211	4	0
254	211	3	0
264	211	5	0
268	211	4	0
269	211	4	0
271	211	5	0
272	211	5	0
274	211	5	0
279	211	4	0
283	211	4	0
286	211	4	0
288	211	5	0
290	211	3	0
293	211	4	0
296	211	4	0
297	211	4	0
298	211	5	0
299	211	4	0
308	211	4	0
311	211	3	0
312	211	4	0
313	211	5	0
315	211	4	0
318	211	5	0
321	211	4	0
325	211	3	0
326	211	4	0
327	211	3	0
328	211	4	0
338	211	4	0
339	211	5	0
340	211	3	0
343	211	5	0
346	211	4	0
350	211	2	0
354	211	2	0
373	211	4	0
379	211	5	0
380	211	3	0
385	211	3	0
387	211	4	0
389	211	4	0
398	211	4	0
401	211	4	0
405	211	1	0
406	211	5	0
407	211	4	0
409	211	4	0
412	211	4	0
416	211	5	0
417	211	4	0
426	211	4	0
429	211	5	0
435	211	4	0
437	211	4	0
447	211	4	0
450	211	5	0
452	211	2	0
454	211	2	0
456	211	4	0
474	211	5	0
476	211	5	0
479	211	4	0
481	211	5	0
484	211	4	0
488	211	4	0
495	211	5	0
500	211	3	0
503	211	5	0
504	211	4	0
506	211	4	0
508	211	3	0
514	211	3	0
523	211	4	0
524	211	5	0
527	211	4	0
533	211	4	0
535	211	4	0
537	211	4	0
538	211	4	0
543	211	4	0
545	211	3	0
551	211	5	0
560	211	4	0
561	211	4	0
573	211	5	0
579	211	3	0
591	211	4	0
593	211	4	0
606	211	5	0
607	211	5	0
615	211	5	0
623	211	3	0
638	211	4	0
643	211	4	0
645	211	4	0
648	211	4	0
650	211	4	0
653	211	1	0
655	211	3	0
659	211	3	0
660	211	4	0
666	211	4	0
682	211	4	0
690	211	3	0
692	211	4	0
693	211	2	0
694	211	5	0
698	211	2	0
699	211	1	0
704	211	5	0
707	211	3	0
716	211	5	0
727	211	4	0
738	211	3	0
747	211	5	0
749	211	5	0
753	211	4	0
758	211	4	0
766	211	4	0
774	211	3	0
786	211	4	0
788	211	4	0
790	211	4	0
796	211	3	0
804	211	4	0
807	211	4	0
823	211	5	0
830	211	4	0
833	211	3	0
843	211	2	0
846	211	2	0
847	211	4	0
860	211	3	0
862	211	5	0
867	211	3	0
868	211	3	0
870	211	3	0
875	211	5	0
882	211	4	0
883	211	5	0
889	211	4	0
890	211	2	0
896	211	4	0
897	211	5	0
901	211	4	0
903	211	5	0
911	211	3	0
916	211	4	0
918	211	2	0
924	211	3	0
932	211	5	0
933	211	4	0
934	211	4	0
4	357	4	0
6	357	4	0
7	357	5	0
10	357	5	0
11	357	5	0
13	357	3	0
14	357	2	0
16	357	5	0
18	357	4	0
20	357	1	0
23	357	3	0
24	357	5	0
25	357	4	0
41	357	4	0
42	357	5	0
44	357	4	0
48	357	5	0
59	357	5	0
60	357	4	0
62	357	4	0
71	357	5	0
72	357	4	0
73	357	5	0
77	357	3	0
82	357	4	0
85	357	4	0
90	357	5	0
91	357	5	0
94	357	5	0
95	357	4	0
97	357	5	0
109	357	2	0
114	357	4	0
115	357	5	0
121	357	5	0
122	357	3	0
125	357	3	0
130	357	5	0
138	357	4	0
144	357	4	0
148	357	5	0
151	357	5	0
153	357	5	0
154	357	4	0
156	357	4	0
163	357	4	0
184	357	5	0
188	357	4	0
194	357	4	0
198	357	5	0
200	357	5	0
201	357	4	0
207	357	5	0
210	357	5	0
211	357	2	0
213	357	5	0
214	357	5	0
215	357	4	0
216	357	4	0
222	357	4	0
230	357	5	0
232	357	4	0
233	357	5	0
234	357	4	0
237	357	4	0
244	357	5	0
249	357	4	0
250	357	4	0
254	357	3	0
259	357	5	0
263	357	5	0
268	357	4	0
269	357	5	0
271	357	5	0
272	357	5	0
276	357	5	0
285	357	5	0
286	357	4	0
288	357	5	0
290	357	3	0
293	357	4	0
295	357	4	0
296	357	5	0
297	357	4	0
298	357	5	0
301	357	5	0
303	357	5	0
305	357	5	0
308	357	4	0
311	357	5	0
312	357	5	0
313	357	5	0
316	357	4	0
318	357	4	0
321	357	4	0
325	357	4	0
327	357	4	0
328	357	4	0
330	357	4	0
339	357	5	0
342	357	3	0
343	357	5	0
344	357	5	0
347	357	5	0
358	357	4	0
360	357	5	0
371	357	5	0
373	357	4	0
376	357	4	0
379	357	5	0
380	357	4	0
382	357	4	0
383	357	5	0
385	357	4	0
387	357	5	0
391	357	5	0
393	357	2	0
397	357	5	0
398	357	4	0
401	357	4	0
405	357	5	0
406	357	4	0
407	357	4	0
409	357	5	0
412	357	4	0
416	357	5	0
417	357	5	0
425	357	5	0
429	357	5	0
435	357	4	0
450	357	5	0
453	357	5	0
454	357	3	0
456	357	4	0
457	357	5	0
458	357	3	0
459	357	4	0
465	357	4	0
466	357	4	0
468	357	5	0
474	357	5	0
478	357	5	0
479	357	4	0
488	357	4	0
493	357	5	0
494	357	5	0
495	357	5	0
499	357	5	0
504	357	4	0
508	357	5	0
514	357	4	0
516	357	3	0
527	357	5	0
530	357	5	0
532	357	5	0
533	357	3	0
535	357	2	0
537	357	4	0
539	357	4	0
542	357	5	0
543	357	4	0
551	357	5	0
555	357	4	0
561	357	3	0
562	357	1	0
567	357	2	0
571	357	4	0
575	357	5	0
583	357	5	0
591	357	5	0
592	357	4	0
593	357	5	0
594	357	4	0
601	357	4	0
605	357	5	0
608	357	5	0
615	357	5	0
617	357	4	0
625	357	3	0
629	357	4	0
630	357	3	0
632	357	4	0
639	357	3	0
640	357	5	0
642	357	2	0
643	357	5	0
645	357	5	0
647	357	5	0
648	357	2	0
650	357	4	0
653	357	4	0
655	357	4	0
659	357	4	0
660	357	2	0
661	357	4	0
663	357	5	0
665	357	4	0
666	357	4	0
667	357	5	0
669	357	4	0
679	357	5	0
682	357	3	0
686	357	5	0
690	357	5	0
693	357	5	0
694	357	5	0
698	357	4	0
710	357	4	0
716	357	5	0
719	357	4	0
721	357	5	0
731	357	5	0
737	357	5	0
738	357	4	0
741	357	5	0
747	357	5	0
748	357	3	0
749	357	4	0
753	357	4	0
763	357	4	0
766	357	4	0
773	357	4	0
774	357	2	0
777	357	5	0
780	357	5	0
786	357	5	0
788	357	4	0
796	357	4	0
804	357	5	0
805	357	5	0
806	357	3	0
815	357	5	0
821	357	5	0
833	357	4	0
835	357	5	0
836	357	5	0
840	357	5	0
843	357	2	0
846	357	4	0
848	357	5	0
854	357	4	0
862	357	3	0
864	357	5	0
870	357	5	0
874	357	5	0
875	357	5	0
880	357	5	0
881	357	5	0
882	357	4	0
886	357	4	0
889	357	4	0
890	357	5	0
892	357	5	0
899	357	4	0
903	357	5	0
908	357	3	0
910	357	4	0
911	357	4	0
912	357	5	0
913	357	5	0
932	357	5	0
933	357	4	0
940	357	4	0
942	357	4	0
5	427	3	0
6	427	4	0
7	427	5	0
11	427	4	0
13	427	5	0
14	427	5	0
16	427	5	0
18	427	5	0
23	427	5	0
24	427	5	0
25	427	4	0
42	427	4	0
44	427	3	0
48	427	4	0
52	427	5	0
59	427	5	0
60	427	5	0
65	427	5	0
69	427	3	0
72	427	5	0
75	427	4	0
85	427	3	0
87	427	4	0
90	427	5	0
91	427	4	0
118	427	5	0
121	427	4	0
122	427	3	0
123	427	3	0
125	427	4	0
128	427	5	0
130	427	5	0
151	427	5	0
178	427	5	0
187	427	5	0
194	427	4	0
198	427	4	0
212	427	4	0
214	427	5	0
225	427	5	0
228	427	4	0
230	427	5	0
234	427	4	0
236	427	5	0
239	427	5	0
249	427	5	0
251	427	4	0
253	427	5	0
262	427	4	0
269	427	5	0
271	427	5	0
276	427	5	0
288	427	5	0
291	427	4	0
293	427	4	0
295	427	4	0
296	427	5	0
298	427	5	0
301	427	4	0
303	427	4	0
305	427	5	0
307	427	3	0
308	427	4	0
312	427	5	0
313	427	5	0
316	427	5	0
326	427	4	0
328	427	3	0
330	427	5	0
334	427	4	0
338	427	4	0
339	427	5	0
342	427	4	0
343	427	5	0
347	427	4	0
350	427	5	0
370	427	5	0
373	427	4	0
374	427	3	0
376	427	4	0
379	427	5	0
380	427	4	0
383	427	5	0
385	427	4	0
389	427	5	0
391	427	5	0
398	427	4	0
405	427	5	0
406	427	4	0
407	427	4	0
409	427	5	0
412	427	4	0
416	427	5	0
421	427	4	0
424	427	4	0
426	427	5	0
429	427	5	0
435	427	3	0
436	427	3	0
450	427	5	0
452	427	4	0
453	427	3	0
454	427	4	0
456	427	4	0
458	427	4	0
468	427	5	0
474	427	5	0
478	427	4	0
481	427	4	0
484	427	5	0
494	427	5	0
499	427	5	0
503	427	5	0
521	427	3	0
527	427	4	0
528	427	4	0
532	427	5	0
533	427	4	0
535	427	4	0
536	427	5	0
537	427	4	0
541	427	4	0
542	427	5	0
553	427	5	0
556	427	5	0
559	427	4	0
561	427	4	0
562	427	4	0
567	427	3	0
568	427	4	0
573	427	4	0
575	427	4	0
577	427	4	0
586	427	3	0
592	427	5	0
601	427	4	0
606	427	4	0
608	427	4	0
610	427	5	0
615	427	5	0
617	427	4	0
618	427	5	0
622	427	4	0
639	427	4	0
641	427	4	0
642	427	3	0
645	427	5	0
647	427	4	0
650	427	4	0
655	427	4	0
661	427	4	0
664	427	4	0
665	427	5	0
666	427	4	0
667	427	5	0
669	427	4	0
675	427	5	0
682	427	4	0
686	427	5	0
693	427	4	0
694	427	4	0
696	427	5	0
698	427	1	0
705	427	2	0
707	427	4	0
709	427	4	0
711	427	5	0
716	427	5	0
719	427	4	0
731	427	5	0
737	427	3	0
741	427	5	0
745	427	4	0
747	427	5	0
748	427	4	0
753	427	5	0
758	427	4	0
773	427	3	0
776	427	3	0
780	427	3	0
788	427	2	0
790	427	4	0
796	427	4	0
799	427	5	0
807	427	4	0
815	427	5	0
821	427	5	0
823	427	4	0
829	427	4	0
830	427	5	0
833	427	3	0
835	427	4	0
843	427	2	0
846	427	4	0
848	427	5	0
849	427	4	0
868	427	4	0
870	427	4	0
878	427	5	0
882	427	5	0
887	427	5	0
889	427	4	0
890	427	5	0
896	427	4	0
899	427	5	0
903	427	5	0
907	427	5	0
908	427	5	0
911	427	3	0
912	427	5	0
913	427	4	0
916	427	4	0
922	427	5	0
924	427	4	0
932	427	4	0
934	427	4	0
940	427	5	0
942	427	5	0
943	427	4	0
5	435	4	0
6	435	4	0
7	435	5	0
8	435	5	0
10	435	5	0
11	435	4	0
13	435	5	0
18	435	4	0
19	435	5	0
22	435	5	0
30	435	5	0
41	435	3	0
56	435	3	0
59	435	5	0
60	435	4	0
64	435	4	0
65	435	4	0
72	435	5	0
82	435	5	0
85	435	4	0
87	435	5	0
90	435	5	0
91	435	4	0
94	435	4	0
96	435	3	0
97	435	4	0
98	435	5	0
102	435	3	0
106	435	3	0
123	435	5	0
125	435	4	0
138	435	5	0
144	435	4	0
151	435	4	0
158	435	5	0
161	435	2	0
167	435	5	0
178	435	4	0
187	435	4	0
193	435	4	0
194	435	4	0
197	435	5	0
201	435	4	0
207	435	4	0
208	435	5	0
210	435	4	0
230	435	4	0
232	435	4	0
233	435	5	0
234	435	3	0
235	435	5	0
236	435	4	0
243	435	4	0
254	435	3	0
263	435	4	0
268	435	4	0
269	435	3	0
271	435	4	0
275	435	3	0
283	435	5	0
288	435	4	0
290	435	3	0
293	435	4	0
295	435	5	0
296	435	5	0
297	435	3	0
298	435	5	0
299	435	3	0
303	435	5	0
308	435	4	0
312	435	4	0
313	435	5	0
316	435	2	0
318	435	5	0
321	435	5	0
325	435	3	0
326	435	3	0
327	435	4	0
328	435	4	0
333	435	4	0
338	435	4	0
339	435	4	0
340	435	4	0
343	435	4	0
347	435	5	0
350	435	5	0
354	435	4	0
361	435	5	0
363	435	3	0
370	435	3	0
371	435	3	0
373	435	4	0
378	435	4	0
379	435	5	0
380	435	3	0
383	435	4	0
385	435	3	0
387	435	3	0
389	435	4	0
391	435	5	0
397	435	4	0
398	435	5	0
401	435	5	0
405	435	1	0
406	435	5	0
409	435	3	0
411	435	3	0
424	435	3	0
425	435	3	0
426	435	3	0
429	435	4	0
433	435	4	0
435	435	3	0
436	435	4	0
437	435	3	0
447	435	4	0
450	435	4	0
452	435	3	0
454	435	2	0
455	435	4	0
458	435	4	0
468	435	4	0
474	435	5	0
476	435	3	0
481	435	5	0
493	435	5	0
495	435	5	0
498	435	3	0
503	435	3	0
505	435	3	0
506	435	5	0
513	435	5	0
514	435	3	0
523	435	5	0
524	435	4	0
533	435	4	0
535	435	5	0
536	435	3	0
537	435	3	0
542	435	4	0
553	435	4	0
559	435	2	0
561	435	3	0
562	435	4	0
568	435	2	0
576	435	4	0
579	435	5	0
591	435	4	0
600	435	5	0
606	435	4	0
607	435	3	0
613	435	5	0
615	435	5	0
623	435	5	0
627	435	5	0
629	435	4	0
638	435	3	0
643	435	5	0
645	435	4	0
648	435	5	0
650	435	4	0
655	435	2	0
660	435	4	0
666	435	4	0
667	435	3	0
684	435	3	0
686	435	5	0
690	435	5	0
694	435	4	0
698	435	3	0
704	435	4	0
716	435	4	0
721	435	4	0
727	435	3	0
741	435	4	0
749	435	4	0
753	435	4	0
756	435	3	0
758	435	5	0
766	435	3	0
788	435	3	0
804	435	3	0
807	435	3	0
815	435	4	0
821	435	4	0
826	435	4	0
830	435	5	0
833	435	2	0
840	435	4	0
843	435	2	0
846	435	5	0
848	435	3	0
850	435	4	0
851	435	4	0
862	435	5	0
870	435	3	0
871	435	3	0
876	435	4	0
878	435	4	0
880	435	4	0
881	435	3	0
883	435	4	0
886	435	3	0
889	435	4	0
890	435	5	0
892	435	4	0
896	435	4	0
897	435	3	0
899	435	3	0
901	435	5	0
911	435	5	0
929	435	3	0
932	435	4	0
933	435	4	0
934	435	4	0
942	435	5	0
5	443	4	0
7	443	5	0
13	443	4	0
16	443	5	0
18	443	3	0
21	443	4	0
28	443	4	0
42	443	3	0
44	443	5	0
56	443	4	0
59	443	5	0
60	443	4	0
62	443	3	0
72	443	3	0
85	443	4	0
90	443	4	0
94	443	4	0
95	443	3	0
102	443	3	0
115	443	4	0
130	443	5	0
135	443	4	0
145	443	3	0
151	443	5	0
169	443	4	0
184	443	3	0
188	443	4	0
193	443	4	0
194	443	3	0
200	443	5	0
201	443	3	0
210	443	4	0
211	443	1	0
215	443	4	0
230	443	4	0
234	443	3	0
236	443	4	0
239	443	5	0
254	443	3	0
255	443	1	0
256	443	3	0
262	443	3	0
263	443	5	0
264	443	5	0
270	443	3	0
271	443	3	0
276	443	4	0
293	443	4	0
297	443	2	0
301	443	4	0
303	443	4	0
308	443	3	0
311	443	3	0
312	443	4	0
313	443	5	0
325	443	4	0
326	443	5	0
328	443	4	0
330	443	4	0
334	443	3	0
338	443	5	0
345	443	5	0
361	443	3	0
363	443	4	0
366	443	5	0
367	443	4	0
370	443	5	0
371	443	4	0
372	443	4	0
374	443	5	0
375	443	4	0
377	443	4	0
378	443	4	0
379	443	4	0
380	443	4	0
381	443	5	0
385	443	3	0
393	443	3	0
405	443	4	0
406	443	4	0
407	443	3	0
416	443	5	0
421	443	5	0
425	443	2	0
429	443	4	0
435	443	3	0
437	443	4	0
450	443	4	0
452	443	5	0
456	443	4	0
457	443	4	0
472	443	4	0
480	443	4	0
496	443	2	0
498	443	3	0
500	443	4	0
503	443	5	0
504	443	3	0
506	443	4	0
508	443	4	0
524	443	4	0
530	443	4	0
533	443	3	0
536	443	3	0
537	443	3	0
543	443	4	0
548	443	4	0
561	443	4	0
562	443	5	0
566	443	4	0
577	443	4	0
588	443	3	0
592	443	5	0
601	443	4	0
604	443	3	0
608	443	5	0
617	443	4	0
618	443	4	0
642	443	2	0
643	443	4	0
648	443	2	0
650	443	5	0
655	443	4	0
659	443	5	0
661	443	4	0
666	443	4	0
671	443	3	0
682	443	3	0
690	443	3	0
693	443	2	0
707	443	3	0
716	443	4	0
747	443	5	0
749	443	4	0
766	443	3	0
776	443	3	0
788	443	4	0
796	443	2	0
798	443	3	0
802	443	4	0
804	443	5	0
805	443	5	0
814	443	3	0
815	443	3	0
833	443	3	0
840	443	5	0
843	443	4	0
846	443	4	0
848	443	5	0
864	443	4	0
870	443	3	0
881	443	5	0
887	443	4	0
890	443	4	0
897	443	5	0
901	443	3	0
903	443	5	0
911	443	4	0
912	443	4	0
918	443	3	0
932	443	4	0
943	443	2	0
6	474	5	0
7	474	5	0
10	474	4	0
13	474	4	0
14	474	4	0
18	474	4	0
25	474	4	0
41	474	5	0
44	474	4	0
58	474	4	0
59	474	5	0
60	474	5	0
62	474	4	0
73	474	5	0
76	474	5	0
77	474	5	0
82	474	3	0
85	474	5	0
90	474	5	0
91	474	3	0
92	474	4	0
94	474	5	0
95	474	4	0
96	474	4	0
114	474	5	0
118	474	5	0
124	474	3	0
125	474	3	0
138	474	5	0
144	474	4	0
148	474	5	0
151	474	5	0
154	474	5	0
160	474	4	0
162	474	3	0
188	474	4	0
189	474	5	0
194	474	4	0
198	474	5	0
213	474	2	0
215	474	4	0
226	474	3	0
232	474	5	0
234	474	4	0
235	474	5	0
237	474	5	0
239	474	5	0
248	474	2	0
250	474	5	0
267	474	5	0
268	474	5	0
269	474	4	0
271	474	3	0
272	474	5	0
276	474	5	0
279	474	5	0
290	474	3	0
293	474	5	0
297	474	4	0
298	474	4	0
299	474	5	0
301	474	4	0
303	474	5	0
305	474	5	0
307	474	5	0
312	474	5	0
313	474	5	0
318	474	4	0
321	474	4	0
325	474	5	0
326	474	5	0
327	474	3	0
328	474	4	0
334	474	3	0
338	474	4	0
339	474	4	0
343	474	5	0
360	474	5	0
363	474	5	0
373	474	3	0
379	474	5	0
380	474	4	0
382	474	5	0
383	474	5	0
385	474	5	0
387	474	5	0
389	474	5	0
391	474	5	0
397	474	5	0
398	474	4	0
406	474	5	0
407	474	3	0
409	474	5	0
417	474	4	0
421	474	4	0
425	474	4	0
426	474	4	0
433	474	3	0
435	474	3	0
447	474	3	0
450	474	5	0
452	474	3	0
454	474	4	0
456	474	5	0
457	474	5	0
458	474	4	0
465	474	3	0
469	474	5	0
474	474	5	0
479	474	5	0
487	474	4	0
488	474	2	0
492	474	5	0
498	474	4	0
499	474	4	0
508	474	5	0
514	474	5	0
516	474	5	0
521	474	3	0
524	474	4	0
527	474	3	0
533	474	3	0
536	474	5	0
537	474	5	0
541	474	5	0
543	474	5	0
545	474	3	0
553	474	5	0
561	474	5	0
567	474	5	0
568	474	5	0
603	474	4	0
607	474	4	0
622	474	3	0
640	474	4	0
643	474	5	0
645	474	5	0
648	474	4	0
650	474	4	0
653	474	4	0
655	474	3	0
659	474	2	0
660	474	2	0
666	474	5	0
669	474	4	0
670	474	3	0
686	474	5	0
694	474	4	0
716	474	5	0
727	474	3	0
737	474	5	0
738	474	4	0
747	474	5	0
748	474	4	0
757	474	3	0
758	474	5	0
766	474	5	0
776	474	5	0
780	474	3	0
781	474	5	0
788	474	3	0
796	474	2	0
804	474	4	0
823	474	5	0
830	474	5	0
833	474	5	0
840	474	5	0
843	474	3	0
846	474	5	0
847	474	4	0
848	474	5	0
862	474	5	0
864	474	4	0
867	474	5	0
868	474	4	0
870	474	4	0
875	474	5	0
878	474	5	0
881	474	3	0
886	474	4	0
889	474	4	0
890	474	5	0
896	474	3	0
899	474	3	0
900	474	4	0
911	474	5	0
912	474	3	0
913	474	5	0
916	474	4	0
929	474	4	0
932	474	5	0
933	474	5	0
934	474	4	0
940	474	3	0
6	479	5	0
7	479	4	0
9	479	4	0
10	479	5	0
16	479	5	0
18	479	4	0
23	479	5	0
25	479	5	0
28	479	4	0
42	479	4	0
43	479	4	0
48	479	4	0
51	479	3	0
59	479	5	0
60	479	5	0
72	479	4	0
73	479	5	0
82	479	4	0
83	479	5	0
85	479	4	0
90	479	5	0
91	479	4	0
96	479	4	0
115	479	5	0
116	479	4	0
121	479	5	0
123	479	4	0
125	479	4	0
154	479	4	0
182	479	5	0
189	479	5	0
194	479	3	0
201	479	4	0
213	479	4	0
214	479	4	0
225	479	4	0
234	479	5	0
237	479	5	0
239	479	5	0
249	479	5	0
267	479	4	0
268	479	4	0
269	479	4	0
271	479	4	0
276	479	5	0
292	479	4	0
293	479	4	0
297	479	5	0
298	479	5	0
299	479	4	0
303	479	5	0
305	479	3	0
308	479	5	0
311	479	5	0
312	479	5	0
313	479	5	0
321	479	4	0
322	479	5	0
323	479	4	0
326	479	5	0
330	479	5	0
331	479	2	0
334	479	4	0
338	479	5	0
339	479	5	0
344	479	4	0
345	479	4	0
350	479	5	0
354	479	4	0
360	479	4	0
378	479	4	0
380	479	4	0
381	479	5	0
383	479	4	0
385	479	5	0
389	479	4	0
391	479	4	0
393	479	4	0
397	479	4	0
398	479	4	0
402	479	5	0
406	479	4	0
407	479	4	0
409	479	5	0
415	479	4	0
416	479	5	0
429	479	4	0
435	479	3	0
437	479	5	0
445	479	3	0
450	479	4	0
452	479	5	0
454	479	4	0
456	479	5	0
464	479	4	0
474	479	5	0
479	479	4	0
480	479	4	0
481	479	4	0
492	479	3	0
494	479	3	0
495	479	4	0
498	479	3	0
500	479	5	0
503	479	4	0
504	479	4	0
506	479	4	0
524	479	4	0
527	479	4	0
528	479	4	0
533	479	4	0
535	479	4	0
537	479	4	0
542	479	4	0
543	479	4	0
551	479	3	0
553	479	5	0
556	479	5	0
561	479	4	0
566	479	4	0
567	479	5	0
568	479	5	0
573	479	4	0
592	479	4	0
601	479	4	0
608	479	5	0
622	479	4	0
625	479	4	0
648	479	4	0
650	479	5	0
655	479	4	0
659	479	5	0
664	479	5	0
666	479	4	0
669	479	5	0
670	479	5	0
698	479	2	0
699	479	3	0
707	479	3	0
710	479	5	0
716	479	4	0
734	479	4	0
741	479	5	0
744	479	5	0
747	479	5	0
748	479	4	0
751	479	2	0
758	479	5	0
776	479	4	0
796	479	4	0
799	479	5	0
804	479	4	0
815	479	4	0
831	479	4	0
833	479	2	0
840	479	4	0
846	479	4	0
847	479	3	0
848	479	5	0
854	479	4	0
862	479	4	0
870	479	5	0
875	479	4	0
883	479	5	0
889	479	4	0
890	479	5	0
892	479	5	0
894	479	5	0
896	479	3	0
897	479	4	0
899	479	4	0
902	479	4	0
903	479	4	0
908	479	4	0
911	479	5	0
912	479	4	0
929	479	4	0
932	479	5	0
942	479	4	0
6	480	4	0
7	480	4	0
10	480	5	0
12	480	4	0
13	480	3	0
16	480	5	0
18	480	4	0
25	480	4	0
28	480	5	0
29	480	4	0
44	480	4	0
48	480	4	0
58	480	3	0
59	480	5	0
60	480	4	0
63	480	3	0
64	480	3	0
72	480	5	0
73	480	4	0
82	480	4	0
85	480	4	0
90	480	5	0
91	480	4	0
123	480	3	0
144	480	4	0
151	480	5	0
154	480	5	0
156	480	5	0
169	480	4	0
178	480	3	0
184	480	4	0
185	480	4	0
189	480	5	0
198	480	4	0
201	480	4	0
215	480	5	0
225	480	5	0
226	480	4	0
234	480	4	0
235	480	4	0
249	480	5	0
250	480	5	0
251	480	5	0
263	480	3	0
267	480	4	0
268	480	5	0
271	480	4	0
279	480	3	0
293	480	5	0
296	480	5	0
297	480	4	0
299	480	4	0
303	480	4	0
305	480	5	0
308	480	4	0
311	480	4	0
312	480	5	0
313	480	5	0
318	480	4	0
321	480	4	0
325	480	4	0
326	480	4	0
328	480	3	0
338	480	5	0
339	480	5	0
340	480	5	0
350	480	5	0
354	480	4	0
370	480	4	0
373	480	3	0
379	480	5	0
380	480	4	0
381	480	5	0
383	480	5	0
385	480	5	0
389	480	5	0
391	480	4	0
393	480	4	0
397	480	5	0
398	480	5	0
402	480	5	0
405	480	4	0
406	480	4	0
409	480	5	0
412	480	4	0
415	480	5	0
416	480	5	0
426	480	5	0
429	480	4	0
437	480	4	0
445	480	3	0
450	480	4	0
452	480	5	0
454	480	4	0
456	480	4	0
474	480	5	0
479	480	5	0
483	480	3	0
488	480	3	0
496	480	3	0
498	480	5	0
522	480	5	0
524	480	4	0
532	480	5	0
533	480	4	0
535	480	4	0
536	480	5	0
537	480	4	0
543	480	4	0
553	480	5	0
555	480	4	0
560	480	3	0
561	480	4	0
562	480	4	0
566	480	4	0
567	480	4	0
573	480	4	0
592	480	4	0
608	480	3	0
610	480	5	0
612	480	4	0
617	480	4	0
622	480	4	0
625	480	4	0
632	480	5	0
650	480	5	0
653	480	4	0
655	480	4	0
661	480	5	0
664	480	5	0
666	480	4	0
669	480	5	0
670	480	5	0
676	480	5	0
686	480	5	0
693	480	4	0
694	480	4	0
698	480	2	0
704	480	5	0
707	480	3	0
715	480	5	0
716	480	5	0
731	480	4	0
741	480	5	0
745	480	3	0
747	480	5	0
749	480	5	0
751	480	4	0
758	480	5	0
788	480	3	0
796	480	4	0
798	480	3	0
804	480	5	0
830	480	5	0
838	480	4	0
840	480	5	0
846	480	5	0
847	480	3	0
848	480	5	0
850	480	5	0
851	480	5	0
862	480	5	0
867	480	5	0
868	480	4	0
870	480	5	0
875	480	5	0
881	480	4	0
889	480	5	0
890	480	5	0
892	480	4	0
896	480	3	0
900	480	4	0
902	480	5	0
911	480	4	0
916	480	4	0
924	480	3	0
929	480	3	0
932	480	5	0
942	480	5	0
6	483	5	0
7	483	4	0
9	483	5	0
10	483	5	0
13	483	5	0
18	483	4	0
23	483	4	0
48	483	5	0
56	483	4	0
58	483	5	0
59	483	5	0
60	483	5	0
62	483	4	0
70	483	5	0
77	483	4	0
80	483	5	0
82	483	5	0
85	483	5	0
90	483	5	0
91	483	4	0
94	483	5	0
95	483	3	0
96	483	5	0
114	483	4	0
123	483	4	0
125	483	4	0
128	483	5	0
138	483	5	0
151	483	5	0
152	483	5	0
158	483	5	0
160	483	5	0
161	483	3	0
169	483	3	0
172	483	3	0
175	483	5	0
178	483	4	0
183	483	5	0
184	483	5	0
188	483	5	0
189	483	5	0
194	483	4	0
200	483	5	0
201	483	3	0
207	483	5	0
210	483	5	0
213	483	5	0
214	483	4	0
215	483	4	0
232	483	5	0
233	483	5	0
234	483	5	0
235	483	5	0
236	483	5	0
237	483	5	0
239	483	5	0
249	483	5	0
253	483	5	0
263	483	5	0
267	483	5	0
268	483	5	0
269	483	4	0
272	483	5	0
280	483	4	0
286	483	5	0
290	483	5	0
292	483	5	0
293	483	5	0
294	483	4	0
295	483	5	0
296	483	5	0
298	483	5	0
299	483	5	0
301	483	4	0
303	483	5	0
305	483	5	0
307	483	5	0
308	483	3	0
311	483	4	0
312	483	5	0
313	483	5	0
316	483	4	0
321	483	5	0
322	483	5	0
325	483	5	0
326	483	5	0
328	483	5	0
329	483	4	0
333	483	4	0
334	483	5	0
338	483	4	0
339	483	5	0
342	483	4	0
343	483	5	0
350	483	5	0
354	483	4	0
360	483	5	0
374	483	3	0
380	483	4	0
381	483	5	0
383	483	5	0
385	483	4	0
389	483	5	0
391	483	3	0
393	483	4	0
397	483	5	0
398	483	5	0
401	483	4	0
402	483	5	0
406	483	4	0
407	483	4	0
409	483	4	0
415	483	5	0
417	483	5	0
426	483	5	0
429	483	5	0
437	483	5	0
447	483	5	0
450	483	3	0
452	483	5	0
454	483	3	0
456	483	4	0
457	483	5	0
458	483	5	0
469	483	5	0
474	483	5	0
479	483	4	0
480	483	3	0
488	483	3	0
492	483	2	0
493	483	5	0
496	483	4	0
498	483	3	0
499	483	5	0
500	483	4	0
514	483	4	0
524	483	4	0
530	483	3	0
532	483	5	0
533	483	4	0
535	483	5	0
536	483	4	0
537	483	4	0
538	483	5	0
539	483	5	0
553	483	5	0
560	483	5	0
561	483	4	0
562	483	4	0
566	483	4	0
567	483	5	0
568	483	5	0
575	483	3	0
583	483	5	0
588	483	4	0
592	483	5	0
594	483	3	0
601	483	4	0
605	483	5	0
606	483	5	0
607	483	4	0
608	483	4	0
610	483	5	0
618	483	5	0
623	483	5	0
625	483	5	0
632	483	5	0
639	483	5	0
641	483	5	0
643	483	4	0
645	483	5	0
648	483	5	0
650	483	5	0
655	483	4	0
659	483	4	0
660	483	4	0
664	483	4	0
665	483	4	0
666	483	5	0
669	483	3	0
670	483	5	0
676	483	4	0
679	483	5	0
684	483	5	0
693	483	3	0
694	483	5	0
698	483	3	0
707	483	5	0
710	483	5	0
711	483	5	0
716	483	5	0
727	483	4	0
734	483	4	0
744	483	4	0
745	483	1	0
747	483	5	0
748	483	4	0
749	483	4	0
751	483	5	0
753	483	5	0
758	483	5	0
763	483	4	0
766	483	3	0
767	483	5	0
776	483	5	0
781	483	5	0
788	483	5	0
796	483	5	0
804	483	5	0
806	483	4	0
807	483	5	0
815	483	5	0
821	483	5	0
833	483	4	0
840	483	5	0
846	483	5	0
848	483	5	0
851	483	4	0
854	483	4	0
862	483	5	0
864	483	5	0
867	483	5	0
870	483	5	0
881	483	4	0
886	483	4	0
889	483	4	0
890	483	5	0
892	483	5	0
896	483	3	0
897	483	3	0
899	483	4	0
900	483	4	0
902	483	4	0
907	483	4	0
908	483	4	0
911	483	3	0
912	483	5	0
913	483	3	0
916	483	5	0
929	483	4	0
932	483	5	0
933	483	4	0
934	483	3	0
6	498	4	0
7	498	5	0
10	498	5	0
13	498	4	0
14	498	5	0
16	498	5	0
18	498	4	0
20	498	3	0
25	498	4	0
31	498	4	0
43	498	5	0
52	498	5	0
59	498	5	0
60	498	5	0
62	498	4	0
77	498	5	0
85	498	4	0
90	498	5	0
91	498	3	0
95	498	3	0
125	498	5	0
151	498	5	0
169	498	3	0
184	498	5	0
188	498	5	0
189	498	5	0
194	498	3	0
198	498	3	0
216	498	3	0
230	498	5	0
232	498	4	0
233	498	5	0
234	498	5	0
237	498	4	0
239	498	4	0
254	498	4	0
263	498	5	0
267	498	5	0
269	498	4	0
271	498	5	0
272	498	4	0
290	498	4	0
295	498	5	0
296	498	5	0
297	498	3	0
298	498	5	0
299	498	4	0
308	498	5	0
311	498	4	0
312	498	5	0
313	498	5	0
321	498	5	0
325	498	4	0
326	498	5	0
327	498	4	0
328	498	5	0
334	498	4	0
338	498	4	0
339	498	4	0
343	498	5	0
345	498	4	0
354	498	4	0
361	498	4	0
380	498	4	0
381	498	5	0
385	498	3	0
389	498	5	0
391	498	4	0
397	498	4	0
398	498	5	0
406	498	5	0
407	498	4	0
409	498	4	0
416	498	4	0
417	498	4	0
421	498	4	0
429	498	5	0
447	498	4	0
450	498	3	0
452	498	4	0
454	498	3	0
456	498	4	0
468	498	5	0
474	498	4	0
479	498	5	0
481	498	5	0
488	498	3	0
494	498	4	0
495	498	3	0
500	498	4	0
503	498	5	0
505	498	5	0
524	498	5	0
527	498	4	0
532	498	4	0
533	498	4	0
535	498	4	0
536	498	5	0
537	498	3	0
553	498	4	0
560	498	4	0
567	498	4	0
606	498	4	0
607	498	4	0
617	498	3	0
625	498	4	0
633	498	2	0
648	498	3	0
650	498	4	0
655	498	3	0
659	498	3	0
661	498	5	0
666	498	5	0
694	498	5	0
698	498	4	0
707	498	3	0
712	498	3	0
716	498	5	0
734	498	4	0
739	498	4	0
747	498	5	0
748	498	4	0
749	498	4	0
763	498	4	0
766	498	4	0
780	498	5	0
788	498	5	0
798	498	3	0
804	498	5	0
807	498	4	0
830	498	5	0
840	498	5	0
843	498	2	0
846	498	4	0
848	498	5	0
854	498	3	0
862	498	4	0
867	498	4	0
868	498	3	0
878	498	4	0
881	498	4	0
889	498	4	0
897	498	5	0
899	498	4	0
901	498	4	0
912	498	5	0
913	498	3	0
916	498	3	0
918	498	4	0
932	498	5	0
934	498	3	0
942	498	5	0
6	504	3	0
7	504	5	0
10	504	5	0
11	504	3	0
13	504	5	0
16	504	5	0
18	504	5	0
23	504	4	0
31	504	5	0
59	504	5	0
72	504	4	0
82	504	4	0
85	504	4	0
91	504	3	0
92	504	3	0
94	504	5	0
123	504	5	0
135	504	4	0
151	504	4	0
152	504	4	0
184	504	4	0
188	504	3	0
194	504	2	0
213	504	5	0
218	504	3	0
230	504	3	0
233	504	5	0
234	504	4	0
236	504	3	0
239	504	4	0
254	504	3	0
264	504	5	0
269	504	4	0
271	504	3	0
293	504	4	0
295	504	4	0
296	504	5	0
298	504	3	0
308	504	4	0
311	504	4	0
313	504	5	0
315	504	3	0
325	504	3	0
328	504	3	0
339	504	5	0
340	504	1	0
361	504	4	0
371	504	4	0
374	504	4	0
379	504	5	0
382	504	3	0
383	504	4	0
385	504	4	0
389	504	4	0
391	504	5	0
397	504	5	0
398	504	3	0
405	504	2	0
406	504	4	0
407	504	3	0
409	504	2	0
426	504	4	0
429	504	3	0
436	504	4	0
445	504	3	0
450	504	5	0
452	504	2	0
454	504	2	0
455	504	4	0
474	504	5	0
480	504	4	0
495	504	4	0
503	504	4	0
504	504	4	0
524	504	5	0
533	504	4	0
535	504	3	0
537	504	3	0
548	504	5	0
561	504	3	0
562	504	4	0
567	504	4	0
568	504	3	0
601	504	4	0
623	504	3	0
629	504	4	0
638	504	2	0
643	504	4	0
650	504	3	0
655	504	5	0
664	504	4	0
666	504	4	0
667	504	3	0
671	504	4	0
686	504	5	0
693	504	5	0
694	504	3	0
707	504	1	0
710	504	4	0
716	504	5	0
731	504	3	0
747	504	5	0
753	504	3	0
766	504	3	0
786	504	4	0
788	504	4	0
804	504	3	0
806	504	4	0
821	504	4	0
833	504	4	0
835	504	5	0
840	504	3	0
843	504	2	0
846	504	5	0
848	504	3	0
870	504	5	0
875	504	5	0
881	504	3	0
883	504	5	0
896	504	3	0
924	504	5	0
932	504	4	0
6	511	5	0
7	511	5	0
8	511	5	0
10	511	4	0
13	511	5	0
22	511	4	0
23	511	5	0
48	511	5	0
58	511	5	0
59	511	5	0
60	511	4	0
62	511	4	0
64	511	4	0
65	511	4	0
70	511	5	0
77	511	2	0
82	511	3	0
85	511	4	0
90	511	5	0
91	511	5	0
95	511	4	0
102	511	3	0
115	511	5	0
116	511	4	0
118	511	5	0
119	511	5	0
122	511	5	0
123	511	5	0
125	511	5	0
158	511	5	0
178	511	5	0
184	511	4	0
188	511	2	0
189	511	4	0
194	511	4	0
197	511	5	0
198	511	4	0
201	511	3	0
212	511	4	0
213	511	4	0
230	511	2	0
233	511	5	0
234	511	5	0
235	511	5	0
239	511	5	0
243	511	5	0
263	511	5	0
271	511	5	0
288	511	4	0
292	511	5	0
295	511	5	0
298	511	4	0
299	511	4	0
301	511	4	0
305	511	4	0
307	511	5	0
308	511	5	0
311	511	4	0
312	511	5	0
313	511	4	0
321	511	4	0
325	511	4	0
326	511	4	0
328	511	4	0
331	511	5	0
338	511	4	0
339	511	5	0
344	511	4	0
354	511	4	0
358	511	2	0
360	511	5	0
363	511	4	0
370	511	4	0
379	511	4	0
382	511	4	0
385	511	4	0
387	511	3	0
391	511	5	0
392	511	5	0
399	511	3	0
401	511	2	0
402	511	5	0
405	511	2	0
406	511	5	0
409	511	5	0
426	511	4	0
429	511	5	0
437	511	5	0
450	511	5	0
454	511	3	0
455	511	5	0
465	511	4	0
469	511	5	0
474	511	5	0
479	511	5	0
480	511	4	0
488	511	4	0
492	511	5	0
495	511	4	0
499	511	5	0
508	511	4	0
514	511	3	0
524	511	5	0
527	511	5	0
533	511	4	0
535	511	3	0
536	511	5	0
537	511	5	0
541	511	4	0
553	511	5	0
559	511	2	0
561	511	4	0
562	511	2	0
566	511	4	0
567	511	2	0
591	511	3	0
600	511	5	0
607	511	5	0
622	511	4	0
627	511	4	0
638	511	3	0
639	511	4	0
641	511	5	0
650	511	5	0
653	511	4	0
655	511	3	0
658	511	4	0
666	511	4	0
669	511	5	0
670	511	4	0
671	511	3	0
683	511	5	0
694	511	5	0
698	511	2	0
716	511	5	0
727	511	4	0
738	511	4	0
747	511	5	0
749	511	4	0
774	511	3	0
776	511	5	0
780	511	5	0
788	511	5	0
796	511	4	0
804	511	4	0
806	511	5	0
807	511	5	0
826	511	3	0
830	511	5	0
833	511	4	0
840	511	4	0
843	511	3	0
844	511	3	0
846	511	5	0
848	511	4	0
854	511	4	0
864	511	4	0
867	511	5	0
870	511	3	0
871	511	2	0
875	511	5	0
876	511	5	0
878	511	4	0
881	511	5	0
883	511	4	0
889	511	4	0
892	511	5	0
894	511	4	0
896	511	5	0
916	511	5	0
924	511	5	0
932	511	5	0
942	511	4	0
6	514	5	0
7	514	2	0
13	514	5	0
14	514	4	0
18	514	5	0
31	514	5	0
41	514	4	0
49	514	4	0
58	514	5	0
59	514	5	0
60	514	4	0
62	514	3	0
65	514	4	0
71	514	4	0
73	514	4	0
76	514	4	0
80	514	3	0
82	514	4	0
85	514	5	0
87	514	4	0
90	514	3	0
95	514	2	0
96	514	4	0
98	514	5	0
121	514	3	0
123	514	5	0
138	514	5	0
142	514	5	0
144	514	5	0
151	514	4	0
158	514	3	0
160	514	4	0
172	514	3	0
184	514	5	0
185	514	5	0
194	514	3	0
201	514	3	0
207	514	4	0
208	514	4	0
210	514	5	0
213	514	5	0
218	514	4	0
232	514	4	0
237	514	4	0
239	514	1	0
243	514	4	0
263	514	3	0
264	514	5	0
269	514	4	0
271	514	4	0
272	514	5	0
279	514	4	0
285	514	3	0
293	514	4	0
296	514	5	0
297	514	3	0
298	514	4	0
299	514	5	0
301	514	3	0
303	514	5	0
308	514	4	0
312	514	3	0
313	514	4	0
318	514	2	0
321	514	4	0
322	514	4	0
325	514	4	0
326	514	3	0
327	514	4	0
331	514	3	0
334	514	4	0
338	514	5	0
339	514	3	0
342	514	5	0
361	514	5	0
370	514	4	0
373	514	4	0
376	514	4	0
379	514	3	0
380	514	2	0
381	514	5	0
382	514	3	0
383	514	5	0
385	514	4	0
387	514	3	0
389	514	5	0
398	514	4	0
405	514	1	0
406	514	1	0
407	514	4	0
409	514	5	0
419	514	4	0
429	514	3	0
430	514	4	0
437	514	4	0
450	514	5	0
452	514	3	0
458	514	5	0
474	514	4	0
481	514	4	0
488	514	2	0
492	514	3	0
494	514	2	0
498	514	4	0
499	514	5	0
500	514	5	0
503	514	3	0
504	514	4	0
506	514	5	0
508	514	5	0
522	514	2	0
523	514	4	0
524	514	5	0
527	514	5	0
533	514	3	0
535	514	5	0
537	514	4	0
553	514	3	0
559	514	4	0
561	514	4	0
562	514	1	0
567	514	5	0
576	514	5	0
579	514	3	0
591	514	4	0
592	514	5	0
608	514	5	0
613	514	4	0
615	514	5	0
625	514	3	0
638	514	2	0
639	514	4	0
641	514	4	0
643	514	3	0
645	514	5	0
648	514	2	0
650	514	3	0
655	514	5	0
659	514	5	0
661	514	3	0
664	514	5	0
666	514	4	0
669	514	3	0
686	514	5	0
690	514	1	0
693	514	4	0
704	514	4	0
716	514	5	0
747	514	4	0
748	514	4	0
758	514	5	0
766	514	4	0
774	514	2	0
776	514	5	0
794	514	5	0
795	514	4	0
796	514	3	0
804	514	4	0
815	514	1	0
823	514	5	0
835	514	3	0
840	514	5	0
846	514	3	0
848	514	5	0
854	514	4	0
860	514	5	0
870	514	5	0
874	514	5	0
875	514	5	0
878	514	4	0
881	514	4	0
883	514	4	0
888	514	5	0
889	514	1	0
890	514	5	0
911	514	3	0
918	514	2	0
932	514	5	0
934	514	5	0
942	514	4	0
6	521	4	0
7	521	5	0
9	521	4	0
10	521	4	0
11	521	2	0
42	521	2	0
59	521	5	0
62	521	5	0
72	521	4	0
85	521	3	0
87	521	3	0
90	521	4	0
92	521	4	0
132	521	4	0
144	521	4	0
148	521	1	0
167	521	5	0
184	521	4	0
194	521	4	0
201	521	2	0
207	521	4	0
213	521	4	0
222	521	5	0
233	521	5	0
234	521	3	0
236	521	3	0
244	521	4	0
263	521	3	0
269	521	4	0
271	521	5	0
272	521	5	0
293	521	3	0
296	521	4	0
301	521	3	0
308	521	3	0
311	521	4	0
312	521	5	0
313	521	4	0
316	521	5	0
321	521	2	0
322	521	5	0
325	521	4	0
326	521	2	0
328	521	4	0
334	521	4	0
339	521	4	0
343	521	5	0
360	521	5	0
374	521	4	0
380	521	2	0
385	521	3	0
387	521	3	0
389	521	3	0
398	521	5	0
405	521	4	0
406	521	3	0
407	521	3	0
437	521	4	0
450	521	4	0
452	521	3	0
458	521	4	0
474	521	5	0
488	521	3	0
492	521	5	0
495	521	5	0
499	521	4	0
506	521	5	0
522	521	5	0
524	521	4	0
533	521	3	0
535	521	5	0
537	521	2	0
543	521	4	0
559	521	2	0
566	521	4	0
567	521	3	0
592	521	5	0
605	521	5	0
615	521	4	0
618	521	2	0
622	521	5	0
627	521	2	0
643	521	4	0
645	521	4	0
650	521	3	0
653	521	4	0
655	521	3	0
659	521	5	0
663	521	3	0
669	521	4	0
670	521	4	0
686	521	5	0
693	521	5	0
694	521	3	0
716	521	3	0
731	521	1	0
747	521	5	0
749	521	4	0
766	521	4	0
774	521	2	0
777	521	5	0
788	521	4	0
806	521	3	0
815	521	4	0
833	521	4	0
840	521	5	0
843	521	2	0
846	521	3	0
862	521	5	0
870	521	3	0
874	521	5	0
881	521	4	0
890	521	5	0
892	521	5	0
897	521	5	0
901	521	2	0
903	521	5	0
929	521	5	0
932	521	5	0
940	521	4	0
6	523	5	0
7	523	4	0
13	523	4	0
14	523	4	0
18	523	4	0
22	523	5	0
42	523	5	0
44	523	4	0
48	523	5	0
56	523	4	0
59	523	4	0
60	523	4	0
77	523	5	0
82	523	5	0
84	523	4	0
85	523	4	0
87	523	5	0
90	523	4	0
95	523	4	0
98	523	5	0
123	523	3	0
132	523	4	0
138	523	5	0
144	523	5	0
151	523	5	0
154	523	5	0
161	523	3	0
184	523	4	0
187	523	3	0
189	523	4	0
194	523	5	0
200	523	4	0
208	523	4	0
210	523	4	0
215	523	4	0
232	523	4	0
233	523	4	0
234	523	4	0
235	523	5	0
236	523	2	0
253	523	4	0
263	523	5	0
269	523	5	0
271	523	4	0
275	523	4	0
276	523	4	0
290	523	3	0
292	523	4	0
296	523	4	0
298	523	4	0
301	523	4	0
308	523	4	0
311	523	5	0
313	523	5	0
315	523	4	0
321	523	3	0
325	523	3	0
326	523	4	0
327	523	4	0
328	523	5	0
338	523	3	0
339	523	5	0
342	523	4	0
343	523	5	0
360	523	3	0
363	523	3	0
370	523	3	0
371	523	4	0
379	523	4	0
385	523	4	0
398	523	4	0
405	523	2	0
406	523	3	0
409	523	4	0
430	523	4	0
437	523	3	0
450	523	5	0
452	523	2	0
455	523	4	0
456	523	4	0
459	523	4	0
474	523	5	0
479	523	4	0
488	523	3	0
492	523	4	0
495	523	5	0
506	523	5	0
516	523	3	0
522	523	5	0
523	523	3	0
524	523	4	0
528	523	4	0
532	523	5	0
537	523	3	0
542	523	4	0
553	523	4	0
556	523	5	0
559	523	4	0
561	523	4	0
566	523	4	0
567	523	3	0
568	523	3	0
573	523	4	0
579	523	3	0
591	523	4	0
605	523	5	0
615	523	5	0
623	523	4	0
627	523	4	0
629	523	3	0
632	523	3	0
638	523	4	0
645	523	5	0
648	523	3	0
650	523	3	0
653	523	4	0
655	523	3	0
660	523	3	0
666	523	4	0
669	523	4	0
690	523	4	0
692	523	3	0
693	523	4	0
694	523	4	0
696	523	5	0
699	523	2	0
704	523	5	0
746	523	3	0
749	523	4	0
753	523	4	0
766	523	3	0
774	523	2	0
776	523	4	0
777	523	4	0
781	523	5	0
788	523	4	0
804	523	5	0
807	523	3	0
815	523	4	0
830	523	4	0
833	523	3	0
835	523	3	0
836	523	5	0
846	523	4	0
848	523	5	0
864	523	4	0
870	523	5	0
875	523	4	0
876	523	5	0
881	523	4	0
883	523	5	0
885	523	3	0
889	523	4	0
890	523	4	0
892	523	5	0
897	523	5	0
901	523	4	0
903	523	5	0
912	523	4	0
916	523	3	0
924	523	5	0
930	523	2	0
932	523	4	0
933	523	4	0
6	527	4	0
7	527	5	0
9	527	3	0
10	527	4	0
11	527	4	0
13	527	5	0
18	527	4	0
23	527	4	0
25	527	4	0
48	527	4	0
52	527	5	0
59	527	5	0
62	527	4	0
64	527	4	0
70	527	4	0
72	527	4	0
77	527	4	0
82	527	3	0
83	527	4	0
85	527	4	0
90	527	5	0
91	527	4	0
92	527	3	0
94	527	5	0
95	527	4	0
103	527	5	0
109	527	3	0
114	527	3	0
130	527	5	0
144	527	5	0
152	527	4	0
154	527	4	0
177	527	4	0
184	527	4	0
189	527	5	0
194	527	4	0
198	527	4	0
200	527	4	0
201	527	3	0
207	527	4	0
210	527	5	0
212	527	5	0
214	527	4	0
222	527	4	0
226	527	4	0
233	527	5	0
234	527	3	0
239	527	5	0
244	527	5	0
250	527	4	0
253	527	5	0
263	527	5	0
268	527	4	0
269	527	5	0
271	527	5	0
280	527	5	0
286	527	4	0
288	527	3	0
290	527	4	0
293	527	4	0
295	527	4	0
297	527	5	0
298	527	5	0
301	527	4	0
305	527	5	0
307	527	5	0
311	527	4	0
313	527	4	0
318	527	5	0
321	527	3	0
325	527	4	0
326	527	5	0
327	527	4	0
330	527	3	0
334	527	3	0
339	527	4	0
343	527	5	0
354	527	4	0
361	527	4	0
371	527	5	0
373	527	4	0
374	527	4	0
378	527	4	0
379	527	3	0
380	527	4	0
389	527	3	0
391	527	3	0
393	527	3	0
399	527	3	0
401	527	4	0
405	527	5	0
406	527	4	0
409	527	4	0
411	527	4	0
426	527	3	0
429	527	5	0
430	527	4	0
435	527	4	0
450	527	5	0
452	527	3	0
454	527	4	0
457	527	5	0
458	527	2	0
474	527	5	0
480	527	4	0
488	527	3	0
492	527	5	0
493	527	5	0
498	527	3	0
499	527	5	0
504	527	4	0
508	527	5	0
512	527	5	0
514	527	4	0
524	527	5	0
530	527	4	0
533	527	4	0
535	527	3	0
537	527	4	0
538	527	3	0
539	527	4	0
541	527	3	0
551	527	5	0
553	527	3	0
554	527	4	0
559	527	4	0
567	527	3	0
592	527	5	0
605	527	4	0
606	527	4	0
610	527	4	0
615	527	4	0
632	527	4	0
639	527	4	0
642	527	4	0
643	527	3	0
648	527	4	0
650	527	3	0
653	527	2	0
655	527	3	0
658	527	5	0
660	527	3	0
661	527	4	0
665	527	3	0
666	527	4	0
667	527	4	0
669	527	3	0
679	527	4	0
682	527	3	0
686	527	3	0
693	527	3	0
694	527	5	0
707	527	5	0
716	527	5	0
721	527	5	0
731	527	5	0
738	527	5	0
745	527	3	0
748	527	5	0
749	527	4	0
753	527	4	0
756	527	3	0
758	527	5	0
763	527	3	0
764	527	4	0
766	527	5	0
774	527	1	0
777	527	4	0
796	527	3	0
804	527	4	0
805	527	3	0
807	527	5	0
815	527	5	0
835	527	4	0
843	527	3	0
846	527	5	0
847	527	2	0
848	527	3	0
851	527	5	0
870	527	5	0
875	527	4	0
876	527	5	0
880	527	4	0
881	527	3	0
890	527	4	0
896	527	4	0
899	527	4	0
908	527	3	0
913	527	5	0
916	527	4	0
919	527	4	0
924	527	4	0
932	527	4	0
934	527	3	0
940	527	3	0
7	603	4	0
10	603	5	0
11	603	4	0
13	603	4	0
14	603	4	0
16	603	5	0
18	603	3	0
23	603	4	0
28	603	3	0
42	603	4	0
44	603	4	0
48	603	4	0
51	603	3	0
58	603	5	0
59	603	5	0
60	603	5	0
64	603	3	0
72	603	4	0
76	603	3	0
82	603	5	0
90	603	5	0
91	603	5	0
94	603	4	0
97	603	4	0
116	603	3	0
118	603	4	0
128	603	5	0
135	603	4	0
138	603	4	0
145	603	5	0
151	603	5	0
160	603	4	0
167	603	4	0
169	603	5	0
172	603	3	0
189	603	5	0
201	603	4	0
213	603	5	0
214	603	4	0
218	603	4	0
225	603	5	0
232	603	4	0
233	603	4	0
234	603	4	0
235	603	3	0
237	603	5	0
239	603	5	0
249	603	5	0
264	603	5	0
269	603	5	0
270	603	5	0
271	603	4	0
276	603	5	0
278	603	5	0
292	603	5	0
293	603	5	0
294	603	5	0
297	603	5	0
298	603	5	0
299	603	3	0
303	603	5	0
308	603	5	0
312	603	5	0
313	603	5	0
315	603	5	0
321	603	5	0
322	603	5	0
326	603	4	0
327	603	4	0
330	603	5	0
334	603	5	0
338	603	5	0
339	603	5	0
350	603	5	0
354	603	5	0
361	603	5	0
363	603	4	0
370	603	5	0
373	603	4	0
375	603	4	0
376	603	4	0
379	603	5	0
383	603	5	0
385	603	5	0
387	603	4	0
389	603	5	0
391	603	5	0
398	603	4	0
401	603	4	0
405	603	3	0
407	603	4	0
409	603	5	0
411	603	5	0
416	603	5	0
420	603	4	0
421	603	4	0
426	603	5	0
429	603	4	0
435	603	3	0
437	603	5	0
445	603	3	0
450	603	5	0
452	603	4	0
454	603	4	0
456	603	5	0
458	603	4	0
464	603	5	0
465	603	4	0
468	603	5	0
469	603	5	0
472	603	5	0
474	603	5	0
480	603	4	0
494	603	3	0
497	603	3	0
498	603	4	0
503	603	3	0
506	603	5	0
509	603	4	0
524	603	3	0
527	603	4	0
532	603	5	0
533	603	4	0
535	603	4	0
536	603	4	0
537	603	4	0
539	603	4	0
543	603	5	0
548	603	5	0
551	603	5	0
553	603	5	0
556	603	5	0
561	603	4	0
567	603	5	0
568	603	5	0
575	603	5	0
579	603	5	0
591	603	5	0
592	603	5	0
608	603	5	0
613	603	5	0
623	603	4	0
625	603	4	0
643	603	5	0
648	603	5	0
650	603	4	0
655	603	4	0
658	603	4	0
659	603	5	0
660	603	4	0
661	603	3	0
663	603	4	0
664	603	5	0
666	603	4	0
669	603	5	0
670	603	5	0
686	603	5	0
691	603	5	0
694	603	4	0
698	603	4	0
704	603	5	0
707	603	3	0
710	603	4	0
716	603	5	0
731	603	5	0
734	603	4	0
738	603	5	0
739	603	4	0
744	603	5	0
745	603	4	0
747	603	5	0
748	603	5	0
749	603	5	0
751	603	4	0
756	603	5	0
758	603	5	0
776	603	4	0
780	603	2	0
796	603	4	0
798	603	3	0
804	603	5	0
805	603	4	0
815	603	3	0
831	603	5	0
836	603	5	0
840	603	5	0
843	603	2	0
846	603	5	0
847	603	3	0
848	603	5	0
854	603	4	0
862	603	5	0
864	603	4	0
867	603	5	0
870	603	5	0
875	603	4	0
880	603	5	0
883	603	4	0
889	603	4	0
890	603	5	0
896	603	4	0
897	603	5	0
899	603	4	0
904	603	4	0
908	603	4	0
911	603	5	0
913	603	4	0
921	603	3	0
932	603	5	0
7	654	5	0
10	654	5	0
11	654	3	0
13	654	5	0
14	654	4	0
16	654	5	0
18	654	4	0
48	654	5	0
58	654	5	0
59	654	4	0
60	654	4	0
72	654	4	0
85	654	4	0
90	654	5	0
94	654	5	0
114	654	3	0
115	654	5	0
118	654	5	0
144	654	4	0
151	654	4	0
161	654	3	0
177	654	4	0
178	654	3	0
184	654	4	0
189	654	3	0
194	654	2	0
198	654	5	0
201	654	3	0
210	654	5	0
218	654	4	0
222	654	3	0
233	654	4	0
234	654	5	0
239	654	5	0
264	654	5	0
267	654	5	0
268	654	5	0
269	654	4	0
271	654	5	0
272	654	5	0
279	654	5	0
292	654	5	0
293	654	5	0
296	654	5	0
303	654	5	0
305	654	4	0
308	654	5	0
311	654	3	0
312	654	5	0
313	654	5	0
315	654	5	0
321	654	4	0
322	654	5	0
325	654	4	0
326	654	1	0
338	654	5	0
339	654	5	0
342	654	4	0
343	654	5	0
350	654	5	0
360	654	5	0
361	654	4	0
374	654	3	0
379	654	5	0
380	654	4	0
383	654	5	0
385	654	5	0
389	654	5	0
398	654	4	0
401	654	3	0
405	654	2	0
406	654	4	0
409	654	3	0
426	654	5	0
429	654	4	0
437	654	5	0
450	654	4	0
452	654	2	0
454	654	2	0
458	654	5	0
469	654	4	0
474	654	5	0
480	654	4	0
491	654	5	0
492	654	4	0
503	654	5	0
506	654	4	0
522	654	4	0
524	654	5	0
533	654	3	0
535	654	5	0
537	654	3	0
541	654	3	0
548	654	5	0
560	654	5	0
567	654	5	0
573	654	4	0
592	654	5	0
625	654	3	0
633	654	3	0
645	654	5	0
650	654	3	0
653	654	2	0
655	654	3	0
658	654	4	0
659	654	4	0
664	654	5	0
666	654	5	0
669	654	5	0
671	654	3	0
682	654	4	0
686	654	5	0
693	654	3	0
694	654	4	0
698	654	1	0
704	654	5	0
707	654	4	0
710	654	4	0
747	654	5	0
748	654	4	0
758	654	4	0
766	654	4	0
774	654	2	0
799	654	5	0
804	654	3	0
806	654	5	0
823	654	5	0
833	654	5	0
835	654	5	0
836	654	5	0
840	654	4	0
843	654	2	0
846	654	5	0
848	654	5	0
870	654	4	0
874	654	5	0
875	654	4	0
881	654	4	0
889	654	3	0
890	654	5	0
896	654	3	0
900	654	2	0
908	654	3	0
912	654	3	0
929	654	3	0
932	654	5	0
933	654	4	0
