1	2	3	0
5	2	3	0
13	2	3	0
22	2	2	0
30	2	3	0
42	2	5	0
49	2	1	0
64	2	3	0
72	2	3	0
83	2	4	0
87	2	4	0
92	2	3	0
95	2	2	0
102	2	2	0
110	2	3	0
130	2	4	0
178	2	4	0
193	2	3	0
197	2	3	0
200	2	4	0
201	2	2	0
207	2	3	0
213	2	4	0
217	2	3	0
222	2	3	0
234	2	2	0
249	2	3	0
250	2	4	0
256	2	5	0
267	2	3	0
268	2	2	0
271	2	1	0
276	2	4	0
279	2	4	0
280	2	3	0
292	2	4	0
293	2	3	0
301	2	2	0
303	2	3	0
305	2	2	0
320	2	4	0
325	2	1	0
327	2	2	0
346	2	5	0
363	2	4	0
373	2	4	0
374	2	4	0
378	2	2	0
379	2	3	0
385	2	3	0
387	2	4	0
393	2	4	0
398	2	3	0
399	2	3	0
405	2	1	0
407	2	4	0
416	2	4	0
425	2	2	0
429	2	3	0
435	2	4	0
442	2	3	0
450	2	4	0
455	2	4	0
466	2	1	0
472	2	5	0
484	2	4	0
487	2	3	0
495	2	2	0
497	2	1	0
506	2	4	0
521	2	3	0
532	2	5	0
536	2	4	0
543	2	3	0
551	2	2	0
561	2	3	0
566	2	5	0
600	2	3	0
618	2	2	0
621	2	3	0
622	2	4	0
627	2	3	0
632	2	4	0
640	2	4	0
642	2	4	0
643	2	3	0
648	2	4	0
650	2	3	0
653	2	1	0
655	2	3	0
660	2	2	0
671	2	4	0
682	2	3	0
686	2	3	0
705	2	3	0
709	2	4	0
715	2	3	0
727	2	4	0
738	2	3	0
746	2	3	0
749	2	4	0
751	2	4	0
757	2	3	0
764	2	3	0
773	2	3	0
774	2	1	0
790	2	3	0
795	2	3	0
796	2	5	0
798	2	4	0
804	2	4	0
806	2	3	0
807	2	4	0
815	2	3	0
826	2	3	0
830	2	3	0
844	2	4	0
846	2	5	0
864	2	4	0
868	2	2	0
870	2	2	0
880	2	3	0
886	2	4	0
889	2	3	0
892	2	4	0
896	2	3	0
899	2	3	0
916	2	3	0
924	2	3	0
934	2	4	0
943	2	5	0
1	17	3	0
5	17	4	0
13	17	1	0
21	17	4	0
22	17	4	0
43	17	3	0
49	17	2	0
64	17	3	0
90	17	4	0
94	17	2	0
109	17	4	0
118	17	3	0
130	17	5	0
145	17	3	0
201	17	3	0
217	17	3	0
221	17	4	0
222	17	2	0
244	17	2	0
246	17	2	0
267	17	4	0
268	17	3	0
269	17	2	0
270	17	2	0
276	17	4	0
279	17	4	0
286	17	4	0
291	17	4	0
293	17	2	0
297	17	3	0
299	17	1	0
301	17	4	0
303	17	4	0
308	17	4	0
315	17	1	0
320	17	5	0
346	17	1	0
347	17	4	0
352	17	2	0
363	17	4	0
366	17	5	0
367	17	5	0
368	17	5	0
374	17	2	0
393	17	1	0
416	17	2	0
417	17	4	0
425	17	4	0
435	17	2	0
442	17	4	0
447	17	3	0
453	17	4	0
455	17	3	0
466	17	5	0
478	17	2	0
487	17	3	0
496	17	3	0
521	17	1	0
545	17	3	0
546	17	4	0
548	17	3	0
551	17	5	0
561	17	2	0
586	17	5	0
617	17	1	0
619	17	1	0
621	17	4	0
627	17	2	0
632	17	3	0
648	17	2	0
660	17	1	0
671	17	4	0
682	17	3	0
709	17	4	0
715	17	3	0
727	17	1	0
741	17	2	0
747	17	4	0
757	17	3	0
790	17	2	0
795	17	2	0
805	17	4	0
806	17	4	0
814	17	3	0
823	17	4	0
851	17	5	0
870	17	4	0
871	17	3	0
880	17	3	0
886	17	4	0
889	17	4	0
916	17	4	0
1	29	1	0
5	29	4	0
7	29	3	0
11	29	3	0
13	29	2	0
22	29	1	0
30	29	3	0
56	29	3	0
92	29	3	0
94	29	2	0
102	29	1	0
109	29	3	0
110	29	3	0
130	29	3	0
158	29	3	0
174	29	2	0
184	29	3	0
193	29	3	0
194	29	2	0
197	29	3	0
200	29	4	0
201	29	3	0
217	29	2	0
221	29	3	0
222	29	3	0
224	29	3	0
246	29	1	0
254	29	2	0
256	29	4	0
267	29	3	0
268	29	1	0
276	29	3	0
279	29	2	0
280	29	3	0
286	29	2	0
293	29	1	0
301	29	4	0
303	29	2	0
313	29	2	0
314	29	5	0
328	29	3	0
334	29	2	0
339	29	3	0
346	29	4	0
363	29	1	0
374	29	3	0
378	29	3	0
385	29	1	0
387	29	1	0
389	29	2	0
393	29	4	0
394	29	3	0
399	29	3	0
405	29	4	0
407	29	3	0
416	29	2	0
417	29	2	0
435	29	3	0
442	29	3	0
450	29	3	0
472	29	5	0
484	29	3	0
495	29	2	0
497	29	4	0
506	29	2	0
524	29	3	0
532	29	3	0
541	29	2	0
543	29	2	0
545	29	3	0
577	29	3	0
586	29	5	0
588	29	3	0
600	29	2	0
619	29	1	0
622	29	4	0
638	29	2	0
642	29	5	0
643	29	2	0
647	29	4	0
648	29	2	0
650	29	2	0
660	29	2	0
668	29	3	0
671	29	3	0
682	29	2	0
705	29	5	0
709	29	3	0
727	29	3	0
747	29	1	0
757	29	2	0
758	29	3	0
773	29	2	0
774	29	1	0
788	29	3	0
790	29	2	0
796	29	3	0
798	29	4	0
806	29	4	0
807	29	4	0
826	29	3	0
830	29	1	0
846	29	2	0
864	29	4	0
880	29	2	0
881	29	2	0
885	29	1	0
886	29	1	0
889	29	3	0
892	29	2	0
896	29	2	0
899	29	2	0
922	29	3	0
927	29	5	0
1	31	3	0
7	31	4	0
16	31	5	0
28	31	4	0
41	31	3	0
44	31	4	0
56	31	4	0
64	31	4	0
77	31	3	0
83	31	5	0
84	31	4	0
90	31	4	0
91	31	5	0
92	31	4	0
94	31	4	0
95	31	4	0
109	31	4	0
110	31	3	0
119	31	5	0
130	31	4	0
144	31	3	0
145	31	5	0
151	31	3	0
174	31	4	0
175	31	4	0
178	31	4	0
186	31	4	0
189	31	3	0
194	31	3	0
198	31	3	0
201	31	1	0
213	31	4	0
222	31	5	0
233	31	3	0
234	31	4	0
244	31	4	0
249	31	4	0
256	31	5	0
263	31	4	0
267	31	4	0
268	31	4	0
271	31	4	0
276	31	4	0
279	31	3	0
280	31	4	0
290	31	4	0
291	31	4	0
293	31	2	0
297	31	3	0
301	31	3	0
303	31	3	0
308	31	3	0
311	31	4	0
313	31	4	0
315	31	3	0
327	31	2	0
328	31	4	0
330	31	5	0
331	31	2	0
332	31	4	0
346	31	4	0
347	31	5	0
370	31	3	0
371	31	5	0
373	31	3	0
374	31	5	0
378	31	4	0
380	31	1	0
387	31	3	0
391	31	2	0
393	31	4	0
394	31	3	0
398	31	3	0
399	31	3	0
405	31	1	0
416	31	5	0
429	31	3	0
435	31	5	0
442	31	3	0
447	31	4	0
455	31	4	0
457	31	4	0
468	31	3	0
474	31	4	0
479	31	4	0
487	31	5	0
488	31	4	0
497	31	3	0
500	31	4	0
505	31	4	0
506	31	4	0
514	31	4	0
521	31	3	0
524	31	4	0
528	31	5	0
533	31	3	0
536	31	3	0
538	31	3	0
545	31	4	0
548	31	5	0
551	31	4	0
554	31	4	0
561	31	2	0
566	31	3	0
577	31	4	0
586	31	4	0
588	31	3	0
606	31	4	0
618	31	4	0
622	31	3	0
630	31	2	0
655	31	3	0
658	31	3	0
661	31	3	0
663	31	4	0
664	31	4	0
665	31	3	0
666	31	3	0
671	31	2	0
682	31	3	0
694	31	4	0
715	31	4	0
716	31	3	0
741	31	3	0
747	31	4	0
749	31	5	0
757	31	4	0
758	31	3	0
764	31	4	0
774	31	1	0
796	31	4	0
804	31	4	0
815	31	4	0
823	31	5	0
831	31	4	0
846	31	4	0
851	31	4	0
864	31	4	0
867	31	5	0
870	31	4	0
877	31	4	0
880	31	4	0
881	31	5	0
889	31	3	0
892	31	4	0
896	31	3	0
899	31	3	0
900	31	2	0
916	31	3	0
919	31	3	0
924	31	3	0
929	31	2	0
942	31	5	0
943	31	4	0
1	38	3	0
11	38	3	0
13	38	3	0
42	38	3	0
49	38	1	0
56	38	2	0
64	38	3	0
72	38	3	0
83	38	5	0
87	38	5	0
92	38	3	0
94	38	2	0
102	38	2	0
110	38	3	0
130	38	4	0
135	38	3	0
145	38	3	0
158	38	4	0
178	38	3	0
186	38	5	0
188	38	3	0
193	38	3	0
197	38	3	0
200	38	3	0
207	38	3	0
217	38	3	0
219	38	1	0
221	38	2	0
222	38	2	0
246	38	2	0
256	38	4	0
268	38	1	0
271	38	2	0
276	38	3	0
280	38	3	0
291	38	3	0
293	38	1	0
303	38	1	0
311	38	3	0
314	38	5	0
320	38	4	0
326	38	3	0
328	38	3	0
330	38	4	0
332	38	2	0
334	38	2	0
343	38	3	0
345	38	2	0
346	38	3	0
363	38	3	0
374	38	4	0
378	38	3	0
380	38	2	0
389	38	2	0
393	38	4	0
394	38	4	0
399	38	2	0
405	38	5	0
411	38	4	0
416	38	3	0
425	38	3	0
435	38	2	0
436	38	3	0
442	38	3	0
450	38	4	0
457	38	3	0
472	38	4	0
484	38	4	0
487	38	2	0
496	38	2	0
497	38	3	0
503	38	3	0
504	38	4	0
506	38	3	0
532	38	3	0
533	38	2	0
541	38	3	0
543	38	3	0
551	38	1	0
577	38	2	0
600	38	3	0
606	38	4	0
621	38	3	0
640	38	4	0
642	38	4	0
648	38	5	0
650	38	3	0
653	38	3	0
655	38	2	0
660	38	2	0
671	38	5	0
682	38	3	0
684	38	3	0
705	38	5	0
709	38	3	0
712	38	4	0
727	38	1	0
741	38	2	0
746	38	2	0
749	38	3	0
757	38	3	0
758	38	3	0
788	38	3	0
790	38	2	0
796	38	5	0
798	38	4	0
805	38	3	0
826	38	3	0
833	38	1	0
849	38	5	0
864	38	3	0
870	38	3	0
880	38	3	0
881	38	3	0
887	38	5	0
901	38	3	0
927	38	5	0
932	38	2	0
933	38	2	0
943	38	3	0
1	53	3	0
7	53	5	0
13	53	1	0
21	53	4	0
22	53	3	0
49	53	4	0
56	53	3	0
59	53	5	0
62	53	2	0
85	53	3	0
92	53	3	0
94	53	4	0
102	53	2	0
109	53	4	0
118	53	5	0
130	53	3	0
145	53	2	0
158	53	1	0
180	53	5	0
186	53	1	0
201	53	3	0
207	53	1	0
217	53	1	0
221	53	4	0
222	53	5	0
244	53	3	0
249	53	4	0
255	53	3	0
267	53	4	0
268	53	3	0
269	53	1	0
270	53	4	0
276	53	4	0
280	53	5	0
286	53	2	0
291	53	5	0
293	53	3	0
295	53	1	0
297	53	3	0
301	53	1	0
303	53	3	0
314	53	1	0
326	53	1	0
332	53	3	0
339	53	4	0
343	53	5	0
346	53	1	0
361	53	2	0
366	53	5	0
367	53	4	0
368	53	2	0
372	53	5	0
378	53	3	0
385	53	1	0
387	53	4	0
388	53	5	0
389	53	2	0
399	53	4	0
405	53	2	0
406	53	4	0
416	53	2	0
422	53	4	0
425	53	4	0
429	53	1	0
435	53	3	0
442	53	3	0
453	53	3	0
455	53	1	0
456	53	4	0
457	53	4	0
484	53	1	0
487	53	2	0
495	53	1	0
496	53	3	0
497	53	3	0
498	53	4	0
504	53	4	0
506	53	4	0
533	53	1	0
537	53	2	0
543	53	3	0
546	53	5	0
561	53	3	0
586	53	5	0
600	53	4	0
617	53	1	0
619	53	2	0
621	53	4	0
627	53	4	0
640	53	4	0
642	53	2	0
643	53	4	0
653	53	2	0
655	53	2	0
664	53	3	0
671	53	3	0
682	53	2	0
690	53	2	0
693	53	4	0
709	53	3	0
715	53	1	0
727	53	1	0
756	53	3	0
757	53	3	0
758	53	4	0
766	53	4	0
773	53	3	0
774	53	4	0
776	53	2	0
788	53	1	0
796	53	1	0
802	53	4	0
814	53	4	0
823	53	5	0
826	53	5	0
833	53	1	0
843	53	2	0
846	53	3	0
864	53	4	0
870	53	2	0
880	53	4	0
881	53	2	0
883	53	5	0
886	53	1	0
896	53	1	0
916	53	4	0
933	53	1	0
943	53	3	0
1	54	3	0
7	54	3	0
11	54	3	0
42	54	4	0
43	54	3	0
49	54	2	0
59	54	4	0
72	54	3	0
92	54	3	0
94	54	4	0
109	54	3	0
110	54	4	0
119	54	4	0
128	54	2	0
130	54	5	0
135	54	3	0
144	54	2	0
145	54	5	0
183	54	2	0
188	54	4	0
194	54	3	0
200	54	4	0
215	54	4	0
222	54	4	0
224	54	3	0
234	54	2	0
244	54	2	0
256	54	5	0
267	54	3	0
271	54	3	0
276	54	3	0
280	54	2	0
290	54	3	0
291	54	4	0
293	54	3	0
301	54	3	0
303	54	3	0
308	54	2	0
311	54	4	0
314	54	4	0
320	54	4	0
326	54	3	0
328	54	3	0
332	54	4	0
345	54	3	0
346	54	4	0
363	54	3	0
374	54	4	0
378	54	4	0
379	54	2	0
393	54	4	0
399	54	4	0
405	54	2	0
416	54	5	0
435	54	4	0
442	54	3	0
450	54	4	0
456	54	3	0
457	54	4	0
479	54	3	0
495	54	5	0
497	54	3	0
498	54	2	0
503	54	2	0
504	54	4	0
505	54	3	0
506	54	4	0
533	54	4	0
536	54	2	0
545	54	4	0
551	54	3	0
566	54	3	0
577	54	4	0
586	54	3	0
618	54	3	0
632	54	3	0
642	54	4	0
650	54	2	0
653	54	3	0
654	54	3	0
655	54	2	0
664	54	3	0
671	54	3	0
682	54	4	0
727	54	3	0
738	54	3	0
741	54	3	0
774	54	1	0
778	54	2	0
788	54	4	0
796	54	4	0
815	54	3	0
846	54	3	0
864	54	4	0
870	54	2	0
880	54	3	0
881	54	4	0
886	54	3	0
889	54	3	0
892	54	3	0
896	54	2	0
916	54	3	0
932	54	4	0
943	54	4	0
1	55	5	0
8	55	5	0
16	55	5	0
23	55	4	0
24	55	5	0
37	55	3	0
44	55	4	0
49	55	4	0
59	55	5	0
62	55	5	0
87	55	4	0
92	55	3	0
94	55	4	0
102	55	3	0
109	55	2	0
110	55	3	0
118	55	5	0
130	55	5	0
135	55	4	0
137	55	5	0
142	55	2	0
144	55	4	0
145	55	3	0
158	55	4	0
160	55	4	0
162	55	3	0
177	55	3	0
178	55	4	0
183	55	4	0
186	55	4	0
195	55	4	0
197	55	3	0
198	55	3	0
201	55	4	0
207	55	3	0
213	55	5	0
214	55	4	0
216	55	5	0
218	55	4	0
221	55	4	0
246	55	4	0
248	55	4	0
249	55	5	0
250	55	5	0
251	55	3	0
262	55	3	0
267	55	4	0
268	55	4	0
269	55	4	0
276	55	4	0
286	55	4	0
291	55	4	0
293	55	4	0
296	55	5	0
297	55	4	0
299	55	2	0
303	55	4	0
308	55	3	0
315	55	5	0
327	55	4	0
328	55	4	0
339	55	3	0
343	55	3	0
346	55	5	0
347	55	5	0
352	55	1	0
361	55	2	0
363	55	5	0
371	55	4	0
374	55	2	0
378	55	4	0
385	55	2	0
387	55	3	0
393	55	4	0
399	55	2	0
405	55	1	0
416	55	2	0
417	55	5	0
425	55	4	0
429	55	4	0
435	55	5	0
442	55	3	0
445	55	1	0
447	55	4	0
453	55	4	0
454	55	2	0
466	55	4	0
468	55	5	0
474	55	4	0
479	55	4	0
487	55	5	0
495	55	2	0
497	55	3	0
499	55	4	0
506	55	4	0
524	55	2	0
545	55	3	0
548	55	5	0
551	55	5	0
559	55	4	0
561	55	4	0
577	55	3	0
583	55	4	0
592	55	4	0
606	55	4	0
618	55	2	0
619	55	1	0
621	55	5	0
627	55	4	0
629	55	4	0
632	55	2	0
640	55	5	0
643	55	4	0
645	55	3	0
650	55	4	0
653	55	3	0
655	55	2	0
658	55	4	0
671	55	3	0
682	55	4	0
727	55	3	0
739	55	1	0
751	55	4	0
756	55	5	0
763	55	4	0
788	55	4	0
804	55	4	0
805	55	5	0
823	55	4	0
826	55	5	0
833	55	3	0
844	55	4	0
846	55	5	0
854	55	4	0
864	55	4	0
868	55	5	0
870	55	3	0
875	55	3	0
877	55	4	0
880	55	3	0
883	55	4	0
886	55	4	0
889	55	4	0
896	55	3	0
897	55	3	0
908	55	3	0
916	55	3	0
932	55	3	0
943	55	5	0
1	62	3	0
5	62	4	0
7	62	3	0
13	62	5	0
22	62	4	0
23	62	3	0
37	62	5	0
49	62	2	0
56	62	5	0
62	62	3	0
64	62	2	0
87	62	5	0
92	62	3	0
94	62	3	0
95	62	4	0
102	62	3	0
109	62	3	0
127	62	5	0
130	62	4	0
144	62	2	0
145	62	2	0
158	62	5	0
178	62	4	0
183	62	2	0
194	62	2	0
197	62	2	0
200	62	5	0
201	62	1	0
217	62	2	0
222	62	4	0
244	62	2	0
254	62	3	0
267	62	3	0
268	62	3	0
271	62	2	0
275	62	3	0
276	62	2	0
279	62	3	0
280	62	3	0
290	62	2	0
293	62	1	0
301	62	3	0
303	62	2	0
307	62	3	0
311	62	3	0
320	62	4	0
328	62	3	0
343	62	2	0
346	62	3	0
363	62	2	0
378	62	4	0
379	62	2	0
380	62	1	0
387	62	2	0
393	62	4	0
394	62	4	0
399	62	3	0
405	62	1	0
407	62	3	0
417	62	3	0
425	62	4	0
429	62	3	0
435	62	3	0
442	62	2	0
452	62	2	0
457	62	3	0
466	62	3	0
472	62	5	0
479	62	3	0
487	62	3	0
495	62	3	0
497	62	4	0
500	62	3	0
506	62	3	0
536	62	4	0
541	62	4	0
543	62	3	0
545	62	5	0
551	62	5	0
561	62	3	0
577	62	3	0
588	62	2	0
600	62	4	0
603	62	2	0
618	62	2	0
619	62	1	0
621	62	4	0
622	62	4	0
627	62	4	0
638	62	3	0
640	62	3	0
648	62	5	0
650	62	3	0
653	62	3	0
659	62	4	0
660	62	2	0
671	62	5	0
682	62	3	0
683	62	4	0
705	62	5	0
709	62	3	0
727	62	3	0
746	62	3	0
749	62	3	0
751	62	4	0
757	62	3	0
758	62	2	0
766	62	3	0
774	62	2	0
788	62	3	0
790	62	3	0
795	62	4	0
796	62	4	0
798	62	4	0
804	62	4	0
807	62	3	0
826	62	4	0
843	62	4	0
864	62	4	0
880	62	3	0
881	62	4	0
886	62	3	0
892	62	4	0
896	62	2	0
922	62	3	0
933	62	1	0
943	62	3	0
1	67	3	0
13	67	1	0
38	67	4	0
44	67	3	0
56	67	2	0
87	67	4	0
92	67	3	0
94	67	3	0
95	67	2	0
102	67	1	0
109	67	5	0
110	67	3	0
125	67	5	0
130	67	4	0
152	67	5	0
159	67	1	0
174	67	1	0
180	67	1	0
184	67	3	0
194	67	1	0
195	67	2	0
196	67	5	0
216	67	3	0
222	67	4	0
244	67	4	0
246	67	2	0
267	67	3	0
268	67	3	0
276	67	3	0
279	67	4	0
280	67	4	0
291	67	4	0
293	67	3	0
295	67	4	0
299	67	2	0
301	67	2	0
303	67	5	0
313	67	1	0
314	67	4	0
326	67	2	0
330	67	4	0
336	67	4	0
337	67	4	0
339	67	3	0
343	67	3	0
346	67	3	0
363	67	1	0
378	67	2	0
389	67	2	0
393	67	3	0
394	67	5	0
399	67	3	0
405	67	5	0
407	67	1	0
416	67	4	0
417	67	4	0
435	67	4	0
442	67	3	0
450	67	3	0
453	67	4	0
472	67	4	0
476	67	4	0
487	67	3	0
495	67	3	0
497	67	3	0
504	67	2	0
506	67	3	0
523	67	4	0
545	67	1	0
551	67	5	0
554	67	3	0
561	67	1	0
586	67	5	0
588	67	1	0
621	67	4	0
622	67	1	0
642	67	4	0
643	67	4	0
648	67	4	0
660	67	1	0
682	67	4	0
684	67	3	0
690	67	4	0
712	67	3	0
727	67	4	0
741	67	3	0
749	67	1	0
790	67	3	0
833	67	3	0
846	67	4	0
864	67	4	0
868	67	3	0
880	67	1	0
886	67	4	0
889	67	2	0
892	67	4	0
896	67	2	0
922	67	3	0
927	67	4	0
932	67	2	0
933	67	1	0
934	67	4	0
943	67	4	0
1	68	4	0
7	68	4	0
13	68	3	0
22	68	4	0
37	68	5	0
49	68	1	0
56	68	3	0
59	68	2	0
62	68	1	0
72	68	3	0
87	68	3	0
92	68	3	0
94	68	4	0
95	68	4	0
102	68	2	0
109	68	3	0
110	68	2	0
130	68	5	0
144	68	2	0
158	68	3	0
180	68	5	0
197	68	2	0
200	68	5	0
201	68	2	0
207	68	2	0
217	68	3	0
222	68	4	0
244	68	5	0
246	68	5	0
249	68	5	0
262	68	2	0
267	68	4	0
268	68	4	0
269	68	3	0
276	68	4	0
279	68	4	0
280	68	3	0
293	68	3	0
295	68	4	0
301	68	4	0
303	68	4	0
308	68	4	0
311	68	1	0
314	68	4	0
320	68	5	0
328	68	3	0
334	68	3	0
342	68	3	0
343	68	1	0
346	68	3	0
347	68	5	0
363	68	2	0
373	68	5	0
374	68	1	0
378	68	2	0
387	68	4	0
393	68	4	0
394	68	5	0
399	68	3	0
405	68	1	0
407	68	4	0
417	68	3	0
425	68	4	0
429	68	3	0
435	68	4	0
442	68	3	0
447	68	5	0
453	68	4	0
456	68	4	0
466	68	3	0
472	68	5	0
474	68	3	0
478	68	1	0
483	68	1	0
487	68	5	0
495	68	5	0
496	68	4	0
497	68	4	0
504	68	5	0
506	68	4	0
514	68	4	0
521	68	4	0
545	68	4	0
551	68	2	0
554	68	2	0
577	68	4	0
586	68	4	0
588	68	5	0
606	68	5	0
618	68	3	0
619	68	3	0
621	68	4	0
627	68	4	0
632	68	1	0
640	68	4	0
642	68	3	0
643	68	3	0
648	68	1	0
650	68	3	0
660	68	4	0
671	68	3	0
682	68	5	0
709	68	5	0
715	68	4	0
727	68	4	0
746	68	4	0
749	68	4	0
757	68	4	0
758	68	3	0
773	68	2	0
774	68	3	0
788	68	3	0
790	68	3	0
795	68	3	0
804	68	3	0
805	68	3	0
807	68	4	0
823	68	3	0
826	68	3	0
833	68	4	0
846	68	3	0
851	68	3	0
867	68	4	0
868	68	2	0
870	68	3	0
880	68	5	0
883	68	4	0
886	68	3	0
892	68	4	0
896	68	3	0
897	68	5	0
916	68	3	0
922	68	4	0
943	68	4	0
1	72	4	0
7	72	5	0
13	72	4	0
18	72	3	0
42	72	3	0
49	72	2	0
62	72	3	0
64	72	4	0
87	72	3	0
92	72	3	0
94	72	3	0
95	72	2	0
102	72	3	0
109	72	5	0
125	72	4	0
144	72	4	0
158	72	3	0
159	72	3	0
184	72	3	0
193	72	2	0
194	72	3	0
200	72	4	0
210	72	3	0
216	72	2	0
222	72	4	0
234	72	3	0
244	72	4	0
262	72	3	0
268	72	3	0
269	72	2	0
276	72	4	0
280	72	4	0
286	72	4	0
291	72	4	0
295	72	4	0
299	72	3	0
303	72	3	0
307	72	3	0
308	72	4	0
311	72	4	0
314	72	2	0
318	72	4	0
326	72	2	0
327	72	2	0
328	72	3	0
330	72	5	0
334	72	3	0
336	72	3	0
343	72	5	0
346	72	3	0
363	72	1	0
389	72	3	0
393	72	4	0
394	72	4	0
398	72	3	0
399	72	4	0
405	72	3	0
406	72	3	0
407	72	4	0
416	72	2	0
417	72	4	0
429	72	2	0
435	72	4	0
436	72	5	0
456	72	1	0
472	72	5	0
474	72	3	0
476	72	4	0
478	72	1	0
497	72	3	0
500	72	4	0
504	72	4	0
506	72	3	0
521	72	3	0
523	72	4	0
524	72	4	0
532	72	3	0
533	72	2	0
537	72	1	0
542	72	3	0
551	72	5	0
561	72	2	0
586	72	2	0
588	72	4	0
591	72	3	0
615	72	2	0
621	72	2	0
622	72	3	0
642	72	4	0
643	72	4	0
645	72	3	0
647	72	4	0
648	72	4	0
650	72	2	0
660	72	3	0
682	72	3	0
690	72	2	0
694	72	4	0
712	72	4	0
716	72	3	0
727	72	3	0
749	72	3	0
766	72	2	0
773	72	3	0
774	72	1	0
790	72	2	0
795	72	3	0
798	72	3	0
804	72	4	0
833	72	2	0
838	72	4	0
846	72	4	0
848	72	5	0
864	72	4	0
880	72	3	0
881	72	2	0
883	72	4	0
885	72	1	0
887	72	4	0
889	72	3	0
892	72	4	0
916	72	3	0
918	72	1	0
921	72	4	0
922	72	4	0
927	72	5	0
933	72	3	0
934	72	3	0
943	72	2	0
1	77	4	0
7	77	5	0
42	77	5	0
43	77	3	0
49	77	1	0
56	77	3	0
59	77	4	0
60	77	4	0
64	77	3	0
65	77	5	0
72	77	4	0
76	77	2	0
83	77	4	0
92	77	3	0
94	77	3	0
95	77	4	0
106	77	4	0
109	77	4	0
110	77	4	0
115	77	2	0
128	77	3	0
130	77	5	0
135	77	4	0
145	77	3	0
156	77	2	0
178	77	4	0
183	77	3	0
184	77	3	0
186	77	5	0
188	77	4	0
194	77	3	0
201	77	2	0
215	77	3	0
222	77	4	0
224	77	4	0
234	77	3	0
243	77	3	0
244	77	4	0
246	77	2	0
256	77	3	0
262	77	2	0
267	77	3	0
268	77	2	0
269	77	1	0
270	77	2	0
271	77	4	0
276	77	3	0
280	77	3	0
286	77	3	0
291	77	4	0
293	77	2	0
299	77	3	0
301	77	3	0
303	77	4	0
308	77	3	0
311	77	5	0
313	77	3	0
318	77	3	0
320	77	3	0
328	77	4	0
330	77	4	0
332	77	4	0
334	77	3	0
343	77	3	0
345	77	3	0
346	77	4	0
347	77	5	0
363	77	2	0
371	77	5	0
372	77	5	0
374	77	5	0
375	77	4	0
378	77	4	0
381	77	2	0
389	77	2	0
393	77	3	0
394	77	3	0
399	77	2	0
405	77	1	0
416	77	4	0
417	77	3	0
429	77	3	0
437	77	4	0
442	77	3	0
450	77	4	0
452	77	3	0
453	77	3	0
454	77	4	0
455	77	4	0
457	77	4	0
474	77	5	0
478	77	1	0
487	77	3	0
495	77	4	0
496	77	2	0
497	77	3	0
498	77	2	0
500	77	3	0
504	77	4	0
505	77	3	0
506	77	3	0
521	77	3	0
524	77	3	0
528	77	3	0
532	77	5	0
533	77	4	0
545	77	3	0
551	77	3	0
554	77	4	0
561	77	1	0
566	77	4	0
577	77	3	0
586	77	3	0
593	77	4	0
618	77	3	0
627	77	2	0
633	77	3	0
643	77	3	0
647	77	4	0
650	77	3	0
653	77	3	0
655	77	3	0
659	77	4	0
664	77	3	0
682	77	3	0
690	77	3	0
693	77	2	0
711	77	3	0
719	77	3	0
721	77	5	0
741	77	3	0
749	77	3	0
758	77	3	0
764	77	4	0
766	77	2	0
774	77	1	0
796	77	5	0
815	77	4	0
823	77	4	0
843	77	2	0
847	77	4	0
864	77	4	0
870	77	3	0
881	77	2	0
889	77	3	0
893	77	4	0
896	77	4	0
897	77	4	0
916	77	3	0
922	77	4	0
932	77	2	0
1	90	4	0
5	90	3	0
7	90	3	0
11	90	2	0
13	90	3	0
23	90	2	0
44	90	2	0
49	90	1	0
56	90	2	0
59	90	2	0
87	90	2	0
94	90	3	0
95	90	2	0
109	90	3	0
125	90	5	0
130	90	4	0
178	90	3	0
194	90	3	0
222	90	2	0
244	90	4	0
254	90	1	0
262	90	4	0
270	90	5	0
279	90	3	0
280	90	4	0
286	90	4	0
291	90	5	0
297	90	4	0
301	90	3	0
303	90	4	0
314	90	2	0
320	90	4	0
326	90	1	0
327	90	3	0
336	90	5	0
343	90	4	0
361	90	2	0
363	90	5	0
373	90	4	0
379	90	2	0
389	90	3	0
393	90	2	0
394	90	3	0
399	90	2	0
405	90	4	0
416	90	4	0
417	90	3	0
429	90	4	0
435	90	4	0
436	90	3	0
437	90	3	0
442	90	3	0
450	90	4	0
453	90	3	0
472	90	5	0
476	90	3	0
477	90	4	0
495	90	4	0
497	90	4	0
504	90	3	0
506	90	2	0
521	90	2	0
537	90	1	0
541	90	4	0
542	90	4	0
551	90	1	0
618	90	1	0
622	90	4	0
642	90	4	0
648	90	3	0
659	90	2	0
660	90	2	0
690	90	1	0
712	90	3	0
715	90	5	0
727	90	3	0
751	90	3	0
766	90	1	0
773	90	4	0
790	90	2	0
798	90	3	0
805	90	2	0
806	90	4	0
823	90	4	0
844	90	3	0
846	90	2	0
868	90	3	0
870	90	4	0
880	90	3	0
881	90	3	0
883	90	3	0
887	90	5	0
892	90	2	0
904	90	2	0
916	90	3	0
1	94	2	0
5	94	3	0
11	94	3	0
13	94	3	0
18	94	3	0
20	94	2	0
22	94	3	0
38	94	5	0
56	94	4	0
70	94	3	0
73	94	1	0
83	94	4	0
85	94	3	0
87	94	4	0
92	94	3	0
94	94	2	0
95	94	5	0
102	94	2	0
109	94	4	0
110	94	4	0
125	94	5	0
130	94	5	0
174	94	2	0
183	94	3	0
193	94	3	0
194	94	3	0
196	94	3	0
200	94	4	0
210	94	4	0
221	94	3	0
222	94	3	0
245	94	2	0
246	94	2	0
254	94	3	0
267	94	3	0
268	94	2	0
276	94	2	0
279	94	3	0
280	94	2	0
291	94	2	0
293	94	2	0
295	94	4	0
299	94	1	0
301	94	4	0
303	94	3	0
307	94	3	0
311	94	3	0
313	94	3	0
314	94	4	0
318	94	4	0
326	94	4	0
330	94	4	0
336	94	3	0
339	94	2	0
346	94	3	0
373	94	2	0
378	94	3	0
379	94	5	0
381	94	3	0
389	94	2	0
393	94	4	0
398	94	2	0
399	94	5	0
405	94	5	0
407	94	4	0
416	94	2	0
417	94	3	0
437	94	4	0
450	94	4	0
452	94	1	0
453	94	4	0
456	94	3	0
457	94	3	0
471	94	5	0
472	94	5	0
476	94	2	0
484	94	4	0
487	94	3	0
495	94	3	0
496	94	1	0
497	94	3	0
500	94	2	0
504	94	4	0
506	94	3	0
524	94	2	0
533	94	4	0
536	94	4	0
542	94	3	0
543	94	3	0
545	94	3	0
559	94	3	0
566	94	2	0
588	94	2	0
591	94	3	0
620	94	5	0
621	94	2	0
622	94	2	0
633	94	4	0
642	94	2	0
643	94	4	0
648	94	5	0
653	94	2	0
660	94	2	0
682	94	3	0
684	94	3	0
690	94	4	0
705	94	4	0
711	94	2	0
712	94	4	0
727	94	4	0
741	94	3	0
747	94	4	0
749	94	5	0
751	94	3	0
774	94	2	0
778	94	2	0
796	94	3	0
798	94	3	0
804	94	4	0
805	94	1	0
807	94	2	0
815	94	3	0
823	94	2	0
846	94	4	0
864	94	4	0
868	94	1	0
880	94	3	0
881	94	2	0
885	94	2	0
886	94	4	0
889	94	4	0
901	94	4	0
922	94	3	0
927	94	2	0
933	94	1	0
934	94	4	0
943	94	4	0
1	159	3	0
12	159	4	0
44	159	3	0
49	159	2	0
62	159	3	0
92	159	4	0
94	159	3	0
109	159	4	0
128	159	4	0
130	159	4	0
145	159	4	0
183	159	4	0
186	159	5	0
188	159	3	0
193	159	4	0
194	159	3	0
215	159	3	0
222	159	3	0
246	159	3	0
250	159	4	0
267	159	4	0
268	159	2	0
270	159	4	0
276	159	3	0
280	159	4	0
291	159	4	0
293	159	3	0
295	159	4	0
301	159	3	0
303	159	3	0
320	159	4	0
328	159	3	0
332	159	5	0
339	159	3	0
343	159	2	0
346	159	4	0
347	159	4	0
363	159	1	0
372	159	5	0
374	159	4	0
378	159	3	0
381	159	3	0
389	159	2	0
398	159	3	0
407	159	3	0
416	159	1	0
417	159	4	0
429	159	3	0
435	159	5	0
436	159	4	0
442	159	4	0
455	159	3	0
468	159	3	0
500	159	2	0
521	159	3	0
551	159	4	0
561	159	1	0
586	159	4	0
588	159	1	0
593	159	4	0
618	159	3	0
622	159	3	0
632	159	3	0
633	159	4	0
643	159	3	0
650	159	3	0
655	159	3	0
659	159	4	0
660	159	1	0
664	159	3	0
671	159	5	0
682	159	3	0
690	159	3	0
693	159	4	0
715	159	3	0
716	159	4	0
727	159	2	0
749	159	4	0
756	159	4	0
758	159	3	0
763	159	3	0
788	159	3	0
790	159	3	0
796	159	3	0
804	159	4	0
815	159	3	0
823	159	3	0
833	159	2	0
843	159	2	0
851	159	3	0
860	159	3	0
864	159	4	0
868	159	2	0
877	159	4	0
886	159	2	0
889	159	3	0
892	159	4	0
896	159	2	0
916	159	3	0
922	159	3	0
933	159	3	0
1	161	4	0
7	161	3	0
10	161	4	0
12	161	5	0
13	161	5	0
16	161	5	0
22	161	4	0
23	161	2	0
30	161	4	0
37	161	5	0
38	161	5	0
42	161	4	0
43	161	4	0
44	161	4	0
49	161	1	0
56	161	4	0
59	161	3	0
60	161	4	0
64	161	3	0
70	161	3	0
72	161	5	0
83	161	4	0
85	161	4	0
87	161	5	0
91	161	3	0
92	161	2	0
94	161	3	0
95	161	3	0
102	161	2	0
106	161	3	0
109	161	3	0
110	161	5	0
128	161	5	0
130	161	4	0
152	161	5	0
158	161	2	0
160	161	3	0
177	161	3	0
178	161	5	0
184	161	2	0
188	161	3	0
193	161	3	0
194	161	4	0
197	161	4	0
198	161	3	0
200	161	4	0
207	161	4	0
210	161	5	0
221	161	3	0
222	161	4	0
230	161	5	0
234	161	3	0
244	161	4	0
246	161	3	0
249	161	3	0
256	161	5	0
267	161	4	0
268	161	3	0
269	161	1	0
271	161	2	0
276	161	3	0
280	161	4	0
286	161	2	0
290	161	4	0
293	161	2	0
295	161	4	0
301	161	3	0
303	161	5	0
307	161	3	0
308	161	3	0
311	161	4	0
313	161	4	0
314	161	5	0
318	161	3	0
320	161	4	0
326	161	3	0
327	161	3	0
328	161	4	0
330	161	4	0
334	161	3	0
339	161	3	0
345	161	3	0
346	161	3	0
363	161	4	0
373	161	4	0
374	161	5	0
378	161	4	0
379	161	2	0
380	161	2	0
387	161	1	0
389	161	2	0
393	161	4	0
394	161	4	0
399	161	3	0
401	161	2	0
405	161	1	0
407	161	2	0
411	161	2	0
416	161	4	0
417	161	3	0
425	161	3	0
429	161	3	0
435	161	3	0
436	161	4	0
437	161	2	0
442	161	3	0
450	161	5	0
452	161	5	0
454	161	4	0
455	161	4	0
456	161	3	0
457	161	4	0
466	161	2	0
468	161	3	0
469	161	3	0
472	161	5	0
474	161	4	0
478	161	3	0
479	161	3	0
484	161	4	0
487	161	5	0
495	161	4	0
497	161	5	0
500	161	2	0
504	161	4	0
505	161	3	0
506	161	4	0
521	161	2	0
524	161	4	0
532	161	5	0
533	161	4	0
543	161	4	0
545	161	4	0
551	161	5	0
562	161	3	0
566	161	4	0
577	161	5	0
584	161	4	0
586	161	5	0
588	161	4	0
593	161	5	0
600	161	4	0
606	161	4	0
618	161	4	0
619	161	4	0
621	161	3	0
622	161	3	0
627	161	2	0
632	161	3	0
638	161	4	0
640	161	4	0
643	161	3	0
648	161	3	0
650	161	3	0
653	161	4	0
655	161	2	0
659	161	3	0
660	161	1	0
661	161	4	0
670	161	2	0
671	161	5	0
682	161	3	0
684	161	3	0
693	161	3	0
694	161	4	0
705	161	5	0
709	161	5	0
711	161	4	0
715	161	5	0
716	161	3	0
721	161	5	0
727	161	4	0
738	161	4	0
746	161	3	0
749	161	3	0
751	161	2	0
756	161	3	0
757	161	3	0
766	161	3	0
774	161	2	0
778	161	3	0
786	161	4	0
790	161	4	0
796	161	5	0
798	161	3	0
804	161	4	0
805	161	1	0
806	161	3	0
807	161	4	0
821	161	4	0
823	161	3	0
826	161	3	0
830	161	4	0
833	161	1	0
843	161	2	0
844	161	3	0
846	161	4	0
847	161	2	0
851	161	3	0
864	161	4	0
868	161	2	0
871	161	5	0
880	161	2	0
881	161	3	0
885	161	4	0
886	161	5	0
889	161	4	0
893	161	5	0
896	161	3	0
897	161	5	0
899	161	4	0
901	161	5	0
916	161	3	0
918	161	1	0
922	161	3	0
932	161	3	0
933	161	2	0
934	161	4	0
940	161	3	0
943	161	4	0
1	164	3	0
7	164	5	0
10	164	4	0
13	164	3	0
16	164	5	0
21	164	5	0
28	164	4	0
30	164	4	0
44	164	4	0
56	164	4	0
62	164	5	0
92	164	4	0
94	164	3	0
102	164	3	0
109	164	5	0
117	164	5	0
118	164	5	0
145	164	4	0
148	164	4	0
151	164	5	0
178	164	3	0
184	164	3	0
188	164	4	0
198	164	3	0
201	164	3	0
213	164	5	0
215	164	3	0
218	164	3	0
222	164	4	0
234	164	3	0
244	164	3	0
246	164	3	0
254	164	4	0
267	164	3	0
268	164	2	0
270	164	5	0
274	164	5	0
275	164	4	0
276	164	4	0
286	164	3	0
290	164	4	0
291	164	4	0
293	164	4	0
295	164	5	0
301	164	3	0
303	164	4	0
307	164	4	0
308	164	4	0
313	164	3	0
315	164	4	0
320	164	4	0
325	164	1	0
327	164	3	0
328	164	3	0
334	164	3	0
343	164	3	0
346	164	3	0
347	164	3	0
363	164	2	0
366	164	5	0
367	164	4	0
368	164	3	0
372	164	4	0
374	164	4	0
377	164	4	0
378	164	4	0
379	164	4	0
394	164	4	0
399	164	2	0
406	164	5	0
416	164	5	0
417	164	3	0
421	164	4	0
429	164	4	0
430	164	3	0
435	164	2	0
442	164	2	0
450	164	4	0
452	164	4	0
453	164	3	0
454	164	3	0
455	164	4	0
457	164	4	0
459	164	4	0
479	164	4	0
488	164	3	0
496	164	3	0
497	164	4	0
498	164	3	0
500	164	4	0
503	164	3	0
505	164	4	0
532	164	5	0
536	164	4	0
538	164	3	0
545	164	4	0
546	164	4	0
548	164	5	0
551	164	4	0
561	164	2	0
586	164	2	0
588	164	5	0
593	164	4	0
601	164	4	0
604	164	4	0
617	164	1	0
618	164	3	0
620	164	5	0
632	164	4	0
648	164	4	0
650	164	4	0
653	164	3	0
655	164	2	0
659	164	4	0
660	164	2	0
661	164	4	0
682	164	3	0
709	164	3	0
723	164	4	0
727	164	5	0
734	164	3	0
738	164	5	0
741	164	3	0
749	164	3	0
757	164	3	0
763	164	4	0
771	164	2	0
776	164	3	0
780	164	4	0
788	164	3	0
795	164	3	0
796	164	3	0
798	164	4	0
804	164	4	0
805	164	3	0
823	164	3	0
833	164	2	0
843	164	3	0
847	164	3	0
848	164	5	0
864	164	4	0
868	164	2	0
877	164	5	0
886	164	4	0
887	164	4	0
889	164	4	0
896	164	4	0
913	164	2	0
916	164	4	0
933	164	2	0
940	164	2	0
1	184	4	0
13	184	1	0
21	184	4	0
22	184	5	0
28	184	4	0
51	184	3	0
56	184	4	0
59	184	4	0
64	184	4	0
92	184	3	0
94	184	2	0
102	184	2	0
110	184	1	0
117	184	3	0
118	184	5	0
130	184	4	0
158	184	3	0
167	184	1	0
178	184	5	0
197	184	1	0
198	184	3	0
201	184	3	0
216	184	4	0
221	184	4	0
246	184	4	0
250	184	1	0
264	184	5	0
268	184	4	0
276	184	4	0
279	184	5	0
286	184	3	0
291	184	4	0
301	184	4	0
303	184	5	0
305	184	3	0
308	184	4	0
320	184	5	0
327	184	3	0
346	184	1	0
363	184	3	0
366	184	4	0
367	184	5	0
368	184	5	0
373	184	4	0
374	184	2	0
387	184	3	0
388	184	4	0
393	184	4	0
394	184	3	0
405	184	1	0
406	184	2	0
407	184	4	0
416	184	4	0
417	184	4	0
422	184	4	0
425	184	4	0
429	184	4	0
435	184	5	0
442	184	2	0
453	184	4	0
466	184	4	0
495	184	5	0
497	184	3	0
521	184	4	0
524	184	1	0
537	184	3	0
551	184	1	0
561	184	3	0
586	184	2	0
588	184	4	0
592	184	5	0
600	184	3	0
601	184	3	0
604	184	3	0
606	184	5	0
617	184	1	0
621	184	3	0
622	184	5	0
627	184	4	0
632	184	5	0
640	184	5	0
645	184	3	0
648	184	5	0
660	184	3	0
671	184	3	0
679	184	4	0
682	184	4	0
727	184	3	0
746	184	4	0
749	184	2	0
758	184	5	0
773	184	2	0
776	184	4	0
790	184	3	0
795	184	4	0
796	184	1	0
802	184	4	0
804	184	5	0
814	184	3	0
823	184	3	0
826	184	3	0
833	184	3	0
844	184	3	0
846	184	5	0
862	184	2	0
864	184	4	0
868	184	3	0
880	184	4	0
886	184	4	0
892	184	4	0
896	184	3	0
897	184	4	0
913	184	3	0
922	184	3	0
933	184	1	0
943	184	5	0
1	217	3	0
7	217	4	0
13	217	1	0
21	217	3	0
23	217	2	0
28	217	3	0
43	217	2	0
49	217	3	0
62	217	2	0
64	217	2	0
70	217	4	0
92	217	3	0
94	217	4	0
102	217	2	0
118	217	3	0
130	217	3	0
145	217	3	0
158	217	5	0
177	217	3	0
184	217	3	0
198	217	4	0
201	217	3	0
222	217	3	0
244	217	5	0
255	217	2	0
262	217	3	0
264	217	3	0
267	217	4	0
268	217	2	0
269	217	2	0
270	217	5	0
276	217	4	0
280	217	3	0
286	217	3	0
293	217	3	0
295	217	4	0
301	217	3	0
327	217	3	0
334	217	2	0
339	217	3	0
343	217	3	0
363	217	2	0
366	217	5	0
367	217	5	0
368	217	5	0
373	217	3	0
378	217	3	0
380	217	2	0
381	217	2	0
385	217	2	0
387	217	3	0
389	217	3	0
394	217	5	0
405	217	1	0
406	217	4	0
407	217	4	0
416	217	4	0
417	217	4	0
422	217	3	0
425	217	1	0
429	217	3	0
435	217	4	0
436	217	4	0
437	217	3	0
442	217	3	0
455	217	4	0
456	217	3	0
472	217	5	0
495	217	5	0
496	217	5	0
497	217	4	0
500	217	4	0
536	217	3	0
545	217	5	0
551	217	1	0
561	217	3	0
577	217	5	0
586	217	5	0
588	217	4	0
617	217	1	0
622	217	4	0
642	217	2	0
648	217	2	0
650	217	3	0
660	217	2	0
682	217	4	0
684	217	2	0
709	217	5	0
711	217	4	0
715	217	2	0
727	217	3	0
757	217	3	0
758	217	2	0
766	217	4	0
773	217	3	0
774	217	2	0
776	217	4	0
790	217	4	0
795	217	1	0
796	217	4	0
802	217	3	0
805	217	2	0
815	217	3	0
823	217	3	0
833	217	2	0
843	217	4	0
846	217	4	0
864	217	4	0
868	217	2	0
880	217	4	0
881	217	3	0
886	217	2	0
889	217	4	0
896	217	2	0
916	217	4	0
919	217	4	0
922	217	3	0
925	217	2	0
927	217	1	0
943	217	3	0
1	218	3	0
10	218	4	0
13	218	1	0
21	218	4	0
28	218	3	0
38	218	3	0
49	218	2	0
59	218	5	0
60	218	4	0
64	218	1	0
82	218	3	0
90	218	5	0
92	218	4	0
94	218	3	0
102	218	3	0
109	218	4	0
115	218	3	0
118	218	5	0
128	218	3	0
130	218	5	0
145	218	3	0
160	218	4	0
178	218	3	0
184	218	3	0
188	218	5	0
193	218	4	0
194	218	4	0
198	218	3	0
200	218	5	0
201	218	4	0
213	218	4	0
215	218	3	0
216	218	4	0
221	218	4	0
222	218	5	0
234	218	2	0
249	218	3	0
255	218	3	0
256	218	3	0
267	218	4	0
268	218	2	0
269	218	2	0
270	218	5	0
271	218	3	0
276	218	4	0
280	218	4	0
287	218	5	0
290	218	2	0
291	218	4	0
293	218	2	0
295	218	5	0
297	218	3	0
301	218	4	0
303	218	4	0
308	218	5	0
311	218	4	0
313	218	2	0
314	218	4	0
327	218	3	0
328	218	4	0
332	218	5	0
334	218	3	0
339	218	3	0
345	218	3	0
346	218	3	0
361	218	3	0
363	218	2	0
366	218	3	0
367	218	4	0
368	218	2	0
372	218	5	0
374	218	4	0
375	218	3	0
378	218	3	0
385	218	2	0
387	218	3	0
388	218	5	0
394	218	4	0
399	218	4	0
405	218	5	0
406	218	3	0
407	218	4	0
412	218	3	0
416	218	3	0
417	218	3	0
421	218	4	0
422	218	4	0
425	218	3	0
429	218	3	0
435	218	3	0
436	218	4	0
437	218	2	0
442	218	3	0
447	218	4	0
450	218	4	0
456	218	4	0
457	218	4	0
468	218	4	0
472	218	4	0
474	218	4	0
478	218	3	0
487	218	2	0
495	218	4	0
498	218	3	0
504	218	4	0
506	218	3	0
508	218	2	0
524	218	3	0
532	218	5	0
533	218	2	0
543	218	3	0
545	218	4	0
548	218	4	0
551	218	5	0
553	218	4	0
554	218	4	0
561	218	3	0
562	218	4	0
566	218	4	0
577	218	3	0
586	218	3	0
604	218	3	0
608	218	4	0
617	218	2	0
618	218	3	0
622	218	3	0
642	218	3	0
643	218	3	0
648	218	3	0
650	218	3	0
654	218	2	0
655	218	3	0
659	218	4	0
661	218	3	0
682	218	3	0
684	218	1	0
690	218	5	0
693	218	4	0
709	218	4	0
711	218	4	0
716	218	3	0
741	218	4	0
758	218	4	0
764	218	4	0
773	218	2	0
774	218	1	0
776	218	4	0
788	218	4	0
796	218	3	0
802	218	3	0
804	218	4	0
814	218	3	0
823	218	4	0
833	218	4	0
843	218	2	0
846	218	4	0
847	218	3	0
864	218	4	0
868	218	3	0
870	218	4	0
880	218	4	0
881	218	4	0
886	218	3	0
887	218	5	0
899	218	4	0
916	218	3	0
919	218	4	0
925	218	4	0
932	218	3	0
933	218	3	0
943	218	4	0
1	219	1	0
5	219	3	0
7	219	1	0
13	219	1	0
21	219	5	0
23	219	1	0
28	219	5	0
42	219	1	0
49	219	1	0
56	219	5	0
59	219	5	0
92	219	4	0
94	219	4	0
95	219	4	0
102	219	2	0
130	219	5	0
145	219	5	0
178	219	4	0
194	219	2	0
201	219	4	0
210	219	3	0
222	219	4	0
234	219	2	0
246	219	5	0
254	219	1	0
255	219	5	0
262	219	3	0
264	219	5	0
268	219	3	0
270	219	5	0
276	219	4	0
279	219	2	0
280	219	2	0
291	219	4	0
301	219	4	0
303	219	5	0
308	219	3	0
326	219	2	0
327	219	4	0
346	219	2	0
366	219	5	0
367	219	4	0
368	219	2	0
372	219	5	0
377	219	3	0
379	219	3	0
385	219	1	0
387	219	2	0
388	219	5	0
399	219	3	0
405	219	5	0
406	219	3	0
407	219	4	0
416	219	4	0
417	219	3	0
421	219	3	0
422	219	4	0
425	219	2	0
429	219	4	0
435	219	5	0
436	219	5	0
437	219	3	0
442	219	3	0
457	219	4	0
478	219	2	0
495	219	4	0
504	219	3	0
508	219	1	0
545	219	2	0
546	219	5	0
551	219	5	0
561	219	1	0
566	219	1	0
586	219	3	0
617	219	4	0
643	219	5	0
648	219	4	0
650	219	3	0
653	219	1	0
655	219	2	0
660	219	1	0
661	219	2	0
671	219	3	0
682	219	2	0
709	219	4	0
711	219	2	0
727	219	3	0
766	219	3	0
774	219	4	0
776	219	3	0
778	219	3	0
795	219	3	0
796	219	4	0
802	219	5	0
804	219	3	0
814	219	4	0
823	219	2	0
833	219	4	0
843	219	2	0
846	219	4	0
847	219	4	0
864	219	4	0
868	219	2	0
870	219	2	0
889	219	2	0
896	219	3	0
916	219	3	0
922	219	1	0
925	219	3	0
933	219	1	0
943	219	4	0
1	226	3	0
5	226	3	0
7	226	5	0
13	226	4	0
22	226	4	0
37	226	5	0
38	226	1	0
43	226	3	0
56	226	4	0
59	226	4	0
72	226	4	0
92	226	3	0
94	226	2	0
95	226	4	0
102	226	2	0
109	226	5	0
110	226	3	0
119	226	3	0
124	226	4	0
130	226	5	0
135	226	3	0
145	226	1	0
158	226	3	0
178	226	4	0
183	226	3	0
186	226	5	0
188	226	3	0
194	226	3	0
197	226	4	0
200	226	4	0
201	226	3	0
207	226	2	0
215	226	4	0
216	226	3	0
217	226	1	0
222	226	3	0
234	226	2	0
244	226	1	0
246	226	2	0
256	226	5	0
267	226	3	0
268	226	4	0
270	226	4	0
275	226	3	0
276	226	4	0
279	226	4	0
280	226	3	0
291	226	5	0
292	226	4	0
293	226	1	0
295	226	4	0
301	226	5	0
303	226	4	0
308	226	3	0
311	226	4	0
313	226	4	0
320	226	4	0
326	226	5	0
327	226	3	0
328	226	3	0
332	226	5	0
339	226	2	0
345	226	3	0
346	226	3	0
347	226	4	0
361	226	3	0
363	226	1	0
373	226	3	0
374	226	5	0
378	226	3	0
387	226	3	0
394	226	2	0
399	226	3	0
405	226	2	0
407	226	3	0
416	226	4	0
417	226	3	0
429	226	3	0
435	226	4	0
436	226	4	0
437	226	1	0
442	226	3	0
450	226	4	0
453	226	3	0
456	226	2	0
457	226	3	0
466	226	4	0
468	226	2	0
472	226	5	0
479	226	3	0
484	226	4	0
487	226	3	0
495	226	4	0
497	226	3	0
503	226	5	0
506	226	4	0
521	226	4	0
524	226	3	0
532	226	4	0
533	226	4	0
537	226	2	0
543	226	4	0
545	226	3	0
548	226	5	0
551	226	5	0
559	226	5	0
561	226	1	0
577	226	4	0
586	226	4	0
600	226	4	0
619	226	5	0
622	226	4	0
627	226	1	0
633	226	4	0
638	226	5	0
640	226	5	0
643	226	2	0
648	226	4	0
650	226	3	0
653	226	3	0
655	226	3	0
659	226	4	0
671	226	3	0
682	226	3	0
690	226	3	0
694	226	3	0
705	226	3	0
709	226	3	0
727	226	3	0
738	226	3	0
741	226	2	0
746	226	4	0
749	226	4	0
751	226	3	0
756	226	3	0
757	226	3	0
766	226	3	0
774	226	2	0
778	226	4	0
788	226	4	0
790	226	3	0
795	226	3	0
796	226	3	0
804	226	4	0
805	226	3	0
806	226	3	0
815	226	3	0
826	226	4	0
830	226	5	0
833	226	3	0
843	226	3	0
846	226	4	0
864	226	3	0
871	226	5	0
877	226	3	0
880	226	4	0
881	226	3	0
883	226	3	0
889	226	2	0
892	226	3	0
896	226	3	0
916	226	3	0
932	226	3	0
933	226	2	0
934	226	4	0
943	226	4	0
1	227	4	0
5	227	4	0
7	227	3	0
8	227	4	0
11	227	3	0
13	227	5	0
16	227	5	0
22	227	4	0
23	227	3	0
28	227	4	0
42	227	4	0
44	227	4	0
56	227	3	0
59	227	3	0
60	227	4	0
62	227	1	0
64	227	3	0
70	227	3	0
92	227	1	0
94	227	3	0
95	227	2	0
102	227	4	0
109	227	5	0
127	227	4	0
128	227	2	0
130	227	3	0
135	227	3	0
145	227	4	0
148	227	4	0
151	227	5	0
158	227	2	0
183	227	4	0
194	227	1	0
195	227	3	0
197	227	3	0
200	227	5	0
201	227	4	0
215	227	5	0
221	227	3	0
222	227	3	0
246	227	4	0
254	227	4	0
256	227	4	0
267	227	3	0
268	227	4	0
275	227	3	0
276	227	4	0
279	227	4	0
280	227	3	0
290	227	2	0
293	227	2	0
295	227	4	0
301	227	3	0
303	227	3	0
307	227	5	0
311	227	4	0
326	227	3	0
328	227	3	0
332	227	5	0
334	227	1	0
337	227	5	0
339	227	2	0
347	227	4	0
363	227	4	0
374	227	4	0
378	227	3	0
379	227	4	0
387	227	4	0
393	227	4	0
394	227	4	0
398	227	2	0
399	227	2	0
405	227	1	0
407	227	2	0
411	227	3	0
425	227	4	0
429	227	2	0
435	227	4	0
442	227	3	0
447	227	2	0
450	227	3	0
453	227	3	0
457	227	4	0
472	227	5	0
474	227	4	0
483	227	3	0
484	227	5	0
487	227	3	0
495	227	5	0
496	227	1	0
497	227	2	0
505	227	2	0
506	227	4	0
521	227	3	0
524	227	2	0
532	227	4	0
533	227	4	0
536	227	5	0
545	227	4	0
551	227	5	0
554	227	3	0
584	227	4	0
586	227	2	0
588	227	3	0
600	227	4	0
603	227	3	0
622	227	3	0
623	227	4	0
627	227	3	0
632	227	3	0
638	227	2	0
648	227	3	0
650	227	2	0
653	227	3	0
660	227	2	0
664	227	3	0
691	227	4	0
702	227	4	0
705	227	4	0
709	227	2	0
715	227	3	0
716	227	3	0
727	227	4	0
738	227	4	0
748	227	3	0
749	227	4	0
751	227	4	0
757	227	4	0
758	227	4	0
764	227	4	0
774	227	5	0
788	227	3	0
790	227	3	0
796	227	4	0
804	227	4	0
806	227	2	0
807	227	4	0
815	227	2	0
823	227	1	0
826	227	4	0
830	227	3	0
833	227	2	0
843	227	3	0
846	227	4	0
864	227	4	0
868	227	1	0
880	227	2	0
881	227	4	0
882	227	4	0
883	227	3	0
886	227	3	0
892	227	4	0
896	227	4	0
897	227	3	0
913	227	1	0
916	227	3	0
921	227	3	0
922	227	4	0
927	227	2	0
933	227	1	0
943	227	1	0
1	229	4	0
5	229	2	0
7	229	3	0
8	229	5	0
11	229	4	0
13	229	4	0
22	229	2	0
23	229	3	0
28	229	2	0
42	229	4	0
44	229	3	0
56	229	3	0
59	229	3	0
60	229	4	0
62	229	3	0
64	229	4	0
70	229	3	0
72	229	1	0
85	229	3	0
87	229	4	0
92	229	3	0
94	229	3	0
95	229	3	0
102	229	3	0
109	229	5	0
115	229	3	0
127	229	5	0
128	229	2	0
130	229	4	0
135	229	2	0
145	229	3	0
158	229	3	0
178	229	4	0
183	229	3	0
194	229	1	0
197	229	3	0
198	229	3	0
200	229	5	0
213	229	4	0
215	229	3	0
222	229	3	0
234	229	4	0
254	229	4	0
256	229	3	0
267	229	4	0
268	229	2	0
275	229	3	0
276	229	3	0
279	229	4	0
280	229	3	0
286	229	1	0
290	229	3	0
293	229	2	0
295	229	4	0
299	229	3	0
301	229	3	0
303	229	3	0
307	229	5	0
311	229	5	0
313	229	3	0
318	229	1	0
326	229	3	0
328	229	3	0
332	229	5	0
334	229	2	0
337	229	3	0
339	229	3	0
343	229	4	0
363	229	3	0
373	229	4	0
374	229	5	0
380	229	3	0
387	229	2	0
394	229	3	0
398	229	3	0
399	229	2	0
405	229	1	0
407	229	3	0
411	229	3	0
425	229	3	0
429	229	2	0
435	229	2	0
437	229	3	0
442	229	3	0
450	229	4	0
453	229	2	0
456	229	3	0
457	229	4	0
472	229	5	0
483	229	3	0
484	229	5	0
487	229	3	0
495	229	3	0
496	229	2	0
497	229	2	0
498	229	2	0
506	229	4	0
508	229	2	0
514	229	3	0
517	229	3	0
521	229	2	0
532	229	5	0
533	229	4	0
536	229	4	0
545	229	3	0
548	229	5	0
551	229	5	0
554	229	3	0
561	229	3	0
562	229	1	0
577	229	4	0
584	229	3	0
586	229	3	0
600	229	3	0
603	229	4	0
622	229	2	0
627	229	2	0
638	229	1	0
643	229	3	0
648	229	4	0
650	229	2	0
653	229	3	0
660	229	2	0
664	229	3	0
682	229	4	0
693	229	2	0
694	229	4	0
702	229	4	0
705	229	3	0
709	229	2	0
711	229	3	0
716	229	3	0
721	229	5	0
727	229	2	0
738	229	3	0
746	229	2	0
749	229	3	0
757	229	3	0
758	229	3	0
766	229	3	0
773	229	3	0
774	229	2	0
788	229	3	0
790	229	3	0
796	229	3	0
804	229	4	0
805	229	2	0
807	229	4	0
815	229	3	0
823	229	3	0
826	229	4	0
830	229	2	0
843	229	3	0
846	229	3	0
864	229	4	0
868	229	3	0
881	229	4	0
883	229	4	0
886	229	3	0
890	229	2	0
892	229	3	0
896	229	4	0
899	229	2	0
901	229	4	0
916	229	3	0
922	229	4	0
927	229	3	0
932	229	4	0
933	229	1	0
934	229	4	0
943	229	2	0
1	230	4	0
5	230	3	0
7	230	3	0
10	230	4	0
11	230	4	0
13	230	3	0
16	230	5	0
22	230	4	0
23	230	4	0
28	230	4	0
37	230	4	0
42	230	5	0
44	230	2	0
56	230	5	0
59	230	4	0
60	230	4	0
62	230	2	0
64	230	5	0
70	230	4	0
72	230	1	0
82	230	2	0
85	230	3	0
87	230	5	0
91	230	4	0
92	230	3	0
94	230	2	0
102	230	2	0
109	230	5	0
110	230	3	0
127	230	5	0
130	230	3	0
135	230	3	0
145	230	5	0
151	230	3	0
158	230	2	0
160	230	2	0
162	230	2	0
178	230	4	0
183	230	5	0
194	230	1	0
197	230	4	0
198	230	3	0
200	230	5	0
201	230	3	0
210	230	3	0
211	230	3	0
215	230	3	0
221	230	3	0
222	230	4	0
235	230	4	0
246	230	3	0
254	230	4	0
256	230	4	0
264	230	4	0
267	230	4	0
268	230	3	0
270	230	3	0
275	230	3	0
276	230	4	0
279	230	4	0
280	230	3	0
288	230	2	0
290	230	4	0
293	230	2	0
295	230	4	0
297	230	2	0
301	230	4	0
303	230	3	0
307	230	5	0
308	230	4	0
311	230	5	0
313	230	3	0
315	230	4	0
326	230	3	0
327	230	4	0
328	230	3	0
332	230	5	0
334	230	4	0
337	230	5	0
347	230	4	0
363	230	2	0
373	230	4	0
374	230	5	0
378	230	3	0
379	230	4	0
387	230	3	0
394	230	3	0
398	230	3	0
399	230	3	0
405	230	2	0
407	230	4	0
411	230	3	0
416	230	4	0
417	230	3	0
425	230	4	0
429	230	2	0
435	230	3	0
442	230	3	0
450	230	4	0
455	230	3	0
457	230	4	0
459	230	4	0
472	230	5	0
474	230	3	0
479	230	4	0
483	230	5	0
484	230	5	0
487	230	5	0
488	230	3	0
495	230	5	0
497	230	2	0
506	230	4	0
508	230	2	0
521	230	3	0
524	230	3	0
532	230	5	0
533	230	4	0
536	230	5	0
537	230	2	0
542	230	4	0
545	230	5	0
551	230	5	0
554	230	5	0
561	230	3	0
562	230	1	0
566	230	2	0
577	230	3	0
584	230	4	0
586	230	2	0
588	230	1	0
600	230	4	0
601	230	4	0
603	230	4	0
606	230	2	0
622	230	3	0
627	230	4	0
638	230	5	0
648	230	5	0
650	230	4	0
653	230	3	0
660	230	3	0
661	230	4	0
664	230	3	0
693	230	2	0
694	230	4	0
698	230	3	0
702	230	4	0
705	230	4	0
709	230	2	0
711	230	3	0
712	230	3	0
716	230	3	0
727	230	3	0
734	230	2	0
738	230	4	0
745	230	2	0
746	230	1	0
749	230	3	0
756	230	3	0
757	230	4	0
758	230	4	0
763	230	3	0
766	230	3	0
774	230	2	0
778	230	2	0
786	230	4	0
788	230	3	0
790	230	4	0
796	230	5	0
804	230	4	0
806	230	4	0
807	230	4	0
815	230	5	0
823	230	3	0
826	230	4	0
830	230	3	0
833	230	1	0
843	230	3	0
846	230	3	0
862	230	3	0
864	230	2	0
868	230	3	0
880	230	3	0
881	230	4	0
882	230	5	0
886	230	2	0
890	230	3	0
892	230	4	0
896	230	4	0
897	230	4	0
899	230	4	0
901	230	5	0
916	230	3	0
921	230	3	0
922	230	4	0
927	230	5	0
932	230	4	0
933	230	3	0
943	230	1	0
1	231	1	0
5	231	2	0
7	231	3	0
13	231	3	0
22	231	2	0
30	231	2	0
37	231	2	0
43	231	4	0
44	231	2	0
49	231	3	0
56	231	3	0
64	231	3	0
70	231	3	0
82	231	2	0
85	231	2	0
87	231	3	0
92	231	3	0
102	231	2	0
109	231	3	0
110	231	1	0
130	231	3	0
151	231	1	0
158	231	2	0
184	231	3	0
197	231	3	0
200	231	4	0
201	231	2	0
216	231	2	0
217	231	5	0
221	231	4	0
222	231	2	0
246	231	1	0
254	231	3	0
267	231	4	0
268	231	4	0
269	231	1	0
276	231	3	0
279	231	2	0
280	231	3	0
286	231	3	0
291	231	3	0
297	231	3	0
301	231	2	0
303	231	4	0
308	231	3	0
311	231	4	0
313	231	2	0
320	231	2	0
328	231	2	0
330	231	5	0
334	231	2	0
339	231	2	0
343	231	5	0
363	231	1	0
373	231	3	0
374	231	2	0
378	231	3	0
385	231	2	0
387	231	3	0
395	231	4	0
398	231	2	0
399	231	3	0
405	231	3	0
407	231	3	0
416	231	3	0
417	231	4	0
425	231	3	0
429	231	2	0
442	231	3	0
447	231	2	0
450	231	3	0
453	231	2	0
456	231	2	0
457	231	4	0
466	231	1	0
472	231	5	0
478	231	1	0
484	231	2	0
487	231	1	0
495	231	3	0
497	231	3	0
506	231	3	0
521	231	2	0
537	231	3	0
543	231	3	0
545	231	4	0
561	231	2	0
562	231	1	0
566	231	1	0
586	231	3	0
588	231	4	0
600	231	3	0
619	231	4	0
621	231	4	0
622	231	4	0
640	231	5	0
642	231	3	0
643	231	2	0
647	231	4	0
648	231	2	0
650	231	2	0
660	231	2	0
668	231	2	0
671	231	3	0
682	231	1	0
705	231	3	0
709	231	3	0
715	231	3	0
727	231	3	0
738	231	3	0
746	231	2	0
747	231	3	0
749	231	4	0
757	231	2	0
758	231	3	0
764	231	3	0
766	231	2	0
773	231	2	0
774	231	1	0
786	231	2	0
788	231	3	0
790	231	4	0
795	231	4	0
796	231	3	0
798	231	2	0
804	231	4	0
805	231	3	0
806	231	3	0
807	231	4	0
823	231	3	0
826	231	3	0
830	231	2	0
846	231	2	0
851	231	4	0
864	231	3	0
880	231	2	0
886	231	2	0
889	231	3	0
896	231	1	0
899	231	1	0
933	231	1	0
943	231	2	0
1	232	3	0
7	232	3	0
13	232	3	0
56	232	4	0
59	232	3	0
62	232	3	0
64	232	2	0
85	232	3	0
87	232	3	0
94	232	3	0
95	232	4	0
99	232	4	0
110	232	3	0
158	232	3	0
167	232	1	0
178	232	5	0
194	232	2	0
197	232	4	0
201	232	2	0
222	232	4	0
244	232	4	0
246	232	3	0
256	232	3	0
268	232	3	0
269	232	1	0
276	232	3	0
280	232	3	0
286	232	4	0
291	232	4	0
293	232	2	0
295	232	3	0
301	232	4	0
303	232	4	0
311	232	3	0
313	232	3	0
320	232	4	0
326	232	2	0
327	232	4	0
328	232	3	0
332	232	5	0
336	232	3	0
346	232	3	0
363	232	2	0
373	232	3	0
387	232	2	0
394	232	4	0
399	232	2	0
405	232	4	0
407	232	3	0
416	232	5	0
417	232	3	0
425	232	3	0
429	232	4	0
450	232	4	0
456	232	2	0
457	232	4	0
466	232	4	0
472	232	4	0
476	232	3	0
478	232	2	0
487	232	4	0
495	232	5	0
497	232	3	0
508	232	3	0
521	232	3	0
545	232	3	0
551	232	5	0
561	232	3	0
586	232	3	0
600	232	3	0
627	232	3	0
650	232	3	0
653	232	2	0
670	232	3	0
682	232	3	0
690	232	4	0
709	232	5	0
711	232	3	0
712	232	3	0
715	232	4	0
727	232	3	0
746	232	3	0
749	232	4	0
757	232	3	0
773	232	3	0
774	232	2	0
781	232	3	0
790	232	4	0
796	232	3	0
826	232	3	0
846	232	3	0
864	232	4	0
868	232	1	0
880	232	4	0
886	232	3	0
889	232	3	0
896	232	3	0
897	232	5	0
916	232	3	0
933	232	1	0
943	232	4	0
1	233	2	0
5	233	4	0
8	233	4	0
13	233	4	0
16	233	5	0
22	233	3	0
37	233	4	0
56	233	1	0
72	233	4	0
83	233	4	0
87	233	4	0
92	233	3	0
94	233	3	0
95	233	4	0
102	233	3	0
109	233	4	0
110	233	4	0
130	233	4	0
135	233	3	0
158	233	3	0
178	233	4	0
188	233	3	0
197	233	4	0
201	233	4	0
207	233	3	0
217	233	4	0
222	233	2	0
230	233	1	0
234	233	2	0
256	233	4	0
267	233	4	0
268	233	3	0
276	233	3	0
279	233	5	0
280	233	4	0
293	233	2	0
297	233	2	0
301	233	4	0
303	233	4	0
308	233	3	0
311	233	4	0
320	233	4	0
326	233	4	0
327	233	3	0
332	233	4	0
339	233	1	0
346	233	4	0
347	233	5	0
373	233	3	0
374	233	3	0
375	233	4	0
378	233	2	0
379	233	3	0
387	233	3	0
393	233	3	0
394	233	3	0
399	233	3	0
405	233	1	0
425	233	2	0
429	233	3	0
447	233	4	0
450	233	3	0
453	233	2	0
472	233	4	0
484	233	5	0
495	233	4	0
497	233	2	0
503	233	5	0
506	233	4	0
543	233	4	0
545	233	4	0
548	233	5	0
551	233	4	0
559	233	3	0
561	233	1	0
563	233	4	0
586	233	4	0
593	233	2	0
600	233	2	0
618	233	3	0
619	233	4	0
621	233	3	0
622	233	4	0
627	233	2	0
632	233	3	0
640	233	4	0
642	233	4	0
643	233	4	0
650	233	2	0
653	233	3	0
655	233	3	0
671	233	4	0
682	233	2	0
690	233	3	0
705	233	3	0
709	233	3	0
715	233	3	0
727	233	4	0
738	233	3	0
746	233	4	0
749	233	5	0
757	233	3	0
773	233	1	0
774	233	2	0
790	233	3	0
796	233	4	0
804	233	4	0
806	233	2	0
815	233	3	0
823	233	4	0
826	233	4	0
830	233	3	0
833	233	2	0
846	233	5	0
868	233	2	0
880	233	4	0
881	233	3	0
885	233	3	0
886	233	3	0
892	233	5	0
896	233	2	0
916	233	3	0
933	233	2	0
943	233	5	0
1	239	4	0
5	239	4	0
11	239	4	0
13	239	4	0
25	239	4	0
42	239	5	0
49	239	2	0
56	239	4	0
64	239	3	0
65	239	5	0
87	239	4	0
92	239	4	0
95	239	3	0
102	239	3	0
109	239	4	0
122	239	4	0
125	239	5	0
130	239	4	0
158	239	3	0
174	239	4	0
185	239	3	0
194	239	3	0
200	239	3	0
201	239	1	0
207	239	3	0
215	239	3	0
222	239	5	0
224	239	4	0
230	239	4	0
246	239	3	0
249	239	3	0
267	239	4	0
268	239	3	0
269	239	2	0
271	239	3	0
276	239	4	0
279	239	4	0
280	239	3	0
290	239	2	0
293	239	3	0
299	239	3	0
301	239	2	0
303	239	3	0
305	239	3	0
307	239	3	0
308	239	3	0
311	239	3	0
313	239	3	0
318	239	4	0
326	239	3	0
327	239	3	0
334	239	3	0
336	239	3	0
345	239	4	0
347	239	5	0
363	239	3	0
373	239	3	0
374	239	4	0
378	239	3	0
379	239	4	0
387	239	1	0
389	239	3	0
393	239	4	0
398	239	3	0
399	239	3	0
405	239	3	0
406	239	3	0
407	239	4	0
416	239	5	0
435	239	4	0
436	239	3	0
437	239	4	0
442	239	3	0
450	239	5	0
453	239	3	0
455	239	3	0
457	239	5	0
472	239	5	0
476	239	4	0
484	239	4	0
487	239	5	0
488	239	4	0
493	239	5	0
497	239	4	0
506	239	3	0
508	239	2	0
514	239	5	0
521	239	5	0
524	239	2	0
528	239	5	0
533	239	3	0
537	239	2	0
539	239	3	0
541	239	4	0
543	239	2	0
561	239	3	0
583	239	2	0
586	239	3	0
588	239	5	0
601	239	3	0
606	239	4	0
618	239	3	0
627	239	3	0
630	239	4	0
640	239	5	0
645	239	3	0
650	239	3	0
653	239	5	0
654	239	4	0
655	239	2	0
660	239	2	0
665	239	3	0
682	239	3	0
684	239	4	0
690	239	2	0
694	239	4	0
715	239	4	0
721	239	4	0
727	239	4	0
741	239	2	0
749	239	4	0
751	239	4	0
758	239	3	0
773	239	4	0
778	239	4	0
798	239	4	0
804	239	4	0
807	239	4	0
815	239	5	0
823	239	4	0
835	239	5	0
843	239	3	0
846	239	4	0
847	239	5	0
864	239	4	0
868	239	3	0
870	239	3	0
880	239	4	0
883	239	3	0
885	239	3	0
886	239	3	0
889	239	4	0
892	239	4	0
896	239	4	0
897	239	2	0
899	239	3	0
916	239	3	0
933	239	3	0
934	239	4	0
943	239	5	0
1	241	4	0
5	241	1	0
7	241	4	0
8	241	4	0
11	241	4	0
13	241	3	0
18	241	3	0
22	241	3	0
43	241	4	0
59	241	4	0
62	241	1	0
64	241	3	0
72	241	4	0
82	241	3	0
85	241	3	0
90	241	5	0
92	241	3	0
94	241	4	0
95	241	3	0
102	241	3	0
151	241	3	0
152	241	4	0
158	241	4	0
167	241	5	0
178	241	5	0
183	241	4	0
184	241	3	0
187	241	3	0
189	241	3	0
194	241	2	0
197	241	3	0
198	241	3	0
200	241	4	0
201	241	2	0
207	241	3	0
222	241	3	0
234	241	2	0
244	241	4	0
249	241	5	0
254	241	4	0
268	241	3	0
269	241	1	0
270	241	5	0
271	241	3	0
276	241	4	0
280	241	2	0
295	241	5	0
299	241	3	0
301	241	3	0
303	241	4	0
308	241	4	0
311	241	3	0
312	241	3	0
320	241	4	0
326	241	3	0
328	241	5	0
339	241	4	0
343	241	3	0
345	241	4	0
346	241	4	0
347	241	3	0
354	241	3	0
373	241	5	0
374	241	5	0
378	241	4	0
380	241	2	0
387	241	1	0
393	241	4	0
399	241	4	0
405	241	1	0
416	241	5	0
425	241	2	0
429	241	3	0
450	241	4	0
455	241	4	0
457	241	3	0
466	241	5	0
479	241	3	0
484	241	3	0
503	241	5	0
506	241	2	0
521	241	4	0
524	241	5	0
532	241	5	0
537	241	3	0
551	241	4	0
561	241	2	0
577	241	5	0
586	241	4	0
593	241	5	0
600	241	5	0
601	241	4	0
606	241	3	0
618	241	4	0
619	241	5	0
621	241	4	0
627	241	4	0
629	241	5	0
638	241	3	0
659	241	3	0
671	241	5	0
679	241	3	0
682	241	4	0
694	241	3	0
705	241	4	0
711	241	4	0
716	241	3	0
741	241	4	0
757	241	3	0
758	241	3	0
771	241	1	0
774	241	4	0
776	241	1	0
788	241	5	0
790	241	5	0
805	241	2	0
826	241	4	0
830	241	4	0
844	241	4	0
846	241	4	0
848	241	5	0
871	241	3	0
877	241	4	0
883	241	4	0
886	241	4	0
896	241	5	0
916	241	4	0
933	241	2	0
5	380	3	0
7	380	4	0
23	380	5	0
28	380	4	0
42	380	4	0
44	380	4	0
59	380	3	0
62	380	5	0
70	380	3	0
72	380	1	0
85	380	4	0
94	380	3	0
109	380	5	0
127	380	5	0
128	380	4	0
145	380	3	0
151	380	5	0
180	380	5	0
183	380	4	0
194	380	1	0
200	380	5	0
201	380	1	0
210	380	4	0
215	380	3	0
222	380	4	0
224	380	4	0
244	380	4	0
254	380	4	0
267	380	2	0
268	380	2	0
275	380	3	0
276	380	3	0
279	380	4	0
280	380	2	0
290	380	3	0
293	380	2	0
295	380	4	0
301	380	4	0
307	380	3	0
311	380	4	0
328	380	3	0
337	380	4	0
339	380	3	0
363	380	4	0
373	380	4	0
378	380	3	0
387	380	2	0
393	380	2	0
394	380	4	0
399	380	3	0
405	380	2	0
417	380	3	0
429	380	3	0
435	380	3	0
450	380	5	0
455	380	3	0
456	380	3	0
457	380	4	0
472	380	5	0
474	380	4	0
479	380	3	0
483	380	3	0
487	380	2	0
495	380	3	0
496	380	2	0
506	380	4	0
514	380	4	0
521	380	3	0
524	380	2	0
533	380	4	0
536	380	4	0
537	380	2	0
545	380	3	0
551	380	3	0
561	380	2	0
577	380	3	0
578	380	3	0
588	380	3	0
603	380	4	0
622	380	4	0
625	380	3	0
650	380	2	0
653	380	3	0
660	380	2	0
682	380	4	0
702	380	4	0
711	380	3	0
715	380	3	0
721	380	5	0
727	380	3	0
738	380	3	0
749	380	3	0
751	380	3	0
758	380	4	0
766	380	2	0
774	380	2	0
788	380	3	0
790	380	4	0
798	380	3	0
804	380	4	0
807	380	4	0
815	380	3	0
843	380	3	0
846	380	3	0
864	380	3	0
880	380	3	0
881	380	4	0
882	380	5	0
886	380	3	0
892	380	4	0
896	380	2	0
916	380	2	0
921	380	4	0
922	380	4	0
927	380	5	0
932	380	4	0
5	385	4	0
7	385	5	0
8	385	1	0
9	385	5	0
10	385	4	0
13	385	3	0
16	385	5	0
22	385	4	0
23	385	4	0
37	385	4	0
42	385	5	0
43	385	5	0
44	385	3	0
49	385	1	0
56	385	4	0
59	385	4	0
60	385	4	0
64	385	4	0
76	385	2	0
83	385	4	0
84	385	4	0
85	385	3	0
87	385	5	0
90	385	4	0
92	385	4	0
94	385	2	0
95	385	4	0
102	385	3	0
109	385	4	0
110	385	3	0
119	385	5	0
130	385	5	0
137	385	5	0
151	385	3	0
158	385	3	0
178	385	4	0
186	385	4	0
194	385	2	0
197	385	2	0
198	385	3	0
200	385	5	0
201	385	2	0
207	385	3	0
217	385	2	0
221	385	4	0
222	385	4	0
230	385	1	0
234	385	2	0
246	385	1	0
256	385	5	0
262	385	2	0
267	385	3	0
268	385	3	0
276	385	4	0
279	385	4	0
280	385	5	0
290	385	4	0
291	385	4	0
295	385	4	0
301	385	3	0
303	385	4	0
305	385	1	0
308	385	4	0
311	385	5	0
313	385	4	0
318	385	4	0
320	385	4	0
326	385	3	0
328	385	3	0
330	385	5	0
332	385	5	0
343	385	3	0
344	385	2	0
345	385	3	0
346	385	5	0
347	385	4	0
352	385	4	0
363	385	4	0
373	385	3	0
374	385	4	0
378	385	4	0
379	385	2	0
385	385	1	0
387	385	3	0
393	385	4	0
394	385	5	0
398	385	3	0
399	385	3	0
401	385	3	0
405	385	1	0
407	385	4	0
416	385	5	0
417	385	5	0
425	385	2	0
429	385	3	0
435	385	5	0
442	385	3	0
450	385	4	0
452	385	4	0
453	385	3	0
454	385	3	0
455	385	3	0
457	385	4	0
466	385	4	0
472	385	5	0
474	385	4	0
479	385	2	0
484	385	4	0
487	385	4	0
488	385	4	0
495	385	3	0
497	385	3	0
503	385	1	0
504	385	4	0
505	385	4	0
506	385	4	0
514	385	3	0
521	385	3	0
524	385	3	0
533	385	4	0
536	385	4	0
537	385	2	0
538	385	3	0
543	385	3	0
545	385	3	0
551	385	5	0
559	385	4	0
561	385	2	0
562	385	2	0
566	385	3	0
577	385	5	0
586	385	3	0
588	385	3	0
593	385	4	0
600	385	3	0
603	385	4	0
606	385	4	0
618	385	4	0
619	385	5	0
621	385	5	0
622	385	5	0
625	385	4	0
627	385	2	0
632	385	4	0
633	385	4	0
638	385	5	0
640	385	5	0
642	385	5	0
643	385	3	0
648	385	5	0
650	385	4	0
653	385	4	0
654	385	4	0
655	385	3	0
659	385	5	0
660	385	3	0
666	385	3	0
671	385	5	0
682	385	3	0
694	385	4	0
698	385	4	0
705	385	4	0
709	385	4	0
712	385	5	0
716	385	1	0
727	385	3	0
738	385	5	0
746	385	5	0
749	385	3	0
751	385	4	0
757	385	3	0
758	385	4	0
766	385	3	0
774	385	1	0
780	385	4	0
786	385	4	0
788	385	3	0
796	385	5	0
804	385	4	0
805	385	1	0
807	385	4	0
825	385	5	0
826	385	5	0
830	385	4	0
833	385	3	0
838	385	4	0
843	385	3	0
846	385	5	0
850	385	5	0
868	385	2	0
870	385	3	0
880	385	4	0
881	385	4	0
883	385	1	0
886	385	3	0
887	385	4	0
889	385	3	0
890	385	4	0
892	385	3	0
896	385	4	0
897	385	3	0
899	385	3	0
916	385	3	0
922	385	3	0
927	385	4	0
932	385	2	0
933	385	3	0
943	385	4	0
5	386	2	0
7	386	4	0
11	386	3	0
18	386	2	0
22	386	3	0
23	386	4	0
49	386	4	0
56	386	3	0
87	386	2	0
92	386	3	0
94	386	4	0
95	386	2	0
102	386	2	0
109	386	1	0
125	386	3	0
174	386	1	0
195	386	2	0
221	386	3	0
222	386	2	0
254	386	2	0
262	386	3	0
267	386	3	0
268	386	2	0
276	386	3	0
279	386	3	0
286	386	3	0
293	386	2	0
295	386	4	0
303	386	4	0
311	386	3	0
325	386	4	0
326	386	5	0
347	386	1	0
363	386	1	0
373	386	3	0
378	386	3	0
389	386	3	0
393	386	4	0
394	386	3	0
399	386	3	0
405	386	3	0
417	386	3	0
435	386	4	0
450	386	4	0
457	386	3	0
472	386	5	0
476	386	2	0
495	386	3	0
497	386	2	0
500	386	3	0
504	386	3	0
524	386	4	0
536	386	4	0
542	386	3	0
545	386	2	0
551	386	1	0
566	386	1	0
588	386	2	0
621	386	3	0
622	386	3	0
642	386	5	0
648	386	4	0
653	386	1	0
660	386	2	0
682	386	2	0
684	386	3	0
712	386	3	0
727	386	2	0
751	386	3	0
758	386	3	0
766	386	3	0
773	386	3	0
774	386	2	0
790	386	2	0
795	386	3	0
805	386	3	0
807	386	4	0
815	386	2	0
846	386	3	0
864	386	3	0
870	386	4	0
880	386	3	0
883	386	3	0
885	386	2	0
889	386	3	0
896	386	3	0
943	386	1	0
5	399	3	0
7	399	4	0
11	399	3	0
22	399	4	0
56	399	4	0
70	399	4	0
94	399	4	0
95	399	4	0
102	399	2	0
125	399	3	0
158	399	3	0
184	399	3	0
194	399	2	0
197	399	2	0
221	399	3	0
222	399	4	0
268	399	3	0
276	399	2	0
279	399	4	0
299	399	2	0
311	399	4	0
314	399	3	0
320	399	3	0
326	399	4	0
328	399	2	0
336	399	3	0
373	399	3	0
378	399	3	0
387	399	3	0
393	399	4	0
398	399	4	0
399	399	3	0
405	399	1	0
407	399	3	0
416	399	4	0
417	399	3	0
435	399	3	0
450	399	4	0
476	399	3	0
484	399	4	0
487	399	5	0
497	399	4	0
504	399	4	0
506	399	5	0
532	399	3	0
537	399	2	0
541	399	3	0
542	399	2	0
545	399	4	0
551	399	3	0
577	399	4	0
588	399	3	0
600	399	4	0
627	399	3	0
642	399	3	0
643	399	3	0
648	399	4	0
650	399	3	0
682	399	4	0
705	399	5	0
712	399	5	0
715	399	2	0
716	399	3	0
727	399	3	0
741	399	2	0
746	399	3	0
749	399	3	0
751	399	3	0
756	399	2	0
757	399	3	0
774	399	2	0
788	399	3	0
796	399	4	0
798	399	5	0
804	399	4	0
807	399	4	0
826	399	4	0
830	399	5	0
864	399	4	0
881	399	4	0
883	399	5	0
886	399	3	0
889	399	3	0
896	399	1	0
911	399	5	0
916	399	3	0
932	399	4	0
933	399	3	0
943	399	1	0
5	403	3	0
7	403	4	0
8	403	4	0
13	403	2	0
18	403	3	0
22	403	5	0
30	403	2	0
37	403	5	0
38	403	1	0
42	403	3	0
43	403	4	0
49	403	3	0
56	403	4	0
59	403	5	0
60	403	3	0
62	403	4	0
64	403	4	0
70	403	4	0
72	403	3	0
87	403	3	0
92	403	4	0
94	403	3	0
95	403	1	0
99	403	4	0
102	403	3	0
109	403	5	0
110	403	3	0
122	403	4	0
130	403	5	0
144	403	3	0
158	403	4	0
162	403	3	0
177	403	5	0
180	403	3	0
184	403	3	0
193	403	3	0
194	403	2	0
197	403	3	0
198	403	4	0
201	403	3	0
210	403	4	0
216	403	3	0
217	403	5	0
221	403	4	0
222	403	3	0
224	403	4	0
234	403	1	0
246	403	4	0
249	403	4	0
254	403	3	0
256	403	4	0
267	403	4	0
268	403	4	0
269	403	1	0
276	403	4	0
279	403	1	0
280	403	3	0
286	403	5	0
290	403	2	0
291	403	4	0
293	403	3	0
295	403	4	0
301	403	4	0
303	403	5	0
305	403	2	0
307	403	3	0
308	403	4	0
311	403	4	0
313	403	3	0
318	403	2	0
320	403	4	0
325	403	2	0
326	403	3	0
327	403	3	0
328	403	3	0
330	403	5	0
334	403	4	0
339	403	3	0
343	403	4	0
345	403	3	0
346	403	3	0
347	403	5	0
363	403	3	0
373	403	3	0
374	403	2	0
378	403	4	0
379	403	4	0
381	403	3	0
385	403	3	0
387	403	3	0
393	403	3	0
394	403	4	0
398	403	4	0
399	403	3	0
405	403	5	0
407	403	4	0
416	403	5	0
417	403	4	0
425	403	4	0
429	403	4	0
435	403	4	0
442	403	4	0
450	403	4	0
453	403	4	0
456	403	2	0
457	403	4	0
466	403	3	0
472	403	5	0
478	403	2	0
479	403	3	0
487	403	4	0
495	403	5	0
497	403	3	0
504	403	3	0
506	403	4	0
514	403	3	0
521	403	4	0
524	403	4	0
532	403	4	0
533	403	3	0
536	403	3	0
541	403	3	0
543	403	4	0
545	403	5	0
551	403	3	0
561	403	3	0
563	403	4	0
566	403	3	0
577	403	4	0
586	403	4	0
588	403	3	0
600	403	3	0
618	403	4	0
619	403	5	0
622	403	4	0
625	403	3	0
627	403	2	0
638	403	3	0
642	403	4	0
643	403	3	0
645	403	3	0
647	403	4	0
648	403	4	0
650	403	3	0
653	403	2	0
655	403	2	0
660	403	3	0
668	403	4	0
682	403	3	0
693	403	2	0
705	403	4	0
709	403	3	0
711	403	4	0
721	403	4	0
727	403	4	0
738	403	3	0
741	403	5	0
746	403	4	0
747	403	5	0
749	403	4	0
756	403	2	0
757	403	4	0
766	403	3	0
771	403	4	0
773	403	2	0
774	403	2	0
781	403	4	0
788	403	3	0
790	403	4	0
795	403	3	0
796	403	4	0
798	403	4	0
804	403	3	0
805	403	4	0
806	403	4	0
807	403	4	0
815	403	4	0
826	403	4	0
830	403	4	0
833	403	1	0
843	403	2	0
844	403	3	0
846	403	3	0
848	403	4	0
864	403	5	0
868	403	2	0
880	403	3	0
881	403	3	0
883	403	5	0
886	403	4	0
889	403	3	0
890	403	1	0
892	403	3	0
896	403	1	0
899	403	3	0
901	403	2	0
922	403	3	0
927	403	4	0
933	403	3	0
934	403	4	0
943	403	4	0
5	431	3	0
7	431	4	0
8	431	2	0
11	431	2	0
13	431	1	0
22	431	4	0
59	431	4	0
62	431	2	0
64	431	4	0
70	431	3	0
77	431	5	0
92	431	4	0
94	431	4	0
95	431	3	0
97	431	3	0
102	431	3	0
109	431	3	0
115	431	4	0
135	431	2	0
145	431	5	0
158	431	5	0
178	431	4	0
180	431	4	0
183	431	2	0
194	431	4	0
195	431	3	0
197	431	3	0
198	431	3	0
200	431	5	0
201	431	1	0
218	431	3	0
222	431	4	0
230	431	3	0
234	431	3	0
235	431	2	0
246	431	3	0
249	431	5	0
267	431	4	0
275	431	3	0
276	431	3	0
279	431	4	0
280	431	4	0
286	431	5	0
295	431	5	0
301	431	4	0
305	431	4	0
307	431	4	0
311	431	4	0
315	431	2	0
320	431	5	0
327	431	3	0
328	431	2	0
332	431	5	0
339	431	4	0
344	431	3	0
346	431	5	0
352	431	2	0
363	431	2	0
371	431	5	0
373	431	5	0
387	431	3	0
393	431	2	0
394	431	5	0
399	431	2	0
405	431	3	0
406	431	3	0
412	431	4	0
416	431	4	0
417	431	4	0
429	431	5	0
435	431	3	0
450	431	5	0
454	431	3	0
456	431	4	0
472	431	5	0
474	431	4	0
479	431	4	0
484	431	4	0
487	431	3	0
493	431	5	0
495	431	5	0
497	431	4	0
514	431	4	0
516	431	3	0
521	431	4	0
527	431	3	0
532	431	5	0
536	431	5	0
537	431	4	0
545	431	3	0
548	431	5	0
551	431	4	0
561	431	2	0
584	431	3	0
586	431	3	0
592	431	2	0
600	431	3	0
601	431	4	0
622	431	5	0
627	431	4	0
638	431	4	0
648	431	5	0
650	431	3	0
653	431	4	0
654	431	4	0
659	431	4	0
660	431	4	0
664	431	2	0
671	431	2	0
682	431	4	0
690	431	2	0
698	431	1	0
709	431	5	0
712	431	3	0
727	431	4	0
746	431	5	0
749	431	5	0
751	431	4	0
757	431	4	0
758	431	3	0
766	431	3	0
773	431	1	0
774	431	4	0
776	431	4	0
788	431	2	0
790	431	3	0
795	431	4	0
796	431	4	0
804	431	4	0
805	431	1	0
807	431	4	0
826	431	5	0
830	431	3	0
833	431	2	0
843	431	3	0
844	431	4	0
846	431	5	0
848	431	5	0
854	431	3	0
862	431	5	0
867	431	4	0
870	431	3	0
887	431	3	0
889	431	4	0
892	431	4	0
896	431	3	0
899	431	1	0
911	431	4	0
916	431	3	0
922	431	4	0
929	431	1	0
932	431	3	0
943	431	4	0
5	449	2	0
7	449	3	0
11	449	3	0
13	449	4	0
22	449	1	0
23	449	2	0
28	449	2	0
44	449	5	0
56	449	5	0
70	449	2	0
85	449	4	0
87	449	3	0
92	449	3	0
95	449	3	0
102	449	4	0
109	449	5	0
119	449	5	0
127	449	4	0
130	449	4	0
135	449	3	0
145	449	3	0
158	449	2	0
183	449	2	0
194	449	1	0
197	449	5	0
200	449	5	0
215	449	4	0
222	449	4	0
254	449	5	0
256	449	3	0
267	449	3	0
268	449	2	0
275	449	3	0
276	449	2	0
279	449	3	0
280	449	3	0
290	449	1	0
295	449	4	0
303	449	4	0
307	449	4	0
308	449	3	0
311	449	3	0
313	449	3	0
326	449	3	0
328	449	3	0
332	449	4	0
334	449	3	0
337	449	4	0
339	449	3	0
343	449	5	0
363	449	3	0
371	449	3	0
374	449	4	0
378	449	3	0
380	449	3	0
393	449	2	0
394	449	3	0
405	449	1	0
407	449	2	0
411	449	3	0
417	449	3	0
442	449	2	0
455	449	4	0
456	449	3	0
472	449	5	0
483	449	3	0
484	449	4	0
495	449	5	0
497	449	2	0
498	449	3	0
504	449	4	0
506	449	2	0
524	449	3	0
533	449	4	0
536	449	4	0
545	449	2	0
584	449	2	0
600	449	4	0
603	449	4	0
622	449	2	0
638	449	2	0
648	449	3	0
650	449	3	0
653	449	3	0
655	449	3	0
660	449	3	0
664	449	2	0
693	449	2	0
694	449	4	0
702	449	3	0
707	449	2	0
738	449	3	0
746	449	1	0
749	449	3	0
757	449	3	0
774	449	1	0
786	449	2	0
790	449	2	0
796	449	4	0
804	449	3	0
807	449	5	0
815	449	2	0
826	449	4	0
830	449	2	0
833	449	2	0
843	449	3	0
846	449	3	0
868	449	3	0
881	449	3	0
886	449	3	0
890	449	1	0
892	449	2	0
922	449	4	0
927	449	4	0
933	449	1	0
934	449	4	0
943	449	1	0
7	550	4	0
8	550	3	0
13	550	4	0
22	550	5	0
37	550	4	0
38	550	2	0
43	550	3	0
56	550	4	0
59	550	5	0
72	550	4	0
87	550	4	0
94	550	1	0
95	550	4	0
102	550	2	0
109	550	5	0
110	550	3	0
119	550	4	0
124	550	4	0
130	550	5	0
158	550	3	0
186	550	4	0
194	550	3	0
197	550	3	0
217	550	1	0
221	550	4	0
222	550	3	0
234	550	2	0
244	550	1	0
246	550	3	0
256	550	5	0
267	550	4	0
268	550	2	0
276	550	4	0
279	550	4	0
280	550	2	0
290	550	3	0
291	550	4	0
293	550	1	0
301	550	3	0
303	550	3	0
305	550	3	0
308	550	4	0
311	550	3	0
313	550	4	0
320	550	5	0
326	550	5	0
327	550	2	0
328	550	3	0
332	550	5	0
339	550	2	0
345	550	3	0
346	550	4	0
347	550	5	0
363	550	4	0
373	550	3	0
374	550	5	0
378	550	2	0
387	550	2	0
389	550	3	0
393	550	3	0
394	550	4	0
399	550	3	0
405	550	2	0
416	550	4	0
417	550	3	0
425	550	4	0
429	550	3	0
435	550	3	0
436	550	4	0
442	550	2	0
450	550	4	0
453	550	3	0
455	550	4	0
456	550	2	0
466	550	3	0
472	550	5	0
484	550	4	0
487	550	3	0
493	550	4	0
495	550	3	0
497	550	4	0
506	550	4	0
521	550	3	0
524	550	3	0
533	550	4	0
537	550	2	0
543	550	2	0
545	550	3	0
551	550	5	0
559	550	4	0
561	550	1	0
562	550	4	0
577	550	3	0
586	550	4	0
588	550	3	0
600	550	4	0
618	550	3	0
619	550	5	0
622	550	4	0
627	550	1	0
630	550	3	0
632	550	2	0
638	550	5	0
640	550	4	0
643	550	3	0
648	550	4	0
650	550	3	0
653	550	3	0
655	550	2	0
660	550	2	0
671	550	3	0
682	550	2	0
705	550	2	0
709	550	3	0
727	550	4	0
738	550	3	0
746	550	4	0
749	550	4	0
756	550	2	0
757	550	3	0
758	550	4	0
766	550	3	0
774	550	2	0
778	550	4	0
788	550	3	0
790	550	4	0
795	550	3	0
796	550	3	0
804	550	4	0
805	550	3	0
807	550	5	0
826	550	3	0
830	550	5	0
833	550	2	0
843	550	3	0
846	550	4	0
864	550	4	0
868	550	4	0
870	550	3	0
880	550	4	0
881	550	3	0
883	550	3	0
886	550	4	0
889	550	3	0
896	550	2	0
897	550	3	0
916	550	2	0
922	550	3	0
932	550	2	0
933	550	1	0
934	550	4	0
7	554	3	0
13	554	2	0
22	554	1	0
56	554	4	0
62	554	1	0
70	554	3	0
87	554	4	0
92	554	2	0
95	554	3	0
102	554	2	0
130	554	4	0
135	554	3	0
145	554	3	0
167	554	1	0
186	554	1	0
188	554	2	0
193	554	3	0
197	554	4	0
207	554	2	0
217	554	3	0
222	554	2	0
244	554	3	0
254	554	3	0
256	554	4	0
267	554	3	0
268	554	3	0
270	554	1	0
276	554	2	0
279	554	1	0
280	554	1	0
286	554	4	0
293	554	1	0
301	554	3	0
303	554	2	0
320	554	4	0
325	554	1	0
326	554	3	0
328	554	3	0
330	554	3	0
332	554	3	0
363	554	1	0
374	554	2	0
378	554	3	0
379	554	4	0
380	554	2	0
393	554	4	0
394	554	4	0
399	554	3	0
405	554	1	0
416	554	3	0
435	554	3	0
442	554	2	0
452	554	3	0
457	554	4	0
472	554	5	0
484	554	4	0
496	554	2	0
498	554	3	0
500	554	3	0
506	554	3	0
524	554	4	0
532	554	4	0
533	554	1	0
545	554	3	0
551	554	5	0
588	554	3	0
600	554	4	0
619	554	3	0
621	554	4	0
627	554	2	0
638	554	3	0
642	554	4	0
647	554	4	0
648	554	4	0
650	554	2	0
668	554	3	0
671	554	4	0
682	554	3	0
690	554	3	0
705	554	2	0
709	554	4	0
749	554	3	0
756	554	1	0
757	554	3	0
758	554	3	0
774	554	1	0
788	554	3	0
795	554	3	0
796	554	2	0
798	554	2	0
804	554	2	0
805	554	1	0
807	554	4	0
826	554	4	0
830	554	5	0
846	554	4	0
870	554	2	0
880	554	3	0
881	554	1	0
889	554	4	0
896	554	2	0
934	554	4	0
7	559	5	0
13	559	1	0
21	559	1	0
42	559	2	0
43	559	1	0
49	559	2	0
56	559	4	0
59	559	5	0
62	559	3	0
64	559	3	0
70	559	3	0
92	559	3	0
94	559	4	0
102	559	3	0
109	559	3	0
118	559	4	0
145	559	2	0
151	559	2	0
152	559	1	0
184	559	3	0
194	559	2	0
198	559	3	0
200	559	4	0
201	559	2	0
222	559	3	0
244	559	4	0
246	559	3	0
255	559	4	0
262	559	3	0
264	559	5	0
267	559	3	0
268	559	2	0
270	559	5	0
276	559	4	0
280	559	3	0
286	559	4	0
293	559	2	0
295	559	4	0
301	559	4	0
303	559	4	0
308	559	4	0
311	559	2	0
313	559	3	0
326	559	3	0
327	559	2	0
328	559	3	0
330	559	3	0
343	559	3	0
344	559	3	0
345	559	1	0
363	559	3	0
366	559	5	0
367	559	4	0
368	559	3	0
372	559	4	0
373	559	3	0
378	559	4	0
379	559	3	0
387	559	3	0
388	559	5	0
389	559	3	0
393	559	3	0
394	559	4	0
399	559	3	0
405	559	5	0
406	559	3	0
407	559	3	0
416	559	3	0
417	559	4	0
422	559	3	0
429	559	3	0
435	559	3	0
436	559	4	0
437	559	3	0
442	559	2	0
447	559	3	0
450	559	3	0
456	559	3	0
457	559	4	0
472	559	5	0
487	559	3	0
495	559	4	0
496	559	5	0
497	559	4	0
500	559	4	0
504	559	5	0
524	559	3	0
532	559	5	0
551	559	5	0
553	559	3	0
561	559	1	0
577	559	3	0
586	559	5	0
588	559	5	0
617	559	1	0
618	559	3	0
621	559	5	0
642	559	5	0
648	559	2	0
650	559	3	0
655	559	2	0
659	559	1	0
660	559	2	0
671	559	4	0
682	559	4	0
709	559	3	0
711	559	3	0
716	559	2	0
727	559	2	0
751	559	4	0
757	559	4	0
766	559	4	0
773	559	2	0
774	559	1	0
776	559	4	0
790	559	3	0
795	559	2	0
796	559	3	0
802	559	2	0
804	559	3	0
805	559	3	0
814	559	3	0
815	559	3	0
846	559	5	0
862	559	4	0
864	559	4	0
870	559	2	0
881	559	2	0
882	559	3	0
883	559	3	0
886	559	2	0
887	559	4	0
896	559	3	0
916	559	3	0
925	559	3	0
933	559	2	0
943	559	4	0
7	566	4	0
8	566	3	0
13	566	5	0
22	566	3	0
37	566	4	0
42	566	5	0
43	566	3	0
59	566	4	0
64	566	3	0
72	566	4	0
83	566	4	0
85	566	3	0
87	566	5	0
92	566	4	0
94	566	2	0
95	566	2	0
102	566	2	0
106	566	4	0
109	566	4	0
110	566	4	0
130	566	4	0
135	566	3	0
145	566	5	0
151	566	3	0
158	566	3	0
175	566	3	0
178	566	4	0
186	566	5	0
188	566	5	0
194	566	4	0
197	566	4	0
201	566	3	0
207	566	4	0
217	566	4	0
221	566	3	0
222	566	4	0
225	566	4	0
234	566	2	0
244	566	4	0
253	566	4	0
256	566	5	0
267	566	3	0
268	566	3	0
270	566	5	0
271	566	4	0
276	566	4	0
279	566	4	0
280	566	4	0
290	566	3	0
291	566	4	0
293	566	3	0
301	566	3	0
305	566	3	0
308	566	4	0
311	566	4	0
313	566	4	0
318	566	4	0
320	566	3	0
326	566	4	0
328	566	5	0
332	566	4	0
334	566	3	0
339	566	3	0
345	566	3	0
346	566	5	0
363	566	3	0
373	566	4	0
374	566	3	0
375	566	4	0
378	566	3	0
379	566	4	0
380	566	3	0
381	566	2	0
387	566	3	0
393	566	3	0
399	566	4	0
401	566	5	0
405	566	1	0
411	566	4	0
425	566	2	0
429	566	3	0
435	566	4	0
437	566	3	0
450	566	4	0
453	566	3	0
454	566	4	0
457	566	4	0
466	566	3	0
472	566	4	0
474	566	5	0
479	566	3	0
484	566	4	0
487	566	4	0
495	566	4	0
497	566	3	0
505	566	3	0
506	566	4	0
521	566	3	0
533	566	4	0
535	566	3	0
536	566	5	0
537	566	2	0
538	566	3	0
543	566	4	0
545	566	4	0
551	566	5	0
559	566	5	0
561	566	3	0
562	566	4	0
563	566	4	0
577	566	4	0
586	566	3	0
588	566	2	0
600	566	3	0
618	566	3	0
619	566	4	0
627	566	3	0
629	566	5	0
632	566	4	0
633	566	3	0
640	566	4	0
643	566	3	0
648	566	4	0
650	566	3	0
653	566	5	0
655	566	3	0
659	566	3	0
661	566	4	0
664	566	4	0
665	566	2	0
666	566	3	0
671	566	4	0
682	566	3	0
693	566	2	0
705	566	4	0
711	566	2	0
716	566	3	0
727	566	3	0
741	566	4	0
746	566	4	0
749	566	3	0
756	566	4	0
757	566	3	0
758	566	4	0
774	566	2	0
788	566	4	0
790	566	3	0
796	566	4	0
804	566	4	0
807	566	4	0
823	566	4	0
825	566	5	0
826	566	3	0
830	566	3	0
840	566	5	0
843	566	3	0
846	566	5	0
848	566	4	0
850	566	5	0
862	566	3	0
864	566	4	0
868	566	1	0
870	566	2	0
871	566	3	0
877	566	4	0
880	566	3	0
881	566	4	0
882	566	4	0
883	566	3	0
886	566	3	0
889	566	3	0
892	566	4	0
896	566	4	0
897	566	2	0
899	566	3	0
901	566	5	0
916	566	3	0
932	566	4	0
943	566	4	0
7	568	5	0
8	568	4	0
13	568	3	0
20	568	4	0
22	568	4	0
25	568	4	0
28	568	4	0
37	568	3	0
42	568	4	0
43	568	4	0
53	568	4	0
56	568	4	0
58	568	4	0
59	568	5	0
62	568	3	0
64	568	4	0
70	568	3	0
72	568	4	0
83	568	4	0
85	568	3	0
87	568	5	0
90	568	5	0
91	568	2	0
92	568	3	0
94	568	3	0
95	568	4	0
102	568	2	0
109	568	5	0
110	568	3	0
119	568	4	0
125	568	5	0
128	568	4	0
130	568	5	0
152	568	5	0
153	568	4	0
158	568	4	0
167	568	3	0
177	568	3	0
178	568	4	0
184	568	2	0
186	568	4	0
188	568	4	0
189	568	4	0
194	568	2	0
197	568	4	0
198	568	3	0
200	568	5	0
201	568	3	0
207	568	4	0
210	568	4	0
213	568	4	0
214	568	4	0
217	568	4	0
219	568	1	0
221	568	4	0
222	568	5	0
230	568	3	0
233	568	5	0
246	568	4	0
249	568	4	0
253	568	4	0
256	568	5	0
262	568	3	0
263	568	4	0
267	568	4	0
268	568	3	0
269	568	2	0
276	568	4	0
280	568	2	0
290	568	3	0
291	568	4	0
293	568	4	0
301	568	4	0
303	568	4	0
308	568	5	0
311	568	5	0
313	568	4	0
314	568	5	0
320	568	4	0
326	568	4	0
327	568	2	0
328	568	3	0
330	568	5	0
332	568	4	0
339	568	3	0
343	568	1	0
344	568	5	0
345	568	4	0
347	568	4	0
352	568	5	0
363	568	2	0
373	568	4	0
374	568	5	0
378	568	4	0
379	568	5	0
385	568	3	0
387	568	2	0
389	568	3	0
393	568	4	0
394	568	5	0
399	568	2	0
405	568	4	0
407	568	2	0
411	568	4	0
416	568	4	0
417	568	2	0
425	568	3	0
429	568	3	0
435	568	2	0
436	568	5	0
450	568	4	0
453	568	3	0
454	568	4	0
455	568	4	0
456	568	2	0
457	568	4	0
459	568	3	0
466	568	3	0
472	568	5	0
478	568	5	0
484	568	3	0
487	568	4	0
488	568	3	0
495	568	1	0
497	568	3	0
500	568	1	0
505	568	4	0
506	568	5	0
508	568	4	0
514	568	4	0
521	568	3	0
524	568	4	0
532	568	5	0
533	568	5	0
536	568	4	0
537	568	2	0
538	568	3	0
543	568	3	0
545	568	3	0
551	568	4	0
561	568	3	0
577	568	3	0
586	568	3	0
588	568	4	0
592	568	5	0
593	568	4	0
600	568	4	0
606	568	4	0
608	568	5	0
610	568	4	0
618	568	4	0
619	568	5	0
621	568	5	0
622	568	4	0
627	568	2	0
630	568	4	0
632	568	3	0
640	568	4	0
642	568	4	0
643	568	4	0
647	568	4	0
648	568	5	0
650	568	3	0
654	568	4	0
655	568	3	0
659	568	4	0
660	568	3	0
661	568	4	0
671	568	5	0
679	568	2	0
682	568	3	0
693	568	4	0
698	568	2	0
705	568	5	0
709	568	4	0
711	568	3	0
712	568	5	0
716	568	4	0
727	568	3	0
738	568	3	0
746	568	4	0
749	568	4	0
751	568	3	0
756	568	3	0
757	568	4	0
758	568	4	0
766	568	2	0
773	568	1	0
774	568	2	0
778	568	3	0
788	568	3	0
790	568	3	0
795	568	3	0
796	568	4	0
798	568	4	0
804	568	4	0
805	568	3	0
823	568	3	0
826	568	4	0
830	568	4	0
838	568	4	0
844	568	4	0
846	568	4	0
847	568	4	0
849	568	4	0
850	568	5	0
852	568	4	0
862	568	3	0
864	568	4	0
868	568	1	0
870	568	4	0
880	568	5	0
881	568	4	0
882	568	5	0
883	568	3	0
885	568	4	0
886	568	3	0
887	568	2	0
889	568	3	0
892	568	4	0
896	568	2	0
897	568	5	0
899	568	4	0
901	568	5	0
916	568	4	0
922	568	3	0
927	568	5	0
933	568	2	0
940	568	3	0
943	568	3	0
7	576	5	0
13	576	3	0
70	576	2	0
83	576	4	0
87	576	3	0
92	576	2	0
94	576	2	0
102	576	2	0
109	576	3	0
110	576	2	0
158	576	4	0
194	576	2	0
197	576	4	0
200	576	4	0
207	576	3	0
217	576	1	0
221	576	3	0
222	576	3	0
246	576	1	0
256	576	3	0
267	576	3	0
268	576	1	0
276	576	3	0
279	576	3	0
280	576	3	0
291	576	4	0
301	576	4	0
303	576	3	0
311	576	3	0
313	576	3	0
320	576	3	0
346	576	3	0
374	576	3	0
378	576	3	0
379	576	4	0
393	576	3	0
394	576	2	0
399	576	3	0
405	576	1	0
416	576	5	0
417	576	3	0
425	576	3	0
435	576	3	0
442	576	2	0
452	576	2	0
472	576	5	0
495	576	3	0
506	576	4	0
532	576	5	0
543	576	4	0
551	576	2	0
554	576	4	0
566	576	2	0
586	576	3	0
600	576	3	0
606	576	3	0
613	576	3	0
618	576	4	0
619	576	4	0
621	576	2	0
627	576	3	0
648	576	4	0
650	576	1	0
653	576	1	0
655	576	2	0
671	576	5	0
682	576	4	0
693	576	2	0
705	576	4	0
709	576	4	0
715	576	2	0
727	576	4	0
749	576	3	0
757	576	3	0
758	576	4	0
774	576	1	0
795	576	2	0
796	576	3	0
798	576	3	0
804	576	4	0
805	576	4	0
807	576	4	0
826	576	4	0
833	576	3	0
846	576	4	0
881	576	3	0
889	576	3	0
892	576	4	0
896	576	2	0
922	576	4	0
932	576	2	0
933	576	1	0
943	576	4	0
7	578	3	0
13	578	3	0
37	578	3	0
56	578	3	0
87	578	3	0
102	578	2	0
110	578	3	0
130	578	5	0
178	578	4	0
197	578	3	0
200	578	5	0
201	578	2	0
217	578	5	0
221	578	4	0
222	578	3	0
246	578	2	0
267	578	3	0
268	578	2	0
276	578	4	0
279	578	4	0
291	578	4	0
293	578	2	0
303	578	2	0
308	578	2	0
311	578	2	0
313	578	3	0
314	578	4	0
328	578	2	0
346	578	2	0
363	578	4	0
387	578	2	0
393	578	4	0
394	578	2	0
399	578	2	0
405	578	1	0
416	578	4	0
417	578	3	0
429	578	3	0
435	578	5	0
442	578	2	0
453	578	3	0
456	578	2	0
472	578	5	0
484	578	3	0
487	578	3	0
495	578	3	0
497	578	4	0
506	578	3	0
524	578	5	0
543	578	3	0
545	578	4	0
551	578	5	0
561	578	3	0
586	578	3	0
588	578	5	0
600	578	2	0
619	578	4	0
621	578	5	0
622	578	4	0
627	578	3	0
640	578	3	0
648	578	4	0
650	578	3	0
653	578	1	0
655	578	2	0
659	578	3	0
671	578	3	0
682	578	3	0
705	578	3	0
709	578	4	0
727	578	3	0
746	578	4	0
749	578	3	0
751	578	4	0
758	578	4	0
796	578	4	0
807	578	4	0
826	578	5	0
833	578	1	0
843	578	3	0
846	578	3	0
847	578	3	0
864	578	3	0
868	578	2	0
880	578	3	0
886	578	4	0
887	578	4	0
892	578	4	0
896	578	2	0
901	578	3	0
916	578	1	0
933	578	1	0
7	636	4	0
13	636	2	0
22	636	3	0
44	636	4	0
56	636	4	0
64	636	4	0
77	636	2	0
92	636	3	0
94	636	4	0
95	636	1	0
102	636	3	0
109	636	5	0
145	636	4	0
158	636	4	0
194	636	2	0
195	636	2	0
198	636	3	0
201	636	2	0
215	636	2	0
217	636	2	0
222	636	4	0
234	636	3	0
268	636	3	0
269	636	3	0
275	636	3	0
276	636	4	0
279	636	5	0
286	636	3	0
291	636	4	0
293	636	4	0
301	636	3	0
303	636	3	0
313	636	4	0
328	636	3	0
337	636	4	0
339	636	4	0
346	636	3	0
378	636	3	0
379	636	3	0
393	636	3	0
417	636	3	0
425	636	4	0
429	636	3	0
435	636	4	0
442	636	5	0
452	636	5	0
457	636	4	0
495	636	3	0
532	636	5	0
543	636	3	0
545	636	3	0
548	636	4	0
551	636	5	0
561	636	1	0
562	636	2	0
567	636	4	0
627	636	4	0
638	636	3	0
648	636	4	0
650	636	3	0
655	636	3	0
659	636	3	0
660	636	2	0
664	636	3	0
666	636	4	0
690	636	4	0
693	636	1	0
709	636	3	0
716	636	2	0
727	636	3	0
738	636	3	0
749	636	4	0
788	636	3	0
795	636	3	0
796	636	2	0
804	636	3	0
805	636	4	0
807	636	4	0
833	636	3	0
843	636	4	0
868	636	3	0
880	636	3	0
886	636	3	0
889	636	4	0
890	636	3	0
892	636	4	0
896	636	3	0
901	636	2	0
916	636	3	0
932	636	3	0
933	636	2	0
7	665	4	0
13	665	2	0
21	665	3	0
22	665	1	0
28	665	3	0
37	665	3	0
44	665	1	0
60	665	4	0
62	665	2	0
92	665	3	0
94	665	3	0
95	665	2	0
102	665	1	0
109	665	5	0
130	665	3	0
145	665	5	0
158	665	2	0
184	665	2	0
197	665	4	0
200	665	4	0
201	665	2	0
217	665	4	0
222	665	1	0
246	665	4	0
254	665	2	0
255	665	3	0
256	665	4	0
267	665	4	0
268	665	2	0
269	665	1	0
270	665	4	0
276	665	3	0
292	665	3	0
293	665	2	0
301	665	2	0
303	665	4	0
308	665	4	0
313	665	4	0
326	665	1	0
328	665	2	0
363	665	2	0
367	665	5	0
374	665	4	0
378	665	2	0
380	665	2	0
387	665	2	0
394	665	2	0
397	665	3	0
399	665	3	0
405	665	1	0
406	665	3	0
417	665	2	0
422	665	5	0
429	665	2	0
435	665	3	0
437	665	2	0
442	665	2	0
472	665	4	0
484	665	4	0
495	665	1	0
497	665	2	0
500	665	3	0
506	665	2	0
545	665	3	0
546	665	2	0
561	665	3	0
577	665	4	0
586	665	3	0
600	665	5	0
619	665	5	0
622	665	2	0
627	665	3	0
633	665	3	0
643	665	3	0
648	665	2	0
650	665	2	0
661	665	3	0
694	665	4	0
709	665	3	0
727	665	3	0
738	665	2	0
757	665	3	0
758	665	2	0
773	665	2	0
788	665	2	0
790	665	3	0
796	665	2	0
802	665	4	0
805	665	4	0
814	665	4	0
815	665	2	0
826	665	5	0
833	665	3	0
843	665	3	0
846	665	4	0
864	665	3	0
883	665	4	0
896	665	1	0
932	665	2	0
933	665	1	0
7	679	5	0
13	679	4	0
23	679	3	0
38	679	5	0
42	679	2	0
51	679	3	0
59	679	4	0
64	679	3	0
72	679	2	0
87	679	3	0
92	679	4	0
94	679	4	0
95	679	2	0
109	679	3	0
114	679	2	0
178	679	4	0
194	679	2	0
197	679	1	0
200	679	4	0
201	679	3	0
210	679	3	0
217	679	5	0
222	679	2	0
246	679	2	0
253	679	3	0
254	679	2	0
256	679	3	0
267	679	4	0
268	679	4	0
269	679	1	0
275	679	3	0
276	679	3	0
279	679	4	0
293	679	2	0
298	679	3	0
303	679	2	0
305	679	3	0
308	679	4	0
311	679	4	0
320	679	4	0
326	679	3	0
328	679	2	0
332	679	5	0
363	679	4	0
373	679	2	0
387	679	5	0
394	679	3	0
399	679	3	0
405	679	1	0
417	679	2	0
425	679	3	0
429	679	4	0
435	679	3	0
450	679	1	0
457	679	4	0
466	679	3	0
484	679	2	0
487	679	2	0
495	679	3	0
497	679	3	0
521	679	3	0
524	679	2	0
532	679	5	0
536	679	4	0
545	679	2	0
561	679	3	0
567	679	4	0
586	679	3	0
600	679	2	0
618	679	1	0
622	679	3	0
627	679	3	0
632	679	4	0
638	679	3	0
642	679	2	0
643	679	3	0
648	679	3	0
650	679	3	0
653	679	2	0
660	679	2	0
671	679	3	0
704	679	2	0
727	679	5	0
757	679	4	0
766	679	3	0
774	679	5	0
776	679	4	0
788	679	2	0
796	679	4	0
804	679	4	0
805	679	4	0
807	679	4	0
826	679	2	0
830	679	3	0
833	679	3	0
843	679	4	0
846	679	3	0
848	679	3	0
868	679	3	0
881	679	1	0
892	679	3	0
896	679	3	0
897	679	5	0
901	679	4	0
916	679	3	0
932	679	2	0
933	679	1	0
8	684	4	0
12	684	5	0
13	684	5	0
16	684	5	0
22	684	3	0
42	684	4	0
43	684	4	0
58	684	4	0
59	684	3	0
60	684	4	0
64	684	4	0
70	684	3	0
72	684	4	0
83	684	4	0
87	684	5	0
90	684	3	0
92	684	3	0
94	684	4	0
102	684	2	0
106	684	4	0
110	684	4	0
115	684	3	0
119	684	4	0
128	684	4	0
130	684	5	0
145	684	5	0
151	684	3	0
158	684	3	0
169	684	5	0
178	684	5	0
180	684	5	0
186	684	4	0
188	684	3	0
193	684	4	0
197	684	4	0
198	684	3	0
201	684	3	0
207	684	3	0
210	684	3	0
213	684	4	0
217	684	5	0
221	684	4	0
235	684	4	0
249	684	4	0
256	684	5	0
267	684	4	0
268	684	3	0
270	684	4	0
276	684	4	0
279	684	3	0
293	684	3	0
301	684	3	0
305	684	3	0
308	684	3	0
311	684	4	0
312	684	5	0
313	684	4	0
327	684	4	0
328	684	5	0
332	684	5	0
334	684	4	0
343	684	3	0
344	684	3	0
345	684	4	0
346	684	4	0
361	684	4	0
373	684	4	0
374	684	5	0
375	684	4	0
378	684	3	0
379	684	4	0
380	684	3	0
387	684	3	0
389	684	4	0
393	684	4	0
398	684	4	0
399	684	3	0
401	684	4	0
405	684	3	0
407	684	3	0
409	684	4	0
412	684	4	0
415	684	3	0
416	684	5	0
417	684	3	0
425	684	2	0
429	684	4	0
435	684	4	0
437	684	3	0
442	684	3	0
452	684	4	0
453	684	3	0
466	684	4	0
474	684	4	0
478	684	4	0
484	684	5	0
487	684	5	0
491	684	5	0
493	684	4	0
495	684	5	0
497	684	3	0
503	684	4	0
506	684	5	0
521	684	3	0
524	684	4	0
532	684	5	0
533	684	4	0
537	684	3	0
542	684	4	0
543	684	4	0
545	684	4	0
551	684	5	0
554	684	4	0
561	684	3	0
562	684	4	0
566	684	4	0
577	684	4	0
588	684	4	0
600	684	4	0
606	684	3	0
618	684	3	0
619	684	4	0
627	684	4	0
629	684	5	0
632	684	5	0
640	684	4	0
648	684	4	0
653	684	5	0
655	684	3	0
661	684	3	0
664	684	4	0
665	684	3	0
666	684	4	0
671	684	3	0
682	684	3	0
690	684	4	0
693	684	3	0
694	684	4	0
705	684	3	0
711	684	3	0
721	684	4	0
727	684	4	0
746	684	4	0
757	684	4	0
758	684	4	0
774	684	1	0
786	684	4	0
788	684	5	0
796	684	5	0
807	684	5	0
815	684	4	0
823	684	4	0
826	684	3	0
833	684	3	0
844	684	3	0
846	684	5	0
864	684	4	0
870	684	3	0
880	684	4	0
882	684	3	0
883	684	3	0
889	684	2	0
892	684	5	0
896	684	4	0
897	684	2	0
899	684	3	0
903	684	3	0
910	684	4	0
916	684	3	0
11	720	1	0
13	720	4	0
38	720	5	0
42	720	4	0
56	720	3	0
83	720	4	0
92	720	3	0
94	720	1	0
95	720	2	0
102	720	2	0
152	720	5	0
178	720	3	0
183	720	4	0
194	720	2	0
197	720	2	0
200	720	4	0
217	720	3	0
224	720	4	0
246	720	1	0
267	720	3	0
276	720	2	0
290	720	3	0
293	720	1	0
295	720	4	0
303	720	2	0
311	720	3	0
313	720	2	0
326	720	2	0
328	720	3	0
346	720	2	0
378	720	2	0
393	720	3	0
394	720	2	0
399	720	3	0
405	720	1	0
411	720	3	0
416	720	4	0
435	720	2	0
456	720	3	0
457	720	3	0
472	720	5	0
484	720	4	0
487	720	4	0
497	720	2	0
536	720	4	0
543	720	2	0
545	720	3	0
551	720	2	0
562	720	4	0
577	720	4	0
586	720	4	0
588	720	4	0
600	720	3	0
618	720	3	0
619	720	4	0
627	720	2	0
632	720	3	0
640	720	3	0
642	720	5	0
654	720	4	0
659	720	3	0
671	720	3	0
682	720	4	0
705	720	5	0
710	720	3	0
711	720	3	0
721	720	5	0
727	720	2	0
731	720	3	0
746	720	3	0
773	720	1	0
788	720	3	0
796	720	4	0
797	720	2	0
798	720	5	0
804	720	3	0
807	720	4	0
826	720	3	0
846	720	4	0
864	720	3	0
880	720	2	0
887	720	5	0
896	720	1	0
916	720	2	0
921	720	4	0
943	720	1	0
11	739	3	0
13	739	4	0
18	739	3	0
23	739	2	0
59	739	4	0
62	739	2	0
70	739	2	0
83	739	5	0
89	739	2	0
90	739	5	0
92	739	2	0
94	739	2	0
95	739	3	0
106	739	3	0
109	739	4	0
110	739	4	0
128	739	4	0
130	739	5	0
145	739	2	0
152	739	5	0
174	739	5	0
178	739	4	0
180	739	3	0
183	739	4	0
184	739	3	0
193	739	4	0
194	739	3	0
200	739	4	0
208	739	4	0
222	739	4	0
230	739	5	0
234	739	3	0
244	739	3	0
246	739	2	0
256	739	5	0
267	739	4	0
269	739	1	0
270	739	4	0
271	739	4	0
276	739	2	0
279	739	1	0
280	739	3	0
286	739	3	0
290	739	3	0
291	739	3	0
293	739	2	0
295	739	4	0
299	739	3	0
301	739	2	0
303	739	5	0
307	739	2	0
308	739	4	0
311	739	4	0
313	739	3	0
314	739	5	0
318	739	5	0
320	739	4	0
328	739	3	0
330	739	5	0
333	739	5	0
339	739	3	0
343	739	3	0
345	739	4	0
346	739	3	0
361	739	4	0
363	739	3	0
373	739	3	0
378	739	4	0
385	739	1	0
389	739	2	0
393	739	3	0
394	739	4	0
395	739	3	0
404	739	4	0
405	739	2	0
407	739	3	0
416	739	5	0
429	739	3	0
436	739	4	0
437	739	3	0
450	739	4	0
456	739	3	0
457	739	4	0
472	739	5	0
477	739	4	0
478	739	4	0
479	739	1	0
487	739	2	0
495	739	4	0
497	739	4	0
500	739	2	0
503	739	1	0
504	739	3	0
506	739	4	0
513	739	5	0
524	739	2	0
532	739	5	0
533	739	5	0
537	739	1	0
545	739	4	0
551	739	4	0
557	739	3	0
561	739	2	0
577	739	3	0
588	739	4	0
593	739	5	0
622	739	2	0
625	739	3	0
632	739	3	0
639	739	3	0
642	739	5	0
643	739	3	0
650	739	2	0
653	739	3	0
654	739	4	0
655	739	4	0
659	739	4	0
660	739	2	0
690	739	3	0
707	739	2	0
709	739	3	0
711	739	3	0
712	739	4	0
715	739	2	0
721	739	4	0
727	739	4	0
747	739	3	0
749	739	3	0
751	739	3	0
756	739	4	0
760	739	4	0
766	739	2	0
774	739	2	0
788	739	2	0
790	739	4	0
795	739	1	0
796	739	5	0
804	739	4	0
805	739	1	0
807	739	4	0
823	739	4	0
830	739	4	0
843	739	2	0
846	739	4	0
848	739	5	0
868	739	2	0
877	739	4	0
878	739	3	0
881	739	4	0
882	739	4	0
883	739	2	0
885	739	4	0
889	739	3	0
890	739	2	0
892	739	4	0
896	739	2	0
901	739	5	0
904	739	4	0
907	739	5	0
914	739	2	0
916	739	3	0
922	739	3	0
927	739	3	0
943	739	4	0
