1	4	3	0
7	4	5	0
10	4	4	0
12	4	5	0
13	4	5	0
16	4	5	0
18	4	3	0
19	4	4	0
22	4	5	0
43	4	4	0
49	4	2	0
59	4	4	0
62	4	4	0
64	4	3	0
77	4	3	0
83	4	2	0
84	4	3	0
87	4	5	0
92	4	4	0
94	4	4	0
99	4	5	0
102	4	2	0
109	4	2	0
115	4	4	0
130	4	2	0
144	4	4	0
151	4	5	0
158	4	4	0
160	4	4	0
189	4	5	0
194	4	4	0
197	4	3	0
198	4	3	0
201	4	4	0
207	4	4	0
210	4	4	0
216	4	5	0
218	4	3	0
219	4	4	0
221	4	3	0
222	4	3	0
232	4	4	0
233	4	3	0
234	4	4	0
249	4	4	0
253	4	4	0
256	4	5	0
264	4	4	0
268	4	4	0
271	4	5	0
276	4	4	0
279	4	4	0
280	4	3	0
286	4	5	0
287	4	4	0
291	4	4	0
293	4	4	0
295	4	4	0
297	4	1	0
299	4	3	0
301	4	4	0
303	4	4	0
308	4	5	0
312	4	3	0
315	4	4	0
318	4	2	0
320	4	3	0
326	4	1	0
327	4	4	0
328	4	3	0
334	4	3	0
336	4	4	0
339	4	4	0
342	4	4	0
343	4	5	0
344	4	4	0
345	4	4	0
346	4	4	0
347	4	4	0
352	4	3	0
363	4	5	0
373	4	4	0
374	4	2	0
378	4	3	0
379	4	5	0
385	4	2	0
387	4	3	0
389	4	4	0
393	4	4	0
394	4	4	0
398	4	2	0
405	4	4	0
406	4	2	0
407	4	4	0
411	4	4	0
412	4	3	0
416	4	4	0
417	4	3	0
421	4	3	0
425	4	4	0
429	4	4	0
435	4	4	0
450	4	3	0
453	4	4	0
455	4	3	0
456	4	3	0
457	4	4	0
466	4	3	0
468	4	5	0
472	4	3	0
474	4	5	0
476	4	4	0
481	4	3	0
484	4	4	0
487	4	4	0
495	4	3	0
497	4	3	0
504	4	4	0
514	4	4	0
524	4	4	0
527	4	2	0
532	4	5	0
533	4	3	0
535	4	3	0
537	4	2	0
538	4	3	0
543	4	4	0
551	4	2	0
554	4	2	0
559	4	4	0
561	4	3	0
562	4	1	0
577	4	4	0
579	4	2	0
591	4	4	0
592	4	4	0
593	4	4	0
600	4	4	0
608	4	3	0
618	4	2	0
621	4	4	0
622	4	4	0
625	4	4	0
627	4	2	0
629	4	3	0
638	4	4	0
640	4	4	0
642	4	3	0
643	4	4	0
645	4	4	0
648	4	1	0
650	4	3	0
653	4	3	0
654	4	4	0
655	4	2	0
659	4	3	0
664	4	4	0
666	4	5	0
671	4	5	0
682	4	3	0
690	4	3	0
707	4	3	0
709	4	3	0
712	4	4	0
715	4	4	0
716	4	2	0
738	4	4	0
747	4	4	0
748	4	4	0
749	4	4	0
757	4	5	0
758	4	4	0
763	4	5	0
764	4	3	0
771	4	1	0
774	4	2	0
780	4	3	0
786	4	4	0
788	4	3	0
790	4	3	0
795	4	4	0
796	4	5	0
804	4	4	0
805	4	2	0
823	4	5	0
826	4	4	0
833	4	3	0
846	4	5	0
851	4	5	0
854	4	2	0
860	4	4	0
864	4	4	0
870	4	2	0
871	4	3	0
875	4	3	0
880	4	4	0
881	4	3	0
882	4	4	0
883	4	4	0
886	4	3	0
889	4	3	0
896	4	3	0
903	4	4	0
913	4	4	0
916	4	4	0
919	4	1	0
933	4	3	0
934	4	5	0
940	4	2	0
1	11	2	0
4	11	4	0
7	11	3	0
8	11	3	0
10	11	4	0
11	11	2	0
13	11	1	0
16	11	5	0
20	11	2	0
24	11	5	0
28	11	4	0
37	11	4	0
43	11	5	0
44	11	3	0
49	11	3	0
56	11	4	0
57	11	3	0
58	11	5	0
59	11	5	0
64	11	4	0
82	11	4	0
90	11	4	0
92	11	4	0
94	11	5	0
99	11	5	0
102	11	3	0
109	11	4	0
110	11	4	0
115	11	4	0
116	11	5	0
117	11	5	0
119	11	5	0
121	11	2	0
122	11	1	0
124	11	5	0
130	11	5	0
145	11	5	0
156	11	2	0
158	11	4	0
160	11	4	0
162	11	4	0
174	11	5	0
175	11	5	0
177	11	4	0
178	11	5	0
184	11	3	0
188	11	5	0
197	11	1	0
198	11	4	0
200	11	5	0
201	11	4	0
207	11	3	0
213	11	4	0
214	11	5	0
215	11	2	0
216	11	5	0
217	11	4	0
222	11	5	0
223	11	3	0
224	11	3	0
230	11	4	0
234	11	2	0
246	11	4	0
248	11	5	0
249	11	5	0
256	11	5	0
262	11	4	0
268	11	4	0
269	11	3	0
271	11	4	0
272	11	4	0
276	11	5	0
280	11	5	0
286	11	5	0
287	11	5	0
291	11	4	0
292	11	5	0
293	11	3	0
295	11	4	0
296	11	5	0
297	11	4	0
301	11	4	0
303	11	4	0
305	11	1	0
308	11	5	0
314	11	5	0
320	11	4	0
323	11	5	0
327	11	4	0
328	11	3	0
329	11	3	0
330	11	4	0
331	11	2	0
332	11	5	0
334	11	4	0
339	11	4	0
342	11	5	0
343	11	5	0
344	11	3	0
345	11	4	0
346	11	4	0
347	11	5	0
363	11	5	0
368	11	4	0
374	11	4	0
376	11	4	0
378	11	3	0
387	11	3	0
391	11	3	0
392	11	4	0
393	11	3	0
399	11	4	0
401	11	2	0
405	11	4	0
406	11	4	0
414	11	5	0
416	11	4	0
417	11	5	0
421	11	2	0
425	11	3	0
429	11	4	0
435	11	5	0
436	11	5	0
437	11	1	0
442	11	4	0
447	11	4	0
450	11	5	0
453	11	5	0
454	11	1	0
455	11	3	0
457	11	4	0
462	11	5	0
466	11	3	0
472	11	5	0
474	11	5	0
478	11	4	0
487	11	5	0
488	11	1	0
493	11	3	0
495	11	5	0
496	11	4	0
497	11	3	0
498	11	3	0
499	11	3	0
505	11	4	0
512	11	5	0
514	11	4	0
521	11	4	0
522	11	4	0
527	11	4	0
532	11	5	0
535	11	4	0
537	11	3	0
538	11	4	0
542	11	2	0
543	11	3	0
551	11	5	0
554	11	4	0
560	11	4	0
561	11	4	0
566	11	3	0
577	11	2	0
586	11	3	0
592	11	5	0
593	11	4	0
600	11	5	0
603	11	5	0
606	11	5	0
608	11	5	0
610	11	4	0
618	11	4	0
619	11	2	0
622	11	4	0
627	11	4	0
629	11	2	0
630	11	5	0
632	11	4	0
640	11	4	0
643	11	4	0
645	11	4	0
653	11	2	0
654	11	4	0
655	11	2	0
663	11	5	0
666	11	4	0
671	11	4	0
682	11	4	0
686	11	4	0
693	11	4	0
709	11	5	0
715	11	4	0
716	11	4	0
727	11	3	0
737	11	3	0
747	11	5	0
749	11	5	0
751	11	1	0
757	11	4	0
758	11	3	0
763	11	4	0
764	11	4	0
773	11	2	0
778	11	5	0
788	11	2	0
804	11	4	0
805	11	2	0
826	11	4	0
833	11	5	0
840	11	3	0
846	11	5	0
847	11	3	0
851	11	5	0
854	11	5	0
862	11	4	0
864	11	5	0
867	11	3	0
870	11	4	0
871	11	3	0
880	11	4	0
881	11	4	0
882	11	4	0
883	11	2	0
886	11	5	0
889	11	5	0
892	11	3	0
893	11	4	0
896	11	2	0
897	11	2	0
903	11	2	0
913	11	4	0
916	11	4	0
919	11	4	0
922	11	5	0
927	11	5	0
933	11	4	0
943	11	4	0
1	12	5	0
6	12	4	0
7	12	5	0
10	12	5	0
11	12	2	0
13	12	5	0
14	12	5	0
16	12	5	0
18	12	5	0
24	12	5	0
28	12	4	0
29	12	5	0
42	12	4	0
43	12	5	0
49	12	4	0
58	12	5	0
59	12	5	0
60	12	4	0
62	12	4	0
64	12	5	0
69	12	5	0
72	12	5	0
73	12	5	0
76	12	3	0
84	12	5	0
90	12	5	0
92	12	5	0
94	12	4	0
99	12	5	0
106	12	4	0
109	12	4	0
110	12	4	0
115	12	5	0
117	12	5	0
119	12	3	0
121	12	5	0
130	12	4	0
132	12	4	0
135	12	4	0
138	12	5	0
144	12	4	0
145	12	5	0
151	12	5	0
156	12	3	0
174	12	5	0
175	12	4	0
177	12	5	0
178	12	5	0
180	12	2	0
186	12	1	0
194	12	5	0
201	12	4	0
204	12	4	0
207	12	3	0
213	12	5	0
214	12	5	0
216	12	5	0
218	12	5	0
221	12	5	0
222	12	5	0
226	12	5	0
233	12	2	0
234	12	1	0
239	12	5	0
246	12	5	0
249	12	5	0
250	12	5	0
251	12	4	0
253	12	5	0
256	12	5	0
259	12	5	0
264	12	5	0
267	12	5	0
268	12	4	0
271	12	4	0
272	12	5	0
276	12	5	0
279	12	2	0
280	12	5	0
288	12	4	0
291	12	5	0
293	12	4	0
297	12	5	0
299	12	5	0
301	12	4	0
303	12	4	0
305	12	5	0
308	12	5	0
311	12	4	0
314	12	4	0
315	12	5	0
318	12	4	0
322	12	4	0
327	12	3	0
328	12	5	0
329	12	4	0
332	12	5	0
334	12	5	0
339	12	5	0
342	12	5	0
343	12	5	0
344	12	5	0
345	12	5	0
346	12	5	0
347	12	3	0
352	12	4	0
361	12	4	0
363	12	5	0
370	12	4	0
372	12	4	0
373	12	5	0
374	12	4	0
378	12	5	0
379	12	5	0
380	12	5	0
385	12	3	0
387	12	5	0
391	12	5	0
393	12	5	0
394	12	4	0
397	12	4	0
398	12	3	0
399	12	3	0
402	12	4	0
405	12	5	0
406	12	4	0
409	12	4	0
416	12	5	0
417	12	4	0
421	12	5	0
425	12	5	0
429	12	5	0
430	12	4	0
433	12	5	0
435	12	5	0
437	12	5	0
442	12	4	0
443	12	5	0
445	12	2	0
447	12	5	0
450	12	4	0
453	12	5	0
454	12	3	0
455	12	3	0
456	12	3	0
457	12	5	0
458	12	5	0
464	12	5	0
465	12	4	0
468	12	4	0
472	12	5	0
474	12	5	0
478	12	5	0
480	12	5	0
483	12	2	0
487	12	5	0
491	12	5	0
493	12	3	0
497	12	4	0
498	12	4	0
499	12	5	0
503	12	3	0
506	12	5	0
514	12	5	0
521	12	5	0
522	12	5	0
524	12	3	0
527	12	4	0
532	12	5	0
533	12	4	0
537	12	3	0
538	12	4	0
542	12	4	0
543	12	5	0
548	12	5	0
551	12	4	0
556	12	5	0
557	12	5	0
559	12	3	0
560	12	5	0
561	12	5	0
566	12	4	0
567	12	4	0
577	12	4	0
583	12	5	0
588	12	5	0
592	12	5	0
601	12	3	0
603	12	5	0
605	12	4	0
606	12	2	0
610	12	5	0
613	12	5	0
618	12	4	0
622	12	5	0
627	12	4	0
629	12	5	0
630	12	4	0
632	12	5	0
639	12	3	0
640	12	5	0
643	12	5	0
654	12	5	0
655	12	3	0
663	12	5	0
664	12	5	0
665	12	4	0
666	12	4	0
669	12	5	0
671	12	5	0
673	12	4	0
682	12	5	0
686	12	5	0
690	12	4	0
693	12	4	0
707	12	3	0
710	12	4	0
715	12	4	0
727	12	5	0
737	12	4	0
745	12	5	0
747	12	4	0
758	12	5	0
763	12	5	0
773	12	3	0
774	12	3	0
785	12	4	0
788	12	5	0
795	12	4	0
796	12	5	0
805	12	4	0
806	12	5	0
823	12	4	0
825	12	5	0
831	12	5	0
833	12	5	0
836	12	5	0
838	12	4	0
844	12	5	0
846	12	5	0
851	12	4	0
854	12	5	0
862	12	5	0
864	12	5	0
867	12	5	0
868	12	5	0
870	12	4	0
875	12	5	0
880	12	5	0
883	12	4	0
886	12	5	0
889	12	5	0
892	12	5	0
894	12	5	0
896	12	3	0
901	12	5	0
903	12	5	0
908	12	3	0
910	12	4	0
913	12	4	0
916	12	4	0
919	12	3	0
924	12	4	0
929	12	4	0
933	12	4	0
940	12	4	0
943	12	5	0
1	22	4	0
6	22	3	0
7	22	5	0
8	22	5	0
10	22	5	0
11	22	4	0
13	22	4	0
14	22	3	0
16	22	5	0
18	22	5	0
20	22	5	0
37	22	5	0
38	22	5	0
44	22	4	0
52	22	5	0
55	22	5	0
56	22	5	0
59	22	4	0
62	22	4	0
64	22	4	0
82	22	3	0
83	22	5	0
87	22	4	0
90	22	4	0
91	22	5	0
92	22	3	0
94	22	4	0
95	22	4	0
99	22	5	0
106	22	4	0
109	22	4	0
110	22	4	0
115	22	3	0
118	22	5	0
119	22	4	0
123	22	4	0
125	22	5	0
130	22	5	0
144	22	5	0
145	22	5	0
152	22	5	0
153	22	2	0
156	22	3	0
158	22	5	0
161	22	2	0
177	22	4	0
178	22	5	0
184	22	3	0
188	22	5	0
194	22	5	0
197	22	5	0
200	22	4	0
201	22	2	0
207	22	3	0
214	22	3	0
215	22	3	0
216	22	5	0
217	22	5	0
222	22	5	0
223	22	5	0
224	22	5	0
225	22	5	0
230	22	5	0
232	22	3	0
234	22	4	0
235	22	4	0
243	22	3	0
244	22	4	0
248	22	2	0
249	22	5	0
251	22	5	0
253	22	5	0
254	22	4	0
256	22	5	0
262	22	4	0
263	22	5	0
267	22	4	0
269	22	1	0
271	22	5	0
272	22	5	0
275	22	3	0
276	22	5	0
278	22	5	0
279	22	1	0
280	22	5	0
286	22	4	0
288	22	5	0
290	22	5	0
291	22	5	0
293	22	3	0
295	22	4	0
296	22	4	0
297	22	4	0
298	22	4	0
301	22	4	0
303	22	5	0
307	22	3	0
308	22	4	0
311	22	4	0
313	22	3	0
314	22	4	0
316	22	4	0
320	22	5	0
323	22	5	0
326	22	4	0
327	22	4	0
328	22	5	0
330	22	5	0
331	22	4	0
332	22	5	0
334	22	4	0
339	22	5	0
343	22	4	0
344	22	3	0
346	22	5	0
347	22	5	0
363	22	3	0
370	22	4	0
371	22	5	0
373	22	5	0
378	22	5	0
380	22	4	0
387	22	5	0
391	22	4	0
393	22	4	0
394	22	5	0
397	22	4	0
399	22	3	0
404	22	5	0
405	22	5	0
406	22	3	0
409	22	2	0
411	22	4	0
416	22	5	0
425	22	3	0
429	22	5	0
435	22	4	0
442	22	2	0
447	22	4	0
450	22	5	0
452	22	5	0
453	22	5	0
454	22	4	0
455	22	4	0
456	22	4	0
457	22	5	0
459	22	5	0
462	22	5	0
465	22	3	0
466	22	5	0
468	22	5	0
472	22	5	0
474	22	4	0
479	22	4	0
484	22	5	0
487	22	5	0
488	22	4	0
493	22	5	0
496	22	4	0
497	22	5	0
505	22	5	0
514	22	4	0
521	22	4	0
524	22	3	0
527	22	5	0
532	22	5	0
533	22	4	0
535	22	3	0
536	22	5	0
537	22	2	0
538	22	5	0
539	22	3	0
542	22	3	0
543	22	3	0
545	22	3	0
551	22	5	0
553	22	5	0
554	22	4	0
559	22	1	0
560	22	2	0
561	22	3	0
566	22	3	0
573	22	4	0
577	22	5	0
586	22	3	0
588	22	5	0
592	22	5	0
598	22	5	0
600	22	5	0
601	22	4	0
603	22	4	0
605	22	4	0
606	22	5	0
608	22	4	0
615	22	4	0
618	22	4	0
619	22	5	0
622	22	4	0
625	22	3	0
627	22	5	0
629	22	5	0
630	22	3	0
632	22	4	0
638	22	5	0
640	22	4	0
642	22	4	0
645	22	4	0
647	22	5	0
648	22	4	0
650	22	3	0
653	22	5	0
654	22	5	0
655	22	2	0
658	22	4	0
660	22	4	0
664	22	2	0
669	22	3	0
671	22	4	0
676	22	5	0
682	22	5	0
683	22	4	0
686	22	5	0
694	22	5	0
698	22	1	0
704	22	2	0
705	22	5	0
709	22	5	0
710	22	3	0
711	22	4	0
715	22	4	0
716	22	5	0
721	22	5	0
727	22	4	0
734	22	3	0
737	22	4	0
738	22	3	0
739	22	5	0
741	22	5	0
746	22	4	0
747	22	3	0
748	22	4	0
749	22	5	0
753	22	4	0
756	22	3	0
757	22	4	0
763	22	4	0
764	22	4	0
766	22	3	0
767	22	4	0
774	22	2	0
776	22	5	0
780	22	4	0
785	22	4	0
788	22	5	0
790	22	5	0
796	22	4	0
804	22	5	0
805	22	1	0
807	22	5	0
821	22	5	0
823	22	5	0
826	22	5	0
830	22	5	0
831	22	5	0
833	22	3	0
838	22	4	0
840	22	3	0
844	22	4	0
846	22	4	0
850	22	5	0
851	22	5	0
854	22	2	0
862	22	5	0
864	22	5	0
867	22	5	0
870	22	4	0
871	22	5	0
875	22	3	0
876	22	4	0
878	22	2	0
880	22	4	0
881	22	5	0
883	22	3	0
886	22	4	0
887	22	5	0
889	22	3	0
892	22	5	0
896	22	5	0
897	22	5	0
901	22	5	0
913	22	5	0
916	22	4	0
919	22	5	0
922	22	5	0
929	22	5	0
933	22	5	0
943	22	4	0
1	56	4	0
6	56	4	0
7	56	5	0
8	56	5	0
10	56	5	0
11	56	4	0
13	56	5	0
14	56	5	0
16	56	5	0
18	56	5	0
21	56	5	0
23	56	4	0
24	56	4	0
28	56	5	0
37	56	5	0
41	56	4	0
43	56	5	0
44	56	2	0
48	56	3	0
49	56	5	0
55	56	4	0
56	56	5	0
57	56	3	0
58	56	5	0
59	56	5	0
60	56	4	0
62	56	5	0
64	56	5	0
65	56	3	0
69	56	5	0
71	56	5	0
72	56	5	0
73	56	4	0
75	56	5	0
76	56	5	0
77	56	4	0
82	56	3	0
83	56	1	0
85	56	4	0
87	56	4	0
90	56	5	0
91	56	1	0
92	56	5	0
94	56	5	0
96	56	5	0
99	56	5	0
102	56	3	0
103	56	5	0
109	56	5	0
110	56	1	0
114	56	3	0
115	56	5	0
116	56	5	0
117	56	5	0
118	56	5	0
119	56	4	0
125	56	1	0
128	56	3	0
130	56	5	0
132	56	5	0
135	56	4	0
136	56	4	0
138	56	5	0
144	56	4	0
145	56	5	0
148	56	5	0
151	56	4	0
153	56	5	0
158	56	5	0
160	56	5	0
161	56	3	0
163	56	4	0
174	56	5	0
175	56	2	0
177	56	5	0
178	56	4	0
180	56	5	0
184	56	3	0
186	56	3	0
188	56	4	0
189	56	5	0
193	56	1	0
194	56	5	0
197	56	1	0
198	56	5	0
200	56	4	0
201	56	5	0
207	56	4	0
208	56	2	0
210	56	5	0
213	56	5	0
214	56	5	0
215	56	5	0
216	56	5	0
217	56	5	0
218	56	3	0
221	56	5	0
222	56	5	0
226	56	4	0
228	56	2	0
230	56	3	0
232	56	5	0
233	56	5	0
234	56	3	0
236	56	5	0
239	56	4	0
244	56	5	0
246	56	1	0
249	56	5	0
250	56	4	0
253	56	3	0
255	56	5	0
256	56	3	0
262	56	4	0
264	56	5	0
267	56	5	0
268	56	4	0
269	56	5	0
270	56	5	0
271	56	3	0
272	56	5	0
276	56	5	0
279	56	4	0
280	56	5	0
283	56	5	0
286	56	2	0
287	56	5	0
291	56	5	0
292	56	5	0
293	56	4	0
295	56	4	0
296	56	5	0
297	56	5	0
299	56	4	0
301	56	4	0
303	56	5	0
305	56	1	0
307	56	4	0
308	56	5	0
311	56	5	0
313	56	2	0
314	56	1	0
315	56	5	0
318	56	3	0
320	56	5	0
321	56	4	0
323	56	5	0
326	56	2	0
327	56	2	0
328	56	4	0
332	56	5	0
334	56	4	0
336	56	4	0
338	56	3	0
339	56	5	0
342	56	5	0
343	56	5	0
345	56	5	0
346	56	5	0
347	56	5	0
352	56	5	0
360	56	4	0
361	56	4	0
363	56	5	0
366	56	5	0
367	56	5	0
368	56	4	0
370	56	2	0
372	56	4	0
374	56	5	0
377	56	4	0
378	56	4	0
379	56	5	0
382	56	5	0
385	56	5	0
387	56	5	0
388	56	3	0
389	56	5	0
391	56	5	0
393	56	2	0
394	56	5	0
397	56	5	0
398	56	4	0
399	56	3	0
405	56	4	0
406	56	5	0
407	56	5	0
411	56	4	0
412	56	5	0
415	56	5	0
416	56	5	0
417	56	5	0
421	56	5	0
425	56	5	0
429	56	4	0
430	56	4	0
435	56	5	0
437	56	4	0
442	56	5	0
445	56	5	0
447	56	5	0
450	56	4	0
453	56	5	0
454	56	3	0
455	56	5	0
456	56	5	0
457	56	4	0
458	56	5	0
465	56	4	0
466	56	4	0
468	56	5	0
472	56	5	0
474	56	5	0
476	56	4	0
480	56	4	0
484	56	5	0
487	56	4	0
488	56	4	0
492	56	5	0
493	56	4	0
495	56	5	0
496	56	5	0
497	56	4	0
498	56	3	0
499	56	4	0
500	56	5	0
504	56	3	0
505	56	1	0
506	56	4	0
512	56	5	0
521	56	4	0
523	56	3	0
524	56	4	0
527	56	4	0
528	56	3	0
530	56	3	0
533	56	3	0
535	56	3	0
536	56	3	0
537	56	5	0
538	56	4	0
539	56	2	0
542	56	5	0
543	56	5	0
546	56	5	0
548	56	5	0
551	56	5	0
553	56	4	0
554	56	4	0
559	56	3	0
561	56	5	0
562	56	1	0
566	56	4	0
567	56	4	0
568	56	4	0
576	56	3	0
577	56	3	0
579	56	3	0
586	56	5	0
588	56	4	0
591	56	4	0
592	56	5	0
593	56	5	0
600	56	5	0
601	56	3	0
603	56	4	0
604	56	2	0
606	56	5	0
607	56	5	0
608	56	5	0
610	56	3	0
617	56	1	0
618	56	4	0
619	56	3	0
622	56	5	0
627	56	2	0
629	56	5	0
632	56	3	0
633	56	2	0
640	56	5	0
642	56	4	0
643	56	5	0
645	56	3	0
648	56	1	0
650	56	3	0
653	56	5	0
654	56	4	0
655	56	3	0
658	56	5	0
659	56	5	0
660	56	1	0
663	56	5	0
664	56	4	0
665	56	5	0
666	56	4	0
669	56	2	0
671	56	1	0
679	56	4	0
682	56	4	0
683	56	5	0
686	56	5	0
690	56	4	0
691	56	4	0
692	56	3	0
693	56	4	0
700	56	3	0
709	56	5	0
710	56	5	0
715	56	5	0
716	56	5	0
721	56	3	0
727	56	3	0
731	56	2	0
734	56	1	0
738	56	4	0
739	56	4	0
741	56	4	0
746	56	3	0
747	56	5	0
748	56	4	0
749	56	2	0
751	56	4	0
757	56	4	0
758	56	5	0
763	56	5	0
764	56	4	0
767	56	4	0
773	56	2	0
774	56	2	0
777	56	5	0
778	56	3	0
781	56	3	0
785	56	4	0
788	56	3	0
790	56	4	0
796	56	5	0
802	56	3	0
804	56	3	0
805	56	4	0
806	56	5	0
814	56	3	0
821	56	5	0
823	56	5	0
826	56	5	0
830	56	2	0
831	56	5	0
833	56	4	0
836	56	4	0
838	56	5	0
840	56	5	0
843	56	3	0
844	56	4	0
846	56	5	0
847	56	1	0
850	56	1	0
851	56	5	0
854	56	5	0
860	56	4	0
862	56	3	0
864	56	5	0
867	56	5	0
868	56	3	0
870	56	5	0
871	56	5	0
875	56	5	0
877	56	5	0
880	56	5	0
881	56	1	0
882	56	4	0
883	56	5	0
885	56	3	0
886	56	4	0
887	56	5	0
889	56	5	0
892	56	4	0
893	56	5	0
897	56	2	0
901	56	1	0
903	56	5	0
908	56	4	0
910	56	4	0
912	56	2	0
913	56	5	0
916	56	5	0
922	56	1	0
924	56	3	0
925	56	3	0
927	56	4	0
929	56	4	0
932	56	4	0
933	56	5	0
934	56	5	0
940	56	5	0
943	56	5	0
1	64	5	0
6	64	4	0
7	64	5	0
10	64	4	0
13	64	5	0
16	64	5	0
18	64	5	0
24	64	5	0
42	64	5	0
43	64	5	0
44	64	5	0
51	64	4	0
53	64	5	0
56	64	5	0
57	64	5	0
58	64	5	0
59	64	5	0
60	64	4	0
62	64	4	0
64	64	4	0
65	64	5	0
67	64	5	0
71	64	4	0
72	64	5	0
73	64	5	0
76	64	5	0
80	64	5	0
82	64	5	0
83	64	5	0
84	64	5	0
85	64	5	0
87	64	5	0
90	64	4	0
91	64	4	0
92	64	4	0
94	64	5	0
95	64	5	0
96	64	5	0
99	64	5	0
106	64	4	0
109	64	2	0
110	64	4	0
119	64	4	0
123	64	3	0
125	64	5	0
128	64	5	0
130	64	5	0
144	64	5	0
145	64	4	0
151	64	5	0
153	64	5	0
156	64	3	0
163	64	4	0
175	64	5	0
177	64	4	0
178	64	5	0
184	64	4	0
187	64	5	0
188	64	5	0
194	64	5	0
198	64	4	0
201	64	3	0
207	64	5	0
211	64	3	0
213	64	5	0
214	64	5	0
215	64	4	0
216	64	5	0
221	64	5	0
222	64	5	0
225	64	4	0
230	64	5	0
232	64	4	0
233	64	5	0
234	64	4	0
236	64	5	0
237	64	5	0
239	64	1	0
244	64	5	0
247	64	5	0
248	64	5	0
249	64	5	0
250	64	5	0
251	64	5	0
253	64	5	0
254	64	4	0
256	64	5	0
262	64	5	0
263	64	5	0
267	64	5	0
269	64	4	0
271	64	5	0
276	64	5	0
279	64	1	0
285	64	3	0
287	64	5	0
288	64	5	0
290	64	4	0
291	64	5	0
292	64	5	0
293	64	5	0
301	64	5	0
303	64	5	0
305	64	5	0
307	64	4	0
308	64	4	0
311	64	5	0
313	64	4	0
314	64	5	0
316	64	4	0
318	64	4	0
321	64	3	0
322	64	5	0
323	64	5	0
326	64	4	0
327	64	2	0
328	64	4	0
330	64	5	0
331	64	4	0
332	64	5	0
339	64	5	0
343	64	5	0
344	64	5	0
345	64	5	0
346	64	4	0
360	64	5	0
370	64	4	0
371	64	4	0
373	64	4	0
374	64	5	0
378	64	4	0
379	64	5	0
380	64	3	0
387	64	3	0
389	64	4	0
391	64	5	0
393	64	4	0
395	64	5	0
398	64	4	0
399	64	3	0
401	64	3	0
405	64	5	0
406	64	4	0
412	64	4	0
416	64	5	0
417	64	5	0
425	64	4	0
429	64	4	0
430	64	4	0
435	64	5	0
442	64	5	0
445	64	2	0
450	64	4	0
452	64	4	0
454	64	4	0
455	64	4	0
457	64	5	0
458	64	4	0
465	64	5	0
468	64	5	0
469	64	5	0
472	64	5	0
474	64	5	0
478	64	5	0
480	64	3	0
487	64	5	0
488	64	5	0
492	64	4	0
494	64	5	0
495	64	5	0
496	64	3	0
498	64	4	0
514	64	4	0
524	64	2	0
527	64	3	0
530	64	5	0
533	64	5	0
535	64	5	0
537	64	3	0
542	64	4	0
543	64	4	0
551	64	5	0
556	64	5	0
561	64	3	0
566	64	5	0
571	64	4	0
577	64	5	0
591	64	5	0
592	64	5	0
601	64	4	0
605	64	5	0
606	64	5	0
608	64	4	0
613	64	5	0
618	64	4	0
622	64	5	0
627	64	5	0
629	64	5	0
630	64	5	0
632	64	5	0
640	64	5	0
641	64	4	0
642	64	5	0
645	64	3	0
653	64	4	0
655	64	4	0
659	64	4	0
660	64	3	0
661	64	4	0
663	64	5	0
664	64	4	0
666	64	4	0
669	64	4	0
676	64	5	0
679	64	4	0
682	64	5	0
684	64	4	0
686	64	5	0
690	64	5	0
691	64	5	0
693	64	3	0
705	64	5	0
707	64	3	0
709	64	5	0
710	64	4	0
711	64	4	0
715	64	5	0
716	64	5	0
719	64	5	0
721	64	4	0
731	64	5	0
737	64	4	0
738	64	4	0
745	64	5	0
746	64	4	0
747	64	5	0
748	64	4	0
749	64	4	0
753	64	4	0
757	64	5	0
758	64	5	0
764	64	5	0
773	64	4	0
774	64	3	0
781	64	4	0
788	64	5	0
796	64	4	0
804	64	5	0
821	64	5	0
823	64	5	0
831	64	5	0
833	64	3	0
840	64	4	0
846	64	4	0
851	64	5	0
854	64	5	0
862	64	5	0
864	64	5	0
867	64	5	0
868	64	5	0
870	64	5	0
875	64	5	0
878	64	5	0
880	64	5	0
881	64	5	0
883	64	4	0
886	64	5	0
889	64	5	0
892	64	4	0
896	64	4	0
899	64	4	0
903	64	5	0
912	64	4	0
913	64	5	0
916	64	5	0
918	64	4	0
919	64	5	0
924	64	4	0
927	64	5	0
930	64	4	0
932	64	2	0
933	64	5	0
943	64	5	0
1	79	4	0
5	79	3	0
6	79	3	0
7	79	4	0
8	79	4	0
11	79	4	0
13	79	3	0
16	79	5	0
18	79	4	0
22	79	4	0
23	79	4	0
24	79	4	0
25	79	4	0
28	79	4	0
29	79	4	0
31	79	2	0
37	79	4	0
38	79	3	0
42	79	5	0
43	79	4	0
55	79	5	0
56	79	4	0
57	79	5	0
59	79	5	0
60	79	4	0
63	79	3	0
64	79	4	0
69	79	4	0
70	79	4	0
72	79	4	0
75	79	5	0
80	79	4	0
81	79	5	0
82	79	3	0
83	79	5	0
84	79	4	0
85	79	3	0
87	79	5	0
90	79	4	0
91	79	5	0
92	79	4	0
94	79	4	0
95	79	4	0
96	79	4	0
97	79	5	0
99	79	4	0
102	79	2	0
109	79	5	0
110	79	4	0
115	79	4	0
118	79	5	0
124	79	3	0
125	79	5	0
128	79	4	0
130	79	5	0
135	79	3	0
137	79	5	0
145	79	5	0
151	79	4	0
153	79	5	0
158	79	4	0
160	79	4	0
162	79	4	0
177	79	4	0
178	79	4	0
180	79	3	0
184	79	3	0
186	79	5	0
188	79	5	0
189	79	3	0
193	79	4	0
194	79	3	0
197	79	5	0
198	79	3	0
200	79	5	0
201	79	4	0
207	79	4	0
210	79	4	0
213	79	5	0
214	79	4	0
216	79	4	0
217	79	5	0
221	79	4	0
222	79	5	0
230	79	5	0
234	79	3	0
235	79	4	0
236	79	4	0
239	79	3	0
248	79	3	0
249	79	5	0
251	79	5	0
253	79	5	0
256	79	5	0
263	79	4	0
268	79	3	0
270	79	4	0
271	79	4	0
272	79	5	0
276	79	4	0
279	79	3	0
280	79	4	0
291	79	5	0
292	79	5	0
293	79	3	0
294	79	4	0
295	79	4	0
296	79	4	0
297	79	3	0
298	79	5	0
301	79	5	0
303	79	5	0
305	79	3	0
308	79	4	0
311	79	4	0
313	79	5	0
315	79	4	0
320	79	4	0
323	79	4	0
326	79	4	0
327	79	3	0
328	79	4	0
329	79	4	0
332	79	5	0
333	79	3	0
334	79	4	0
338	79	4	0
339	79	4	0
343	79	4	0
344	79	4	0
345	79	4	0
346	79	5	0
347	79	5	0
352	79	4	0
354	79	2	0
360	79	4	0
361	79	4	0
363	79	2	0
371	79	5	0
372	79	5	0
373	79	4	0
374	79	4	0
378	79	4	0
379	79	5	0
380	79	4	0
381	79	3	0
385	79	3	0
387	79	4	0
389	79	4	0
393	79	4	0
394	79	5	0
398	79	4	0
399	79	3	0
405	79	5	0
406	79	3	0
409	79	4	0
411	79	4	0
416	79	5	0
417	79	3	0
419	79	4	0
421	79	4	0
425	79	4	0
429	79	4	0
435	79	4	0
437	79	4	0
442	79	3	0
445	79	4	0
447	79	3	0
450	79	4	0
452	79	4	0
453	79	3	0
454	79	4	0
455	79	4	0
456	79	3	0
457	79	5	0
458	79	5	0
459	79	3	0
466	79	3	0
472	79	5	0
474	79	5	0
478	79	4	0
479	79	4	0
480	79	4	0
484	79	5	0
487	79	5	0
488	79	4	0
493	79	5	0
495	79	5	0
497	79	4	0
498	79	3	0
503	79	5	0
505	79	3	0
506	79	5	0
508	79	2	0
514	79	4	0
521	79	4	0
522	79	3	0
524	79	4	0
528	79	5	0
532	79	5	0
535	79	3	0
536	79	4	0
537	79	3	0
538	79	4	0
541	79	5	0
543	79	4	0
545	79	4	0
548	79	5	0
551	79	5	0
554	79	5	0
561	79	3	0
562	79	4	0
567	79	2	0
568	79	4	0
575	79	5	0
577	79	4	0
586	79	4	0
588	79	4	0
591	79	4	0
592	79	4	0
593	79	4	0
600	79	4	0
605	79	5	0
606	79	3	0
608	79	5	0
610	79	3	0
618	79	5	0
619	79	5	0
621	79	5	0
622	79	5	0
623	79	5	0
627	79	3	0
632	79	5	0
633	79	5	0
640	79	5	0
643	79	4	0
647	79	4	0
648	79	5	0
650	79	3	0
653	79	4	0
654	79	5	0
655	79	5	0
659	79	4	0
660	79	2	0
661	79	5	0
664	79	4	0
665	79	3	0
666	79	3	0
667	79	3	0
669	79	2	0
671	79	2	0
673	79	5	0
682	79	4	0
686	79	4	0
690	79	4	0
691	79	5	0
693	79	4	0
700	79	3	0
705	79	5	0
709	79	3	0
710	79	4	0
711	79	4	0
712	79	4	0
715	79	5	0
716	79	4	0
719	79	4	0
727	79	4	0
738	79	3	0
739	79	4	0
741	79	4	0
745	79	3	0
746	79	5	0
747	79	4	0
748	79	4	0
749	79	4	0
751	79	4	0
753	79	4	0
756	79	4	0
757	79	4	0
758	79	4	0
763	79	5	0
771	79	1	0
774	79	2	0
778	79	3	0
780	79	4	0
785	79	4	0
788	79	4	0
790	79	4	0
795	79	2	0
796	79	5	0
798	79	4	0
804	79	4	0
805	79	5	0
806	79	3	0
807	79	5	0
815	79	4	0
821	79	5	0
823	79	4	0
826	79	4	0
830	79	4	0
833	79	3	0
840	79	4	0
843	79	2	0
846	79	4	0
847	79	4	0
850	79	5	0
851	79	4	0
854	79	4	0
862	79	5	0
864	79	5	0
867	79	4	0
870	79	4	0
871	79	5	0
877	79	4	0
880	79	4	0
881	79	4	0
882	79	5	0
883	79	4	0
885	79	4	0
886	79	5	0
889	79	3	0
892	79	5	0
896	79	5	0
897	79	5	0
899	79	5	0
902	79	5	0
903	79	4	0
907	79	5	0
908	79	4	0
913	79	4	0
916	79	3	0
921	79	4	0
927	79	3	0
933	79	3	0
942	79	5	0
943	79	5	0
1	89	5	0
5	89	5	0
6	89	4	0
7	89	5	0
8	89	4	0
13	89	4	0
16	89	2	0
18	89	3	0
22	89	5	0
23	89	5	0
28	89	4	0
37	89	4	0
44	89	5	0
55	89	5	0
56	89	4	0
58	89	3	0
59	89	5	0
60	89	5	0
62	89	5	0
64	89	3	0
70	89	4	0
71	89	5	0
72	89	3	0
73	89	5	0
76	89	4	0
77	89	5	0
85	89	4	0
87	89	4	0
90	89	5	0
92	89	5	0
94	89	3	0
95	89	3	0
96	89	5	0
97	89	5	0
102	89	4	0
109	89	4	0
114	89	5	0
115	89	5	0
119	89	4	0
130	89	4	0
136	89	4	0
137	89	5	0
142	89	3	0
144	89	3	0
145	89	4	0
148	89	5	0
151	89	5	0
154	89	5	0
158	89	5	0
177	89	5	0
178	89	4	0
184	89	4	0
189	89	5	0
194	89	3	0
197	89	5	0
198	89	5	0
200	89	5	0
201	89	3	0
214	89	4	0
215	89	4	0
222	89	5	0
226	89	5	0
233	89	3	0
234	89	3	0
239	89	4	0
244	89	5	0
248	89	5	0
249	89	5	0
250	89	4	0
253	89	4	0
256	89	5	0
267	89	5	0
268	89	4	0
269	89	2	0
271	89	3	0
275	89	3	0
276	89	5	0
279	89	4	0
286	89	4	0
290	89	3	0
291	89	3	0
293	89	5	0
295	89	5	0
296	89	5	0
297	89	4	0
299	89	5	0
301	89	2	0
305	89	3	0
307	89	5	0
308	89	5	0
311	89	5	0
312	89	5	0
313	89	5	0
316	89	1	0
320	89	4	0
321	89	3	0
322	89	3	0
326	89	4	0
327	89	4	0
328	89	5	0
332	89	5	0
334	89	4	0
339	89	5	0
342	89	3	0
343	89	3	0
344	89	5	0
346	89	4	0
350	89	4	0
352	89	5	0
354	89	4	0
363	89	4	0
368	89	4	0
373	89	5	0
374	89	2	0
378	89	4	0
379	89	4	0
380	89	5	0
381	89	5	0
383	89	3	0
385	89	4	0
387	89	5	0
391	89	3	0
393	89	3	0
394	89	5	0
395	89	5	0
405	89	1	0
406	89	4	0
407	89	4	0
409	89	5	0
411	89	3	0
417	89	5	0
419	89	3	0
421	89	5	0
425	89	4	0
429	89	4	0
435	89	4	0
437	89	2	0
442	89	4	0
447	89	5	0
450	89	5	0
452	89	5	0
454	89	1	0
455	89	3	0
457	89	5	0
466	89	3	0
468	89	4	0
474	89	5	0
479	89	4	0
480	89	4	0
484	89	4	0
488	89	4	0
493	89	4	0
495	89	3	0
496	89	5	0
497	89	4	0
498	89	5	0
500	89	4	0
506	89	5	0
514	89	4	0
521	89	3	0
524	89	5	0
537	89	4	0
538	89	4	0
542	89	4	0
543	89	4	0
545	89	3	0
551	89	4	0
553	89	5	0
555	89	4	0
560	89	5	0
561	89	4	0
562	89	1	0
566	89	4	0
567	89	5	0
579	89	3	0
592	89	4	0
600	89	5	0
603	89	5	0
606	89	5	0
613	89	5	0
617	89	4	0
622	89	5	0
627	89	5	0
638	89	4	0
641	89	4	0
642	89	2	0
643	89	3	0
645	89	4	0
648	89	4	0
650	89	4	0
653	89	5	0
655	89	4	0
659	89	4	0
660	89	3	0
661	89	5	0
663	89	4	0
664	89	5	0
665	89	4	0
666	89	4	0
671	89	5	0
682	89	4	0
686	89	4	0
690	89	2	0
694	89	4	0
698	89	4	0
704	89	5	0
705	89	2	0
709	89	3	0
710	89	4	0
711	89	5	0
715	89	3	0
723	89	3	0
727	89	5	0
737	89	4	0
738	89	5	0
746	89	4	0
748	89	5	0
749	89	4	0
751	89	3	0
753	89	3	0
756	89	4	0
757	89	4	0
764	89	4	0
766	89	4	0
773	89	4	0
774	89	2	0
776	89	5	0
786	89	4	0
788	89	5	0
790	89	4	0
795	89	4	0
796	89	5	0
804	89	4	0
805	89	4	0
806	89	5	0
807	89	4	0
815	89	4	0
823	89	5	0
826	89	5	0
830	89	5	0
833	89	5	0
836	89	4	0
840	89	5	0
843	89	5	0
844	89	3	0
846	89	5	0
847	89	2	0
848	89	5	0
854	89	4	0
862	89	5	0
867	89	5	0
868	89	4	0
870	89	3	0
881	89	4	0
882	89	5	0
883	89	5	0
886	89	4	0
889	89	4	0
890	89	4	0
892	89	5	0
896	89	5	0
897	89	4	0
899	89	4	0
901	89	3	0
903	89	4	0
911	89	4	0
913	89	5	0
916	89	5	0
918	89	5	0
922	89	5	0
929	89	5	0
932	89	5	0
933	89	4	0
934	89	5	0
940	89	4	0
1	96	5	0
7	96	5	0
8	96	3	0
12	96	4	0
13	96	4	0
14	96	4	0
16	96	5	0
22	96	5	0
23	96	4	0
28	96	5	0
37	96	4	0
41	96	4	0
42	96	5	0
44	96	4	0
49	96	1	0
53	96	4	0
56	96	5	0
59	96	5	0
60	96	4	0
62	96	4	0
64	96	4	0
70	96	4	0
72	96	5	0
73	96	2	0
76	96	5	0
77	96	3	0
87	96	5	0
90	96	4	0
92	96	4	0
94	96	3	0
95	96	4	0
96	96	4	0
97	96	5	0
102	96	3	0
103	96	4	0
109	96	5	0
110	96	4	0
114	96	3	0
115	96	3	0
117	96	5	0
119	96	5	0
124	96	4	0
130	96	5	0
137	96	5	0
144	96	5	0
145	96	5	0
158	96	4	0
159	96	4	0
167	96	5	0
175	96	3	0
177	96	3	0
178	96	4	0
183	96	3	0
188	96	5	0
189	96	5	0
193	96	1	0
197	96	5	0
198	96	4	0
200	96	5	0
201	96	4	0
202	96	4	0
207	96	3	0
210	96	4	0
217	96	4	0
221	96	5	0
222	96	5	0
230	96	2	0
232	96	5	0
234	96	2	0
235	96	4	0
239	96	5	0
246	96	3	0
248	96	4	0
249	96	4	0
250	96	2	0
253	96	5	0
256	96	5	0
262	96	4	0
263	96	4	0
268	96	5	0
269	96	1	0
272	96	5	0
275	96	3	0
276	96	5	0
279	96	4	0
280	96	4	0
286	96	4	0
291	96	4	0
292	96	4	0
293	96	3	0
295	96	1	0
296	96	5	0
301	96	5	0
303	96	5	0
305	96	3	0
308	96	4	0
311	96	5	0
312	96	5	0
313	96	5	0
320	96	5	0
326	96	3	0
327	96	2	0
328	96	4	0
332	96	5	0
344	96	4	0
346	96	5	0
347	96	4	0
352	96	4	0
360	96	3	0
363	96	5	0
368	96	3	0
373	96	4	0
374	96	4	0
378	96	4	0
379	96	5	0
381	96	5	0
387	96	4	0
391	96	3	0
393	96	4	0
394	96	5	0
398	96	4	0
399	96	3	0
402	96	5	0
405	96	3	0
406	96	5	0
407	96	3	0
412	96	5	0
416	96	4	0
417	96	3	0
421	96	4	0
425	96	4	0
429	96	4	0
435	96	5	0
436	96	4	0
442	96	4	0
445	96	4	0
447	96	5	0
450	96	4	0
452	96	2	0
454	96	4	0
455	96	4	0
457	96	5	0
458	96	4	0
466	96	5	0
468	96	5	0
472	96	5	0
474	96	4	0
478	96	2	0
479	96	4	0
480	96	4	0
484	96	5	0
487	96	5	0
488	96	3	0
493	96	4	0
495	96	4	0
496	96	4	0
497	96	4	0
504	96	4	0
505	96	4	0
506	96	4	0
508	96	2	0
514	96	5	0
521	96	4	0
522	96	3	0
524	96	4	0
527	96	4	0
532	96	5	0
533	96	4	0
536	96	4	0
537	96	3	0
538	96	4	0
543	96	4	0
545	96	5	0
551	96	5	0
557	96	5	0
561	96	1	0
566	96	3	0
567	96	4	0
575	96	5	0
577	96	4	0
586	96	4	0
592	96	5	0
600	96	5	0
601	96	2	0
606	96	5	0
618	96	3	0
619	96	5	0
621	96	5	0
622	96	5	0
625	96	5	0
627	96	3	0
630	96	4	0
632	96	5	0
633	96	4	0
638	96	4	0
640	96	5	0
642	96	5	0
643	96	5	0
645	96	3	0
648	96	5	0
650	96	4	0
652	96	4	0
653	96	4	0
655	96	3	0
658	96	4	0
659	96	4	0
660	96	3	0
661	96	4	0
663	96	5	0
664	96	3	0
665	96	3	0
666	96	3	0
669	96	2	0
670	96	5	0
671	96	5	0
682	96	4	0
693	96	4	0
698	96	4	0
700	96	4	0
705	96	5	0
709	96	5	0
712	96	5	0
715	96	4	0
716	96	2	0
727	96	4	0
737	96	2	0
738	96	5	0
739	96	5	0
745	96	4	0
746	96	4	0
747	96	5	0
748	96	5	0
749	96	5	0
751	96	4	0
753	96	1	0
756	96	4	0
757	96	4	0
758	96	5	0
763	96	2	0
773	96	2	0
774	96	2	0
788	96	3	0
790	96	3	0
795	96	2	0
796	96	4	0
804	96	5	0
805	96	4	0
806	96	5	0
807	96	3	0
815	96	5	0
823	96	4	0
826	96	5	0
830	96	3	0
831	96	5	0
833	96	5	0
838	96	4	0
840	96	2	0
843	96	3	0
846	96	4	0
847	96	4	0
850	96	4	0
854	96	3	0
862	96	4	0
864	96	5	0
867	96	5	0
868	96	2	0
870	96	4	0
871	96	5	0
875	96	4	0
880	96	4	0
881	96	3	0
882	96	4	0
883	96	4	0
886	96	3	0
887	96	4	0
889	96	4	0
892	96	4	0
893	96	4	0
896	96	5	0
897	96	5	0
899	96	4	0
901	96	5	0
903	96	2	0
907	96	5	0
908	96	4	0
913	96	5	0
916	96	3	0
921	96	4	0
924	96	4	0
927	96	5	0
932	96	4	0
933	96	2	0
934	96	4	0
940	96	5	0
943	96	4	0
1	98	4	0
5	98	3	0
6	98	5	0
7	98	4	0
10	98	4	0
11	98	2	0
12	98	5	0
13	98	4	0
14	98	3	0
16	98	5	0
18	98	5	0
20	98	3	0
21	98	5	0
23	98	5	0
24	98	5	0
25	98	5	0
28	98	5	0
29	98	4	0
41	98	4	0
42	98	4	0
43	98	5	0
44	98	2	0
48	98	5	0
49	98	4	0
56	98	4	0
58	98	4	0
59	98	5	0
60	98	4	0
62	98	4	0
64	98	4	0
65	98	4	0
69	98	5	0
71	98	4	0
72	98	5	0
76	98	5	0
77	98	4	0
81	98	5	0
84	98	4	0
85	98	4	0
90	98	5	0
91	98	5	0
92	98	5	0
94	98	4	0
95	98	4	0
96	98	5	0
97	98	4	0
99	98	5	0
102	98	4	0
103	98	3	0
109	98	4	0
114	98	4	0
115	98	3	0
117	98	4	0
118	98	5	0
121	98	5	0
123	98	4	0
124	98	4	0
125	98	5	0
128	98	4	0
130	98	5	0
135	98	5	0
138	98	5	0
144	98	4	0
145	98	5	0
148	98	3	0
151	98	4	0
152	98	2	0
161	98	4	0
163	98	4	0
174	98	5	0
175	98	5	0
177	98	5	0
178	98	5	0
180	98	5	0
184	98	4	0
186	98	5	0
188	98	5	0
194	98	4	0
198	98	4	0
200	98	5	0
201	98	4	0
207	98	4	0
210	98	5	0
213	98	5	0
214	98	4	0
215	98	5	0
216	98	5	0
218	98	5	0
222	98	4	0
225	98	5	0
226	98	5	0
228	98	3	0
230	98	5	0
232	98	4	0
233	98	5	0
234	98	4	0
236	98	5	0
237	98	4	0
239	98	5	0
246	98	4	0
248	98	5	0
249	98	5	0
250	98	5	0
253	98	5	0
254	98	4	0
255	98	5	0
256	98	5	0
259	98	4	0
262	98	4	0
263	98	4	0
264	98	5	0
267	98	5	0
268	98	4	0
269	98	4	0
270	98	5	0
271	98	5	0
272	98	4	0
274	98	5	0
275	98	4	0
276	98	5	0
278	98	4	0
280	98	5	0
287	98	4	0
288	98	5	0
290	98	4	0
291	98	5	0
292	98	5	0
293	98	4	0
295	98	5	0
296	98	5	0
297	98	5	0
298	98	4	0
299	98	4	0
301	98	4	0
303	98	5	0
305	98	4	0
308	98	3	0
311	98	5	0
312	98	4	0
313	98	4	0
315	98	4	0
316	98	5	0
323	98	4	0
325	98	4	0
326	98	5	0
327	98	4	0
328	98	4	0
329	98	4	0
330	98	5	0
332	98	5	0
333	98	4	0
334	98	4	0
339	98	4	0
342	98	3	0
343	98	5	0
344	98	4	0
345	98	5	0
346	98	2	0
347	98	5	0
350	98	4	0
352	98	5	0
354	98	3	0
361	98	5	0
363	98	3	0
366	98	5	0
367	98	5	0
368	98	3	0
370	98	4	0
371	98	5	0
372	98	5	0
374	98	5	0
376	98	5	0
377	98	5	0
378	98	5	0
379	98	5	0
380	98	4	0
382	98	3	0
385	98	4	0
387	98	4	0
388	98	5	0
389	98	4	0
391	98	4	0
392	98	5	0
394	98	5	0
395	98	5	0
399	98	4	0
405	98	4	0
406	98	4	0
407	98	5	0
409	98	5	0
416	98	5	0
417	98	5	0
421	98	5	0
422	98	5	0
425	98	4	0
426	98	4	0
429	98	4	0
430	98	5	0
435	98	5	0
436	98	4	0
437	98	5	0
442	98	4	0
447	98	4	0
450	98	4	0
452	98	5	0
453	98	4	0
454	98	1	0
455	98	4	0
456	98	3	0
457	98	5	0
458	98	3	0
459	98	5	0
465	98	4	0
466	98	3	0
468	98	5	0
474	98	5	0
478	98	5	0
480	98	4	0
481	98	4	0
484	98	4	0
487	98	5	0
488	98	4	0
493	98	4	0
494	98	4	0
495	98	5	0
496	98	4	0
497	98	4	0
498	98	4	0
499	98	4	0
500	98	4	0
503	98	5	0
504	98	5	0
505	98	4	0
508	98	3	0
514	98	5	0
524	98	3	0
530	98	4	0
532	98	5	0
533	98	4	0
535	98	2	0
536	98	4	0
537	98	3	0
538	98	5	0
543	98	4	0
545	98	5	0
546	98	5	0
548	98	5	0
551	98	5	0
553	98	5	0
554	98	5	0
561	98	4	0
562	98	4	0
566	98	4	0
575	98	4	0
577	98	4	0
579	98	4	0
588	98	1	0
592	98	5	0
593	98	5	0
601	98	3	0
604	98	2	0
605	98	5	0
606	98	5	0
608	98	5	0
610	98	5	0
617	98	2	0
618	98	5	0
620	98	4	0
622	98	5	0
629	98	5	0
630	98	5	0
632	98	4	0
633	98	4	0
638	98	3	0
639	98	4	0
643	98	3	0
645	98	4	0
648	98	4	0
650	98	4	0
653	98	2	0
654	98	5	0
655	98	4	0
658	98	4	0
659	98	4	0
660	98	4	0
663	98	5	0
664	98	4	0
665	98	4	0
666	98	4	0
667	98	4	0
670	98	2	0
671	98	4	0
680	98	4	0
682	98	4	0
684	98	4	0
686	98	5	0
690	98	5	0
691	98	4	0
693	98	4	0
694	98	5	0
699	98	4	0
700	98	3	0
704	98	5	0
709	98	4	0
711	98	5	0
715	98	5	0
716	98	5	0
719	98	5	0
727	98	4	0
734	98	4	0
738	98	4	0
739	98	3	0
741	98	5	0
745	98	5	0
747	98	5	0
749	98	5	0
751	98	5	0
753	98	5	0
757	98	4	0
758	98	5	0
760	98	3	0
763	98	4	0
764	98	5	0
766	98	3	0
767	98	5	0
771	98	1	0
773	98	4	0
774	98	4	0
776	98	4	0
778	98	4	0
780	98	1	0
786	98	5	0
788	98	5	0
790	98	5	0
796	98	5	0
798	98	1	0
802	98	4	0
804	98	5	0
805	98	5	0
806	98	4	0
814	98	4	0
815	98	4	0
821	98	5	0
823	98	5	0
825	98	5	0
830	98	5	0
833	98	3	0
835	98	5	0
840	98	5	0
843	98	3	0
846	98	4	0
847	98	4	0
850	98	1	0
854	98	4	0
862	98	5	0
864	98	5	0
867	98	5	0
868	98	4	0
870	98	4	0
875	98	5	0
877	98	5	0
878	98	4	0
880	98	5	0
881	98	5	0
882	98	5	0
883	98	3	0
886	98	4	0
887	98	3	0
889	98	4	0
890	98	4	0
892	98	5	0
896	98	5	0
897	98	5	0
899	98	4	0
903	98	5	0
907	98	5	0
908	98	5	0
910	98	4	0
911	98	2	0
913	98	4	0
916	98	5	0
919	98	5	0
922	98	5	0
925	98	4	0
928	98	5	0
929	98	5	0
932	98	5	0
933	98	5	0
940	98	4	0
943	98	5	0
1	127	5	0
2	127	5	0
6	127	5	0
7	127	5	0
8	127	5	0
10	127	5	0
12	127	4	0
13	127	5	0
14	127	2	0
15	127	2	0
16	127	5	0
18	127	5	0
21	127	5	0
22	127	5	0
24	127	5	0
25	127	3	0
26	127	5	0
37	127	4	0
38	127	2	0
43	127	4	0
45	127	5	0
46	127	5	0
54	127	4	0
58	127	4	0
59	127	5	0
62	127	4	0
64	127	5	0
66	127	4	0
68	127	4	0
72	127	5	0
73	127	5	0
77	127	2	0
82	127	2	0
83	127	4	0
85	127	5	0
87	127	4	0
89	127	5	0
90	127	4	0
91	127	5	0
94	127	5	0
95	127	4	0
96	127	5	0
102	127	2	0
103	127	4	0
104	127	3	0
108	127	4	0
109	127	2	0
113	127	4	0
115	127	5	0
116	127	5	0
120	127	4	0
121	127	5	0
122	127	5	0
123	127	5	0
131	127	4	0
132	127	4	0
136	127	5	0
139	127	5	0
141	127	2	0
144	127	4	0
148	127	1	0
150	127	5	0
153	127	3	0
157	127	5	0
158	127	5	0
159	127	5	0
160	127	5	0
161	127	3	0
165	127	4	0
169	127	4	0
175	127	5	0
177	127	5	0
178	127	5	0
184	127	5	0
185	127	5	0
188	127	4	0
189	127	4	0
192	127	4	0
193	127	5	0
194	127	5	0
195	127	5	0
197	127	5	0
198	127	5	0
201	127	5	0
207	127	5	0
209	127	5	0
210	127	5	0
211	127	4	0
212	127	2	0
213	127	5	0
214	127	4	0
215	127	4	0
222	127	5	0
227	127	4	0
231	127	3	0
232	127	3	0
233	127	5	0
234	127	4	0
236	127	5	0
237	127	5	0
243	127	4	0
248	127	5	0
250	127	4	0
253	127	5	0
256	127	4	0
263	127	4	0
267	127	5	0
268	127	4	0
269	127	4	0
271	127	5	0
272	127	5	0
276	127	5	0
280	127	5	0
286	127	4	0
288	127	5	0
292	127	5	0
293	127	5	0
294	127	5	0
296	127	5	0
298	127	5	0
299	127	5	0
301	127	4	0
303	127	5	0
305	127	5	0
308	127	4	0
311	127	4	0
313	127	5	0
315	127	5	0
316	127	2	0
318	127	5	0
321	127	3	0
322	127	4	0
323	127	5	0
324	127	4	0
325	127	5	0
326	127	1	0
327	127	4	0
328	127	5	0
329	127	4	0
332	127	5	0
333	127	4	0
334	127	4	0
337	127	3	0
339	127	5	0
343	127	5	0
344	127	5	0
346	127	5	0
347	127	5	0
350	127	5	0
358	127	1	0
360	127	5	0
363	127	4	0
368	127	4	0
371	127	4	0
373	127	2	0
374	127	4	0
379	127	5	0
382	127	3	0
385	127	4	0
386	127	5	0
387	127	4	0
389	127	5	0
391	127	5	0
392	127	5	0
395	127	5	0
397	127	5	0
398	127	4	0
399	127	2	0
401	127	1	0
402	127	5	0
403	127	4	0
405	127	5	0
406	127	4	0
407	127	3	0
409	127	4	0
416	127	5	0
417	127	4	0
420	127	5	0
421	127	4	0
422	127	4	0
423	127	4	0
424	127	4	0
425	127	4	0
429	127	4	0
430	127	4	0
435	127	4	0
436	127	5	0
445	127	2	0
449	127	5	0
450	127	5	0
452	127	5	0
455	127	5	0
456	127	5	0
457	127	5	0
458	127	5	0
459	127	4	0
460	127	4	0
463	127	5	0
464	127	5	0
465	127	4	0
466	127	3	0
467	127	5	0
468	127	4	0
469	127	4	0
473	127	5	0
474	127	5	0
475	127	4	0
479	127	5	0
480	127	3	0
482	127	4	0
486	127	5	0
488	127	4	0
490	127	5	0
491	127	3	0
492	127	5	0
493	127	3	0
494	127	5	0
495	127	4	0
497	127	5	0
498	127	4	0
499	127	4	0
501	127	5	0
503	127	5	0
504	127	5	0
505	127	1	0
513	127	4	0
517	127	4	0
521	127	4	0
524	127	5	0
525	127	3	0
526	127	4	0
527	127	5	0
532	127	5	0
533	127	5	0
537	127	5	0
538	127	5	0
539	127	3	0
542	127	5	0
548	127	5	0
549	127	5	0
551	127	5	0
552	127	4	0
556	127	5	0
557	127	4	0
559	127	4	0
560	127	5	0
562	127	5	0
564	127	4	0
566	127	5	0
567	127	5	0
568	127	4	0
573	127	4	0
575	127	2	0
581	127	5	0
586	127	4	0
590	127	4	0
591	127	4	0
592	127	5	0
594	127	4	0
595	127	5	0
597	127	4	0
600	127	5	0
601	127	4	0
602	127	5	0
604	127	4	0
605	127	5	0
606	127	4	0
608	127	5	0
610	127	5	0
612	127	2	0
613	127	4	0
615	127	5	0
618	127	5	0
619	127	4	0
622	127	5	0
623	127	4	0
624	127	4	0
629	127	5	0
630	127	2	0
634	127	5	0
637	127	2	0
638	127	2	0
643	127	5	0
644	127	4	0
648	127	3	0
649	127	5	0
650	127	2	0
651	127	4	0
653	127	5	0
655	127	5	0
658	127	5	0
659	127	5	0
663	127	5	0
664	127	5	0
665	127	4	0
666	127	5	0
669	127	5	0
672	127	4	0
674	127	5	0
678	127	5	0
682	127	5	0
683	127	4	0
686	127	5	0
690	127	4	0
692	127	3	0
693	127	4	0
694	127	5	0
697	127	5	0
698	127	4	0
699	127	3	0
701	127	4	0
703	127	5	0
708	127	3	0
709	127	5	0
710	127	5	0
716	127	5	0
717	127	4	0
719	127	3	0
721	127	5	0
727	127	4	0
731	127	4	0
733	127	3	0
735	127	4	0
736	127	4	0
737	127	5	0
738	127	4	0
742	127	5	0
744	127	5	0
745	127	2	0
746	127	2	0
747	127	5	0
749	127	4	0
754	127	4	0
758	127	5	0
759	127	2	0
761	127	3	0
763	127	4	0
765	127	5	0
766	127	5	0
768	127	5	0
773	127	5	0
774	127	4	0
776	127	5	0
777	127	1	0
781	127	5	0
782	127	4	0
786	127	4	0
789	127	5	0
793	127	5	0
794	127	5	0
796	127	5	0
797	127	4	0
799	127	4	0
800	127	4	0
804	127	3	0
805	127	3	0
806	127	5	0
807	127	3	0
815	127	3	0
823	127	5	0
825	127	3	0
826	127	5	0
830	127	4	0
833	127	5	0
834	127	5	0
835	127	4	0
838	127	5	0
839	127	5	0
840	127	4	0
843	127	2	0
846	127	5	0
848	127	3	0
851	127	5	0
852	127	4	0
854	127	4	0
858	127	5	0
862	127	5	0
864	127	4	0
868	127	4	0
869	127	5	0
870	127	5	0
871	127	5	0
874	127	5	0
878	127	4	0
879	127	5	0
880	127	5	0
881	127	4	0
883	127	5	0
884	127	4	0
886	127	4	0
887	127	3	0
889	127	4	0
890	127	5	0
891	127	4	0
892	127	5	0
896	127	5	0
897	127	5	0
902	127	3	0
903	127	5	0
908	127	4	0
910	127	5	0
913	127	4	0
922	127	3	0
924	127	3	0
928	127	5	0
929	127	5	0
931	127	5	0
933	127	5	0
935	127	4	0
936	127	5	0
938	127	5	0
939	127	5	0
943	127	5	0
1	144	4	0
5	144	3	0
7	144	5	0
8	144	5	0
10	144	4	0
13	144	4	0
16	144	5	0
20	144	2	0
22	144	5	0
23	144	3	0
38	144	5	0
43	144	4	0
44	144	4	0
51	144	5	0
55	144	5	0
56	144	5	0
57	144	3	0
58	144	4	0
60	144	4	0
62	144	3	0
64	144	3	0
77	144	3	0
87	144	4	0
92	144	4	0
94	144	3	0
95	144	5	0
96	144	4	0
102	144	3	0
103	144	4	0
109	144	4	0
117	144	4	0
119	144	4	0
124	144	4	0
125	144	5	0
130	144	5	0
137	144	5	0
144	144	4	0
158	144	4	0
162	144	3	0
177	144	5	0
178	144	4	0
183	144	3	0
188	144	3	0
194	144	4	0
201	144	4	0
207	144	3	0
213	144	5	0
215	144	4	0
216	144	4	0
217	144	4	0
221	144	4	0
222	144	5	0
230	144	3	0
234	144	3	0
244	144	1	0
249	144	4	0
250	144	4	0
251	144	5	0
263	144	4	0
267	144	5	0
268	144	4	0
275	144	4	0
276	144	5	0
279	144	4	0
280	144	2	0
286	144	3	0
290	144	3	0
291	144	5	0
292	144	5	0
293	144	4	0
295	144	4	0
296	144	4	0
297	144	3	0
298	144	4	0
299	144	4	0
301	144	4	0
303	144	5	0
305	144	2	0
308	144	3	0
312	144	1	0
313	144	4	0
314	144	3	0
323	144	4	0
326	144	5	0
327	144	4	0
328	144	4	0
332	144	5	0
339	144	3	0
342	144	5	0
343	144	4	0
346	144	4	0
347	144	5	0
352	144	5	0
360	144	2	0
363	144	4	0
373	144	3	0
374	144	5	0
378	144	4	0
379	144	5	0
385	144	3	0
387	144	3	0
393	144	3	0
394	144	5	0
398	144	5	0
399	144	3	0
401	144	5	0
406	144	1	0
407	144	3	0
416	144	5	0
417	144	3	0
421	144	5	0
425	144	4	0
429	144	4	0
435	144	4	0
436	144	5	0
437	144	2	0
442	144	4	0
445	144	3	0
447	144	5	0
450	144	5	0
453	144	4	0
454	144	4	0
455	144	3	0
457	144	5	0
458	144	4	0
466	144	5	0
468	144	5	0
478	144	5	0
479	144	4	0
481	144	4	0
483	144	2	0
484	144	4	0
487	144	5	0
488	144	3	0
495	144	4	0
497	144	4	0
498	144	1	0
505	144	3	0
508	144	3	0
514	144	3	0
521	144	3	0
527	144	4	0
535	144	3	0
536	144	4	0
538	144	4	0
543	144	4	0
545	144	3	0
551	144	5	0
559	144	5	0
561	144	3	0
562	144	5	0
566	144	3	0
571	144	2	0
573	144	4	0
586	144	4	0
588	144	3	0
592	144	5	0
593	144	4	0
606	144	4	0
608	144	4	0
618	144	4	0
619	144	5	0
622	144	5	0
625	144	4	0
627	144	2	0
629	144	5	0
632	144	4	0
638	144	5	0
643	144	4	0
648	144	4	0
650	144	3	0
653	144	3	0
654	144	5	0
655	144	3	0
659	144	4	0
660	144	3	0
661	144	5	0
666	144	3	0
670	144	4	0
671	144	4	0
676	144	4	0
682	144	3	0
693	144	4	0
694	144	4	0
698	144	2	0
700	144	4	0
705	144	3	0
709	144	3	0
711	144	2	0
715	144	5	0
716	144	2	0
727	144	4	0
734	144	2	0
738	144	5	0
746	144	5	0
748	144	4	0
749	144	5	0
751	144	4	0
757	144	4	0
758	144	4	0
763	144	3	0
771	144	1	0
778	144	4	0
788	144	4	0
790	144	4	0
795	144	4	0
796	144	5	0
804	144	4	0
805	144	3	0
806	144	5	0
807	144	4	0
815	144	4	0
823	144	5	0
831	144	5	0
833	144	4	0
840	144	3	0
843	144	3	0
844	144	3	0
847	144	4	0
851	144	5	0
854	144	3	0
864	144	5	0
867	144	3	0
880	144	5	0
883	144	4	0
886	144	4	0
889	144	4	0
892	144	5	0
893	144	4	0
896	144	4	0
899	144	3	0
901	144	5	0
902	144	5	0
907	144	5	0
908	144	4	0
913	144	5	0
916	144	3	0
919	144	4	0
924	144	3	0
929	144	3	0
932	144	3	0
933	144	4	0
934	144	4	0
1	172	5	0
5	172	5	0
7	172	4	0
8	172	5	0
12	172	4	0
13	172	5	0
14	172	5	0
16	172	5	0
18	172	3	0
20	172	3	0
22	172	4	0
23	172	4	0
30	172	4	0
37	172	4	0
42	172	5	0
43	172	4	0
44	172	4	0
48	172	5	0
49	172	1	0
51	172	5	0
56	172	5	0
58	172	5	0
59	172	5	0
60	172	4	0
62	172	5	0
64	172	4	0
69	172	5	0
70	172	5	0
72	172	1	0
76	172	5	0
77	172	3	0
85	172	4	0
87	172	5	0
91	172	4	0
92	172	4	0
94	172	4	0
95	172	4	0
97	172	4	0
99	172	5	0
102	172	3	0
109	172	5	0
114	172	5	0
115	172	4	0
117	172	5	0
118	172	5	0
119	172	4	0
121	172	5	0
124	172	3	0
125	172	5	0
128	172	3	0
130	172	5	0
137	172	5	0
144	172	4	0
145	172	5	0
148	172	5	0
151	172	5	0
153	172	1	0
154	172	4	0
158	172	4	0
169	172	5	0
175	172	5	0
177	172	5	0
178	172	4	0
182	172	5	0
184	172	4	0
189	172	5	0
194	172	3	0
197	172	5	0
198	172	4	0
200	172	5	0
201	172	5	0
202	172	3	0
204	172	3	0
210	172	5	0
213	172	5	0
214	172	3	0
215	172	4	0
216	172	4	0
217	172	1	0
221	172	5	0
222	172	5	0
225	172	5	0
230	172	4	0
232	172	4	0
234	172	3	0
236	172	3	0
239	172	4	0
244	172	4	0
246	172	5	0
248	172	4	0
249	172	3	0
251	172	5	0
254	172	5	0
256	172	3	0
259	172	4	0
262	172	2	0
267	172	5	0
268	172	5	0
269	172	3	0
271	172	5	0
272	172	4	0
276	172	5	0
279	172	2	0
280	172	3	0
286	172	4	0
290	172	5	0
291	172	5	0
293	172	5	0
295	172	4	0
296	172	5	0
298	172	4	0
301	172	5	0
303	172	5	0
305	172	4	0
307	172	5	0
308	172	4	0
311	172	5	0
312	172	4	0
313	172	4	0
316	172	1	0
320	172	4	0
323	172	5	0
325	172	4	0
326	172	4	0
327	172	4	0
328	172	4	0
330	172	5	0
332	172	5	0
334	172	3	0
340	172	4	0
344	172	4	0
345	172	4	0
346	172	5	0
347	172	5	0
350	172	5	0
352	172	5	0
360	172	4	0
363	172	5	0
369	172	5	0
370	172	4	0
373	172	5	0
374	172	3	0
378	172	4	0
379	172	4	0
380	172	3	0
385	172	2	0
387	172	4	0
389	172	5	0
392	172	5	0
393	172	5	0
394	172	4	0
395	172	5	0
397	172	5	0
398	172	5	0
399	172	3	0
401	172	3	0
405	172	5	0
406	172	5	0
407	172	4	0
409	172	5	0
411	172	5	0
412	172	5	0
416	172	5	0
417	172	3	0
421	172	5	0
424	172	3	0
425	172	5	0
429	172	5	0
435	172	5	0
436	172	3	0
437	172	4	0
442	172	5	0
450	172	4	0
452	172	4	0
453	172	5	0
454	172	2	0
455	172	4	0
456	172	5	0
457	172	5	0
459	172	5	0
465	172	3	0
466	172	4	0
468	172	4	0
471	172	4	0
472	172	5	0
474	172	5	0
479	172	4	0
480	172	3	0
484	172	5	0
487	172	4	0
488	172	3	0
492	172	3	0
493	172	5	0
495	172	5	0
496	172	5	0
497	172	5	0
498	172	3	0
500	172	2	0
503	172	5	0
505	172	3	0
506	172	5	0
508	172	5	0
514	172	4	0
521	172	3	0
524	172	3	0
527	172	5	0
530	172	4	0
533	172	4	0
535	172	3	0
536	172	5	0
537	172	3	0
538	172	4	0
541	172	5	0
542	172	4	0
545	172	5	0
551	172	2	0
554	172	5	0
556	172	5	0
561	172	2	0
563	172	5	0
566	172	3	0
577	172	4	0
584	172	4	0
586	172	4	0
588	172	5	0
591	172	3	0
592	172	5	0
593	172	4	0
600	172	4	0
601	172	4	0
603	172	5	0
606	172	5	0
608	172	1	0
610	172	4	0
618	172	5	0
620	172	4	0
621	172	5	0
622	172	5	0
625	172	4	0
627	172	3	0
629	172	5	0
630	172	3	0
632	172	5	0
633	172	3	0
638	172	4	0
642	172	5	0
643	172	5	0
645	172	4	0
648	172	5	0
650	172	4	0
653	172	3	0
654	172	4	0
655	172	4	0
659	172	3	0
660	172	4	0
661	172	5	0
664	172	5	0
665	172	4	0
666	172	3	0
669	172	3	0
671	172	5	0
676	172	5	0
679	172	5	0
682	172	5	0
684	172	5	0
686	172	4	0
693	172	3	0
694	172	5	0
698	172	5	0
704	172	2	0
705	172	3	0
707	172	2	0
709	172	5	0
710	172	4	0
711	172	5	0
712	172	5	0
715	172	4	0
716	172	4	0
721	172	5	0
723	172	4	0
727	172	5	0
734	172	4	0
738	172	4	0
739	172	4	0
741	172	5	0
746	172	5	0
747	172	5	0
748	172	4	0
749	172	5	0
751	172	5	0
753	172	3	0
757	172	4	0
758	172	4	0
760	172	3	0
766	172	3	0
767	172	5	0
771	172	4	0
773	172	5	0
774	172	3	0
780	172	5	0
781	172	5	0
786	172	5	0
788	172	3	0
790	172	4	0
795	172	3	0
796	172	4	0
798	172	4	0
804	172	4	0
805	172	4	0
806	172	3	0
807	172	5	0
815	172	5	0
823	172	5	0
826	172	5	0
830	172	5	0
833	172	2	0
838	172	5	0
840	172	3	0
843	172	3	0
844	172	4	0
846	172	4	0
847	172	4	0
848	172	5	0
849	172	5	0
850	172	5	0
851	172	5	0
862	172	5	0
864	172	5	0
867	172	5	0
868	172	5	0
870	172	4	0
871	172	5	0
875	172	4	0
878	172	4	0
880	172	5	0
881	172	4	0
882	172	5	0
883	172	4	0
885	172	3	0
886	172	5	0
887	172	5	0
889	172	4	0
890	172	5	0
892	172	5	0
893	172	5	0
896	172	5	0
897	172	4	0
899	172	4	0
901	172	5	0
902	172	4	0
907	172	4	0
908	172	3	0
911	172	4	0
912	172	3	0
913	172	5	0
916	172	5	0
921	172	4	0
922	172	5	0
924	172	4	0
928	172	5	0
929	172	4	0
932	172	5	0
933	172	2	0
934	172	5	0
940	172	4	0
942	172	5	0
943	172	4	0
1	174	5	0
5	174	5	0
6	174	4	0
7	174	5	0
8	174	5	0
10	174	4	0
12	174	5	0
13	174	4	0
14	174	5	0
16	174	5	0
18	174	4	0
20	174	4	0
22	174	5	0
23	174	4	0
25	174	5	0
28	174	5	0
30	174	5	0
37	174	5	0
41	174	4	0
42	174	5	0
43	174	4	0
44	174	5	0
48	174	5	0
49	174	1	0
53	174	5	0
55	174	4	0
56	174	5	0
58	174	4	0
59	174	5	0
60	174	4	0
62	174	4	0
64	174	5	0
69	174	5	0
70	174	5	0
71	174	2	0
72	174	5	0
77	174	5	0
82	174	5	0
83	174	5	0
85	174	4	0
87	174	5	0
90	174	5	0
91	174	5	0
92	174	5	0
94	174	4	0
95	174	5	0
96	174	5	0
97	174	4	0
99	174	5	0
102	174	4	0
109	174	5	0
115	174	5	0
117	174	4	0
118	174	5	0
119	174	4	0
121	174	3	0
124	174	3	0
125	174	5	0
128	174	3	0
130	174	5	0
137	174	5	0
144	174	5	0
145	174	5	0
148	174	5	0
151	174	5	0
153	174	1	0
154	174	5	0
158	174	5	0
160	174	5	0
161	174	2	0
162	174	4	0
165	174	4	0
169	174	4	0
177	174	4	0
178	174	5	0
184	174	3	0
188	174	5	0
189	174	5	0
193	174	4	0
194	174	4	0
197	174	5	0
198	174	5	0
200	174	5	0
201	174	3	0
207	174	4	0
210	174	5	0
213	174	5	0
214	174	4	0
215	174	4	0
216	174	5	0
217	174	3	0
221	174	4	0
222	174	5	0
226	174	4	0
230	174	5	0
233	174	5	0
234	174	3	0
235	174	4	0
236	174	3	0
237	174	4	0
239	174	4	0
244	174	3	0
246	174	3	0
248	174	3	0
249	174	4	0
250	174	3	0
254	174	5	0
256	174	4	0
262	174	3	0
263	174	5	0
267	174	5	0
268	174	5	0
269	174	1	0
271	174	5	0
272	174	5	0
275	174	4	0
276	174	5	0
279	174	4	0
280	174	3	0
286	174	4	0
288	174	4	0
290	174	5	0
291	174	5	0
292	174	5	0
293	174	5	0
295	174	4	0
297	174	5	0
298	174	5	0
299	174	4	0
301	174	5	0
303	174	5	0
305	174	3	0
307	174	4	0
308	174	4	0
311	174	5	0
312	174	5	0
313	174	4	0
316	174	1	0
318	174	4	0
320	174	4	0
321	174	3	0
325	174	2	0
326	174	4	0
327	174	4	0
329	174	4	0
330	174	5	0
332	174	5	0
333	174	5	0
334	174	4	0
338	174	4	0
339	174	4	0
340	174	4	0
342	174	2	0
343	174	5	0
344	174	5	0
345	174	4	0
346	174	5	0
347	174	4	0
350	174	5	0
352	174	5	0
354	174	4	0
358	174	1	0
360	174	3	0
363	174	4	0
370	174	3	0
371	174	4	0
373	174	4	0
374	174	5	0
378	174	4	0
379	174	5	0
380	174	4	0
385	174	2	0
387	174	5	0
389	174	4	0
391	174	5	0
392	174	5	0
394	174	5	0
395	174	5	0
397	174	5	0
398	174	5	0
399	174	3	0
401	174	4	0
405	174	5	0
406	174	4	0
407	174	5	0
409	174	4	0
411	174	4	0
412	174	5	0
415	174	5	0
416	174	5	0
417	174	3	0
419	174	5	0
421	174	5	0
425	174	3	0
426	174	3	0
429	174	4	0
433	174	5	0
435	174	5	0
436	174	3	0
437	174	5	0
442	174	4	0
445	174	4	0
447	174	5	0
450	174	5	0
452	174	4	0
453	174	4	0
454	174	4	0
455	174	4	0
456	174	4	0
457	174	5	0
458	174	3	0
459	174	4	0
465	174	3	0
466	174	5	0
468	174	5	0
472	174	5	0
474	174	5	0
479	174	5	0
480	174	5	0
484	174	5	0
487	174	5	0
488	174	4	0
493	174	3	0
494	174	5	0
495	174	5	0
496	174	4	0
497	174	4	0
498	174	3	0
499	174	3	0
500	174	2	0
503	174	5	0
504	174	4	0
505	174	4	0
506	174	5	0
508	174	4	0
514	174	5	0
521	174	4	0
524	174	4	0
527	174	4	0
528	174	5	0
530	174	4	0
533	174	4	0
535	174	4	0
536	174	5	0
537	174	3	0
538	174	4	0
541	174	4	0
543	174	4	0
545	174	4	0
551	174	4	0
553	174	4	0
554	174	5	0
559	174	4	0
561	174	4	0
562	174	5	0
567	174	1	0
571	174	4	0
573	174	4	0
577	174	5	0
586	174	4	0
588	174	3	0
592	174	5	0
593	174	4	0
600	174	4	0
601	174	4	0
603	174	3	0
605	174	3	0
606	174	5	0
607	174	3	0
608	174	3	0
617	174	1	0
618	174	5	0
619	174	4	0
620	174	5	0
621	174	3	0
622	174	4	0
625	174	4	0
627	174	3	0
629	174	5	0
630	174	3	0
632	174	5	0
638	174	5	0
639	174	4	0
640	174	5	0
642	174	5	0
643	174	4	0
645	174	4	0
647	174	4	0
648	174	5	0
650	174	4	0
653	174	5	0
654	174	5	0
655	174	3	0
659	174	4	0
660	174	4	0
661	174	5	0
663	174	5	0
664	174	5	0
666	174	3	0
669	174	3	0
670	174	4	0
671	174	5	0
676	174	5	0
679	174	3	0
682	174	4	0
686	174	4	0
690	174	4	0
693	174	4	0
694	174	5	0
698	174	3	0
700	174	4	0
705	174	5	0
707	174	2	0
709	174	5	0
710	174	4	0
712	174	5	0
715	174	4	0
716	174	5	0
721	174	5	0
723	174	4	0
727	174	4	0
734	174	4	0
737	174	2	0
738	174	5	0
741	174	5	0
744	174	4	0
745	174	3	0
746	174	5	0
747	174	5	0
748	174	5	0
749	174	5	0
751	174	4	0
753	174	4	0
757	174	5	0
758	174	5	0
763	174	4	0
764	174	5	0
766	174	3	0
773	174	3	0
774	174	3	0
776	174	5	0
778	174	4	0
780	174	5	0
781	174	5	0
785	174	5	0
786	174	4	0
788	174	2	0
790	174	4	0
795	174	4	0
796	174	5	0
798	174	4	0
799	174	5	0
804	174	5	0
805	174	3	0
806	174	5	0
807	174	5	0
815	174	4	0
821	174	5	0
823	174	5	0
825	174	5	0
826	174	5	0
830	174	5	0
831	174	5	0
833	174	2	0
835	174	5	0
836	174	5	0
838	174	4	0
840	174	4	0
843	174	4	0
844	174	4	0
846	174	5	0
847	174	4	0
848	174	5	0
849	174	5	0
850	174	5	0
851	174	5	0
854	174	3	0
862	174	5	0
864	174	5	0
867	174	5	0
868	174	5	0
870	174	5	0
871	174	5	0
875	174	5	0
876	174	4	0
878	174	3	0
880	174	4	0
881	174	5	0
882	174	5	0
883	174	4	0
885	174	5	0
886	174	5	0
889	174	4	0
890	174	5	0
892	174	5	0
896	174	5	0
897	174	5	0
899	174	5	0
901	174	5	0
908	174	3	0
910	174	5	0
911	174	4	0
912	174	3	0
913	174	5	0
916	174	5	0
918	174	3	0
919	174	4	0
921	174	5	0
922	174	5	0
923	174	5	0
924	174	5	0
927	174	3	0
929	174	3	0
930	174	3	0
932	174	4	0
933	174	4	0
934	174	5	0
940	174	4	0
942	174	5	0
943	174	4	0
1	176	5	0
5	176	3	0
7	176	3	0
8	176	5	0
10	176	4	0
11	176	3	0
13	176	3	0
14	176	1	0
20	176	2	0
22	176	5	0
23	176	3	0
24	176	5	0
25	176	4	0
28	176	5	0
37	176	4	0
42	176	3	0
44	176	5	0
56	176	5	0
58	176	4	0
59	176	5	0
60	176	4	0
62	176	5	0
64	176	4	0
70	176	4	0
72	176	2	0
77	176	4	0
91	176	5	0
92	176	5	0
94	176	4	0
95	176	3	0
96	176	4	0
102	176	3	0
109	176	5	0
114	176	5	0
115	176	5	0
117	176	5	0
118	176	5	0
125	176	5	0
130	176	5	0
135	176	4	0
142	176	5	0
144	176	4	0
145	176	5	0
151	176	2	0
158	176	4	0
165	176	4	0
175	176	3	0
177	176	4	0
178	176	4	0
183	176	3	0
184	176	4	0
188	176	4	0
189	176	4	0
197	176	5	0
198	176	4	0
200	176	5	0
201	176	4	0
210	176	4	0
213	176	4	0
215	176	5	0
217	176	4	0
218	176	5	0
222	176	4	0
226	176	4	0
230	176	4	0
234	176	3	0
236	176	2	0
237	176	3	0
246	176	4	0
248	176	5	0
249	176	4	0
254	176	3	0
259	176	4	0
263	176	5	0
267	176	5	0
268	176	5	0
269	176	2	0
270	176	4	0
271	176	3	0
275	176	4	0
276	176	5	0
279	176	3	0
280	176	3	0
286	176	4	0
288	176	4	0
290	176	4	0
292	176	5	0
293	176	4	0
297	176	4	0
299	176	4	0
301	176	4	0
303	176	5	0
305	176	4	0
308	176	4	0
311	176	4	0
312	176	4	0
313	176	4	0
315	176	4	0
320	176	4	0
325	176	3	0
326	176	2	0
327	176	4	0
328	176	5	0
334	176	3	0
339	176	4	0
343	176	5	0
344	176	5	0
346	176	4	0
347	176	3	0
350	176	4	0
352	176	5	0
361	176	4	0
363	176	4	0
367	176	5	0
370	176	4	0
371	176	4	0
372	176	3	0
374	176	4	0
375	176	4	0
378	176	4	0
379	176	5	0
380	176	3	0
381	176	4	0
385	176	2	0
387	176	3	0
389	176	4	0
391	176	3	0
394	176	5	0
398	176	4	0
399	176	3	0
405	176	1	0
406	176	5	0
407	176	4	0
416	176	4	0
417	176	5	0
421	176	5	0
425	176	3	0
429	176	3	0
435	176	5	0
437	176	2	0
442	176	5	0
447	176	4	0
450	176	4	0
455	176	3	0
457	176	5	0
464	176	4	0
466	176	4	0
472	176	5	0
474	176	5	0
479	176	4	0
484	176	4	0
487	176	5	0
488	176	4	0
493	176	5	0
495	176	5	0
497	176	4	0
498	176	2	0
499	176	4	0
503	176	5	0
504	176	3	0
505	176	4	0
506	176	5	0
508	176	4	0
514	176	4	0
521	176	4	0
527	176	2	0
530	176	3	0
533	176	1	0
536	176	3	0
537	176	2	0
538	176	4	0
543	176	4	0
545	176	4	0
548	176	4	0
551	176	4	0
557	176	4	0
561	176	4	0
567	176	5	0
573	176	3	0
575	176	4	0
577	176	5	0
586	176	3	0
592	176	5	0
600	176	5	0
601	176	2	0
603	176	2	0
605	176	4	0
606	176	5	0
610	176	4	0
613	176	5	0
618	176	4	0
619	176	5	0
621	176	3	0
622	176	4	0
625	176	4	0
627	176	5	0
632	176	3	0
633	176	3	0
638	176	3	0
643	176	5	0
648	176	4	0
650	176	4	0
653	176	3	0
655	176	2	0
659	176	4	0
660	176	3	0
663	176	5	0
664	176	4	0
666	176	4	0
671	176	2	0
682	176	4	0
686	176	3	0
693	176	2	0
694	176	5	0
698	176	4	0
709	176	4	0
715	176	5	0
716	176	3	0
727	176	4	0
738	176	5	0
739	176	1	0
746	176	5	0
747	176	4	0
748	176	5	0
749	176	4	0
756	176	4	0
757	176	5	0
758	176	5	0
763	176	4	0
764	176	4	0
766	176	2	0
767	176	3	0
773	176	4	0
774	176	4	0
786	176	4	0
788	176	5	0
790	176	3	0
796	176	5	0
802	176	5	0
804	176	4	0
805	176	4	0
806	176	5	0
815	176	4	0
823	176	4	0
825	176	5	0
826	176	5	0
830	176	3	0
833	176	2	0
835	176	4	0
840	176	3	0
843	176	4	0
844	176	3	0
846	176	4	0
847	176	3	0
848	176	4	0
851	176	4	0
854	176	3	0
862	176	5	0
864	176	5	0
867	176	3	0
868	176	4	0
875	176	4	0
877	176	5	0
880	176	5	0
881	176	4	0
882	176	4	0
883	176	4	0
886	176	4	0
887	176	5	0
890	176	4	0
892	176	5	0
896	176	5	0
897	176	5	0
899	176	4	0
902	176	5	0
911	176	4	0
913	176	5	0
916	176	4	0
922	176	3	0
928	176	3	0
930	176	3	0
932	176	5	0
933	176	3	0
940	176	4	0
1	182	4	0
6	182	4	0
7	182	4	0
8	182	5	0
10	182	5	0
13	182	5	0
16	182	5	0
18	182	4	0
29	182	4	0
49	182	3	0
51	182	3	0
58	182	4	0
59	182	5	0
62	182	5	0
64	182	4	0
69	182	4	0
72	182	5	0
76	182	4	0
85	182	4	0
87	182	4	0
90	182	3	0
91	182	4	0
92	182	4	0
94	182	5	0
95	182	2	0
96	182	4	0
99	182	4	0
102	182	3	0
114	182	3	0
119	182	4	0
123	182	4	0
128	182	4	0
138	182	4	0
144	182	3	0
145	182	5	0
153	182	5	0
154	182	5	0
158	182	5	0
160	182	5	0
177	182	5	0
184	182	4	0
193	182	4	0
194	182	3	0
197	182	3	0
198	182	4	0
201	182	4	0
207	182	3	0
210	182	5	0
213	182	4	0
214	182	4	0
215	182	3	0
216	182	4	0
217	182	2	0
222	182	4	0
226	182	1	0
230	182	2	0
234	182	3	0
249	182	5	0
253	182	3	0
256	182	4	0
264	182	5	0
267	182	5	0
268	182	4	0
269	182	4	0
271	182	3	0
276	182	5	0
280	182	3	0
288	182	4	0
293	182	5	0
297	182	3	0
299	182	3	0
301	182	5	0
303	182	5	0
308	182	5	0
313	182	4	0
318	182	4	0
321	182	3	0
322	182	5	0
325	182	3	0
326	182	2	0
327	182	4	0
328	182	2	0
331	182	4	0
332	182	5	0
334	182	3	0
339	182	5	0
342	182	5	0
346	182	5	0
347	182	5	0
352	182	5	0
363	182	1	0
374	182	5	0
378	182	4	0
380	182	3	0
383	182	5	0
385	182	5	0
387	182	5	0
389	182	5	0
391	182	4	0
397	182	5	0
398	182	4	0
399	182	4	0
402	182	5	0
405	182	1	0
406	182	4	0
407	182	4	0
411	182	3	0
412	182	4	0
416	182	4	0
417	182	4	0
421	182	5	0
426	182	2	0
429	182	4	0
435	182	4	0
436	182	5	0
437	182	2	0
442	182	4	0
450	182	5	0
454	182	3	0
456	182	3	0
457	182	4	0
458	182	4	0
466	182	4	0
468	182	5	0
474	182	5	0
478	182	5	0
479	182	4	0
488	182	3	0
493	182	5	0
495	182	5	0
497	182	4	0
498	182	4	0
499	182	2	0
500	182	2	0
503	182	3	0
505	182	1	0
506	182	5	0
521	182	3	0
524	182	5	0
527	182	5	0
533	182	3	0
535	182	3	0
537	182	4	0
538	182	4	0
545	182	3	0
551	182	5	0
553	182	3	0
559	182	4	0
561	182	3	0
566	182	4	0
567	182	5	0
573	182	4	0
575	182	3	0
586	182	3	0
591	182	3	0
592	182	5	0
593	182	2	0
600	182	4	0
608	182	4	0
618	182	4	0
619	182	4	0
627	182	4	0
629	182	5	0
632	182	3	0
640	182	5	0
645	182	5	0
650	182	3	0
653	182	3	0
655	182	4	0
658	182	5	0
659	182	4	0
660	182	2	0
663	182	5	0
664	182	4	0
666	182	4	0
667	182	5	0
671	182	4	0
682	182	4	0
686	182	5	0
691	182	5	0
709	182	4	0
710	182	4	0
715	182	5	0
745	182	2	0
747	182	5	0
748	182	4	0
749	182	3	0
753	182	3	0
766	182	4	0
773	182	4	0
774	182	4	0
776	182	3	0
788	182	2	0
795	182	4	0
796	182	4	0
804	182	4	0
806	182	5	0
815	182	3	0
819	182	4	0
823	182	4	0
826	182	4	0
833	182	5	0
840	182	4	0
843	182	2	0
846	182	5	0
851	182	5	0
862	182	5	0
864	182	3	0
867	182	4	0
870	182	5	0
871	182	5	0
874	182	4	0
880	182	5	0
881	182	3	0
886	182	4	0
889	182	4	0
892	182	5	0
896	182	4	0
897	182	4	0
903	182	5	0
907	182	5	0
910	182	4	0
916	182	3	0
929	182	4	0
933	182	4	0
943	182	5	0
1	183	5	0
5	183	4	0
6	183	4	0
7	183	4	0
8	183	5	0
10	183	5	0
13	183	4	0
16	183	5	0
23	183	3	0
25	183	4	0
37	183	4	0
42	183	4	0
44	183	4	0
48	183	5	0
56	183	5	0
59	183	5	0
60	183	5	0
62	183	4	0
64	183	5	0
70	183	4	0
73	183	4	0
77	183	5	0
82	183	3	0
87	183	4	0
91	183	5	0
92	183	4	0
94	183	5	0
95	183	5	0
96	183	4	0
97	183	5	0
102	183	4	0
109	183	5	0
114	183	5	0
115	183	5	0
130	183	5	0
135	183	4	0
137	183	5	0
144	183	4	0
145	183	5	0
151	183	3	0
158	183	3	0
172	183	5	0
175	183	4	0
177	183	4	0
178	183	4	0
184	183	4	0
194	183	3	0
197	183	5	0
198	183	5	0
200	183	5	0
201	183	4	0
207	183	2	0
215	183	5	0
217	183	3	0
218	183	5	0
222	183	4	0
230	183	3	0
234	183	4	0
236	183	2	0
237	183	5	0
239	183	5	0
244	183	4	0
248	183	5	0
249	183	4	0
250	183	4	0
251	183	5	0
253	183	5	0
254	183	4	0
263	183	4	0
264	183	5	0
267	183	4	0
268	183	4	0
269	183	3	0
270	183	5	0
272	183	4	0
275	183	3	0
276	183	5	0
280	183	3	0
285	183	4	0
286	183	4	0
290	183	4	0
292	183	5	0
293	183	4	0
295	183	1	0
297	183	4	0
298	183	3	0
301	183	3	0
303	183	5	0
305	183	4	0
307	183	3	0
308	183	4	0
311	183	5	0
312	183	5	0
313	183	5	0
315	183	3	0
316	183	1	0
320	183	4	0
325	183	3	0
326	183	5	0
327	183	3	0
328	183	5	0
334	183	4	0
339	183	4	0
344	183	5	0
346	183	4	0
347	183	3	0
350	183	3	0
352	183	5	0
361	183	4	0
363	183	4	0
367	183	5	0
368	183	5	0
370	183	4	0
371	183	5	0
372	183	5	0
374	183	4	0
375	183	5	0
378	183	4	0
379	183	4	0
380	183	4	0
382	183	3	0
385	183	3	0
387	183	4	0
394	183	4	0
397	183	4	0
398	183	4	0
405	183	1	0
406	183	5	0
407	183	4	0
416	183	5	0
417	183	4	0
421	183	5	0
425	183	3	0
429	183	4	0
435	183	5	0
437	183	3	0
445	183	2	0
447	183	5	0
450	183	4	0
452	183	4	0
455	183	4	0
457	183	5	0
458	183	4	0
466	183	3	0
472	183	5	0
474	183	5	0
479	183	5	0
480	183	4	0
484	183	4	0
487	183	5	0
488	183	4	0
493	183	5	0
494	183	5	0
495	183	5	0
496	183	2	0
497	183	4	0
498	183	4	0
499	183	4	0
500	183	4	0
503	183	5	0
504	183	3	0
505	183	3	0
506	183	5	0
508	183	5	0
512	183	5	0
514	183	3	0
521	183	3	0
527	183	5	0
530	183	4	0
536	183	3	0
537	183	3	0
538	183	4	0
543	183	4	0
545	183	4	0
548	183	5	0
551	183	4	0
560	183	5	0
561	183	5	0
567	183	4	0
573	183	3	0
577	183	5	0
579	183	4	0
586	183	4	0
592	183	5	0
593	183	4	0
600	183	5	0
601	183	4	0
603	183	4	0
604	183	3	0
606	183	5	0
610	183	4	0
617	183	4	0
618	183	4	0
619	183	5	0
621	183	4	0
622	183	4	0
623	183	3	0
625	183	3	0
627	183	5	0
632	183	4	0
633	183	4	0
638	183	4	0
643	183	5	0
645	183	4	0
648	183	5	0
650	183	4	0
653	183	3	0
655	183	4	0
659	183	4	0
660	183	2	0
661	183	4	0
663	183	4	0
664	183	3	0
665	183	4	0
666	183	5	0
669	183	3	0
682	183	3	0
693	183	2	0
694	183	5	0
698	183	3	0
705	183	2	0
709	183	5	0
715	183	3	0
716	183	2	0
727	183	3	0
731	183	1	0
738	183	5	0
745	183	3	0
746	183	4	0
747	183	5	0
748	183	4	0
749	183	5	0
753	183	1	0
756	183	4	0
757	183	4	0
758	183	5	0
760	183	2	0
766	183	4	0
767	183	4	0
773	183	4	0
774	183	4	0
780	183	2	0
785	183	5	0
786	183	4	0
788	183	5	0
790	183	4	0
796	183	5	0
802	183	5	0
804	183	4	0
805	183	5	0
815	183	5	0
823	183	4	0
826	183	5	0
830	183	4	0
833	183	5	0
835	183	4	0
840	183	5	0
843	183	5	0
846	183	4	0
847	183	4	0
848	183	3	0
862	183	5	0
864	183	4	0
867	183	3	0
868	183	5	0
871	183	3	0
875	183	5	0
881	183	4	0
882	183	4	0
883	183	5	0
886	183	5	0
887	183	1	0
889	183	3	0
890	183	3	0
892	183	5	0
896	183	4	0
897	183	5	0
900	183	3	0
903	183	4	0
908	183	4	0
910	183	4	0
911	183	4	0
913	183	4	0
916	183	4	0
919	183	3	0
922	183	3	0
932	183	4	0
933	183	4	0
934	183	2	0
940	183	3	0
942	183	3	0
1	188	3	0
6	188	3	0
7	188	5	0
8	188	5	0
13	188	4	0
18	188	3	0
23	188	3	0
38	188	2	0
41	188	4	0
59	188	4	0
62	188	3	0
64	188	4	0
72	188	4	0
73	188	5	0
85	188	2	0
87	188	4	0
94	188	4	0
95	188	3	0
102	188	2	0
110	188	4	0
118	188	5	0
119	188	4	0
130	188	4	0
158	188	4	0
194	188	4	0
197	188	3	0
198	188	5	0
200	188	4	0
201	188	4	0
207	188	3	0
210	188	3	0
214	188	5	0
216	188	5	0
222	188	3	0
234	188	2	0
235	188	4	0
244	188	4	0
249	188	4	0
253	188	4	0
254	188	3	0
256	188	5	0
263	188	5	0
267	188	5	0
268	188	4	0
269	188	2	0
271	188	2	0
275	188	2	0
276	188	4	0
291	188	3	0
293	188	3	0
295	188	3	0
305	188	2	0
311	188	4	0
312	188	3	0
318	188	3	0
320	188	4	0
322	188	3	0
325	188	2	0
327	188	5	0
328	188	5	0
339	188	4	0
342	188	3	0
343	188	4	0
346	188	4	0
347	188	5	0
363	188	4	0
379	188	4	0
383	188	5	0
387	188	5	0
391	188	3	0
399	188	4	0
401	188	1	0
405	188	1	0
406	188	4	0
407	188	3	0
417	188	4	0
425	188	3	0
429	188	4	0
435	188	4	0
442	188	3	0
450	188	3	0
452	188	4	0
453	188	4	0
456	188	4	0
466	188	3	0
474	188	5	0
478	188	4	0
479	188	2	0
487	188	4	0
493	188	5	0
495	188	4	0
497	188	3	0
508	188	4	0
514	188	5	0
521	188	4	0
535	188	3	0
536	188	3	0
537	188	4	0
538	188	4	0
543	188	4	0
545	188	2	0
551	188	5	0
559	188	5	0
561	188	4	0
567	188	5	0
577	188	3	0
586	188	2	0
592	188	5	0
600	188	4	0
606	188	4	0
619	188	4	0
625	188	4	0
627	188	4	0
632	188	4	0
638	188	3	0
645	188	4	0
648	188	5	0
650	188	3	0
653	188	5	0
655	188	3	0
659	188	3	0
665	188	4	0
666	188	5	0
671	188	2	0
682	188	4	0
693	188	2	0
694	188	5	0
727	188	3	0
738	188	3	0
744	188	3	0
745	188	3	0
747	188	5	0
748	188	4	0
749	188	3	0
757	188	3	0
766	188	4	0
773	188	3	0
774	188	3	0
786	188	5	0
788	188	4	0
790	188	4	0
796	188	2	0
804	188	4	0
806	188	3	0
815	188	3	0
823	188	5	0
826	188	4	0
833	188	4	0
843	188	2	0
846	188	3	0
854	188	4	0
862	188	5	0
864	188	3	0
867	188	4	0
868	188	3	0
870	188	5	0
880	188	4	0
881	188	4	0
885	188	3	0
886	188	4	0
889	188	5	0
892	188	5	0
896	188	3	0
897	188	5	0
899	188	2	0
903	188	5	0
916	188	3	0
929	188	4	0
932	188	3	0
943	188	4	0
1	195	5	0
6	195	4	0
7	195	5	0
8	195	5	0
10	195	4	0
12	195	4	0
13	195	3	0
14	195	5	0
16	195	5	0
18	195	3	0
22	195	4	0
23	195	4	0
25	195	4	0
28	195	4	0
37	195	5	0
38	195	1	0
41	195	4	0
42	195	5	0
44	195	5	0
48	195	5	0
56	195	5	0
57	195	3	0
58	195	4	0
59	195	5	0
60	195	4	0
62	195	5	0
64	195	5	0
72	195	5	0
77	195	5	0
85	195	3	0
87	195	5	0
91	195	5	0
92	195	5	0
94	195	3	0
95	195	5	0
96	195	5	0
97	195	5	0
102	195	4	0
109	195	5	0
110	195	2	0
114	195	4	0
116	195	4	0
117	195	5	0
124	195	4	0
125	195	5	0
130	195	5	0
137	195	5	0
144	195	5	0
145	195	5	0
151	195	3	0
158	195	5	0
159	195	3	0
160	195	4	0
175	195	3	0
177	195	4	0
178	195	4	0
188	195	3	0
193	195	1	0
194	195	3	0
197	195	5	0
198	195	3	0
200	195	5	0
201	195	3	0
202	195	4	0
207	195	3	0
210	195	4	0
213	195	5	0
214	195	4	0
215	195	5	0
217	195	5	0
222	195	4	0
230	195	3	0
234	195	2	0
235	195	4	0
236	195	2	0
239	195	5	0
246	195	3	0
249	195	4	0
250	195	2	0
256	195	5	0
262	195	2	0
263	195	5	0
267	195	4	0
268	195	4	0
269	195	3	0
276	195	5	0
279	195	4	0
280	195	3	0
286	195	4	0
291	195	4	0
292	195	5	0
293	195	3	0
297	195	1	0
298	195	4	0
301	195	5	0
303	195	4	0
305	195	3	0
307	195	3	0
308	195	5	0
311	195	4	0
312	195	5	0
313	195	5	0
320	195	5	0
325	195	2	0
326	195	4	0
327	195	4	0
328	195	3	0
330	195	3	0
332	195	5	0
339	195	3	0
344	195	5	0
346	195	5	0
347	195	4	0
350	195	5	0
352	195	4	0
360	195	3	0
363	195	4	0
370	195	4	0
373	195	4	0
374	195	3	0
378	195	3	0
379	195	3	0
385	195	1	0
387	195	4	0
391	195	2	0
393	195	3	0
394	195	5	0
397	195	3	0
399	195	2	0
405	195	5	0
406	195	5	0
407	195	4	0
409	195	4	0
411	195	3	0
412	195	4	0
415	195	5	0
416	195	5	0
417	195	5	0
425	195	4	0
429	195	4	0
435	195	5	0
437	195	2	0
442	195	4	0
445	195	2	0
450	195	4	0
452	195	4	0
454	195	4	0
457	195	5	0
458	195	4	0
466	195	4	0
468	195	5	0
472	195	5	0
474	195	5	0
478	195	4	0
479	195	4	0
483	195	3	0
484	195	5	0
487	195	4	0
493	195	3	0
495	195	5	0
496	195	4	0
497	195	4	0
504	195	4	0
505	195	3	0
506	195	4	0
508	195	3	0
514	195	5	0
521	195	4	0
524	195	2	0
530	195	3	0
532	195	5	0
533	195	4	0
535	195	4	0
536	195	4	0
537	195	3	0
538	195	4	0
542	195	3	0
543	195	4	0
545	195	4	0
551	195	5	0
555	195	4	0
559	195	3	0
561	195	3	0
567	195	3	0
583	195	4	0
586	195	4	0
592	195	4	0
600	195	4	0
601	195	3	0
606	195	5	0
608	195	1	0
610	195	3	0
618	195	3	0
619	195	5	0
622	195	5	0
625	195	4	0
627	195	4	0
629	195	4	0
630	195	4	0
632	195	5	0
633	195	4	0
638	195	4	0
640	195	4	0
642	195	3	0
643	195	5	0
645	195	4	0
648	195	5	0
650	195	4	0
653	195	5	0
654	195	4	0
655	195	3	0
658	195	3	0
659	195	4	0
660	195	4	0
661	195	5	0
665	195	3	0
666	195	3	0
669	195	2	0
670	195	4	0
671	195	5	0
680	195	4	0
682	195	4	0
693	195	4	0
694	195	4	0
698	195	4	0
705	195	2	0
709	195	5	0
712	195	3	0
715	195	4	0
716	195	1	0
727	195	4	0
731	195	1	0
738	195	4	0
739	195	5	0
747	195	4	0
748	195	4	0
749	195	5	0
753	195	1	0
756	195	3	0
757	195	4	0
758	195	5	0
760	195	4	0
763	195	4	0
774	195	3	0
776	195	3	0
778	195	4	0
779	195	5	0
781	195	4	0
785	195	4	0
786	195	4	0
788	195	3	0
796	195	5	0
804	195	5	0
805	195	3	0
806	195	3	0
807	195	3	0
815	195	4	0
823	195	4	0
825	195	5	0
826	195	5	0
830	195	3	0
833	195	5	0
840	195	5	0
843	195	4	0
844	195	3	0
846	195	4	0
847	195	4	0
848	195	3	0
854	195	3	0
862	195	5	0
864	195	4	0
867	195	5	0
868	195	2	0
870	195	4	0
871	195	5	0
875	195	4	0
880	195	4	0
881	195	4	0
882	195	5	0
883	195	5	0
885	195	4	0
886	195	4	0
887	195	4	0
889	195	4	0
890	195	5	0
892	195	5	0
896	195	4	0
897	195	5	0
899	195	4	0
901	195	5	0
908	195	4	0
913	195	4	0
916	195	3	0
922	195	3	0
924	195	5	0
927	195	4	0
929	195	4	0
932	195	4	0
933	195	4	0
934	195	4	0
943	195	4	0
1	200	3	0
5	200	2	0
6	200	3	0
7	200	5	0
10	200	5	0
12	200	1	0
13	200	3	0
16	200	5	0
18	200	3	0
21	200	5	0
24	200	5	0
28	200	2	0
38	200	5	0
44	200	4	0
49	200	3	0
56	200	4	0
58	200	3	0
59	200	5	0
60	200	4	0
76	200	5	0
92	200	3	0
94	200	4	0
95	200	2	0
96	200	5	0
102	200	3	0
109	200	2	0
114	200	3	0
118	200	5	0
130	200	5	0
145	200	4	0
151	200	3	0
154	200	5	0
177	200	4	0
178	200	3	0
198	200	4	0
201	200	5	0
210	200	5	0
213	200	5	0
216	200	5	0
222	200	3	0
234	200	5	0
236	200	3	0
244	200	5	0
250	200	5	0
253	200	4	0
254	200	3	0
255	200	3	0
259	200	4	0
262	200	3	0
264	200	5	0
268	200	4	0
269	200	4	0
270	200	5	0
271	200	5	0
272	200	5	0
274	200	4	0
276	200	5	0
280	200	5	0
287	200	4	0
288	200	4	0
291	200	4	0
293	200	4	0
297	200	3	0
298	200	3	0
303	200	4	0
305	200	3	0
307	200	3	0
308	200	5	0
311	200	4	0
313	200	3	0
325	200	2	0
326	200	2	0
327	200	4	0
328	200	4	0
330	200	5	0
334	200	4	0
339	200	5	0
343	200	2	0
345	200	4	0
347	200	4	0
363	200	3	0
366	200	5	0
367	200	4	0
372	200	5	0
374	200	5	0
377	200	5	0
378	200	3	0
379	200	4	0
380	200	4	0
383	200	5	0
385	200	3	0
387	200	5	0
388	200	5	0
391	200	5	0
392	200	3	0
405	200	2	0
407	200	4	0
409	200	2	0
416	200	5	0
417	200	4	0
421	200	3	0
422	200	5	0
425	200	4	0
426	200	2	0
429	200	3	0
435	200	5	0
436	200	3	0
437	200	4	0
447	200	3	0
450	200	3	0
455	200	5	0
456	200	4	0
457	200	5	0
468	200	4	0
472	200	4	0
474	200	3	0
479	200	5	0
488	200	2	0
495	200	5	0
497	200	3	0
504	200	4	0
506	200	4	0
508	200	4	0
514	200	2	0
522	200	4	0
527	200	3	0
537	200	3	0
543	200	4	0
546	200	5	0
551	200	4	0
561	200	4	0
577	200	3	0
583	200	5	0
586	200	4	0
593	200	5	0
604	200	1	0
606	200	5	0
617	200	5	0
618	200	5	0
621	200	4	0
625	200	3	0
629	200	4	0
643	200	3	0
645	200	5	0
648	200	2	0
650	200	4	0
653	200	4	0
655	200	4	0
661	200	3	0
665	200	4	0
666	200	5	0
694	200	4	0
707	200	2	0
709	200	4	0
710	200	4	0
711	200	4	0
716	200	4	0
738	200	3	0
748	200	3	0
749	200	4	0
758	200	5	0
763	200	4	0
764	200	4	0
773	200	4	0
774	200	2	0
776	200	4	0
778	200	5	0
786	200	5	0
788	200	4	0
795	200	3	0
796	200	5	0
802	200	4	0
804	200	3	0
805	200	5	0
806	200	4	0
814	200	4	0
815	200	5	0
833	200	4	0
835	200	4	0
843	200	3	0
846	200	4	0
847	200	3	0
848	200	2	0
854	200	5	0
862	200	5	0
864	200	4	0
868	200	3	0
880	200	4	0
881	200	2	0
886	200	3	0
887	200	1	0
890	200	4	0
896	200	4	0
897	200	5	0
899	200	4	0
900	200	2	0
908	200	2	0
913	200	5	0
919	200	4	0
922	200	3	0
924	200	4	0
925	200	2	0
933	200	4	0
940	200	3	0
942	200	4	0
943	200	4	0
1	210	4	0
4	210	3	0
5	210	3	0
7	210	4	0
8	210	4	0
13	210	3	0
14	210	5	0
18	210	5	0
19	210	3	0
20	210	4	0
22	210	3	0
37	210	4	0
42	210	5	0
43	210	5	0
48	210	3	0
51	210	4	0
56	210	5	0
58	210	4	0
59	210	4	0
60	210	4	0
62	210	4	0
64	210	3	0
65	210	4	0
70	210	4	0
72	210	4	0
77	210	3	0
81	210	4	0
83	210	5	0
85	210	3	0
87	210	5	0
91	210	5	0
92	210	4	0
94	210	4	0
95	210	5	0
98	210	4	0
99	210	5	0
102	210	3	0
106	210	4	0
109	210	5	0
114	210	3	0
117	210	4	0
118	210	5	0
119	210	5	0
125	210	5	0
128	210	4	0
130	210	5	0
137	210	5	0
151	210	4	0
158	210	4	0
161	210	2	0
174	210	4	0
177	210	4	0
178	210	5	0
183	210	3	0
184	210	4	0
187	210	4	0
188	210	4	0
193	210	4	0
194	210	3	0
197	210	5	0
198	210	4	0
200	210	5	0
201	210	2	0
207	210	3	0
210	210	5	0
215	210	4	0
216	210	4	0
217	210	4	0
221	210	5	0
222	210	4	0
230	210	5	0
234	210	3	0
236	210	2	0
239	210	4	0
245	210	3	0
246	210	3	0
248	210	3	0
249	210	3	0
251	210	4	0
253	210	4	0
254	210	5	0
256	210	4	0
259	210	4	0
262	210	3	0
263	210	3	0
264	210	5	0
267	210	4	0
268	210	3	0
269	210	1	0
271	210	4	0
272	210	5	0
275	210	4	0
276	210	4	0
279	210	4	0
280	210	2	0
283	210	5	0
286	210	5	0
288	210	3	0
290	210	5	0
291	210	5	0
293	210	3	0
295	210	4	0
296	210	3	0
297	210	4	0
298	210	5	0
299	210	4	0
301	210	4	0
303	210	4	0
305	210	3	0
307	210	2	0
308	210	4	0
311	210	5	0
313	210	4	0
318	210	4	0
320	210	5	0
323	210	4	0
325	210	2	0
326	210	3	0
327	210	3	0
330	210	5	0
332	210	5	0
334	210	3	0
336	210	5	0
344	210	4	0
345	210	4	0
346	210	4	0
347	210	4	0
350	210	4	0
352	210	3	0
354	210	3	0
360	210	4	0
363	210	4	0
370	210	3	0
371	210	4	0
373	210	5	0
374	210	4	0
378	210	4	0
379	210	4	0
385	210	1	0
387	210	4	0
389	210	2	0
393	210	4	0
394	210	4	0
395	210	5	0
397	210	4	0
399	210	3	0
401	210	4	0
405	210	5	0
406	210	5	0
407	210	4	0
409	210	4	0
411	210	5	0
416	210	5	0
417	210	3	0
425	210	3	0
429	210	4	0
435	210	4	0
437	210	3	0
442	210	3	0
450	210	3	0
452	210	4	0
453	210	4	0
454	210	4	0
456	210	3	0
457	210	5	0
466	210	4	0
472	210	5	0
474	210	5	0
476	210	4	0
479	210	4	0
481	210	4	0
484	210	5	0
487	210	4	0
488	210	4	0
493	210	5	0
495	210	5	0
497	210	4	0
498	210	2	0
499	210	3	0
500	210	3	0
503	210	5	0
504	210	4	0
505	210	4	0
506	210	5	0
508	210	4	0
513	210	5	0
514	210	5	0
521	210	3	0
523	210	5	0
524	210	3	0
527	210	4	0
528	210	5	0
532	210	5	0
533	210	5	0
535	210	5	0
536	210	5	0
537	210	3	0
538	210	3	0
541	210	5	0
542	210	3	0
543	210	3	0
545	210	5	0
551	210	4	0
559	210	4	0
561	210	3	0
563	210	4	0
566	210	4	0
576	210	4	0
577	210	3	0
579	210	3	0
586	210	4	0
588	210	4	0
591	210	3	0
593	210	2	0
600	210	4	0
601	210	4	0
603	210	4	0
605	210	3	0
606	210	3	0
610	210	3	0
618	210	3	0
622	210	3	0
623	210	5	0
625	210	3	0
627	210	3	0
629	210	5	0
632	210	5	0
638	210	4	0
639	210	3	0
640	210	5	0
642	210	5	0
643	210	4	0
648	210	4	0
650	210	3	0
653	210	4	0
654	210	5	0
655	210	3	0
659	210	5	0
660	210	4	0
661	210	5	0
663	210	3	0
664	210	4	0
665	210	4	0
666	210	2	0
667	210	3	0
668	210	5	0
671	210	5	0
682	210	4	0
684	210	3	0
690	210	3	0
693	210	3	0
694	210	4	0
698	210	5	0
704	210	4	0
705	210	5	0
709	210	4	0
710	210	4	0
712	210	5	0
716	210	5	0
727	210	3	0
734	210	3	0
738	210	5	0
741	210	3	0
746	210	5	0
747	210	4	0
748	210	3	0
749	210	4	0
751	210	5	0
756	210	4	0
757	210	4	0
758	210	4	0
763	210	3	0
773	210	2	0
774	210	1	0
780	210	5	0
781	210	4	0
786	210	4	0
790	210	4	0
795	210	4	0
796	210	3	0
798	210	4	0
804	210	5	0
805	210	3	0
806	210	5	0
807	210	4	0
815	210	2	0
823	210	4	0
826	210	5	0
830	210	5	0
831	210	5	0
835	210	5	0
836	210	4	0
838	210	4	0
840	210	3	0
843	210	3	0
844	210	4	0
846	210	5	0
847	210	3	0
848	210	5	0
850	210	5	0
862	210	4	0
864	210	4	0
867	210	5	0
868	210	5	0
870	210	4	0
871	210	5	0
880	210	4	0
882	210	4	0
883	210	4	0
885	210	5	0
887	210	5	0
889	210	4	0
890	210	4	0
892	210	4	0
896	210	4	0
897	210	5	0
901	210	4	0
903	210	4	0
910	210	4	0
911	210	3	0
913	210	2	0
916	210	4	0
921	210	4	0
922	210	3	0
927	210	5	0
930	210	2	0
932	210	4	0
933	210	3	0
934	210	4	0
942	210	4	0
943	210	4	0
1	228	5	0
5	228	5	0
7	228	4	0
8	228	5	0
11	228	3	0
12	228	4	0
13	228	4	0
16	228	5	0
22	228	4	0
23	228	4	0
25	228	4	0
28	228	5	0
42	228	4	0
44	228	5	0
48	228	3	0
53	228	3	0
56	228	3	0
58	228	5	0
59	228	4	0
60	228	4	0
62	228	3	0
64	228	4	0
70	228	5	0
72	228	1	0
77	228	3	0
82	228	3	0
85	228	3	0
87	228	5	0
92	228	4	0
94	228	4	0
95	228	4	0
97	228	5	0
102	228	4	0
109	228	5	0
115	228	4	0
127	228	5	0
128	228	3	0
130	228	4	0
135	228	4	0
145	228	4	0
148	228	4	0
151	228	5	0
158	228	5	0
160	228	2	0
178	228	5	0
183	228	4	0
194	228	1	0
197	228	4	0
198	228	3	0
200	228	5	0
201	228	3	0
211	228	3	0
215	228	5	0
216	228	3	0
222	228	5	0
230	228	2	0
234	228	3	0
239	228	2	0
246	228	3	0
249	228	4	0
254	228	4	0
256	228	3	0
267	228	5	0
268	228	4	0
275	228	4	0
276	228	4	0
279	228	4	0
280	228	3	0
286	228	3	0
290	228	4	0
292	228	5	0
293	228	3	0
295	228	4	0
296	228	4	0
297	228	2	0
299	228	3	0
301	228	3	0
303	228	4	0
305	228	2	0
307	228	5	0
311	228	5	0
312	228	3	0
313	228	3	0
326	228	4	0
327	228	4	0
328	228	3	0
330	228	5	0
332	228	5	0
334	228	5	0
337	228	5	0
339	228	4	0
343	228	5	0
344	228	4	0
350	228	4	0
352	228	3	0
361	228	4	0
363	228	3	0
373	228	4	0
374	228	5	0
380	228	3	0
381	228	4	0
387	228	5	0
391	228	2	0
393	228	3	0
394	228	5	0
398	228	5	0
399	228	2	0
402	228	3	0
405	228	1	0
406	228	3	0
407	228	4	0
411	228	3	0
417	228	3	0
425	228	4	0
429	228	2	0
435	228	4	0
442	228	5	0
447	228	4	0
450	228	4	0
454	228	3	0
455	228	4	0
456	228	3	0
457	228	5	0
472	228	5	0
479	228	4	0
483	228	5	0
484	228	5	0
488	228	4	0
495	228	5	0
496	228	1	0
497	228	3	0
498	228	2	0
505	228	2	0
506	228	5	0
508	228	5	0
514	228	5	0
521	228	4	0
524	228	3	0
532	228	5	0
533	228	4	0
536	228	5	0
537	228	3	0
545	228	5	0
551	228	5	0
554	228	5	0
561	228	3	0
566	228	2	0
577	228	3	0
579	228	3	0
584	228	5	0
586	228	3	0
600	228	3	0
601	228	5	0
603	228	3	0
606	228	5	0
622	228	5	0
623	228	3	0
627	228	4	0
632	228	3	0
638	228	3	0
643	228	4	0
645	228	3	0
648	228	5	0
650	228	4	0
653	228	4	0
655	228	3	0
660	228	3	0
661	228	5	0
664	228	4	0
670	228	5	0
682	228	4	0
693	228	2	0
694	228	4	0
698	228	3	0
702	228	5	0
705	228	3	0
709	228	3	0
711	228	3	0
712	228	3	0
715	228	3	0
716	228	4	0
721	228	5	0
727	228	4	0
738	228	5	0
741	228	2	0
746	228	4	0
747	228	4	0
748	228	3	0
749	228	5	0
756	228	3	0
757	228	4	0
758	228	3	0
766	228	3	0
773	228	3	0
774	228	4	0
786	228	4	0
788	228	3	0
790	228	3	0
796	228	5	0
798	228	3	0
804	228	4	0
805	228	3	0
806	228	4	0
807	228	4	0
815	228	5	0
823	228	3	0
826	228	3	0
830	228	3	0
838	228	4	0
843	228	4	0
844	228	3	0
846	228	5	0
847	228	4	0
850	228	5	0
851	228	4	0
862	228	5	0
864	228	5	0
867	228	5	0
868	228	5	0
877	228	4	0
880	228	3	0
881	228	3	0
882	228	5	0
883	228	4	0
886	228	4	0
887	228	4	0
890	228	4	0
892	228	3	0
896	228	5	0
897	228	4	0
899	228	3	0
901	228	5	0
902	228	3	0
911	228	4	0
913	228	5	0
916	228	3	0
921	228	3	0
922	228	4	0
924	228	4	0
927	228	5	0
932	228	4	0
933	228	4	0
934	228	4	0
943	228	3	0
1	234	4	0
5	234	2	0
7	234	5	0
10	234	4	0
13	234	5	0
16	234	5	0
18	234	3	0
21	234	5	0
23	234	2	0
28	234	4	0
38	234	5	0
42	234	4	0
56	234	4	0
59	234	5	0
60	234	4	0
64	234	4	0
69	234	5	0
72	234	4	0
80	234	3	0
83	234	4	0
85	234	4	0
90	234	4	0
91	234	5	0
92	234	4	0
94	234	5	0
95	234	2	0
96	234	4	0
102	234	3	0
103	234	3	0
109	234	4	0
115	234	5	0
118	234	5	0
130	234	5	0
135	234	4	0
144	234	4	0
145	234	5	0
148	234	3	0
151	234	4	0
152	234	4	0
160	234	5	0
163	234	3	0
169	234	4	0
175	234	5	0
178	234	4	0
188	234	4	0
189	234	5	0
193	234	3	0
194	234	3	0
195	234	5	0
198	234	3	0
200	234	4	0
201	234	5	0
210	234	4	0
213	234	4	0
215	234	4	0
216	234	4	0
222	234	2	0
230	234	4	0
232	234	3	0
233	234	4	0
234	234	4	0
239	234	3	0
244	234	3	0
248	234	4	0
250	234	3	0
253	234	4	0
254	234	4	0
255	234	5	0
256	234	5	0
262	234	3	0
263	234	4	0
264	234	4	0
268	234	4	0
269	234	1	0
270	234	5	0
271	234	5	0
272	234	4	0
274	234	5	0
276	234	5	0
279	234	2	0
280	234	3	0
286	234	3	0
288	234	4	0
290	234	3	0
291	234	4	0
292	234	5	0
293	234	5	0
297	234	3	0
303	234	5	0
308	234	3	0
311	234	4	0
312	234	5	0
313	234	4	0
315	234	3	0
316	234	1	0
322	234	4	0
325	234	3	0
326	234	3	0
327	234	5	0
328	234	4	0
331	234	4	0
332	234	5	0
339	234	4	0
343	234	1	0
345	234	4	0
346	234	2	0
352	234	4	0
361	234	4	0
363	234	3	0
366	234	1	0
367	234	4	0
368	234	3	0
371	234	5	0
372	234	5	0
374	234	4	0
375	234	5	0
377	234	5	0
378	234	4	0
379	234	5	0
380	234	2	0
385	234	1	0
389	234	4	0
391	234	4	0
398	234	4	0
399	234	3	0
402	234	4	0
405	234	5	0
406	234	4	0
407	234	3	0
416	234	5	0
417	234	4	0
421	234	5	0
422	234	4	0
425	234	3	0
429	234	4	0
430	234	4	0
435	234	4	0
436	234	3	0
437	234	4	0
442	234	4	0
447	234	4	0
450	234	3	0
452	234	3	0
453	234	3	0
454	234	3	0
455	234	4	0
456	234	3	0
457	234	5	0
458	234	4	0
472	234	4	0
474	234	5	0
479	234	5	0
480	234	4	0
484	234	4	0
488	234	4	0
493	234	5	0
495	234	5	0
497	234	2	0
498	234	4	0
500	234	3	0
503	234	5	0
504	234	3	0
506	234	5	0
508	234	4	0
514	234	3	0
524	234	4	0
527	234	5	0
532	234	5	0
533	234	2	0
536	234	4	0
537	234	3	0
538	234	3	0
541	234	5	0
543	234	4	0
545	234	3	0
546	234	4	0
548	234	4	0
551	234	4	0
561	234	3	0
562	234	5	0
566	234	3	0
567	234	3	0
568	234	3	0
577	234	3	0
579	234	3	0
586	234	3	0
588	234	5	0
592	234	5	0
593	234	2	0
601	234	1	0
604	234	5	0
606	234	4	0
608	234	5	0
617	234	3	0
618	234	4	0
620	234	3	0
623	234	4	0
629	234	4	0
632	234	3	0
633	234	4	0
638	234	4	0
642	234	1	0
643	234	4	0
648	234	5	0
650	234	4	0
653	234	3	0
655	234	3	0
659	234	4	0
664	234	3	0
665	234	3	0
666	234	3	0
667	234	2	0
671	234	4	0
682	234	3	0
686	234	4	0
690	234	4	0
693	234	2	0
696	234	4	0
699	234	3	0
709	234	5	0
710	234	4	0
712	234	2	0
715	234	4	0
716	234	5	0
727	234	2	0
738	234	4	0
741	234	4	0
747	234	5	0
748	234	4	0
749	234	4	0
756	234	3	0
758	234	4	0
763	234	3	0
766	234	4	0
773	234	2	0
774	234	2	0
776	234	5	0
778	234	3	0
786	234	3	0
788	234	3	0
795	234	4	0
796	234	2	0
802	234	5	0
804	234	4	0
805	234	5	0
806	234	4	0
807	234	3	0
814	234	3	0
821	234	5	0
823	234	4	0
833	234	3	0
835	234	5	0
840	234	5	0
843	234	4	0
846	234	5	0
847	234	2	0
848	234	4	0
849	234	5	0
851	234	4	0
864	234	4	0
868	234	4	0
878	234	1	0
880	234	5	0
881	234	3	0
883	234	4	0
886	234	3	0
889	234	4	0
890	234	5	0
896	234	4	0
897	234	5	0
899	234	4	0
901	234	4	0
903	234	4	0
913	234	4	0
916	234	4	0
932	234	3	0
933	234	3	0
934	234	2	0
942	234	4	0
943	234	3	0
1	265	4	0
7	265	5	0
13	265	4	0
14	265	3	0
22	265	3	0
25	265	4	0
37	265	4	0
41	265	3	0
42	265	3	0
56	265	4	0
59	265	4	0
60	265	5	0
64	265	4	0
69	265	4	0
70	265	4	0
72	265	4	0
77	265	3	0
82	265	4	0
83	265	5	0
84	265	5	0
91	265	5	0
92	265	4	0
94	265	4	0
95	265	3	0
96	265	5	0
99	265	3	0
102	265	3	0
109	265	5	0
115	265	2	0
117	265	4	0
128	265	5	0
135	265	3	0
145	265	5	0
151	265	5	0
153	265	4	0
161	265	2	0
178	265	5	0
183	265	2	0
188	265	5	0
194	265	4	0
195	265	4	0
197	265	5	0
198	265	3	0
200	265	5	0
201	265	3	0
207	265	3	0
218	265	3	0
221	265	3	0
222	265	3	0
230	265	5	0
234	265	3	0
236	265	2	0
244	265	4	0
246	265	4	0
251	265	3	0
254	265	3	0
256	265	4	0
263	265	4	0
267	265	5	0
268	265	3	0
270	265	4	0
271	265	5	0
275	265	4	0
276	265	4	0
279	265	5	0
280	265	4	0
290	265	4	0
292	265	4	0
293	265	3	0
295	265	4	0
297	265	3	0
298	265	4	0
301	265	4	0
307	265	3	0
308	265	3	0
311	265	5	0
312	265	1	0
313	265	4	0
316	265	3	0
318	265	4	0
326	265	4	0
327	265	2	0
328	265	5	0
332	265	4	0
334	265	3	0
339	265	3	0
340	265	5	0
343	265	2	0
346	265	4	0
350	265	2	0
363	265	3	0
370	265	5	0
371	265	5	0
373	265	4	0
374	265	5	0
378	265	4	0
379	265	4	0
380	265	3	0
387	265	4	0
393	265	4	0
394	265	4	0
399	265	3	0
405	265	2	0
407	265	3	0
411	265	5	0
416	265	5	0
417	265	3	0
425	265	3	0
429	265	4	0
435	265	3	0
436	265	3	0
437	265	3	0
447	265	4	0
450	265	5	0
452	265	3	0
455	265	4	0
456	265	3	0
457	265	5	0
466	265	3	0
472	265	4	0
474	265	5	0
479	265	4	0
480	265	3	0
484	265	5	0
487	265	5	0
488	265	4	0
493	265	5	0
495	265	5	0
497	265	4	0
498	265	2	0
505	265	4	0
512	265	4	0
513	265	5	0
514	265	4	0
521	265	3	0
524	265	4	0
533	265	3	0
535	265	3	0
536	265	5	0
537	265	3	0
541	265	5	0
542	265	4	0
543	265	4	0
545	265	4	0
551	265	4	0
553	265	5	0
554	265	4	0
555	265	3	0
559	265	4	0
566	265	4	0
577	265	5	0
583	265	4	0
586	265	5	0
588	265	5	0
592	265	4	0
600	265	3	0
606	265	4	0
608	265	3	0
618	265	4	0
625	265	3	0
629	265	4	0
638	265	5	0
648	265	4	0
650	265	4	0
653	265	4	0
654	265	5	0
655	265	3	0
660	265	2	0
663	265	4	0
665	265	3	0
666	265	3	0
671	265	3	0
676	265	5	0
682	265	3	0
684	265	4	0
686	265	4	0
705	265	5	0
709	265	4	0
710	265	4	0
711	265	2	0
715	265	5	0
716	265	5	0
727	265	4	0
738	265	4	0
741	265	5	0
746	265	4	0
747	265	4	0
757	265	3	0
766	265	3	0
773	265	2	0
774	265	3	0
778	265	4	0
786	265	4	0
790	265	4	0
795	265	3	0
796	265	5	0
798	265	5	0
804	265	4	0
806	265	4	0
807	265	5	0
815	265	5	0
826	265	5	0
830	265	5	0
843	265	3	0
846	265	5	0
848	265	4	0
862	265	5	0
864	265	5	0
868	265	3	0
870	265	4	0
878	265	3	0
881	265	5	0
882	265	5	0
883	265	3	0
886	265	4	0
889	265	4	0
890	265	2	0
892	265	4	0
896	265	4	0
897	265	3	0
899	265	4	0
913	265	4	0
916	265	4	0
922	265	5	0
930	265	3	0
933	265	4	0
942	265	5	0
