########################    REPORT OF METRICS    -    NOSTEMMER MODE    ########################


########################    Precision@10 - NOSTEMMER    ########################
00044;0.0
00098;0.0
00099;0.0
00096;0.0
00097;0.0
00094;0.0
00095;0.0
00092;0.0
00014;0.0
00090;0.0
00091;0.2
00016;0.0
00017;0.0
00058;0.0
00015;0.0
00012;0.0
00013;0.0
00010;0.0
00011;0.0
00052;0.0
00053;0.0
00050;0.0
00051;0.1
00056;0.0
00057;0.0
00054;0.0
00055;0.0
00045;0.1
00026;0.0
00067;0.0
00066;0.0
00065;0.0
00064;0.0
00063;0.0
00062;0.0
00061;0.0
00060;0.0
00069;0.0
00068;0.0
00023;0.0
00022;0.0
00021;0.0
00020;0.0
00027;0.0
00018;0.0
00025;0.0
00024;0.0
00029;0.0
00028;0.0
00100;0.0
00077;0.1
00070;0.0
00071;0.0
00072;0.0
00073;0.0
00074;0.0
00075;0.0
00076;0.0
00048;0.0
00078;0.0
00079;0.0
00038;0.2
00039;0.0
00034;0.0
00035;0.0
00036;0.0
00037;0.0
00030;0.0
00031;0.0
00032;0.0
00033;0.1
00040;0.0
00059;0.0
00089;0.0
00088;0.0
00085;0.0
00084;0.0
00087;0.0
00086;0.0
00081;0.0
00080;0.0
00083;0.0
00082;0.0
00049;0.0
00004;0.0
00007;0.0
00006;0.0
00001;0.0
00005;0.3
00003;0.0
00002;0.0
00041;0.0
00019;0.0
00043;0.0
00042;0.1
00009;0.0
00008;0.0
00047;0.0
00046;0.0
########################    Mean Average Precision - NOSTEMMER    ########################
;0.0176745890347

########################    Discounted Cumulative Gain - NOSTEMMER    ########################
00044;24.079498284711352
00098;3.1289042867549997
00099;1.6550813897023566
00096;0.6843409988784002
00097;0.5268788310248695
00094;6.916717462654384
00095;2.2287831754487386
00092;10.672941784299905
00014;10.817942612870269
00090;7.449331175767474
00091;61.25133654435183
00016;19.676383780362134
00017;6.511481726212799
00058;24.873859480598135
00015;15.410499857247249
00012;1.8640259124036955
00013;3.6739772948790286
00010;5.4317506021764
00011;1.8351887425315456
00052;0
00053;3.5952872613958755
00050;2.46380658250982
00051;51.85200849373847
00056;1.2994709691185868
00057;9.249429894579487
00054;13.234077480488049
00055;3.5036230795238454
00045;6.800249460528989
00026;6.034453628194105
00067;3.322335685739282
00066;5.755118319713508
00065;17.877986838324595
00064;0.5150731452260789
00063;4.231415249562415
00062;14.465914577966846
00061;4.050712780923267
00060;5.110611025647605
00069;3.292937359257601
00068;4.732922030365115
00023;4.395247027065985
00022;8.722911968018693
00021;3.563369883169511
00020;9.145204547902447
00027;1.2978450679041265
00018;1.7963926231394058
00025;6.530001043662731
00024;2.939050737293205
00029;9.158479074126722
00028;5.417094021227346
00100;2.035690543395544
00077;13.026889175859509
00070;2.0762133731553476
00071;0
00072;2.0013061257334606
00073;3.4959964210588734
00074;1.4746468532089365
00075;1.568888279167585
00076;2.3271860722620037
00048;4.10449841295002
00078;5.883728809917507
00079;5.417090858315972
00038;10.41362498185341
00039;22.35635775149626
00034;4.812166442479614
00035;1.45346786094577
00036;1.8140716344875842
00037;19.0211111240717
00030;4.063837797082275
00031;10.899338407052387
00032;1.680858992167519
00033;13.734233053384212
00040;20.230988755236957
00059;25.96358949064728
00089;2.3941767444245374
00088;1.6039057427856007
00085;2.8071743917973624
00084;0.7924926030749331
00087;4.091548632694448
00086;5.156060086609416
00081;2.953644497415532
00080;3.490708180922797
00083;4.316789375682499
00082;7.153111895589867
00049;8.259524661225884
00004;0.8632890037284752
00007;2.480135879466897
00006;1.0062256093893978
00001;3.2039117062314255
00005;24.903166654683595
00003;4.396148382162848
00002;0
00041;1.2906126666242421
00019;3.0198518347895735
00043;5.811919027111029
00042;4.230541729629158
00009;1.0910086960249088
00008;2.833567105591749
00047;9.594375764344159
00046;3.618935886136124
########################    Normalized Discounted Cumulative Gain - NOSTEMMER    ########################
00044;0
00098;0
00099;0
00096;0
00097;0
00094;0
00095;0
00092;0
00014;0
00090;0
00091;0
00016;0
00017;0
00058;0
00015;0
00012;0
00013;0
00010;0
00011;0
00052;0
00053;0
00050;0
00051;0
00056;0
00057;0
00054;0
00055;0
00045;0
00026;0
00067;0
00066;0
00065;0
00064;0
00063;0
00062;0
00061;0
00060;0
00069;0
00068;0
00023;0
00022;0
00021;0
00020;0
00027;0
00018;0
00025;0
00024;0
00029;0
00028;0
00100;0
00077;0
00070;0
00071;0
00072;0
00073;0
00074;0
00075;0
00076;0
00048;0
00078;0
00079;0
00038;0
00039;0
00034;0
00035;0
00036;0
00037;0
00030;0
00031;0
00032;0
00033;0
00040;0
00059;0
00089;0
00088;0
00085;0
00084;0
00087;0
00086;0
00081;0
00080;0
00083;0
00082;0
00049;0
00004;0
00007;0
00006;0
00001;0
00005;0
00003;0
00002;0
00041;0
00019;0
00043;0
00042;0
00009;0
00008;0
00047;0
00046;0
########################    F1 Measure - NOSTEMMER    ########################
00044;0.13354037267080748
00098;0.009828009828009828
00099;0.006578947368421053
00096;0.006568144499178983
00097;0.004975124378109453
00094;0.02643171806167401
00095;0.004942339373970346
00092;0.040290088638195
00014;0.035569927243330635
00090;0.02280130293159609
00091;0.1548974943052392
00016;0.06220095693779905
00017;0.01633986928104575
00058;0.08056872037914692
00015;0.05144694533762057
00012;0.00493421052631579
00013;0.011466011466011467
00010;0.01794453507340946
00011;0.009860312243221035
00052;0.0016666666666666666
00053;0.010090817356205853
00050;0.017973856209150325
00051;0.1812734082397004
00056;0.004930156121610517
00057;0.029197080291970802
00054;0.048192771084337345
00055;0.011466011466011467
00045;0.014754098360655735
00026;0.02444987775061125
00067;0.008203445447087777
00066;0.01957585644371941
00065;0.06070287539936103
00064;0.013190436933223413
00063;0.017959183673469388
00062;0.03877221324717285
00061;0.026016260162601626
00060;0.016353229762878167
00069;0.013082583810302533
00068;0.01633986928104575
00023;0.019736842105263157
00022;0.02922077922077922
00021;0.009892827699917561
00020;0.0387409200968523
00027;0.004930156121610517
00018;0.004930156121610517
00025;0.022875816993464047
00024;0.013093289689034369
00029;0.026016260162601626
00028;0.01633986928104575
00100;0.008203445447087777
00077;0.04654895666131621
00070;0.01633986928104575
00071;0.001644736842105263
00072;0.00657354149548069
00073;0.018211920529801324
00074;0.0049261083743842365
00075;0.008210180623973728
00076;0.006568144499178983
00048;0.02402957486136784
00078;0.024390243902439022
00079;0.01957585644371941
00038;0.02450980392156863
00039;0.060548722800378436
00034;0.025995125913891148
00035;0.00859106529209622
00036;0.004930156121610517
00037;0.08811959087332809
00030;0.00819672131147541
00031;0.04347826086956522
00032;0.006628003314001657
00033;0.04995539696699375
00040;0.05140562248995984
00059;0.07741935483870968
00089;0.00819672131147541
00088;0.006568144499178983
00085;0.009836065573770493
00084;0.0016460905349794238
00087;0.01957585644371941
00086;0.014717906786590351
00081;0.011466011466011467
00080;0.011456628477905075
00083;0.009836065573770493
00082;0.02761982128350934
00049;0.02950819672131148
00004;0.00493421052631579
00007;0.006568144499178983
00006;0.00493421052631579
00001;0.00984413453650533
00005;0.05139186295503212
00003;0.01314708299096138
00002;0
00041;0.009942004971002486
00019;0.0196078431372549
00043;0.02977667493796526
00042;0.01800327332242226
00009;0.004930156121610517
00008;0.006677796327212019
00047;0.02761982128350934
00046;0.014717906786590351
