1	141	3	0
1	72	4	0
2	308	3	0
5	423	4	0
5	411	1	0
6	472	1	0
6	308	3	0
6	423	3	0
7	141	5	0
7	72	5	0
7	548	5	0
7	558	4	0
7	560	3	0
7	472	2	0
7	423	5	0
10	558	4	0
11	558	3	0
11	423	5	0
13	820	4	0
13	411	2	0
13	892	3	0
13	423	5	0
13	72	4	0
13	472	5	0
13	308	3	0
13	558	1	0
13	832	4	0
13	548	3	0
13	141	2	0
13	755	3	0
14	820	3	0
15	308	5	0
15	472	3	0
15	411	2	0
16	423	5	0
18	72	3	0
18	411	3	0
18	423	5	0
18	951	3	0
20	820	2	0
20	423	2	0
21	558	5	0
21	820	3	0
22	411	1	0
23	472	2	0
23	423	3	0
25	141	4	0
28	423	2	0
30	892	4	0
37	472	2	0
38	1036	4	0
38	411	3	0
38	423	5	0
41	423	2	0
42	72	3	0
42	423	5	0
42	411	4	0
42	755	4	0
42	141	3	0
43	755	3	0
43	892	3	0
43	411	3	0
43	951	3	0
43	820	2	0
43	423	4	0
44	423	4	0
44	755	3	0
45	472	3	0
45	411	3	0
45	820	4	0
48	423	4	0
48	308	5	0
49	72	2	0
49	1036	2	0
49	820	1	0
49	423	2	0
49	1076	2	0
54	411	5	0
54	820	3	0
56	755	3	0
56	820	3	0
56	1036	2	0
56	423	5	0
57	472	1	0
57	820	3	0
57	411	4	0
58	558	5	0
59	423	5	0
59	755	4	0
59	472	3	0
59	951	3	0
59	141	4	0
60	411	3	0
60	755	4	0
60	141	3	0
60	558	4	0
60	423	4	0
62	423	3	0
62	472	2	0
62	72	3	0
62	1133	4	0
64	141	4	0
64	1133	4	0
64	72	4	0
64	423	4	0
65	423	5	0
67	472	4	0
68	411	1	0
70	820	1	0
70	755	3	0
70	411	3	0
70	423	5	0
70	1133	3	0
70	472	3	0
72	423	5	0
75	411	5	0
75	820	3	0
75	472	4	0
78	411	4	0
80	423	3	0
81	411	2	0
82	820	3	0
82	472	3	0
82	411	3	0
83	832	3	0
83	820	2	0
83	411	2	0
83	755	5	0
83	892	2	0
83	423	4	0
84	411	2	0
85	423	4	0
85	141	3	0
87	411	4	0
87	472	4	0
87	72	3	0
87	423	3	0
88	308	4	0
90	423	5	0
90	141	5	0
91	423	5	0
92	755	3	0
92	72	3	0
92	411	4	0
92	558	3	0
92	820	1	0
92	423	3	0
93	820	3	0
94	820	1	0
94	951	3	0
94	411	3	0
94	72	3	0
94	472	3	0
94	423	4	0
95	892	3	0
95	560	1	0
95	72	2	0
95	1133	3	0
95	141	4	0
95	472	5	0
95	423	5	0
96	423	5	0
97	423	5	0
99	472	3	0
100	892	2	0
101	820	3	0
101	472	3	0
101	411	2	0
102	548	2	0
102	892	2	0
102	1076	2	0
102	411	2	0
102	72	3	0
104	411	1	0
109	472	2	0
109	423	4	0
109	72	5	0
109	820	3	0
109	411	4	0
109	755	5	0
110	423	4	0
115	558	5	0
117	411	3	0
117	423	4	0
118	558	5	0
119	755	1	0
119	472	4	0
121	411	1	0
121	472	3	0
122	423	4	0
125	1036	2	0
125	72	4	0
125	411	3	0
128	423	4	0
130	472	4	0
130	820	5	0
130	423	5	0
130	892	3	0
130	411	5	0
133	308	4	0
134	892	2	0
137	472	4	0
137	892	3	0
137	411	5	0
141	472	5	0
144	72	4	0
144	423	5	0
144	411	4	0
145	820	2	0
145	411	2	0
145	472	3	0
145	308	2	0
145	892	2	0
145	1292	1	0
145	558	2	0
146	1293	5	0
149	308	2	0
151	423	4	0
151	755	3	0
151	411	4	0
152	423	5	0
152	411	4	0
158	72	3	0
158	472	3	0
159	411	3	0
159	72	3	0
159	832	3	0
160	832	1	0
164	472	5	0
164	411	2	0
168	472	3	0
168	411	1	0
169	308	3	0
174	423	2	0
174	951	1	0
178	423	4	0
178	472	4	0
180	423	4	0
181	832	1	0
181	411	3	0
181	308	1	0
181	472	1	0
181	820	1	0
181	1336	1	0
182	423	5	0
184	72	3	0
184	423	4	0
184	411	3	0
185	423	5	0
186	1336	3	0
186	820	2	0
187	423	4	0
189	820	1	0
189	423	5	0
193	755	4	0
193	72	2	0
194	951	3	0
194	423	3	0
194	820	1	0
194	72	3	0
195	558	3	0
196	411	4	0
198	411	1	0
198	820	1	0
198	423	3	0
199	892	1	0
200	141	4	0
200	472	4	0
200	423	5	0
200	755	5	0
200	560	4	0
200	892	4	0
200	951	5	0
200	72	4	0
200	820	3	0
200	411	3	0
201	423	4	0
201	558	2	0
202	423	3	0
206	308	2	0
207	411	3	0
207	832	3	0
207	423	4	0
210	411	3	0
210	72	3	0
210	423	5	0
210	832	3	0
210	755	3	0
211	423	5	0
212	423	4	0
215	423	5	0
216	423	4	0
216	72	2	0
217	472	3	0
221	423	2	0
222	755	4	0
222	72	4	0
222	423	4	0
222	472	2	0
222	1336	2	0
222	411	3	0
223	423	3	0
223	820	4	0
223	411	1	0
224	423	4	0
227	411	4	0
230	423	5	0
230	141	4	0
230	951	5	0
232	423	4	0
233	423	4	0
234	951	1	0
234	423	4	0
234	558	4	0
234	72	3	0
234	832	2	0
234	141	3	0
234	472	2	0
234	1133	3	0
236	423	5	0
236	411	1	0
237	423	4	0
239	558	5	0
243	423	3	0
244	411	4	0
244	72	4	0
245	411	3	0
246	411	3	0
246	423	3	0
249	472	3	0
249	423	4	0
249	411	3	0
250	558	4	0
251	472	3	0
254	755	3	0
254	951	4	0
254	423	5	0
254	472	3	0
254	1133	3	0
254	892	3	0
254	548	2	0
254	141	3	0
255	472	1	0
256	472	4	0
261	892	5	0
262	755	3	0
262	411	2	0
262	72	3	0
262	423	4	0
263	892	3	0
263	423	5	0
263	141	5	0
264	558	5	0
265	472	3	0
267	423	3	0
267	1336	1	0
267	141	4	0
267	411	3	0
268	423	2	0
268	72	3	0
268	558	3	0
268	141	3	0
268	472	1	0
269	72	2	0
269	423	4	0
269	1133	1	0
269	411	1	0
270	558	5	0
271	423	4	0
271	472	2	0
271	951	2	0
271	1133	3	0
271	411	1	0
271	141	4	0
272	423	4	0
274	411	3	0
274	472	3	0
275	472	3	0
275	423	4	0
276	755	3	0
276	423	5	0
276	820	3	0
276	558	4	0
276	141	4	0
276	951	3	0
276	472	3	0
276	72	4	0
276	1036	2	0
276	411	4	0
277	472	1	0
279	1336	1	0
279	1133	2	0
279	411	3	0
279	820	4	0
279	472	3	0
279	558	4	0
279	832	3	0
280	411	3	0
280	1133	3	0
280	755	2	0
280	472	2	0
280	72	4	0
280	423	5	0
281	308	1	0
283	820	4	0
286	423	4	0
286	1133	4	0
286	72	4	0
286	411	2	0
286	472	3	0
290	141	4	0
290	423	5	0
290	1336	3	0
290	755	4	0
290	472	4	0
290	832	3	0
291	820	4	0
291	558	4	0
291	423	4	0
291	72	4	0
291	755	2	0
291	411	4	0
292	423	5	0
292	472	3	0
293	411	2	0
293	820	2	0
293	423	3	0
293	558	3	0
294	472	3	0
294	411	3	0
295	423	4	0
295	1133	4	0
295	951	5	0
295	72	4	0
297	423	3	0
298	820	4	0
298	951	4	0
298	423	5	0
299	423	3	0
299	820	3	0
299	72	3	0
299	1036	2	0
301	755	4	0
301	411	1	0
301	820	3	0
301	423	1	0
303	72	3	0
303	558	4	0
303	141	3	0
303	755	2	0
303	423	4	0
303	411	4	0
303	820	3	0
305	423	4	0
307	472	3	0
307	72	3	0
307	423	5	0
308	72	4	0
308	472	2	0
308	755	3	0
308	411	4	0
308	423	5	0
308	558	4	0
308	141	3	0
310	832	1	0
311	951	3	0
311	423	5	0
311	72	4	0
311	141	4	0
311	755	4	0
313	892	4	0
313	423	4	0
313	820	2	0
313	141	4	0
314	423	4	0
314	820	5	0
314	411	4	0
314	72	2	0
318	892	3	0
318	423	5	0
318	72	4	0
320	411	3	0
320	472	3	0
320	892	3	0
324	411	5	0
325	548	3	0
326	423	3	0
326	72	2	0
326	141	3	0
327	72	2	0
327	558	4	0
327	423	3	0
327	411	3	0
328	755	3	0
328	423	4	0
328	72	3	0
329	892	2	0
329	423	4	0
330	423	5	0
330	72	5	0
332	411	4	0
332	820	4	0
332	472	3	0
334	558	4	0
334	72	3	0
334	423	5	0
334	1133	4	0
336	72	3	0
337	1133	4	0
339	411	2	0
339	423	3	0
340	423	4	0
340	1133	5	0
342	558	5	0
342	423	4	0
343	72	5	0
343	951	1	0
343	423	5	0
344	472	3	0
346	72	3	0
346	423	4	0
346	141	4	0
346	472	4	0
346	951	2	0
347	423	4	0
347	472	5	0
347	820	2	0
347	411	5	0
348	472	4	0
348	411	4	0
349	411	4	0
354	308	4	0
354	423	4	0
354	558	4	0
356	892	1	0
357	411	3	0
357	820	4	0
357	472	3	0
358	558	4	0
359	472	4	0
360	423	4	0
360	308	4	0
363	472	1	0
363	72	1	0
363	423	3	0
370	423	4	0
371	423	5	0
373	1133	3	0
373	472	3	0
373	423	2	0
374	832	1	0
374	423	3	0
374	820	4	0
374	472	2	0
374	558	1	0
374	411	3	0
378	755	3	0
378	411	3	0
378	951	3	0
378	141	3	0
378	423	4	0
379	141	4	0
380	423	3	0
385	558	2	0
385	423	2	0
387	423	3	0
387	558	4	0
389	1036	2	0
389	558	4	0
389	820	3	0
389	411	4	0
389	72	3	0
389	423	5	0
393	892	3	0
393	423	3	0
393	755	3	0
393	141	2	0
393	951	3	0
393	411	2	0
393	72	4	0
393	820	3	0
393	472	3	0
393	560	3	0
393	1076	3	0
394	411	4	0
394	72	4	0
394	141	3	0
394	423	5	0
395	423	5	0
395	472	3	0
395	892	3	0
396	472	5	0
397	423	5	0
398	72	3	0
398	423	5	0
399	72	4	0
399	423	3	0
399	755	2	0
399	820	4	0
399	560	3	0
401	892	1	0
403	472	4	0
404	892	2	0
405	755	2	0
405	1576	1	0
405	72	3	0
405	951	1	0
405	423	5	0
405	141	2	0
405	558	1	0
405	560	1	0
405	1036	1	0
405	308	1	0
405	548	1	0
405	1076	2	0
406	558	3	0
406	72	3	0
406	411	4	0
406	472	3	0
407	423	4	0
407	755	3	0
407	72	4	0
416	1336	1	0
416	1133	4	0
416	560	3	0
416	472	4	0
416	423	4	0
416	72	2	0
416	411	3	0
416	755	4	0
417	141	3	0
417	423	4	0
417	1036	3	0
417	472	2	0
417	411	2	0
417	72	4	0
421	423	2	0
422	558	4	0
428	892	4	0
429	423	4	0
429	755	3	0
429	141	3	0
429	411	3	0
429	1133	2	0
429	72	2	0
429	820	3	0
429	472	3	0
429	1076	2	0
432	411	3	0
434	411	5	0
435	72	4	0
435	1133	2	0
435	423	2	0
435	141	2	0
435	755	2	0
435	820	1	0
435	472	2	0
435	411	3	0
436	423	4	0
436	411	4	0
436	72	5	0
437	755	3	0
437	423	5	0
437	558	3	0
437	1036	5	0
447	411	2	0
449	558	4	0
450	1036	2	0
450	472	4	0
450	423	5	0
450	141	3	0
450	951	4	0
450	558	3	0
450	832	2	0
451	308	1	0
452	423	5	0
452	472	5	0
453	423	4	0
454	472	3	0
454	423	4	0
455	423	5	0
455	755	3	0
456	72	1	0
456	423	3	0
457	472	4	0
457	755	4	0
457	411	3	0
457	423	5	0
458	423	2	0
459	832	3	0
459	472	5	0
459	411	2	0
463	472	3	0
463	892	2	0
465	423	3	0
466	308	1	0
468	411	3	0
468	423	4	0
472	423	5	0
472	548	1	0
472	755	4	0
472	1036	4	0
472	72	5	0
472	951	1	0
472	141	4	0
472	411	4	0
472	472	5	0
474	141	4	0
474	411	2	0
474	72	3	0
474	423	5	0
476	72	4	0
476	1036	2	0
478	72	1	0
479	423	2	0
479	472	1	0
484	755	4	0
484	560	4	0
484	472	4	0
484	951	1	0
484	141	4	0
484	423	5	0
487	820	3	0
487	411	3	0
487	423	4	0
489	1293	5	0
489	892	3	0
489	308	4	0
493	423	2	0
493	411	1	0
495	1133	3	0
495	423	5	0
495	472	5	0
496	1133	3	0
496	141	3	0
497	472	3	0
497	423	3	0
497	141	3	0
497	951	2	0
497	72	3	0
497	1615	3	0
498	558	4	0
498	423	3	0
498	548	2	0
500	411	2	0
500	755	3	0
500	423	3	0
500	472	3	0
500	72	4	0
501	411	4	0
502	892	2	0
503	558	5	0
503	423	5	0
504	548	2	0
504	141	3	0
504	423	4	0
504	755	4	0
504	411	4	0
504	72	4	0
504	1133	3	0
505	423	4	0
505	755	3	0
505	951	3	0
506	72	3	0
506	423	5	0
506	560	3	0
506	755	4	0
506	951	3	0
506	892	1	0
507	892	5	0
508	423	5	0
509	892	1	0
513	472	4	0
514	558	4	0
514	423	5	0
517	755	3	0
517	472	2	0
518	820	2	0
519	1293	5	0
521	423	3	0
521	755	3	0
521	72	3	0
523	72	4	0
523	1036	4	0
524	558	4	0
524	72	4	0
524	423	4	0
524	472	3	0
525	411	3	0
525	472	2	0
527	423	3	0
527	558	4	0
528	423	1	0
531	892	3	0
532	472	5	0
532	72	3	0
532	411	3	0
533	411	2	0
533	72	2	0
533	755	3	0
533	423	5	0
533	820	2	0
534	820	3	0
535	558	5	0
535	423	5	0
536	141	4	0
536	755	4	0
536	472	3	0
536	423	4	0
537	423	2	0
537	558	4	0
537	72	1	0
537	141	3	0
537	472	2	0
538	423	4	0
540	820	3	0
541	560	3	0
541	423	3	0
541	755	5	0
541	1036	2	0
542	423	4	0
542	72	3	0
542	411	4	0
543	423	3	0
545	820	3	0
545	423	4	0
545	472	5	0
546	892	4	0
548	472	2	0
549	411	3	0
549	472	3	0
550	892	2	0
551	423	1	0
551	411	1	0
551	72	5	0
551	755	4	0
552	411	3	0
553	423	3	0
554	411	3	0
554	820	2	0
554	951	3	0
554	423	4	0
557	892	3	0
560	423	4	0
560	472	2	0
560	411	3	0
561	72	2	0
561	141	2	0
561	423	2	0
562	141	4	0
564	472	4	0
566	755	2	0
566	423	2	0
566	411	4	0
567	423	2	0
568	423	4	0
573	423	3	0
577	560	3	0
577	1336	1	0
577	472	4	0
577	423	4	0
582	472	4	0
582	411	1	0
584	423	4	0
586	423	2	0
586	411	2	0
586	820	4	0
586	72	2	0
587	308	3	0
587	892	3	0
588	423	3	0
588	72	4	0
588	832	1	0
588	472	4	0
588	755	3	0
589	892	4	0
591	72	3	0
592	423	5	0
592	820	3	0
592	892	1	0
592	558	5	0
592	472	1	0
592	411	2	0
593	423	4	0
595	820	2	0
595	411	3	0
595	472	3	0
598	308	4	0
601	472	1	0
601	820	1	0
601	141	4	0
601	1615	4	0
601	411	2	0
604	558	4	0
606	951	2	0
606	472	4	0
606	423	5	0
608	423	4	0
610	423	4	0
610	755	5	0
614	411	3	0
614	472	3	0
615	423	5	0
615	72	2	0
617	558	3	0
617	423	1	0
618	755	2	0
618	423	5	0
620	951	3	0
620	423	5	0
620	1036	4	0
620	560	4	0
620	820	4	0
620	755	5	0
621	1036	1	0
621	423	4	0
621	755	3	0
621	472	3	0
621	72	2	0
622	755	4	0
622	72	3	0
622	472	3	0
622	423	3	0
622	558	2	0
624	411	4	0
625	423	4	0
627	423	3	0
629	423	5	0
630	411	4	0
630	820	4	0
630	472	3	0
630	832	2	0
632	423	4	0
633	423	4	0
634	411	4	0
637	411	1	0
638	472	3	0
639	423	2	0
641	558	5	0
642	1133	3	0
642	951	3	0
642	72	4	0
642	1076	2	0
642	1036	4	0
642	755	3	0
642	423	3	0
642	832	3	0
642	141	4	0
642	560	4	0
642	472	5	0
642	411	5	0
642	1336	2	0
643	72	4	0
643	820	3	0
643	423	4	0
644	308	4	0
645	72	3	0
645	558	4	0
646	892	2	0
647	72	4	0
648	411	2	0
648	472	3	0
648	820	2	0
648	72	4	0
648	423	4	0
650	72	2	0
650	423	3	0
650	472	3	0
650	755	3	0
650	141	4	0
653	472	1	0
653	1133	2	0
653	755	2	0
653	423	2	0
653	411	2	0
654	423	4	0
654	558	3	0
655	423	3	0
655	558	4	0
655	411	3	0
659	423	4	0
660	1615	2	0
660	72	3	0
660	755	2	0
660	472	2	0
660	1133	2	0
660	423	3	0
661	423	4	0
663	411	3	0
665	423	4	0
665	472	3	0
665	411	4	0
666	423	3	0
671	472	5	0
676	892	4	0
679	423	3	0
682	558	1	0
682	472	3	0
682	72	3	0
682	820	3	0
682	423	5	0
683	472	3	0
683	308	3	0
684	411	3	0
690	72	2	0
692	411	4	0
693	423	3	0
693	472	3	0
694	141	5	0
694	423	5	0
694	72	4	0
697	820	3	0
698	423	2	0
699	1336	3	0
699	308	4	0
699	1615	3	0
699	820	2	0
700	423	4	0
705	423	2	0
705	560	2	0
705	820	3	0
705	755	5	0
709	472	4	0
709	423	3	0
711	423	3	0
711	755	3	0
711	472	1	0
712	423	3	0
712	560	3	0
712	755	4	0
712	141	3	0
712	72	4	0
712	1036	5	0
714	472	2	0
715	755	2	0
716	72	3	0
716	423	4	0
716	472	3	0
716	141	4	0
717	472	4	0
718	820	2	0
719	423	3	0
721	423	5	0
721	755	4	0
724	308	1	0
726	832	5	0
727	755	2	0
727	423	3	0
727	820	2	0
727	472	2	0
727	1615	1	0
727	72	3	0
727	411	3	0
727	1076	2	0
733	820	2	0
734	423	4	0
738	423	4	0
738	951	2	0
738	141	3	0
738	755	3	0
741	423	3	0
743	308	2	0
746	423	3	0
747	423	5	0
747	951	2	0
747	558	4	0
749	423	4	0
749	141	4	0
749	1615	4	0
749	472	4	0
749	951	4	0
749	755	4	0
749	1133	2	0
749	72	3	0
751	755	4	0
751	472	2	0
751	558	3	0
756	755	3	0
756	141	3	0
756	423	3	0
757	472	3	0
757	423	3	0
758	820	4	0
758	892	2	0
758	141	4	0
758	411	4	0
758	1292	1	0
764	411	3	0
764	820	3	0
764	472	3	0
766	951	3	0
766	72	2	0
766	423	3	0
767	141	4	0
769	411	3	0
771	892	5	0
773	1036	3	0
773	72	3	0
774	423	1	0
774	411	1	0
774	548	1	0
774	72	1	0
778	423	1	0
778	755	2	0
779	411	3	0
780	423	5	0
782	1615	3	0
782	308	4	0
782	1292	3	0
785	423	2	0
786	423	5	0
787	308	3	0
788	755	3	0
788	423	5	0
788	141	3	0
790	411	3	0
790	472	2	0
790	72	2	0
790	755	3	0
795	472	3	0
795	755	3	0
795	72	3	0
795	423	2	0
795	820	3	0
795	1036	2	0
796	1076	2	0
796	755	4	0
796	1036	4	0
796	423	4	0
798	951	3	0
798	755	3	0
798	832	4	0
798	72	3	0
798	472	3	0
798	560	3	0
798	1076	3	0
798	423	3	0
804	820	4	0
804	141	3	0
804	755	3	0
804	951	3	0
804	1076	3	0
804	558	3	0
804	423	3	0
804	411	3	0
804	472	3	0
804	1615	4	0
804	72	4	0
805	423	1	0
805	411	2	0
805	755	3	0
805	472	2	0
805	558	5	0
805	141	2	0
807	820	3	0
807	423	5	0
807	1615	4	0
807	1076	3	0
807	1133	3	0
807	472	4	0
807	141	3	0
811	892	4	0
811	308	4	0
813	892	1	0
815	423	5	0
815	472	1	0
815	141	4	0
815	1133	3	0
821	560	3	0
823	141	4	0
823	423	5	0
825	411	3	0
825	832	3	0
825	472	5	0
825	423	5	0
826	820	3	0
828	558	3	0
830	820	1	0
833	72	2	0
833	558	4	0
835	423	4	0
837	472	3	0
838	72	4	0
840	423	5	0
841	892	3	0
843	423	2	0
843	141	4	0
844	423	3	0
845	308	4	0
846	1133	2	0
846	423	4	0
846	560	1	0
846	72	4	0
846	141	4	0
846	558	4	0
846	755	3	0
847	141	3	0
847	820	1	0
847	411	1	0
848	755	5	0
848	423	4	0
848	72	5	0
848	141	4	0
851	892	2	0
851	472	3	0
851	411	3	0
851	820	3	0
852	1615	2	0
852	820	4	0
852	472	3	0
854	411	2	0
854	423	4	0
854	472	1	0
857	892	3	0
862	820	4	0
862	472	5	0
862	423	4	0
862	141	4	0
864	892	3	0
864	472	4	0
864	951	3	0
864	72	4	0
864	755	4	0
864	423	5	0
865	411	1	0
865	472	1	0
867	423	3	0
868	423	2	0
868	755	4	0
868	1076	1	0
869	411	4	0
870	558	4	0
872	892	3	0
872	820	3	0
875	423	5	0
878	755	2	0
880	72	3	0
880	423	5	0
880	411	4	0
880	755	3	0
880	1036	2	0
880	820	3	0
881	1133	2	0
881	411	3	0
881	820	2	0
881	423	4	0
881	72	2	0
881	472	4	0
881	755	4	0
881	141	3	0
882	423	5	0
882	820	3	0
882	411	3	0
883	72	4	0
885	72	1	0
885	423	4	0
886	558	3	0
886	472	3	0
886	423	3	0
887	423	2	0
887	472	4	0
887	755	5	0
887	72	4	0
887	411	4	0
887	548	1	0
887	832	2	0
889	755	3	0
889	72	3	0
889	411	2	0
889	423	4	0
889	820	2	0
890	423	5	0
892	755	4	0
892	820	3	0
892	472	3	0
892	72	4	0
892	951	4	0
892	423	5	0
893	820	3	0
893	411	3	0
894	558	5	0
894	472	3	0
896	411	2	0
896	472	2	0
896	820	2	0
896	141	3	0
896	423	3	0
897	951	3	0
897	423	5	0
897	472	5	0
897	411	5	0
897	141	4	0
899	423	4	0
901	423	4	0
901	560	3	0
902	423	4	0
903	820	4	0
907	472	5	0
908	423	4	0
908	558	4	0
911	548	3	0
911	423	4	0
912	423	5	0
913	423	3	0
916	558	3	0
916	755	2	0
916	423	3	0
916	820	2	0
916	472	3	0
916	72	3	0
918	72	1	0
919	423	5	0
919	558	5	0
919	892	3	0
919	755	3	0
919	832	3	0
921	820	3	0
921	892	3	0
921	560	2	0
921	472	2	0
921	755	4	0
921	72	4	0
921	411	2	0
922	72	4	0
922	411	1	0
923	472	4	0
923	411	4	0
924	1036	2	0
925	558	1	0
927	72	5	0
927	820	4	0
927	411	4	0
927	560	2	0
927	755	5	0
929	423	4	0
930	411	1	0
932	560	2	0
932	755	2	0
932	141	4	0
933	411	2	0
933	72	3	0
934	423	3	0
934	72	3	0
934	755	4	0
934	411	3	0
938	472	4	0
938	411	3	0
939	411	4	0
942	892	3	0
942	423	5	0
943	72	2	0
943	423	3	0
