1	97	3	0
1	177	5	0
1	203	4	0
1	232	3	0
1	73	3	0
1	51	4	0
5	435	4	0
5	415	1	0
6	203	3	0
6	510	4	0
6	177	4	0
6	435	4	0
6	470	3	0
7	621	5	0
7	415	2	0
7	73	3	0
7	510	5	0
7	177	4	0
7	661	5	0
7	51	2	0
7	232	3	0
7	575	3	0
7	435	5	0
7	562	5	0
7	589	5	0
7	470	3	0
7	646	5	0
7	97	5	0
7	556	3	0
7	203	5	0
7	570	3	0
8	510	4	0
8	177	4	0
8	435	5	0
10	470	4	0
10	510	5	0
10	203	4	0
10	435	5	0
10	589	5	0
11	646	3	0
11	435	4	0
11	51	4	0
11	97	4	0
11	203	4	0
12	97	5	0
12	203	3	0
13	73	3	0
13	646	4	0
13	51	3	0
13	435	5	0
13	97	4	0
13	570	5	0
13	840	3	0
13	589	3	0
13	621	4	0
13	661	5	0
13	510	5	0
13	177	5	0
13	232	3	0
14	922	4	0
16	51	4	0
16	510	4	0
16	661	4	0
18	97	4	0
18	435	4	0
18	510	4	0
18	177	3	0
19	435	5	0
22	510	5	0
22	840	4	0
22	435	5	0
22	1000	3	0
23	203	4	0
23	177	4	0
23	1004	3	0
23	73	3	0
24	97	4	0
25	177	3	0
26	840	2	0
28	646	4	0
29	661	5	0
30	435	5	0
38	97	5	0
41	97	3	0
41	435	3	0
42	97	3	0
42	73	4	0
42	203	4	0
43	51	1	0
43	73	4	0
43	203	4	0
43	97	5	0
44	470	3	0
44	97	2	0
48	661	5	0
51	203	4	0
56	232	4	0
56	435	3	0
56	575	3	0
56	73	4	0
56	51	3	0
56	97	3	0
58	203	5	0
59	562	4	0
59	470	3	0
59	51	5	0
59	435	5	0
59	73	4	0
59	203	4	0
59	232	3	0
59	177	4	0
59	570	4	0
59	97	5	0
59	510	4	0
60	510	5	0
60	97	3	0
60	73	4	0
60	661	4	0
60	435	4	0
62	232	3	0
62	97	2	0
64	232	2	0
64	435	4	0
64	203	4	0
64	97	3	0
65	435	4	0
65	73	4	0
65	97	5	0
65	661	4	0
71	177	2	0
72	203	3	0
72	177	4	0
72	51	4	0
72	97	4	0
72	435	5	0
76	203	4	0
77	97	2	0
82	97	4	0
82	435	5	0
82	73	4	0
82	661	4	0
83	575	4	0
83	97	4	0
84	203	3	0
85	435	4	0
85	232	3	0
85	203	5	0
85	661	4	0
85	51	2	0
85	589	3	0
85	97	2	0
85	510	4	0
87	435	5	0
87	1000	3	0
87	232	3	0
87	510	5	0
87	1188	2	0
87	575	3	0
87	570	3	0
87	73	3	0
87	177	5	0
87	97	5	0
90	435	5	0
90	203	5	0
90	177	5	0
90	97	5	0
90	661	5	0
91	97	5	0
91	435	4	0
91	510	3	0
92	575	2	0
92	922	1	0
92	203	4	0
92	73	3	0
92	51	4	0
94	1188	3	0
94	1004	3	0
94	51	3	0
94	435	4	0
94	589	5	0
94	203	5	0
94	646	5	0
94	177	5	0
94	510	5	0
94	470	4	0
94	562	3	0
94	232	3	0
94	97	4	0
94	556	3	0
95	177	3	0
95	232	4	0
95	51	4	0
95	97	4	0
95	1188	2	0
95	510	4	0
95	203	3	0
95	73	4	0
95	415	3	0
96	435	3	0
97	435	4	0
97	97	5	0
97	661	5	0
98	435	5	0
99	203	4	0
99	232	4	0
101	840	3	0
102	435	3	0
102	510	4	0
102	73	3	0
102	840	2	0
104	840	1	0
106	435	3	0
106	97	5	0
109	97	3	0
109	177	4	0
110	1247	2	0
110	1188	4	0
110	575	3	0
110	232	3	0
114	646	4	0
115	177	5	0
115	922	3	0
115	470	2	0
116	840	1	0
116	203	5	0
116	661	4	0
119	562	4	0
122	661	4	0
122	570	3	0
122	510	4	0
122	470	3	0
123	435	5	0
125	73	5	0
125	1000	3	0
125	435	4	0
125	97	3	0
128	73	3	0
128	97	3	0
130	589	4	0
130	203	4	0
130	470	2	0
132	922	5	0
135	470	4	0
135	203	4	0
137	51	1	0
138	435	5	0
144	470	2	0
144	73	3	0
144	435	4	0
145	51	3	0
145	203	5	0
145	470	5	0
145	97	5	0
145	510	4	0
148	177	2	0
151	661	4	0
151	51	4	0
151	922	4	0
151	203	3	0
151	470	3	0
151	435	4	0
151	97	5	0
151	73	4	0
152	51	4	0
152	97	5	0
153	510	3	0
156	646	4	0
156	510	4	0
156	661	4	0
158	232	3	0
158	510	3	0
158	570	3	0
158	177	4	0
158	562	4	0
158	435	5	0
160	589	3	0
160	922	5	0
161	177	2	0
161	435	2	0
163	97	4	0
167	232	1	0
167	73	2	0
167	435	5	0
172	177	4	0
174	415	3	0
174	575	1	0
175	661	4	0
177	203	4	0
177	470	5	0
178	1004	4	0
178	203	4	0
178	73	5	0
178	232	5	0
178	51	4	0
178	97	5	0
178	435	4	0
178	510	4	0
181	840	1	0
181	922	1	0
182	203	3	0
183	203	3	0
183	562	3	0
183	177	5	0
184	203	3	0
184	51	4	0
184	97	2	0
186	203	5	0
186	470	5	0
186	177	4	0
187	97	3	0
187	435	4	0
188	470	5	0
188	177	4	0
188	97	5	0
188	510	3	0
189	661	4	0
189	510	5	0
189	97	4	0
189	203	3	0
193	177	4	0
193	73	3	0
193	435	4	0
193	562	3	0
194	661	5	0
194	562	2	0
194	570	3	0
194	177	3	0
194	435	4	0
194	51	4	0
194	203	3	0
194	575	1	0
194	510	4	0
194	232	2	0
194	470	3	0
194	73	3	0
194	97	3	0
197	232	4	0
197	435	5	0
197	570	4	0
197	177	5	0
197	510	5	0
198	97	3	0
198	203	3	0
198	470	3	0
198	51	3	0
198	73	3	0
200	177	4	0
200	470	4	0
200	570	4	0
200	840	4	0
201	203	5	0
201	589	3	0
201	435	4	0
201	556	4	0
201	97	2	0
201	51	2	0
201	232	2	0
207	562	2	0
207	435	4	0
207	177	3	0
207	470	3	0
207	73	3	0
207	203	3	0
208	435	5	0
208	97	4	0
210	435	4	0
210	97	5	0
210	73	5	0
213	97	5	0
215	203	3	0
216	97	4	0
217	840	1	0
217	562	3	0
218	203	4	0
221	470	3	0
222	232	4	0
222	575	3	0
222	51	3	0
222	73	4	0
222	470	3	0
222	840	3	0
222	1188	3	0
222	97	4	0
223	470	4	0
224	51	4	0
224	470	4	0
224	97	5	0
224	556	1	0
224	570	4	0
225	510	5	0
226	203	5	0
226	97	3	0
230	51	4	0
230	435	4	0
230	97	5	0
230	203	2	0
230	621	2	0
230	570	4	0
232	589	3	0
232	435	4	0
233	177	4	0
233	435	5	0
233	97	5	0
233	203	3	0
234	589	3	0
234	73	2	0
234	177	3	0
234	435	3	0
234	510	4	0
234	97	2	0
234	470	2	0
234	646	3	0
234	1454	3	0
234	1455	2	0
234	661	5	0
235	435	5	0
236	203	4	0
236	661	3	0
236	510	3	0
236	51	5	0
236	97	5	0
236	435	4	0
239	589	3	0
239	203	1	0
243	435	4	0
244	97	2	0
244	51	2	0
244	232	4	0
244	1188	4	0
246	570	1	0
246	1188	3	0
246	470	4	0
246	840	4	0
246	97	3	0
246	232	3	0
248	589	4	0
249	203	5	0
253	97	4	0
253	510	5	0
253	203	4	0
254	621	3	0
254	575	3	0
254	97	5	0
254	415	3	0
254	435	3	0
255	840	1	0
256	97	4	0
256	232	3	0
256	203	4	0
256	51	4	0
259	97	4	0
263	661	5	0
263	97	4	0
263	510	4	0
263	646	5	0
263	435	4	0
263	177	4	0
264	203	2	0
267	470	4	0
267	177	5	0
267	203	5	0
267	840	4	0
267	575	3	0
268	1188	3	0
268	232	3	0
268	840	2	0
268	562	4	0
268	73	3	0
268	435	4	0
268	51	3	0
268	470	3	0
268	97	4	0
268	203	5	0
269	661	4	0
269	922	5	0
269	435	3	0
269	177	5	0
269	51	2	0
269	1188	1	0
269	232	1	0
270	97	4	0
271	435	4	0
271	97	5	0
271	73	2	0
271	177	3	0
271	470	3	0
271	510	4	0
271	51	4	0
271	661	4	0
271	203	4	0
271	570	3	0
275	435	3	0
275	470	3	0
276	575	2	0
276	73	3	0
276	922	4	0
276	840	3	0
276	51	3	0
276	1000	2	0
276	203	4	0
276	97	3	0
276	232	3	0
276	415	3	0
276	562	3	0
276	470	3	0
279	562	3	0
279	922	3	0
279	470	3	0
279	415	3	0
279	73	4	0
279	556	3	0
279	1000	4	0
279	203	2	0
279	1247	2	0
280	575	2	0
280	232	3	0
280	73	3	0
280	203	4	0
283	435	5	0
286	73	5	0
286	97	4	0
286	232	4	0
288	97	4	0
288	177	3	0
288	435	4	0
290	97	3	0
290	435	3	0
291	562	4	0
291	470	3	0
291	1188	4	0
291	575	2	0
291	97	4	0
291	232	4	0
292	203	4	0
292	510	4	0
292	661	5	0
292	589	4	0
293	646	3	0
293	51	3	0
293	510	3	0
293	73	2	0
293	232	2	0
293	589	4	0
293	177	4	0
293	203	3	0
293	435	4	0
293	97	4	0
294	840	3	0
295	232	3	0
295	470	3	0
295	570	3	0
295	435	5	0
295	73	4	0
295	97	5	0
295	1188	3	0
296	435	5	0
296	510	5	0
297	73	2	0
297	97	5	0
297	435	3	0
298	203	3	0
298	435	5	0
298	97	4	0
299	435	3	0
299	510	5	0
299	73	2	0
299	97	4	0
301	232	4	0
301	562	3	0
301	73	4	0
301	51	4	0
301	97	4	0
301	470	4	0
301	203	4	0
303	470	4	0
303	1188	4	0
303	562	4	0
303	575	4	0
303	97	5	0
303	232	4	0
303	203	5	0
303	73	3	0
303	840	2	0
303	435	5	0
305	97	4	0
305	203	4	0
308	177	5	0
308	97	1	0
308	589	4	0
308	661	4	0
308	646	5	0
308	203	5	0
308	510	3	0
308	435	4	0
308	73	3	0
311	570	4	0
311	621	4	0
311	415	3	0
311	177	5	0
311	73	4	0
311	510	4	0
311	203	5	0
311	562	3	0
311	232	3	0
311	97	4	0
311	470	3	0
311	51	4	0
311	661	3	0
312	661	5	0
312	177	3	0
312	97	5	0
312	510	5	0
312	589	5	0
312	435	4	0
313	97	4	0
313	232	3	0
313	203	5	0
313	73	5	0
313	435	5	0
313	840	2	0
313	177	4	0
313	661	4	0
313	415	2	0
314	470	3	0
314	73	4	0
314	562	4	0
315	203	3	0
316	97	5	0
316	435	2	0
318	575	2	0
318	435	5	0
320	51	5	0
320	570	4	0
320	232	4	0
320	97	5	0
320	470	5	0
320	1188	4	0
320	177	5	0
321	510	5	0
321	435	5	0
323	203	5	0
325	510	4	0
325	435	3	0
325	177	5	0
326	646	2	0
326	97	4	0
326	177	3	0
326	510	5	0
326	435	3	0
326	232	2	0
327	203	3	0
327	589	3	0
327	232	4	0
327	435	4	0
328	232	3	0
328	435	4	0
328	203	5	0
328	556	3	0
328	510	5	0
328	570	3	0
328	589	4	0
328	661	5	0
328	97	3	0
328	646	3	0
328	73	4	0
328	51	3	0
328	470	4	0
328	177	3	0
330	177	4	0
330	51	5	0
330	570	4	0
330	73	5	0
330	575	4	0
330	97	5	0
330	470	5	0
332	840	4	0
332	470	5	0
332	1188	5	0
332	562	5	0
332	97	5	0
332	232	5	0
332	73	4	0
333	435	4	0
334	510	4	0
334	922	4	0
334	203	4	0
334	73	3	0
334	840	4	0
336	575	3	0
336	232	3	0
336	1188	3	0
338	435	4	0
339	415	3	0
339	97	4	0
339	589	5	0
339	435	4	0
339	661	5	0
339	203	4	0
339	73	3	0
340	435	4	0
343	435	4	0
343	510	5	0
343	97	4	0
343	177	4	0
343	203	5	0
344	97	3	0
344	73	3	0
344	562	2	0
344	203	4	0
345	1247	2	0
345	51	5	0
345	570	2	0
345	470	4	0
346	203	4	0
346	415	2	0
346	177	4	0
346	97	4	0
346	1188	1	0
346	470	3	0
346	232	3	0
347	73	2	0
347	177	5	0
347	470	5	0
347	435	5	0
347	203	5	0
347	97	4	0
350	435	5	0
350	589	5	0
354	435	4	0
354	97	3	0
354	922	4	0
354	661	4	0
360	661	5	0
361	97	4	0
361	203	5	0
361	435	5	0
363	73	2	0
363	232	2	0
363	575	1	0
363	435	3	0
363	97	2	0
363	589	3	0
370	435	3	0
370	661	5	0
371	73	5	0
371	97	5	0
371	435	3	0
371	177	4	0
373	97	3	0
373	435	4	0
373	232	3	0
373	177	3	0
373	1188	3	0
373	510	3	0
374	97	5	0
374	203	3	0
378	51	3	0
378	470	3	0
378	435	4	0
378	97	5	0
378	575	3	0
378	73	3	0
378	203	4	0
379	435	5	0
379	177	4	0
379	203	4	0
379	575	2	0
379	97	3	0
379	621	4	0
380	570	3	0
380	435	3	0
380	177	3	0
380	97	3	0
381	97	4	0
382	177	4	0
383	203	5	0
383	435	4	0
385	922	4	0
385	435	3	0
385	177	4	0
385	661	4	0
386	840	5	0
387	97	2	0
387	203	4	0
387	435	3	0
387	232	2	0
387	470	3	0
389	435	4	0
389	510	3	0
389	661	4	0
391	435	5	0
391	661	5	0
391	97	4	0
391	203	4	0
391	510	5	0
391	646	4	0
391	177	4	0
392	589	4	0
392	510	4	0
393	575	2	0
393	203	4	0
393	51	4	0
393	415	4	0
393	1000	3	0
393	97	4	0
393	73	4	0
393	470	4	0
393	922	4	0
393	840	4	0
394	232	4	0
394	73	3	0
394	97	4	0
395	97	5	0
396	840	3	0
397	177	5	0
397	435	4	0
398	510	4	0
398	435	5	0
398	97	4	0
398	203	4	0
398	589	3	0
398	661	3	0
398	73	3	0
399	73	3	0
399	232	2	0
399	97	4	0
399	203	4	0
399	470	4	0
399	575	1	0
401	435	5	0
401	203	4	0
401	97	4	0
401	661	3	0
402	510	5	0
405	646	2	0
405	415	2	0
405	1004	1	0
405	203	1	0
405	1587	1	0
405	621	1	0
405	73	5	0
405	97	2	0
405	562	1	0
405	1247	1	0
405	1188	3	0
405	51	1	0
405	556	1	0
405	575	5	0
405	510	1	0
405	435	1	0
405	470	1	0
405	661	3	0
405	570	1	0
405	177	1	0
405	232	4	0
406	435	5	0
406	203	4	0
406	661	5	0
406	575	1	0
406	589	5	0
406	97	5	0
406	73	2	0
407	97	4	0
407	203	4	0
407	73	4	0
407	1188	2	0
407	177	4	0
407	232	3	0
407	510	4	0
409	435	3	0
409	97	5	0
409	203	5	0
409	661	5	0
411	435	3	0
411	73	4	0
416	1188	3	0
416	840	4	0
416	51	5	0
416	73	3	0
416	415	4	0
416	232	5	0
416	470	4	0
416	510	4	0
416	203	3	0
416	97	5	0
417	1247	3	0
417	97	4	0
417	232	3	0
417	562	4	0
417	203	4	0
417	73	3	0
417	1000	4	0
417	51	3	0
422	922	4	0
424	435	3	0
424	840	4	0
425	1188	3	0
425	562	1	0
425	435	3	0
425	177	3	0
425	97	2	0
425	232	3	0
426	646	3	0
426	661	4	0
426	510	4	0
426	435	3	0
429	435	4	0
429	97	4	0
429	177	4	0
429	203	5	0
429	232	4	0
429	570	4	0
429	470	5	0
429	510	4	0
429	73	3	0
429	415	3	0
429	562	2	0
433	435	4	0
435	177	5	0
435	203	4	0
435	562	5	0
435	435	3	0
435	73	3	0
435	470	2	0
436	73	4	0
436	840	3	0
436	435	4	0
436	470	4	0
437	415	4	0
437	97	3	0
437	203	1	0
437	51	1	0
437	435	3	0
442	470	4	0
442	203	3	0
442	1188	3	0
442	177	4	0
445	840	1	0
445	203	3	0
447	470	4	0
447	435	4	0
450	97	4	0
450	470	5	0
450	570	4	0
450	435	4	0
450	415	3	0
450	73	3	0
450	510	4	0
450	51	4	0
450	232	4	0
450	203	4	0
450	589	3	0
450	177	4	0
450	661	3	0
452	73	3	0
452	203	3	0
452	97	4	0
452	435	3	0
452	661	4	0
452	510	4	0
453	575	2	0
453	97	3	0
453	73	4	0
454	51	2	0
454	73	3	0
454	97	4	0
454	203	2	0
454	1454	2	0
454	661	4	0
454	589	2	0
454	435	2	0
455	435	4	0
455	97	5	0
456	97	4	0
456	232	2	0
456	922	4	0
456	177	4	0
457	470	5	0
457	97	5	0
457	51	5	0
457	232	4	0
457	203	4	0
458	435	4	0
458	589	4	0
458	203	5	0
458	97	1	0
461	575	2	0
464	510	4	0
465	97	2	0
466	232	4	0
466	510	2	0
468	435	4	0
468	97	5	0
468	51	3	0
469	510	4	0
472	97	3	0
472	232	4	0
472	51	5	0
472	73	4	0
472	562	5	0
472	177	4	0
474	470	3	0
474	97	5	0
474	73	3	0
474	435	5	0
474	510	4	0
474	203	5	0
474	646	4	0
474	661	4	0
476	1188	2	0
476	435	3	0
476	232	3	0
476	73	4	0
478	232	2	0
479	97	3	0
479	510	4	0
479	177	4	0
479	203	3	0
479	840	1	0
479	470	5	0
480	661	4	0
480	203	4	0
480	510	4	0
481	435	5	0
483	510	3	0
484	51	4	0
484	562	3	0
484	73	4	0
484	415	3	0
484	97	5	0
484	510	4	0
487	73	3	0
487	97	5	0
487	470	5	0
487	1188	3	0
487	232	4	0
488	203	4	0
488	97	4	0
488	510	4	0
488	589	3	0
492	97	3	0
493	435	5	0
495	232	5	0
495	1188	5	0
495	575	3	0
495	435	5	0
495	470	5	0
496	97	1	0
496	661	3	0
497	562	2	0
497	177	4	0
497	1000	2	0
497	570	3	0
497	73	3	0
497	575	3	0
497	97	4	0
497	510	3	0
497	232	3	0
497	840	3	0
498	922	5	0
498	435	3	0
498	203	5	0
499	661	3	0
499	97	4	0
499	177	3	0
500	97	4	0
501	922	4	0
501	840	4	0
503	840	1	0
503	435	3	0
503	97	4	0
504	575	3	0
504	97	4	0
504	51	4	0
504	1004	4	0
505	203	4	0
505	435	3	0
505	73	4	0
505	97	4	0
505	510	3	0
505	177	3	0
506	470	4	0
506	510	5	0
506	97	4	0
506	646	4	0
506	203	4	0
506	435	5	0
506	661	5	0
506	177	5	0
506	73	4	0
508	73	3	0
508	232	3	0
512	97	5	0
513	435	5	0
514	73	4	0
514	510	3	0
514	435	3	0
514	470	3	0
514	97	5	0
514	177	3	0
521	73	3	0
521	232	3	0
521	97	3	0
521	203	3	0
522	510	5	0
523	435	5	0
523	97	4	0
523	575	4	0
524	661	3	0
524	570	4	0
524	97	5	0
524	435	4	0
524	646	5	0
524	203	4	0
524	1454	3	0
527	177	5	0
527	203	4	0
527	646	5	0
527	661	5	0
528	203	4	0
530	470	3	0
532	510	5	0
532	840	4	0
532	570	4	0
532	97	5	0
532	470	5	0
532	562	5	0
532	177	4	0
532	51	5	0
532	203	5	0
532	1188	4	0
533	435	4	0
533	177	4	0
533	97	2	0
533	203	4	0
535	97	4	0
535	435	5	0
535	203	3	0
536	73	4	0
536	570	3	0
536	510	4	0
536	470	5	0
536	435	3	0
536	97	3	0
537	646	2	0
537	177	3	0
537	203	4	0
537	510	3	0
537	661	4	0
537	922	3	0
537	97	2	0
537	435	3	0
537	470	2	0
537	570	2	0
538	97	5	0
539	661	5	0
541	73	4	0
542	97	4	0
542	73	3	0
542	435	4	0
543	177	4	0
543	97	3	0
543	562	2	0
545	1188	3	0
545	575	3	0
545	73	4	0
545	232	3	0
545	203	4	0
545	97	3	0
545	510	3	0
545	177	3	0
548	203	5	0
551	73	2	0
551	97	5	0
551	51	5	0
551	232	5	0
551	415	4	0
551	203	5	0
551	470	5	0
551	570	4	0
551	177	5	0
553	177	4	0
553	589	5	0
553	661	5	0
553	646	4	0
553	435	4	0
559	435	2	0
559	661	3	0
559	73	4	0
560	203	4	0
561	470	3	0
561	97	3	0
561	435	3	0
561	232	3	0
561	589	3	0
561	51	3	0
561	203	4	0
561	661	4	0
561	510	3	0
562	73	4	0
562	435	4	0
566	575	1	0
566	203	4	0
566	177	4	0
566	97	3	0
567	203	4	0
567	589	5	0
567	646	5	0
567	177	4	0
568	661	4	0
568	435	2	0
573	661	4	0
576	435	4	0
577	470	5	0
577	97	5	0
577	203	3	0
579	435	5	0
581	922	5	0
585	510	5	0
586	470	4	0
586	203	3	0
586	51	4	0
586	232	3	0
586	177	3	0
588	51	4	0
588	97	2	0
588	73	3	0
588	570	4	0
591	435	4	0
592	589	5	0
592	203	5	0
592	922	3	0
592	97	4	0
593	661	2	0
593	470	2	0
593	97	4	0
593	73	2	0
593	51	3	0
595	922	4	0
600	232	3	0
600	1004	4	0
600	1188	3	0
600	562	3	0
600	570	4	0
600	435	5	0
600	177	5	0
600	510	5	0
601	840	2	0
606	203	5	0
606	97	5	0
606	435	4	0
606	562	4	0
607	435	3	0
608	97	3	0
608	661	3	0
610	203	4	0
610	51	5	0
610	97	3	0
613	435	5	0
615	435	5	0
615	97	4	0
617	646	4	0
618	203	3	0
618	97	5	0
618	73	3	0
618	470	3	0
619	562	3	0
621	73	5	0
623	435	5	0
625	97	4	0
627	232	3	0
627	1004	4	0
627	97	2	0
627	177	5	0
627	562	2	0
627	435	5	0
627	51	5	0
627	470	3	0
627	510	4	0
629	435	4	0
632	97	4	0
632	73	3	0
632	510	5	0
632	470	4	0
632	203	3	0
632	51	4	0
633	177	3	0
633	97	3	0
634	840	2	0
634	922	4	0
637	922	1	0
638	510	3	0
638	435	3	0
639	661	4	0
639	97	1	0
639	510	3	0
639	51	2	0
641	203	4	0
642	73	4	0
642	470	4	0
642	575	3	0
642	51	5	0
642	570	1	0
642	97	4	0
642	1000	3	0
643	203	4	0
643	470	4	0
643	435	5	0
643	177	4	0
645	177	4	0
645	73	3	0
645	435	4	0
645	203	4	0
647	203	3	0
647	177	5	0
647	73	5	0
648	435	5	0
648	840	1	0
648	575	3	0
648	177	5	0
648	510	5	0
648	203	1	0
650	1247	1	0
650	661	3	0
650	203	3	0
650	97	3	0
650	435	4	0
650	510	3	0
650	232	3	0
650	177	2	0
650	73	3	0
653	97	3	0
653	840	4	0
653	177	3	0
653	575	1	0
653	1188	1	0
653	510	2	0
653	232	2	0
654	97	3	0
655	203	3	0
655	435	2	0
655	97	3	0
655	51	2	0
657	922	4	0
658	510	3	0
659	646	4	0
659	661	5	0
659	97	5	0
659	177	5	0
659	73	4	0
660	470	2	0
660	177	2	0
660	435	4	0
660	510	3	0
660	97	3	0
661	97	4	0
664	97	3	0
664	203	4	0
664	73	2	0
665	97	2	0
665	177	3	0
666	646	3	0
666	435	4	0
666	661	4	0
666	177	3	0
666	203	4	0
666	510	4	0
666	97	4	0
667	435	3	0
668	97	2	0
669	97	4	0
670	232	3	0
671	510	3	0
671	177	4	0
671	570	3	0
671	562	5	0
671	203	3	0
679	73	4	0
679	97	3	0
680	203	3	0
682	232	3	0
682	922	3	0
682	570	2	0
682	556	2	0
682	1188	3	0
682	97	4	0
682	470	5	0
682	51	5	0
682	562	2	0
682	73	5	0
684	435	3	0
684	73	4	0
686	97	2	0
686	435	5	0
690	51	3	0
690	203	4	0
690	73	2	0
690	232	4	0
690	435	5	0
693	97	5	0
693	177	3	0
694	510	5	0
694	661	5	0
694	97	5	0
694	1455	3	0
694	177	5	0
694	470	4	0
694	203	4	0
694	435	4	0
698	177	1	0
698	435	3	0
700	73	3	0
704	661	4	0
704	1454	3	0
704	435	4	0
705	97	3	0
707	97	4	0
709	232	5	0
709	470	3	0
709	97	5	0
709	1188	4	0
709	203	4	0
710	510	4	0
711	232	3	0
711	97	4	0
711	203	4	0
711	51	4	0
712	177	2	0
712	415	4	0
712	575	3	0
712	232	3	0
712	97	5	0
712	510	2	0
712	73	5	0
712	51	3	0
715	1188	2	0
715	470	4	0
715	73	4	0
715	232	4	0
715	97	3	0
716	661	3	0
716	435	4	0
716	203	4	0
716	570	3	0
716	73	4	0
716	97	4	0
716	177	2	0
716	470	4	0
719	97	3	0
719	510	4	0
721	51	4	0
721	97	4	0
721	435	4	0
727	510	4	0
727	73	4	0
727	840	2	0
727	177	4	0
727	562	2	0
727	435	3	0
727	570	2	0
727	203	5	0
727	232	3	0
727	1188	2	0
727	556	2	0
727	470	5	0
731	510	1	0
731	97	5	0
733	922	3	0
734	97	4	0
738	97	4	0
738	203	3	0
738	177	4	0
738	470	4	0
739	661	2	0
739	97	5	0
741	435	4	0
745	646	4	0
745	203	3	0
745	177	3	0
745	510	3	0
746	232	3	0
747	510	5	0
747	97	5	0
747	661	5	0
747	73	4	0
748	97	4	0
749	73	4	0
749	661	5	0
749	435	4	0
749	470	5	0
749	203	4	0
749	510	4	0
749	232	4	0
749	1188	3	0
749	621	3	0
752	621	1	0
752	589	4	0
753	510	4	0
753	435	4	0
754	922	3	0
756	435	3	0
756	97	3	0
757	1188	3	0
757	562	3	0
757	97	4	0
757	470	3	0
757	203	5	0
757	570	3	0
757	232	3	0
758	922	5	0
758	177	5	0
758	203	5	0
758	510	3	0
758	435	5	0
761	840	4	0
763	510	4	0
763	73	3	0
763	97	3	0
766	435	3	0
766	510	3	0
766	177	3	0
766	646	4	0
767	177	5	0
771	203	1	0
771	97	1	0
773	232	3	0
773	840	1	0
773	1188	2	0
774	97	2	0
774	510	2	0
774	203	2	0
774	177	4	0
774	232	2	0
774	840	2	0
776	661	5	0
776	510	5	0
776	177	4	0
780	97	5	0
780	510	4	0
781	232	3	0
781	97	4	0
785	661	3	0
786	97	4	0
786	203	4	0
786	177	4	0
788	661	5	0
788	589	5	0
788	510	5	0
788	562	3	0
788	556	2	0
788	97	3	0
788	203	5	0
788	470	3	0
788	570	3	0
788	621	3	0
788	646	3	0
788	51	4	0
788	73	3	0
788	177	3	0
788	435	3	0
790	1188	3	0
790	73	4	0
790	470	4	0
790	232	4	0
790	203	4	0
790	570	2	0
790	97	2	0
790	51	3	0
792	840	2	0
795	97	2	0
795	203	3	0
796	570	2	0
796	232	3	0
796	97	3	0
796	510	3	0
796	203	3	0
798	415	3	0
798	97	1	0
798	73	4	0
802	646	4	0
804	177	5	0
804	1188	2	0
804	97	4	0
804	203	4	0
804	415	3	0
804	510	5	0
804	646	4	0
804	435	3	0
805	470	5	0
805	661	4	0
805	922	5	0
806	177	3	0
807	510	5	0
807	177	4	0
807	73	3	0
807	415	3	0
807	435	3	0
807	570	4	0
807	470	5	0
815	435	4	0
815	203	4	0
815	97	5	0
817	840	2	0
819	177	4	0
821	97	5	0
821	435	4	0
823	97	5	0
825	840	4	0
826	570	4	0
826	232	3	0
826	177	5	0
826	510	4	0
826	435	4	0
828	510	3	0
830	177	4	0
830	510	4	0
830	97	4	0
830	435	5	0
830	661	4	0
830	203	4	0
833	203	5	0
833	646	5	0
833	589	5	0
833	840	2	0
833	435	2	0
833	177	5	0
835	97	5	0
840	661	5	0
840	97	3	0
840	435	4	0
840	203	5	0
843	177	3	0
843	435	2	0
843	661	3	0
843	97	3	0
844	97	3	0
846	415	2	0
846	470	5	0
846	177	3	0
846	1188	2	0
846	510	4	0
846	570	4	0
846	1004	3	0
846	73	4	0
846	562	5	0
846	661	4	0
846	435	5	0
846	575	2	0
846	203	5	0
846	51	4	0
846	97	4	0
846	232	3	0
848	661	3	0
848	97	5	0
848	435	3	0
850	97	5	0
850	435	4	0
851	840	3	0
851	435	4	0
852	840	3	0
854	840	2	0
854	922	5	0
854	203	4	0
855	510	4	0
862	177	4	0
862	97	4	0
862	203	4	0
862	435	5	0
864	470	4	0
864	562	4	0
864	97	4	0
864	232	4	0
864	203	5	0
864	73	5	0
867	51	3	0
867	203	4	0
868	589	4	0
868	562	2	0
868	922	5	0
868	73	1	0
868	621	2	0
868	1188	1	0
868	232	1	0
868	556	3	0
868	646	5	0
868	470	1	0
870	646	4	0
870	570	2	0
870	51	2	0
870	203	4	0
870	435	3	0
870	177	4	0
870	470	3	0
870	589	4	0
871	177	5	0
871	435	3	0
871	575	5	0
871	510	3	0
871	97	3	0
876	435	4	0
877	203	4	0
878	97	3	0
878	435	4	0
878	51	4	0
880	232	4	0
880	1188	2	0
880	1000	3	0
880	435	4	0
880	470	4	0
880	97	4	0
880	570	3	0
880	177	5	0
880	575	3	0
880	556	3	0
881	435	3	0
881	97	3	0
881	51	5	0
881	177	4	0
881	575	2	0
882	203	4	0
882	470	4	0
882	510	5	0
882	177	5	0
883	435	4	0
883	589	5	0
883	922	5	0
883	661	4	0
884	510	5	0
885	97	5	0
886	232	3	0
886	435	3	0
886	177	4	0
886	589	3	0
887	562	5	0
887	470	3	0
889	562	3	0
889	435	4	0
889	232	3	0
889	1188	2	0
889	73	3	0
889	646	3	0
889	97	3	0
889	470	4	0
889	203	2	0
889	177	4	0
889	575	3	0
890	435	5	0
890	97	4	0
890	589	5	0
892	435	4	0
892	661	5	0
892	73	3	0
892	470	4	0
892	177	4	0
892	1454	3	0
892	97	5	0
892	203	5	0
892	570	3	0
894	922	4	0
896	570	2	0
896	1004	2	0
896	73	3	0
896	435	4	0
896	51	2	0
896	661	4	0
896	232	3	0
896	840	2	0
896	575	2	0
896	97	4	0
896	562	2	0
896	203	5	0
896	470	2	0
897	97	5	0
897	470	4	0
897	510	3	0
897	73	3	0
897	177	5	0
897	435	3	0
897	840	3	0
897	203	4	0
897	232	5	0
897	646	5	0
899	51	1	0
899	203	4	0
899	470	4	0
899	177	3	0
899	73	4	0
899	435	3	0
900	661	4	0
900	589	5	0
901	435	5	0
901	73	5	0
903	177	4	0
903	203	4	0
904	97	4	0
907	97	5	0
911	203	4	0
911	435	5	0
912	646	3	0
912	661	2	0
912	97	4	0
913	203	4	0
916	51	2	0
916	232	3	0
916	177	3	0
916	470	3	0
916	203	4	0
916	570	3	0
916	97	4	0
916	73	3	0
921	97	2	0
922	562	3	0
922	51	4	0
924	562	3	0
929	435	3	0
929	589	5	0
932	203	4	0
932	470	3	0
932	510	4	0
932	589	5	0
932	646	4	0
932	562	2	0
932	1454	4	0
932	661	5	0
932	435	4	0
932	570	4	0
932	177	4	0
933	575	1	0
933	73	4	0
933	470	4	0
933	435	4	0
933	1188	1	0
933	177	4	0
933	232	1	0
933	840	3	0
933	97	2	0
934	435	4	0
934	97	4	0
934	177	3	0
934	510	5	0
934	661	4	0
938	840	2	0
942	435	5	0
942	97	5	0
942	661	4	0
943	73	3	0
943	232	4	0
943	570	1	0
943	470	4	0
943	415	1	0
943	51	1	0
943	1188	3	0
943	840	4	0
943	97	2	0
