01204 
00975 
00398 
00956 
00297
00610 
00230
00665 
00215
01239 
00611 
00107 
00505 
01062 
00957 
00944 
00926 
00799 
00562 
01192 
01148 
00106 
00550 
00322
01222 
00982 
00767 
00258
00741 
00794 
00986 
01200 
00436 
00244
01207 
00726 
00687 
00401 
01185 
00190
00768 
01198 
00262
00720 
01143 
00915 
00860 
00406 
00240
01076 
01156 
00532 
00260
00392 
01157 
00942 
01031 
01214 
00748 
00935 
00931 
01111 
01199 
00351
00477 
00808 
00254
00490 
00149 
00202
00854 
00317
00848 
00267
00468 
00372 
00104 
00134 
00056 
00299
00943 
00911 
01218 
00828 
01013 
00179
00352
00484 
00345
00180
00980 
00377 
00465 
00087 
00169
00891 
00817 
00098 
00114 
00133 
00081 
00781 
00681 
00992 
01152 
01211 
00135 
00286
00417 
00511 
00548 
00498 
00432 
01045 
00302
00614 
00904 
00386 
00690 
01096 
00771 
00102 
00067 
00303
00325
00360 
00779 
00953 
01092 
00307
00366 
00566 
00685 
01026 
00236
00469 
00647 
00987 
00055 
00140 
00589 
00988 
00055 
00211
00671 
00936 
00961 
00003 
00011 
00187
00439 
00525 
00964 
00971 
01167 
00205
00535 
00856 
00039 
00561 
00425 
00691 
00662 
00853 
00999 
01019 
01142 
00038 
00013 
00218
00265
00540 
00394 
00628 
00624 
00796 
00809 
00984 
01159 
01209 
01050 
01163 
00004 
00175
00495 
00766 
00946 
01155 
01165 
01238 
00655 
00139 
00526 
00411 
00973 
00969 
00798 
00786 
00895 
01005 
00278
00333
00268
00803 
00573 
00063 
00320
00646 
00765 
00658 
00959 
00819 
00960 
01172 
01201 
01170 
01044 
00059 
00336
00337
00475 
00382 
00749 
00758 
00586 
00602 
00869 
00830 
00997 
01091 
00124 
00466 
00380 
00358 
00754 
00625 
00680 
00807 
00831 
01002 
01106 
01107 
01206 
01136 
01160 
01135 
01233 
00892 
00151 
00033 
00074 
00306
00559 
00375 
00576 
00378 
00455 
00489 
00746 
00810 
00881 
00965 
01181 
01178 
01137 
01168 
01145 
01161 
00989 
00126 
00312
00347
00574 
00553 
00572 
00564 
00867 
00968 
00840 
00901 
01205 
01014 
01202 
01173 
00141 
00141 
00745 
00148 
00206
00355
00536 
00568 
00496 
00571 
00494 
00689 
00722 
00693 
00852 
00962 
00950 
00914 
00815 
00822 
01115 
01175 
01203 
00998 
01162 
01213 
01128 
00142 
00246
00248
00397 
00529 
00527 
00441 
00431 
00501 
00565 
00454 
00451 
00755 
00963 
00875 
00951 
00858 
00977 
00906 
01125 
01216 
00471 
00538 
00404 
00684 
00707 
00633 
00632 
00648 
00912 
00850 
00898 
00870 
00930 
01039 
01117 
01177 
01169 
00144 
00314
00530 
00676 
01016 
01120 
00018 
00137 
00993 
00143 
00150 
00122 
00313
00201
00243
00541 
00430 
00543 
01237 
01171 
00031 
00085 
00147 
00437 
00523 
00534 
00552 
00502 
00584 
00751 
00899 
00877 
00790 
00785 
00954 
01066 
00031 
00311
00235
00185
00499 
00427 
00567 
00508 
00731 
00738 
00705 
00730 
00845 
00812 
00797 
00878 
01083 
01139 
01093 
01179 
01158 
01182 
01040 
01224 
01166 
01197 
00062 
00083 
00089 
00272
00520 
00585 
00694 
00740 
00597 
00949 
01146 
01067 
00062 
00052 
00189
00269
00174
00438 
00497 
00697 
01164
00424 
00563 
00301
00266
00596 
00739 
00905 
01049 
01188 
01210 
01042 
01234 
01151 
00208
00242
00453 
00669 
00811 
01099 
00415 
00522 
00742 
00588 
00902 
