00025 
00552 
00394 
01091 
00502 
01171 
00090 
00599 
00986 
00265
00912 
00337
00437 
00135 
00242
00726 
00295
00964 
01163 
00731 
00063 
00089 
01066 
00965 
00830 
00244
00498 
00501 
01218 
00931 
00926 
00432 
00607 
01169 
00489 
00684 
00730 
01115 
00905 
01234 
00790 
01067 
00988 
01197 
00968 
00153 
00062 
00062 
00473 
00676 
00755 
00767 
00243
00944 
00327
00320
00064 
00333
00536 
00751 
00386 
00389 
00134 
01093 
00987 
00392 
00999 
00340
00559 
00144 
00227
00806 
00182
01024 
00804 
01237 
00441 
00332
00592 
01031 
01185 
00648 
00819 
00845 
01195 
00055 
00055 
00875 
00945 
00460 
00377 
00614 
01226 
01131 
00262
00139 
01111 
01190 
00650 
01147 
00689 
00934 
00798 
00183
01172 
00899 
00975 
00508 
00699 
00490 
00241
00990 
00200
00511 
00942 
00837 
01087 
00499 
00349
00989 
00237
01148 
00321
01173 
00696 
00727 
00680 
00296
00722 
00195
00465 
00510 
00032 
00415 
00517 
00372 
00446 
01005 
00084 
00733 
00299
00422 
00330
00011 
01112 
00542 
00870 
00254
01016 
00205
00969 
01149 
00326
01019 
00943 
00013 
00081 
00516 
00749 
00155 
00155 
00922 
00703 
01161 
00368 
00763 
01135 
00163 
00800 
00425 
00397 
01145 
00596 
00057 
00513 
00250
00370 
00694 
00550 
00901 
00020 
00662 
00914 
00190
00883 
00742 
00024 
00359 
01194 
00373 
00803 
00541 
00671 
00124 
00278
00915 
00095 
00442 
00885 
01081 
00106 
00505 
00568 
00728 
00897 
01102 
00102 
00898 
01143 
00481 
00886 
00826 
00791 
00658 
00867 
01213 
00224
00248
00141 
00141 
01038 
00670 
00148 
00822 
01162 
00203
00406 
01004 
00573 
00963 
00484 
00043 
01105 
00813 
00192
00811 
01180 
01073 
00388 
01076 
00189
00302
00849 
01078 
01035 
00107 
00118 
00540 
00606 
00282
01032 
00585 
01144 
00597 
00936 
00166 
00590 
00398 
00387 
01177 
01233 
00682 
00882 
00904 
00847 
00956 
00768 
00366 
00589 
00424 
00238
00459 
01003 
00322
01188 
00469 
00218
00038 
00796 
00984 
00211
00176
00369 
01151 
00563 
00088 
00775 
00187
00564 
00562 
00307
00039 
01050 
01096 
00525 
00184
00959 
00630 
00411 
00140 
00794 
00771 
00685 
00255
01099 
00582 
00396 
00750 
00659 
01012 
00977 
00674 
01192 
00961 
01159 
01165 
00347
00306
01238 
00860 
00003 
00971 
00647 
00348
00487 
00376 
00745 
00004 
00210
01199 
00814 
00159 
00193
00998 
01181 
01168 
00973 
00059 
00602 
00279
00842 
00466 
00754 
01106 
00380 
00960 
01167 
00260
00856 
00334
00213
00401 
00962 
00633 
01206 
01200 
00461 
00982 
00687 
00863 
00601 
00838 
01053 
00358 
01205 
01107 
00758 
01071 
00455 
00431 
00297
00022 
01138 
01039 
00037 
00535 
00766 
00946 
01155 
00056 
00911 
00852 
00571 
00807 
01136 
00553 
00840 
00301
00323
00471 
00458 
00940 
01201 
01170 
00878 
00895 
01222 
00336
01118 
00496 
00693 
00815 
00179
00725 
00151 
00074 
01137 
00983 
00454 
00858 
00906 
01125 
00889 
00427 
01224 
00225
00546 
00538 
01117 
00765 
01083 
00816 
00543 
00314
00206
00355
00764 
00212
01007 
01060 
00271
01077 
00031 
00031 
00246
00951 
01043 
00812 
01062 
00879 
00782 
01103 
00019 
01164
00428 
00673 
01229 
01015 
00312
00572 
00150 
00705 
01179 
00201
01204 
00527 
00451 
00494 
01175 
01128 
00707 
00061 
00315
00217
00623 
01132 
00719 
00087 
00005 
01134 
01119 
00174
00317
00172
00147 
00523 
00785 
00160 
00472 
00479 
00928 
01232 
00565 
01157 
00162 
00185
00661 
00143 
00313
00823 
00311
01040 
00272
00438 
00663 
00208
00748 
00014 
00137 
00346
00352
01108 
00156 
00027 
00154 
00221
00292
00170
00605 
00937 
00715 
00668 
00732 
00578 
00085 
00584 
00738 
00821 
00430 
00232
00342
00268
01120 
00018 
00993 
00350
00239
00919 
00067 
00896 
00052 
00269
00497 
00305
00125 
00325
01051 
00486 
00457 
00518 
00503 
00947 
00855 
01211 
00194
00149 
00967 
01116 
00603 
00622 
01129 
00083 
00520 
01146 
00667 
00435 
00980 
00440 
00653 
00669 
00050 
00017 
00824 
01228 
01006 
00588 
00519 
00865 
01000 
00436 
01210 
01042 
00925 
00286
00410 
00762 
01041 
00219
00690 
00452 
01090 
00226
01212 
00566 
01026 
00236
00186
00449 
00774 
01011 
00522 
00665 
00439 
00093 
00047 
01034 
00304
00545 
00561 
00691 
00957 
00853 
01142 
00741 
00628 
00624 
00809 
01209 
00101 
00641 
01036 
01037 
01045 
00902 
00129 
00580 
00175
00495 
00300
00549 
00666 
00655 
00526 
00786 
00281
00263
00710 
00643 
00646 
01044 
00475 
00382 
00586 
00869 
00997 
00625 
00831 
01002 
01160 
00335
00073 
00133 
00892 
00104 
00955 
00620 
00985 
00033 
00375 
00576 
00378 
00746 
00810 
00881 
01178 
00126 
00574 
01014 
01156 
01207 
01202 
00872 
01109 
00950 
01203 
00660 
00142 
00529 
01216 
00034 
00202
00197
00404 
00632 
00850 
00930 
00048 
00615 
00818 
00917 
00530 
00157 
00537 
00488 
00433 
00365 
00776 
00933 
00787 
00941 
01013 
00076 
00909 
01028 
00164 
00524 
00594 
00122 
00534 
00877 
00954 
00402 
00617 
00177
00780 
01082 
00002 
00069 
00120 
00343
00664 
00835 
00920 
01088 
00677 
00235
00567 
00532 
00797 
01139 
01158 
01182 
01166 
00639 
00903 
00833 
00207
00328
00491 
00492 
00756 
00701 
00777 
00593 
00861 
00788 
00891 
00921 
00808 
01008 
00188
00007 
00429 
01110 
00100 
00740 
00949 
00697 
00204
00273
00421 
00778 
00698 
00829 
01009 
00231
01152 
01104 
00483 
00779 
00082 
00051 
00026 
00080 
00229
00859 
00784 
00793 
00972 
01191 
01054 
00082 
00070 
00136 
00319
00570 
00581 
00362 
00704 
00924 
00880 
01084 
00070 
00030 
00023 
00181
00769 
01124 
01075 
00611 
00266
00739 
00610 
01049 
00577 
00223
00288
00293
00711 
00907 
01065 
01068 
01223 
00042 
00364 
00657 
00737 
00700 
00060 
00103 
00417 
00504 
00533 
00679 
00714 
01193 
00119 
00130 
00391 
00579 
00357 
00747 
00651 
00618 
00884 
00851 
00970 
00916 
00873 
01017 
01058 
00006 
00383 
00631 
00587 
00629 
01047 
00258
00521 
00228
00351
00604 
00688 
00913 
00887 
01227 
00453 
00001 
00113 
00251
00289
00274
00528 
00447 
00361 
00414 
00480 
00462 
00419 
00770 
00772 
00692 
00753 
00844 
00958 
00828 
00848 
00802 
01025 
01114 
01057 
01048 
01214 
00341
00284
00554 
00555 
00672 
00757 
00583 
00923 
00952 
00992 
01220 
00165 
00331
00270
00515 
00627 
00866 
00890 
00612 
00743 
00805 
01086 
00308
00290
00173
00445 
00734 
00640 
00695 
01101 
01070 
01033 
01239 
01046 
00981 
01074 
00015 
00049 
00053 
00092 
00068 
00146 
00167 
00021 
00008 
00096 
00316
00252
00222
00233
00199
00191
00169
00569 
00390 
00409 
00478 
00420 
00736 
00626 
00636 
00675 
00752 
00683 
00598 
00832 
00929 
00836 
00888 
01141 
01056 
01126 
01095 
01010 
01052 
00995 
00015 
00065 
00253
00178
00463 
00953 
00110 
00072 
00040 
00283
00245
00407 
00418 
00556 
00363 
00443 
00408 
00591 
00874 
00841 
00862 
00843 
01055 
01198 
01127 
01215 
00367 
01085 
00108 
00123 
00161 
00230
00287
00209
00196
00467 
00539 
00548 
00506 
00482 
00371 
00706 
00616 
00717 
00876 
01140 
01030 
01021 
00259
00098 
00077 
