00543 
00368 
00576 
00871 
00850 
00646 
00024 
00194
00586 
00904 
01195 
00655 
01200 
01206 
00089 
00566 
01201 
00676 
00062 
00242
01004 
00495 
00707 
01006 
00950 
00227
00401 
01014 
00104 
00073 
00625 
00964 
00085 
00877 
01142 
00437 
00150 
01035 
00969 
01237 
01003 
01222 
00320
00665 
00897 
00674 
01047 
01157 
00628 
00473 
00559 
00940 
00926 
00996 
00243
00074 
00453 
00039 
00957 
00999 
00144 
00907 
00020 
01040 
00827 
00336
00548 
01005 
00532 
00647 
00348
00185
00425 
01213 
00522 
00307
00380 
00293
01153 
01019 
00680 
00987 
00475 
00319
00814 
01231 
00022 
00244
00188
01067 
00525 
01159 
01110 
00508 
01017 
01203 
00064 
00451 
00337
00699 
00343
00299
00734 
01030 
00988 
00564 
01002 
00592 
00790 
00845 
00842 
01204 
00392 
00963 
00959 
01162 
00192
00941 
00819 
00795 
01169 
00077 
01085 
00821 
00314
00083 
00949 
00461 
01224 
00180
00190
01016 
00529 
01188 
00018 
01197 
00985 
00815 
01038 
00358 
00149 
00291
00196
00507 
00748 
00989 
00375 
00986 
00740 
00584 
00609 
01073 
00027 
00154 
00330
00233
00872 
00846 
00942 
01052 
01211 
00749 
00087 
00563 
00811 
00745 
00430 
00956 
00511 
00071 
00268
00710 
00596 
01083 
00645 
00536 
00372 
00791 
00792 
01212 
00140 
00093 
00050 
00388 
00829 
01126 
01111 
01202 
00678 
00394 
00606 
00448 
00736 
00671 
00632 
01117 
00800 
01165 
00201
00091 
00761 
00943 
01144 
00809 
00906 
01045 
00664 
00155 
01071 
00764 
00965 
00860 
00072 
00234
00369 
00446 
01174 
00063 
00052 
00163 
00830 
01163 
00798 
00152 
01074 
00055 
00502 
01151 
00172
00038 
00831 
00322
01149 
01096 
00118 
00875 
00499 
00111 
00458 
00414 
00360 
00661 
00844 
01092 
01177 
00617 
01084 
00527 
00241
00253
00393 
01140 
00629 
00885 
01185 
00108 
00442 
00467 
00936 
01171 
01143 
01155 
00540 
00526 
00449 
00840 
00768 
00806 
01234 
00635 
00852 
00689 
01172 
01173 
00189
00497 
00589 
00794 
00011 
00971 
00306
00397 
00434 
00928 
00260
01156 
00653 
00501 
00174
00697 
00151 
00810 
01178 
01161 
00765 
00004 
00766 
00946 
01238 
00961 
00059 
00382 
00899 
00914 
00998 
00886 
00582 
00395 
00805 
01048 
01043 
00304
00246
00266
00432 
00630 
00607 
00778 
00613 
00895 
00703 
00466 
00803 
01183 
00951 
00960 
01170 
00684 
00898 
00930 
00259
00694 
00896 
00107 
00126 
00347
00901 
00001 
00429 
00955 
00415 
00812 
00248
00755 
00858 
00982 
00892 
00990 
00258
00643 
00139 
00125 
01062 
00438 
00262
00541 
00993 
00516 
00546 
00597 
00235
01229 
00032 
00340
00654 
00859 
00481 
00599 
01131 
00224
00182
00578 
00724 
00763 
01024 
01015 
00133 
01194 
00136 
00472 
00757 
00843 
00204
00480 
00642 
01214 
00490 
00581 
01081 
00302
00614 
00498 
00386 
00690 
00095 
00588 
00080 
00017 
00237
00183
00590 
00788 
00934 
00837 
00824 
01228 
00081 
00308
00323
00349
00920 
00994 
00366 
01026 
00236
00469 
00211
00092 
00045 
00096 
00701 
00861 
00793 
01109 
01008 
00003 
00187
00439 
01167 
00922 
00166 
00254
00479 
01079 
01147 
00205
00535 
00562 
00771 
00856 
00627 
00561 
00691 
00685 
00662 
00853 
00013 
00218
00265
00741 
00624 
00796 
00984 
01209 
01050 
00924 
00874 
00947 
00295
00197
00719 
01041 
00338
00411 
00973 
00786 
00041 
00090 
00556 
00444 
00443 
00952 
01077 
01223 
00573 
00275
00650 
00593 
00135 
00223
00387 
01033 
01138 
01227 
01193 
00725 
00658 
01044 
00869 
00997 
01091 
00124 
00754 
00726 
00807 
01148 
01106 
01107 
01136 
01160 
01135 
01233 
00333
00550 
00737 
00134 
00504 
00422 
00423 
00452 
00980 
00913 
01090 
01075 
01078 
00033 
00378 
00455 
00489 
00746 
01181 
01137 
01145 
00312
00175
00574 
00572 
00867 
00968 
01205 
01207 
00113 
00321
00577 
00488 
00356 
00692 
00245
00557 
00514 
00583 
00927 
01001 
01186 
00978 
00575 
00484 
00141 
00148 
00206
00355
00568 
00398 
00496 
00571 
00494 
00758 
00602 
00693 
00962 
00822 
01115 
01175 
01128 
00331
00983 
00142 
00441 
00431 
00565 
00454 
00977 
01125 
01216 
00471 
00538 
00404 
00633 
00912 
00975 
00870 
00881 
01039 
01192 
01168 
00530 
00864 
01129 
00098 
00440 
00611 
01112 
00120 
00341
00232
00287
00195
00714 
00813 
00835 
00967 
01020 
00660 
01120 
00137 
00553 
00119 
00051 
00285
00199
00191
00399 
00637 
00618 
00683 
00884 
00929 
00808 
01219 
01007 
01230 
00143 
00122 
00313
00722 
00523 
00552 
00767 
00751 
00648 
00785 
00954 
01076 
01066 
00542 
00804 
00311
00427 
00567 
00731 
00738 
00730 
00797 
00944 
01139 
01093 
01179 
01158 
01182 
01166 
00007 
00179
00462 
00848 
00865 
01034 
01051 
01059 
00110 
00115 
00160 
00332
00485 
00406 
00711 
00923 
00862 
01064 
01134 
00370 
00031 
00147 
00297
00272
00520 
00534 
00585 
01146 
00269
00705 
00878 
00915 
01164
00424 
00070 
00256
00238
00352
00177
00470 
00506 
00460 
00679 
00706 
00695 
00847 
00876 
00854 
01101 
01239 
01065 
01180 
00281
00301
00436 
00610 
00905 
01049 
01210 
01042 
00106 
00065 
00048 
00315
00279
00346
00505 
00400 
00374 
00528 
00519 
00463 
00631 
00421 
00608 
00587 
00776 
00716 
00673 
00953 
00917 
00816 
01105 
01021 
01103 
00208
00739 
00669 
01199 
01099 
00019 
00278
00367 
00667 
01086 
00742 
00902 
