01188 
00606 
00437 
01073 
00819 
00767 
01197 
00242
00358 
00398 
01007 
00163 
00964 
00064 
00206
01110 
00211
00543 
01039 
01149 
00341
00926 
01067 
01003 
00134 
00546 
00024 
00302
01081 
01038 
00372 
00106 
00536 
01078 
00699 
00814 
00962 
00904 
01168 
00386 
01071 
00394 
00959 
00368 
00508 
00999 
01163 
00011 
01048 
01165 
00726 
01159 
00906 
00758 
00446 
01195 
00063 
00490 
00965 
00155 
00155 
00055 
00055 
00754 
00790 
00988 
00538 
00311
01111 
00830 
00502 
00766 
00798 
00150 
00975 
01041 
00693 
00969 
00931 
01112 
01162 
00062 
00062 
00856 
01169 
00568 
00885 
00140 
00842 
00337
00676 
00499 
01148 
01206 
00189
01173 
00523 
00020 
00087 
00542 
00815 
00765 
00174
01171 
01172 
00742 
00689 
00243
00481 
00581 
00314
01199 
00899 
00886 
00144 
00821 
00246
00397 
01016 
01218 
00584 
00107 
00247
00050 
00388 
00089 
00768 
00694 
00559 
01180 
00566 
00810 
00986 
00973 
00956 
00958 
00671 
00340
00592 
01212 
00038 
00809 
01120 
01020 
00505 
00192
00840 
01143 
00878 
00377 
00224
01237 
00459 
01151 
00204
00736 
01131 
00182
01024 
00651 
00970 
01006 
00244
01047 
00599 
00614 
00241
01045 
00875 
00480 
01214 
01044 
00415 
00316
00733 
00836 
00183
00288
01234 
00936 
00526 
00166 
00590 
00477 
00806 
01147 
00950 
01031 
00366 
00159 
00813 
00589 
00897 
01077 
00987 
00296
01215 
00227
00237
00934 
00308
00323
00322
00201
00778 
00697 
01156 
00655 
00469 
00218
00400 
01029 
00295
00501 
01227 
00187
00892 
00205
00562 
00092 
00096 
00928 
00907 
01050 
01096 
01005 
00629 
00290
00630 
00411 
00794 
00422 
00771 
00685 
00952 
00458 
00262
00254
00961 
00265
01075 
00347
00703 
00860 
00003 
00971 
01019 
00647 
00550 
00348
00745 
01135 
00208
00453 
00719 
00004 
00848 
00090 
00556 
00443 
00320
00998 
00139 
01181 
00059 
00602 
01062 
00607 
00466 
01106 
00913 
00989 
00013 
01103 
00960 
01167 
00260
00901 
00401 
00633 
00613 
01200 
00425 
00982 
00258
01205 
00611 
00680 
01107 
00043 
00061 
01091 
00722 
01074 
00333
00990 
00455 
00489 
01161 
00870 
00022 
00432 
01138 
00473 
00535 
00532 
00541 
00946 
01155 
00056 
00299
00943 
00911 
00852 
00914 
00032 
00804 
00190
00807 
01136 
00968 
00471 
00648 
00912 
00467 
01201 
01170 
00895 
01222 
00336
00563 
00496 
00141 
00141 
00151 
00074 
01137 
00749 
00124 
00922 
00983 
00441 
00454 
00858 
01125 
00643 
00427 
01224 
00684 
01117 
00658 
00867 
00573 
00355
00031 
00751 
00031 
00791 
00755 
00951 
00812 
00484 
00915 
01164
00511 
01229 
01015 
00312
00572 
00465 
00281
00028 
00157 
00321
00705 
00730 
01179 
00527 
00451 
00963 
00823 
00148 
00494 
00822 
01115 
01175 
01128 
00707 
00898 
00098 
00440 
00653 
00896 
00147 
00552 
00785 
01066 
00248
00392 
00565 
01157 
00185
00143 
00313
00731 
01040 
00803 
00438 
00748 
00137 
00324
00373 
00578 
00763 
00085 
01076 
00738 
01194 
00597 
00370 
00430 
00905 
00018 
00993 
00642 
00575 
00052 
00269
00497 
00944 
01211 
00194
00498 
00424 
01092 
00083 
00520 
00585 
01146 
00101 
00570 
00638 
00669 
00811 
00017 
00837 
00824 
01228 
00660 
00588 
00197
00920 
00994 
00436 
01210 
01042 
00690 
00041 
01008 
00041 
01099 
00334
00531 
00634 
00307
01004 
01026 
00236
01185 
00665 
01084 
00439 
00525 
00039 
00561 
00691 
00662 
00957 
00853 
01142 
00540 
00741 
00628 
00624 
00796 
00984 
01209 
00135 
00387 
00674 
00652 
00902 
00175
00495 
01238 
00786 
00504 
00452 
00980 
01183 
00646 
00475 
00382 
00586 
00869 
00997 
00380 
00625 
00831 
01002 
01160 
01233 
00985 
00033 
00306
00375 
00576 
00378 
00746 
00881 
01178 
01145 
00126 
00574 
00553 
00564 
01014 
01207 
01202 
00571 
01203 
01213 
00142 
00529 
00431 
00977 
01216 
00404 
00632 
00850 
00930 
01192 
01177 
00530 
00164 
00524 
00594 
00122 
01204 
00534 
00877 
00954 
00402 
00177
00780 
01082 
00677 
00235
00567 
00845 
00797 
01083 
01139 
01093 
01158 
01182 
01166 
00639 
00903 
00833 
01118 
00188
00088 
00332
00271
00007 
00429 
00100 
01119 
00297
00272
00740 
00949 
00184
00273
00346
00421 
00698 
00829 
01009 
00231
01152 
01190 
01104 
00082 
00051 
00026 
00080 
00229
00212
00650 
00859 
00784 
00793 
00972 
01191 
01060 
01054 
00082 
00030 
00023 
00181
00696 
00769 
01124 
00250
00019 
00301
00266
00596 
00739 
00610 
01049 
00317
00172
00369 
00577 
00160 
00223
00327
00293
00472 
00479 
00711 
01065 
01068 
01232 
01035 
01223 
00042 
00238
00352
00349
00461 
00364 
00460 
00657 
00737 
00700 
00826 
01108 
00119 
00130 
00217
00391 
00579 
00357 
00727 
00747 
00667 
00775 
00618 
00728 
00623 
00884 
00851 
00916 
00873 
01132 
01017 
01058 
01102 
00102 
00006 
00305
00179
00383 
00631 
00725 
00587 
00661 
00673 
00800 
00118 
00521 
01000 
00228
00351
00604 
00688 
00919 
00887 
00001 
00113 
00251
00326
00289
00282
00210
00274
00528 
00447 
00361 
00414 
00462 
00419 
00770 
00764 
00622 
00772 
00692 
00753 
00883 
00844 
00828 
00802 
01025 
01114 
01057 
01129 
01032 
00284
00200
00487 
00554 
00582 
00555 
00510 
00672 
00715 
00668 
00757 
00732 
00583 
00923 
00992 
01220 
00219
00268
00890 
00193
00519 
00612 
00743 
00805 
00865 
00879 
00782 
01086 
00149 
00195
00173
00445 
00734 
00640 
00695 
00945 
00967 
01101 
01070 
01033 
01239 
01046 
01116 
00981 
00522 
00015 
00049 
00053 
00068 
00146 
00167 
00084 
00021 
00156 
00027 
00008 
00154 
00252
00221
00222
00233
00292
00199
00191
00169
00170
00396 
00569 
00390 
00409 
00478 
00420 
00750 
00626 
00670 
00687 
00636 
00605 
00675 
00659 
00752 
00683 
00598 
00832 
00929 
00888 
00937 
00889 
00942 
00863 
01141 
01056 
01126 
01095 
01226 
01010 
01052 
01012 
00995 
00015 
00125 
00065 
00315
00253
00325
00178
00463 
00953 
01105 
01051 
01043 
00110 
00072 
00005 
00040 
00255
00283
00245
00407 
00418 
00486 
00457 
00363 
00518 
00503 
00408 
00601 
00591 
00874 
00947 
00855 
00841 
00838 
00862 
00843 
01055 
01198 
01127 
01134 
01053 
00304
00367 
00925 
01085 
00095 
00108 
00123 
00161 
00225
00232
00230
00286
00287
00209
00196
00176
00342
00517 
00410 
00539 
00548 
00506 
00442 
00482 
00371 
00706 
00616 
00717 
00762 
00847 
00876 
01140 
01030 
01021 
00259
00278
00263
00710 
00093 
00077 
00067 
00111 
00047 
00234
00203
00279
00261
00416 
00393 
00360 
00608 
00702 
00686 
00795 
00976 
00849 
01034 
00104 
00215
00955 
