00912 
00265
00987 
01091 
00989 
01171 
00726 
00469 
00905 
00589 
01218 
00790 
00975 
01148 
00552 
00081 
00945 
00926 
00505 
00465 
00988 
01173 
00767 
00588 
00386 
00394 
00260
00451 
00135 
00176
01145 
00999 
00337
00731 
01234 
00441 
01039 
01185 
00148 
00689 
01115 
01203 
01213 
00798 
01172 
00899 
01066 
00968 
00018 
00501 
00755 
01031 
00139 
00062 
00986 
00676 
01016 
00931 
01111 
01190 
00563 
00884 
00778 
00490 
00006 
00007 
00460 
00376 
00080 
00389 
00590 
00178
00447 
00983 
00134 
00056 
00299
00943 
00911 
00159 
00161 
00282
00802 
00516 
00479 
00591 
00668 
00106 
00377 
00008 
00890 
00001 
00458 
00753 
00922 
00917 
01112 
00123 
00177
00373 
00498 
00162 
00153 
00330
00459 
00670 
00728 
00897 
01102 
01086 
01123 
00346
00800 
00110 
00160 
00350
00239
00200
00271
00406 
00874 
01077 
01087 
01211 
00302
00614 
00079 
00195
00349
00511 
00432 
00435 
00696 
00980 
00842 
01065 
01071 
01227 
01144 
01078 
00322
00690 
01096 
00366 
00566 
01026 
00236
00647 
00055 
00140 
00794 
00211
00665 
00671 
00904 
00936 
00961 
00043 
00250
00295
00279
00369 
00473 
00779 
00611 
00003 
00011 
00187
00439 
00525 
00964 
00971 
01167 
00205
00535 
00562 
00771 
00856 
00039 
00561 
00425 
00691 
00685 
00662 
00957 
00853 
01019 
01142 
00013 
00218
00540 
00741 
00628 
00624 
00796 
00809 
00984 
01159 
01209 
01050 
00307
00004 
00495 
00401 
00766 
00946 
01155 
01165 
01238 
00655 
00526 
00411 
00860 
00973 
00969 
00786 
00895 
01222 
00573 
00063 
00320
00646 
00765 
00658 
00959 
00819 
00960 
01201 
01170 
01044 
00038 
00059 
00336
00475 
00382 
00749 
00586 
00869 
00830 
00997 
01163 
00124 
00190
00466 
00380 
00358 
00754 
00625 
00680 
00807 
00831 
01002 
01106 
01107 
01206 
01136 
01200 
01160 
01135 
01233 
00278
00550 
00484 
00803 
01000 
00892 
00151 
00033 
00074 
00306
00559 
00375 
00378 
00455 
00489 
00746 
00810 
00965 
01181 
01178 
01137 
01161 
00126 
00312
00175
00347
00574 
00572 
00564 
00867 
00840 
00901 
01205 
01014 
01156 
01207 
00141 
01005 
00745 
00206
00355
00536 
00568 
00398 
00496 
00571 
00494 
00758 
00602 
00693 
00852 
00962 
00950 
00956 
00914 
00815 
00822 
01175 
00998 
01162 
01128 
00142 
00246
00248
00529 
00527 
00431 
00392 
00565 
00454 
00963 
00875 
00951 
00858 
00977 
00906 
01125 
01216 
01157 
00982 
00471 
00576 
00538 
00404 
00684 
00707 
00633 
00632 
00850 
00898 
00870 
00881 
00930 
01117 
01192 
01177 
01168 
01169 
00144 
00314
00530 
00748 
01120 
00137 
00553 
00993 
01202 
00143 
00150 
00122 
00313
00243
00541 
00430 
00543 
00722 
01237 
01143 
00085 
00523 
00502 
00584 
00751 
00648 
00877 
00785 
00954 
01076 
00311
00235
00185
00499 
00397 
00427 
00567 
00508 
00532 
00738 
00730 
00845 
00812 
00797 
00944 
01083 
01139 
01093 
01179 
01158 
01182 
01040 
01166 
00031 
00083 
00147 
00089 
00297
00272
00520 
00437 
00534 
00585 
00694 
00740 
00597 
00949 
01146 
01067 
00052 
00189
00269
00174
00438 
00497 
00697 
00705 
00878 
00915 
01164
01224 
00201
00424 
01204 
01197 
00301
00266
00436 
00596 
00610 
01049 
01210 
01042 
01151 
00208
00242
00453 
00739 
00669 
00811 
01199 
01099 
01188 
00415 
00522 
00742 
00902 
