00926 
01148 
00767 
00726 
00931 
00975 
00490 
00134 
00056 
01218 
00106 
00302
01211 
00589 
00971 
01031 
01209 
00469 
00411 
01185 
00401 
00386 
01096 
01111 
00380 
00004 
00766 
00265
00633 
00892 
00961 
00322
01142 
00003 
00187
00525 
00904 
00574 
00236
00647 
00535 
00856 
00565 
00260
00646 
00142 
00454 
00572 
00140 
00218
00394 
00741 
01050 
00969 
01222 
01136 
00960 
00771 
01178 
01161 
00439 
01167 
00561 
00425 
00691 
00307
00347
00496 
01201 
00573 
00895 
00707 
00850 
00749 
00312
00564 
00831 
01002 
01155 
00441 
00536 
00568 
00571 
00819 
01014 
00059 
00336
00586 
00151 
00306
00810 
01145 
00977 
01125 
00526 
00798 
00520 
00299
00943 
00911 
00269
00541 
00206
00950 
00124 
00190
00466 
00754 
01106 
00989 
00139 
00126 
00968 
00840 
01173 
00451 
00530 
00063 
00765 
01044 
00311
00499 
00956 
00143 
00375 
00746 
00497 
00235
01206 
01200 
00529 
00392 
00501 
00755 
00963 
00875 
00951 
00576 
00404 
00881 
00867 
01205 
00748 
00148 
00693 
00852 
00815 
01171 
00137 
00553 
00085 
00523 
00552 
01076 
00563 
00738 
01199 
00505 
00377 
00465 
00144 
00676 
01202 
00122 
00313
00243
00248
00527 
00858 
01216 
00397 
01158 
01040 
00141 
01005 
00745 
00436 
00905 
01210 
00083 
00532 
00584 
00648 
00150 
00430 
00543 
00722 
01237 
00567 
00812 
00585 
00986 
00705 
01164
00301
01197 
00201
01204 
01139 
00437 
00534 
00740 
01146 
00266
00610 
01042 
00415 
00453 
00669 
00424 
00522 
00742 
00614 
00690 
00739 
01099 
01188 
00366 
00566 
01026 
00987 
00055 
00794 
00988 
00211
00665 
00671 
00936 
00588 
00011 
00964 
00205
00562 
00039 
00685 
00662 
00957 
00853 
00999 
01019 
00013 
00540 
00628 
00624 
00796 
00809 
00984 
01159 
00495 
00946 
01165 
01238 
00655 
00860 
00973 
00786 
00902 
00320
00658 
00959 
01172 
01170 
00038 
00337
00475 
00382 
00869 
00830 
00997 
01091 
01163 
01064 
00358 
00625 
00680 
00807 
01107 
01160 
01135 
01233 
00033 
00074 
00559 
00378 
00455 
00489 
00965 
01181 
01137 
00828 
00175
00901 
01156 
01207 
00355
00398 
00494 
00689 
00758 
00602 
00962 
00914 
00822 
01115 
01175 
01203 
00998 
01162 
01213 
01128 
00051 
00656 
00636 
00884 
00918 
00554 
01236 
00246
00431 
00906 
01157 
00982 
00471 
00538 
00684 
00632 
00912 
00898 
00870 
00930 
01039 
01117 
01192 
01177 
01168 
01169 
00314
01016 
01120 
00249
00464 
00958 
00214
00245
00409 
00747 
00829 
01228 
00018 
00993 
00161 
00308
01143 
00502 
00751 
00899 
00877 
00790 
00785 
00954 
01066 
00185
00427 
00508 
00731 
00730 
00845 
00797 
00944 
01083 
01093 
01179 
01182 
01166 
00528 
00166 
00231
00841 
00927 
01053 
00310
00232
00176
00177
00481 
00558 
00620 
01229 
01094 
00138 
00045 
00080 
00154 
00328
00390 
00399 
00626 
00718 
00593 
00929 
00783 
00972 
01230 
00996 
01010 
00345
00178
00886 
01130 
00062 
00031 
00147 
00089 
00297
00272
00694 
00597 
00949 
01067 
00052 
00189
00174
00438 
00697 
00878 
00915 
01224 
00107 
00108 
00112 
00319
00342
00241
00410 
00511 
00387 
00460 
00737 
00604 
00717 
00887 
01221 
01027 
01231 
00023 
00044 
00303
00262
00480 
00402 
00619 
00622 
00772 
00692 
00953 
00941 
00948 
00782 
00900 
00802 
00983 
01051 
00040 
00276
00247
00407 
00418 
00514 
00524 
00555 
00479 
00583 
01196 
01068 
00890 
00596 
01049 
01234 
00521 
00575 
00667 
01121 
01086 
01085 
01151 
00043 
00046 
00325
00400 
00374 
00383 
00463 
00778 
00753 
01029 
00022 
00002 
00256
00223
00334
00230
00291
00213
00548 
00506 
00423 
00435 
00640 
00967 
00842 
01101 
01030 
01144 
00981 
01090 
00119 
00054 
00162 
00109 
00153 
00053 
00032 
00050 
00156 
00086 
00017 
00131 
00258
00221
00222
00330
00237
00198
00285
00207
00219
00354
00191
00569 
00560 
00456 
00391 
00412 
00459 
00750 
00666 
00736 
00637 
00701 
00651 
00605 
00675 
00623 
00683 
00600 
00598 
00861 
00935 
00871 
00784 
00882 
00873 
00825 
00863 
01141 
01056 
01132 
01126 
01118 
01054 
00208
00242
00811 
00125 
00061 
00067 
00121 
00007 
00047 
00037 
00065 
00326
00179
00608 
00702 
00776 
00661 
00743 
00885 
00818 
00922 
00805 
00976 
00864 
00879 
01021 
01103 
00110 
00101 
00133 
00136 
00160 
00350
00332
00288
00200
00327
00296
00293
00271
00485 
00434 
00486 
00556 
00487 
00476 
00557 
00385 
00570 
00379 
00468 
00406 
00444 
00408 
00601 
00591 
00672 
00715 
00760 
00773 
00909 
00923 
00874 
00928 
00947 
00855 
00801 
01055 
01235 
01104 
01198 
01028 
00118 
00077 
00071 
00304
00710 
00955 
00978 
00660 
00159 
00152 
00149 
00103 
00075 
00135 
00343
00335
00238
00324
00287
00284
00216
00196
00517 
00531 
00482 
00405 
00452 
00371 
00706 
00616 
00674 
00835 
00857 
00847 
00876 
01071 
01217 
01074 
01119 
01193 
01180 
00333
00281
00268
00484 
00643 
00100 
00098 
00102 
00006 
00048 
00331
00194
00348
00188
00346
00458 
00416 
00473 
00447 
00578 
00414 
00577 
00515 
00356 
00631 
00725 
00612 
00635 
00744 
00709 
00795 
00844 
00868 
01062 
01034 
01059 
00019 
00259
00215
00367 
00550 
00606 
00804 
00925 
01038 
01149 
01000 
01006 
