00552 
00337
01234 
01091 
00726 
00912 
00389 
01066 
01218 
00975 
01148 
00676 
01087 
00926 
00465 
00767 
00153 
00330
00386 
00265
01145 
00999 
00987 
00662 
00731 
00295
00441 
01039 
01185 
01093 
00135 
00945 
00394 
00628 
00689 
01115 
01213 
00798 
01172 
00489 
00899 
00089 
00968 
00501 
00755 
00648 
00043 
00473 
00905 
01171 
00680 
00730 
00845 
00944 
00684 
01177 
00989 
01031 
00139 
00986 
00320
01016 
00749 
00931 
01111 
01151 
01190 
00563 
00564 
00502 
00751 
00392 
00742 
00306
00490 
00376 
00596 
00297
01067 
00134 
00056 
00299
00943 
00911 
00397 
00940 
01197 
00516 
00242
00883 
00106 
00505 
00377 
00428 
00837 
00081 
00373 
00498 
00162 
00670 
00728 
00897 
01102 
01123 
00359 
00823 
01081 
00057 
00663 
00826 
00791 
01226 
00350
00239
00406 
01211 
00546 
00460 
00734 
00813 
00847 
01078 
00282
00513 
01032 
00332
00200
01035 
00302
00614 
00195
00349
00176
00511 
00432 
00435 
00980 
01144 
00322
00690 
01096 
00193
00238
00517 
00452 
00599 
00607 
00696 
01090 
01180 
00366 
00566 
01026 
00236
00469 
00647 
00055 
00140 
00589 
00794 
00988 
00211
00665 
00671 
00904 
00936 
00961 
00025 
00084 
00227
00186
00396 
00449 
00459 
00750 
00727 
00774 
00650 
00659 
00775 
00682 
00603 
00733 
00882 
00942 
01011 
01012 
00279
00369 
00779 
00003 
00011 
00187
00439 
00525 
00964 
00971 
01167 
00205
00535 
00562 
00771 
00856 
00039 
00561 
00425 
00691 
00685 
00957 
00853 
01019 
01142 
00013 
00218
00540 
00741 
00624 
00796 
00809 
00984 
01159 
01209 
01050 
00307
00326
00800 
00004 
00495 
00401 
00766 
00946 
01155 
01165 
01238 
00101 
00090 
00088 
00296
00487 
00510 
00601 
00592 
00641 
00806 
00907 
00838 
01195 
01036 
01037 
01053 
00260
00655 
00370 
00542 
00526 
00411 
00860 
00973 
00969 
00786 
00895 
01222 
00573 
00063 
00646 
00765 
00658 
00959 
00819 
00960 
01201 
01170 
01044 
00038 
00059 
00336
00475 
00382 
00586 
00869 
00830 
00997 
01163 
00124 
00190
00466 
00380 
00358 
00754 
00625 
00807 
00831 
01002 
01106 
01107 
01206 
01136 
01200 
01160 
01135 
01233 
00278
00484 
00803 
00892 
00095 
00159 
00225
00335
00334
00323
00213
00241
00442 
00422 
01071 
00151 
00033 
00074 
00559 
00375 
00378 
00455 
00746 
00810 
00965 
01181 
01178 
01137 
01161 
00126 
00312
00175
00347
00574 
00572 
00867 
00840 
00901 
01205 
01014 
01156 
01207 
01173 
00244
00141 
01005 
00745 
00148 
00206
00355
00536 
00568 
00398 
00496 
00571 
00494 
00758 
00602 
00693 
00852 
00962 
00950 
00956 
00914 
00815 
00822 
01175 
01203 
00998 
01162 
01128 
00142 
00246
00248
00529 
00527 
00431 
00565 
00454 
00451 
00963 
00875 
00951 
00858 
00977 
00906 
01125 
01216 
01157 
00982 
00471 
00576 
00538 
00404 
00707 
00633 
00632 
00850 
00898 
00870 
00881 
00930 
01117 
01192 
01168 
01169 
00144 
00314
00530 
00748 
00061 
00102 
00037 
00048 
00315
00250
00203
00179
00458 
00725 
00615 
00818 
00922 
00849 
00879 
00917 
00816 
00782 
01034 
01105 
01103 
01112 
01120 
00018 
00137 
00553 
00993 
01202 
00143 
00150 
00122 
00313
00243
00541 
00430 
00543 
00722 
01237 
01143 
00085 
00523 
00584 
00877 
00790 
00785 
00954 
01076 
00311
00235
00185
00499 
00427 
00567 
00508 
00532 
00738 
00812 
00797 
01083 
01139 
01179 
01158 
01182 
01040 
01166 
00014 
00118 
00019 
00333
00804 
01149 
00062 
00031 
00083 
00147 
00272
00520 
00437 
00534 
00585 
00694 
00740 
00597 
00949 
01146 
00052 
00189
00269
00174
00438 
00497 
00697 
00705 
00878 
00915 
01164
01224 
00201
00424 
01204 
00301
00266
00436 
00610 
01049 
01210 
01042 
00208
00453 
00739 
00669 
00811 
01199 
01099 
01188 
00415 
00522 
00588 
00902 
