00386 
00728 
00444 
00392 
00568 
01102 
00767 
01234 
00504 
00465 
00139 
00176
01194 
01185 
00562 
00912 
00765 
00975 
00305
01162 
00498 
00114 
00749 
00897 
00445 
00798 
00670 
00879 
00302
00346
00496 
00572 
00502 
01108 
00949 
01169 
00862 
00731 
01191 
01106 
00182
00612 
00385 
00472 
00646 
00978 
00607 
00481 
01111 
00307
00755 
00552 
00570 
00258
00265
01144 
00673 
00925 
01048 
00956 
00926 
00905 
00588 
00370 
00989 
00605 
00930 
00165 
00945 
00690 
00968 
00023 
00566 
00441 
00726 
00571 
01171 
00770 
00272
01218 
01148 
00111 
00487 
00039 
00999 
00401 
01190 
01095 
01083 
01197 
00411 
00435 
01204 
00565 
00322
00187
00622 
00782 
00959 
00988 
00141 
00141 
00312
01053 
00091 
00063 
00376 
01015 
00764 
00676 
00447 
01156 
00195
00243
01120 
00722 
01076 
01016 
00984 
01136 
00236
00931 
01199 
00689 
00112 
00513 
01068 
01066 
00867 
00955 
00076 
00911 
00973 
00762 
00966 
01195 
01145 
01077 
00289
00529 
00037 
00951 
01096 
00923 
00001 
01115 
00408 
00970 
00758 
00520 
00906 
00235
00541 
00267
00067 
00648 
00135 
00163 
00373 
01205 
01183 
00508 
00397 
00563 
00501 
00268
00104 
00486 
01090 
00680 
00287
00746 
00437 
01170 
00987 
00409 
00890 
00652 
00915 
00785 
00982 
00721 
01091 
00425 
00803 
00218
00738 
00556 
00856 
01158 
00497 
00337
00505 
00789 
01033 
00490 
01175 
00336
00900 
00573 
00223
00962 
00140 
00883 
00499 
00215
00299
00596 
00207
00494 
00377 
00811 
00614 
00216
01132 
00125 
00375 
00748 
00817 
00279
00011 
00415 
00078 
00825 
00052 
00532 
00860 
00291
00936 
00314
01146 
00344
00062 
00062 
01117 
00585 
00899 
01172 
00771 
00525 
00861 
00523 
01062 
00540 
00210
00361 
00064 
00432 
00574 
00632 
00233
00473 
01159 
00671 
00350
00586 
00511 
00008 
01192 
00278
00106 
00205
00185
00381 
00369 
00333
00779 
00297
00881 
00575 
00503 
00150 
00691 
00352
01151 
00406 
00026 
01032 
00051 
00694 
00439 
00822 
01085 
00200
00834 
00313
00275
00398 
00166 
00699 
00321
00845 
01135 
00436 
00295
00238
00986 
01019 
00705 
00704 
00898 
01182 
00851 
01040 
00330
00489 
00311
00160 
00404 
01005 
01202 
00844 
00624 
00126 
00841 
00849 
00971 
00647 
01030 
01107 
00057 
00082 
00082 
00018 
00967 
01128 
01179 
00081 
00946 
00256
01173 
01137 
00745 
00427 
00237
01206 
00950 
00179
00315
00446 
00349
00363 
01157 
01087 
00535 
00263
00482 
00886 
00876 
00019 
00518 
01140 
00084 
00170
00396 
00208
00693 
00534 
00341
00430 
00413 
00374 
00776 
01222 
00032 
00072 
00304
00332
00521 
01031 
00866 
00269
00559 
00230
00442 
00047 
00137 
00527 
00038 
00944 
00545 
00650 
00366 
00438 
00088 
00056 
00308
01070 
00118 
00095 
00158 
00090 
00418 
00007 
00773 
00379 
00342
01141 
00248
00217
00055 
00055 
00778 
00829 
00853 
01213 
00964 
00589 
00089 
00309
00211
00934 
00786 
00469 
00394 
01050 
00759 
00348
00347
00014 
00824 
00162 
00449 
00098 
00221
01082 
00685 
00792 
00495 
00479 
01188 
01163 
00969 
00979 
01002 
00367 
00602 
01210 
00706 
00281
01113 
01118 
00431 
00794 
00006 
00916 
00917 
00700 
00186
00507 
01105 
00804 
00859 
01165 
00261
00754 
01181 
01168 
00077 
00440 
00613 
00003 
01166 
00639 
00013 
00029 
00382 
00997 
00326
01238 
00813 
00919 
00153 
01152 
00059 
00004 
00594 
00961 
00417 
01114 
01024 
01214 
00177
00655 
00711 
00928 
00901 
00451 
01221 
00998 
00633 
00074 
00283
01112 
00455 
00965 
01161 
00466 
00550 
01174 
01216 
00828 
00516 
00320
01167 
00698 
00615 
01224 
00852 
00830 
01099 
00087 
00201
00533 
00870 
00514 
01064 
00960 
00643 
00836 
00887 
00697 
00239
00454 
00280
01200 
00331
01014 
01147 
00164 
00260
00391 
01058 
00276
01039 
00183
00784 
00766 
01155 
00471 
00151 
00914 
00463 
00695 
00035 
01232 
00190
00807 
00358 
00231
00629 
00797 
00907 
01164
01211 
00146 
00021 
00227
00569 
00282
00274
00301
00536 
00815 
00858 
00740 
00547 
00538 
00684 
01201 
00664 
00895 
00531 
00293
00383 
00631 
00154 
00096 
00144 
00246
00325
00868 
00134 
00730 
00355
00101 
00638 
01125 
00031 
00751 
00790 
00031 
00143 
00864 
01059 
00658 
00543 
00582 
00732 
00610 
00049 
00030 
01035 
00611 
00707 
00244
00877 
00407 
01143 
00199
01056 
00122 
00174
00351
01189 
01104 
00148 
00484 
00812 
01067 
00630 
00913 
00963 
00757 
01134 
00616 
00667 
01131 
00173
00259
00296
00742 
00219
00515 
00041 
01176 
00041 
01026 
01138 
00124 
00334
00068 
00292
00929 
00567 
01139 
00976 
01041 
00719 
00206
01129 
00601 
00085 
00359 
00665 
00189
00703 
00242
00580 
00597 
00117 
01101 
01116 
01233 
00414 
00584 
00741 
00796 
00809 
01209 
00718 
01079 
01196 
00561 
00662 
00957 
01142 
00083 
00838 
01127 
00795 
00993 
00576 
00780 
01038 
00492 
00526 
00079 
00627 
01044 
00885 
00339
01072 
00842 
00175
00617 
01092 
00818 
00102 
00661 
00922 
01103 
01121 
00833 
01042 
00609 
00524 
00835 
00241
01217 
00475 
00869 
00669 
00909 
00702 
00553 
00424 
00904 
01178 
00450 
00977 
00335
00990 
01054 
00380 
00625 
00831 
01160 
00034 
00400 
00264
00108 
00717 
00840 
00819 
01027 
00651 
01177 
00294
01212 
00204
00273
01184 
00360 
01007 
00416 
00393 
01034 
01029 
00009 
01061 
00009 
00564 
01207 
00781 
00713 
00903 
00875 
00402 
00714 
00850 
01203 
00133 
00681 
01001 
01028 
00306
00725 
00687 
00249
00682 
00288
00395 
00549 
00857 
00510 
00902 
00042 
00324
00854 
00317
00109 
00050 
00412 
00808 
01219 
00806 
00130 
00623 
00590 
00873 
00634 
00080 
00972 
00422 
00896 
00823 
00203
00191
00478 
00683 
00888 
00480 
00692 
00958 
01057 
01223 
00188
00878 
01093 
00429 
00715 
00461 
00657 
00184
01009 
00810 
00353
00788 
00530 
00985 
00254
00954 
00389 
00115 
00801 
00069 
00340
00579 
00747 
00884 
00996 
01237 
00343
00920 
01236 
00577 
00554 
00992 
00053 
00222
00420 
00752 
00733 
00832 
01012 
00277
00769 
01124 
00229
00212
00459 
01060 
00943 
00848 
00483 
00621 
00628 
00131 
00399 
00544 
00024 
00598 
00362 
01081 
01180 
00364 
00460 
00100 
00113 
00528 
00419 
00772 
00802 
01025 
00672 
00668 
00952 
00604 
00548 
01110 
00608 
00015 
00626 
00636 
00659 
00937 
00889 
00942 
01126 
00995 
00015 
01130 
01055 
00105 
00768 
00119 
00357 
00727 
00618 
01017 
00159 
00181
00696 
00290
00640 
01239 
01046 
00327
01065 
00228
00421 
01086 
00086 
00180
00270
01000 
00821 
00847 
00266
00739 
01049 
01047 
00405 
00250
00675 
00372 
00737 
01075 
00519 
00743 
00453 
00065 
00040 
00255
00457 
00443 
00874 
00855 
01198 
01215 
00753 
00172
00458 
00606 
00555 
00583 
01220 
00147 
00286
00410 
00467 
00506 
01021 
00058 
00213
01088 
00209
00303
00688 
01071 
01227 
01078 
01119 
00994 
00092 
00167 
00027 
00316
00252
00169
00390 
00750 
00736 
00863 
01226 
01010 
01052 
00587 
00073 
00744 
00043 
00423 
00193
00474 
00224
00947 
00542 
00462 
00155 
00225
00196
00371 
00599 
00155 
00323
00981 
01074 
00253
00953 
