01197 
00497 
00715 
00975 
00820 
00856 
00568 
00439 
00928 
01039 
00767 
01192 
00725 
00726 
00867 
01030 
00441 
00311
00926 
00375 
00056 
00711 
00498 
00515 
01148 
00505 
00465 
00126 
00189
00011 
00135 
00875 
00137 
00912 
00669 
00471 
00538 
01145 
00710 
00614 
01170 
00052 
00269
00955 
00499 
00511 
00357 
01016 
00007 
00265
01185 
00190
01067 
00148 
01019 
00536 
00496 
01175 
00798 
00322
00325
00187
01091 
01173 
00347
00553 
00589 
00333
00731 
00451 
01169 
00754 
00604 
00876 
00430 
00860 
00969 
00206
00571 
00914 
00822 
00567 
00307
00297
00991 
00008 
00031 
00552 
00031 
01031 
00956 
00018 
01216 
01199 
00358 
00924 
00931 
01111 
00374 
00402 
00243
00503 
01234 
01229 
00761 
00160 
00490 
00835 
00025 
00045 
00134 
00299
00943 
00911 
01218 
00253
00440 
00319
00288
00406 
00443 
01064 
01196 
01080 
00736 
00733 
00590 
00478 
00827 
01228 
01153 
00106 
00377 
00980 
00539 
00621 
00014 
00787 
00457 
00555 
00768 
01065 
00001 
01112 
00452 
00769 
00023 
00509 
00533 
00371 
00695 
01211 
00015 
00099 
00080 
00017 
00212
00403 
00459 
00682 
00598 
00910 
00015 
00302
00904 
00006 
00346
00386 
00690 
01096 
00864 
00110 
00133 
00223
00271
00556 
00821 
01079 
01073 
00771 
00366 
00566 
00685 
01026 
00236
00469 
00647 
00987 
00055 
00140 
00794 
00988 
00055 
00211
00665 
00671 
00936 
00961 
01200 
00003 
00525 
00964 
00971 
01167 
00159 
00103 
00176
00177
00417 
00913 
00887 
00842 
01078 
00205
00535 
00562 
00039 
00561 
00425 
00691 
00662 
00957 
00853 
00999 
01142 
00038 
00013 
00218
00540 
00394 
00741 
00628 
00624 
00796 
00809 
00984 
01159 
01209 
01050 
01163 
00606 
00281
00215
00703 
00004 
00175
00495 
00401 
00766 
00946 
01155 
01165 
01238 
00260
00655 
00139 
00526 
00411 
00973 
00786 
00895 
01005 
01222 
00573 
00063 
00320
00646 
00765 
00658 
00959 
00819 
00960 
01172 
01201 
01044 
00037 
00331
00179
00473 
00447 
00627 
00716 
00778 
00879 
00985 
00059 
00336
00337
00398 
00475 
00382 
00749 
00758 
00586 
00602 
00869 
00830 
00997 
00124 
00466 
00380 
00625 
00680 
00807 
00831 
01002 
01106 
01107 
01206 
01136 
01160 
01135 
01233 
00892 
00151 
00033 
00074 
00306
00559 
00576 
00378 
00455 
00489 
00746 
00810 
00881 
00965 
01181 
01178 
01137 
01168 
01161 
00989 
00312
00574 
00572 
00564 
00968 
00840 
00901 
01205 
01014 
01156 
01207 
01202 
00141 
00141 
00745 
00355
00494 
00689 
00722 
00693 
00852 
00962 
00950 
00815 
01115 
01203 
00998 
01162 
01213 
01143 
01128 
00142 
00246
00248
00397 
00529 
00527 
00431 
00392 
00501 
00565 
00454 
00755 
00963 
00951 
00858 
00977 
00906 
01125 
01157 
00982 
00404 
00684 
00707 
00633 
00632 
00648 
00850 
00898 
00870 
00930 
01117 
01177 
00144 
00314
00530 
00676 
00748 
00118 
00219
00550 
00370 
01120 
00993 
00143 
00150 
00122 
00313
00201
00541 
00543 
01237 
01204 
01171 
00085 
00147 
00437 
00523 
00534 
00502 
00584 
00751 
00899 
00877 
00790 
00785 
00954 
01076 
01066 
00235
00185
00427 
00508 
00532 
00738 
00705 
00730 
00845 
00812 
00797 
00878 
01083 
01139 
01093 
01179 
01158 
01182 
01040 
01224 
01166 
00062 
00083 
00089 
00272
00520 
00585 
00694 
00740 
00597 
00949 
01146 
00986 
00062 
00174
00438 
00697 
00944 
00915 
01164
00424 
00563 
00301
00266
00436 
00596 
00739 
00610 
00905 
01049 
01188 
01210 
01042 
01151 
00208
00242
00453 
00811 
01099 
00415 
00522 
00742 
00588 
00902 
