00767 
00912 
01165 
01179 
00427 
00043 
00455 
01091 
00926 
00586 
00200
00771 
01182 
01040 
01181 
00282
00013 
00554 
00999 
00993 
00607 
00694 
00945 
00726 
00148 
00260
00475 
00083 
00451 
00628 
00610 
00946 
01042 
00218
00904 
00648 
00206
00322
00552 
00944 
00315
00936 
00914 
00177
00658 
01050 
00541 
00730 
00765 
01112 
00312
00424 
00394 
00749 
00326
00922 
00510 
00633 
00589 
00647 
00838 
00184
00004 
01227 
00401 
00439 
00969 
00676 
01099 
00731 
00971 
00766 
00489 
00411 
00798 
00959 
00961 
00614 
01128 
01168 
00860 
00320
00680 
00302
00063 
00337
01206 
01161 
01117 
01106 
01118 
00758 
01170 
00242
00283
01127 
01073 
00962 
00738 
00496 
00870 
00684 
00190
01136 
00055 
00055 
00852 
00452 
01090 
00366 
00146 
01197 
00089 
00572 
00987 
00988 
00964 
00469 
00883 
00786 
00211
00751 
00755 
00386 
01096 
01171 
00840 
00397 
00734 
00355
00011 
00187
00062 
00062 
00502 
00141 
00141 
00205
00562 
00140 
00794 
00685 
00705 
00559 
00111 
00437 
01148 
00494 
01111 
01066 
01005 
00975 
00269
00095 
00392 
00915 
00553 
00265
01159 
01163 
00003 
01019 
00174
00307
01067 
01167 
01200 
00956 
00347
00746 
00139 
00856 
00662 
01135 
00741 
01209 
00425 
00739 
00059 
00602 
00143 
01076 
00466 
00754 
00960 
00535 
00853 
01234 
00989 
00998 
01172 
01034 
00901 
01173 
00358 
00185
01107 
01155 
00830 
00986 
01205 
00189
01237 
01204 
00508 
00965 
00431 
00982 
00895 
01222 
00807 
00722 
00597 
00905 
01201 
01183 
00968 
00336
00673 
00850 
00866 
00038 
00540 
00796 
00733 
00573 
00124 
00151 
00074 
01137 
00144 
00471 
00536 
00693 
00815 
01156 
00867 
00811 
01146 
00441 
00454 
00858 
00906 
01125 
00243
00655 
00370 
00568 
00689 
00538 
01169 
01044 
00495 
00314
00503 
00246
00951 
00213
00742 
00543 
01224 
00632 
01016 
00997 
00031 
00790 
00031 
00822 
01115 
01175 
01162 
01093 
00527 
00963 
00165 
01143 
00707 
00898 
00033 
00812 
00153 
00202
00008 
01211 
00150 
00823 
00899 
01014 
00248
00565 
01157 
01177 
00564 
01164
00288
00942 
00147 
00523 
00785 
00813 
00588 
00873 
00306
00748 
00313
01202 
00137 
00325
00534 
00473 
00301
01213 
00845 
00311
00499 
00377 
00085 
00584 
01120 
00745 
00690 
00430 
00297
00018 
00931 
00438 
00727 
00201
00529 
00875 
00238
00566 
01026 
00236
01185 
00661 
00665 
00671 
00396 
00847 
00902 
00052 
00497 
01087 
00244
01139 
00525 
01000 
00102 
01151 
00520 
00585 
01088 
00634 
00039 
00561 
00691 
00957 
01142 
00272
00624 
00809 
00984 
00428 
00296
01218 
01071 
00360 
00175
01238 
00804 
00250
00596 
00436 
01188 
01210 
00526 
00973 
00542 
00669 
00134 
00949 
00837 
01081 
00179
00888 
00164 
00646 
00819 
00398 
00382 
00869 
00380 
00625 
00831 
01002 
01160 
01233 
00826 
00892 
00332
00019 
00152 
00692 
00106 
00505 
00375 
00576 
00378 
00810 
00881 
01178 
01145 
01103 
00563 
00126 
00574 
01207 
01199 
01180 
00415 
00460 
00490 
00118 
01035 
00571 
00950 
01203 
01078 
00851 
01131 
00142 
00501 
00977 
01216 
01226 
00295
00404 
00930 
01039 
01192 
00696 
00803 
00208
00453 
00530 
01032 
00459 
00650 
00849 
00522 
00088 
00806 
00359 
00346
00848 
00263
00232
00467 
00371 
00056 
00911 
00409 
01010 
00663 
00456 
00429 
00775 
00715 
00732 
01079 
00100 
00422 
00122 
00791 
00877 
00954 
01075 
00183
00784 
01060 
01054 
00159 
00800 
00887 
00110 
00317
00224
00210
00182
00235
00567 
00532 
00797 
00878 
01083 
01158 
01166 
00841 
01055 
01198 
00923 
01104 
00084 
00227
00750 
00659 
01012 
00487 
01195 
00631 
00517 
00599 
00166 
00623 
00897 
01132 
00193
00434 
00622 
00472 
00479 
00928 
00458 
00630 
00740 
00697 
00725 
00805 
01086 
00090 
00601 
01053 
00548 
01030 
00349
00323
00643 
00219
00636 
00683 
00598 
00937 
00863 
00953 
00037 
00919 
00592 
00879 
00782 
01011 
00006 
00305
01047 
00266
01049 
00225
00546 
00442 
00335
00241
00348
00702 
00653 
01029 
00462 
01048 
01116 
00254
00843 
00061 
01105 
00101 
01036 
00333
00612 
01031 
00203
00108 
00342
00539 
00506 
00717 
00876 
01041 
01021 
00178
00983 
01051 
00575 
01003 
00135 
00334
00107 
00515 
00304
00703 
00606 
00433 
00076 
00047 
01149 
00524 
00594 
00816 
00278
00281
00402 
00780 
01082 
00299
00943 
00677 
00940 
00639 
00903 
00833 
00188
00271
01147 
01077 
00353
00620 
00029 
00701 
00007 
01062 
01110 
00104 
01119 
00024 
00204
00273
00421 
00778 
00698 
00829 
01009 
00389 
00014 
00231
01152 
01190 
00465 
00082 
00051 
00026 
00080 
00229
00212
00859 
00793 
00972 
01007 
01191 
00082 
00030 
00023 
00181
00769 
01124 
00611 
00276
00768 
01084 
00028 
00763 
00163 
00172
00369 
00577 
00057 
00513 
00160 
00223
00327
00293
00711 
00907 
01065 
01068 
01232 
01223 
00042 
00352
00550 
00461 
00372 
00364 
00657 
00737 
00700 
01108 
00119 
00130 
00217
00340
00391 
00579 
00357 
00747 
00651 
00667 
00618 
00728 
00590 
00884 
00970 
00916 
01017 
01058 
01102 
00197
00450 
00980 
00990 
00383 
00587 
00629 
00258
00521 
00228
00351
00604 
00688 
00913 
00025 
00603 
00871 
00001 
00113 
00251
00289
00274
00528 
00447 
00361 
00414 
00480 
00419 
00770 
00764 
00772 
00753 
00844 
00958 
00828 
00802 
01025 
01114 
01024 
01057 
01214 
01129 
00341
00284
00446 
00582 
00555 
00672 
00668 
00757 
00583 
00952 
00992 
01220 
00192
00268
00890 
00105 
00136 
01174 
01100 
00519 
00743 
00885 
00865 
00149 
00308
00290
00195
00173
00445 
00640 
00695 
00967 
00842 
01101 
01070 
01033 
01239 
01046 
00981 
01074 
00330
00186
00449 
00774 
00682 
00882 
00015 
00049 
00053 
00092 
00068 
00167 
00021 
00156 
00064 
00027 
00154 
00096 
00316
00252
00221
00222
00237
00233
00292
00199
00191
00169
00170
00569 
00390 
00478 
00420 
00736 
00626 
00670 
00687 
00605 
00675 
00752 
00832 
00929 
00934 
00836 
00889 
01141 
01056 
01126 
01095 
01052 
00995 
00015 
00485 
00464 
00941 
01013 
01022 
00081 
00557 
00641 
01037 
00125 
00065 
00253
00368 
00463 
00719 
00886 
01043 
00072 
00005 
00040 
00255
00245
00407 
00418 
00486 
00556 
00457 
00363 
00518 
00443 
00408 
00591 
00874 
00947 
00855 
00862 
01215 
01134 
00367 
00925 
01085 
00121 
00194
00356 
01130 
01059 
00714 
00155 
00022 
00123 
00161 
00230
00286
00287
00209
00196
00176
00410 
00482 
00432 
00706 
00616 
00762 
01140 
01138 
00155 
00162 
00012 
00017 
00492 
00723 
00593 
00846 
00808 
01008 
00259
00710 
01038 
00331
00776 
00116 
00514 
00801 
01122 
00048 
00615 
00818 
00917 
01006 
00093 
00098 
00077 
00067 
00234
00279
00261
00416 
00400 
00440 
00393 
00608 
00686 
00613 
00795 
00976 
00896 
00120 
00310
00291
00504 
00373 
00635 
00674 
00835 
00215
00484 
00955 
00046 
00345
00744 
00660 
