00767 
00926 
00508 
00355
00062 
00062 
00875 
01065 
00437 
01083 
00694 
00494 
00790 
00553 
00942 
00377 
00911 
01163 
00988 
00549 
00223
01237 
01171 
00242
01238 
01111 
01134 
00726 
00522 
00592 
00609 
00959 
00535 
00719 
00765 
00206
00812 
00427 
00703 
00110 
00646 
00986 
00811 
00499 
01170 
00432 
00588 
00107 
00987 
00923 
00676 
00505 
00745 
00312
00989 
01222 
00398 
00936 
00964 
00922 
00244
01173 
00063 
00590 
00533 
00139 
01076 
00969 
00438 
01169 
00332
00347
01161 
00295
00243
00556 
00457 
00852 
00542 
00905 
01016 
00262
00983 
00224
00630 
00589 
00945 
01146 
00804 
00386 
00160 
00282
01197 
00914 
00997 
00111 
00971 
00179
00714 
01091 
00874 
00930 
00596 
00536 
00689 
00541 
00946 
00182
00190
00144 
01128 
00260
00018 
00559 
00784 
00755 
00961 
00479 
00475 
00394 
00089 
00538 
00024 
00187
00598 
00863 
00133 
00183
00006 
00618 
00106 
00849 
00822 
00166 
00965 
00968 
00055 
00055 
00031 
00031 
00540 
00550 
00754 
00819 
00001 
00200
00511 
00104 
00532 
00830 
00502 
00797 
00552 
00185
00956 
00597 
00490 
00975 
00931 
00495 
00806 
01129 
00606 
00322
01071 
00270
01148 
01168 
00840 
00254
00776 
01014 
00375 
00263
00208
01067 
00800 
01213 
00425 
01086 
01096 
00455 
00213
01159 
00360 
01004 
00011 
01165 
00333
00496 
00998 
00056 
00411 
00732 
00177
00758 
00346
00870 
00253
00137 
01019 
00337
01106 
00429 
00860 
00299
00962 
00022 
01005 
00451 
00648 
00912 
00059 
01155 
00865 
00794 
00480 
00492 
01201 
01200 
00487 
01099 
00004 
00705 
00730 
01179 
00658 
01136 
00279
00452 
00813 
00607 
00842 
00466 
01218 
00683 
00401 
01102 
00151 
01202 
00915 
01206 
00399 
00064 
00928 
00134 
00960 
00020 
00901 
00766 
00174
00982 
00529 
00463 
00684 
00080 
01122 
00081 
00815 
00951 
00358 
00201
00217
00895 
00671 
00238
00141 
00141 
00707 
00898 
00340
00085 
00517 
00334
00504 
00710 
00189
01012 
00858 
00622 
00453 
00803 
01162 
01143 
01156 
00462 
00017 
00325
00118 
00769 
00903 
00518 
00143 
00416 
01038 
00150 
00459 
00749 
00307
00563 
01131 
01024 
01051 
00108 
00506 
00847 
00876 
01021 
00584 
00748 
00248
01157 
00188
00090 
01215 
00599 
00665 
00271
00614 
01124 
01048 
01073 
00297
00302
00738 
00309
01072 
00146 
00415 
01103 
00192
00194
00038 
00796 
00380 
00831 
00616 
00557 
00083 
00202
00019 
01033 
00593 
00768 
01185 
01147 
00904 
01003 
01031 
00993 
00696 
00033 
00366 
00135 
00674 
00227
00237
00934 
00655 
00281
00469 
00218
00211
00501 
01139 
00525 
00306
00261
00514 
00205
00562 
00446 
01195 
01050 
00264
00935 
00786 
00808 
00576 
00810 
01178 
00288
00140 
00611 
00382 
00771 
00685 
01203 
00368 
00372 
00458 
00278
00265
00266
00100 
00650 
00123 
00176
00210
00917 
00461 
00554 
00003 
00999 
00647 
00902 
01075 
00625 
01002 
00642 
00348
01135 
00326
00699 
00814 
00925 
00320
01060 
01054 
01181 
00120 
00635 
00835 
00602 
00829 
00097 
00220
00773 
00877 
00725 
01149 
00782 
00013 
01167 
00856 
00633 
00798 
00163 
00737 
00272
01205 
01172 
00746 
00680 
01107 
00577 
00727 
00623 
00897 
00873 
01132 
00722 
01035 
00947 
01104 
00990 
00489 
00126 
00547 
00155 
01138 
00155 
00057 
01080 
00943 
00032 
00807 
00113 
00692 
00472 
01204 
00341
00583 
00471 
00885 
00051 
01007 
00336
00892 
00693 
00396 
00636 
00937 
01183 
00074 
01137 
00007 
00124 
00412 
00886 
00441 
00454 
00906 
01125 
01224 
01117 
00867 
00543 
00739 
00610 
01234 
00573 
01180 
00314
00568 
01140 
00349
00245
00119 
00884 
00751 
00949 
00246
00397 
00761 
01164
00369 
01229 
01015 
00293
00711 
00919 
00572 
01063 
00250
00465 
00195
00967 
00899 
00653 
00527 
00963 
00296
00843 
00825 
00148 
01115 
01175 
01000 
00713 
00792 
00087 
01062 
00199
00191
00736 
00929 
01126 
00816 
01116 
00848 
00740 
00147 
00523 
00785 
01066 
00305
00661 
01047 
00352
00460 
00235
00392 
00565 
00421 
00778 
00232
00287
00313
00393 
00008 
00481 
00311
00731 
01040 
00076 
00760 
00342
00539 
00717 
01041 
00172
00473 
00578 
00763 
00612 
00821 
01194 
00069 
00862 
00430 
00631 
00587 
00673 
01120 
00682 
00600 
00734 
00695 
01101 
01239 
01074 
00043 
00178
00528 
00052 
00269
00497 
00944 
00234
00795 
00896 
01034 
01211 
00667 
00519 
00805 
00498 
00424 
00047 
00258
00442 
00706 
01030 
00520 
00585 
00617 
00818 
00669 
00050 
00388 
00837 
00824 
01228 
01006 
00304
00259
00125 
00065 
00315
00953 
01105 
01043 
00436 
01188 
01210 
01042 
00268
00663 
00690 
00370 
00779 
00058 
01212 
00566 
01026 
00077 
00400 
00608 
00613 
00236
00367 
01085 
01199 
00439 
00643 
00464 
00941 
01013 
01022 
01079 
00039 
00561 
00691 
00662 
00957 
00853 
01142 
00741 
00628 
00624 
00809 
00984 
01209 
00241
00387 
01045 
00645 
00924 
00175
00338
00526 
00973 
00955 
00275
00871 
00996 
01044 
00586 
00869 
01160 
01233 
00742 
00664 
00162 
00012 
00456 
00723 
00846 
01008 
01011 
00985 
00378 
00881 
01145 
00574 
00564 
01207 
00321
00488 
00356 
00678 
00637 
00927 
01001 
01186 
01084 
00978 
00571 
00950 
00331
00101 
00116 
00823 
00801 
01036 
00142 
00431 
00977 
01216 
00404 
00632 
00850 
01039 
01192 
01177 
00530 
00073 
00864 
00152 
01020 
01231 
00285
00434 
00448 
00827 
01219 
01230 
01153 
00164 
00524 
00594 
00122 
00310
00291
00373 
01088 
01090 
00534 
00954 
00402 
00780 
01082 
00677 
00567 
00845 
00878 
01093 
01158 
01182 
01166 
01059 
00070 
00115 
00406 
01174 
01064 
00070 
00639 
00833 
01118 
00088 
01077 
01110 
01112 
00046 
00345
00515 
00744 
00422 
01119 
00697 
00204
00184
00273
00698 
01009 
00231
01152 
01190 
01081 
00082 
00026 
00229
00212
00859 
00793 
00972 
01191 
00082 
00343
00256
00485 
00470 
00679 
00791 
00854 
00159 
00030 
00023 
00181
00301
01049 
00317
00327
00907 
01068 
01232 
01223 
00042 
00364 
00657 
00700 
00826 
01108 
00014 
01151 
00048 
00374 
00716 
00130 
00391 
00579 
00357 
00747 
00651 
00775 
00728 
00851 
00970 
00916 
01017 
01058 
00102 
00383 
00629 
00521 
00228
00351
00604 
00688 
00913 
00887 
01227 
01078 
00251
00289
00274
00447 
00361 
00414 
00419 
00770 
00764 
00772 
00753 
00883 
00844 
00958 
00828 
00802 
01025 
01114 
01057 
01214 
01032 
00284
00582 
00555 
00510 
00672 
00715 
00668 
00757 
00952 
00992 
01220 
00219
00071 
00890 
00193
00743 
00879 
00149 
00308
00323
00290
00173
00445 
00640 
01070 
01046 
00981 
00015 
00049 
00053 
00092 
00068 
00167 
00084 
00021 
00156 
00027 
00154 
00096 
00316
00252
00221
00222
00233
00292
00169
00170
00569 
00390 
00409 
00478 
00420 
00750 
00626 
00670 
00687 
00605 
00675 
00659 
00752 
00733 
00832 
00836 
00888 
00889 
01141 
01056 
01095 
01226 
01010 
01052 
00995 
00015 
00061 
00072 
00005 
00040 
00255
00283
00407 
00418 
00486 
00363 
00503 
00443 
00408 
00601 
00591 
00855 
00841 
00838 
01055 
01198 
01127 
01053 
00095 
00161 
00225
00230
00286
00209
00196
00410 
00467 
