00648 
00767 
00770 
00392 
00559 
00936 
00150 
01234 
01111 
00798 
00926 
00693 
00185
01106 
01128 
01101 
00643 
00333
00205
00049 
00852 
01107 
00499 
00370 
00906 
00755 
00363 
00106 
00510 
01218 
00762 
00915 
00052 
00163 
00962 
00823 
00064 
00301
00914 
00502 
01205 
00946 
01148 
00930 
00291
00549 
00660 
00367 
00438 
00437 
00568 
00379 
01175 
00140 
00359 
00398 
00385 
00616 
00535 
00897 
00690 
00725 
00490 
00959 
01103 
00898 
00950 
00124 
00090 
00051 
01206 
01222 
01000 
00326
00844 
00091 
00733 
00975 
01137 
00901 
00501 
01192 
00311
00851 
00508 
00126 
00931 
00726 
00443 
00550 
00816 
00657 
01096 
00529 
00472 
01016 
00238
00322
01135 
00058 
00089 
00445 
01108 
00125 
00984 
01129 
00673 
00042 
00358 
00968 
00676 
01188 
00131 
01017 
00759 
00810 
00916 
00572 
01053 
00314
00063 
00187
00309
00934 
01162 
01033 
00963 
00267
00506 
01165 
00342
01115 
01104 
00118 
00928 
00135 
00287
00532 
00425 
00415 
00067 
00853 
00830 
00218
00856 
00956 
00791 
00019 
00955 
00441 
01114 
00248
00584 
00411 
00785 
00279
00401 
00336
00442 
00362 
01028 
00038 
00107 
00765 
00722 
00698 
00811 
00068 
00096 
01210 
00583 
01119 
00602 
00182
00538 
01132 
00465 
01031 
00193
00269
01158 
01068 
00394 
00748 
01118 
00815 
00867 
01146 
00062 
00062 
00095 
00566 
00021 
00029 
00979 
00377 
00603 
00505 
00842 
00943 
00525 
00824 
00997 
00098 
00899 
01224 
00585 
01105 
00243
00031 
00031 
00039 
00494 
00614 
01078 
00017 
00646 
00523 
00552 
00613 
00615 
00902 
01082 
01076 
00197
00207
00440 
00754 
01014 
00960 
00645 
00146 
00883 
00913 
01055 
00684 
00807 
00081 
00574 
00540 
00671 
00307
00313
00749 
00209
00586 
01159 
00697 
00734 
00945 
00746 
00694 
00008 
00236
00436 
00812 
00732 
00315
00424 
00961 
00881 
00148 
00278
00993 
00719 
00439 
01156 
00122 
00386 
00189
01066 
00407 
01127 
00900 
00246
00911 
01029 
01180 
00423 
00397 
00967 
00086 
00352
01075 
00822 
00156 
01226 
01012 
01008 
00018 
00297
00451 
01019 
01005 
01032 
00305
00351
00740 
00658 
00251
00689 
00971 
01182 
00647 
00404 
01087 
01040 
00173
00847 
00327
00489 
01173 
00134 
00601 
01117 
00053 
00503 
00224
00758 
00610 
00982 
00669 
00159 
00179
00082 
01191 
00082 
01093 
00705 
01179 
00611 
00139 
00571 
01143 
00160 
00235
00843 
00097 
01197 
00210
00541 
00035 
00634 
00849 
00102 
01083 
00912 
00432 
00427 
01077 
00482 
01136 
00688 
01204 
00430 
00371 
01169 
01048 
00296
00518 
00691 
00565 
00450 
00806 
01170 
00027 
00219
00141 
00141 
00951 
00486 
01140 
00628 
00084 
00170
00396 
01041 
00879 
00206
00263
00104 
00949 
00692 
00715 
00414 
00527 
00026 
00001 
00258
01160 
00517 
00854 
00272
00446 
00580 
01185 
00703 
01034 
00953 
00573 
00312
00925 
01121 
00092 
00626 
00418 
00612 
00007 
00622 
00222
00233
00302
00346
00778 
00801 
00111 
00348
00462 
00497 
00944 
01071 
00672 
00034 
01145 
00421 
00837 
00579 
00920 
01112 
00904 
00840 
01151 
00169
00420 
01027 
00005 
00006 
00055 
00055 
00954 
00288
00413 
00366 
00589 
00804 
00964 
00987 
00234
00230
00176
00687 
00988 
00737 
00738 
01065 
01223 
00469 
01088 
00211
00332
00709 
00357 
00241
00261
00360 
00786 
00011 
00562 
00969 
00200
00495 
01050 
00262
00739 
00283
00874 
00696 
00985 
00794 
00435 
00875 
00522 
00771 
00685 
00478 
01130 
00061 
00372 
00265
01163 
00303
00655 
00347
00860 
01099 
01090 
01190 
01227 
01113 
00003 
01002 
00999 
00077 
00203
01238 
00004 
01124 
00799 
00829 
00320
00382 
00998 
01181 
01168 
01152 
00059 
01049 
00466 
01166 
00989 
00013 
01167 
00260
01199 
00973 
00633 
00458 
01200 
00575 
00254
00507 
01174 
01062 
01183 
01172 
00289
00680 
00991 
00893 
00280
00504 
01091 
00455 
00965 
01161 
00123 
00599 
00870 
00201
00859 
00479 
01171 
00766 
01155 
00056 
00299
00764 
01024 
01214 
00700 
01147 
00190
00521 
00981 
00078 
00399 
00544 
00699 
00966 
00825 
00632 
01039 
00144 
00635 
00471 
00216
01086 
01201 
01216 
00895 
00164 
00594 
01213 
00043 
00337
00536 
00496 
00919 
00151 
00074 
00177
00797 
00244
00454 
00858 
01125 
00978 
00639 
00543 
00728 
00720 
00355
00745 
00293
00711 
00751 
00790 
00180
00270
00779 
00742 
00114 
00101 
00514 
00638 
00821 
01194 
01064 
00075 
00129 
00093 
00907 
01015 
01080 
01164
00877 
00183
00784 
00730 
00282
00274
00828 
00473 
00707 
00227
00569 
00605 
00836 
00174
00567 
01139 
00231
00147 
01067 
01157 
00391 
01058 
00976 
00143 
00909 
01084 
00112 
00481 
00498 
00664 
01144 
00452 
01232 
01035 
00731 
00137 
00030 
00630 
00325
00242
00085 
00947 
00597 
00777 
00596 
00345
00905 
01120 
00891 
00487 
00582 
00757 
00154 
00292
00199
00929 
01056 
00295
00986 
00795 
00369 
01211 
00627 
00885 
00782 
01100 
00387 
00994 
00661 
00138 
00094 
00012 
00198
00649 
01176 
00570 
00083 
00520 
00556 
00841 
00838 
00862 
01134 
00014 
00208
00607 
01131 
01116 
00384 
00935 
00882 
01189 
00588 
00178
01042 
00652 
00760 
00405 
01217 
00047 
00702 
00108 
00717 
01138 
00581 
00641 
01026 
00186
00665 
00268
00890 
00922 
00886 
00620 
01231 
00561 
00662 
00957 
01142 
00468 
01186 
01037 
00741 
00624 
00796 
00809 
01209 
00060 
00202
01059 
00215
00304
00416 
00400 
00393 
00896 
00175
00526 
00281
00819 
01044 
00475 
00869 
00121 
00818 
00380 
00625 
00831 
01233 
00718 
00002 
00892 
00515 
00339
00642 
01072 
00033 
00306
00375 
00576 
00378 
01178 
00079 
00516 
00553 
00564 
01207 
01202 
00406 
01203 
00558 
00142 
00431 
00977 
00776 
00850 
01177 
00530 
00492 
00474 
00835 
00264
00249
00682 
00524 
01237 
00009 
00547 
00609 
01061 
00009 
00247
00781 
00713 
00792 
00534 
00402 
00780 
00677 
00845 
00878 
00115 
00117 
00294
00395 
00704 
01212 
01122 
00903 
00833 
00188
00088 
00271
00617 
00714 
00429 
01110 
00100 
00422 
00109 
00050 
00087 
00277
00412 
00788 
00808 
01219 
01184 
00024 
00204
00184
00273
01009 
00343
00857 
01098 
01081 
00080 
00229
00212
00459 
00650 
00793 
00972 
01007 
01060 
01054 
00023 
00181
00769 
00813 
00250
00483 
00563 
00133 
00105 
00444 
00681 
00768 
01001 
01236 
00266
00317
00172
00577 
00223
00349
00461 
00364 
00460 
00826 
00165 
00374 
00917 
00119 
00166 
00130 
00217
00340
00727 
00747 
00651 
00667 
00775 
00618 
00623 
00590 
00884 
00970 
00873 
01102 
00383 
00631 
00587 
00629 
00800 
01047 
00069 
00256
00324
00213
00533 
00621 
00228
00604 
00887 
00453 
00113 
00528 
00447 
00361 
00480 
00419 
00772 
00753 
00958 
00848 
00802 
01025 
01057 
00341
00284
00554 
00555 
00668 
00923 
00952 
00992 
01195 
01220 
00073 
00744 
01092 
00519 
00743 
00805 
00865 
00149 
00308
00323
00290
00195
00640 
00695 
01070 
01239 
01046 
01074 
00015 
00167 
00316
00252
00221
00237
00191
00390 
00409 
00542 
00750 
00736 
00670 
00636 
00675 
00659 
00752 
00683 
00598 
00832 
00888 
00937 
00889 
00942 
00863 
01141 
01126 
