00430 
00765 
00568 
00140 
00205
00441 
00101 
00185
00288
00490 
01051 
00423 
01148 
00834 
01096 
00896 
00767 
00755 
00046 
00126 
00278
00122 
00693 
00801 
00125 
01017 
00502 
00538 
01111 
00540 
01197 
00392 
01120 
00466 
00437 
00815 
00975 
01167 
00014 
00740 
00299
00785 
00926 
00135 
00501 
00821 
00529 
00393 
01146 
00962 
00139 
00150 
00374 
01066 
00649 
00872 
00306
00287
01222 
01166 
00500 
01216 
00216
00544 
00418 
00124 
01031 
00726 
00106 
00465 
00504 
00758 
00615 
00566 
00443 
00749 
00207
01137 
00748 
00039 
00644 
00970 
00931 
00646 
01162 
00655 
00445 
00255
01217 
00930 
00562 
00605 
00625 
01050 
00180
00968 
00690 
00844 
01221 
00946 
01039 
00301
00919 
01205 
00574 
00906 
01115 
00671 
00586 
01144 
00049 
01139 
00176
01106 
00098 
00550 
00348
00270
00023 
01200 
00425 
01213 
00236
00624 
01175 
00856 
01192 
00289
00208
00669 
00370 
01121 
00187
00439 
01156 
00794 
01185 
00658 
00063 
00911 
00746 
00798 
00662 
00336
00410 
00312
00895 
00401 
00581 
00317
00648 
00915 
01218 
00711 
00809 
00984 
01103 
00993 
00772 
00269
00428 
00314
00499 
01182 
00404 
00881 
00775 
00867 
00292
00141 
00165 
00411 
00688 
00561 
00610 
00034 
00634 
01237 
00850 
00571 
00494 
00950 
00928 
00377 
01083 
00520 
00642 
00719 
00505 
00052 
00004 
00523 
00552 
00722 
00613 
00969 
00164 
00563 
00290
00831 
00757 
00086 
00960 
00949 
00035 
00444 
00062 
00272
00496 
01125 
00313
00243
01143 
01178 
01161 
00580 
00424 
00343
01044 
00436 
01127 
00144 
00838 
00883 
00375 
00901 
00694 
00018 
01204 
00100 
00614 
00956 
00256
01168 
01145 
00235
00532 
00936 
01082 
00526 
01159 
01151 
01056 
00322
00386 
00224
00985 
00064 
00383 
01011 
00853 
00835 
00453 
00892 
00786 
00647 
01158 
00899 
00762 
00495 
00032 
00186
00727 
00861 
01128 
00570 
00129 
00381 
00483 
00673 
00681 
00862 
00038 
00976 
00689 
00535 
01019 
00525 
00971 
00309
00770 
01032 
00435 
00267
00379 
01040 
00549 
00857 
00849 
01135 
01002 
01107 
00629 
00759 
00699 
01113 
01238 
00482 
01170 
00898 
01117 
00565 
00530 
01016 
00489 
00810 
00382 
00997 
00244
00415 
01206 
00511 
00311
00973 
00986 
00104 
00307
00553 
01179 
00572 
01014 
01173 
00296
00385 
00363 
00518 
01174 
00067 
00179
01136 
00280
00503 
01108 
00263
00959 
00656 
00163 
00134 
00056 
00943 
00090 
00160 
00486 
00472 
01064 
00573 
00702 
00559 
00632 
00912 
01169 
00082 
00078 
00084 
00051 
00131 
00170
00396 
00399 
00851 
00824 
00966 
00979 
00825 
00248
00527 
00951 
00982 
00291
00206
00584 
00879 
00123 
00994 
00697 
00705 
00925 
00427 
00797 
00944 
00342
00507 
00745 
00283
00924 
00541 
00016 
00811 
00111 
01140 
00612 
01005 
00001 
00779 
01041 
00095 
00091 
00114 
00029 
00446 
00514 
00638 
01194 
01077 
01191 
00258
00877 
00723 
00201
00297
00585 
00438 
00497 
00089 
00567 
00816 
00715 
00955 
00539 
00657 
01239 
01100 
00325
00622 
00660 
00112 
00081 
00230
00442 
00481 
00498 
00664 
01033 
00066 
00434 
00992 
00710 
00138 
00261
00360 
01105 
00388 
00426 
00637 
00651 
00618 
01126 
01052 
00286
00738 
00534 
00367 
00019 
00596 
01210 
01188 
00506 
00604 
00643 
00480 
01013 
01215 
00368 
00196
00195
00980 
00214
00554 
00591 
00909 
00855 
01235 
01211 
00006 
00007 
00326
00203
00279
00346
00440 
00359 
00627 
00778 
00333
01199 
01099 
00302
00070 
00876 
01030 
00706 
00172
00026 
00623 
00827 
00991 
00366 
01026 
00469 
00987 
00055 
00589 
00988 
00077 
00008 
00804 
00211
00665 
00904 
00961 
00003 
00011 
00964 
00742 
00902 
00725 
00166 
00005 
01055 
01196 
00093 
00037 
00331
00193
00194
00653 
00818 
00771 
00620 
00691 
00685 
00957 
00999 
01142 
00013 
00218
00265
00394 
00741 
00628 
00796 
01209 
01068 
00042 
00766 
01155 
01165 
00260
00860 
00934 
00916 
00405 
00737 
01070 
01193 
00320
00819 
01172 
01201 
00059 
00337
00475 
00869 
00830 
01091 
01163 
00190
00380 
00358 
00754 
00680 
00807 
01160 
01233 
01190 
00718 
00339
00249
00764 
00900 
01114 
01024 
01214 
01072 
00151 
00033 
00074 
00378 
00455 
00965 
01181 
00989 
00516 
01152 
00175
00347
00564 
00840 
01207 
00148 
00355
00536 
00398 
00602 
00852 
00914 
00822 
01203 
00998 
01021 
00293
00406 
00479 
00142 
00246
00431 
00454 
00451 
00963 
00875 
00858 
00977 
01157 
00558 
00700 
00471 
00576 
00684 
00707 
00633 
00870 
01177 
00676 
00079 
00616 
00492 
00474 
00859 
01132 
00146 
00021 
00227
00264
00569 
00682 
00728 
00829 
00897 
00836 
01118 
00137 
01202 
00143 
00543 
01171 
00085 
00751 
00790 
00954 
01076 
00009 
00282
00182
00274
00609 
00698 
00828 
01061 
00247
00713 
00792 
01147 
00315
00795 
00397 
00508 
00731 
00730 
00845 
00812 
01093 
00115 
00117 
00294
00395 
00704 
00907 
00947 
01212 
01122 
01053 
00473 
00617 
00031 
00083 
00147 
00597 
01067 
00714 
00781 
00189
00174
00878 
01164
01224 
00177
00241
00432 
00920 
01027 
01098 
01075 
00109 
00068 
00050 
00087 
00154 
00096 
00277
00199
00183
00547 
00391 
00413 
00412 
00774 
00788 
00929 
00808 
00784 
01219 
01184 
01058 
00266
00905 
01049 
01042 
01234 
00611 
01130 
01129 
00133 
00105 
00231
00407 
00556 
00487 
00582 
00362 
00601 
00639 
00594 
00768 
00732 
00760 
00823 
00841 
01001 
01104 
01087 
01232 
01134 
01236 
01035 
01028 
00118 
00219
00703 
00047 
00251
00305
00303
00178
00885 
00917 
00782 
00242
00739 
00030 
00108 
00058 
00069 
00324
00351
00352
00213
00173
00450 
00533 
00630 
00607 
00621 
00734 
00717 
00913 
00945 
00847 
00967 
00854 
00842 
01101 
01131 
01138 
01183 
01116 
01046 
01088 
01119 
01090 
00281
00215
00107 
00073 
00061 
00102 
00295
00369 
00416 
00400 
00414 
00661 
00744 
00743 
00868 
00922 
00886 
01048 
01034 
01029 
01092 
00522 
00588 
00304
00268
00890 
00978 
