00100 
01004 
00751 
00316
00241
00446 
01234 
00333
00948 
01177 
00597 
00842 
00519 
00489 
01000 
01226 
00677 
00422 
00684 
00370 
00587 
00730 
00377 
00926 
00089 
00962 
00017 
00502 
00946 
00552 
00442 
00767 
00505 
00895 
00392 
00460 
00653 
00987 
01151 
00332
00698 
00368 
00849 
00904 
00238
00199
00200
00726 
00394 
00057 
00648 
00988 
00599 
01197 
00334
00696 
00473 
00490 
00546 
00641 
01111 
00964 
01112 
00295
00731 
00189
01071 
00800 
00187
00975 
00915 
00931 
00323
00510 
01195 
01091 
00736 
00543 
00301
00090 
00438 
01148 
00912 
00337
00427 
00159 
01171 
00680 
00347
00063 
00320
00326
00914 
00499 
00095 
00437 
00989 
00458 
00749 
01170 
01218 
01066 
00887 
00944 
00397 
01239 
00134 
00144 
00676 
00185
01067 
00061 
01105 
00662 
00804 
00359 
00905 
00787 
00314
00883 
00742 
00242
01081 
00106 
01093 
00882 
00430 
01188 
01042 
00826 
00986 
00027 
00903 
01039 
00585 
00372 
00018 
00813 
00614 
01037 
01180 
00302
01078 
01035 
00475 
00611 
00282
01032 
00064 
00605 
00936 
00472 
00845 
00847 
00055 
00055 
01031 
00210
01214 
01235 
00366 
00589 
00459 
00650 
00307
01118 
00322
00387 
00155 
00155 
00469 
00218
00211
00088 
00806 
00859 
00784 
00727 
00775 
00011 
00349
01047 
00564 
00205
00562 
00969 
00300
00491 
00600 
00817 
00979 
00607 
01050 
00386 
01096 
00844 
01005 
00959 
00411 
00140 
00794 
00166 
01132 
01017 
00771 
00685 
00084 
00227
00396 
00750 
00659 
00733 
00942 
01012 
00517 
00244
01046 
01104 
00745 
00961 
00265
01159 
01163 
01165 
00306
00860 
00501 
00875 
01216 
00048 
00003 
00971 
00999 
01019 
00647 
00907 
00487 
01135 
00004 
00015 
00096 
00598 
00889 
01095 
00015 
00432 
00629 
00661 
00193
00998 
00139 
01181 
01168 
00059 
00602 
00466 
00754 
01106 
00596 
00013 
00960 
00753 
01167 
00260
00901 
01173 
00856 
00401 
00542 
00633 
01206 
00582 
00757 
00798 
01200 
00425 
00982 
00296
00601 
00838 
01053 
00358 
01205 
01172 
01107 
00758 
00830 
00722 
00890 
00455 
00965 
01161 
00870 
00535 
01003 
00429 
01062 
01110 
00541 
00766 
01155 
00056 
00299
00943 
00911 
00250
00852 
00190
00807 
01136 
01073 
00968 
00024 
00803 
00604 
00945 
00471 
00940 
01201 
01222 
00336
00243
00536 
00496 
00693 
00815 
00141 
00141 
00102 
00179
00725 
00093 
00348
00151 
00074 
01137 
00062 
00062 
00317
00195
01131 
00124 
00441 
00454 
00858 
00906 
01125 
01224 
00225
00538 
01117 
01169 
00765 
00658 
00867 
00573 
00206
00355
00568 
00689 
00673 
00031 
00790 
00031 
00246
00755 
00951 
00812 
00879 
00782 
01103 
00019 
01164
00022 
00428 
01016 
00389 
00837 
00703 
00312
00572 
00465 
00899 
00150 
00705 
01179 
00527 
00451 
00963 
00148 
00494 
00822 
01115 
01175 
01162 
01128 
00707 
00898 
00885 
00865 
00043 
00315
00922 
00559 
00118 
00174
00147 
00523 
00785 
00956 
00248
00565 
01157 
00203
00955 
00143 
00313
00823 
01087 
00311
01040 
00513 
00663 
00791 
00748 
00137 
00613 
00085 
00584 
01076 
00738 
00694 
01120 
00993 
01015 
00508 
00606 
00052 
00269
00497 
00050 
01109 
01211 
00025 
00603 
01149 
00424 
00083 
00520 
01146 
00669 
00811 
00588 
00016 
00537 
00724 
01063 
00768 
00436 
01210 
00690 
01099 
00452 
01090 
00566 
01026 
00236
01185 
00415 
00153 
00330
00186
00449 
00774 
00682 
01011 
00665 
00671 
01045 
01199 
00439 
00525 
00388 
00756 
00783 
01228 
00039 
00561 
00691 
00957 
00853 
01142 
00038 
00540 
00741 
00628 
00624 
00796 
00809 
00984 
01209 
00101 
00592 
01036 
00902 
00175
00495 
01238 
00655 
00526 
00973 
00786 
00267
00362 
00924 
01186 
01212 
00646 
00819 
01044 
00398 
00382 
00586 
00869 
00997 
00380 
00625 
00831 
01002 
01160 
01233 
00135 
00335
00213
00892 
00033 
00375 
00576 
00378 
00746 
00810 
00881 
01178 
01145 
00126 
00574 
00553 
00840 
01014 
01156 
01207 
01202 
00498 
00714 
00674 
01098 
00571 
00950 
01203 
01213 
01143 
00142 
00529 
00431 
00977 
00404 
00632 
00850 
00930 
01192 
00037 
00615 
00818 
00917 
00816 
00530 
00192
00985 
01092 
00164 
00524 
00594 
00122 
00201
01237 
01204 
00534 
00877 
00954 
00402 
00177
00780 
01082 
00235
00567 
00532 
00797 
00878 
01083 
01139 
01158 
01182 
01166 
00014 
00639 
00833 
00188
00271
01147 
01077 
00007 
01119 
00297
00272
00740 
00949 
00697 
00204
00184
00273
00346
00421 
00778 
00829 
01009 
00231
01152 
01190 
00082 
00051 
00026 
00080 
00229
00212
00183
00793 
00972 
01007 
01191 
01060 
01054 
00082 
00030 
00023 
00181
00630 
00769 
01124 
01075 
00563 
00266
00739 
00610 
01049 
00163 
00224
00172
00369 
00577 
00160 
00223
00288
00327
00293
00479 
00711 
00928 
01065 
01068 
01232 
01223 
00042 
00352
00550 
00461 
00364 
00657 
00737 
00700 
01108 
00119 
00130 
00217
00340
00391 
00579 
00357 
00747 
00651 
00667 
00618 
00728 
00623 
00590 
00884 
00851 
00970 
00897 
00916 
00873 
01058 
01102 
00006 
00305
00383 
00631 
00258
00521 
00228
00351
00688 
00913 
00919 
01227 
00208
00453 
00001 
00113 
00251
00289
00182
00274
00528 
00447 
00361 
00414 
00480 
00462 
00419 
00770 
00764 
00622 
00772 
00692 
00958 
00828 
00848 
00802 
01025 
01114 
01024 
01057 
01048 
01129 
00341
00284
00554 
00555 
00672 
00715 
00668 
00732 
00583 
00923 
00952 
00992 
01220 
00219
00268
00612 
00743 
00805 
01086 
00149 
00308
00290
00173
00445 
00734 
00640 
00695 
00967 
01101 
01070 
01033 
01116 
00981 
01074 
00522 
00049 
00053 
00092 
00068 
00146 
00167 
00021 
00156 
00008 
00107 
00154 
00252
00221
00222
00237
00233
00292
00191
00169
00170
00569 
00390 
00409 
00478 
00420 
00626 
00670 
00687 
00636 
00675 
00752 
00683 
00832 
00929 
00934 
00836 
00888 
00937 
00863 
01141 
01056 
01126 
01010 
01052 
00995 
00125 
00065 
00253
00325
00178
00463 
00719 
00953 
00886 
00983 
01051 
01043 
00110 
00072 
00005 
00040 
00254
00255
00283
00245
00407 
00418 
00486 
00556 
00457 
00363 
00518 
00503 
00443 
00408 
00591 
00874 
00947 
00855 
00841 
00862 
00843 
01055 
01198 
01127 
01215 
01134 
00304
00367 
00925 
01085 
00108 
00123 
00161 
00232
00230
00286
00287
00209
00196
00176
00342
00410 
00467 
00539 
00548 
00506 
00482 
00371 
00706 
00616 
00717 
00762 
00876 
01140 
01041 
01030 
01138 
01021 
00259
00278
00281
00263
00710 
00643 
01038 
00098 
00077 
00067 
00111 
00047 
00234
00279
00261
00416 
00400 
00440 
00393 
00360 
00608 
00702 
00686 
00795 
00976 
00896 
01034 
01029 
00104 
00215
00575 
00484 
00660 
