00989 
00589 
00987 
00912 
01171 
00983 
00081 
00110 
00062 
00790 
01173 
00282
00986 
00988 
00745 
00860 
00135 
00265
00778 
00726 
00874 
00260
00006 
00905 
00588 
00176
00242
00200
01111 
01091 
01213 
00008 
00969 
01237 
00945 
00394 
00479 
00437 
00755 
00926 
00668 
00922 
00055 
00767 
00451 
00505 
01143 
00999 
00469 
00563 
00337
00177
00331
00676 
00001 
00346
01234 
01185 
01071 
00179
00508 
01203 
00432 
00842 
00936 
00964 
01077 
00592 
00501 
00018 
00063 
00540 
00080 
00590 
01218 
00884 
00244
00819 
01169 
00975 
00490 
00875 
00914 
01161 
00189
00495 
01016 
00852 
01148 
00007 
00552 
00971 
00840 
00243
01014 
00498 
00511 
00460 
00803 
00946 
00465 
00266
00559 
00630 
00930 
00056 
00911 
00139 
00765 
00190
00625 
00178
01197 
00299
00386 
00961 
00959 
00144 
00694 
00703 
00541 
00536 
01145 
00162 
00897 
00089 
00182
00107 
00377 
00529 
00373 
00956 
00278
00106 
00020 
00731 
00917 
00441 
01039 
00800 
01227 
00202
01038 
00811 
00671 
00185
00453 
00597 
00024 
00160 
00406 
00148 
00689 
01115 
01086 
01202 
00798 
01222 
00965 
01079 
00017 
00183
00195
01172 
00606 
00532 
00665 
00830 
01163 
00899 
01066 
00968 
00502 
00349
00380 
00831 
00322
01067 
00425 
01096 
00218
00796 
01065 
00499 
01177 
00557 
00307
00166 
00254
00550 
00192
00194
00593 
00903 
01031 
01155 
00369 
01159 
00768 
00806 
00033 
00455 
00655 
00496 
01201 
00658 
00022 
01019 
00043 
00250
00038 
00336
00997 
00931 
01165 
00497 
00794 
00011 
00525 
00306
00923 
01190 
00714 
00312
00674 
01138 
00279
00473 
00514 
01035 
00151 
00810 
01178 
01106 
01136 
00004 
00401 
00766 
01238 
00411 
00973 
00786 
00059 
00475 
00382 
00998 
00683 
00808 
01000 
00870 
01168 
00607 
00427 
00730 
01179 
00861 
01118 
00895 
00466 
01002 
00206
00355
00398 
00494 
00758 
00962 
00814 
01206 
01200 
00376 
00085 
00877 
00951 
00646 
00960 
01170 
00576 
00684 
00707 
00898 
00120 
00813 
00835 
00928 
00815 
01162 
00389 
00746 
00126 
00347
00901 
00447 
00272
00648 
01076 
00699 
00174
00705 
00915 
00358 
00134 
00943 
00748 
00749 
00141 
00542 
00804 
00429 
00375 
00415 
00812 
00248
00858 
01157 
00982 
00159 
00161 
00892 
00143 
00990 
00584 
00776 
01103 
01005 
00802 
00516 
00591 
00108 
00238
00506 
00847 
00876 
01183 
00438 
00262
00462 
00635 
01051 
00553 
00064 
00227
00118 
00150 
00610 
00083 
00949 
01146 
00738 
00993 
00890 
00458 
00753 
01112 
00522 
01003 
00123 
00596 
00740 
00821 
00235
01083 
01229 
01204 
00816 
01048 
01021 
00153 
00330
00459 
00670 
00728 
01102 
01123 
00208
00739 
00326
00270
00032 
00087 
00340
00104 
00281
01151 
00481 
00599 
01131 
00350
00239
00271
01087 
00224
00348
00578 
00724 
00763 
01024 
01015 
00133 
01194 
01073 
01211 
00019 
00902 
00302
00614 
00079 
00435 
00696 
00980 
01144 
01078 
00093 
01045 
00690 
00050 
00237
00388 
00788 
00934 
00837 
00824 
01228 
01006 
00663 
00366 
00566 
01026 
00236
00647 
00140 
00211
00904 
00295
00779 
00611 
00003 
00187
00439 
01167 
00368 
00985 
00446 
01195 
01147 
01212 
01004 
01149 
00205
00535 
00562 
00771 
00856 
00039 
00561 
00691 
00685 
00662 
00957 
00853 
01142 
00013 
00741 
00628 
00624 
00809 
00984 
01209 
01050 
00210
00464 
00941 
01013 
00924 
00947 
00288
00554 
00338
00461 
00526 
00573 
00275
00650 
00871 
00996 
00155 
00223
00241
00387 
00372 
01033 
01193 
00725 
00320
01044 
00586 
00869 
00124 
00754 
00680 
00807 
01107 
01160 
01135 
01233 
00484 
00333
00737 
00645 
00664 
00504 
01075 
00074 
00378 
00489 
01181 
01137 
00175
00574 
00572 
00564 
00867 
01205 
01156 
01207 
00113 
00321
00577 
00488 
00356 
00678 
00609 
00653 
00692 
00245
00583 
00927 
01001 
01186 
01084 
00978 
00217
00396 
00569 
00456 
00492 
00727 
00636 
00723 
00623 
00598 
00846 
00784 
00937 
00873 
00863 
01132 
01008 
01011 
01060 
01054 
01022 
00568 
00571 
00602 
00693 
00950 
00822 
01175 
01128 
00163 
00629 
00885 
00886 
00142 
00246
00527 
00431 
00392 
00565 
00454 
00963 
00977 
00906 
01125 
01216 
00471 
00538 
00404 
00633 
00632 
00850 
00881 
01117 
01192 
00314
00530 
00073 
00253
00393 
00864 
01140 
01129 
00100 
00101 
00012 
00116 
00296
00472 
00823 
00801 
00843 
01036 
01104 
01122 
00152 
00341
00232
00287
00967 
01020 
01231 
01120 
00137 
00119 
00051 
00285
00199
00191
00448 
00399 
00736 
00637 
00618 
00929 
00829 
00827 
01219 
01126 
01007 
01230 
00122 
00313
00430 
00543 
00722 
00523 
00751 
00785 
00954 
00310
00334
00291
00216
00342
00539 
00452 
00717 
00919 
01116 
01088 
01090 
00311
00397 
00567 
00845 
00797 
00944 
01139 
01093 
01158 
01182 
01040 
01166 
00234
00795 
00848 
00896 
00865 
01034 
01059 
00115 
00332
00293
00485 
00434 
00711 
00862 
01174 
01064 
01134 
01153 
00031 
00147 
00297
00520 
00534 
00585 
00052 
00269
00697 
00878 
01164
01224 
00201
00424 
00046 
00111 
00047 
00345
00305
00515 
00360 
00612 
00661 
00744 
00866 
00976 
00849 
01041 
01047 
00070 
00343
00256
00352
00470 
00442 
00679 
00706 
00734 
00695 
00791 
00854 
01101 
01239 
01030 
01074 
01180 
00259
00301
00436 
01049 
01210 
01042 
00125 
00065 
00048 
00315
00172
00400 
00374 
00528 
00519 
00463 
00631 
00421 
00608 
00587 
00716 
00613 
00673 
00953 
00805 
01062 
01105 
01043 
00014 
00304
00263
00370 
00669 
01199 
01099 
01188 
00077 
00071 
00258
00268
00367 
00710 
00667 
00643 
00955 
01085 
00742 
