01148 
00767 
00106 
01111 
00726 
00975 
00671 
00926 
01192 
01175 
00187
00648 
01156 
00765 
00063 
00798 
00441 
00126 
00867 
00052 
00062 
00883 
01031 
00465 
00243
00749 
00566 
01096 
00437 
00949 
00185
00039 
00051 
00931 
00646 
00309
00930 
00311
00486 
00968 
00690 
00853 
00946 
01205 
01040 
00574 
00906 
00540 
00430 
01206 
00586 
00490 
01204 
00205
01019 
01106 
00207
01137 
01128 
00425 
00236
00504 
00525 
01117 
00856 
00956 
00502 
01135 
00134 
00439 
00114 
00029 
01077 
00535 
00911 
01173 
00385 
00078 
00170
00399 
00336
00140 
00401 
00785 
00915 
01218 
00427 
00740 
00280
01146 
00269
00973 
01222 
00499 
01182 
00404 
00881 
00572 
00179
00573 
00411 
00758 
01005 
00610 
00104 
00568 
00571 
00494 
00962 
00950 
00527 
01197 
00377 
01083 
00263
00615 
00529 
00287
00346
00745 
00211
00505 
00314
00366 
00523 
00552 
00722 
00567 
00392 
00501 
01216 
01190 
00748 
00423 
01178 
00585 
01050 
00778 
00613 
00302
00272
00150 
00313
01143 
00580 
00669 
00261
00436 
00378 
00694 
00700 
00018 
00589 
00614 
00019 
01145 
01072 
00265
00394 
00235
00532 
00936 
00469 
01082 
01159 
01151 
00322
00386 
00680 
00807 
01168 
00003 
00964 
00064 
00033 
00455 
01181 
01161 
01172 
00786 
01165 
00337
00830 
00182
00647 
01158 
00919 
00762 
00771 
00495 
00989 
01152 
01075 
00038 
00689 
00971 
00380 
00860 
00770 
01032 
00474 
00435 
00267
00379 
00549 
00077 
00008 
01118 
00266
00849 
00655 
00471 
01002 
01107 
00819 
00960 
00759 
00699 
01113 
01238 
00482 
01170 
00898 
01203 
00998 
00565 
00489 
00810 
00382 
00997 
00415 
00343
00175
00564 
00840 
00901 
01166 
01115 
00307
00713 
01179 
01014 
00296
00363 
00518 
01174 
00067 
00124 
01136 
00369 
00049 
00115 
00947 
01212 
01053 
00068 
00412 
01056 
01184 
01049 
00503 
01108 
00959 
00246
00451 
00963 
00858 
01157 
00163 
00844 
00976 
00553 
00056 
00299
00943 
00954 
00090 
00160 
00472 
01064 
00892 
00559 
00324
00632 
00912 
01039 
01169 
00082 
00084 
00131 
00396 
00544 
00851 
00824 
00966 
00979 
00825 
00248
00951 
00982 
00445 
00291
00216
00206
00693 
01162 
01213 
00312
00584 
00244
00896 
00879 
00141 
00143 
00697 
00705 
00530 
00676 
00611 
00231
00407 
00487 
00594 
00841 
01236 
01028 
00781 
00746 
00797 
00944 
00342
00507 
00857 
01027 
00125 
00541 
00811 
00755 
00993 
00242
00111 
01140 
00612 
00139 
00001 
00348
00270
00779 
01041 
00095 
00091 
00180
00101 
00418 
00446 
00514 
00638 
00821 
01194 
01191 
00258
00877 
00147 
00597 
00986 
00201
00297
00122 
00438 
00497 
00301
00089 
01139 
00030 
00352
00967 
00854 
01116 
00955 
00719 
00673 
01129 
00325
00622 
00178
00424 
00112 
00081 
00230
00176
00442 
00481 
00498 
00664 
01033 
01144 
00098 
00360 
01105 
00453 
00738 
00520 
00534 
00086 
00014 
00367 
00596 
01210 
00118 
00219
01188 
00563 
00102 
00416 
00393 
00643 
01211 
00006 
00007 
00326
00203
00279
00440 
00359 
00627 
00333
00278
00208
01199 
01099 
00522 
00588 
00268
00890 
01026 
00987 
00055 
00794 
00988 
01185 
00550 
00370 
00804 
01121 
00665 
00904 
00961 
00288
00874 
00149 
00780 
00011 
01167 
00742 
00902 
00357 
00793 
00562 
00620 
00561 
00691 
00685 
00662 
00957 
00999 
01142 
00013 
00218
00741 
00628 
00624 
00796 
00809 
00984 
01209 
01068 
00042 
00004 
00766 
01155 
00228
00260
00526 
00969 
00895 
00934 
00916 
00065 
00273
00240
00464 
00276
00320
00658 
01201 
01044 
00059 
00475 
00869 
01091 
01163 
00190
00466 
00358 
00754 
00625 
00831 
01200 
01160 
01233 
00289
00718 
00339
00249
00764 
00642 
00900 
01114 
01024 
01214 
00151 
00074 
00306
00375 
00965 
00516 
00347
01207 
00864 
00319
00284
00706 
00695 
01217 
00981 
00148 
00355
00536 
00398 
00496 
00602 
00852 
00914 
00815 
00822 
00025 
00138 
00026 
00275
00217
00384 
00389 
00654 
00736 
00884 
00873 
00863 
01052 
01054 
00293
00406 
00479 
00142 
00431 
00454 
00875 
00977 
01125 
00558 
00576 
00538 
00684 
00707 
00633 
00850 
00870 
01177 
00144 
01016 
00079 
00034 
00616 
00634 
00835 
00492 
00859 
01132 
01120 
00146 
00021 
00227
00264
00569 
00605 
00682 
00728 
00829 
00897 
00836 
00100 
00037 
00286
00635 
00137 
01202 
00041 
00200
00214
00524 
00408 
00820 
00880 
00855 
00927 
01081 
01196 
01073 
00543 
01237 
01171 
00085 
00751 
00899 
00790 
01076 
01066 
00009 
00035 
00282
00274
00609 
00698 
00828 
01061 
00247
00444 
00711 
00928 
00792 
01147 
00315
00795 
00985 
00397 
00508 
00731 
00730 
00845 
00812 
01093 
00117 
00294
00395 
00704 
00907 
00801 
01122 
00060 
00022 
00123 
00145 
00310
00308
00232
00290
00410 
00604 
00761 
01124 
01065 
01227 
01045 
01074 
01078 
00473 
00617 
00031 
00083 
01067 
00256
00714 
00189
00174
00878 
01164
01224 
00177
00241
00432 
00920 
01098 
00109 
00164 
00050 
00087 
00154 
00096 
00277
00292
00199
00183
00547 
00391 
00413 
00774 
00788 
00929 
00808 
00784 
01219 
01017 
01058 
00345
00048 
00253
00234
00447 
00577 
00462 
00463 
00686 
00716 
00653 
00816 
01062 
01110 
00905 
01042 
01234 
00483 
01130 
00133 
00105 
00556 
00582 
00362 
00601 
00639 
00681 
00757 
00768 
00732 
00760 
00823 
00838 
00862 
01001 
01104 
01127 
01087 
01232 
01134 
01035 
00703 
00165 
00047 
00251
00305
00303
00224
00374 
00702 
00885 
00917 
00782 
00071 
00675 
00739 
00108 
00058 
00069 
00351
00213
00173
00450 
00533 
00630 
00607 
00621 
00734 
00717 
00913 
00945 
00847 
00842 
01101 
01131 
01138 
01183 
01046 
01088 
01119 
01090 
00281
00215
00107 
00073 
00061 
00295
00400 
00414 
00629 
00661 
00744 
00743 
00868 
00922 
00886 
01048 
01034 
01029 
01103 
01092 
00304
00978 
00925 
