00089 
01107 
01012 
00816 
01115 
00392 
00489 
00673 
01091 
00936 
00830 
00767 
00911 
00603 
00810 
00696 
00510 
00823 
00185
00926 
00506 
00150 
00327
00090 
00791 
01128 
00205
00455 
01029 
00754 
00362 
00225
00333
01234 
00332
00852 
00424 
00394 
01103 
00323
00643 
00755 
00546 
01090 
00559 
00542 
00912 
01093 
00915 
00725 
00680 
01218 
01008 
00601 
00693 
00095 
00296
00320
00847 
00322
00901 
01106 
00543 
01205 
01035 
00662 
00379 
00200
01016 
01053 
00945 
00944 
00021 
00822 
01101 
00552 
01037 
01067 
01186 
01224 
00134 
00798 
00676 
00838 
00650 
00628 
00888 
00457 
00811 
00535 
00813 
00505 
00517 
00585 
00959 
00370 
00049 
00969 
00135 
00981 
00616 
00088 
00238
01222 
01206 
00206
01140 
00490 
00583 
00602 
00943 
00295
00052 
01200 
00459 
01192 
01034 
00726 
00815 
00648 
00659 
00942 
00311
00962 
00844 
00899 
01111 
00875 
00251
00326
00055 
00055 
01213 
00660 
01076 
00025 
00975 
00487 
00931 
00960 
00645 
00698 
00762 
00771 
00059 
00568 
01055 
01135 
00719 
00758 
01148 
00902 
00359 
00998 
00337
00730 
00056 
01151 
00684 
01179 
00314
00946 
01129 
00101 
00573 
00465 
00522 
00315
00961 
00572 
00634 
00291
00986 
01092 
00770 
00751 
00854 
01149 
00541 
00413 
00502 
01175 
00438 
00575 
00749 
00658 
01066 
01209 
00397 
00316
00118 
00146 
01052 
01000 
00782 
00584 
01152 
00053 
00669 
00930 
00748 
00738 
00907 
00405 
00928 
00950 
00641 
00804 
00107 
00204
00853 
00097 
01028 
00210
01174 
00387 
01220 
00883 
00657 
00742 
00203
00849 
01199 
00475 
00242
00688 
00186
00068 
00096 
00371 
00694 
00330
00882 
01081 
00106 
00175
00917 
00038 
00984 
00404 
00377 
00826 
00715 
01183 
01197 
00051 
00026 
01160 
00152 
01045 
01017 
00452 
00415 
00956 
01132 
00953 
00301
00614 
00092 
00626 
00033 
00881 
01180 
00460 
00776 
01226 
00398 
00224
00222
00233
00913 
00302
00307
01078 
00629 
01014 
00753 
00462 
00672 
00282
01032 
00421 
01158 
00845 
01177 
01114 
01024 
00532 
00515 
01043 
00904 
00554 
00431 
00072 
00843 
00005 
00443 
01031 
01182 
01166 
00739 
00367 
00349
00366 
00589 
00786 
00964 
00987 
00410 
00122 
00234
00988 
00737 
00887 
01237 
00469 
00218
00571 
00211
00357 
00897 
00806 
00727 
00775 
00011 
00187
00734 
01070 
00564 
01033 
00562 
00697 
00607 
00297
01050 
00386 
01096 
01156 
00967 
01005 
00340
00651 
00590 
00916 
00530 
00949 
00411 
00140 
00794 
00149 
00685 
00548 
00478 
00084 
00227
00396 
00750 
00733 
00599 
00244
00501 
00265
01159 
01163 
00800 
00235
01165 
00347
00306
00860 
00063 
00305
00422 
00064 
00027 
00170
00605 
00752 
00683 
01010 
00003 
00971 
00999 
01019 
00375 
00647 
01083 
01195 
00004 
01124 
01075 
00159 
00193
00139 
01181 
01168 
01049 
00582 
00923 
00955 
00466 
00596 
00989 
00013 
01167 
00260
01173 
00856 
00401 
00633 
00865 
00425 
00254
00982 
01062 
00358 
00125 
01112 
01172 
00372 
00722 
01071 
00965 
01161 
00870 
00325
00093 
00067 
00279
00613 
00245
00874 
00855 
00258
00611 
01171 
00766 
01155 
00351
00299
00250
00914 
00190
00807 
01136 
00521 
00968 
00871 
00144 
00635 
00471 
00458 
00473 
00940 
01201 
01170 
00895 
00360 
00336
00243
00131 
00536 
00496 
00014 
00141 
00141 
00102 
00179
00151 
00074 
01137 
00062 
00062 
00124 
00209
00432 
00441 
00454 
00858 
00906 
01125 
00414 
00427 
00442 
00538 
01117 
01169 
00765 
00435 
00867 
00355
00689 
00031 
00437 
00790 
00031 
00925 
00197
00447 
01048 
00246
00951 
00812 
00287
00467 
00876 
00900 
00879 
00019 
00129 
01164
00550 
00428 
00389 
00837 
00312
00805 
00705 
00527 
00451 
00963 
01038 
00148 
00494 
01162 
00707 
00898 
00043 
00061 
00922 
01105 
00667 
00174
00368 
00147 
00523 
00785 
00248
00565 
01157 
00143 
00313
01087 
00499 
00731 
01040 
00057 
00513 
00663 
00098 
00047 
00137 
00085 
00008 
00087 
00666 
00597 
00777 
00010 
00345
00430 
00905 
01120 
00891 
00018 
00993 
00703 
00508 
00278
00824 
00189
00269
00497 
00259
00617 
01211 
00079 
00220
00713 
00638 
01001 
01235 
01100 
00058 
00570 
00083 
00520 
01146 
00941 
00239
00588 
00436 
01188 
01210 
01042 
00652 
00690 
00920 
01217 
01099 
01088 
01027 
00566 
01026 
00017 
00207
00549 
00236
00202
01185 
00153 
00449 
00774 
00682 
01011 
00665 
00671 
00264
00808 
00783 
00439 
00525 
00165 
00039 
00561 
00691 
00957 
01142 
00468 
00540 
00741 
00624 
00796 
00809 
00592 
01036 
00303
01130 
01059 
00495 
01238 
00655 
00526 
00973 
00117 
00350
01079 
01194 
01122 
00646 
00819 
01044 
00382 
00586 
00869 
00997 
00380 
00625 
00831 
01002 
01233 
00002 
00335
00334
00213
00241
00892 
00576 
00378 
00746 
01178 
01145 
00978 
00112 
00485 
00511 
00423 
00533 
00761 
00664 
00990 
01144 
00126 
00574 
00553 
00840 
01207 
01202 
00745 
01203 
01143 
00142 
00529 
00977 
01216 
00709 
00632 
00850 
01039 
00037 
00048 
00615 
00818 
00046 
00331
00270
00627 
00716 
00985 
00164 
00524 
00594 
00201
01204 
00534 
00877 
00954 
00402 
00177
00780 
01082 
00677 
00567 
00797 
00878 
01139 
00639 
00903 
00833 
01118 
00188
00271
01147 
01077 
00007 
00429 
01110 
00100 
01119 
00272
00740 
00024 
00184
00273
00346
00778 
00829 
01009 
00231
01190 
01104 
00082 
00080 
00229
00212
00183
00859 
00784 
00793 
00972 
01007 
01191 
01060 
01054 
00082 
00030 
00023 
00181
00630 
00769 
00563 
00266
00610 
00163 
00317
00172
00369 
00577 
00160 
00223
00288
00293
00472 
00479 
00711 
01065 
01068 
01232 
01223 
00042 
00352
00461 
00364 
00700 
01108 
00119 
00166 
00130 
00217
00391 
00579 
00747 
00618 
00728 
00623 
00884 
00851 
00970 
00873 
01058 
01102 
00006 
00383 
00631 
00587 
00661 
01047 
00228
00604 
00919 
01227 
00208
00453 
00001 
00113 
00289
00182
00274
00528 
00361 
00480 
00419 
00764 
00622 
00772 
00692 
00958 
00828 
00848 
00802 
01025 
01057 
01214 
00341
00284
00446 
00555 
00668 
00757 
00732 
00952 
00992 
00219
00268
00890 
00519 
00612 
00743 
00885 
01086 
00308
00290
00195
00173
00445 
00640 
00695 
00842 
01239 
01131 
01046 
01116 
01074 
00015 
00167 
00156 
00154 
00252
00221
00237
00292
00199
00191
00169
00569 
00390 
00409 
00420 
00736 
00670 
00687 
00636 
00675 
00598 
00832 
00929 
00934 
00836 
00937 
00889 
00863 
01141 
01056 
01126 
01095 
00995 
00015 
00065 
00253
00178
00463 
00886 
00983 
01051 
00110 
00040 
00255
00283
00407 
00418 
00486 
00556 
00363 
00518 
00503 
00408 
00591 
00947 
00841 
00862 
01198 
01127 
01215 
01134 
01073 
00304
00606 
00803 
01085 
00155 
00022 
00108 
00123 
00161 
00232
00230
00286
00196
00176
00342
00539 
00482 
00706 
00717 
01041 
01030 
01138 
01021 
00155 
00281
00263
00710 
00077 
00111 
00348
00261
00416 
00400 
00440 
00393 
00608 
00702 
00686 
00653 
00795 
00976 
00896 
00104 
00215
00484 
01003 
