01066 
00662 
00767 
00538 
01103 
00540 
01093 
00993 
00758 
00101 
00765 
01044 
01091 
01167 
00962 
01168 
00912 
01120 
01197 
00208
00742 
00205
00693 
00975 
01050 
00502 
01148 
00823 
00749 
00926 
00943 
00911 
01151 
00892 
01016 
00430 
00306
00676 
01078 
00126 
00389 
00658 
00895 
00314
01215 
00970 
00288
00106 
00505 
01081 
00816 
00561 
00546 
00296
01090 
00726 
00359 
00945 
00302
00506 
00337
01035 
00957 
01180 
00810 
00838 
00615 
00734 
00813 
00831 
00394 
00628 
00011 
00386 
00459 
00733 
01012 
00496 
01162 
01125 
01178 
01137 
01161 
01159 
00424 
00542 
00489 
00517 
00696 
00754 
00089 
00581 
01234 
00999 
00225
00334
00563 
00375 
00090 
00592 
00907 
00973 
00648 
01139 
00466 
01039 
00725 
00869 
01163 
00307
00135 
00766 
00526 
00680 
00730 
00845 
00944 
00684 
01177 
00840 
01031 
01076 
01149 
00669 
00815 
01115 
01213 
00535 
00856 
00137 
00290
00976 
00320
00969 
00159 
00323
01071 
00931 
01111 
00311
01166 
00458 
00312
00899 
00785 
00564 
00543 
00568 
00398 
00950 
01203 
00129 
00381 
01216 
00552 
00751 
01207 
00392 
00956 
00122 
00490 
00052 
00189
00878 
01224 
00141 
00139 
01200 
00201
00523 
00501 
00451 
00963 
00043 
00061 
00818 
00917 
01034 
01112 
00530 
00532 
00596 
00919 
00520 
01146 
00986 
00553 
01199 
00297
01067 
00656 
00185
00134 
00056 
00299
01218 
00014 
00018 
00397 
00272
00940 
00123 
00994 
00508 
00242
00283
00711 
00924 
00278
00292
00287
00883 
00377 
00465 
00453 
01188 
00428 
00837 
00715 
00928 
00539 
00423 
00657 
01239 
01100 
00660 
01087 
00138 
00057 
00663 
00826 
00791 
00286
01226 
00410 
00604 
01092 
00316
00035 
00480 
00642 
01013 
00531 
01227 
01127 
01211 
00460 
00847 
00282
00513 
01032 
00332
00200
00614 
00125 
00070 
00256
00688 
00876 
01030 
01144 
00322
00690 
01096 
00028 
00157 
00318
00321
00698 
00958 
00802 
01009 
01029 
00457 
00295
00193
00026 
00207
00500 
00623 
00827 
01056 
00991 
01017 
00238
00452 
00599 
00607 
00366 
00566 
01026 
00236
00469 
00647 
00987 
00055 
00140 
00589 
00794 
00988 
01185 
00211
00665 
00671 
00904 
00936 
00961 
00025 
00153 
00084 
00227
00330
00186
00396 
00449 
00750 
00727 
00774 
00650 
00659 
00775 
00682 
00603 
00882 
00942 
01011 
00003 
00187
00439 
00525 
00964 
00971 
00023 
00393 
01051 
00324
00450 
00373 
00166 
00005 
00443 
00681 
00644 
00862 
01055 
01196 
00562 
00771 
00039 
00425 
00691 
00685 
00853 
01019 
01142 
00013 
00218
00265
00741 
00624 
00796 
00809 
00984 
01209 
00027 
00199
00549 
00747 
00651 
00918 
00836 
00871 
00326
00800 
00004 
00495 
00401 
00946 
01155 
01165 
01238 
00088 
00487 
00510 
00601 
00641 
00806 
01195 
01036 
01037 
01053 
00260
00655 
00370 
00411 
00860 
00798 
00786 
01222 
00573 
00405 
00737 
00835 
00857 
01070 
01221 
01193 
00063 
00646 
00959 
00819 
00960 
01172 
01201 
01170 
00038 
00059 
00336
00475 
00382 
00586 
00830 
00997 
00124 
00190
00380 
00358 
00625 
00807 
01002 
01106 
01107 
01206 
01136 
01160 
01135 
01233 
00165 
00400 
00673 
00652 
00844 
00049 
00570 
00406 
00638 
00768 
00760 
01152 
01208 
01220 
00095 
00335
00213
00241
00442 
00422 
00151 
00033 
00074 
00559 
00378 
00455 
00746 
00965 
01181 
01145 
00989 
00175
00347
00574 
00572 
00867 
00968 
00901 
01205 
01014 
01156 
01173 
00244
01005 
00745 
00148 
00206
00355
00536 
00571 
00494 
00689 
00602 
00852 
00914 
00822 
01175 
00998 
01128 
00100 
00046 
00317
00374 
00702 
00613 
01021 
00152 
00308
00481 
00533 
00634 
00854 
01183 
00981 
00142 
00246
00248
00529 
00527 
00441 
00431 
00565 
00454 
00755 
00875 
00951 
00858 
00977 
00906 
01157 
00982 
00471 
00576 
00404 
00707 
00633 
00632 
00850 
00898 
00870 
00881 
00930 
01117 
01192 
01169 
00144 
00748 
00107 
00281
01003 
00102 
00037 
00048 
00315
00250
00203
00179
00473 
00922 
00849 
00879 
00782 
01105 
01202 
00143 
00150 
00313
00243
00541 
00722 
01237 
01171 
01143 
00085 
00584 
00877 
00790 
00954 
00163 
00067 
00007 
00251
00303
00224
00578 
00414 
00617 
00629 
00753 
00848 
01041 
01043 
00086 
00235
00499 
00427 
00567 
00731 
00738 
00812 
00797 
01083 
01179 
01158 
01182 
01040 
00118 
00019 
00333
00804 
00062 
00031 
00083 
00147 
00437 
00534 
00585 
00694 
00740 
00597 
00949 
00269
00174
00438 
00497 
00697 
00705 
00915 
01164
01204 
00550 
00575 
00925 
00301
00266
00436 
00610 
00905 
01049 
01210 
01042 
00739 
00811 
01099 
00415 
00522 
00588 
00902 
