00755 
00791 
00875 
00643 
00333
00398 
00822 
00830 
00190
00984 
00658 
00928 
00815 
00443 
00798 
00392 
00899 
00462 
00559 
01158 
00946 
00135 
00810 
00437 
00926 
00370 
00635 
01101 
00205
00096 
00129 
01237 
01206 
01192 
00694 
00062 
00062 
00767 
00901 
00961 
00921 
00301
00676 
00394 
00332
00715 
00986 
01106 
00770 
01197 
01016 
00763 
00322
00936 
00495 
00852 
00242
00688 
00882 
00424 
00038 
00811 
00964 
01111 
01000 
00959 
00714 
00234
00584 
00254
00540 
01185 
00592 
00089 
00063 
01076 
00915 
01033 
01014 
01169 
00490 
00790 
00955 
01062 
00207
01083 
00210
00508 
00988 
01156 
00819 
00005 
00505 
01002 
00553 
01124 
01161 
00956 
00244
00550 
00997 
00432 
00141 
00141 
00243
00969 
01028 
00421 
00299
00776 
00182
00816 
00657 
00017 
00840 
00914 
01075 
00401 
00766 
00719 
00697 
00150 
00522 
01171 
00020 
01175 
00703 
00930 
00174
01017 
00801 
00355
01163 
00967 
00726 
00745 
00506 
00377 
00373 
00494 
00541 
00144 
00314
00183
00185
00965 
01103 
00352
00068 
00107 
01031 
00502 
00568 
00571 
00331
01008 
00083 
00343
00931 
00440 
00262
00297
00307
00796 
00597 
00305
00192
00975 
00425 
00593 
00699 
00278
00380 
00990 
00606 
00473 
00768 
01115 
00730 
00971 
00837 
01135 
01148 
01177 
00870 
00684 
00582 
00465 
00630 
00125 
01100 
00589 
01019 
01213 
00478 
00674 
00808 
00032 
00616 
00645 
00056 
00911 
00099 
00765 
01183 
00652 
00011 
00525 
00913 
00788 
00260
01234 
00300
00064 
00501 
00120 
00835 
00607 
01238 
00441 
00601 
01037 
01005 
00134 
00943 
00536 
01145 
00889 
00346
00905 
00898 
01202 
00585 
00189
01162 
00529 
00599 
00340
00248
00803 
00272
00069 
01051 
00106 
01024 
01194 
00602 
00671 
00804 
00251
00024 
01128 
01204 
00777 
00453 
01143 
00628 
00166 
00725 
00481 
01131 
00345
00498 
00549 
00934 
01107 
00359 
00208
00563 
01222 
00118 
01004 
00596 
00987 
00897 
00055 
00055 
00665 
00902 
00611 
00499 
01003 
00237
00388 
00614 
01147 
00291
00415 
00194
00395 
00831 
00866 
00313
00557 
00110 
00920 
00583 
01186 
01096 
00461 
00863 
00567 
00823 
00367 
00941 
01013 
00806 
00104 
00281
00387 
01233 
00510 
00650 
01067 
00022 
00337
01200 
01155 
00033 
00455 
01168 
01159 
00446 
01173 
00496 
00451 
00693 
00758 
00655 
00978 
00429 
01165 
00923 
00722 
00155 
00372 
00155 
01201 
00509 
00296
00922 
00013 
00265
00073 
00794 
00312
00588 
00306
01205 
00514 
00368 
00081 
00039 
00488 
00362 
01136 
00411 
00860 
00786 
00842 
00683 
00151 
00576 
01178 
00924 
00947 
00002 
00004 
00648 
00912 
00059 
00475 
00382 
01203 
00998 
00664 
00977 
00241
00427 
00705 
01179 
00266
00492 
00727 
00623 
00937 
01132 
01060 
00989 
00489 
00206
00962 
00845 
01093 
01091 
00177
00139 
00895 
00466 
00625 
00983 
00202
00814 
00163 
00416 
00973 
00813 
01049 
00085 
00877 
00653 
00951 
00018 
00646 
00960 
01170 
00124 
01084 
00095 
00762 
00707 
00232
01134 
00542 
00320
00746 
00431 
00200
00472 
00479 
00342
01088 
00126 
00347
01039 
01007 
00944 
00573 
00358 
01223 
01043 
01218 
00885 
00886 
00896 
00148 
00748 
00749 
00867 
00968 
00143 
00375 
00812 
00731 
00878 
00858 
01157 
00982 
00892 
00108 
00238
00847 
00876 
01021 
00195
00179
00460 
00963 
00438 
00739 
00610 
00070 
00160 
00406 
00070 
00800 
01129 
00334
00349
00504 
00919 
01041 
01116 
00552 
00751 
00949 
01146 
00603 
00900 
00250
00661 
00673 
00738 
00511 
01229 
01015 
00201
00993 
00793 
00087 
01038 
01048 
00865 
01034 
00740 
00235
00532 
00442 
00679 
00172
00043 
00047 
00515 
00849 
01188 
00066 
00224
00578 
00821 
01073 
00092 
00021 
00626 
00268
00519 
01105 
00660 
00019 
01211 
00548 
00371 
00672 
01199 
01099 
00014 
00304
00263
00050 
00227
00590 
00824 
01228 
01006 
00302
00904 
00663 
00386 
00690 
00771 
00405 
01217 
00710 
00667 
00255
00226
00348
01195 
01212 
00366 
00566 
00685 
01026 
00049 
00186
00413 
00357 
00236
00469 
00647 
01149 
00140 
00211
00003 
00187
00439 
01167 
00282
00464 
01022 
00288
00554 
01079 
00535 
00562 
00856 
00545 
00561 
00691 
00662 
00957 
00853 
00999 
01142 
00097 
00379 
00468 
00218
00741 
00624 
00809 
01209 
01050 
01138 
01045 
00184
00874 
00580 
00175
00338
00666 
00687 
00526 
00275
00871 
00996 
01172 
01044 
00100 
00945 
00336
00586 
00869 
00754 
00680 
00807 
01160 
00209
00981 
00133 
00737 
01140 
00057 
00513 
00620 
00162 
00012 
00396 
00456 
00636 
00723 
00598 
00846 
00784 
00873 
01011 
01054 
00985 
00074 
00378 
00881 
01181 
01137 
00574 
00572 
00564 
01207 
00113 
00321
00577 
00356 
00678 
00609 
00637 
00692 
00829 
00341
00245
00927 
01001 
01035 
00872 
00942 
01109 
00689 
00950 
00101 
00116 
00843 
01036 
01104 
01122 
00142 
00246
00397 
00527 
00565 
00454 
00906 
01125 
01216 
00034 
00197
00414 
00709 
00471 
00538 
00404 
00633 
00632 
00850 
01117 
00530 
00253
00393 
00864 
00025 
00157 
00295
00537 
00433 
00365 
00764 
00933 
00787 
01112 
00076 
00909 
00152 
00287
01020 
01231 
01120 
00137 
00119 
00051 
00285
00199
00191
00434 
00448 
00399 
00736 
00618 
00884 
00929 
00827 
01219 
01126 
01230 
01153 
00122 
00430 
00543 
00310
00539 
00452 
00717 
01071 
01090 
00031 
00147 
00523 
00534 
00785 
00954 
01066 
00031 
00067 
00617 
00517 
00422 
00008 
00311
00797 
01139 
01182 
01040 
01224 
01166 
00007 
00369 
00795 
00848 
01059 
00115 
00293
00711 
00862 
01065 
01174 
01064 
01180 
00153 
00084 
00156 
00027 
00154 
00221
00212
00292
00217
00170
00328
00491 
00756 
00701 
00605 
00682 
00733 
00861 
00891 
01226 
01118 
00046 
00006 
00111 
00178
00360 
00612 
00744 
01047 
00520 
00052 
00269
00497 
01164
00037 
00317
00325
00326
00203
00483 
00779 
00136 
00319
00271
00486 
00457 
00516 
00570 
00581 
00518 
00503 
00668 
00732 
00704 
00880 
00855 
01077 
01232 
00256
00485 
00470 
00706 
00734 
00695 
00854 
01239 
01030 
01074 
00259
00436 
01210 
01042 
00149 
00060 
00103 
00286
00213
00417 
00410 
00533 
00696 
01144 
01119 
01193 
01108 
01151 
00001 
00077 
00065 
00048 
00315
00279
00400 
00374 
00528 
00463 
00631 
00608 
00587 
00716 
00778 
00613 
00953 
00805 
00917 
01086 
00925 
00669 
00165 
00093 
00102 
00270
00627 
00622 
00071 
00258
01085 
00742 
00219
00484 
