00143 
00436 
00504 
00138 
00568 
00553 
00137 
00523 
00563 
00856 
00494 
00313
01107 
00386 
00538 
01190 
00840 
00973 
00691 
00283
01201 
00685 
00055 
00055 
00614 
00950 
00936 
00613 
00140 
00540 
00904 
00589 
00366 
01197 
00961 
00754 
00187
00766 
00425 
00230
00971 
00320
01161 
01206 
00401 
00399 
01165 
00680 
00919 
00011 
00139 
00151 
01103 
00205
00360 
01181 
00969 
00495 
01019 
00765 
00124 
00411 
00794 
00953 
00059 
00003 
00647 
01155 
01173 
00633 
00998 
00246
00466 
01106 
00150 
01171 
01137 
00144 
00471 
00437 
00901 
00336
01200 
00982 
00190
00749 
00072 
00443 
00601 
00676 
00658 
01169 
00535 
00496 
00693 
00335
01088 
00206
00355
00689 
00573 
00314
00441 
00499 
00624 
00867 
01016 
01175 
00397 
00949 
00018 
00726 
00312
00853 
00565 
01157 
01076 
00052 
00269
00302
00905 
00745 
00655 
00956 
00585 
00625 
00866 
00440 
00738 
00964 
00987 
00033 
00988 
00014 
00322
01210 
01202 
00508 
00236
00469 
00786 
01209 
00218
00211
00083 
00811 
00562 
00642 
00405 
00561 
00957 
00581 
00819 
00829 
00394 
01050 
01096 
00525 
01005 
00424 
00959 
01148 
01002 
00051 
00972 
00771 
00421 
00574 
00564 
01207 
00278
00265
01159 
01163 
00347
00860 
00646 
00063 
00576 
01178 
00999 
00639 
00883 
00958 
01135 
00530 
00004 
00122 
01237 
00126 
00375 
01168 
00602 
01160 
00989 
00013 
00960 
00415 
01167 
00260
00962 
00461 
00798 
00154 
00420 
00358 
01205 
01172 
00947 
00758 
00830 
00926 
01091 
00722 
00455 
00489 
00965 
00404 
00632 
01039 
00870 
00204
00892 
00231
01081 
00541 
00946 
00065 
01203 
00852 
00914 
00807 
01136 
01014 
01156 
00968 
00648 
00912 
00173
01170 
00895 
01222 
00317
00337
00243
00160 
00711 
00536 
00815 
00141 
00141 
00306
00074 
00418 
01053 
00062 
00062 
00096 
00170
01056 
00501 
00875 
00454 
00858 
00906 
01125 
01124 
00427 
01224 
00684 
01117 
00543 
00113 
00210
00229
01007 
01191 
00332
01077 
00534 
00954 
00031 
00751 
00790 
00031 
00308
00755 
00951 
00812 
00657 
00383 
00915 
01164
00024 
00572 
00502 
00899 
00201
00567 
00705 
00730 
01179 
00527 
00451 
00963 
00675 
00148 
00822 
01115 
01162 
01128 
00707 
00898 
00351
00688 
00528 
00848 
00119 
00357 
00747 
00851 
01132 
01058 
00559 
00268
00486 
01198 
01134 
00442 
00174
00172
00288
01068 
00743 
00147 
00552 
00767 
00785 
01066 
00197
00511 
00373 
01067 
00248
00392 
00640 
00695 
00185
00030 
00181
01075 
00587 
00629 
01110 
00089 
00235
01139 
00311
00731 
01040 
00301
00596 
00438 
00748 
00462 
00221
00222
00169
00390 
00750 
01141 
01126 
00349
00372 
00364 
00019 
00284
00715 
00668 
00583 
00242
00085 
00584 
00295
00694 
00597 
00108 
00209
00196
00410 
00548 
00367 
00606 
00430 
01120 
00993 
01078 
00458 
00986 
00165 
01130 
00189
00497 
00944 
00463 
00983 
01043 
00102 
00219
00254
00255
00245
00407 
01127 
00304
01211 
00149 
00195
01046 
00981 
00208
00453 
00414 
00520 
01146 
00259
00667 
00098 
00400 
00896 
01029 
00669 
00588 
00885 
00521 
01000 
01188 
01042 
00134 
00286
00506 
00482 
00616 
01030 
01021 
00690 
01099 
00106 
00125 
01105 
00710 
00307
00566 
01026 
01185 
00522 
00665 
00671 
00215
00575 
01199 
00439 
00077 
00234
00416 
00608 
00702 
00653 
00795 
00849 
00803 
00039 
00662 
01142 
00038 
00741 
00628 
00796 
00809 
00984 
00044 
00902 
00275
00175
01238 
00281
00263
01038 
00526 
00854 
01044 
00398 
00475 
00382 
00586 
00869 
00997 
00380 
00831 
01233 
00742 
01064 
01004 
00002 
00338
00620 
00857 
00104 
00955 
01149 
00378 
00746 
00810 
00881 
01145 
00814 
00571 
01213 
01143 
00660 
00310
00324
00481 
00621 
01183 
00142 
00529 
00431 
00977 
01216 
00975 
00850 
00930 
01192 
01177 
00032 
00035 
00619 
00070 
00681 
01208 
01037 
01028 
00070 
00164 
00524 
00594 
01204 
00877 
00244
00194
00709 
00816 
00402 
00791 
00920 
01020 
00177
00780 
01082 
00677 
00532 
00845 
00797 
00878 
01083 
01093 
01158 
01182 
01166 
00078 
00109 
00094 
00045 
00300
00388 
00477 
00560 
00384 
00666 
00777 
00825 
01109 
01230 
00903 
00833 
01118 
00188
00088 
00271
00806 
01147 
00007 
00429 
01062 
01112 
00100 
00422 
01119 
00297
00272
00740 
00697 
00804 
00578 
00184
00273
00346
00778 
00698 
01009 
00115 
00319
00294
00490 
00507 
00516 
00570 
00909 
00821 
00927 
01196 
01236 
01100 
01152 
01104 
01180 
00071 
00082 
00026 
00080 
00212
00183
00459 
00650 
00859 
00784 
00793 
01111 
01060 
01054 
00082 
00159 
00023 
00630 
00696 
00769 
00813 
00250
00611 
00266
00739 
00610 
01049 
01234 
00163 
00224
00369 
00473 
00577 
00223
00327
00293
00472 
00479 
00928 
00907 
01065 
01232 
01035 
01223 
00091 
00216
00180
00417 
00498 
00714 
00635 
00674 
01027 
00994 
01231 
00042 
00238
00352
00550 
00460 
00737 
00700 
00826 
01108 
01151 
00978 
00166 
00130 
00217
00340
00391 
00579 
00727 
00651 
00775 
00618 
00728 
00623 
00590 
00884 
00970 
00897 
00916 
00873 
01017 
01102 
00006 
00305
00179
00631 
00725 
00661 
00673 
00800 
01047 
00118 
00258
00228
00604 
00913 
00887 
01071 
01227 
00046 
00121 
00037 
00345
00048 
00356 
00678 
00776 
00716 
00617 
00744 
00868 
00818 
00001 
00251
00326
00289
00282
00182
00274
00447 
00361 
00480 
00419 
00770 
00764 
00622 
00772 
00692 
00753 
00844 
00828 
00802 
01025 
01114 
01024 
01057 
01048 
01214 
01129 
01032 
00341
00200
00446 
00487 
00554 
00582 
00555 
00510 
00672 
00757 
00732 
00923 
00952 
00992 
01195 
01220 
00890 
00193
00519 
00612 
00805 
00865 
00879 
00782 
01086 
00323
00290
00445 
00607 
00734 
00945 
00967 
00842 
01101 
01070 
01033 
01239 
01131 
01116 
01074 
01218 
01121 
00015 
00049 
00053 
00092 
00068 
00146 
00167 
00084 
00021 
00156 
00064 
00027 
00008 
00107 
00316
00252
00333
00227
00237
00233
00292
00199
00191
00396 
00569 
00409 
00478 
00542 
00736 
00626 
00670 
00687 
00636 
00605 
00659 
00752 
00733 
00683 
00598 
00832 
00929 
00934 
00836 
00888 
00937 
00889 
00942 
00931 
00863 
01095 
01226 
01010 
01052 
01012 
00995 
00015 
00043 
00061 
00315
00253
00325
00178
00505 
00368 
00719 
00922 
00886 
01051 
00110 
00005 
00090 
00040 
00296
00556 
00457 
00363 
00518 
00503 
00408 
00591 
00874 
00855 
00841 
00838 
00862 
00843 
01055 
01215 
01073 
00703 
00925 
01085 
00155 
00095 
00022 
00123 
00161 
00225
00232
00287
00176
00342
00517 
00467 
00539 
00546 
00371 
00432 
00599 
00706 
00717 
00762 
00847 
00876 
01140 
01041 
01138 
00155 
00370 
00643 
00093 
00067 
00111 
00047 
00203
00348
00279
00261
00377 
00393 
00686 
00976 
01034 
00484 
01003 
