00505 
00767 
01170 
00438 
00347
00904 
00437 
00427 
01173 
00987 
00696 
00988 
00543 
00016 
01171 
00800 
00964 
00400 
00187
00499 
00751 
00989 
00429 
00590 
00160 
00914 
00926 
00326
00769 
00905 
00903 
00188
00874 
00062 
00062 
00302
00432 
00271
00986 
00521 
00475 
01091 
00377 
00784 
01197 
00790 
00585 
01157 
00057 
01159 
00598 
00018 
00611 
00961 
01003 
00460 
01071 
00684 
00200
00726 
00757 
01015 
01165 
00176
00541 
00754 
00490 
01111 
00731 
00189
00766 
00975 
00915 
00931 
00753 
00588 
01063 
01148 
01110 
00741 
00745 
01066 
00458 
00317
00063 
00730 
00358 
00865 
00917 
00748 
00111 
00826 
00487 
00804 
00812 
00080 
01007 
01218 
00502 
01102 
00134 
00552 
00624 
00144 
00955 
00185
00333
01065 
00314
00957 
01099 
00392 
00282
00089 
00100 
00668 
00517 
00869 
00209
00106 
00597 
00430 
00164 
01188 
01042 
00027 
00006 
01049 
00632 
00459 
00001 
01039 
00372 
00618 
01058 
00446 
00614 
01143 
00346
00146 
00863 
00819 
00053 
00092 
00742 
01151 
01207 
00954 
00064 
00316
00605 
00473 
00936 
00472 
01048 
00672 
00992 
00055 
00055 
01031 
00210
01214 
01112 
00366 
00589 
00922 
00556 
00457 
00359 
00307
01118 
00322
00363 
00739 
00201
00155 
00546 
00155 
00469 
00218
00211
01234 
00608 
00859 
00011 
00238
00349
00550 
01047 
00205
00562 
00969 
00394 
01050 
00386 
01096 
00844 
01005 
00959 
00332
00411 
00140 
00794 
00166 
01132 
01017 
00771 
00685 
00323
01046 
01104 
00265
01163 
00609 
00123 
00860 
00501 
00875 
01216 
00179
00539 
00548 
00003 
00971 
00999 
01019 
00647 
00907 
01135 
00004 
00015 
00096 
00889 
01095 
00015 
00599 
00629 
00661 
00320
00998 
00139 
01181 
01168 
00059 
00602 
00466 
01106 
00782 
00013 
00960 
01167 
00260
00901 
00856 
00401 
00962 
00633 
01206 
00582 
00510 
01195 
00798 
01200 
00425 
00159 
00982 
01205 
01172 
00680 
01107 
00484 
01149 
00253
00463 
00983 
00758 
00830 
00722 
00890 
00455 
00489 
00965 
01161 
00178
00870 
00535 
01062 
00946 
01155 
00262
01080 
00056 
00299
00943 
00911 
00852 
00190
00807 
01136 
00090 
01073 
00968 
01229 
00024 
00803 
00604 
00471 
00648 
00912 
01201 
00895 
01222 
00336
00337
00243
00295
00536 
00496 
00693 
00815 
01000 
00141 
00141 
00370 
00093 
00348
00653 
00151 
00074 
01137 
00749 
00195
00842 
01131 
00676 
00124 
00441 
00454 
00858 
00906 
01125 
01224 
00538 
01117 
01169 
00765 
00658 
00867 
00573 
00206
00355
00568 
00689 
00673 
00031 
00031 
00246
00397 
00755 
00951 
00452 
00761 
01164
00095 
00022 
01016 
00703 
00312
00572 
00465 
00899 
00150 
00705 
01179 
00592 
00527 
00451 
00963 
00148 
00494 
00822 
01115 
01175 
01162 
01128 
00707 
00898 
00885 
00559 
01208 
00174
00948 
00104 
00147 
00523 
00785 
01067 
00061 
00368 
01105 
00956 
00248
00565 
00143 
00313
00311
01040 
00137 
00613 
00242
00085 
00584 
01076 
00738 
00387 
00994 
00694 
01004 
01120 
00993 
00682 
00600 
00508 
00606 
00052 
00269
00497 
00944 
00050 
00017 
01109 
01211 
00424 
00270
00133 
00081 
00083 
00520 
01146 
00070 
00638 
01079 
00070 
00669 
00811 
00537 
00724 
00768 
00436 
01210 
00690 
00058 
00202
00103 
00679 
00566 
01026 
00236
01185 
00415 
00665 
00671 
01045 
01199 
00439 
00525 
00388 
00756 
00783 
00882 
01228 
00039 
00561 
00691 
00662 
00853 
01142 
00038 
00540 
00628 
00796 
00809 
00984 
01209 
00776 
00902 
00175
00495 
01238 
00194
00655 
00526 
00973 
00786 
00267
00362 
00924 
01186 
01037 
01212 
00646 
01044 
00398 
00382 
00586 
00997 
00380 
00625 
00831 
01002 
01160 
01233 
00892 
00033 
00306
00375 
00576 
00378 
00746 
00810 
00881 
01178 
01145 
00126 
00574 
00553 
00564 
00840 
01014 
01156 
01202 
00241
00498 
00714 
00674 
01098 
00571 
00950 
01203 
01213 
00142 
00529 
00431 
00977 
00404 
00850 
00930 
01192 
01177 
00530 
00048 
00192
00985 
01092 
00524 
00594 
00122 
01237 
01204 
00534 
00877 
00244
00402 
00177
00780 
01082 
00677 
00235
00567 
00532 
00845 
00797 
00878 
01083 
01139 
01093 
01158 
01182 
01166 
00639 
00833 
00088 
00806 
01147 
01077 
00007 
00422 
01119 
00297
00272
00740 
00949 
00697 
00204
00184
00273
00421 
00778 
00698 
00829 
01009 
00231
01152 
01190 
01081 
01180 
00082 
00051 
00026 
00229
00212
00183
00650 
00793 
00972 
01191 
01060 
01054 
00082 
00030 
00023 
00181
00630 
00813 
01124 
01075 
00250
00019 
00563 
00301
00266
00596 
00610 
00163 
00224
00172
00369 
00577 
00223
00288
00327
00293
00479 
00711 
00928 
01068 
01232 
01035 
01223 
00042 
00352
00461 
00364 
00657 
00737 
00700 
01108 
00119 
00130 
00217
00340
00391 
00579 
00357 
00727 
00747 
00651 
00667 
00775 
00728 
00623 
00884 
00851 
00970 
00897 
00916 
00873 
00102 
00305
00383 
00631 
00725 
00587 
00118 
00258
00228
00351
00688 
00913 
00919 
00887 
01227 
01078 
00208
00453 
00113 
00251
00289
00182
00274
00528 
00447 
00361 
00414 
00480 
00462 
00419 
00770 
00764 
00622 
00772 
00692 
00883 
00958 
00828 
00848 
00802 
01025 
01114 
01024 
01057 
01129 
01032 
00341
00284
00554 
00555 
00715 
00732 
00583 
00923 
00952 
01220 
00219
00268
00193
00519 
00612 
00743 
00805 
00879 
01086 
01103 
00149 
00308
00290
00173
00445 
00607 
00734 
00640 
00695 
00945 
00967 
01101 
01070 
01033 
01239 
01116 
00981 
01074 
00522 
00049 
00068 
00167 
00084 
00021 
00156 
00008 
00107 
00154 
00252
00221
00227
00222
00237
00233
00292
00199
00191
00169
00170
00396 
00569 
00390 
00409 
00478 
00420 
00542 
00750 
00736 
00626 
00670 
00687 
00636 
00675 
00659 
00752 
00733 
00683 
00832 
00929 
00934 
00836 
00888 
00937 
00942 
01141 
01056 
01126 
01226 
01010 
01052 
01012 
00995 
00125 
00043 
00065 
00315
00325
00719 
00953 
00886 
01051 
01043 
00110 
00072 
00005 
00040 
00254
00255
00283
00296
00245
00407 
00418 
00486 
00518 
00503 
00443 
00408 
00601 
00591 
00947 
00855 
00841 
00838 
00862 
00843 
01055 
01198 
01127 
01215 
01134 
01053 
00304
00367 
00925 
01085 
00108 
00161 
00225
00232
00230
00286
00287
00196
00342
00410 
00467 
00506 
00442 
00482 
00371 
00706 
00616 
00717 
00762 
00847 
00876 
01140 
01041 
01030 
01138 
01021 
00259
00278
00281
00263
00710 
00643 
01038 
00098 
00077 
00067 
00047 
00234
00203
00279
00261
00416 
00440 
00393 
00360 
00702 
00686 
00795 
00976 
00849 
00896 
01034 
01029 
00215
00575 
00660 
