00585 
00337
00695 
00416 
00317
00601 
00209
00092 
00314
00856 
00386 
00490 
01111 
01170 
01201 
00614 
00441 
00312
01085 
00495 
00446 
00553 
00926 
00443 
00360 
00965 
00505 
00767 
00538 
00014 
01190 
01107 
00807 
00860 
00548 
00059 
00602 
00151 
01120 
01175 
00440 
00798 
00633 
00771 
00322
00423 
00726 
00311
00499 
00684 
01167 
00140 
00959 
00680 
00190
01136 
00566 
00960 
00921 
01172 
00189
00676 
00975 
00961 
00955 
00540 
00494 
01128 
00931 
01016 
00947 
01197 
01148 
00042 
00461 
00398 
00997 
01157 
00710 
01192 
00919 
00742 
00484 
00694 
00077 
00836 
01095 
00088 
00332
00779 
01218 
00571 
00134 
00957 
00480 
00510 
00672 
00973 
01043 
00594 
01053 
00363 
00439 
00630 
00072 
00283
00956 
00797 
00352
00364 
00840 
01238 
01185 
01088 
01237 
00149 
00106 
00747 
00129 
01017 
00377 
00084 
00170
00605 
00169
00949 
00295
01156 
00554 
00302
00501 
00745 
01105 
00925 
00936 
00375 
00866 
00613 
00904 
00055 
00055 
01031 
01110 
00366 
00589 
00429 
00964 
00987 
00988 
00469 
00218
01041 
00211
00172
00011 
00187
00333
00205
00562 
00383 
00587 
01047 
00642 
00969 
00581 
00563 
00394 
01050 
01096 
01005 
00411 
00251
00794 
00685 
00278
00265
01159 
01163 
01165 
00347
00063 
00922 
00117 
00003 
00971 
00999 
01019 
00647 
01135 
00004 
00498 
00320
00998 
00139 
01181 
01168 
00608 
00466 
00754 
01106 
00989 
00013 
00976 
00260
00901 
01173 
00401 
00962 
01206 
01200 
00425 
00982 
00827 
00654 
00358 
01205 
00758 
00830 
01091 
00722 
00455 
00489 
01161 
00399 
00870 
00535 
00541 
01171 
00766 
00946 
01155 
00056 
00299
00943 
00911 
00852 
00914 
00968 
00144 
00471 
00648 
00912 
00895 
01222 
00016 
01013 
00336
00243
00536 
00496 
00693 
00815 
00141 
00141 
00074 
01137 
00062 
00062 
00066 
01100 
00749 
00773 
01087 
00124 
00454 
00858 
00906 
01125 
00427 
01224 
01117 
01169 
00765 
00658 
00867 
00543 
00573 
00206
00355
00568 
00689 
00031 
00437 
00751 
00790 
00031 
00246
00397 
00755 
00951 
00812 
00215
00915 
01164
00572 
00465 
00502 
00899 
00150 
00705 
00730 
01179 
00527 
00451 
00963 
00148 
00822 
01115 
01162 
00707 
00898 
00559 
00504 
00980 
00103 
00058 
00481 
00791 
00174
00147 
00523 
00552 
00785 
01066 
00335
00197
00511 
00373 
01067 
00020 
00434 
00666 
00872 
00814 
00248
00392 
00565 
00185
00560 
00500 
00861 
00143 
00313
00089 
00731 
01040 
00438 
00748 
00137 
00242
00085 
00584 
01076 
00738 
00597 
00430 
00905 
00046 
00076 
00097 
00681 
01194 
00018 
00993 
00270
00985 
00508 
00114 
00516 
00781 
00820 
00986 
00165 
01130 
00052 
00269
00497 
00944 
01211 
00424 
00083 
00520 
01146 
00180
00714 
01045 
00669 
00811 
00435 
00588 
00436 
01188 
01210 
01042 
00690 
01099 
00307
01026 
00236
00415 
00665 
00671 
00776 
00515 
01199 
00525 
00039 
00561 
00691 
00662 
00853 
01142 
00038 
00741 
00628 
00624 
00796 
00809 
00984 
01209 
00902 
00175
00655 
00526 
00786 
00646 
00819 
01044 
00978 
00475 
00382 
00586 
00869 
00380 
00625 
00831 
01002 
01160 
01233 
00892 
00033 
00306
00576 
00378 
00746 
00810 
00881 
01178 
01145 
00126 
00574 
00564 
01014 
01207 
01202 
00950 
01203 
01213 
01143 
00142 
00529 
00431 
00875 
00977 
01216 
00404 
00632 
00850 
00930 
01039 
01177 
00530 
00164 
00524 
00122 
00201
01204 
00534 
00877 
00954 
00244
00402 
00177
00780 
01082 
00677 
00235
00567 
00532 
00845 
00878 
01083 
01139 
01093 
01158 
01182 
01166 
00639 
00903 
00833 
01118 
00188
00271
00806 
01147 
01077 
00007 
01062 
01112 
00100 
00422 
01119 
00297
00272
00740 
00697 
00804 
00024 
00204
00184
00273
00346
00421 
00778 
00698 
00829 
01009 
00231
01152 
01081 
01104 
01180 
00082 
00051 
00026 
00080 
00229
00212
00183
00459 
00650 
00859 
00784 
00793 
00972 
01007 
01191 
01060 
01054 
00082 
00159 
00030 
00023 
00181
00696 
00769 
00813 
01124 
01075 
00250
00611 
00019 
00301
00266
00596 
00739 
00610 
01049 
01234 
00163 
00224
00458 
00369 
00473 
00577 
00160 
00223
00288
00327
00293
00472 
00479 
00711 
00928 
00907 
01065 
01068 
01232 
01035 
01223 
00238
00349
00550 
00372 
00460 
00657 
00737 
00700 
00826 
01108 
01151 
00119 
00166 
00130 
00217
00340
00391 
00579 
00357 
00727 
00651 
00667 
00775 
00618 
00728 
00623 
00590 
00884 
00851 
00970 
00897 
00916 
00873 
01132 
01058 
01102 
00102 
00006 
00305
00179
00631 
00725 
00629 
00661 
00673 
00800 
00118 
00258
00521 
01000 
00228
00351
00604 
00688 
00913 
00887 
01071 
01227 
01078 
00208
00453 
00001 
00113 
00326
00289
00282
00210
00182
00274
00528 
00447 
00361 
00414 
00462 
00419 
00770 
00764 
00622 
00772 
00692 
00753 
00883 
00844 
00958 
00828 
00848 
00802 
01025 
01114 
01024 
01057 
01048 
01214 
01129 
01032 
00341
00284
00200
00487 
00582 
00555 
00715 
00668 
00757 
00732 
00583 
00923 
00952 
00992 
01195 
01220 
00219
00268
00890 
00193
00519 
00612 
00743 
00885 
00805 
00865 
00879 
00782 
01086 
01103 
00308
00323
00290
00195
00173
00445 
00607 
00734 
00640 
00945 
00967 
00842 
01101 
01070 
01033 
01239 
01131 
01046 
01116 
00981 
01074 
00522 
00015 
00049 
00053 
00068 
00146 
00167 
00021 
00156 
00064 
00027 
00008 
00107 
00154 
00096 
00316
00252
00221
00227
00222
00237
00233
00292
00199
00191
00396 
00569 
00390 
00409 
00478 
00420 
00542 
00750 
00736 
00626 
00670 
00687 
00636 
00675 
00659 
00752 
00733 
00683 
00598 
00832 
00929 
00934 
00888 
00937 
00889 
00942 
00863 
01141 
01056 
01126 
01226 
01010 
01052 
01012 
00995 
00015 
00125 
00043 
00061 
00065 
00315
00253
00325
00178
00368 
00463 
00719 
00953 
00886 
00983 
01051 
00110 
00005 
00090 
00040 
00254
00255
00296
00245
00407 
00418 
00486 
00556 
00457 
00518 
00503 
00408 
00591 
00874 
00855 
00841 
00838 
00862 
00843 
01055 
01198 
01127 
01215 
01134 
01073 
00304
00367 
00703 
00606 
00803 
00155 
00095 
00022 
00108 
00123 
00161 
00225
00232
00230
00286
00287
00196
00176
00342
00517 
00410 
00467 
00539 
00546 
00506 
00442 
00482 
00371 
00432 
00599 
00706 
00616 
00717 
00762 
00847 
00876 
01140 
01030 
01138 
01021 
00155 
00259
00281
00263
00370 
00643 
01038 
00093 
00098 
00067 
00111 
00047 
00234
00203
00348
00279
00261
00400 
00393 
00702 
00686 
00653 
00795 
00849 
00896 
01034 
01029 
00104 
00575 
01149 
01003 
00660 
