00781 
00297
00418 
00471 
00268
00441 
00404 
01105 
01200 
00430 
00776 
00135 
01120 
00140 
00189
00563 
00124 
00875 
00300
00004 
00325
00798 
00091 
00324
00741 
00261
00818 
00981 
00693 
00314
00094 
00403 
00929 
01058 
01021 
01168 
01026 
00501 
00997 
00716 
00526 
00773 
00927 
01172 
00337
00758 
00795 
00684 
00978 
00957 
00470 
01183 
01016 
00977 
00490 
00066 
01135 
00361 
00003 
01167 
00211
00343
00797 
00856 
00975 
00691 
00719 
00895 
00137 
00562 
01000 
00059 
00398 
00964 
00625 
00494 
00395 
01048 
00996 
01201 
00018 
00930 
00794 
01185 
00785 
01066 
00754 
00831 
00624 
00376 
00126 
01237 
00765 
00745 
00565 
00206
00496 
00571 
01175 
00504 
00019 
01222 
00174
00697 
00313
00312
01202 
00559 
00642 
00811 
00529 
00437 
01206 
00817 
00966 
00392 
00538 
00850 
00969 
00150 
00714 
00065 
00612 
00960 
00568 
00308
00144 
00676 
01067 
00655 
00119 
00109 
00096 
00199
00502 
00995 
00594 
00359 
00522 
00294
00274
00637 
00677 
01215 
00103 
00616 
00887 
00953 
00484 
00913 
00453 
00032 
00204
00210
01057 
01072 
01063 
00222
00542 
00636 
00721 
00846 
00793 
01109 
01184 
00331
01110 
00383 
00362 
00638 
00823 
01186 
00364 
00388 
00449 
00524 
00357 
00623 
00872 
00921 
00814 
01141 
01007 
00570 
01211 
00225
00605 
00125 
00414 
00608 
00105 
00117 
00276
00715 
01079 
00675 
00302
00614 
00904 
00511 
00322
00386 
00690 
01096 
00046 
00771 
00106 
00179
00505 
00374 
00627 
00611 
01029 
00307
00366 
00566 
00685 
00236
00469 
00647 
00987 
00055 
00589 
00988 
00055 
00665 
00671 
00936 
00230
00173
00539 
00621 
00842 
00961 
00263
01038 
00011 
00187
00439 
00525 
00971 
00205
00535 
00039 
00561 
00425 
00662 
00853 
00999 
01019 
01142 
00038 
00013 
00218
00265
00540 
00394 
00628 
00796 
00809 
00984 
01159 
01209 
01050 
01163 
00434 
00723 
00970 
00175
00495 
00401 
00766 
00946 
01155 
01165 
01238 
00260
00139 
00411 
00860 
00973 
00786 
01005 
00024 
00192
00416 
00368 
00519 
00615 
00617 
00622 
00868 
00866 
01130 
01051 
01043 
00281
00219
00955 
00573 
00063 
00320
00646 
00658 
00959 
00819 
01170 
01044 
00336
00475 
00382 
00749 
00586 
00602 
00869 
00830 
00926 
01091 
00165 
00190
00466 
00380 
00358 
00726 
00680 
00807 
01148 
01002 
01106 
01107 
01136 
01160 
01233 
00581 
00757 
00992 
00892 
00151 
00033 
00074 
00306
00375 
00576 
00378 
00455 
00489 
00746 
00810 
00881 
00965 
01181 
01178 
01137 
01145 
01161 
00989 
00347
00574 
00553 
00572 
00564 
00867 
00968 
00840 
00901 
01205 
01014 
01156 
01207 
01173 
00141 
00141 
00215
00667 
00148 
00355
00536 
00689 
00722 
00852 
00962 
00950 
00956 
00914 
00815 
00822 
01115 
01203 
00998 
01162 
01213 
01143 
01128 
00196
00195
00445 
00423 
00980 
00142 
00246
00248
00397 
00527 
00431 
00454 
00451 
00755 
00963 
00951 
00858 
00906 
01125 
01216 
01157 
00982 
00707 
00633 
00632 
00648 
00912 
00898 
00870 
01039 
01117 
01192 
01177 
01169 
00530 
00748 
00370 
00710 
01121 
00993 
00143 
00122 
00201
00243
00541 
00543 
01204 
01171 
00098 
00224
00172
00031 
00085 
00147 
00523 
00534 
00552 
00584 
00767 
00751 
00899 
00877 
00790 
00954 
01076 
00031 
00311
00235
00185
00499 
00427 
00567 
00508 
00532 
00731 
00738 
00705 
00730 
00845 
00812 
00878 
01083 
01139 
01093 
01179 
01158 
01182 
01040 
01224 
01166 
01197 
00062 
00083 
00089 
00272
00520 
00585 
00694 
00740 
00597 
00949 
01146 
00986 
00062 
00052 
00269
00438 
00497 
00944 
00915 
01164
00424 
00278
00301
00266
00436 
00596 
00739 
00610 
00905 
01049 
01188 
01210 
01042 
01234 
01151 
00208
00242
00669 
01199 
01099 
00415 
00742 
00588 
00902 
