00931 
00975 
01148 
00926 
00299
00767 
00134 
00726 
00377 
00211
00810 
00904 
00540 
00984 
00819 
00632 
00039 
00662 
01172 
00003 
01177 
01170 
00665 
00671 
00382 
00830 
00526 
00628 
00809 
01159 
01031 
00758 
01019 
00466 
01111 
00964 
00963 
00977 
00898 
00930 
01039 
01169 
00126 
00074 
01155 
01165 
00586 
00355
01115 
01213 
01237 
00755 
00771 
00585 
00596 
00490 
00272
00246
00962 
00998 
01128 
00508 
00731 
01158 
00312
00993 
00056 
00943 
00911 
01218 
00375 
00875 
01216 
00266
00584 
00189
00269
00878 
01164
01151 
00745 
00313
00106 
00505 
00465 
00424 
01188 
00563 
01049 
00185
00812 
01139 
00275
00902 
01211 
00883 
01013 
00324
00620 
00384 
00656 
00302
00614 
00557 
00406 
00924 
00947 
00322
00386 
00690 
01096 
00048 
00321
00537 
00361 
01133 
00366 
00566 
01026 
00005 
00580 
00236
00469 
00647 
00987 
00055 
00140 
00589 
00794 
00988 
01185 
00170
00388 
00448 
00420 
00783 
01022 
00936 
00961 
00058 
00011 
00187
00439 
00525 
00971 
01167 
00205
00535 
00562 
00856 
00561 
00425 
00691 
00685 
00957 
00853 
00999 
01142 
00253
00331
00709 
00013 
00218
00265
00394 
00741 
00624 
00796 
01209 
01050 
00029 
00554 
00823 
00820 
01036 
01087 
00307
00002 
00057 
00226
00338
00335
00373 
00616 
00893 
00920 
01229 
01080 
00004 
00495 
00401 
00766 
00946 
01238 
00260
00655 
00411 
00860 
00973 
00969 
00798 
00786 
00895 
01222 
00068 
00020 
00626 
00824 
00942 
00825 
00814 
00863 
01228 
01113 
00716 
00896 
00782 
00573 
00063 
00320
00646 
00765 
00658 
00959 
00960 
01201 
01044 
00038 
00059 
00336
00337
00475 
00749 
00869 
00997 
01091 
01163 
00124 
00190
00380 
00358 
00754 
00625 
00680 
00807 
00831 
01002 
01106 
01107 
01206 
01136 
01200 
01160 
01135 
01233 
00069 
00173
00506 
00679 
00761 
01100 
00892 
00113 
00339
00513 
00609 
00642 
00708 
00941 
01097 
01024 
01048 
00151 
00033 
00306
00559 
00378 
00455 
00489 
00746 
00965 
01181 
01178 
01137 
01145 
01161 
00989 
00133 
00160 
00231
00294
00271
00446 
00395 
00760 
00711 
00927 
00838 
01194 
01037 
01212 
01153 
00175
00347
00574 
00572 
00564 
00867 
00968 
00840 
00901 
01205 
01014 
01156 
01207 
01173 
00259
00141 
00139 
01005 
00148 
00206
00536 
00568 
00398 
00496 
00571 
00494 
00689 
00602 
00693 
00852 
00950 
00956 
00914 
00815 
00822 
01175 
01203 
01162 
00703 
00142 
00248
00529 
00527 
00441 
00431 
00392 
00501 
00565 
00454 
00451 
00951 
00858 
00906 
01125 
01157 
00982 
00471 
00576 
00538 
00404 
00684 
00707 
00633 
00912 
00850 
00870 
00881 
01117 
01192 
01168 
00093 
00043 
00286
00578 
00678 
00613 
00816 
01051 
01043 
00144 
00314
00530 
00676 
00748 
01016 
00070 
00155 
00149 
00103 
00232
00284
00209
00213
00216
00349
00417 
00387 
00481 
00769 
00919 
01183 
01045 
01120 
00162 
00109 
00164 
00092 
00127 
00021 
00051 
00064 
00087 
00017 
00330
00285
00354
00217
00268
00491 
00456 
00412 
00357 
00654 
00687 
00651 
00774 
00699 
00718 
00682 
00897 
00808 
00888 
00882 
01132 
01226 
00018 
00137 
00553 
01202 
00143 
00150 
00122 
00243
00541 
00430 
00543 
00722 
01171 
01143 
00085 
00523 
00552 
00502 
00751 
00648 
00899 
00877 
00790 
00785 
00954 
01076 
01066 
00345
00303
00234
00194
00369 
00356 
00421 
00686 
00864 
01034 
01129 
00311
00235
00499 
00397 
00427 
00567 
00532 
00738 
00730 
00845 
00797 
00944 
01083 
01093 
01179 
01182 
01040 
01166 
00110 
00049 
00101 
00115 
00066 
00097 
00116 
00332
00247
00245
00407 
00486 
00487 
00457 
00582 
00518 
00379 
00510 
00672 
00732 
00773 
00704 
01235 
01081 
01198 
01028 
01084 
00062 
00031 
00083 
00147 
00089 
00297
00520 
00437 
00534 
00694 
00740 
00597 
00949 
01146 
01067 
00986 
00052 
00174
00438 
00497 
00697 
00705 
00915 
01224 
00201
01204 
00159 
00075 
00034 
00343
00341
00351
00352
00241
00517 
00498 
00405 
00452 
00781 
00657 
00762 
00980 
00913 
00791 
01239 
01131 
00990 
01227 
01217 
01078 
01197 
00370 
00643 
01149 
01000 
00301
00436 
00610 
00905 
01210 
01042 
01234 
00100 
00163 
00111 
00192
00348
00172
00359 
00429 
00725 
00776 
00719 
00653 
00818 
00879 
01041 
01021 
00660 
00208
00242
00453 
00739 
00669 
00811 
01199 
01099 
00014 
00219
00542 
01121 
00415 
00522 
00742 
00588 
