00455 
01088 
00673 
00322
00454 
01005 
00559 
01019 
00658 
00898 
00964 
00013 
00594 
01128 
00731 
00968 
00342
01084 
01169 
00944 
00473 
00607 
00527 
00297
01163 
00552 
00063 
00370 
00392 
00988 
01166 
00038 
00984 
00320
00008 
00562 
00703 
00043 
00039 
00190
00431 
01099 
00124 
00037 
00733 
00427 
01083 
00982 
01188 
00281
00727 
00211
00946 
00301
00248
00755 
00029 
00206
01185 
00218
00467 
01173 
01050 
00614 
00685 
00232
00209
00508 
00586 
01172 
00255
01131 
00866 
00665 
00187
00650 
01155 
00433 
00076 
00725 
00358 
00251
00424 
00250
00719 
00758 
00782 
00004 
00082 
00082 
00722 
00394 
01060 
00553 
01170 
00471 
00883 
00956 
01179 
01206 
00785 
00265
00402 
00441 
00011 
01132 
00973 
00830 
00684 
00800 
00870 
00856 
01164
00205
00693 
00969 
01237 
01112 
00027 
00292
00172
00355
01182 
00701 
00489 
00965 
01161 
00730 
01201 
01135 
00425 
00438 
01091 
01026 
00494 
01000 
00990 
00760 
01197 
00246
01043 
00369 
00437 
00901 
00243
00888 
00914 
00676 
01129 
00502 
00768 
01115 
00163 
00317
00197
00541 
01171 
00919 
01067 
00565 
01157 
00905 
00018 
00915 
00568 
00195
00751 
00790 
00062 
00062 
00144 
00752 
00880 
00867 
00185
00141 
00141 
00148 
00822 
01162 
00118 
00739 
00137 
00573 
00741 
00809 
01031 
00963 
01014 
00787 
00831 
00359 
01003 
00522 
00811 
00793 
00561 
00662 
00957 
01076 
00871 
00189
00302
01120 
00606 
00576 
00810 
00192
00371 
00540 
00585 
00228
00597 
00936 
00398 
01233 
00803 
00925 
00904 
00227
00104 
00484 
00219
00848 
00055 
00055 
00986 
00366 
00589 
00983 
01094 
00164 
00987 
01148 
00717 
01087 
00802 
00469 
00315
00796 
00903 
01124 
00375 
00307
00360 
00386 
01096 
00859 
00525 
00184
00902 
00601 
01198 
00959 
00263
00655 
00411 
00140 
00794 
00771 
00582 
01207 
00098 
00977 
01192 
00961 
01159 
01165 
00119 
00166 
01017 
00347
01238 
00860 
00743 
00819 
00845 
01093 
00003 
00971 
00999 
00647 
00362 
00924 
00299
00210
01199 
00875 
00746 
00776 
00998 
00139 
01181 
01168 
00059 
00602 
01065 
00466 
00754 
01106 
00380 
00989 
00960 
00167 
00390 
00892 
01167 
00260
00415 
00401 
00962 
00633 
00798 
01200 
00461 
00687 
00863 
01205 
00332
01147 
00680 
01107 
00926 
00617 
00159 
01039 
00535 
00766 
00610 
00852 
00571 
00807 
01136 
00060 
00714 
01144 
00009 
01061 
00009 
00295
00840 
00514 
01110 
00648 
00912 
00878 
00895 
01222 
00106 
00336
00337
00778 
01118 
00536 
00496 
00815 
00040 
00422 
01085 
00151 
00074 
01137 
00749 
00296
01139 
00858 
00906 
01125 
00501 
00726 
00934 
00889 
00942 
01224 
00538 
01117 
00765 
00456 
00837 
00543 
00400 
00314
00577 
00689 
00182
00764 
01024 
00173
00212
00183
01007 
00271
01077 
00031 
00031 
00510 
00397 
00951 
00812 
01062 
00383 
00587 
00372 
00460 
01016 
00312
00572 
00899 
00150 
00705 
00201
01204 
00462 
00753 
00451 
00816 
01175 
00707 
00022 
00108 
00548 
00217
00340
00623 
00005 
01134 
01119 
00599 
00174
00474 
01176 
00879 
01103 
00276
00823 
01079 
00147 
00523 
00767 
01066 
00160 
00472 
00479 
00928 
01232 
00244
00696 
00661 
00143 
00313
00953 
00922 
00089 
00311
00499 
01040 
00272
00208
00596 
00748 
00346
00326
00352
00349
01108 
00084 
00156 
00064 
00154 
00221
00333
00237
00170
00605 
00937 
00931 
01226 
00200
00446 
00715 
00668 
00732 
00242
00085 
00584 
00738 
00694 
00350
01174 
00430 
00155 
00517 
00155 
00077 
01029 
00268
00450 
00980 
00993 
00804 
00067 
00896 
00052 
00269
00497 
01229 
00102 
00305
00125 
00325
01051 
00254
00486 
00457 
00518 
00503 
00947 
00855 
01211 
00149 
00967 
01116 
00550 
00622 
00259
00083 
00520 
01146 
00667 
00203
00440 
00653 
00669 
00588 
00519 
00885 
00865 
00436 
01210 
01042 
00095 
00134 
00286
00410 
00442 
00432 
00762 
01041 
00318
00309
00690 
00644 
01037 
00368 
00886 
01105 
00278
00226
00652 
00818 
00566 
00236
00671 
00107 
00985 
00439 
00093 
00047 
00377 
00849 
01034 
00304
00545 
00691 
00853 
01142 
00628 
00624 
01209 
00045 
00399 
00412 
00763 
00129 
00580 
00175
00495 
00300
00549 
00666 
00526 
00786 
00710 
00643 
00646 
01044 
00194
00475 
00382 
00869 
00997 
00066 
00781 
00625 
01002 
01160 
00742 
00073 
00133 
01004 
00955 
00057 
00262
00513 
00620 
00033 
00306
00378 
00881 
01178 
01145 
00126 
00574 
00564 
01156 
01202 
00699 
00872 
01109 
00745 
00950 
01203 
01213 
01143 
01098 
00994 
00660 
00142 
00529 
01216 
00034 
00202
00387 
00498 
00404 
00632 
00975 
00850 
00930 
01177 
00530 
01006 
00025 
00032 
00157 
00537 
00488 
00365 
00933 
00941 
01013 
00490 
00909 
01194 
01028 
00524 
00122 
00086 
00121 
00345
00048 
00578 
00534 
00877 
00954 
00177
00780 
01082 
00002 
00069 
00120 
00343
00664 
00835 
00920 
00677 
00235
00567 
00532 
00797 
01158 
00639 
00833 
00153 
00020 
00207
00328
00491 
00388 
00492 
00756 
00777 
00593 
00682 
00861 
00788 
00891 
00921 
00808 
00882 
01008 
00188
00088 
00806 
00007 
00429 
00100 
00740 
00949 
00697 
00071 
01121 
00024 
00204
00273
00421 
00698 
00829 
01009 
00231
01152 
01190 
01081 
01104 
01180 
00483 
00779 
00051 
00026 
00080 
00229
00459 
00784 
00972 
01111 
01191 
01054 
00070 
00136 
00081 
00319
00516 
00570 
00581 
00406 
00592 
00704 
00070 
00030 
00023 
00181
00630 
00769 
00813 
01075 
00611 
00019 
00563 
00266
01049 
01234 
00224
00458 
00223
00288
00327
00293
00711 
00907 
01068 
01035 
01223 
00042 
00238
00364 
00657 
00737 
00700 
00826 
00103 
00135 
00334
00213
00241
00417 
00504 
00481 
00373 
00533 
00679 
00674 
00943 
00791 
01193 
01151 
00130 
00391 
00579 
00357 
00747 
00651 
00775 
00618 
00728 
00590 
00884 
00851 
00970 
00897 
00916 
00873 
01058 
01102 
00006 
00179
00631 
00629 
01047 
00258
00521 
00351
00604 
00688 
00913 
00887 
01071 
01227 
01078 
00453 
00001 
00113 
00289
00282
00274
00528 
00447 
00361 
00414 
00480 
00419 
00770 
00772 
00692 
00844 
00958 
00828 
01025 
01114 
01057 
01048 
01214 
01032 
00341
00284
00487 
00554 
00555 
00672 
00757 
00583 
00923 
00952 
00992 
01195 
01220 
00165 
00331
00270
00515 
00627 
00890 
00193
00612 
00805 
01086 
00308
00323
00290
00445 
00734 
00640 
00695 
00945 
00842 
01101 
01070 
01033 
01239 
01046 
00981 
01074 
01218 
00015 
00049 
00053 
00092 
00068 
00146 
00021 
00096 
00316
00252
00222
00233
00199
00191
00169
00396 
00569 
00409 
00478 
00420 
00542 
00750 
00736 
00626 
00670 
00636 
00675 
00659 
00683 
00598 
00832 
00929 
00836 
01141 
01056 
01126 
01095 
01010 
01052 
01012 
00995 
00015 
00014 
00061 
00065 
00253
00178
00505 
00463 
00110 
00072 
00090 
00283
00245
00407 
00418 
00556 
00363 
00443 
00408 
00591 
00874 
00841 
00838 
00862 
00843 
01055 
01127 
01215 
01073 
01053 
00367 
00123 
00161 
00225
00230
00287
00196
00176
00539 
00546 
00506 
00482 
00706 
00616 
00847 
00876 
01140 
01030 
01138 
01021 
01038 
00111 
00234
00348
00279
00261
00416 
