00881 
00807 
01061 
01156 
00104 
00442 
00926 
00975 
00465 
01026 
00785 
01148 
00494 
00767 
00584 
00530 
00337
01166 
00553 
00610 
01210 
01238 
01185 
01160 
00726 
00740 
00749 
00235
01234 
00083 
01031 
00338
00931 
01111 
00617 
00956 
00490 
00842 
01144 
00289
00433 
00134 
00056 
00299
00943 
00911 
01218 
00086 
00193
00515 
00221
00217
00199
00264
00420 
00851 
00966 
00106 
00505 
00377 
00293
00407 
00503 
00510 
00583 
01001 
01198 
01236 
00281
00112 
00069 
00470 
01211 
00744 
00302
00614 
00904 
00322
00386 
00690 
01096 
00771 
00307
00366 
00566 
00685 
00236
00469 
00647 
00987 
00055 
00140 
00589 
00794 
00988 
00055 
00211
00665 
00671 
00936 
00961 
01200 
00003 
00011 
00187
00439 
00525 
00964 
00971 
01167 
00071 
00575 
00370 
00205
00535 
00562 
00856 
00039 
00561 
00425 
00691 
00662 
00957 
00853 
00999 
01019 
01142 
00038 
00013 
00218
00265
00540 
00394 
00741 
00628 
00624 
00796 
00809 
00984 
01159 
01209 
01050 
01163 
00004 
00175
00495 
00401 
00766 
00946 
01155 
01165 
00260
00655 
00139 
00526 
00411 
00860 
00973 
00969 
00798 
00786 
00895 
01005 
01222 
00573 
00063 
00320
00646 
00765 
00658 
00959 
00819 
00960 
01172 
01201 
01170 
01044 
00059 
00336
00398 
00475 
00382 
00758 
00586 
00602 
00869 
00830 
00997 
01091 
00124 
00190
00466 
00380 
00358 
00754 
00625 
00680 
00831 
01002 
01106 
01107 
01206 
01136 
01135 
01233 
00892 
00151 
00033 
00074 
00306
00559 
00375 
00576 
00378 
00455 
00489 
00746 
00810 
00965 
01181 
01178 
01137 
01168 
01145 
01161 
00989 
00126 
00312
00347
00574 
00572 
00564 
00867 
00968 
00840 
00901 
01205 
01014 
01207 
01202 
01173 
00141 
00141 
00745 
00148 
00206
00355
00536 
00568 
00496 
00571 
00689 
00722 
00693 
00852 
00962 
00950 
00914 
00815 
00822 
01115 
01175 
01203 
00998 
01162 
01213 
01143 
01128 
00142 
00246
00248
00397 
00529 
00527 
00441 
00431 
00392 
00501 
00565 
00454 
00451 
00755 
00963 
00875 
00951 
00858 
00977 
00906 
01125 
01216 
01157 
00982 
00471 
00538 
00404 
00684 
00707 
00633 
00632 
00648 
00912 
00850 
00898 
00870 
00930 
01039 
01117 
01192 
01177 
01169 
00144 
00314
00676 
00748 
01016 
01120 
00018 
00137 
00993 
00143 
00150 
00122 
00313
00201
00243
00541 
00430 
00543 
01237 
01204 
01171 
00031 
00085 
00147 
00437 
00523 
00534 
00552 
00502 
00751 
00899 
00877 
00790 
00954 
01076 
01066 
00031 
00311
00185
00499 
00427 
00567 
00508 
00532 
00731 
00738 
00705 
00730 
00845 
00812 
00797 
00878 
01083 
01139 
01093 
01179 
01158 
01182 
01040 
01224 
01197 
00062 
00089 
00297
00272
00520 
00585 
00694 
00597 
00949 
01146 
01067 
00986 
00062 
00052 
00189
00269
00174
00438 
00497 
00697 
00944 
00915 
01164
00424 
00563 
00301
00266
00436 
00596 
00739 
00905 
01049 
01188 
01042 
01151 
00208
00242
00453 
00669 
00811 
01199 
01099 
00415 
00522 
00742 
00588 
00902 
