00124 
00535 
00765 
00589 
00771 
00141 
00141 
01136 
00411 
00971 
00951 
00926 
00336
00151 
00523 
00243
00469 
00565 
01157 
00205
00961 
00265
00269
00451 
00218
01137 
00904 
00647 
00767 
00312
01120 
00982 
00614 
00137 
01096 
01146 
00062 
00062 
01099 
01005 
00726 
00143 
00766 
01167 
00680 
00176
00541 
00003 
00139 
00190
00347
00956 
01222 
00366 
00968 
01029 
01201 
00497 
00852 
00415 
00989 
00707 
00683 
00147 
00302
00958 
00858 
00588 
01173 
01127 
01171 
00527 
00177
00074 
00392 
00705 
01205 
00520 
00455 
00798 
00964 
00543 
00815 
00963 
00085 
00206
01016 
00572 
00988 
00573 
01170 
00633 
00174
00969 
00187
00812 
01165 
00394 
01050 
00322
00860 
00004 
00313
00401 
00386 
00242
00031 
00031 
00738 
00960 
00140 
00063 
01161 
00260
00986 
00899 
00807 
00059 
01117 
00454 
00358 
00856 
00466 
00754 
01106 
00496 
00052 
00246
00790 
00722 
00536 
00425 
00936 
00441 
01206 
01125 
00502 
00648 
00144 
00568 
01200 
00055 
00055 
00658 
00397 
01155 
00185
01162 
00749 
00693 
00987 
00895 
00424 
00597 
00884 
00676 
01164
00437 
00211
00011 
00755 
00562 
00007 
00959 
00311
00499 
00867 
00068 
00552 
00150 
00905 
00794 
00685 
01159 
01163 
00148 
01040 
01135 
00998 
00999 
01019 
01181 
01168 
00320
01076 
00602 
00962 
00901 
00248
00748 
00555 
00993 
00013 
00870 
00584 
01107 
01172 
00489 
00965 
00758 
00830 
01091 
00914 
00436 
01210 
00471 
00912 
00083 
00430 
01199 
01197 
00946 
00669 
00427 
01224 
00585 
00337
00906 
00538 
00684 
01169 
00751 
00314
00915 
00782 
00355
00689 
01188 
01042 
00730 
01179 
01021 
00898 
01067 
00494 
00822 
01115 
01175 
01128 
00785 
01066 
00559 
00089 
00438 
00731 
00694 
00742 
00902 
00508 
00018 
00189
00944 
01149 
00104 
00811 
