00030 
00883 
00441 
00566 
00499 
00490 
00950 
00140 
00504 
01192 
00606 
00437 
00798 
00767 
00126 
00906 
00446 
01111 
00170
00856 
00106 
01041 
00926 
00615 
00257
01077 
00726 
01206 
00348
01148 
00064 
00134 
00648 
01156 
00150 
00778 
00187
00594 
00063 
00440 
00062 
00062 
01175 
01197 
00956 
00771 
01159 
00314
00613 
00439 
00352
01165 
00084 
01110 
00765 
00322
00243
00564 
00959 
00964 
00042 
00201
00975 
00867 
00052 
00163 
00931 
00051 
00241
01136 
01075 
00337
01096 
00242
00343
00671 
00423 
01151 
00463 
00185
00749 
00689 
01172 
01162 
00857 
00311
00205
00968 
01005 
01205 
00501 
00486 
01106 
00149 
01144 
01040 
01019 
01135 
00312
00946 
01173 
01137 
00090 
00611 
01117 
00915 
00502 
00430 
00758 
00427 
01047 
00425 
01218 
01128 
00246
00258
00719 
00584 
00904 
00411 
00443 
00699 
00038 
00059 
00602 
00360 
00785 
00401 
00962 
00336
01045 
00179
00722 
00736 
00535 
00630 
00896 
00605 
01214 
00346
00366 
00465 
01031 
00211
00269
01081 
01190 
01204 
00702 
01146 
00302
00955 
00553 
01194 
00568 
00377 
01222 
01050 
00505 
00572 
00190
00949 
00527 
00039 
00643 
00573 
00494 
00614 
01073 
00646 
00098 
00543 
00287
00263
00180
00104 
00523 
00552 
00309
00532 
00814 
01168 
00189
00930 
01082 
00936 
00961 
01212 
00589 
00897 
00969 
00700 
01016 
00690 
00014 
00853 
00394 
00029 
00117 
00019 
00574 
00392 
00308
00697 
00540 
00779 
00265
00313
00586 
00469 
00585 
00928 
00821 
00907 
00748 
00694 
01181 
00815 
00020 
00680 
00236
00436 
00096 
00174
00655 
00525 
00261
00881 
01118 
00455 
01161 
00807 
01152 
00114 
00989 
00386 
00003 
00484 
00899 
00182
00919 
00385 
00911 
00078 
00207
00399 
00830 
00998 
00295
00370 
00860 
01078 
00018 
00077 
00885 
00397 
00770 
01032 
00471 
00740 
00280
01074 
00556 
01062 
00960 
00473 
00901 
00971 
01182 
00647 
00973 
00404 
01107 
00762 
00244
00489 
00922 
00049 
00503 
01067 
00369 
00913 
00610 
00982 
00445 
01108 
00082 
01191 
00082 
00008 
00705 
01179 
00139 
00571 
01143 
00160 
00472 
00842 
00541 
00849 
00898 
01083 
00912 
00231
00529 
00642 
01092 
00364 
00482 
00844 
00851 
00858 
00415 
00068 
01056 
00546 
00372 
00745 
01169 
00296
00363 
00518 
00693 
00809 
01237 
00565 
00947 
01053 
00147 
00747 
00567 
01115 
00124 
00676 
01170 
00141 
00141 
00951 
01140 
00396 
00451 
00963 
00487 
00067 
00879 
00206
00653 
01178 
00508 
00001 
00811 
00272
01157 
00204
00976 
00580 
00681 
00755 
00143 
00407 
00841 
00886 
00669 
00041 
00041 
00248
00673 
00125 
00438 
00559 
00342
00597 
00089 
00480 
00418 
01129 
00612 
00714 
00007 
00378 
00622 
00967 
01116 
00986 
00920 
00111 
00497 
00944 
00118 
00102 
01072 
01145 
01033 
01234 
00993 
00050 
00087 
00526 
00219
00780 
01188 
00178
01071 
00006 
00055 
00055 
00861 
00804 
00987 
00095 
00230
00176
00442 
00326
00988 
00738 
00424 
00323
00024 
00368 
00218
00548 
00033 
00172
00288
00588 
00786 
00793 
00011 
01210 
00175
00562 
00383 
00587 
00155 
00155 
00092 
01158 
00367 
00495 
00550 
00333
00629 
01105 
00794 
00307
00474 
00357 
00435 
00422 
00685 
00267
00379 
01038 
01004 
00549 
00416 
00393 
00952 
01195 
00380 
00273
01068 
00268
00890 
01163 
00266
00347
01099 
00874 
00524 
00759 
01113 
01002 
00999 
00819 
00203
00279
01238 
00004 
00228
00916 
00278
00810 
00829 
00320
00382 
00997 
01203 
00100 
00608 
01183 
01112 
00466 
00754 
01166 
00013 
01167 
00260
01199 
00840 
00781 
00713 
00633 
00284
01200 
01014 
00507 
01174 
00412 
01184 
00358 
00289
00026 
01054 
00120 
00511 
01091 
00115 
01049 
00965 
00934 
00870 
01003 
00859 
00479 
01171 
00766 
01155 
00056 
00299
00943 
00065 
00852 
00914 
00764 
01114 
01024 
00954 
01147 
00892 
00324
00131 
00544 
00824 
00966 
00979 
00825 
00632 
01039 
00144 
00291
00216
00217
00884 
00873 
00467 
01201 
01216 
00895 
00164 
00016 
01013 
01213 
00698 
00536 
00496 
01132 
00710 
00151 
00074 
00177
01236 
01028 
00695 
00981 
00530 
00797 
00454 
01125 
01065 
00746 
01224 
00538 
00684 
00658 
00639 
00728 
00355
01027 
00293
00711 
00031 
00751 
00790 
00031 
00791 
01124 
00812 
00863 
01052 
00086 
00091 
00270
00742 
01149 
00101 
00081 
00514 
00638 
01064 
01164
00286
00706 
00200
00877 
00183
00784 
00730 
00282
00274
00828 
00148 
00822 
00707 
00122 
00146 
00021 
00227
00569 
00836 
01139 
00854 
01104 
00301
00604 
01227 
01066 
00235
00616 
00434 
00666 
00872 
00921 
00391 
01058 
00408 
00855 
00577 
01119 
00112 
00481 
00498 
00664 
01232 
01035 
00731 
00803 
00290
00137 
00224
00315
00325
00453 
00085 
01076 
00297
00447 
00462 
00596 
00305
00905 
00046 
01120 
00076 
00097 
00582 
00757 
00732 
00154 
00292
00199
00929 
00022 
00123 
00232
00410 
00563 
00581 
00251
00575 
00795 
00351
01211 
00359 
00627 
00782 
00253
00661 
00432 
00083 
00520 
00601 
00838 
00862 
01127 
01134 
00703 
00208
00173
00607 
00734 
00945 
01101 
01131 
00414 
01048 
00660 
00522 
00197
00994 
00675 
01042 
00234
00686 
00388 
01008 
01103 
00107 
00047 
00108 
00717 
01138 
01026 
01121 
01185 
00665 
00776 
00592 
01084 
00620 
00561 
00691 
00662 
00957 
01142 
00741 
00628 
00624 
00796 
00984 
01209 
00215
00304
00925 
00902 
00400 
01034 
01029 
00025 
00240
00464 
00452 
00980 
00276
00319
00281
01044 
00398 
00475 
00869 
00625 
00831 
01160 
01233 
00718 
00339
00900 
00306
00375 
00576 
00079 
00516 
01207 
01202 
00864 
00635 
01217 
00192
00406 
00558 
00138 
00275
00384 
00389 
00654 
00142 
00431 
00875 
00977 
00850 
01177 
00492 
00034 
00634 
00835 
00264
00249
00682 
00037 
00214
00820 
00880 
00927 
01196 
00009 
00035 
00547 
00609 
01061 
00009 
00247
00792 
01006 
00534 
00402 
00677 
00985 
00845 
00878 
01093 
00294
00395 
00704 
00801 
01122 
00903 
00833 
00060 
00145 
00310
00761 
00188
00088 
00332
00271
00806 
00617 
00429 
00109 
00277
00413 
00788 
00808 
01219 
00184
00421 
01009 
01098 
01180 
00080 
00229
00212
00459 
00650 
00972 
01007 
01060 
00159 
00023 
00181
00696 
00769 
00813 
00250
00345
00048 
00716 
00816 
00483 
01130 
00133 
00105 
00362 
00444 
00768 
00823 
01001 
01087 
00739 
00317
00458 
00223
00327
01223 
00238
00349
00461 
00460 
00657 
00737 
00826 
00165 
00303
00374 
00917 
00119 
00166 
00130 
00340
00579 
00727 
00651 
00667 
00775 
00618 
00623 
00590 
00970 
01017 
01102 
00631 
00725 
00800 
00069 
00058 
00256
00213
00450 
00533 
00621 
01088 
01090 
00521 
01000 
00071 
00688 
00887 
00113 
00210
00528 
00361 
00419 
00772 
00692 
00753 
00958 
00848 
00802 
01025 
01057 
00341
00554 
00555 
00510 
00672 
00715 
00668 
00583 
00923 
00992 
01220 
00073 
00744 
00193
00519 
00743 
00805 
00865 
01086 
00195
00640 
01070 
01239 
01046 
00015 
00053 
00167 
00156 
00027 
00316
00252
00221
00222
00237
00233
00191
00169
00390 
00409 
00478 
00420 
00542 
00750 
00626 
00670 
00687 
00636 
00659 
00752 
