00856 
00919 
00566 
00538 
00322
01159 
00360 
00961 
00014 
00767 
01111 
00926 
00540 
00930 
00504 
00440 
00690 
00287
01190 
01192 
00441 
00140 
01194 
01148 
00411 
00490 
00386 
00770 
00039 
00973 
00208
00243
01107 
01191 
01197 
01157 
00236
00439 
00084 
00170
00779 
01117 
00042 
00553 
00762 
00975 
00443 
01108 
00931 
00446 
00106 
00949 
00072 
01136 
00726 
01096 
01041 
00399 
00541 
00968 
01204 
01205 
00501 
00648 
00289
00906 
01106 
00067 
00495 
00312
01088 
00613 
00946 
00063 
00187
00265
00915 
00502 
00425 
01218 
00267
00798 
00594 
01175 
00573 
00059 
00602 
00785 
00401 
00962 
00336
00437 
00601 
00765 
00278
00771 
00722 
00630 
00605 
00748 
00352
00532 
00499 
00465 
01031 
00269
01201 
00867 
01146 
00955 
00062 
00062 
00642 
00568 
00377 
00505 
00190
00494 
00614 
00646 
00185
00180
00523 
00552 
00052 
00189
01082 
00936 
00008 
00150 
01016 
00883 
00423 
00117 
00574 
00392 
00671 
00205
00313
00749 
00586 
00745 
00373 
00803 
00451 
00694 
00436 
00900 
00881 
00087 
00746 
01156 
00064 
00297
00911 
00305
01135 
00035 
00233
00018 
01019 
01005 
01032 
00740 
00959 
00956 
01048 
00689 
00971 
01182 
00647 
00404 
01040 
00489 
01173 
01128 
00134 
00126 
01206 
00691 
00922 
00210
00361 
00503 
00924 
00758 
00610 
00982 
00445 
00179
00082 
00051 
00082 
00163 
00705 
01179 
00139 
00571 
00950 
01143 
00160 
00472 
00535 
00398 
01137 
00849 
00283
00898 
01083 
00912 
00529 
00311
00427 
01077 
00364 
00482 
00844 
00851 
00840 
00845 
00415 
00430 
01169 
00296
00363 
00518 
00693 
00026 
01237 
00565 
00776 
00149 
00747 
01115 
00124 
01170 
01222 
00141 
00141 
00951 
00486 
01140 
00396 
00572 
00879 
00206
00166 
00263
00104 
00314
00704 
00527 
00001 
00258
01030 
00811 
00272
00304
00580 
00237
00681 
00755 
01162 
00584 
00248
01130 
00438 
00559 
00165 
00342
00534 
00089 
00019 
00090 
00418 
00612 
00714 
00007 
00341
00622 
00302
00346
00778 
00111 
00348
00497 
00944 
01145 
01033 
01188 
00866 
00585 
00904 
01151 
00450 
00006 
00055 
00055 
00038 
01110 
00366 
00589 
00804 
00964 
00987 
00095 
00230
00176
00442 
00326
00988 
00738 
01070 
00853 
00469 
00218
00548 
00211
00172
00098 
00261
00786 
00011 
01210 
00381 
00834 
00562 
00383 
00587 
01047 
00969 
01158 
00367 
00581 
00563 
00550 
00333
00394 
01050 
01105 
00794 
00307
00435 
00309
00685 
00643 
00525 
00379 
00549 
01068 
01163 
00655 
01165 
00347
00860 
01099 
00759 
01113 
00003 
01002 
00999 
00077 
00203
00279
01238 
00004 
00916 
00810 
00829 
00320
00382 
00997 
00998 
01181 
01168 
01152 
00057 
00353
00376 
00608 
00466 
00754 
01166 
00989 
00013 
00960 
01167 
00260
01199 
00901 
00633 
01200 
01014 
00507 
00385 
01174 
00358 
01172 
00680 
00996 
00280
00830 
01091 
01118 
00455 
00965 
01161 
00934 
00870 
00201
00859 
00479 
01171 
00766 
01155 
00056 
00299
00943 
00852 
00914 
00764 
01114 
01024 
01214 
00700 
01147 
00807 
00370 
00078 
00029 
00131 
00207
00544 
00699 
00824 
00966 
00979 
00825 
00632 
01039 
00144 
00471 
00291
00216
01216 
00895 
00164 
00016 
01013 
01213 
00337
00615 
00698 
00536 
00496 
00815 
01132 
00710 
00151 
00074 
00177
00032 
00158 
00697 
00676 
00797 
00244
00773 
00454 
00858 
01125 
01224 
00684 
00658 
00639 
00543 
00728 
00897 
00355
00293
00711 
00928 
00484 
00031 
00751 
00790 
00031 
00246
00397 
00812 
00086 
00091 
00270
00742 
00114 
00101 
00081 
00514 
00638 
00821 
01064 
00907 
01164
00877 
00183
00784 
00899 
00730 
00282
00182
00274
00828 
00963 
00473 
01075 
00148 
00822 
00707 
00122 
00049 
00146 
00021 
00227
00569 
00836 
00174
00567 
01139 
00231
01104 
00301
00417 
00147 
01066 
00335
00197
00511 
00235
00616 
00611 
01067 
00020 
00434 
00666 
00872 
00921 
00814 
00391 
01058 
01119 
00976 
00143 
00162 
00344
00186
00817 
00112 
00481 
00498 
00664 
01144 
01232 
01035 
00731 
00137 
00030 
00224
00673 
00125 
00315
00325
00242
00085 
01076 
00947 
01053 
00597 
00596 
00118 
00905 
00046 
01120 
01129 
00076 
00097 
00993 
00487 
00582 
00757 
00732 
00068 
00154 
00096 
00292
00199
00929 
01056 
00508 
00295
00219
00868 
00251
00276
00986 
00795 
00369 
00351
00913 
01211 
00359 
00627 
00885 
00782 
00102 
00661 
00432 
00424 
00719 
00083 
00520 
00407 
00556 
00841 
00838 
00862 
01127 
01134 
01045 
00703 
00173
00607 
00734 
00945 
00967 
00842 
01101 
01131 
01116 
00669 
00414 
00588 
00178
00334
00531 
01221 
01042 
01103 
00107 
00047 
00702 
00108 
00717 
01138 
01026 
01121 
01185 
00665 
00268
00890 
00886 
00620 
00561 
00662 
00957 
01142 
00741 
00628 
00624 
00796 
00809 
00984 
01209 
00215
00925 
00902 
00416 
00400 
00393 
00896 
01034 
01029 
00175
00526 
00281
00819 
01044 
00475 
00869 
00380 
00625 
00831 
01160 
01233 
00718 
00892 
00339
01072 
00033 
00306
00375 
00576 
00378 
01178 
00079 
00516 
00564 
01207 
01202 
00406 
01203 
00558 
00142 
00431 
00875 
00977 
00850 
01177 
00530 
00492 
00474 
00034 
00634 
00835 
00264
00249
00682 
00524 
00009 
00547 
00609 
01061 
00009 
00247
00781 
00713 
00792 
00954 
00402 
00780 
00677 
00985 
00878 
01093 
00115 
00294
00395 
00801 
01212 
01122 
00903 
00833 
00188
00088 
00332
00271
00806 
00617 
00429 
01062 
01112 
00100 
00422 
00109 
00050 
00277
00413 
00412 
00788 
00808 
01219 
01184 
00024 
00204
00184
00273
00421 
01009 
00343
00241
00857 
00920 
01027 
01098 
01081 
01180 
00080 
00229
00212
00459 
00650 
00793 
00972 
01007 
01060 
01054 
00159 
00023 
00181
00696 
00769 
00813 
01124 
00250
00483 
00133 
00105 
00362 
00444 
00768 
00823 
01001 
01087 
01236 
01028 
00266
00739 
01049 
01234 
00317
00458 
00577 
00223
00288
00327
01065 
01223 
00238
00349
00461 
00372 
00460 
00657 
00737 
00826 
00303
00374 
00917 
00119 
00130 
00217
00340
00579 
00357 
00727 
00651 
00667 
00775 
00618 
00623 
00590 
00884 
00970 
00873 
01017 
01102 
00631 
00725 
00629 
00800 
00069 
00058 
00256
00324
00213
00533 
00621 
00854 
01183 
01090 
00521 
01000 
00228
00604 
00688 
00887 
01071 
01227 
01078 
00453 
00113 
00528 
00447 
00480 
00462 
00419 
00772 
00692 
00753 
00958 
00848 
00802 
01025 
01057 
00284
00200
00554 
00555 
00510 
00672 
00715 
00668 
00583 
00923 
00952 
00992 
01195 
01220 
00073 
00744 
01092 
00193
00519 
00743 
00805 
00865 
01086 
00308
00323
00290
00195
00640 
00695 
01239 
01046 
00981 
01074 
00522 
00015 
00053 
00092 
00167 
00156 
00027 
00316
00252
00221
00222
00191
00169
00390 
00409 
00478 
00420 
00542 
00750 
00736 
00626 
00670 
00687 
00636 
00675 
00659 
00752 
00733 
00683 
00598 
00832 
00888 
00937 
00889 
00942 
00863 
01141 
01126 
01095 
01226 
01010 
01052 
01012 
00995 
00015 
00978 
00043 
00061 
00065 
00253
00368 
00463 
00953 
00983 
01051 
01043 
00110 
00005 
00040 
00254
00255
00245
00457 
00408 
00591 
00874 
00855 
00843 
01055 
01198 
01215 
01073 
00606 
01085 
