00811 
00465 
00926 
00505 
00077 
00540 
00210
01183 
00846 
00508 
00798 
00038 
00714 
00174
00120 
00930 
01111 
01186 
00946 
01234 
00726 
01014 
00179
00004 
00612 
00190
01159 
00404 
00707 
01237 
00969 
00971 
00767 
00337
01174 
01213 
00929 
00962 
00996 
00797 
00526 
01122 
00632 
00242
01005 
00765 
00807 
00637 
01105 
00260
01201 
00795 
00978 
01202 
00514 
00003 
00145 
00291
00916 
01083 
00189
00563 
00254
00422 
00936 
01128 
00956 
00808 
00494 
00758 
00322
00301
00148 
00583 
00312
01222 
00411 
01177 
00532 
00831 
00065 
00716 
01047 
00920 
00033 
00825 
00964 
00975 
00875 
01113 
00490 
00877 
00392 
01216 
00238
00914 
00915 
00398 
01161 
00331
00495 
00822 
00819 
00471 
01169 
00852 
00776 
00473 
00091 
01148 
00786 
00011 
00840 
00943 
00306
00658 
00589 
00268
00989 
00766 
00062 
00638 
00266
00559 
00314
00126 
00470 
00056 
00911 
00576 
00625 
00860 
00986 
00299
00094 
00413 
00346
00358 
00961 
00835 
00995 
00755 
00815 
01162 
00370 
00959 
00083 
00646 
00927 
00013 
00984 
01016 
00541 
01048 
01206 
00144 
00403 
01052 
00650 
00812 
00584 
00818 
00817 
00421 
00377 
00529 
00957 
00864 
00897 
00746 
00610 
00199
00131 
00106 
00247
00235
00803 
00748 
00225
00745 
00491 
00211
00258
01067 
00719 
00147 
01146 
01112 
00281
00892 
00276
01204 
00185
00676 
00453 
00107 
00437 
00597 
00338
01182 
00472 
00740 
00341
00738 
00677 
00350
00987 
01167 
00207
00882 
00236
00830 
00665 
00022 
01134 
00175
00119 
01219 
00492 
01060 
00988 
00104 
00380 
00697 
00523 
00627 
00425 
01096 
00904 
00218
00796 
00124 
01038 
00557 
01209 
00307
00823 
00110 
00113 
00488 
00609 
00611 
00245
00088 
01125 
01185 
00999 
00593 
00008 
01031 
01117 
01155 
01172 
00111 
00019 
00332
00434 
00406 
00451 
00055 
00455 
00655 
00297
00496 
01019 
01156 
00717 
00007 
00336
00997 
00931 
01165 
00794 
00525 
01008 
00592 
00923 
01066 
00480 
00588 
00485 
00095 
01035 
00151 
00810 
01178 
01106 
01136 
01149 
00401 
01238 
00973 
00059 
00475 
00382 
01135 
01203 
00998 
00683 
00844 
01049 
00899 
00785 
00917 
00912 
00870 
01168 
00285
00448 
00399 
00736 
00313
00430 
01039 
00063 
01099 
01188 
00427 
00730 
01179 
00895 
00542 
00466 
01002 
00436 
00116 
00206
00355
01200 
00243
00689 
00177
00085 
00790 
00951 
00018 
00960 
01170 
00968 
00706 
00684 
00898 
00653 
00813 
00484 
00137 
00259
00152 
00928 
00234
00896 
00293
00024 
00347
00901 
00272
01120 
00648 
01076 
00705 
00954 
00244
00134 
01218 
01000 
00125 
00749 
00141 
00135 
01071 
00375 
00248
00858 
01157 
00982 
00955 
00143 
01171 
00543 
01103 
00139 
00643 
00631 
00587 
00108 
00506 
00630 
00847 
00876 
00438 
00773 
01215 
00462 
00635 
01051 
00721 
01109 
00695 
00791 
00553 
01034 
00118 
00150 
00905 
00694 
00949 
01042 
01037 
00031 
00993 
00047 
00849 
00522 
01176 
00596 
00089 
01197 
00482 
00816 
01021 
00201
00048 
00192
00279
00613 
00096 
00300
00793 
00208
00739 
00075 
00802 
00027 
00212
00649 
00659 
00783 
01226 
01151 
00913 
00981 
00274
00361 
00419 
00763 
00600 
00066 
00713 
01211 
00278
00703 
00606 
00326
00879 
00257
00555 
00907 
00992 
01147 
01220 
01232 
00071 
01086 
00902 
00318
00289
01061 
00833 
00261
00560 
01123 
00302
00614 
00387 
00386 
00690 
00032 
01184 
00030 
00196
00180
00696 
00887 
01227 
00663 
00366 
00566 
01026 
00483 
00469 
00647 
00140 
00333
00671 
00042 
00616 
01080 
00418 
00362 
00444 
01223 
00187
00439 
00205
00535 
00562 
00771 
00856 
00039 
00561 
00691 
00685 
00662 
00853 
01142 
00265
00394 
00741 
00628 
00624 
00809 
01050 
00165 
00023 
00348
00188
00359 
01110 
00069 
00228
00282
00182
00464 
00941 
01013 
00924 
00874 
00947 
00288
00554 
01079 
00461 
00028 
00317
00204
01214 
01133 
00476 
00379 
00672 
00821 
01068 
00573 
00103 
00781 
00275
00871 
00725 
00320
01044 
00586 
00869 
01091 
01163 
00754 
00680 
01107 
01160 
01233 
00737 
00645 
00664 
00081 
00504 
00945 
01075 
00074 
00378 
00489 
00965 
01181 
01137 
01145 
00414 
00574 
00572 
00564 
00867 
01205 
01207 
01173 
00550 
00280
01100 
00321
00577 
00356 
00678 
00692 
01001 
01084 
00162 
00017 
00217
00183
00396 
00569 
00456 
00727 
00636 
00723 
00623 
00598 
00784 
00937 
00873 
00863 
01132 
01011 
01054 
01022 
00325
00109 
00344
00277
00169
00412 
00777 
00718 
00966 
01228 
01010 
00536 
00568 
00571 
00602 
00693 
00950 
01115 
01175 
00142 
00246
00527 
00441 
00431 
00501 
00565 
00454 
00963 
00977 
00906 
00538 
00633 
00850 
00881 
01192 
00530 
00660 
00073 
00253
00393 
00800 
01140 
01129 
00100 
00922 
00101 
00166 
00012 
00200
00296
00479 
00801 
00843 
01036 
01104 
00232
00287
00195
00967 
01020 
01231 
00251
00090 
00294
00407 
00457 
00510 
00760 
00841 
01081 
01191 
01073 
00020 
00051 
00191
00618 
00884 
00829 
00827 
01126 
01007 
01230 
00122 
00722 
01143 
00552 
00502 
00751 
00219
01121 
00310
00334
00216
00349
00342
00539 
00373 
00452 
00674 
00919 
01138 
01116 
01088 
01090 
00311
00499 
00397 
00567 
00731 
00845 
00944 
01139 
01093 
01158 
01040 
01166 
00155 
00060 
00123 
00308
00284
00323
00417 
00546 
00435 
00657 
00599 
00634 
01046 
01078 
00369 
00848 
00865 
01059 
00115 
00160 
00768 
00711 
00806 
00862 
01064 
01153 
00804 
00520 
00534 
00585 
00052 
00269
00497 
00878 
01164
01224 
00424 
00043 
00046 
00006 
00345
00250
00305
00202
00178
00515 
00360 
00661 
00744 
00866 
00976 
00983 
01041 
00070 
00343
00256
00352
00442 
00432 
00460 
00679 
00607 
00734 
00854 
00842 
01101 
01239 
01065 
01030 
01074 
01180 
00098 
00067 
00629 
01210 
00001 
00315
00194
00172
00400 
00374 
00528 
00519 
00429 
00463 
00608 
00778 
00673 
00953 
00805 
01062 
01043 
00014 
00304
00263
00890 
00669 
01199 
00367 
00710 
00667 
01085 
01003 
00415 
00742 
