01148 
00765 
00269
00523 
01146 
00853 
01137 
00726 
00646 
00425 
00124 
00655 
00140 
00574 
00525 
00336
00205
00786 
00401 
01106 
00187
00236
01175 
00856 
00499 
01156 
01173 
00404 
00126 
00624 
00441 
00206
00573 
00867 
00150 
00411 
00982 
00052 
00904 
00415 
00437 
00749 
01159 
00151 
00033 
00662 
00936 
00501 
00018 
00003 
00614 
00625 
00567 
01139 
00961 
00589 
00534 
00201
00680 
01165 
00971 
00246
00306
01206 
00738 
00956 
01202 
01002 
00647 
01019 
00576 
00564 
00235
00658 
00689 
00973 
01157 
00565 
00535 
01107 
00375 
00137 
00530 
01171 
00632 
01039 
01169 
00122 
01014 
00758 
00693 
00314
01016 
00139 
00563 
00312
00585 
00811 
00301
00055 
00748 
00685 
00766 
00596 
01210 
00424 
01161 
00366 
00754 
00840 
00320
01155 
00628 
01209 
00208
00561 
00957 
00999 
00794 
00011 
00819 
01207 
01181 
01178 
00059 
00830 
00143 
01237 
00969 
00190
00466 
01160 
00471 
00633 
00892 
00144 
00676 
00355
00496 
01203 
00998 
00901 
01200 
00875 
00954 
01076 
00553 
00397 
00508 
00083 
00905 
00453 
00522 
