00796 
00959 
00906 
01216 
00039 
01148 
00926 
00185
00767 
00997 
00726 
01014 
00187
00856 
00975 
00013 
01206 
00655 
01222 
01170 
00574 
00068 
01219 
00347
00571 
01162 
01213 
00573 
01096 
00957 
01087 
00914 
00465 
00614 
00552 
00987 
00624 
01050 
00337
00956 
00386 
00690 
00174
00794 
01185 
00313
00853 
00106 
00505 
00566 
00982 
00272
00961 
00671 
01159 
00236
00647 
00205
00535 
00134 
00567 
01139 
00320
00140 
01210 
00869 
00694 
01111 
00892 
00526 
00969 
00895 
00439 
00525 
00971 
00540 
01099 
00495 
00946 
00425 
01019 
00807 
01002 
00646 
00798 
00931 
00260
00765 
00819 
01172 
01201 
00401 
01238 
01204 
00633 
01135 
00279
01128 
00411 
00973 
00602 
01200 
00063 
00336
00382 
00586 
00669 
01156 
00489 
00810 
01137 
00490 
00124 
01106 
01136 
00572 
00968 
01205 
01173 
00527 
00951 
00858 
00943 
00898 
00930 
01117 
01175 
01040 
00742 
00441 
00749 
00085 
00751 
01211 
00126 
00312
00867 
00530 
01016 
00746 
00529 
00206
00568 
00494 
00758 
00693 
00962 
00950 
00404 
00632 
00912 
00881 
01039 
01192 
01169 
00502 
00311
01166 
00314
01218 
00139 
01005 
00993 
00392 
00501 
00755 
00915 
00648 
00785 
00302
00415 
00740 
00722 
00322
00499 
00427 
00797 
00944 
01182 
00397 
00597 
00523 
00877 
01234 
01083 
00150 
00122 
00243
01143 
00366 
01026 
00460 
00018 
00469 
00055 
00589 
00988 
00211
00665 
00904 
00936 
00062 
00297
00585 
01146 
00052 
00269
00438 
00497 
00003 
00011 
00964 
01167 
00091 
00235
00532 
00738 
00811 
00562 
00771 
00561 
00691 
00685 
00662 
00999 
01142 
00218
00265
00394 
00741 
00628 
00809 
00984 
01209 
00307
00520 
00437 
00534 
00949 
00842 
01144 
00004 
00766 
01155 
01165 
00224
00860 
00786 
00436 
00596 
00610 
00009 
00658 
00960 
01044 
00611 
00038 
00059 
00475 
00830 
01091 
01163 
00190
00466 
00380 
00358 
00754 
00625 
00680 
00831 
01107 
01160 
01233 
01197 
01031 
00151 
00033 
00074 
00306
00559 
00375 
00378 
00455 
00965 
01181 
01178 
01145 
01161 
00989 
00859 
00175
00564 
00840 
00901 
01207 
00974 
01151 
00847 
00588 
00208
01199 
00141 
00745 
00148 
00355
00536 
00398 
00496 
00689 
00852 
00815 
00822 
01115 
01203 
00998 
00383 
00703 
00142 
00246
00248
00431 
00565 
00454 
00451 
00963 
00875 
00977 
01125 
01157 
00471 
00576 
00538 
00684 
00707 
00850 
00870 
01177 
01168 
00199
00549 
00966 
00247
00486 
00711 
00144 
00676 
00748 
00324
00507 
01120 
00641 
00137 
00553 
01202 
00143 
00541 
00430 
00543 
01237 
01171 
00114 
00133 
00582 
00639 
00862 
01127 
00584 
00899 
00790 
00954 
01076 
01066 
00902 
00287
00280
00180
00056 
00299
00911 
00508 
00731 
00730 
00845 
00812 
01093 
01179 
01158 
00615 
00617 
00879 
00459 
00775 
00603 
00910 
00934 
00935 
00230
00351
00173
00031 
00083 
00147 
00089 
01067 
00986 
00779 
00189
00697 
00705 
00878 
01164
01224 
00263
00201
00424 
00377 
00250
00476 
00086 
00325
00203
00359 
00393 
01140 
00219
00563 
00301
00266
00905 
01049 
01042 
01114 
00019 
00215
00145 
00034 
00228
00349
00242
00453 
00739 
01188 
00550 
00010 
00253
00202
00462 
00677 
00866 
00818 
00092 
00598 
00657 
00488 
00480 
00941 
00066 
00254
00522 
00107 
00883 
00620 
00341
01100 
00146 
00167 
00045 
00156 
00080 
00227
00237
00285
00191
00357 
00750 
00666 
00636 
00683 
00937 
00972 
01141 
00289
00580 
01190 
00515 
00608 
00587 
00805 
00718 
00116 
00316
00581 
00591 
00644 
01220 
01073 
00293
00406 
00479 
00558 
00435 
00700 
00919 
01082 
00161 
00255
00223
00225
00290
00196
00422 
00432 
00604 
00706 
00695 
00813 
00857 
00876 
00920 
01221 
01239 
00981 
01074 
01193 
00064 
00207
00492 
00474 
00759 
00699 
01132 
01113 
00849 
00259
00291
00216
00482 
00163 
00035 
00309
00282
00182
00274
00612 
00609 
00770 
00698 
00844 
00828 
01061 
01032 
00090 
00160 
00472 
00444 
00713 
00928 
00792 
01064 
01147 
00121 
00315
00317
00305
00234
00192
00193
00458 
00577 
00631 
00725 
00702 
00795 
01062 
01021 
01059 
01043 
00104 
00067 
00179
00473 
00095 
00256
00504 
00503 
00714 
00781 
00762 
01108 
00082 
00014 
00078 
00109 
00164 
00084 
00051 
00050 
00087 
00131 
00154 
00096 
00277
00292
00183
00170
00396 
00367 
00547 
00399 
00391 
00413 
00544 
00412 
00774 
00788 
00851 
00929 
00808 
00784 
00824 
00979 
00825 
01056 
01184 
01017 
01058 
00521 
00542 
00710 
00675 
00803 
01086 
00001 
00098 
00348
00261
00270
00483 
00360 
00719 
00673 
01041 
01130 
01105 
01129 
00101 
00029 
00105 
00231
00296
00267
00407 
00418 
00556 
00446 
00487 
00385 
00514 
00363 
00518 
00379 
00362 
00601 
00681 
00638 
00594 
00757 
00768 
00732 
00760 
00823 
00821 
00841 
00838 
01001 
01194 
01174 
01104 
01077 
01191 
01232 
01134 
01236 
01035 
01028 
00118 
00258
00643 
00660 
00030 
00108 
00112 
00058 
00069 
00081 
00352
00213
00176
00342
00450 
00442 
00481 
00423 
00498 
00533 
00630 
00607 
00621 
00734 
00717 
00664 
00913 
00945 
00967 
00854 
01101 
01033 
01131 
01138 
01183 
01116 
01046 
01088 
01119 
01090 
00278
00281
00073 
00061 
00102 
00006 
00007 
00111 
00326
00295
00346
00369 
00445 
00416 
00400 
00440 
00414 
00627 
00778 
00629 
00622 
00661 
00744 
00613 
00743 
00868 
00922 
00886 
00896 
01048 
01034 
01029 
01103 
01092 
00077 
00008 
00304
00333
00268
00370 
00804 
00890 
00955 
00978 
00925 
01121 
