00633 
00904 
00143 
00003 
00124 
00646 
00564 
01148 
00969 
00206
00122 
00265
01237 
00045 
00051 
00867 
00454 
00306
00585 
01064 
00311
00766 
00383 
00218
00394 
00971 
00999 
00589 
01132 
00310
00397 
00401 
01161 
00140 
01185 
00347
00691 
00248
00011 
00961 
00747 
01209 
00425 
01230 
00968 
00901 
01107 
00187
00336
00574 
00536 
01222 
00205
00497 
00411 
00754 
00151 
01126 
00194
00565 
00840 
01178 
00765 
00525 
00812 
01002 
00236
00647 
00892 
00883 
01196 
01155 
00561 
01206 
00819 
00085 
00463 
00535 
00856 
00063 
00749 
00324
00530 
00496 
00523 
00529 
00951 
00288
00059 
00573 
00767 
00499 
00269
01199 
00375 
00312
00126 
01173 
00149 
00139 
00726 
01197 
00441 
00710 
01202 
00190
00466 
01106 
01014 
00563 
00150 
01007 
00576 
00404 
00400 
01029 
01171 
00986 
00610 
01042 
01005 
00616 
00674 
00622 
00144 
00676 
00693 
00690 
00532 
01076 
00137 
00501 
00875 
00956 
00624 
00745 
00268
00013 
00235
01200 
00905 
01210 
00229
00955 
00055 
00748 
00302
00885 
00685 
00853 
00304
00553 
01211 
01204 
00987 
00738 
00083 
00301
01099 
00455 
00567 
00614 
00964 
00437 
00356 
00635 
00936 
00667 
01121 
00742 
00655 
01149 
01159 
01139 
00366 
00662 
00625 
00854 
00201
00469 
00534 
01146 
00958 
00136 
00386 
01096 
00033 
00522 
00380 
00680 
00281
00320
00626 
00388 
01111 
01134 
00453 
00004 
01165 
00628 
00973 
00786 
01170 
00914 
00322
01142 
00957 
01019 
00794 
00504 
00415 
00185
00154 
00972 
01000 
00424 
00260
00044 
00619 
00829 
01236 
00162 
00050 
00156 
00459 
00935 
00142 
00246
00572 
01207 
00741 
01050 
00358 
01066 
01053 
00481 
00620 
01136 
00431 
00960 
00771 
00658 
01181 
01137 
00439 
01167 
00830 
00307
00559 
00232
00688 
00308
00613 
01201 
00895 
00002 
00707 
00850 
00138 
00418 
00831 
01160 
00947 
00568 
00571 
00231
00557 
00406 
00065 
00586 
00810 
01145 
01234 
00977 
01125 
00526 
00798 
00471 
00632 
01039 
01169 
00018 
00520 
00022 
00223
00842 
01144 
00030 
00341
01075 
00541 
00950 
00926 
00355
00689 
00758 
01175 
01203 
00998 
00528 
00989 
01156 
00451 
00725 
01056 
01044 
00245
00172
00896 
01043 
00640 
00746 
00314
01016 
00857 
00390 
00399 
00929 
00392 
00755 
00963 
01157 
00982 
00108 
00410 
00881 
01205 
00043 
00148 
00852 
00815 
00490 
00927 
00675 
00552 
00954 
00107 
00242
00886 
00160 
00486 
01198 
01028 
00052 
00890 
00067 
00326
00805 
00879 
00678 
00716 
00653 
00548 
01030 
00313
00243
00527 
00858 
01216 
01158 
01040 
00141 
00983 
00259
00407 
00583 
01068 
01085 
00436 
00743 
00119 
00109 
00032 
00221
00222
00560 
00750 
00666 
00873 
00825 
01141 
00925 
00584 
00648 
00309
00319
00511 
01027 
01231 
00430 
00543 
00722 
00345
01130 
00508 
00196
00705 
01164
00596 
00106 
00709 
00125 
00121 
00506 
00981 
00575 
00133 
00332
00570 
00715 
00909 
00071 
00803 
00042 
00219
00740 
00046 
00367 
00606 
00266
00650 
00098 
00578 
00868 
00978 
00550 
00669 
00208
00811 
00521 
00134 
00335
00284
00216
00482 
00037 
00608 
00702 
00776 
00818 
01021 
00016 
00768 
00660 
00739 
01188 
00077 
00566 
01026 
00988 
00211
00665 
00671 
00102 
00048 
00331
00458 
00416 
00414 
00744 
00795 
00019 
00215
00588 
00250
00761 
00562 
00039 
00068 
00492 
01219 
00540 
00796 
00809 
00984 
00495 
00946 
01238 
00860 
00902 
00105 
00275
00420 
01038 
00315
00224
01140 
00959 
01172 
00076 
00518 
00641 
00792 
00952 
01087 
01035 
01223 
00038 
00337
00475 
00382 
00869 
00997 
01091 
01163 
00421 
00807 
01135 
01233 
00074 
00378 
00489 
00965 
00828 
00175
00681 
01004 
00338
00173
00461 
01020 
00060 
00069 
00120 
00373 
00911 
01131 
01088 
01108 
00398 
00494 
00602 
00962 
00822 
01115 
01162 
01213 
01128 
00656 
00636 
00884 
00918 
00096 
00170
00814 
00317
00554 
00906 
00538 
00684 
00912 
00975 
00898 
00870 
00930 
01117 
01192 
01177 
01168 
00442 
00621 
01183 
01120 
00249
00464 
00113 
00035 
00204
00210
00214
00639 
00711 
01208 
01081 
01037 
00409 
01228 
00993 
00111 
00253
00203
00202
01041 
01129 
00161 
01143 
00502 
00751 
00899 
00877 
00790 
00785 
00427 
00731 
00730 
00845 
00797 
00944 
01083 
01093 
01179 
01182 
01166 
00848 
00816 
00166 
00841 
00176
00177
00558 
01229 
01094 
00070 
00209
00351
00657 
00695 
00791 
00920 
01124 
00080 
00328
00718 
00593 
00783 
00996 
01010 
00078 
00094 
00300
00233
00169
00477 
00384 
00357 
00777 
00851 
01109 
00991 
01058 
00178
00062 
00031 
00147 
00089 
00297
00272
00694 
00597 
00949 
01067 
00189
00174
00438 
00697 
00878 
00915 
01224 
00278
00370 
00112 
00342
00241
00387 
00460 
00737 
00604 
00717 
00887 
01221 
00023 
00303
00262
00480 
00402 
00772 
00692 
00953 
00941 
00948 
00782 
00900 
00802 
01051 
00024 
00462 
00587 
00629 
00040 
00276
00247
00514 
00524 
00555 
00479 
00115 
00254
00283
00294
00516 
00668 
00821 
01077 
01127 
01191 
01049 
01086 
01151 
00325
00374 
00778 
00753 
00256
00334
00230
00291
00213
00423 
00435 
00967 
01101 
01090 
00091 
00255
00195
00180
00181
00349
00417 
00507 
00372 
00498 
00364 
00714 
01046 
00994 
01100 
01078 
00054 
00153 
00053 
00086 
00017 
00131 
00258
00330
00237
00198
00285
00207
00354
00191
00569 
00456 
00391 
00412 
00736 
00637 
00701 
00651 
00605 
00623 
00683 
00600 
00598 
00861 
00871 
00784 
00882 
00931 
00863 
01118 
01054 
00061 
00007 
00047 
00179
00661 
00922 
00976 
00864 
01103 
00234
00286
00295
00197
00617 
00719 
00849 
01105 
01110 
00110 
00101 
00350
00200
00327
00296
00293
00271
00485 
00434 
00556 
00487 
00476 
00385 
00379 
00468 
00444 
00408 
00601 
00591 
00672 
00760 
00773 
00923 
00874 
00928 
00855 
00801 
01055 
01235 
01104 
00118 
00159 
00152 
00103 
00075 
00135 
00056 
00343
00238
00287
00517 
00531 
00405 
00452 
00371 
00706 
00835 
00847 
00876 
01071 
01217 
01074 
01119 
01193 
01218 
01180 
00333
00484 
00643 
00104 
00263
00100 
00006 
00348
00188
00346
00473 
00447 
00577 
00515 
00631 
00612 
00844 
01062 
01034 
01059 
00804 
01006 
