00437 
00856 
00568 
00392 
00499 
00302
00441 
00533 
00754 
00311
01188 
00767 
00439 
00139 
00052 
00151 
00957 
00975 
01180 
00950 
00265
00742 
00011 
00960 
00926 
00741 
00875 
00527 
00189
00520 
00481 
00526 
00497 
00867 
00106 
00040 
00505 
00511 
00398 
00496 
00386 
01201 
00043 
00053 
00726 
00552 
00484 
01107 
00766 
00931 
01042 
00847 
00827 
00636 
00451 
01148 
00850 
00564 
00430 
00693 
01199 
00967 
00730 
00523 
00676 
00925 
00246
01145 
01185 
00463 
01026 
00166 
00765 
00543 
00738 
00958 
00531 
00914 
01218 
00962 
01168 
00522 
00134 
00266
00501 
00147 
00461 
00810 
01202 
00943 
00999 
01055 
00529 
00758 
00840 
00982 
00122 
00701 
00502 
00538 
00459 
00027 
01111 
01197 
00651 
00287
00876 
00658 
00753 
00589 
00179
01064 
00490 
00892 
00532 
00288
00411 
00567 
01044 
00633 
00904 
00469 
01238 
00067 
00201
00971 
01139 
00690 
01193 
00400 
01029 
00559 
00296
00218
00187
00711 
00159 
00969 
00347
00401 
00004 
01102 
00861 
00805 
00909 
00394 
01050 
00322
00771 
00109 
01071 
01096 
00961 
01016 
00096 
00003 
00047 
00056 
01161 
00454 
00260
00333
00219
01005 
00541 
00582 
00563 
00140 
00453 
01136 
00444 
00458 
00647 
00059 
00063 
00606 
01103 
00510 
00989 
00565 
00536 
00535 
01173 
01171 
00425 
00466 
01106 
00572 
00107 
00061 
00973 
01167 
01125 
01222 
00707 
00435 
00710 
00478 
00722 
00397 
00798 
01200 
00749 
00968 
01120 
01205 
00596 
01234 
00648 
00895 
00352
01155 
00312
00243
00852 
01206 
00336
00206
00190
01149 
00573 
00878 
00377 
00144 
00269
00776 
00815 
00133 
00734 
00303
00124 
00755 
00951 
00705 
00143 
01078 
00503 
01164
00467 
00539 
00858 
00963 
00970 
00141 
00141 
00324
00905 
00812 
00614 
01211 
00317
00256
00956 
00281
00148 
01081 
01040 
00316
00733 
00836 
00085 
01076 
00498 
00137 
00150 
00313
01059 
00748 
00440 
00936 
00436 
01210 
00248
00101 
00570 
00055 
00055 
00584 
01031 
01209 
00083 
00366 
00813 
00986 
00964 
00987 
01215 
00988 
00334
00789 
00307
00380 
00211
01227 
00585 
00205
00562 
00592 
01112 
00669 
00415 
01142 
00290
00959 
00525 
00794 
00685 
00574 
00236
00263
01121 
00646 
00163 
01159 
01163 
00142 
00588 
01165 
00860 
01146 
00542 
00546 
01041 
01019 
01178 
00561 
00691 
01135 
00208
00424 
00848 
00829 
00320
00998 
01181 
00602 
00980 
00553 
00013 
00901 
00831 
01002 
01099 
00990 
00051 
00571 
00358 
01172 
00680 
00277
00171
00830 
01091 
00819 
01014 
00455 
00489 
00965 
00586 
00870 
00306
00576 
00881 
00977 
00846 
00946 
00299
00911 
00828 
00807 
00177
00524 
00884 
00126 
00471 
00912 
01170 
00530 
00337
00074 
01137 
00062 
00062 
00554 
00375 
00746 
00402 
00235
00906 
00231
00427 
01224 
00684 
01117 
01169 
00747 
00314
00355
00689 
00404 
00023 
00239
01036 
00031 
00751 
00790 
00031 
00080 
00972 
00902 
00041 
00300
00788 
00041 
00915 
00465 
00899 
00028 
00157 
00321
01179 
00823 
00494 
00822 
01115 
01175 
01162 
01128 
01204 
00898 
01216 
01158 
01118 
00409 
00308
00528 
00174
00745 
01003 
00854 
00460 
00737 
00785 
01066 
00245
00778 
01067 
01157 
00534 
00223
00479 
01068 
00185
00060 
00270
00332
00271
00114 
00784 
01054 
01237 
00089 
00007 
00731 
00604 
00887 
00438 
00161 
00301
01086 
00373 
00242
00480 
00622 
00772 
00692 
00802 
01104 
00667 
00841 
01053 
00154 
00390 
00626 
00929 
01010 
00555 
00583 
00694 
00597 
00383 
00100 
01119 
00521 
00188
00018 
00993 
00232
00176
00890 
00178
00886 
00782 
00508 
00119 
00391 
00623 
00873 
01132 
01062 
00160 
00327
00293
00928 
00944 
00258
00740 
00617 
00346
00661 
00953 
00983 
01051 
00739 
00610 
00407 
00418 
00238
00108 
00342
00410 
00717 
00640 
00842 
01101 
00981 
00118 
00804 
01092 
00326
00581 
00638 
00768 
00284
00200
00487 
00672 
00715 
00923 
01085 
00473 
00577 
00811 
00156 
00221
00222
00237
00191
00569 
00750 
00736 
00605 
00675 
00683 
00598 
00863 
01141 
01056 
01126 
00325
00743 
00885 
00879 
00019 
00102 
00006 
00631 
00725 
00022 
00230
00548 
00506 
01030 
01021 
00550 
00447 
00414 
00844 
00077 
00634 
00125 
00065 
00922 
00149 
01074 
00268
00566 
00110 
00486 
00556 
00408 
00601 
00591 
00874 
00947 
00855 
01198 
00304
00665 
00671 
00575 
01000 
00612 
00608 
00702 
00976 
00039 
00662 
00853 
00038 
00540 
00628 
00624 
00796 
00809 
00984 
00196
00517 
00482 
00371 
00706 
00616 
00652 
00175
00495 
00655 
00786 
00955 
00643 
00475 
00382 
00869 
00997 
00625 
01160 
01233 
00367 
00098 
00348
00416 
00795 
01034 
00660 
00033 
00378 
01156 
01207 
00259
01038 
00656 
00918 
01203 
01213 
01143 
01236 
00431 
00632 
00930 
01039 
01192 
01177 
00464 
00214
01094 
00215
01228 
00164 
00594 
00877 
00954 
00244
00780 
01082 
00677 
00845 
00797 
01083 
01093 
01182 
01166 
00319
00927 
00310
00262
00558 
00620 
01229 
00639 
00903 
00833 
00088 
00806 
01147 
01077 
00138 
00045 
00328
00249
00399 
00718 
00593 
00783 
01230 
00996 
00345
01130 
00429 
01110 
00422 
00297
00272
00949 
00697 
00024 
00204
00184
00273
00421 
00698 
01009 
00112 
00241
00387 
01221 
01027 
01231 
01152 
01190 
00082 
00026 
00229
00212
00183
00650 
00859 
00793 
01007 
01191 
01060 
00082 
00044 
00032 
00086 
00354
00637 
00619 
00941 
00948 
00900 
00030 
00181
00630 
00696 
00769 
01124 
01075 
00276
00247
00514 
01196 
00250
00295
00611 
01049 
00224
00172
00369 
00472 
00907 
01065 
01232 
01035 
01223 
00042 
00349
00372 
00364 
00657 
00700 
00826 
01108 
00046 
00374 
01151 
00002 
00291
00213
00423 
01144 
01090 
00130 
00217
00340
00579 
00357 
00727 
00775 
00618 
00728 
00590 
00851 
00897 
00916 
01017 
01058 
00305
00587 
00629 
00673 
00800 
01047 
00054 
00162 
00153 
00050 
00017 
00131 
00330
00198
00285
00207
00434 
00560 
00456 
00412 
00666 
00600 
00935 
00871 
00882 
00825 
00228
00351
00688 
00913 
00919 
00001 
00113 
00251
00289
00282
00210
00182
00274
00361 
00462 
00419 
00770 
00764 
00883 
01025 
01114 
01024 
01057 
01048 
01214 
01129 
01032 
00341
00446 
00668 
00757 
00732 
00952 
00992 
01195 
01220 
00121 
00037 
00818 
00864 
00075 
00136 
00350
00476 
00557 
00385 
00379 
00468 
00406 
00760 
00773 
00801 
01235 
01028 
00071 
00978 
00193
00519 
00865 
00323
00195
00173
00445 
00607 
00695 
00945 
01070 
01033 
01239 
01131 
01046 
01116 
00152 
00103 
00135 
00343
00335
00216
00485 
00405 
00452 
00635 
00674 
00835 
00857 
01217 
00015 
00049 
00092 
00068 
00146 
00167 
00084 
00021 
00064 
00008 
00252
00227
00233
00292
00199
00169
00170
00396 
00420 
00670 
00687 
00659 
00752 
00832 
00934 
00888 
00937 
00889 
00942 
01095 
01226 
01052 
01012 
00995 
00015 
00315
00253
00368 
00719 
01105 
01043 
00072 
00005 
00090 
00254
00255
00283
00457 
00363 
00518 
00443 
00838 
00862 
00843 
01127 
01134 
01073 
00703 
00803 
00048 
00331
00194
00578 
00515 
00356 
00744 
00709 
00868 
00155 
00095 
00123 
00225
00286
