00633 
01206 
01196 
00856 
00497 
00150 
00201
00904 
01197 
00077 
00311
01064 
01209 
00356 
00218
00805 
00002 
01199 
01237 
00635 
00137 
00496 
00553 
00586 
00401 
00766 
00307
01161 
00850 
00956 
00466 
00441 
00754 
00140 
00151 
00187
01126 
00269
00715 
00585 
00572 
00310
00961 
00288
00702 
00852 
00302
00439 
01165 
00959 
00463 
00958 
00143 
00306
00647 
00710 
00122 
00584 
00901 
00003 
01005 
00051 
00969 
00367 
00767 
00265
00765 
00032 
00312
01185 
01121 
00124 
00535 
00437 
00454 
00190
01050 
00955 
00206
00885 
01029 
00749 
00726 
00308
00543 
00397 
00676 
01076 
00529 
00742 
00004 
00840 
00589 
00616 
00462 
00023 
00926 
00971 
00347
00144 
00281
01107 
00430 
00304
00747 
00960 
00055 
00055 
00620 
00394 
00383 
00738 
00680 
01132 
00411 
01099 
00541 
00268
00646 
00194
00374 
00867 
00685 
00564 
00755 
00196
00404 
00345
00528 
00536 
00139 
00554 
00515 
01198 
00953 
00622 
01204 
01148 
00520 
00606 
00425 
01144 
01142 
00968 
00022 
00565 
00548 
00534 
00674 
00486 
00320
00248
00107 
01027 
00602 
01175 
00798 
00313
01224 
01222 
00043 
00812 
00741 
00136 
00527 
00829 
01171 
00501 
00499 
00063 
01030 
00045 
00059 
00138 
00692 
00523 
01173 
00409 
00914 
00085 
00521 
01155 
00803 
00141 
00141 
00951 
01137 
00348
01106 
00336
00608 
01238 
00317
00573 
01010 
00905 
00219
00191
00011 
01231 
00737 
00574 
00371 
00400 
01230 
01170 
01188 
00748 
00693 
00841 
00102 
01223 
00575 
00256
01200 
00986 
00831 
00691 
00149 
00873 
01210 
01075 
00469 
00667 
00522 
00505 
00972 
00892 
00205
00526 
00246
01042 
00861 
00309
01178 
00658 
01139 
00853 
00479 
01202 
00887 
00978 
00259
00626 
00896 
00883 
00358 
00231
00154 
00083 
00172
00661 
00525 
01006 
00019 
01002 
00271
00459 
00223
01053 
01086 
00771 
01044 
00764 
00566 
00260
00189
00530 
00561 
00819 
01136 
00386 
01096 
00072 
00293
01055 
00576 
00236
00563 
00415 
00232
00707 
01007 
00322
00245
00324
00886 
00156 
00746 
00335
00653 
00147 
00418 
00568 
01125 
01014 
00126 
01201 
00617 
00989 
01000 
00845 
00390 
01149 
00121 
00947 
00655 
00229
00842 
00235
00614 
01068 
01004 
00065 
01108 
00835 
01167 
00375 
00786 
01056 
00632 
01038 
00936 
00648 
01156 
00895 
01211 
00243
00451 
00108 
00410 
00722 
00964 
00987 
00263
00160 
00583 
00851 
00610 
00725 
00890 
01062 
00631 
00532 
00875 
00705 
00643 
00675 
00013 
01117 
00119 
00552 
01205 
01046 
00332
00424 
00640 
00848 
00380 
00983 
00999 
01191 
00815 
00455 
00407 
01164
00301
00326
00224
00366 
00963 
00028 
00436 
00871 
01058 
01040 
00879 
00582 
01085 
00221
00222
00750 
01141 
00743 
00392 
00946 
00142 
00858 
00104 
00745 
00241
00148 
00981 
00567 
00284
00195
00828 
00067 
01236 
01124 
00054 
00412 
00975 
00044 
01130 
00506 
01021 
00884 
00180
00481 
01181 
01019 
00733 
00453 
01134 
00794 
00636 
00516 
00925 
00255
00669 
00162 
00050 
00935 
00185
00550 
00024 
00571 
00177
00998 
00688 
00166 
00524 
00125 
01066 
00458 
00977 
00030 
00619 
00319
00490 
00927 
00629 
00399 
00503 
00471 
00485 
00134 
00482 
00982 
00588 
00810 
00881 
01145 
00414 
00080 
00557 
00406 
00950 
00402 
01169 
01146 
00498 
00098 
00613 
01049 
00161 
00355
00689 
00559 
00242
00026 
00070 
00070 
00500 
00314
00106 
00690 
00624 
00857 
00460 
01016 
01043 
01028 
00164 
01059 
00929 
00604 
00018 
00176
01158 
00416 
00795 
00273
00995 
00109 
00560 
00666 
00825 
01118 
00778 
00178
00042 
00480 
00772 
00802 
00673 
00555 
00650 
00660 
00782 
01157 
00784 
01054 
00052 
00215
01143 
01216 
00007 
01051 
00342
00717 
00040 
00046 
00753 
00297
00769 
00902 
00570 
00909 
00391 
00651 
00623 
00369 
01104 
01180 
01100 
00071 
00625 
00854 
00305
00258
00942 
00967 
01101 
00791 
00228
00327
00928 
00449 
00100 
01119 
00709 
00033 
00988 
00325
00590 
00179
00508 
00388 
00732 
00250
00973 
00159 
00053 
00237
00569 
00736 
00605 
00683 
00598 
00931 
00863 
00211
00724 
00188
00118 
00645 
00037 
00776 
00818 
00811 
00230
00562 
00656 
00918 
00200
00487 
00672 
00923 
01111 
00266
00739 
00957 
00504 
00216
00238
00199
00740 
01103 
00578 
00346
00395 
00421 
01227 
01207 
00429 
00992 
01071 
01159 
01163 
00860 
00061 
00922 
00110 
00296
00556 
00408 
00601 
00591 
00874 
00855 
00431 
00639 
00473 
00577 
00464 
01135 
00214
01094 
00804 
00417 
01035 
01228 
01168 
00068 
01074 
01218 
00006 
01140 
01160 
01112 
00047 
00976 
00962 
00461 
00991 
00420 
00341
00952 
00279
00048 
00744 
00868 
00447 
00844 
01172 
00428 
00333
00758 
00830 
01091 
00489 
00965 
01039 
00870 
00290
01234 
00204
01081 
01203 
00287
00517 
00706 
00847 
00876 
00612 
00807 
00315
00912 
00173
00518 
00262
00558 
01229 
00337
00711 
00251
00644 
00074 
00062 
00062 
00096 
00170
00906 
00328
00249
00718 
00593 
00783 
00996 
00427 
00538 
00684 
01131 
00353
00865 
00113 
00210
01077 
00954 
00031 
00751 
00790 
00031 
00985 
00657 
00484 
00915 
00678 
00716 
01129 
00112 
00511 
00387 
01221 
00502 
00899 
01041 
00730 
01179 
01034 
00494 
00822 
01115 
01162 
01128 
00898 
00351
00357 
00086 
00303
00354
00637 
00941 
00948 
00900 
00442 
00276
00247
00514 
00174
00261
00785 
01067 
00695 
00181
00587 
00253
00763 
01110 
00089 
00731 
00596 
00438 
01003 
00169
00349
00372 
00364 
00668 
00295
00694 
00597 
00111 
00203
00209
00334
00291
00213
00423 
00435 
01090 
01120 
00993 
01078 
00615 
00153 
00017 
00131 
00330
00198
00285
00207
00434 
00456 
00701 
00600 
00882 
00944 
00254
00283
01127 
00208
00278
00370 
00864 
00101 
00075 
00133 
00350
00476 
00385 
00379 
00468 
00444 
00760 
00773 
00801 
01235 
00016 
00286
00768 
00105 
01174 
00403 
01105 
01026 
00152 
00103 
00135 
00056 
00343
00531 
00405 
00452 
01217 
01193 
00665 
00671 
00761 
00234
00849 
00492 
01219 
00039 
00662 
00038 
00540 
00628 
00796 
00809 
00984 
00275
00175
00495 
00331
00145 
00076 
00641 
00792 
01087 
00398 
00475 
00382 
00869 
00997 
01233 
00338
00378 
00814 
00060 
00069 
00120 
00202
00373 
00911 
01088 
01213 
00621 
01183 
00930 
01192 
01177 
00035 
00681 
01208 
01037 
00594 
00877 
00244
00816 
00920 
01020 
00780 
01082 
00677 
00797 
00878 
01083 
01093 
01182 
01166 
00078 
00094 
00300
00477 
00384 
00777 
01109 
00903 
00833 
00088 
00806 
01147 
00422 
00272
00949 
00697 
00184
00698 
01009 
00115 
00294
00507 
00821 
01152 
01190 
00082 
00212
00183
00859 
00793 
01060 
00082 
00630 
00696 
00813 
00611 
00163 
00472 
00907 
01065 
01232 
00091 
00714 
00994 
00352
00700 
00826 
01151 
00130 
00217
00340
00579 
00727 
00775 
00618 
00728 
00970 
00897 
00916 
01017 
01102 
00800 
01047 
00913 
00919 
00001 
00289
00282
00182
00274
00361 
00419 
00770 
01025 
01114 
01024 
01057 
01048 
01214 
01032 
00446 
00510 
00757 
01195 
01220 
00193
00519 
00323
00445 
00607 
00734 
00945 
01070 
01033 
01239 
01116 
00015 
