00860 
00987 
00726 
01171 
00501 
01218 
00986 
00975 
00989 
01148 
00552 
00498 
00926 
00511 
00465 
00767 
00386 
00265
00536 
01145 
00999 
00337
01091 
00731 
01234 
00441 
00912 
01039 
01185 
00394 
00242
00135 
00432 
00671 
00689 
01115 
01213 
00798 
00965 
00437 
01172 
00964 
00063 
00819 
00830 
01163 
01237 
00899 
01066 
00055 
00988 
00968 
00502 
00790 
00062 
01067 
00755 
00875 
00499 
01177 
01169 
00905 
00969 
01143 
01031 
00139 
00676 
01016 
00931 
01111 
01173 
00189
00497 
01190 
00563 
00745 
01197 
00559 
00243
00490 
00814 
00144 
00376 
00089 
00694 
00389 
00699 
00508 
00134 
00056 
00299
00943 
00911 
00415 
00990 
00516 
00262
00064 
00227
00106 
00505 
00377 
00081 
00373 
00821 
01229 
01038 
00162 
00153 
00330
00670 
00728 
00897 
01102 
01123 
00020 
00032 
00087 
00340
00024 
00481 
00599 
01131 
00350
00239
00406 
01087 
00224
00348
00182
00578 
00724 
00763 
01024 
01015 
00133 
01194 
01073 
01211 
00302
00614 
00195
00349
00176
00435 
00980 
00945 
01144 
00093 
00192
00194
01045 
00322
00690 
01096 
00050 
00080 
00017 
00237
00183
00244
00388 
00590 
00788 
00934 
00837 
00824 
01228 
01006 
00366 
00566 
01026 
00236
00469 
00647 
00140 
00589 
00794 
00211
00665 
00904 
00936 
00961 
00043 
00295
00279
00369 
00473 
00779 
00003 
00011 
00187
00439 
00525 
00971 
01167 
00368 
00922 
00985 
00166 
00254
00446 
00479 
00768 
00592 
00806 
01195 
01079 
01147 
01212 
01004 
00703 
01149 
00205
00535 
00562 
00771 
00856 
00039 
00561 
00425 
00691 
00685 
00662 
00957 
00853 
01019 
01142 
00013 
00218
00540 
00741 
00628 
00624 
00796 
00809 
00984 
01159 
01209 
01050 
00307
00004 
00495 
00401 
00766 
00946 
01155 
01165 
01238 
00260
00655 
00526 
00411 
00973 
00786 
00895 
01222 
00573 
00155 
00022 
00223
00241
00387 
00372 
00630 
00607 
00674 
00842 
01033 
01071 
01138 
01227 
01193 
00320
00646 
00765 
00658 
00959 
00960 
01201 
01170 
01044 
00038 
00059 
00336
00475 
00382 
00749 
00586 
00869 
00997 
00124 
00190
00466 
00380 
00358 
00754 
00625 
00680 
00807 
00831 
01002 
01106 
01107 
01206 
01136 
01200 
01160 
01135 
01233 
00278
00484 
00803 
00333
00550 
00892 
00151 
00033 
00074 
00306
00375 
00378 
00455 
00489 
00746 
00810 
01181 
01178 
01137 
01161 
00126 
00312
00175
00347
00574 
00572 
00564 
00867 
00840 
00901 
01205 
01014 
01156 
01207 
00141 
01005 
00148 
00206
00355
00568 
00398 
00496 
00571 
00494 
00758 
00602 
00693 
00852 
00962 
00950 
00956 
00914 
00815 
00822 
01175 
01203 
00998 
01162 
01128 
00001 
00163 
00331
00429 
00629 
00885 
00886 
00983 
00142 
00246
00248
00529 
00527 
00431 
00392 
00565 
00454 
00451 
00963 
00951 
00858 
00977 
00906 
01125 
01216 
01157 
00982 
00471 
00576 
00538 
00404 
00684 
00707 
00633 
00632 
00850 
00898 
00870 
00881 
00930 
01117 
01192 
01168 
00314
00530 
00748 
01120 
00018 
00137 
00553 
00993 
01202 
00143 
00150 
00122 
00313
00541 
00430 
00543 
00722 
00085 
00523 
00584 
00751 
00648 
00877 
00785 
00954 
01076 
00107 
00542 
00606 
00804 
01003 
00311
00235
00185
00397 
00427 
00567 
00532 
00738 
00730 
00845 
00812 
00797 
00944 
01083 
01139 
01093 
01179 
01158 
01182 
01040 
01166 
00031 
00083 
00147 
00297
00272
00520 
00534 
00585 
00740 
00597 
00949 
01146 
00052 
00269
00174
00438 
00697 
00705 
00878 
00915 
01164
01224 
00201
00424 
01204 
00301
00266
00436 
00596 
00610 
01049 
01210 
01042 
01151 
00208
00453 
00739 
00669 
00811 
01199 
01099 
01188 
00522 
00742 
00588 
00902 
