00914 
01012 
00206
00726 
01091 
00767 
00148 
01170 
00885 
00913 
00347
00910 
00931 
00754 
00926 
00969 
00155 
00155 
00842 
00031 
00031 
00559 
00011 
00614 
00912 
01034 
00629 
00980 
00587 
01234 
00736 
00733 
00659 
00037 
00739 
00265
00106 
00751 
00473 
00377 
01152 
01067 
01115 
01197 
00879 
01019 
00187
00589 
01173 
00322
00218
00711 
00001 
01111 
00988 
00887 
00606 
00490 
00211
00007 
00154 
00975 
01169 
00093 
00089 
00556 
00056 
00731 
00860 
00550 
01117 
00098 
01138 
01148 
00349
00160 
00138 
00582 
00782 
00961 
00959 
00822 
00243
00998 
00224
00552 
01167 
00358 
01162 
01107 
00320
01066 
00765 
00852 
00179
01172 
00693 
00815 
01218 
00124 
00355
00689 
00333
00260
01206 
00790 
00134 
00248
00886 
00836 
00219
00438 
01128 
01047 
01045 
00785 
00590 
00403 
00676 
00118 
00573 
00838 
01120 
00812 
00505 
00738 
01016 
00008 
00875 
00439 
00242
00555 
01112 
01199 
00354
00195
01033 
00192
00436 
01210 
00457 
00769 
01082 
01014 
01039 
01192 
00080 
00212
00459 
00083 
00585 
00018 
00302
00669 
00508 
00087 
00571 
00271
00307
00297
00745 
00346
00936 
00033 
00529 
00904 
00015 
00598 
00015 
00588 
00055 
00055 
00719 
01031 
00223
00175
00495 
00177
00366 
00006 
00204
00273
00697 
00964 
00987 
01216 
00534 
00469 
01035 
00164 
00415 
00159 
00205
00562 
00674 
00930 
00289
00480 
01214 
01158 
00394 
01050 
00386 
01096 
01005 
00110 
01073 
00732 
00903 
00411 
00140 
00794 
00771 
00685 
01078 
00547 
00655 
00385 
01159 
01163 
00761 
01165 
00063 
00840 
01156 
00778 
00283
00591 
00235
00003 
00971 
00999 
00647 
00530 
01135 
00004 
00742 
00217
00357 
00623 
00916 
00139 
01181 
01168 
00059 
00602 
00877 
00466 
01106 
00989 
00013 
00960 
00375 
00901 
00856 
00401 
00962 
00176
00323
00633 
00798 
01200 
00425 
00982 
00025 
01205 
00680 
00447 
00758 
00830 
00293
01223 
00722 
00455 
00489 
00965 
01161 
00870 
00422 
00535 
01237 
00064 
00222
00233
00420 
01056 
01052 
00995 
00541 
01171 
00766 
00946 
01155 
00286
00706 
00717 
00299
00943 
00911 
00190
00807 
01136 
00968 
01075 
00144 
00471 
00648 
01201 
00891 
01189 
01184 
00895 
01222 
00325
00336
00337
00301
00536 
00496 
00193
00865 
00141 
00141 
00460 
00151 
00074 
01137 
00062 
00062 
00749 
00441 
00454 
00858 
00906 
01125 
00244
00024 
00427 
01224 
00538 
00684 
00658 
01080 
00867 
00543 
01051 
00314
00568 
00418 
01215 
00437 
00246
00397 
00755 
00951 
00577 
00915 
01164
00276
00781 
00312
00572 
01070 
01131 
00465 
00502 
00899 
00150 
00705 
00730 
01179 
00527 
00451 
00963 
00305
00661 
00494 
01175 
00707 
00898 
00174
00462 
00622 
00844 
01048 
00147 
00523 
00370 
00956 
00392 
00565 
01157 
00230
00599 
01140 
00185
00787 
00143 
00313
01103 
00768 
01151 
00311
00499 
01040 
00667 
01098 
00748 
00137 
00563 
00085 
00584 
01076 
00463 
00922 
00694 
00597 
00430 
00905 
00846 
00825 
00993 
00955 
00890 
00986 
00052 
00189
00269
00497 
00944 
00452 
00077 
00234
00440 
00795 
00849 
00896 
00522 
01211 
00046 
00099 
00017 
00682 
00424 
00520 
01146 
00811 
00278
00643 
01188 
01042 
00690 
00133 
00820 
00821 
01079 
01099 
00566 
01026 
00236
01185 
00483 
00665 
00671 
00079 
00525 
00103 
00135 
00417 
00511 
00039 
00561 
00691 
00662 
00957 
00853 
01142 
00038 
00540 
00741 
00628 
00624 
00796 
00809 
00984 
01209 
00902 
01238 
00145 
00324
00470 
01027 
01231 
00526 
00973 
00786 
00171
00388 
00448 
00817 
01228 
01008 
01230 
00646 
00819 
01044 
00331
00627 
00716 
00985 
00398 
00475 
00382 
00586 
00869 
00997 
00380 
00625 
00831 
01002 
01160 
01233 
00892 
00306
00576 
00378 
00746 
00810 
00881 
01178 
01145 
00126 
00574 
00553 
00564 
01207 
01202 
00818 
00101 
00066 
00116 
00081 
00713 
00760 
00927 
01208 
01174 
01037 
01196 
01028 
00950 
01203 
01213 
01143 
00142 
00431 
00501 
00977 
00404 
00632 
00850 
01177 
00060 
00112 
00280
00635 
00524 
00594 
00122 
00201
01204 
00954 
00402 
00780 
00677 
00567 
00532 
00845 
00797 
00878 
01083 
01139 
01093 
01182 
01166 
00165 
00779 
00744 
00866 
00864 
01059 
00639 
00833 
01118 
00188
00088 
00332
00806 
01147 
01077 
00429 
01062 
01110 
00100 
01119 
00272
00740 
00949 
00804 
00184
00421 
00698 
00829 
01009 
00231
01190 
01081 
01104 
01180 
00082 
00051 
00026 
00229
00183
00650 
00859 
00784 
00793 
00972 
01007 
01191 
01060 
01054 
00082 
00030 
00023 
00181
00630 
00696 
00813 
01124 
00250
00295
00611 
00978 
01121 
00019 
00266
00596 
00610 
01049 
00163 
00317
00172
00458 
00369 
00288
00327
00472 
00479 
00928 
00907 
01065 
01068 
01232 
00042 
00238
00352
00461 
00372 
00364 
00657 
00737 
00700 
00826 
01108 
00119 
00166 
00130 
00340
00391 
00579 
00727 
00747 
00651 
00775 
00618 
00728 
00884 
00851 
00970 
00897 
00873 
01132 
01017 
01058 
01102 
00102 
00383 
00631 
00725 
00673 
00800 
00258
00521 
01000 
00228
00351
00604 
00688 
00919 
01071 
01227 
00208
00453 
00113 
00251
00326
00282
00210
00182
00274
00528 
00361 
00414 
00419 
00770 
00764 
00772 
00692 
00753 
00883 
00958 
00828 
00848 
00802 
01025 
01114 
01024 
01057 
01129 
01032 
00341
00284
00200
00446 
00487 
00554 
00510 
00672 
00715 
00668 
00757 
00583 
00923 
00952 
00992 
01195 
01220 
00268
00519 
00612 
00743 
00805 
01086 
00149 
00308
00290
00173
00445 
00607 
00734 
00640 
00695 
00945 
00967 
01101 
01239 
01046 
01116 
00981 
01074 
00049 
00053 
00092 
00068 
00146 
00167 
00084 
00021 
00156 
00027 
00107 
00096 
00316
00252
00221
00227
00237
00292
00199
00191
00169
00170
00396 
00569 
00390 
00409 
00478 
00542 
00750 
00626 
00670 
00687 
00636 
00605 
00675 
00752 
00683 
00832 
00929 
00934 
00888 
00937 
00889 
00942 
00863 
01141 
01126 
01095 
01226 
01010 
00125 
00043 
00061 
00065 
00315
00253
00178
00368 
00953 
00983 
01105 
01043 
00072 
00005 
00090 
00040 
00254
00255
00296
00245
00407 
00486 
00363 
00518 
00503 
00443 
00408 
00601 
00874 
00947 
00855 
00841 
00862 
00843 
01055 
01198 
01127 
01134 
01053 
00304
00367 
00703 
00803 
00925 
01085 
00095 
00022 
00108 
00123 
00161 
00225
00232
00287
00209
00196
00342
00517 
00410 
00467 
00539 
00548 
00546 
00506 
00442 
00482 
00371 
00432 
00616 
00762 
00847 
00876 
01041 
01030 
01021 
00259
00281
00263
00710 
01038 
00067 
00111 
00047 
00203
00348
00279
00261
00416 
00400 
00393 
00360 
00608 
00702 
00686 
00613 
00653 
00976 
01029 
00104 
00215
00575 
00484 
01149 
01003 
00660 
