01106 
01107 
00878 
01108 
01190 
00853 
00676 
00794 
00126 
00573 
00831 
00414 
00312
00603 
00269
01155 
01115 
00563 
00418 
00304
00157 
00715 
00896 
00296
00885 
00624 
00140 
00055 
00685 
00165 
00766 
00046 
00581 
00974 
00614 
00961 
00425 
00936 
00554 
00655 
01159 
00971 
01161 
00970 
00589 
00742 
00588 
00366 
00336
00662 
00754 
00625 
00401 
00765 
00187
01206 
00904 
00151 
00033 
00124 
00680 
00840 
00320
00236
00647 
01165 
00628 
01209 
00973 
00786 
00708 
00256
00468 
00992 
00561 
00957 
00999 
01019 
00003 
00011 
00525 
00819 
01002 
01148 
00246
00574 
00564 
01207 
00205
00535 
00856 
00646 
00658 
00375 
01181 
01178 
01137 
00059 
00749 
00830 
00985 
00523 
00530 
01239 
01218 
00143 
00150 
00122 
01237 
00411 
00969 
01173 
00190
00466 
01160 
01202 
00139 
00212
00413 
00565 
00471 
00576 
00404 
00633 
00632 
01039 
01169 
00018 
00892 
00144 
00206
00355
00496 
00689 
00758 
00693 
01175 
01203 
00998 
00867 
00901 
01014 
01156 
00726 
01200 
00499 
01171 
00306
00314
01016 
00276
00362 
00510 
00443 
01215 
00441 
00501 
00875 
01157 
00982 
00956 
00137 
00954 
01076 
00008 
00437 
00585 
00748 
00052 
00567 
01139 
00943 
00553 
00346
00631 
01092 
00235
00397 
00508 
00738 
00083 
00534 
01146 
00301
00596 
00905 
01210 
00201
00424 
01211 
00208
00453 
00811 
00522 
00302
00322
00386 
00690 
01096 
00804 
00566 
01026 
00469 
00987 
00988 
01185 
00211
00665 
00671 
00415 
00439 
00964 
01167 
00562 
00771 
00039 
00691 
01142 
00013 
00218
00265
00540 
00394 
00741 
00796 
00809 
00984 
01050 
00307
00004 
00495 
00946 
01238 
00260
00526 
00860 
00798 
00895 
01222 
00044 
00619 
00883 
00958 
00105 
00947 
00051 
00154 
00275
00420 
00972 
00002 
00854 
00063 
00959 
00960 
01172 
01201 
01170 
01044 
00038 
00337
00475 
00382 
00586 
00869 
00997 
01091 
01163 
00065 
00421 
00380 
00358 
00807 
01136 
01135 
01233 
00074 
00559 
00378 
00455 
00489 
00746 
00810 
00965 
01145 
00989 
00175
00347
00572 
00968 
01205 
00681 
01064 
01004 
01053 
00338
00173
00461 
00481 
00620 
00857 
01020 
00141 
01005 
00745 
00148 
00536 
00568 
00398 
00571 
00494 
00602 
00852 
00962 
00950 
00914 
00926 
00815 
00822 
01162 
01213 
01128 
00138 
00045 
00096 
00259
00170
00829 
00814 
01056 
00317
00142 
00248
00529 
00527 
00431 
00392 
00454 
00451 
00755 
00963 
00951 
00858 
00977 
00906 
01125 
01216 
00538 
00684 
00707 
00912 
00975 
00850 
00898 
00870 
00881 
00930 
01117 
01192 
01177 
01168 
00310
00308
00324
00442 
00621 
00640 
01183 
01120 
00113 
00035 
00204
00210
00613 
00160 
00231
00486 
00639 
00711 
01208 
01081 
01037 
01198 
01134 
01236 
01028 
00675 
00993 
00313
00243
00541 
00430 
00543 
00722 
01143 
00085 
00552 
00502 
00584 
00767 
00751 
00648 
00899 
00877 
00790 
00785 
01066 
00268
00311
00185
00427 
00532 
00731 
00730 
00845 
00812 
00797 
00944 
01083 
01093 
01179 
01158 
01182 
01040 
01166 
00106 
00194
00528 
00383 
00743 
00709 
00848 
00816 
00070 
00149 
00108 
00209
00351
00196
00410 
00548 
00657 
00688 
00695 
00791 
00920 
01124 
01030 
00119 
00078 
00109 
00094 
00032 
00300
00221
00229
00222
00233
00169
00388 
00367 
00477 
00560 
00390 
00399 
00384 
00357 
00750 
00606 
00666 
00777 
00747 
00851 
00929 
00873 
00825 
01141 
01109 
01132 
01126 
00991 
01007 
01230 
01111 
01058 
00062 
00031 
00147 
00089 
00297
00272
00520 
00694 
00740 
00597 
00949 
01067 
00986 
00189
00174
00438 
00497 
00697 
00705 
00915 
01164
01224 
01204 
01197 
00125 
00098 
00121 
00024 
00172
00400 
00578 
00462 
00463 
00587 
00629 
00868 
00886 
00983 
01029 
01043 
00115 
00133 
00254
00332
00288
00283
00294
00245
00407 
00490 
00516 
00570 
00668 
00583 
00909 
00821 
00927 
01196 
01077 
01127 
01191 
01068 
00071 
00266
00436 
00610 
01049 
01042 
01234 
01151 
00030 
00091 
00134 
00319
00255
00341
00335
00284
00216
00195
00180
00181
00349
00417 
00511 
00504 
00507 
00506 
00372 
00482 
00498 
00364 
00714 
00616 
00674 
01046 
01027 
00981 
00994 
01075 
01231 
01100 
01078 
00019 
00219
00215
00575 
00710 
00978 
00242
00739 
00669 
01199 
01099 
01188 
00102 
00037 
00345
00048 
00331
00234
00286
00295
00197
00458 
00416 
00356 
00608 
00678 
00702 
00776 
00716 
00617 
00635 
00622 
00719 
00744 
00653 
00795 
00818 
00849 
01130 
01105 
01021 
01110 
00660 
00902 
00077 
00104 
00281
00263
00521 
00667 
00803 
00955 
01038 
01149 
01121 
01000 
