00490 
00975 
00134 
00767 
01202 
01165 
00451 
00586 
00892 
01045 
00950 
00174
01172 
00968 
01120 
01148 
00299
00911 
00397 
00926 
00665 
01211 
00377 
00946 
00726 
00090 
00952 
01004 
00614 
00140 
00589 
00469 
00566 
01109 
00439 
00809 
01159 
00906 
00904 
00959 
00265
00994 
00205
00771 
00915 
00039 
00561 
00798 
00214
01162 
00964 
00475 
00869 
01185 
01151 
01167 
00038 
00337
00150 
00543 
00646 
00754 
01002 
01106 
01160 
00427 
00944 
01182 
01040 
01117 
00190
01041 
00180
00241
00423 
00786 
01031 
00982 
01206 
00526 
00969 
01115 
01234 
00689 
00815 
00931 
01111 
00307
00242
00606 
00574 
00949 
01149 
00655 
01014 
01156 
00314
00437 
01067 
00502 
00697 
00529 
01157 
00584 
00899 
00497 
00246
00653 
00527 
00392 
00565 
00532 
00484 
00643 
00722 
01143 
00141 
00956 
00243
01237 
01042 
01005 
00748 
00541 
00596 
00694 
00056 
00943 
01218 
00520 
01083 
00508 
00567 
00208
01099 
01197 
00862 
00791 
00774 
00106 
00505 
00465 
00516 
00064 
00546 
00558 
00700 
00821 
00372 
00084 
00449 
00588 
00448 
00736 
00699 
00814 
00683 
00158 
00326
00513 
00933 
00941 
01024 
01072 
01235 
01074 
00204
00480 
00642 
01047 
01214 
00581 
01081 
01212 
01073 
00958 
00302
00322
00652 
00386 
00690 
01096 
01038 
00069 
00517 
00945 
00163 
00368 
00155 
00081 
00308
00323
00349
00920 
00842 
01071 
00366 
01026 
00236
00647 
00987 
00025 
00277
00227
00264
00340
00390 
00384 
00413 
00756 
00846 
00817 
00888 
00824 
00873 
01219 
00055 
00794 
00988 
00211
00671 
00936 
00007 
00961 
00177
00092 
00020 
00045 
00050 
00087 
00096 
00388 
00701 
00861 
00897 
00827 
00793 
01008 
01003 
00003 
00011 
00187
00525 
00971 
00068 
00456 
00884 
00535 
00562 
00856 
01130 
01105 
00425 
00691 
00685 
00662 
00957 
00853 
00999 
01019 
01142 
00166 
00072 
00239
00231
00327
00293
00363 
00601 
00672 
01152 
01079 
01208 
01194 
01036 
01220 
01087 
01153 
00013 
00218
00540 
00394 
00741 
00628 
00624 
00796 
00984 
01209 
01050 
00004 
00495 
00401 
00766 
01155 
01238 
00024 
00295
00197
00778 
00629 
00719 
00613 
00885 
01110 
00260
00411 
00860 
00973 
00895 
01222 
00041 
00434 
00556 
00446 
00444 
00443 
00592 
00928 
00907 
01195 
01077 
01223 
01084 
00573 
00276
00350
00555 
00820 
01127 
00063 
00320
00765 
00658 
00819 
00960 
01201 
01170 
01044 
00059 
00336
00382 
00749 
00830 
00997 
01091 
01163 
00124 
00466 
00380 
00358 
00625 
00680 
00807 
00831 
01107 
01136 
01200 
01135 
01233 
00095 
00145 
00120 
00238
00352
00213
00482 
00630 
00616 
00835 
01239 
00990 
01217 
01180 
00511 
00504 
00422 
00452 
00980 
00913 
01183 
01090 
01075 
01078 
00151 
00033 
00074 
00306
00559 
00375 
00378 
00455 
00489 
00746 
00810 
00965 
01181 
01178 
01137 
01145 
01161 
00989 
00215
00126 
00312
00175
00347
00572 
00564 
00867 
00840 
00901 
01205 
01207 
01173 
00176
00258
00575 
00139 
00745 
00148 
00206
00355
00536 
00568 
00398 
00496 
00571 
00494 
00758 
00602 
00693 
00852 
00962 
00914 
00822 
01175 
01203 
00998 
01213 
01128 
00142 
00248
00441 
00431 
00501 
00454 
00755 
00963 
00875 
00951 
00858 
00977 
01125 
01216 
00165 
00067 
00121 
00047 
00048 
00315
00234
00193
00447 
00617 
00661 
00744 
00868 
00866 
00471 
00576 
00538 
00404 
00684 
00707 
00633 
00632 
00912 
00850 
00898 
00870 
00881 
00930 
01039 
01192 
01177 
01168 
01169 
00144 
00530 
00676 
01016 
00125 
00098 
00192
00194
00467 
00473 
00440 
00611 
00886 
00896 
01062 
01112 
00660 
00515 
00709 
00782 
01021 
01029 
00018 
00137 
00553 
00993 
00143 
00122 
00313
00430 
01171 
00085 
00523 
00552 
00751 
00648 
00877 
00790 
00785 
00954 
01076 
01066 
00311
00235
00185
00499 
00731 
00738 
00730 
00845 
00812 
00797 
01139 
01093 
01179 
01158 
01166 
00077 
00071 
00542 
00955 
00370 
00803 
01006 
00104 
00062 
00031 
00083 
00147 
00089 
00297
00272
00534 
00585 
00740 
00597 
01146 
00986 
00052 
00189
00269
00438 
00705 
00878 
01164
01224 
00201
00424 
01204 
00563 
00301
00266
00436 
00610 
00905 
01049 
01210 
00453 
00739 
00669 
00811 
01199 
01188 
00415 
00522 
00742 
00902 
