01201 
00926 
00106 
01237 
01222 
01096 
01031 
00104 
00297
00366 
01213 
00190
01211 
00299
00411 
00634 
00776 
00647 
00453 
01111 
01157 
01163 
00043 
00281
01178 
00236
00142 
00174
00811 
01156 
00485 
00975 
01194 
00645 
00858 
00553 
00505 
00559 
00969 
00004 
00961 
01155 
00380 
00898 
00819 
00083 
01185 
00746 
00583 
00767 
00118 
00519 
00913 
00243
00771 
01224 
00684 
00431 
00358 
00716 
00024 
00807 
00726 
00013 
00690 
00153 
00225
00557 
00633 
01105 
00703 
00074 
00812 
00931 
00464 
00215
00584 
00936 
00434 
00235
00766 
00180
00982 
01002 
00773 
00535 
00122 
00956 
00287
00540 
01083 
00315
00121 
00786 
00911 
00618 
00242
00597 
01086 
00495 
01005 
00451 
00566 
00436 
00370 
00570 
00892 
00610 
00534 
01119 
00342
00964 
01051 
00988 
00840 
00930 
01001 
00881 
00864 
00151 
00810 
00179
00266
00162 
00490 
00328
00072 
00748 
00959 
00442 
00365 
00896 
00874 
00475 
00382 
00971 
01200 
00120 
01148 
00375 
00548 
00589 
00062 
00062 
00260
00587 
00678 
00914 
00768 
00563 
00765 
00679 
00134 
00056 
00877 
01097 
00014 
00967 
00670 
00172
00901 
00018 
00139 
00895 
00614 
01162 
00377 
00125 
00671 
00508 
01173 
00217
00749 
00960 
01059 
00989 
01103 
00491 
00646 
01216 
01202 
00997 
00437 
00630 
01144 
00367 
00218
00986 
00199
00248
00424 
00279
01166 
00529 
00449 
01034 
00822 
00144 
00691 
00596 
00264
00477 
00407 
00488 
00651 
00947 
01146 
00541 
00185
00089 
00740 
00360 
00325
00866 
00001 
00192
00631 
00673 
00467 
00067 
00650 
01177 
00758 
01207 
00307
00522 
00133 
00066 
01136 
01107 
00237
00921 
00308
00386 
00968 
00987 
00506 
00244
00973 
00665 
00693 
00692 
00884 
01035 
00052 
00944 
01044 
00739 
00831 
00322
00323
00213
00425 
00383 
00809 
01076 
00275
00593 
00871 
00996 
00572 
01205 
01068 
00514 
00509 
00228
00994 
00258
00955 
00454 
00246
00875 
00337
00073 
00183
00003 
00343
00432 
01183 
01159 
00332
00655 
00835 
00201
00725 
00143 
00852 
01019 
00341
00245
00927 
01084 
00794 
00011 
00525 
00306
00738 
00680 
01221 
00205
00102 
00119 
00285
00399 
01219 
01007 
00588 
00576 
01161 
01160 
00622 
01110 
00401 
00946 
01238 
01066 
00385 
00141 
00141 
00731 
00059 
01203 
00998 
00808 
00320
00870 
01117 
00238
01074 
00543 
00925 
01014 
00608 
01040 
00025 
00381 
01016 
00466 
00625 
00653 
00355
00571 
00369 
00569 
00813 
01231 
00550 
01206 
00430 
00115 
00923 
01065 
01134 
00085 
00790 
00951 
01170 
00707 
01169 
00232
00441 
00314
00147 
00785 
00007 
00009 
00009 
00070 
00070 
00417 
00887 
00800 
00815 
00803 
00397 
00392 
00126 
00347
00694 
00189
00915 
00567 
00247
00943 
01218 
00077 
00346
00374 
00429 
01080 
01120 
01139 
00607 
00706 
00791 
00854 
01030 
00755 
00473 
01048 
00203
00842 
01101 
00438 
01099 
00585 
00949 
00745 
00348
00719 
00676 
00150 
00301
00905 
01188 
00197
00272
01067 
00186
00390 
00721 
00752 
00970 
00783 
00008 
00465 
00433 
00763 
00993 
00016 
00274
00273
00603 
01025 
00254
00672 
00400 
00778 
00953 
01197 
00208
00532 
00421 
00816 
00667 
00821 
01235 
00304
00902 
00111 
00226
00117 
00503 
00510 
00715 
00855 
00334
00045 
00252
00666 
00891 
00935 
00889 
00049 
00027 
00096 
00198
00413 
01141 
01109 
00268
00351
00539 
00616 
00710 
00742 
00220
00296
00760 
01079 
01208 
01232 
00302
00904 
00250
00652 
01082 
01033 
00030 
00091 
00517 
00504 
00498 
00717 
00685 
01026 
00469 
00055 
00140 
00055 
00211
00873 
00035 
01072 
00271
00187
00439 
01167 
00562 
00856 
01071 
00039 
00561 
00662 
00957 
00853 
00999 
01142 
00038 
00265
00394 
00741 
00628 
00624 
00796 
00984 
01209 
01050 
00219
00210
00184
00924 
00615 
00849 
00175
01165 
00046 
00317
00779 
00612 
00709 
00818 
00338
00461 
00526 
00860 
00798 
00573 
00063 
00658 
01172 
00336
00398 
00586 
00602 
00869 
00830 
01091 
00124 
00754 
01106 
01135 
01233 
00277
00727 
00859 
00846 
00897 
00888 
00825 
00814 
00677 
00103 
00176
00546 
00696 
01075 
01078 
00737 
00664 
01140 
00033 
00378 
00455 
00489 
00965 
01181 
01137 
01168 
01145 
00312
00574 
00564 
00867 
00113 
00321
00577 
00356 
00609 
00637 
00829 
01186 
00041 
00015 
00094 
00050 
00087 
00080 
00222
00396 
00478 
00459 
00474 
00687 
00777 
00774 
00699 
00682 
00600 
00598 
00910 
00882 
00942 
00863 
01010 
01118 
01012 
00015 
00041 
00978 
00331
00629 
00090 
00136 
00097 
00200
00732 
00704 
00838 
01053 
00148 
00206
00536 
00568 
00496 
00494 
00689 
00722 
00962 
00950 
01115 
01175 
01143 
01128 
00527 
00501 
00565 
00963 
00977 
00906 
01125 
00471 
00538 
00404 
00632 
00648 
00912 
00850 
01039 
01192 
00530 
00305
00178
00879 
00983 
00253
00393 
01129 
00076 
00294
00267
00556 
00472 
00379 
00952 
01081 
01104 
01215 
01236 
01028 
00152 
00022 
00195
00714 
00635 
01020 
00660 
00095 
00335
00280
00450 
00533 
00945 
00990 
00137 
00020 
00051 
00107 
00191
00448 
00736 
00683 
00929 
00827 
01126 
01230 
01153 
00313
01204 
01171 
00031 
00523 
00552 
00502 
00751 
00899 
00954 
00031 
00159 
00002 
00100 
00069 
00135 
00209
00291
00216
00349
00445 
00511 
00674 
00769 
00980 
01124 
01138 
01045 
01098 
00311
00499 
00427 
00705 
00730 
00845 
00797 
00878 
01093 
01179 
01158 
01182 
00234
00462 
00795 
00848 
00865 
00110 
00160 
00293
00406 
00592 
00711 
00928 
00806 
00862 
01174 
01064 
01180 
00333
00521 
01006 
00098 
00440 
00414 
00483 
00686 
00617 
00661 
00885 
00886 
01130 
00520 
00269
00497 
00697 
01164
00006 
00047 
00345
00224
00753 
00922 
00976 
00782 
00108 
00256
00352
00177
00470 
00460 
00734 
00695 
00847 
00876 
01239 
01021 
00259
01049 
01210 
01042 
01234 
00263
01149 
01151 
00065 
00048 
00194
00528 
00463 
00613 
00805 
00917 
01062 
01043 
00542 
00804 
00669 
01199 
00019 
00071 
00278
00606 
00643 
01085 
01003 
00415 
