00969 
00502 
00754 
00196
00511 
00685 
00501 
00437 
00605 
00370 
00570 
01173 
00322
00140 
00912 
01170 
00614 
00383 
00265
01019 
01079 
00538 
01181 
00590 
00680 
00325
00589 
00124 
00125 
00160 
00980 
00031 
00031 
00960 
00555 
00441 
00733 
00271
00761 
00741 
00769 
00001 
00135 
00430 
00195
01200 
00562 
00080 
01197 
01192 
00432 
00439 
00007 
00505 
00224
00006 
00490 
00418 
00025 
00011 
00177
00765 
00794 
00159 
00297
00481 
00748 
01078 
01222 
00176
01234 
00494 
00172
01067 
00778 
00248
00392 
00926 
00693 
00187
00179
00497 
01135 
00568 
01092 
00447 
00401 
00066 
01091 
00484 
00148 
00098 
00434 
00646 
00046 
00017 
00333
00686 
01169 
00625 
00856 
00731 
00860 
00914 
00052 
01201 
00206
00246
00745 
00822 
00243
00572 
00624 
00552 
00767 
00358 
00601 
01185 
00508 
00553 
00142 
00283
00343
00504 
00726 
00875 
00056 
00417 
01160 
01120 
01021 
00850 
00881 
00970 
00736 
00126 
01156 
01121 
00563 
00632 
01111 
00757 
00992 
01112 
00391 
00457 
00973 
01039 
00655 
00212
00459 
00252
00292
00832 
00937 
01141 
01226 
00302
00928 
00840 
00571 
00307
00445 
00715 
00134 
00346
00936 
00904 
00015 
00598 
00015 
00055 
00055 
00223
00711 
00254
01149 
00366 
00122 
00964 
00987 
00988 
01216 
00453 
00710 
00469 
00218
00211
00429 
00205
00050 
00827 
00394 
01050 
00386 
01096 
01005 
00110 
00556 
01073 
00959 
00411 
00771 
00163 
00913 
00887 
00286
00548 
00371 
00847 
00961 
00102 
00305
01159 
01163 
01165 
00347
00063 
00003 
00971 
00999 
00326
00622 
00647 
00842 
00004 
01236 
00320
00473 
00998 
00139 
01168 
00059 
00602 
00466 
01106 
00989 
00013 
01167 
00260
00901 
00962 
00633 
01206 
00798 
00425 
00719 
00019 
00982 
00606 
01205 
01172 
01107 
00758 
00830 
00722 
00455 
00489 
00965 
01161 
00870 
00535 
00879 
00067 
00608 
00702 
00278
00541 
01171 
00766 
00946 
01155 
00852 
00190
00807 
01136 
00968 
00144 
00471 
00648 
00891 
00895 
00550 
00336
00337
00536 
00496 
00815 
00141 
00141 
00151 
00074 
01137 
00062 
00062 
00749 
00676 
00118 
00454 
00858 
00906 
01125 
00427 
01224 
00684 
01117 
00658 
01080 
00867 
00543 
00573 
00314
00925 
00355
00689 
00219
00751 
00790 
00872 
00935 
00397 
00755 
00951 
00812 
00915 
01164
01016 
00008 
00312
00723 
00899 
00150 
00705 
00730 
01179 
00527 
00451 
00963 
01115 
01175 
01162 
01128 
00707 
00898 
00559 
00174
00147 
00523 
00785 
01066 
00956 
00565 
01157 
00185
00787 
00143 
00313
00768 
00165 
00089 
00581 
00311
00499 
01040 
00438 
00137 
00242
00085 
00584 
01076 
00738 
00694 
00597 
00264
00654 
00905 
00018 
00993 
00152 
00202
00986 
00189
00269
00944 
00452 
00423 
01211 
00081 
00444 
00801 
00099 
00403 
00682 
00910 
00424 
00083 
00520 
00585 
01146 
00669 
00811 
00588 
00436 
01188 
01210 
01042 
00345
00048 
00690 
00133 
00820 
00821 
01099 
00060 
00197
00509 
00498 
00566 
01026 
00236
00415 
00665 
00671 
01199 
00525 
00103 
00039 
00561 
00691 
00662 
00957 
00853 
01142 
00038 
00540 
00628 
00796 
00809 
00984 
01209 
00902 
00175
00495 
01238 
00526 
00786 
00819 
01044 
00037 
00331
00627 
00716 
00985 
00398 
00475 
00382 
00586 
00869 
00997 
00380 
00831 
01148 
01002 
01233 
00742 
00892 
00033 
00306
00375 
00576 
00378 
00746 
00810 
01178 
01145 
00574 
00564 
01014 
01207 
01202 
00950 
01203 
01213 
01143 
00529 
00431 
00977 
00404 
00975 
00930 
01177 
00530 
00164 
00524 
00594 
00201
01237 
01204 
00534 
00877 
00954 
00244
00402 
00780 
01082 
00677 
00235
00567 
00532 
00845 
00797 
00878 
01083 
01139 
01093 
01158 
01182 
01166 
00639 
00903 
00833 
01118 
00188
00088 
00332
00806 
01147 
01077 
01062 
01110 
00100 
00422 
01119 
00272
00740 
00949 
00697 
00804 
00024 
00204
00184
00273
00421 
00698 
00829 
01009 
00231
01152 
01190 
01081 
01104 
01180 
00082 
00051 
00026 
00229
00183
00650 
00859 
00784 
00793 
00972 
01007 
01191 
01060 
01054 
00082 
00030 
00023 
00181
00630 
00696 
00813 
01124 
01075 
00250
00295
00611 
00301
00266
00596 
00739 
00610 
01049 
00317
00458 
00369 
00577 
00288
00327
00293
00472 
00479 
00907 
01065 
01068 
01232 
01035 
01223 
00042 
00238
00352
00349
00461 
00372 
00364 
00460 
00657 
00737 
00700 
00826 
01108 
01151 
00119 
00166 
00130 
00217
00340
00579 
00357 
00727 
00747 
00651 
00667 
00775 
00618 
00728 
00623 
00884 
00851 
00897 
00916 
00873 
01132 
01017 
01058 
01102 
00631 
00725 
00587 
00629 
00661 
00673 
00800 
01047 
00258
00521 
01000 
00228
00351
00604 
00688 
00919 
01071 
01227 
00208
00113 
00251
00289
00282
00210
00182
00274
00528 
00361 
00414 
00480 
00462 
00419 
00770 
00764 
00772 
00692 
00753 
00883 
00844 
00958 
00828 
00848 
00802 
01025 
01114 
01024 
01057 
01048 
01214 
01129 
01032 
00341
00284
00200
00446 
00487 
00554 
00582 
00510 
00672 
00668 
00732 
00583 
00923 
00952 
01195 
01220 
00268
00890 
00193
00519 
00612 
00743 
00885 
00805 
00865 
00782 
01086 
01103 
00149 
00308
00323
00290
00173
00607 
00734 
00640 
00695 
00945 
00967 
01101 
01070 
01033 
01239 
01131 
01046 
01116 
00981 
01074 
01218 
00522 
00049 
00053 
00092 
00068 
00146 
00167 
00084 
00021 
00156 
00064 
00027 
00107 
00154 
00096 
00316
00221
00227
00222
00237
00233
00199
00191
00169
00170
00396 
00569 
00390 
00409 
00478 
00420 
00542 
00750 
00626 
00670 
00687 
00636 
00675 
00659 
00752 
00683 
00929 
00934 
00836 
00888 
00889 
00942 
00931 
00863 
01056 
01126 
01095 
01010 
01052 
01012 
00995 
00106 
00043 
00061 
00065 
00315
00253
00178
00368 
00463 
00953 
00922 
00886 
00983 
01105 
01051 
01043 
00072 
00005 
00090 
00040 
00255
00296
00245
00407 
00486 
00363 
00518 
00503 
00443 
00408 
00591 
00874 
00947 
00855 
00841 
00838 
00862 
00843 
01055 
01198 
01127 
01215 
01134 
01053 
00304
00367 
00703 
00803 
01085 
00155 
00095 
00022 
00108 
00123 
00161 
00225
00232
00230
00287
00209
00342
00517 
00410 
00467 
00539 
00546 
00506 
00442 
00482 
00599 
00706 
00616 
00717 
00762 
00876 
01140 
01041 
01030 
01138 
00155 
00259
00281
00263
00643 
01038 
00093 
00077 
00111 
00047 
00234
00203
00348
00279
00261
00377 
00416 
00400 
00440 
00393 
00360 
00613 
00653 
00795 
00976 
00849 
00896 
01034 
01029 
00104 
00215
00575 
00955 
01003 
00660 
