00871 
00671 
00881 
00104 
01144 
00610 
00392 
00567 
00365 
00968 
00343
00299
00665 
00926 
00892 
00975 
00248
01148 
01096 
00767 
01091 
00782 
00901 
00988 
00726 
00614 
00771 
00722 
00589 
00469 
00451 
00790 
00822 
00439 
00480 
01156 
00328
00265
01210 
00205
00039 
00561 
01167 
00646 
00307
01149 
01031 
00982 
00738 
01005 
00874 
00042 
00931 
01111 
00247
00514 
00880 
00212
01120 
01202 
00174
00497 
00527 
00565 
00490 
00113 
00855 
01208 
00120 
00541 
00134 
00056 
00943 
00911 
01218 
00510 
00520 
01034 
00664 
01116 
00866 
00167 
00934 
00888 
00889 
00106 
00505 
00377 
00465 
00264
01086 
00503 
00645 
01194 
00588 
00342
00442 
00842 
01098 
00683 
01211 
00163 
00369 
00753 
00958 
01112 
00302
00904 
00322
00386 
00690 
00627 
00366 
00566 
00685 
01026 
00236
00647 
00987 
00055 
00140 
00794 
01185 
00055 
00007 
00211
00936 
00961 
00177
01200 
00003 
00011 
00187
00525 
00964 
00971 
00068 
00281
00268
00456 
00884 
00535 
00562 
00856 
00425 
00691 
00662 
00957 
00853 
00999 
01019 
01142 
00038 
00013 
00218
00540 
00394 
00741 
00628 
00624 
00796 
00809 
00984 
01159 
01209 
01050 
01163 
00004 
00175
00495 
00401 
00766 
00946 
01155 
01165 
01238 
00260
00655 
00139 
00526 
00411 
00860 
00973 
00969 
00798 
00786 
00895 
01222 
00276
00350
00214
00555 
00820 
01127 
00573 
00063 
00320
00765 
00658 
00959 
00819 
00960 
01172 
01201 
01170 
01044 
00059 
00336
00337
00398 
00475 
00382 
00749 
00758 
00586 
00602 
00869 
00830 
00997 
00124 
00190
00466 
00380 
00358 
00754 
00625 
00680 
00807 
00831 
01002 
01106 
01107 
01206 
01136 
01160 
01135 
01233 
00151 
00033 
00074 
00306
00559 
00375 
00576 
00378 
00455 
00489 
00746 
00810 
00965 
01181 
01178 
01137 
01168 
01145 
01161 
00989 
00126 
00312
00347
00574 
00553 
00572 
00564 
00867 
00840 
01205 
01014 
01207 
01173 
00176
01045 
01021 
00141 
00141 
00745 
00148 
00206
00355
00536 
00568 
00496 
00571 
00494 
00689 
00693 
00852 
00962 
00950 
00956 
00914 
00815 
01115 
01175 
01203 
00998 
01162 
01213 
01143 
01128 
00142 
00246
00397 
00529 
00441 
00431 
00501 
00454 
00755 
00963 
00875 
00951 
00858 
00977 
00906 
01125 
01216 
01157 
00471 
00538 
00404 
00684 
00707 
00633 
00632 
00648 
00912 
00850 
00898 
00870 
00930 
01039 
01117 
01192 
01177 
01169 
00144 
00314
00530 
00676 
00748 
01016 
00515 
00709 
01029 
00018 
00137 
00993 
00143 
00150 
00122 
00313
00201
00243
00430 
00543 
01237 
01204 
01171 
00031 
00085 
00147 
00437 
00523 
00534 
00552 
00502 
00584 
00751 
00899 
00877 
00785 
00954 
01076 
01066 
00031 
00311
00235
00185
00499 
00427 
00508 
00532 
00731 
00705 
00730 
00845 
00812 
00797 
00878 
01083 
01139 
01093 
01179 
01158 
01182 
01040 
01224 
01166 
01197 
00062 
00083 
00089 
00297
00272
00585 
00694 
00740 
00597 
00949 
01146 
01067 
00986 
00062 
00052 
00189
00269
00438 
00697 
00944 
00915 
01164
00424 
00563 
00301
00266
00436 
00596 
00739 
00905 
01049 
01188 
01042 
01234 
01151 
00208
00242
00453 
00669 
00811 
01199 
01099 
00415 
00522 
00742 
00902 
