00751 
00757 
00140 
00539 
01185 
00568 
00006 
00135 
00044 
00562 
00416 
00538 
00765 
00924 
00426 
00958 
00397 
00691 
00118 
01175 
00383 
00144 
01238 
01222 
00571 
00436 
00418 
00693 
00624 
01237 
00124 
00435 
00312
00960 
00655 
00895 
00622 
00798 
01200 
00766 
00430 
00287
00125 
00150 
00224
00230
00263
00710 
00453 
00992 
00971 
00753 
00393 
00794 
00388 
01201 
00020 
00437 
01188 
01120 
01135 
00501 
00211
00563 
00570 
00964 
00969 
00143 
00608 
00386 
00392 
00059 
00414 
00856 
00055 
00055 
00961 
00173
00490 
00502 
00425 
00754 
00269
00325
01157 
00711 
01140 
00441 
00625 
00707 
00174
00496 
00867 
00860 
00313
00206
00190
00594 
00954 
00148 
01128 
00809 
00142 
00605 
00165 
01206 
00811 
00066 
01125 
00973 
00951 
01067 
00676 
00667 
01121 
00236
00495 
00840 
00977 
00504 
00154 
00621 
01085 
00980 
00850 
00629 
00553 
00643 
00023 
00204
00316
00199
01126 
00970 
00567 
00378 
01178 
01146 
00748 
01130 
00613 
00210
01057 
00235
00738 
00706 
00398 
00561 
01142 
00169
01110 
00576 
01145 
00270
00524 
00509 
00588 
00843 
01073 
00525 
00742 
00930 
00458 
00364 
00831 
01007 
00804 
00614 
00357 
00623 
00745 
00841 
01058 
01148 
00302
01029 
00697 
01141 
01180 
00360 
00195
00445 
00167 
01202 
00317
01156 
00936 
00873 
01102 
00646 
00007 
00904 
00196
00715 
00529 
00172
00583 
00366 
00564 
00589 
00575 
00548 
01030 
00987 
00067 
00400 
00750 
00832 
01095 
00988 
00322
00370 
00030 
00181
01075 
01105 
00469 
00218
00253
00122 
00556 
00874 
01127 
00011 
00187
00460 
00205
00394 
01050 
01096 
00306
01005 
00743 
00959 
00201
00297
00411 
00024 
00771 
00685 
00842 
00106 
01046 
00098 
00265
01159 
01163 
01165 
00347
00063 
00003 
00999 
01019 
00647 
00976 
00004 
00209
00482 
00371 
00320
00998 
00139 
01181 
01168 
00602 
01048 
00466 
01106 
00989 
00013 
00511 
00251
00844 
01167 
00260
00901 
01173 
00401 
00962 
00633 
01038 
00982 
00519 
00358 
01205 
01172 
00680 
01107 
00046 
00758 
00830 
00926 
01091 
00722 
00455 
00489 
00965 
01161 
00108 
00442 
00870 
00535 
00368 
01051 
01043 
00278
00541 
01171 
00946 
01155 
00852 
00914 
00807 
01136 
00968 
00041 
00041 
00471 
00648 
00912 
01170 
00792 
00336
00337
00243
00536 
00815 
00141 
00141 
00111 
00896 
00151 
00074 
01137 
00062 
00062 
00749 
00953 
00454 
00858 
00906 
00268
00726 
00300
00427 
01224 
00684 
01117 
01169 
00658 
00543 
00573 
00314
00355
00689 
00031 
00790 
00031 
00246
00755 
00812 
00107 
00194
00915 
01164
01016 
00572 
00434 
00723 
00899 
00705 
00730 
01179 
00527 
00451 
00963 
00494 
00822 
01115 
01162 
00898 
00559 
00032 
01072 
01063 
00788 
01230 
00789 
01133 
00147 
00523 
00552 
00767 
00785 
01066 
00925 
00956 
00248
00565 
00215
00185
00089 
00581 
00311
00499 
00731 
01040 
00438 
00137 
00309
00242
00085 
00584 
01076 
00592 
00694 
00597 
00121 
00905 
00018 
00993 
00256
00508 
00986 
00449 
00872 
00921 
00814 
00052 
00189
00497 
00944 
00935 
01189 
00343
00423 
01211 
00481 
01231 
00424 
01197 
00083 
00520 
00585 
00669 
00045 
00399 
00861 
00918 
00105 
00117 
00276
00781 
01079 
00374 
00985 
00101 
01212 
01210 
01042 
00690 
01099 
00257
00214
00444 
00909 
00307
00566 
01026 
00415 
00665 
00671 
00034 
00943 
01221 
01217 
01199 
00439 
00039 
00662 
00957 
00853 
00038 
00540 
00741 
00628 
00796 
00984 
01209 
00310
00531 
00498 
00902 
00175
00526 
00786 
00192
00615 
00617 
00868 
00866 
00819 
01044 
00475 
00382 
00586 
00869 
00997 
00380 
01002 
01160 
01233 
00892 
00652 
00033 
00375 
00746 
00810 
00881 
00126 
00574 
01014 
01207 
00978 
00950 
01203 
01213 
01143 
00014 
00431 
00875 
01216 
00404 
00632 
00975 
01039 
01192 
01177 
00530 
00164 
01204 
00534 
00877 
00244
00402 
00177
00780 
01082 
00677 
00532 
00845 
00797 
00878 
01083 
01139 
01093 
01158 
01182 
01166 
00639 
00903 
00833 
01118 
00188
00088 
00332
00271
00806 
01147 
01077 
00429 
01062 
01112 
00100 
00422 
01119 
00272
00740 
00949 
00184
00273
00346
00421 
00778 
00698 
00829 
01009 
00231
01152 
01190 
01081 
01104 
00082 
00051 
00026 
00080 
00229
00212
00183
00459 
00650 
00859 
00784 
00793 
00972 
01111 
01191 
01060 
01054 
00082 
00159 
00630 
00696 
00769 
00813 
01124 
00250
00295
00611 
00019 
00301
00266
00596 
00739 
00610 
01049 
01234 
00163 
00369 
00473 
00577 
00160 
00223
00288
00327
00293
00472 
00479 
00928 
00907 
01065 
01068 
01232 
01035 
01223 
00042 
00238
00352
00349
00550 
00461 
00372 
00657 
00737 
00700 
00826 
01108 
01151 
00119 
00166 
00130 
00217
00340
00391 
00579 
00727 
00747 
00651 
00775 
00618 
00728 
00590 
00884 
00851 
00897 
00916 
01132 
01017 
00102 
00305
00179
00631 
00725 
00587 
00661 
00673 
00800 
01047 
00258
00521 
01000 
00228
00351
00604 
00688 
00913 
00919 
00887 
01071 
01227 
01078 
00208
00001 
00113 
00326
00289
00282
00182
00274
00528 
00447 
00361 
00480 
00462 
00419 
00770 
00764 
00772 
00692 
00883 
00828 
00848 
00802 
01025 
01114 
01024 
01214 
01129 
01032 
00341
00284
00200
00446 
00487 
00554 
00582 
00555 
00510 
00672 
00668 
00732 
00923 
00952 
01195 
01220 
00219
00890 
00193
00612 
00885 
00805 
00865 
00879 
00782 
01086 
01103 
00149 
00308
00323
00290
00607 
00734 
00640 
00695 
00945 
00967 
01101 
01070 
01033 
01239 
01131 
01116 
00981 
01074 
01218 
00522 
00015 
00049 
00053 
00092 
00068 
00146 
00084 
00021 
00156 
00064 
00027 
00008 
00096 
00252
00221
00333
00227
00222
00237
00233
00292
00191
00170
00396 
00569 
00390 
00409 
00478 
00420 
00542 
00736 
00626 
00670 
00687 
00636 
00675 
00659 
00752 
00733 
00683 
00598 
00929 
00934 
00836 
00888 
00937 
00889 
00942 
00931 
00863 
01056 
01226 
01010 
01052 
01012 
00995 
00015 
00043 
00061 
00065 
00315
00178
00505 
00463 
00719 
00922 
00886 
00983 
00110 
00072 
00005 
00090 
00040 
00254
00255
00283
00296
00245
00407 
00486 
00457 
00363 
00518 
00503 
00443 
00408 
00601 
00591 
00947 
00855 
00838 
00862 
01055 
01198 
01215 
01134 
01053 
00304
00367 
00703 
00606 
00803 
00155 
00095 
00022 
00123 
00134 
00161 
00225
00232
00286
00176
00342
00517 
00410 
00467 
00546 
00506 
00432 
00599 
00616 
00717 
00762 
00847 
00876 
01041 
01138 
01021 
00155 
00259
00281
00093 
00077 
00047 
00234
00203
00348
00279
00261
00377 
00440 
00702 
00686 
00653 
00795 
00849 
01034 
00104 
00484 
00955 
01149 
01003 
00660 
