01111 
00931 
00767 
01113 
00630 
00648 
01031 
00160 
00479 
00810 
00959 
00781 
01128 
00911 
00490 
01005 
00352
01101 
00585 
00703 
00487 
00768 
01019 
01232 
00997 
01035 
00811 
00291
01119 
00673 
00926 
00473 
01148 
01218 
00348
00620 
00351
00842 
00229
00185
00377 
01007 
01014 
01170 
00489 
00804 
00113 
00948 
00897 
00106 
00505 
00465 
00492 
00411 
00814 
00268
00631 
00164 
00547 
00422 
00698 
00718 
01040 
00726 
00901 
00133 
00759 
01204 
00915 
00946 
00037 
00969 
01227 
00012 
00557 
00924 
00499 
00413 
00412 
00979 
00770 
01147 
00812 
00552 
00725 
00782 
00474 
00075 
00145 
00228
00323
00364 
00460 
00689 
00695 
00813 
00887 
01173 
00267
00556 
00518 
01001 
00975 
00912 
00024 
00248
00848 
00205
00713 
00928 
01064 
00068 
00050 
00614 
00808 
01219 
00798 
01206 
00058 
00324
00607 
00717 
00664 
00945 
01136 
00134 
00056 
00299
00943 
01106 
00383 
00963 
00816 
00358 
00606 
00849 
00150 
00261
00722 
00968 
00063 
00272
00611 
00550 
00052 
00269
00425 
00362 
00382 
00632 
01028 
00263
00095 
00495 
00714 
01135 
00163 
00370 
00416 
00661 
01103 
00111 
00501 
01140 
01216 
00104 
00772 
00258
00643 
00187
00507 
00508 
00270
00483 
01130 
01129 
00235
00042 
00314
00219
01083 
00086 
00006 
00279
00346
00520 
00629 
00613 
00896 
01048 
01029 
00015 
00212
01022 
00916 
00678 
00677 
00019 
00454 
00900 
01009 
00956 
00097 
01036 
00999 
00488 
00018 
00902 
00890 
01121 
00181
00380 
00920 
00156 
00330
00328
00491 
00456 
00455 
00649 
00733 
00730 
00845 
00910 
01189 
01109 
01123 
00032 
00354
00477 
00728 
00863 
00188
00982 
00883 
00276
00239
00475 
00806 
00952 
01198 
01153 
00210
00543 
00619 
00787 
00802 
01110 
01133 
00294
00870 
01197 
00289
00580 
01190 
00089 
00819 
00754 
00696 
00616 
00002 
00011 
00417 
00410 
00769 
00905 
01107 
00522 
00045 
00221
00191
00394 
00666 
00727 
00747 
00682 
00872 
00829 
00793 
01178 
01126 
01016 
01060 
00293
00406 
01096 
00558 
00435 
00700 
00919 
01082 
00048 
00202
00541 
00635 
00709 
00866 
01237 
00064 
00311
00207
00699 
00859 
01132 
01159 
01166 
00194
00374 
00421 
00587 
01059 
01207 
00646 
00740 
00174
00485 
00245
00468 
00591 
00715 
00704 
01055 
01081 
01215 
01084 
00141 
00107 
00244
00667 
00588 
00803 
00961 
00216
00482 
00502 
00009 
00035 
00309
00282
00182
00274
00612 
00609 
00765 
00844 
00828 
00906 
01061 
01032 
00039 
00090 
00247
00486 
00472 
00444 
00711 
00898 
00792 
00930 
01117 
00022 
00349
00536 
00548 
00496 
00509 
00599 
00737 
00602 
00914 
00987 
01098 
00998 
01149 
00993 
01000 
01006 
00067 
00179
00574 
00441 
00615 
00617 
00856 
00879 
01156 
00091 
00256
00287
00280
00180
00504 
00503 
00762 
00785 
01175 
01108 
00082 
00014 
00078 
00109 
00084 
00051 
00087 
00131 
00154 
00096 
00277
00292
00199
00183
00170
00396 
00367 
00427 
00399 
00391 
00540 
00549 
00566 
00544 
00774 
00788 
00851 
00929 
00797 
00944 
00784 
00824 
00966 
00825 
01056 
01182 
01137 
01184 
01017 
01058 
00055 
00093 
00100 
00023 
00345
00317
00250
00253
00234
00193
00242
00368 
00462 
00702 
00739 
00753 
00885 
00805 
00794 
00988 
01062 
01157 
00985 
00986 
01043 
00563 
00062 
00001 
00098 
00297
00529 
00572 
00360 
00779 
00719 
01205 
01041 
01146 
01105 
00114 
00101 
00029 
00105 
00336
00231
00296
00407 
00418 
00446 
00386 
00385 
00438 
00582 
00514 
00404 
00497 
00363 
00379 
00601 
00639 
00681 
00671 
00638 
00586 
00594 
00757 
00690 
00732 
00760 
00823 
00821 
00841 
00881 
00838 
00862 
01039 
01194 
01174 
01104 
01192 
01077 
01127 
01191 
01087 
01169 
01134 
01236 
00118 
00655 
00144 
00071 
00575 
00542 
00675 
00989 
01202 
00030 
00124 
00108 
00112 
00069 
00081 
00236
00230
00206
00213
00176
00173
00342
00568 
00450 
00439 
00436 
00525 
00442 
00481 
00571 
00494 
00523 
00423 
00498 
00401 
00533 
00596 
00647 
00758 
00621 
00734 
00610 
00693 
00962 
00913 
00950 
00877 
00847 
00967 
00971 
00854 
01033 
01131 
01138 
01183 
01116 
01046 
01088 
01144 
01238 
01090 
01162 
01213 
01210 
00278
00281
00215
00567 
01139 
00660 
00892 
01120 
00140 
00073 
00126 
00061 
00102 
00122 
00007 
00312
00313
00325
00326
00208
00203
00295
00243
00369 
00445 
00400 
00437 
00440 
00359 
00414 
00392 
00393 
00534 
00694 
00755 
00627 
00778 
00669 
00622 
00744 
00743 
00868 
00973 
00922 
00867 
00886 
00949 
01034 
01199 
01099 
01092 
01222 
01143 
00307
00077 
00008 
00139 
00304
00333
00573 
00415 
00532 
00742 
00746 
00738 
00955 
00978 
00925 
01151 
00749 
