00190
00312
01237 
01148 
00624 
00480 
00206
00875 
00336
00646 
00754 
00765 
00383 
01076 
00969 
00680 
00375 
00139 
00726 
00619 
00201
00710 
00689 
00718 
00300
00399 
00213
00144 
00137 
01199 
00825 
00526 
01139 
00625 
00246
00705 
01053 
00707 
00926 
00719 
01222 
00655 
00471 
01039 
00552 
00766 
00971 
01215 
00589 
00767 
00960 
00401 
00180
01161 
00140 
00259
00400 
00961 
01209 
00425 
00436 
01016 
00187
01134 
01238 
00574 
00147 
00633 
00532 
00378 
00411 
00151 
00904 
00268
00565 
00208
00811 
00840 
01178 
01128 
00003 
00525 
00564 
00124 
01002 
00236
00647 
00892 
01155 
00812 
00561 
01206 
01099 
00819 
00349
00535 
00856 
00143 
00194
00749 
00530 
00502 
00496 
01005 
00997 
00523 
00059 
00573 
00499 
00080 
00665 
00269
00841 
00122 
00126 
01173 
00538 
00508 
00441 
01202 
00466 
01106 
01014 
00563 
00150 
00576 
00404 
01171 
00047 
00038 
00382 
00398 
00494 
00557 
00306
00676 
00479 
00693 
00959 
00501 
00956 
00867 
01111 
00930 
01117 
00955 
00235
00760 
00923 
01124 
00372 
01200 
00905 
01210 
00585 
00588 
00055 
00748 
00302
00685 
00853 
00553 
01211 
00660 
00738 
00083 
00301
00397 
00567 
01172 
00614 
00437 
00936 
01159 
00031 
00694 
00209
00366 
01064 
00051 
00662 
00661 
00556 
01235 
00185
00469 
00358 
00342
00387 
00460 
00717 
00534 
01146 
01185 
00958 
00386 
01096 
00033 
00577 
00522 
00380 
00320
00453 
00004 
00265
01165 
00628 
00295
00973 
00786 
00341
00195
00181
00762 
01006 
00322
01085 
01142 
00957 
00999 
01019 
00794 
00415 
00011 
00107 
00597 
01067 
00154 
00972 
00086 
00258
00424 
00260
00238
00587 
00044 
00829 
01236 
00142 
00454 
00572 
01207 
00218
00394 
00741 
01050 
00481 
00620 
01136 
00771 
00205
00658 
01181 
01137 
00439 
01167 
00691 
00830 
00307
00347
00308
01201 
00895 
00002 
00850 
00138 
00045 
00007 
00418 
00831 
01107 
01160 
00947 
00310
00536 
00568 
00571 
00231
00065 
00586 
00609 
00810 
01145 
00977 
01125 
00798 
00747 
00632 
01169 
00018 
00520 
00073 
00541 
00950 
00355
00758 
01175 
01203 
00998 
00528 
00989 
00968 
00901 
01156 
00451 
01056 
00063 
01044 
00245
00311
00640 
00746 
00314
00497 
00857 
00390 
00929 
01230 
00529 
00392 
00755 
00963 
00951 
01157 
00982 
00108 
00410 
00881 
01205 
00148 
00852 
00815 
00490 
00927 
00675 
00085 
00954 
00886 
00160 
00486 
01198 
01028 
00052 
00324
00217
00547 
00544 
00492 
01012 
00548 
01030 
00313
00243
00248
00527 
00858 
01216 
01158 
01040 
00141 
00184
00804 
00983 
00407 
00583 
01196 
01068 
00745 
00743 
00119 
00109 
00032 
00221
00222
00560 
00750 
00666 
00873 
01141 
01132 
01126 
00584 
00648 
00319
00511 
01027 
01231 
00463 
01029 
00430 
00543 
00722 
00345
01130 
00986 
00149 
00196
00090 
00076 
01122 
01164
00596 
01197 
00106 
00709 
00622 
00125 
00121 
00323
00679 
00506 
00981 
00575 
00133 
00332
00288
00570 
00715 
00909 
00071 
00304
01204 
00008 
00212
00219
00740 
00046 
00911 
01033 
00367 
00606 
00266
00610 
01042 
00098 
00578 
00868 
00978 
00669 
00521 
00667 
01121 
00134 
00335
00284
00216
00482 
00616 
00674 
01048 
00742 
00037 
00608 
00702 
00776 
00885 
00818 
01021 
00066 
00220
00362 
00592 
00732 
00690 
00279
00377 
00779 
01129 
00739 
01188 
00077 
00566 
01026 
00987 
00988 
00211
00671 
00102 
00048 
00331
00458 
00416 
00414 
00356 
00635 
00744 
00795 
00630 
00696 
00019 
00215
00964 
00281
00562 
00039 
00013 
00540 
00796 
00809 
00984 
00495 
00946 
00860 
00902 
00251
00519 
01112 
00883 
00105 
00275
00420 
01038 
01149 
01000 
00854 
01170 
00337
00475 
00869 
01091 
01163 
00421 
00807 
01135 
01233 
00074 
00559 
00455 
00489 
00965 
00828 
00175
00681 
01004 
00338
00173
00461 
01020 
00703 
00602 
00962 
00914 
00822 
01115 
01162 
01213 
00656 
00636 
00884 
00918 
00096 
00170
00814 
00317
00554 
00431 
00906 
00684 
00912 
00975 
00898 
00870 
01192 
01177 
01168 
00442 
00621 
01183 
01120 
00249
00464 
00113 
00035 
00204
00210
00613 
00214
00639 
00711 
01208 
01081 
01037 
00409 
01228 
00993 
00161 
01143 
00751 
00899 
00877 
00790 
00785 
01066 
00427 
00731 
00730 
00845 
00797 
00944 
01083 
01093 
01179 
01182 
01166 
00848 
00816 
00166 
00232
00176
00177
00558 
01229 
01094 
00070 
00351
00657 
00688 
00695 
00791 
00920 
00328
00626 
00593 
00783 
00996 
01010 
00078 
00094 
00229
00233
00169
00388 
00477 
00384 
00357 
00777 
00851 
01109 
00991 
01007 
01058 
00178
00062 
00089 
00297
00272
00949 
00189
00174
00438 
00697 
00878 
00915 
01224 
00112 
00241
00737 
00604 
00887 
01221 
00023 
00303
00262
00402 
00772 
00692 
00953 
00941 
00948 
00782 
00900 
00802 
01051 
00024 
00172
00462 
00629 
00896 
01043 
00040 
00276
00247
00514 
00524 
00555 
00115 
00254
00283
00294
00516 
00668 
00821 
01077 
01127 
01191 
00890 
01049 
01234 
01086 
01151 
00043 
00325
00374 
00778 
00753 
00022 
00256
00223
00334
00230
00291
00423 
00435 
00967 
00842 
01101 
01144 
01090 
00030 
00091 
00255
00417 
00504 
00507 
00498 
00364 
00714 
01046 
00994 
01075 
01100 
01078 
00054 
00162 
00153 
00053 
00050 
00156 
00017 
00131 
00330
00237
00198
00285
00207
00354
00191
00569 
00456 
00391 
00412 
00459 
00736 
00637 
00701 
00651 
00605 
00623 
00683 
00600 
00598 
00861 
00935 
00871 
00784 
00882 
00931 
00863 
01118 
01054 
00242
00061 
00067 
00326
00179
00922 
00805 
00976 
00864 
00879 
01103 
00234
00286
00197
00678 
00716 
00617 
00653 
00849 
01105 
01110 
00110 
00101 
00136 
00350
00200
00327
00296
00293
00271
00485 
00434 
00487 
00476 
00385 
00379 
00468 
00406 
00444 
00408 
00601 
00591 
00672 
00773 
00874 
00928 
00855 
00801 
01055 
01104 
00118 
00159 
00152 
00103 
00075 
00135 
00056 
00343
00287
00517 
00531 
00405 
00452 
00371 
00706 
00835 
00847 
00876 
01071 
01217 
01074 
01119 
01193 
01218 
01180 
00333
00484 
00643 
00104 
00263
00803 
00100 
00006 
00348
00188
00346
00473 
00447 
00515 
00631 
00725 
00612 
00844 
01062 
01034 
01059 
00550 
00925 
