00068 
00251
01158 
00946 
00830 
00205
00828 
00126 
00899 
01206 
00535 
00755 
01200 
00815 
00657 
00709 
00715 
00928 
01106 
01017 
00810 
00424 
01016 
00822 
01115 
01175 
00901 
01224 
00096 
00392 
00098 
00984 
00234
00643 
00265
00314
00658 
00961 
00449 
00676 
00688 
00523 
00791 
00421 
00301
00005 
00443 
01162 
00332
00211
01101 
00798 
01167 
00616 
00489 
00150 
00563 
00151 
00959 
00462 
01033 
00601 
00552 
01000 
01062 
00613 
01124 
01075 
00538 
00719 
00765 
00936 
00602 
00397 
00875 
00174
00852 
00367 
00394 
00355
00139 
00689 
00031 
00031 
00635 
01128 
01107 
00915 
01170 
01218 
00322
01076 
00089 
00905 
00926 
00164 
01183 
01135 
00748 
01177 
00757 
00992 
00018 
00017 
01102 
00550 
00636 
00693 
01205 
00274
00692 
01202 
00770 
01037 
01028 
00306
00947 
00767 
00072 
00245
00584 
00859 
00930 
00596 
00210
00135 
01197 
00290
00559 
00292
00539 
00185
00038 
00628 
00585 
00732 
01220 
00811 
01103 
01156 
00892 
00956 
00518 
00268
00506 
00614 
00092 
00021 
00626 
00398 
01085 
00913 
00302
00331
01014 
00672 
00297
01192 
00108 
00904 
00055 
00055 
00366 
00589 
00725 
00943 
00964 
00987 
00208
00988 
01048 
00902 
01139 
00469 
00218
00357 
00897 
00011 
00187
00562 
00697 
00969 
01105 
00104 
01050 
00386 
01096 
01005 
00411 
00140 
00794 
00522 
00771 
00685 
00049 
00478 
01194 
01196 
00067 
00047 
01159 
01163 
01165 
00347
00860 
00063 
00003 
00971 
00999 
01019 
00647 
00510 
00583 
00020 
00219
00004 
00320
00998 
01181 
01168 
00059 
01049 
01234 
00955 
00466 
00754 
00989 
00013 
00107 
00960 
00260
01173 
00856 
00401 
00962 
00633 
00425 
00254
00982 
00358 
00105 
01172 
00680 
00145 
00241
00504 
01088 
00758 
01091 
00722 
00455 
00965 
01161 
00870 
00611 
00541 
01171 
00766 
01155 
00914 
00190
00807 
01136 
00981 
00968 
00144 
00471 
00648 
00912 
00215
01201 
00895 
01222 
00336
00337
00243
00536 
00496 
00141 
00141 
00074 
01137 
00333
00062 
00062 
00749 
00124 
00095 
00209
00432 
00762 
00441 
00454 
00858 
00906 
01125 
00414 
00726 
00427 
00684 
01117 
01169 
00867 
00543 
00573 
00206
00568 
00437 
00751 
00790 
00246
00951 
00812 
00603 
00900 
00180
00911 
01045 
00129 
00645 
00399 
00824 
00966 
01153 
01164
00312
00572 
00502 
00705 
00730 
01179 
00527 
00451 
00963 
00148 
00494 
00707 
00898 
00147 
00785 
01066 
01067 
00248
00565 
01157 
01087 
00143 
00313
00311
00499 
00731 
01040 
00438 
00137 
00242
00085 
00738 
00694 
00597 
00777 
00345
00430 
01120 
00993 
00508 
00278
00370 
00986 
00052 
00189
00269
00497 
00944 
00103 
00058 
00470 
00481 
00452 
01211 
01100 
00083 
00520 
01146 
00669 
00588 
00436 
01188 
01210 
01042 
00660 
00073 
00194
00615 
00652 
00816 
00690 
00291
00405 
00920 
01217 
01099 
00307
00566 
01026 
00207
00186
00549 
00413 
01008 
00236
01185 
00415 
00665 
00671 
01199 
00439 
00525 
00039 
00561 
00691 
00662 
00957 
00853 
01142 
00097 
00379 
00362 
00468 
00823 
01186 
00540 
00741 
00624 
00796 
00809 
01209 
00175
00495 
01238 
00655 
00526 
00973 
00786 
00646 
00819 
01044 
00475 
00382 
00586 
00869 
00997 
00380 
00625 
00831 
01148 
01002 
01160 
01233 
00002 
00742 
00033 
00375 
00576 
00378 
00746 
00881 
01178 
01145 
00978 
00574 
00553 
00564 
00840 
01207 
00745 
00571 
00950 
01203 
01213 
01143 
00142 
00529 
00431 
00501 
00977 
01216 
00776 
00404 
00632 
00975 
00850 
01039 
00530 
00524 
00594 
00122 
00201
01237 
01204 
00534 
00877 
00954 
00244
00402 
00177
00780 
01082 
00677 
00235
00567 
00532 
00845 
00797 
00878 
01083 
01093 
01182 
01166 
00639 
00903 
00833 
01118 
00188
00088 
00271
00806 
01147 
01077 
00007 
00429 
01110 
01112 
00100 
00422 
01119 
00272
00740 
00949 
00804 
00024 
00204
00184
00273
00346
00778 
00698 
00829 
01009 
00231
01152 
01190 
01081 
01104 
01180 
00082 
00051 
00026 
00080 
00229
00212
00183
00459 
00650 
00784 
00793 
00972 
01007 
01111 
01191 
01060 
01054 
00082 
00159 
00030 
00023 
00181
00630 
00696 
00769 
00813 
00250
00295
00019 
00266
00739 
00610 
00163 
00317
00224
00172
00458 
00369 
00473 
00577 
00160 
00223
00288
00327
00293
00472 
00479 
00711 
00907 
01065 
01068 
01232 
01035 
01223 
00042 
00238
00352
00349
00461 
00372 
00364 
00460 
00737 
00700 
00826 
01108 
01151 
00119 
00166 
00130 
00217
00340
00391 
00579 
00727 
00747 
00651 
00667 
00775 
00618 
00728 
00623 
00590 
00884 
00851 
00970 
00916 
00873 
01132 
01058 
00102 
00006 
00305
00179
00383 
00631 
00587 
00629 
00661 
00673 
00800 
01047 
00118 
00258
00521 
00228
00351
00604 
00919 
00887 
01071 
01227 
01078 
00453 
00001 
00113 
00326
00289
00282
00182
00528 
00447 
00361 
00480 
00419 
00764 
00622 
00772 
00753 
00883 
00844 
00958 
00848 
00802 
01025 
01114 
01024 
01057 
01214 
01129 
01032 
00341
00284
00200
00446 
00487 
00554 
00582 
00555 
00668 
00923 
00952 
01195 
00890 
00193
00519 
00612 
00743 
00885 
00805 
00865 
00879 
00782 
01086 
00149 
00308
00323
00195
00173
00445 
00607 
00734 
00640 
00695 
00945 
00967 
00842 
01070 
01239 
01131 
01046 
01116 
01074 
00015 
00053 
00146 
00167 
00084 
00156 
00064 
00027 
00008 
00154 
00316
00252
00221
00227
00222
00237
00233
00199
00191
00169
00170
00396 
00569 
00390 
00409 
00420 
00542 
00750 
00736 
00670 
00687 
00605 
00675 
00659 
00752 
00733 
00683 
00598 
00832 
00929 
00934 
00836 
00888 
00937 
00889 
00942 
00931 
00863 
01141 
01056 
01126 
01095 
01226 
01010 
01052 
01012 
00995 
00015 
00106 
00125 
00043 
00061 
00065 
00315
00253
00325
00178
00505 
00368 
00463 
00953 
00922 
00886 
00983 
01051 
01043 
00110 
00090 
00040 
00255
00283
00296
00407 
00418 
00486 
00556 
00457 
00363 
00503 
00408 
00591 
00874 
00855 
00841 
00838 
00862 
00843 
01055 
01198 
01127 
01215 
01134 
01073 
01053 
00304
00703 
00606 
00803 
00925 
00155 
00022 
00123 
00134 
00161 
00225
00232
00230
00286
00287
00196
00176
00342
00517 
00410 
00467 
00548 
00546 
00442 
00482 
00371 
00599 
00706 
00717 
00847 
00876 
01140 
01041 
01030 
01138 
01021 
00155 
00259
00281
00263
00710 
01038 
00093 
00077 
00111 
00203
00348
00279
00261
00377 
00416 
00400 
00440 
00393 
00360 
00608 
00702 
00686 
00653 
00795 
00976 
00849 
00896 
01034 
01029 
00575 
00484 
01149 
01003 
