00722 
00786 
00513 
00846 
01219 
01216 
00684 
00665 
00095 
01005 
00946 
00858 
00377 
00089 
00559 
00314
00915 
00475 
00586 
00869 
01185 
00892 
00767 
01165 
00185
00752 
00754 
01002 
01106 
01160 
00427 
01182 
01040 
00975 
01117 
00950 
01115 
01143 
01172 
00472 
00949 
00574 
00968 
01202 
00944 
00502 
00397 
00529 
00451 
01157 
01120 
00141 
00141 
00599 
01183 
01042 
00748 
00099 
00207
00600 
00979 
00694 
01083 
00421 
00350
00510 
00704 
00208
01099 
00258
00862 
00774 
00161 
00202
00558 
00700 
00084 
00449 
00465 
00612 
00611 
01211 
00025 
00158 
00326
00933 
00941 
01024 
01072 
00090 
00952 
01235 
00302
00614 
00904 
00322
00652 
00014 
00386 
00690 
01096 
00771 
00134 
00069 
00517 
00945 
00307
00366 
00566 
00685 
01026 
00166 
00277
00227
00264
00340
00390 
00384 
00413 
00756 
00817 
00888 
00824 
00873 
01109 
01153 
00236
00469 
00647 
00987 
00055 
00140 
00589 
00794 
00988 
00055 
00211
00671 
00936 
00961 
01200 
00003 
00011 
00187
00439 
00525 
00964 
00971 
01167 
00205
00535 
00562 
00856 
01130 
01105 
00039 
00561 
00425 
00691 
00662 
00957 
00853 
00999 
01019 
01142 
00072 
00239
00231
00327
00293
00214
00490 
00363 
00601 
00672 
01152 
01079 
01208 
01194 
01036 
01220 
01087 
01004 
01180 
00038 
00013 
00218
00265
00540 
00394 
00741 
00628 
00624 
00796 
00809 
00984 
01159 
01209 
01050 
01163 
00606 
00004 
00175
00495 
00401 
00766 
01155 
01238 
00260
00655 
00139 
00526 
00411 
00860 
00973 
00969 
00798 
00895 
01222 
00573 
00063 
00320
00646 
00765 
00658 
00959 
00819 
00960 
01201 
01170 
01044 
00059 
00336
00337
00398 
00382 
00749 
00758 
00602 
00830 
00926 
00997 
01091 
00124 
00190
00466 
00380 
00358 
00625 
00726 
00680 
00807 
00831 
01148 
01107 
01206 
01136 
01135 
01233 
00145 
00120 
00238
00299
00352
00213
00180
00241
00482 
00423 
00630 
00616 
00835 
00911 
01239 
01041 
00990 
01217 
01045 
00994 
00151 
00033 
00074 
00306
00375 
00576 
00378 
00455 
00489 
00746 
00810 
00881 
00965 
01181 
01178 
01137 
01168 
01145 
01161 
00989 
00215
00126 
00312
00347
00553 
00572 
00564 
00867 
00840 
00901 
01205 
01014 
01156 
01207 
01173 
00745 
00148 
00206
00355
00536 
00568 
00496 
00571 
00494 
00689 
00693 
00852 
00962 
00956 
00914 
00815 
00822 
01175 
01203 
00998 
01162 
01213 
01128 
00142 
00246
00248
00527 
00441 
00431 
00392 
00501 
00565 
00454 
00755 
00963 
00875 
00951 
00977 
00906 
01125 
00982 
00165 
00077 
00067 
00121 
00047 
00048 
00315
00234
00193
00447 
00617 
00661 
00744 
00653 
00868 
00866 
00471 
00538 
00404 
00707 
00633 
00632 
00648 
00912 
00850 
00898 
00870 
00930 
01039 
01192 
01177 
01169 
00144 
00530 
00676 
01016 
00018 
00137 
00993 
00143 
00150 
00122 
00313
00201
00243
00541 
00430 
00543 
01237 
01204 
01171 
00031 
00085 
00147 
00437 
00523 
00534 
00552 
00584 
00751 
00899 
00877 
00790 
00785 
00954 
01076 
01066 
00031 
00311
00235
00499 
00567 
00508 
00532 
00731 
00738 
00705 
00730 
00845 
00812 
00797 
00878 
01139 
01093 
01179 
01158 
01224 
01166 
00071 
00484 
00542 
00643 
00955 
01197 
00062 
00083 
00297
00272
00520 
00585 
00740 
00597 
01146 
01067 
00986 
00062 
00052 
00189
00269
00174
00438 
00497 
00697 
01164
00424 
00563 
00301
00266
00436 
00596 
00739 
00610 
00905 
01049 
01188 
01210 
01234 
01151 
00242
00453 
00669 
00811 
01199 
00415 
00522 
00742 
00588 
00902 
