00543 
00767 
00628 
00926 
00021 
00302
00106 
00962 
01168 
00386 
00999 
00011 
00726 
00758 
00754 
00538 
00311
01111 
00766 
00326
00975 
00693 
00931 
00856 
00568 
00676 
01148 
00189
00523 
00765 
00742 
01199 
01188 
01016 
01218 
00134 
01180 
00810 
00973 
00958 
00398 
01120 
00505 
00840 
00878 
00377 
01197 
00459 
01078 
00651 
00970 
00614 
01044 
01081 
00316
00733 
00836 
00288
00936 
00904 
00055 
00055 
01031 
00366 
00159 
00813 
00589 
00964 
00987 
00296
01215 
00988 
00322
00201
00469 
00218
00211
00400 
01029 
01071 
01227 
00187
00892 
00205
00562 
00969 
01112 
00394 
01050 
01096 
01005 
00290
00959 
00411 
00140 
00794 
00771 
00685 
00163 
00458 
00961 
00265
01159 
01163 
01165 
00347
00860 
00542 
00546 
01041 
00063 
00490 
00003 
00971 
01019 
00647 
01135 
00208
00453 
00004 
00848 
00320
00998 
00139 
01181 
00059 
00602 
00466 
01106 
00989 
00013 
01103 
00960 
01167 
00260
00901 
01173 
00401 
00633 
01206 
00798 
01200 
00425 
00982 
01149 
00358 
01205 
01172 
00680 
01107 
00043 
00061 
00830 
01091 
00722 
00455 
00489 
00965 
01161 
00870 
00535 
00541 
01171 
00946 
01155 
00056 
00299
00943 
00911 
00852 
00914 
00190
00807 
01136 
00968 
00144 
00471 
00648 
00912 
01201 
01170 
00895 
01222 
00336
00337
00243
00563 
00536 
00496 
00815 
00141 
00141 
00151 
00074 
01137 
00062 
00062 
00749 
00124 
00441 
00454 
00858 
00906 
01125 
00427 
01224 
00684 
01117 
01169 
00107 
00658 
00867 
00573 
00314
00206
00355
00689 
00031 
00437 
00751 
00790 
00031 
00246
00397 
00755 
00951 
00812 
00915 
01164
00312
00572 
00465 
00281
00502 
00899 
00150 
00028 
00157 
00321
00705 
00730 
01179 
00527 
00451 
00963 
00823 
00148 
00494 
00822 
01115 
01175 
01162 
01128 
00707 
00898 
00559 
00174
01003 
00147 
00552 
00785 
01066 
01067 
00956 
00248
00392 
00565 
01157 
00185
00143 
00313
00089 
00499 
00731 
01040 
00438 
00748 
00137 
00324
00373 
00242
00085 
00584 
01076 
00738 
00694 
00597 
00430 
00905 
00018 
00993 
00508 
00986 
00052 
00269
00497 
00944 
01211 
00424 
01092 
00083 
00520 
00585 
01146 
00101 
00570 
00581 
00638 
00768 
00669 
00811 
00588 
00436 
01210 
01042 
00690 
01099 
00334
00481 
00531 
00634 
00307
00566 
01026 
00236
01185 
00415 
00665 
00671 
00439 
00525 
00039 
00561 
00691 
00662 
00957 
00853 
01142 
00038 
00540 
00741 
00624 
00796 
00809 
00984 
01209 
00652 
00902 
00175
00495 
01238 
00655 
00526 
00786 
00646 
00819 
00475 
00382 
00586 
00869 
00997 
00380 
00625 
00831 
01002 
01160 
01233 
00033 
00306
00375 
00576 
00378 
00746 
00881 
01178 
01145 
00126 
00574 
00553 
00564 
01014 
01156 
01207 
01202 
00745 
00571 
00950 
01203 
01213 
01143 
00142 
00529 
00431 
00501 
00875 
00977 
01216 
00404 
00632 
00850 
00930 
01039 
01192 
01177 
00530 
00164 
00524 
00594 
00122 
01237 
01204 
00534 
00877 
00954 
00244
00402 
00177
00780 
01082 
00677 
00235
00567 
00532 
00845 
00797 
01083 
01139 
01093 
01158 
01182 
01166 
00639 
00903 
00833 
01118 
00188
00088 
00332
00271
00806 
01147 
01077 
00007 
00429 
01062 
01110 
00100 
00422 
01119 
00297
00272
00740 
00949 
00697 
00804 
00024 
00204
00184
00273
00346
00421 
00778 
00698 
00829 
01009 
00231
01152 
01190 
01104 
00082 
00051 
00026 
00080 
00229
00212
00183
00650 
00859 
00784 
00793 
00972 
01007 
01191 
01060 
01054 
00082 
00030 
00023 
00181
00630 
00696 
00769 
01124 
01075 
00250
00295
00611 
00019 
00301
00266
00596 
00739 
00610 
01049 
01234 
00317
00224
00172
00369 
00473 
00577 
00160 
00223
00327
00293
00472 
00479 
00711 
00928 
00907 
01065 
01068 
01232 
01035 
01223 
00042 
00238
00352
00349
00550 
00461 
00372 
00364 
00460 
00657 
00737 
00700 
00826 
01108 
01151 
00119 
00166 
00130 
00217
00340
00391 
00579 
00357 
00727 
00747 
00667 
00775 
00618 
00728 
00623 
00590 
00884 
00851 
00897 
00916 
00873 
01132 
01017 
01058 
01102 
00102 
00006 
00305
00179
00383 
00631 
00725 
00587 
00629 
00661 
00673 
00800 
01047 
00118 
00258
00521 
01000 
00228
00351
00604 
00688 
00913 
00919 
00887 
00001 
00113 
00251
00289
00282
00210
00182
00274
00528 
00447 
00361 
00414 
00480 
00462 
00419 
00770 
00764 
00622 
00772 
00692 
00753 
00883 
00844 
00828 
00802 
01025 
01114 
01024 
01057 
01048 
01214 
01129 
01032 
00341
00284
00200
00446 
00487 
00554 
00582 
00555 
00510 
00672 
00715 
00668 
00757 
00732 
00583 
00923 
00952 
00992 
01195 
01220 
00219
00268
00890 
00193
00519 
00612 
00743 
00885 
00805 
00865 
00879 
00782 
01086 
00149 
00308
00323
00195
00173
00445 
00607 
00734 
00640 
00695 
00945 
00967 
00842 
01101 
01070 
01033 
01239 
01131 
01046 
01116 
00981 
01074 
00522 
00015 
00049 
00053 
00092 
00068 
00146 
00167 
00084 
00156 
00064 
00027 
00008 
00154 
00096 
00252
00221
00333
00227
00222
00237
00233
00292
00199
00191
00169
00170
00396 
00569 
00390 
00409 
00478 
00420 
00750 
00736 
00626 
00670 
00687 
00636 
00605 
00675 
00659 
00752 
00683 
00598 
00832 
00929 
00934 
00888 
00937 
00889 
00942 
00863 
01141 
01056 
01126 
01095 
01226 
01010 
01052 
01012 
00995 
00015 
00125 
00065 
00315
00253
00325
00178
00368 
00463 
00719 
00953 
00922 
00886 
00983 
01105 
01051 
01043 
00110 
00072 
00005 
00090 
00040 
00254
00255
00283
00245
00407 
00418 
00486 
00556 
00457 
00363 
00518 
00503 
00443 
00408 
00601 
00591 
00874 
00947 
00855 
00841 
00838 
00862 
00843 
01055 
01198 
01127 
01134 
01073 
01053 
00304
00367 
00703 
00606 
00803 
00925 
01085 
00155 
00095 
00022 
00108 
00123 
00161 
00225
00232
00230
00286
00287
00209
00196
00176
00342
00517 
00410 
00467 
00539 
00548 
00506 
00442 
00482 
00371 
00432 
00599 
00706 
00616 
00717 
00762 
00847 
00876 
01140 
01030 
01138 
01021 
00155 
00259
00278
00263
00370 
00710 
00643 
01038 
00093 
00098 
00077 
00067 
00111 
00047 
00234
00203
00348
00279
00261
00416 
00440 
00393 
00360 
00608 
00702 
00686 
00613 
00653 
00795 
00976 
00849 
00896 
01034 
00104 
00215
00575 
00484 
00955 
00660 
