00846 
00996 
00505 
00811 
00210
01183 
00714 
01111 
01186 
00795 
00926 
00612 
00465 
00929 
01122 
00637 
01105 
00978 
01234 
00773 
00916 
00930 
00254
00808 
00583 
00065 
00716 
00920 
00946 
00726 
00825 
01113 
00490 
00331
01014 
00776 
01237 
00943 
00242
00268
00638 
00404 
00190
00707 
00004 
00470 
00056 
00767 
00911 
00299
00094 
00413 
00797 
00346
01159 
00835 
01213 
00995 
00370 
00969 
00337
00927 
01048 
00403 
01052 
00818 
00817 
00971 
00421 
00377 
00864 
00199
00106 
00803 
00225
00179
00765 
00491 
00719 
01083 
00189
00281
00276
00107 
00338
00301
00341
00677 
00260
00207
00882 
01128 
01134 
00494 
00758 
00532 
00119 
01219 
00492 
01060 
00956 
00104 
00627 
00557 
00823 
00915 
00110 
00113 
00488 
00609 
00611 
00798 
00245
00088 
01177 
00593 
00877 
01031 
00111 
00019 
00332
00434 
00406 
00174
00291
00717 
00875 
00931 
00392 
01216 
00266
00033 
01008 
01222 
00592 
00923 
00936 
00831 
00480 
00914 
00398 
00485 
01174 
01169 
00062 
00095 
00422 
00822 
00514 
01035 
00540 
00683 
01161 
00852 
00285
00448 
00399 
00736 
00986 
00975 
00038 
00116 
00819 
00322
00177
00471 
00840 
00706 
00653 
00120 
00495 
00813 
00314
00484 
00083 
00306
00152 
00964 
00928 
00234
00896 
00293
00576 
00024 
00989 
00244
00134 
01148 
01218 
00077 
00658 
00559 
01000 
00125 
00126 
00473 
00786 
00135 
00610 
01071 
00541 
00755 
01103 
00812 
00643 
00631 
00587 
00108 
00238
00506 
00625 
00630 
00847 
00876 
01215 
00462 
00453 
00635 
01051 
00721 
01109 
00011 
00584 
00766 
00695 
00791 
00815 
01162 
01034 
00118 
00091 
01016 
00144 
00235
00358 
00047 
00860 
00849 
01047 
01146 
01204 
01176 
00482 
00529 
00437 
00597 
00589 
00959 
00816 
01021 
00563 
00508 
00048 
00192
00279
00646 
00740 
00613 
00096 
00300
00793 
01005 
00147 
00185
00748 
01206 
00802 
00913 
00981 
00746 
00738 
00745 
00274
00361 
00419 
00763 
00600 
01182 
00066 
00163 
00713 
00278
00703 
00606 
00676 
00588 
00961 
01202 
00071 
00258
01086 
00318
00289
01061 
00697 
00833 
00261
00560 
01123 
00387 
00892 
00032 
01184 
00663 
00483 
00211
00632 
00042 
00616 
01080 
00297
00418 
00362 
00444 
00830 
01223 
00175
00069 
00228
01049 
00282
00182
00464 
00941 
01013 
00924 
00874 
00947 
00288
00554 
01079 
00461 
00380 
00028 
00317
00204
01214 
01133 
00247
00476 
00379 
00672 
00821 
01117 
01068 
00124 
00103 
00436 
00781 
01167 
01066 
00275
00650 
00871 
00451 
00725 
00737 
00645 
00664 
00987 
00081 
00504 
00496 
00945 
01075 
00414 
00145 
00236
00280
00899 
00785 
01100 
00321
00577 
00356 
00678 
00692 
00425 
00665 
01001 
01084 
00162 
00017 
00218
00217
00183
00396 
00569 
00427 
00456 
00455 
00727 
00636 
00723 
00623 
00598 
00730 
00796 
00897 
00784 
00937 
00873 
00863 
01179 
01132 
01011 
01054 
01022 
00313
00325
00430 
01172 
01156 
00307
00109 
00131 
00344
00277
00169
00412 
00777 
00718 
00966 
01228 
01209 
01010 
00073 
00253
00243
00393 
00800 
00988 
01140 
01201 
01129 
00100 
00312
00272
00922 
00101 
00166 
00012 
00336
00200
00296
00472 
00479 
00705 
00912 
00870 
00801 
00843 
01036 
01104 
01168 
00999 
00997 
00022 
00085 
00232
00287
00195
00790 
00967 
01155 
01020 
01203 
00998 
01231 
00251
00526 
00090 
00294
00407 
00457 
00510 
00760 
00904 
00841 
01039 
01081 
01191 
01073 
01149 
00151 
00020 
00051 
00018 
00191
00522 
00618 
00655 
00884 
00829 
00810 
00827 
01178 
01126 
01007 
01230 
00137 
00219
01121 
00310
00334
00206
00355
00216
00349
00342
00539 
00373 
00452 
00674 
00648 
00962 
00905 
00919 
01106 
01138 
01165 
01076 
01116 
01088 
01136 
01090 
00155 
00060 
00148 
00003 
00123 
00308
00284
00323
00417 
00546 
00435 
00689 
00657 
00599 
00634 
00807 
00954 
01046 
01135 
01078 
01042 
00007 
00369 
00951 
00848 
00865 
01185 
01059 
00115 
00059 
00160 
00438 
00475 
00382 
00684 
00768 
00711 
00806 
00898 
00862 
01064 
01096 
01019 
01153 
00008 
00542 
00804 
01120 
00063 
00143 
00043 
00046 
00006 
00345
00250
00305
00208
00202
00178
00515 
00360 
00411 
00694 
00739 
00661 
00744 
00973 
00866 
00976 
00949 
00983 
01041 
01171 
00070 
00343
00256
00352
00466 
00525 
00442 
00401 
00432 
00460 
00679 
00596 
00607 
00734 
00854 
00842 
01101 
01002 
01239 
01065 
01030 
01238 
01074 
01180 
00055 
00031 
00098 
00067 
00543 
00629 
00968 
01112 
00259
01200 
01197 
00001 
00150 
00089 
00315
00194
00172
00347
00248
00400 
00374 
00528 
00519 
00429 
00463 
00608 
00778 
00673 
00953 
00858 
00805 
00960 
00917 
00895 
00901 
00794 
01062 
01170 
01157 
00982 
01043 
00141 
00014 
00304
00263
00553 
00902 
01038 
01151 
00201
00890 
00139 
00367 
00375 
00710 
00667 
00955 
00993 
01085 
01003 
00749 
