00490 
01218 
00975 
00465 
01115 
00406 
00500 
00134 
00911 
00331
01134 
01148 
00926 
00377 
00628 
00386 
00767 
00566 
01096 
00999 
00845 
00965 
00122 
00004 
00930 
00726 
00997 
01167 
00270
00495 
00248
00705 
00355
00398 
00693 
00404 
00208
00877 
00968 
01014 
00973 
00915 
00564 
01156 
00260
00501 
00610 
00699 
01031 
00949 
00931 
01111 
00018 
00397 
01151 
00293
00332
01064 
00056 
00299
00943 
00619 
00789 
01231 
00164 
00092 
00051 
00449 
00774 
00824 
01052 
00106 
00505 
00345
00203
00220
00880 
00292
00186
00264
00328
00759 
00666 
00670 
00659 
00897 
00133 
00556 
00487 
00379 
00644 
00592 
00223
00280
00980 
00854 
01124 
01138 
01183 
01045 
01211 
00086 
00069 
00343
00351
00507 
00423 
00503 
00302
00614 
00073 
00043 
00303
00467 
00360 
00613 
00322
00690 
00281
00215
00366 
01026 
00236
00469 
00647 
00987 
00055 
00140 
00589 
00794 
00988 
01185 
00211
00665 
00671 
00904 
00936 
00961 
00048 
00197
00416 
00515 
00776 
00652 
00866 
00885 
00849 
01130 
00003 
00011 
00187
00439 
00525 
00964 
00971 
00205
00535 
00562 
00771 
00856 
00039 
00561 
00425 
00691 
00685 
00662 
00957 
00853 
01019 
01142 
00978 
00013 
00218
00265
00540 
00394 
00741 
00624 
00796 
00809 
00984 
01159 
01209 
01050 
00307
00401 
00766 
00946 
01155 
01165 
01238 
00655 
00526 
00411 
00860 
00969 
00798 
00786 
00895 
01222 
00573 
00063 
00320
00646 
00765 
00658 
00959 
00819 
00960 
01172 
01201 
01170 
01044 
00038 
00059 
00336
00337
00475 
00382 
00749 
00586 
00869 
00830 
01091 
01163 
00104 
00268
00370 
00542 
00124 
00190
00466 
00380 
00358 
00754 
00625 
00680 
00807 
00831 
01002 
01106 
01107 
01206 
01136 
01200 
01160 
01135 
01233 
00892 
00151 
00033 
00074 
00306
00559 
00375 
00378 
00455 
00489 
00746 
00810 
01181 
01178 
01137 
01145 
01161 
00989 
00126 
00312
00175
00347
00574 
00572 
00867 
00840 
00901 
01205 
01207 
01173 
00141 
00139 
01005 
00745 
00148 
00206
00536 
00568 
00496 
00571 
00494 
00689 
00758 
00602 
00852 
00962 
00950 
00956 
00914 
00815 
00822 
01175 
01203 
00998 
01162 
01213 
01128 
00142 
00246
00529 
00527 
00441 
00431 
00392 
00565 
00454 
00451 
00755 
00963 
00875 
00951 
00858 
00977 
00906 
01125 
01216 
01157 
00982 
00471 
00576 
00538 
00684 
00707 
00633 
00632 
00912 
00850 
00898 
00870 
00881 
01039 
01117 
01192 
01177 
01168 
01169 
00144 
00314
00530 
00676 
00748 
01016 
01120 
00137 
00553 
00993 
01202 
00143 
00150 
00313
00243
00541 
00430 
00543 
00722 
01237 
01171 
01143 
00085 
00523 
00552 
00502 
00584 
00751 
00648 
00899 
00790 
00785 
00954 
01076 
01066 
00311
00235
00185
00499 
00427 
00567 
00508 
00532 
00731 
00738 
00730 
00812 
00797 
00944 
01083 
01139 
01093 
01179 
01158 
01182 
01040 
01166 
00062 
00031 
00083 
00147 
00089 
00297
00272
00520 
00437 
00534 
00585 
00694 
00740 
00597 
01146 
01067 
00986 
00052 
00189
00269
00174
00438 
00497 
00697 
00878 
01164
01224 
00201
00424 
01204 
01197 
00563 
00301
00266
00436 
00596 
00905 
01049 
01210 
01042 
01234 
00242
00453 
00739 
00669 
00811 
01199 
01099 
01188 
00415 
00522 
00742 
00588 
00902 
