00134 
00926 
00906 
01031 
00771 
00013 
00935 
00347
00767 
00174
00959 
00553 
00914 
00566 
00726 
00982 
01111 
00975 
00931 
00383 
00586 
00793 
01007 
00236
01139 
01148 
00796 
00185
00571 
00039 
01195 
00997 
00072 
00477 
00819 
00100 
01218 
00459 
00023 
00775 
00913 
00887 
00068 
00934 
00250
00106 
00505 
01014 
00377 
01216 
00368 
00349
00460 
00228
00416 
00677 
00614 
00842 
00974 
00302
00611 
00309
00224
00936 
00462 
00904 
00055 
00055 
00366 
00589 
00964 
00987 
00988 
00322
00253
01003 
00469 
00218
00211
00011 
00187
00279
00205
00562 
00969 
00394 
01050 
00386 
01096 
01005 
00411 
00140 
00794 
00685 
00020 
00045 
00285
00961 
00265
01159 
01163 
01165 
00860 
00063 
00490 
00003 
00971 
00999 
01019 
00647 
00107 
00603 
01135 
00004 
00641 
00703 
00320
00998 
00139 
01181 
01168 
00059 
00602 
00466 
00754 
01106 
00989 
00960 
01167 
00260
00901 
01173 
00856 
00401 
00962 
00633 
01206 
00798 
01200 
00425 
00358 
01205 
01172 
00680 
01107 
00758 
00830 
01091 
00722 
00455 
00489 
00965 
01161 
00870 
00535 
00541 
01171 
00766 
00946 
01155 
00056 
00299
00943 
00911 
00852 
00190
00807 
01136 
00968 
00144 
00471 
00648 
00912 
01201 
01170 
00895 
01222 
00336
00337
00243
00536 
00496 
00693 
00815 
00141 
00141 
00151 
00074 
01137 
00062 
00062 
00749 
00676 
00124 
00910 
01219 
01090 
00441 
00454 
00858 
01125 
00427 
01224 
00538 
00684 
01117 
01169 
00765 
00658 
00867 
00543 
00573 
00314
00206
00355
00568 
00689 
00031 
00437 
00751 
00790 
00031 
00246
00397 
00755 
00951 
00812 
00915 
01164
01016 
00312
00572 
00465 
00502 
00899 
00150 
00705 
00730 
01179 
00527 
00451 
00963 
00148 
00494 
00822 
01115 
01175 
01162 
01128 
00707 
00898 
00559 
00476 
01087 
00147 
00523 
00552 
00785 
01066 
01067 
00956 
00248
00392 
00565 
01157 
00143 
00313
00089 
00311
00499 
00731 
01040 
00438 
00748 
00137 
00242
00085 
00584 
01076 
00738 
00694 
00597 
00091 
00145 
00034 
00202
01144 
00430 
00905 
01120 
00018 
00993 
00508 
00986 
00052 
00189
00269
00497 
00944 
01211 
00424 
01197 
00083 
00520 
00585 
01146 
00866 
00818 
00669 
00811 
00588 
00436 
01188 
01210 
01042 
00690 
01099 
00307
01026 
01185 
00415 
00665 
00671 
01199 
00439 
00525 
00561 
00691 
00662 
00957 
00853 
01142 
00038 
00540 
00741 
00628 
00624 
00809 
00984 
01209 
00902 
00175
00495 
01238 
00655 
00526 
00973 
00786 
00646 
01044 
00398 
00475 
00382 
00869 
00380 
00625 
00831 
01002 
01160 
01233 
00742 
00892 
00033 
00306
00375 
00576 
00378 
00746 
00810 
00881 
01178 
01145 
00126 
00574 
00564 
00840 
01156 
01207 
01202 
00745 
00950 
01203 
01213 
01143 
00142 
00529 
00431 
00501 
00875 
00977 
00404 
00632 
00850 
00930 
01039 
01192 
01177 
00530 
00164 
00524 
00594 
00122 
00201
01237 
01204 
00534 
00877 
00954 
00244
00402 
00177
00780 
01082 
00235
00567 
00532 
00845 
00797 
00878 
01083 
01093 
01158 
01182 
01166 
00639 
00903 
00833 
01118 
00188
00088 
00332
00271
00806 
01147 
01077 
00007 
00429 
01062 
01110 
01112 
00422 
01119 
00297
00272
00740 
00949 
00697 
00804 
00024 
00204
00184
00273
00346
00421 
00778 
00698 
00829 
01009 
00231
01152 
01190 
01081 
01104 
01180 
00082 
00051 
00026 
00080 
00229
00212
00183
00650 
00859 
00784 
00972 
01191 
01060 
01054 
00082 
00159 
00030 
00181
00630 
00696 
00769 
00813 
01124 
01075 
00295
00019 
00563 
00301
00266
00596 
00739 
00610 
01049 
01234 
00163 
00317
00172
00458 
00369 
00473 
00577 
00160 
00223
00288
00327
00293
00472 
00479 
00711 
00928 
00907 
01065 
01068 
01232 
01035 
01223 
00042 
00238
00352
00550 
00461 
00372 
00364 
00657 
00737 
00700 
00826 
01108 
01151 
00119 
00166 
00130 
00217
00340
00391 
00579 
00357 
00727 
00747 
00651 
00667 
00618 
00728 
00623 
00590 
00884 
00851 
00970 
00897 
00916 
00873 
01132 
01017 
01058 
01102 
00102 
00006 
00305
00179
00631 
00725 
00587 
00629 
00661 
00673 
00800 
01047 
00118 
00258
00521 
01000 
00351
00604 
00688 
00919 
01071 
01227 
01078 
00208
00453 
00001 
00113 
00251
00326
00289
00282
00210
00182
00274
00528 
00447 
00361 
00414 
00480 
00419 
00770 
00764 
00622 
00772 
00692 
00753 
00883 
00844 
00958 
00828 
00848 
00802 
01025 
01114 
01024 
01057 
01048 
01214 
01129 
01032 
00341
00284
00200
00446 
00487 
00554 
00582 
00555 
00510 
00672 
00715 
00668 
00757 
00732 
00583 
00923 
00952 
00992 
01220 
00219
00268
00890 
00193
00519 
00612 
00743 
00885 
00805 
00865 
00879 
00782 
01086 
01103 
00149 
00308
00323
00290
00195
00173
00445 
00607 
00734 
00640 
00695 
00945 
00967 
01101 
01070 
01033 
01239 
01131 
01046 
01116 
00981 
01074 
00522 
00015 
00049 
00053 
00092 
00146 
00167 
00084 
00021 
00156 
00064 
00027 
00008 
00154 
00096 
00316
00252
00221
00333
00227
00222
00237
00233
00292
00199
00191
00169
00170
00396 
00569 
00390 
00409 
00478 
00420 
00542 
00750 
00736 
00626 
00670 
00687 
00636 
00605 
00675 
00659 
00752 
00733 
00683 
00598 
00832 
00929 
00836 
00888 
00937 
00889 
00942 
00863 
01141 
01056 
01126 
01095 
01226 
01010 
01052 
01012 
00995 
00015 
00125 
00043 
00061 
00065 
00315
00325
00178
00463 
00719 
00953 
00922 
00886 
00983 
01105 
01051 
01043 
00110 
00005 
00090 
00040 
00254
00255
00283
00296
00245
00407 
00418 
00486 
00556 
00457 
00363 
00518 
00503 
00443 
00408 
00601 
00591 
00874 
00947 
00855 
00841 
00838 
00862 
00843 
01055 
01198 
01127 
01215 
01134 
01073 
01053 
00304
00367 
00606 
00803 
00925 
01085 
00155 
00095 
00022 
00108 
00123 
00161 
00225
00232
00230
00286
00287
00209
00196
00176
00342
00517 
00410 
00467 
00539 
00548 
00546 
00506 
00442 
00482 
00371 
00432 
00599 
00706 
00616 
00717 
00762 
00847 
00876 
01140 
01041 
01030 
01138 
01021 
00155 
00259
00278
00281
00263
00370 
00710 
00643 
01038 
00093 
00098 
00077 
00067 
00111 
00047 
00234
00203
00348
00261
00400 
00440 
00393 
00360 
00608 
00702 
00686 
00613 
00653 
00795 
00976 
00849 
00896 
01034 
01029 
00104 
00215
00575 
00484 
00955 
01149 
00660 
