00754 
00501 
00496 
00151 
00300
00265
00975 
00437 
00499 
01238 
00690 
00564 
00867 
00441 
01145 
00957 
00977 
00266
01135 
00211
00856 
00691 
00895 
00189
00568 
00059 
00398 
00964 
00658 
00502 
00140 
00930 
00831 
00392 
00451 
00982 
01237 
00745 
00798 
00206
00571 
00693 
01175 
00498 
00174
00697 
00559 
00312
01202 
00811 
00529 
01206 
00738 
00150 
00430 
00592 
00481 
00144 
00676 
00297
01067 
00827 
00925 
01120 
00594 
00980 
00463 
00711 
00909 
01064 
00563 
00511 
00041 
00166 
00478 
00788 
00041 
00032 
00204
00210
01057 
01072 
01063 
00270
00776 
00114 
00133 
00503 
01110 
00364 
00388 
00449 
00524 
00357 
00623 
00872 
00921 
00814 
01141 
01007 
00256
00531 
00533 
01211 
00414 
00608 
01105 
00105 
00117 
00276
00490 
00781 
00715 
01079 
00302
00614 
00904 
00322
00047 
00805 
00386 
01096 
00771 
00307
00366 
00566 
00685 
01026 
00236
00469 
00647 
00987 
00055 
00589 
00794 
00988 
01185 
00055 
00665 
00671 
00936 
00135 
00230
00173
00504 
00539 
00621 
00842 
00961 
01200 
00263
01038 
00003 
00011 
00187
00439 
00525 
00971 
01167 
00205
00535 
00562 
00039 
00561 
00425 
00662 
00853 
00999 
01019 
01142 
00038 
00013 
00218
00540 
00394 
00741 
00628 
00624 
00796 
00809 
00984 
01159 
01209 
01050 
01163 
00219
00710 
01121 
00004 
00175
00495 
00401 
00766 
00946 
01155 
01165 
00260
00655 
00139 
00526 
00411 
00860 
00973 
00969 
00786 
01005 
01222 
00024 
00325
00192
00416 
00368 
00519 
00615 
00617 
00622 
00868 
00866 
01130 
01048 
01051 
01043 
00573 
00063 
00320
00646 
00765 
00959 
00819 
00960 
01172 
01201 
01170 
01044 
00336
00337
00475 
00382 
00749 
00758 
00586 
00602 
00869 
00830 
00926 
00997 
01091 
00124 
00190
00466 
00380 
00358 
00625 
00726 
00680 
00807 
01148 
01002 
01106 
01107 
01136 
01160 
01233 
00892 
00033 
00074 
00306
00375 
00576 
00378 
00455 
00489 
00746 
00810 
00881 
00965 
01181 
01178 
01137 
01168 
01161 
00989 
00126 
00347
00574 
00553 
00572 
00968 
00840 
00901 
01205 
01014 
01156 
01207 
01173 
00141 
00141 
00215
00268
00667 
00978 
00148 
00355
00536 
00494 
00689 
00722 
00852 
00962 
00950 
00956 
00914 
00815 
00822 
01115 
01203 
00998 
01162 
01213 
01143 
01128 
00142 
00246
00248
00397 
00527 
00431 
00565 
00454 
00755 
00963 
00875 
00951 
00858 
00906 
01125 
01216 
01157 
00471 
00538 
00404 
00684 
00707 
00633 
00632 
00648 
00912 
00850 
00898 
00870 
01039 
01117 
01192 
01177 
01169 
00314
00530 
00748 
01016 
00018 
00137 
00993 
00143 
00122 
00313
00201
00243
00541 
00543 
01204 
01171 
00031 
00085 
00147 
00523 
00534 
00552 
00584 
00767 
00751 
00899 
00877 
00790 
00785 
00954 
01076 
01066 
00031 
00311
00235
00185
00427 
00567 
00508 
00532 
00731 
00705 
00730 
00845 
00812 
00797 
00878 
01083 
01139 
01093 
01179 
01158 
01182 
01040 
01224 
01166 
01197 
00062 
00083 
00089 
00272
00520 
00585 
00694 
00740 
00597 
00949 
01146 
00986 
00062 
00052 
00269
00438 
00497 
00944 
00915 
01164
00424 
00301
00436 
00596 
00739 
00610 
00905 
01049 
01188 
01210 
01042 
01234 
01151 
00208
00242
00453 
00669 
01199 
01099 
00415 
00522 
00742 
00588 
00902 
