00912 
00265
00884 
00177
00007 
00260
00451 
00447 
00161 
00176
00589 
00778 
01171 
01086 
00346
00987 
00753 
01227 
01112 
00479 
00988 
00505 
00802 
00080 
00588 
00008 
00469 
00790 
00123 
00459 
00556 
00989 
01091 
00427 
00178
01042 
00905 
00394 
01078 
00392 
00767 
00062 
00062 
00696 
00890 
00282
00975 
00079 
00590 
00706 
01065 
00550 
00457 
01157 
00148 
01010 
00302
00018 
00460 
00311
01077 
00001 
00159 
00200
00668 
00926 
00805 
01071 
01203 
00874 
00800 
00047 
00562 
00386 
00923 
00271
00860 
00523 
00160 
01173 
00059 
00458 
00798 
00922 
00570 
00625 
00081 
00612 
00347
00842 
00268
01090 
00554 
00555 
01162 
00139 
00721 
00520 
01222 
00495 
00085 
00726 
00250
00611 
00124 
00441 
00382 
00142 
00575 
01111 
00478 
00568 
00465 
01142 
00430 
00082 
00082 
00179
00502 
00931 
00571 
00749 
01148 
01076 
00040 
01000 
00748 
00956 
00006 
01049 
01166 
00141 
00141 
00119 
00152 
00467 
00188
00832 
00983 
01218 
00135 
00445 
00134 
00182
00591 
00655 
00719 
00564 
01234 
00875 
01192 
00106 
00728 
00897 
01102 
00122 
00377 
00945 
01131 
01116 
00670 
00605 
01180 
00646 
00472 
00305
00307
00530 
00614 
00487 
01195 
01204 
00251
00887 
00782 
00529 
00967 
01033 
00061 
00596 
00110 
00936 
00548 
01030 
00702 
00904 
00055 
00055 
00593 
01031 
00913 
00976 
00366 
00745 
00964 
00607 
00272
00949 
00322
00218
00211
00011 
00187
00205
00969 
00563 
00673 
01050 
01096 
01005 
00240
00959 
00235
01083 
00411 
01048 
00140 
00794 
00771 
00685 
01029 
00879 
00961 
01159 
01163 
01165 
00063 
00865 
00490 
00003 
00971 
00999 
01019 
00647 
01135 
00114 
00004 
01015 
00320
00998 
01181 
01168 
00602 
00466 
00754 
01106 
00013 
00960 
01167 
00901 
00856 
00401 
00962 
00633 
01206 
01200 
00425 
00258
00216
00982 
00358 
01205 
01172 
00680 
01107 
00758 
00830 
00722 
00384 
00455 
00489 
00965 
01161 
00654 
00870 
00281
00535 
00541 
00766 
00946 
01155 
00056 
00299
00943 
00911 
00852 
00914 
00190
00807 
01136 
00968 
00144 
00471 
00648 
00104 
01201 
01170 
00895 
01085 
00336
00337
00243
00536 
00496 
00693 
00815 
00037 
00151 
00074 
01137 
00385 
00444 
00676 
00370 
00454 
00858 
00906 
01125 
01224 
00538 
00684 
01117 
01169 
00214
00557 
01122 
00765 
00658 
00867 
00543 
00573 
00314
00206
00355
00689 
00615 
00776 
00031 
00437 
00751 
00031 
00246
00397 
00755 
00951 
00812 
00718 
00915 
01164
01016 
00312
00572 
00899 
00150 
00705 
00730 
01179 
00527 
00963 
00494 
00822 
01115 
01175 
01128 
00707 
00898 
00559 
00504 
00498 
00917 
00174
00147 
00552 
00785 
01066 
00485 
01067 
00248
00565 
00185
00449 
00143 
00313
00089 
00499 
00731 
01040 
00438 
00137 
00242
00584 
00738 
00694 
00597 
01120 
00993 
00165 
00508 
01194 
00986 
00052 
00189
00269
00497 
00944 
01211 
00424 
01197 
00083 
00585 
01146 
00669 
00811 
00091 
00511 
00481 
01183 
00436 
01188 
01210 
00690 
01099 
00566 
01026 
00236
01185 
00415 
00665 
00671 
00515 
01199 
00439 
00525 
00039 
00561 
00691 
00662 
00957 
00853 
00038 
00540 
00741 
00628 
00624 
00796 
00809 
00984 
01209 
00902 
00175
01238 
00526 
00973 
00786 
00819 
01044 
00978 
00398 
00475 
00586 
00869 
00997 
00380 
00831 
01002 
01160 
01233 
00742 
00892 
00033 
00306
00375 
00576 
00378 
00746 
00810 
00881 
01178 
01145 
00126 
00574 
00553 
00840 
01014 
01156 
01207 
01202 
00950 
01213 
01143 
00431 
00501 
00977 
01216 
00404 
00632 
00850 
00930 
01039 
01177 
00164 
00524 
00594 
00201
01237 
00534 
00877 
00954 
00244
00402 
00780 
01082 
00677 
00567 
00532 
00845 
00797 
00878 
01139 
01093 
01158 
01182 
00639 
00903 
00833 
01118 
00088 
00332
00806 
01147 
00429 
01062 
01110 
00100 
00422 
01119 
00297
00740 
00697 
00804 
00024 
00204
00184
00273
00421 
00698 
00829 
01009 
00231
01152 
01190 
01081 
01104 
00051 
00026 
00229
00212
00183
00650 
00859 
00784 
00793 
00972 
01007 
01191 
01060 
01054 
00030 
00023 
00181
00630 
00769 
00813 
01124 
01075 
00295
00019 
00301
00266
00739 
00610 
00163 
00317
00224
00172
00369 
00473 
00577 
00223
00288
00327
00293
00711 
00928 
00907 
01068 
01232 
01035 
01223 
00042 
00238
00352
00349
00461 
00372 
00364 
00657 
00737 
00700 
00826 
01108 
01151 
00166 
00130 
00217
00340
00391 
00579 
00357 
00727 
00747 
00651 
00667 
00775 
00618 
00623 
00851 
00970 
00916 
00873 
01132 
01017 
01058 
00102 
00383 
00631 
00725 
00587 
00629 
00661 
01047 
00118 
00521 
00228
00351
00604 
00688 
00919 
00208
00453 
00113 
00326
00289
00210
00274
00528 
00361 
00414 
00480 
00462 
00419 
00770 
00764 
00622 
00772 
00692 
00883 
00844 
00958 
00828 
00848 
01025 
01114 
01024 
01057 
01214 
01129 
01032 
00341
00284
00446 
00582 
00510 
00672 
00715 
00757 
00732 
00583 
00952 
00992 
01220 
00219
00193
00519 
00743 
00885 
01103 
00149 
00308
00323
00290
00195
00173
00734 
00640 
00695 
01101 
01070 
01239 
01046 
00981 
01074 
00522 
00015 
00049 
00053 
00092 
00068 
00146 
00167 
00084 
00021 
00156 
00064 
00027 
00107 
00154 
00096 
00316
00252
00221
00333
00227
00222
00237
00233
00292
00199
00191
00169
00170
00396 
00569 
00390 
00409 
00420 
00542 
00750 
00736 
00626 
00687 
00636 
00675 
00659 
00752 
00733 
00683 
00598 
00929 
00934 
00836 
00888 
00937 
00889 
00942 
00863 
01141 
01056 
01126 
01095 
01226 
01052 
01012 
00995 
00015 
00125 
00043 
00065 
00315
00253
00325
00368 
00463 
00953 
00886 
01105 
01051 
01043 
00072 
00005 
00090 
00254
00255
00283
00296
00245
00407 
00418 
00486 
00363 
00518 
00503 
00443 
00408 
00601 
00947 
00855 
00841 
00838 
00862 
00843 
01055 
01198 
01127 
01215 
01134 
01073 
01053 
00304
00367 
00703 
00606 
00803 
00925 
00155 
00095 
00022 
00108 
00225
00232
00230
00286
00287
00209
00196
00342
00517 
00410 
00539 
00546 
00506 
00442 
00482 
00371 
00432 
00599 
00616 
00717 
00762 
00847 
00876 
01140 
01041 
01138 
01021 
00155 
00259
00278
00263
00710 
00643 
01038 
00093 
00098 
00077 
00067 
00111 
00234
00203
00348
00279
00261
00416 
00400 
00440 
00393 
00360 
00608 
00686 
00613 
00653 
00795 
00849 
00896 
01034 
00215
00484 
00955 
01149 
01003 
00660 
