00389 
00767 
00031 
00031 
00184
01179 
00754 
00392 
01111 
00502 
01218 
00302
01234 
01163 
01080 
00926 
00628 
00562 
00386 
00515 
00897 
00438 
01164
00963 
00914 
00472 
01165 
01015 
00838 
00219
00936 
01162 
00906 
00538 
00988 
00882 
00912 
00726 
01194 
00504 
00506 
00943 
01085 
00568 
00465 
00673 
00975 
00648 
01048 
00931 
00185
00385 
00684 
00989 
00165 
01148 
01076 
00693 
01188 
00956 
00437 
00370 
00141 
00141 
00148 
00993 
01038 
00189
01066 
00358 
01180 
00397 
00451 
00346
00865 
00676 
00418 
00445 
00508 
00134 
00182
00709 
00159 
01093 
00326
00510 
01239 
00091 
00588 
00090 
00447 
00188
00106 
00505 
00806 
00027 
00698 
00728 
01102 
00377 
00006 
00670 
00605 
00997 
00646 
00305
01105 
00307
00614 
00487 
00923 
01195 
00782 
00653 
00976 
00896 
00415 
00238
00657 
00529 
01071 
00550 
00660 
00596 
00579 
01017 
00734 
00945 
01101 
01112 
00904 
00055 
00055 
01031 
00366 
00589 
00964 
00607 
00987 
00272
00949 
00049 
00146 
00687 
00733 
00163 
00322
01065 
01223 
00469 
00218
00211
00011 
00187
00176
00205
00969 
00200
00394 
01050 
01096 
01005 
00696 
00959 
00235
01083 
00411 
00140 
00794 
00771 
00685 
00061 
00315
00372 
00363 
00612 
00879 
00961 
00265
01159 
00347
00860 
00019 
00063 
00490 
01227 
01078 
00003 
00971 
00999 
01019 
00647 
00827 
00966 
01135 
00114 
00004 
00799 
00320
00998 
00139 
01181 
01168 
00059 
00602 
00466 
01106 
00013 
00960 
01167 
00260
00901 
01173 
00856 
00401 
00962 
00633 
01206 
00224
00458 
00798 
01200 
00425 
00258
00982 
01205 
01172 
00680 
01107 
00758 
00830 
01091 
00725 
00722 
00455 
00489 
00965 
01161 
00123 
00599 
00870 
00535 
00268
00890 
00541 
01171 
00766 
00946 
01155 
00056 
00299
00911 
00852 
00190
00807 
01136 
00968 
00144 
00471 
00193
01086 
01201 
01170 
00895 
01222 
00336
00337
00243
00536 
00496 
00815 
00037 
00151 
00074 
01137 
00062 
00062 
00444 
00749 
00124 
00441 
00454 
00858 
01125 
00427 
01224 
01117 
01169 
00765 
00658 
00867 
00543 
00573 
00314
00206
00355
00689 
00751 
00790 
00246
00755 
00951 
00812 
00575 
00075 
00093 
00098 
00067 
00440 
01034 
00915 
01016 
00312
00572 
00899 
00150 
00705 
00730 
00527 
00494 
00822 
01115 
01175 
01128 
00707 
00898 
00559 
00008 
00498 
00174
00147 
00523 
00552 
00785 
00703 
01067 
00248
00565 
01157 
00449 
00721 
00143 
00313
00452 
00089 
00311
00499 
00731 
01040 
00748 
00137 
00242
00085 
00584 
00823 
00738 
00694 
00597 
00430 
00905 
01120 
00018 
00570 
00986 
00052 
00269
00497 
00944 
01211 
00058 
00197
00387 
00994 
00424 
01197 
00083 
00520 
00585 
01146 
00669 
00811 
00384 
00935 
00824 
01189 
00511 
00481 
01183 
00436 
01210 
01042 
00690 
01099 
00081 
00581 
00641 
00566 
01026 
00236
01185 
00665 
00671 
01199 
00439 
00525 
00039 
00561 
00691 
00662 
00957 
00853 
01142 
00038 
00540 
00741 
00624 
00796 
00809 
00984 
01209 
00060 
00135 
00202
00423 
01090 
00902 
00175
00495 
01238 
00655 
00526 
00973 
00786 
00819 
01044 
00978 
00398 
00475 
00382 
00586 
00869 
00380 
00625 
00831 
01002 
01160 
01233 
00742 
00892 
00086 
00359 
00816 
00033 
00306
00375 
00576 
00378 
00746 
00810 
00881 
01178 
01145 
00126 
00574 
00553 
00564 
00840 
01014 
01156 
01207 
01202 
00745 
00571 
00950 
01203 
01213 
01143 
00142 
00431 
00501 
00875 
00977 
01216 
00404 
00632 
00850 
00930 
01039 
01192 
01177 
00530 
00164 
00524 
00594 
00122 
00201
01237 
01204 
00534 
00877 
00954 
00244
00402 
00177
00780 
01082 
00677 
00567 
00532 
00845 
00797 
00878 
01139 
01158 
01182 
01166 
00639 
00903 
00833 
01118 
00088 
00332
00271
01147 
01077 
00007 
00429 
01062 
01110 
00100 
00422 
01119 
00297
00740 
00697 
00804 
00024 
00204
00273
00421 
00778 
00829 
01009 
00231
01152 
01190 
01081 
01104 
00082 
00051 
00026 
00080 
00229
00212
00183
00459 
00650 
00859 
00784 
00793 
00972 
01007 
01191 
01060 
01054 
00082 
00030 
00023 
00181
00630 
00769 
00813 
01124 
01075 
00250
00295
00611 
00563 
00301
00266
00739 
00610 
01049 
00317
00172
00369 
00473 
00577 
00160 
00223
00288
00327
00293
00479 
00711 
00928 
00907 
01068 
01232 
01035 
00042 
00352
00349
00461 
00364 
00460 
00737 
00700 
00826 
01108 
01151 
00119 
00166 
00130 
00217
00340
00391 
00357 
00727 
00747 
00651 
00667 
00775 
00618 
00623 
00590 
00884 
00851 
00970 
00916 
00873 
01132 
01058 
00102 
00179
00383 
00631 
00587 
00629 
00661 
00800 
01047 
00118 
00521 
01000 
00228
00351
00604 
00688 
00913 
00919 
00887 
00208
00453 
00001 
00113 
00251
00289
00282
00210
00274
00528 
00361 
00414 
00480 
00462 
00419 
00770 
00764 
00622 
00772 
00692 
00753 
00883 
00844 
00958 
00828 
00848 
00802 
01025 
01114 
01024 
01057 
01214 
01129 
01032 
00341
00284
00446 
00554 
00582 
00555 
00672 
00715 
00668 
00757 
00732 
00583 
00952 
00992 
01220 
00519 
00743 
00885 
00805 
01103 
00149 
00308
00323
00290
00195
00173
00640 
00695 
00967 
00842 
01070 
01033 
01131 
01046 
01116 
00981 
01074 
00522 
00015 
00053 
00092 
00068 
00167 
00084 
00021 
00156 
00064 
00107 
00154 
00096 
00316
00252
00221
00333
00227
00222
00237
00233
00292
00199
00191
00169
00170
00396 
00569 
00390 
00409 
00478 
00420 
00542 
00750 
00736 
00626 
00636 
00675 
00659 
00752 
00683 
00598 
00832 
00929 
00934 
00836 
00888 
00937 
00889 
00942 
00863 
01141 
01056 
01126 
01095 
01226 
01010 
01052 
01012 
00995 
00015 
00125 
00043 
00065 
00253
00325
00178
00368 
00463 
00719 
00953 
00922 
00886 
00983 
01051 
01043 
00110 
00072 
00005 
00040 
00254
00255
00283
00296
00245
00407 
00486 
00556 
00457 
00518 
00503 
00443 
00408 
00601 
00591 
00874 
00947 
00855 
00841 
00862 
00843 
01055 
01198 
01127 
01215 
01134 
01073 
01053 
00304
00367 
00606 
00803 
00925 
00155 
00095 
00022 
00108 
00161 
00225
00232
00230
00286
00287
00209
00196
00342
00517 
00410 
00467 
00539 
00548 
00546 
00442 
00482 
00371 
00432 
00706 
00616 
00717 
00762 
00847 
00876 
01140 
01041 
01030 
01138 
01021 
00155 
00259
00278
00281
00263
00710 
00643 
00077 
00111 
00047 
00234
00203
00348
00279
00261
00416 
00400 
00393 
00360 
00608 
00702 
00686 
00613 
00795 
00849 
01029 
00104 
00215
00484 
00955 
01149 
01003 
