00690 
00134 
00763 
00559 
00819 
00944 
01192 
00437 
01004 
00394 
00964 
01197 
01163 
00063 
00965 
00830 
00931 
00926 
00502 
00156 
01169 
00912 
00790 
00988 
01106 
00647 
00322
00062 
00062 
00479 
00301
00496 
00767 
00243
00798 
00348
00352
01171 
00064 
00536 
00919 
00821 
00242
00340
00144 
00719 
00182
01024 
00549 
00208
01237 
00599 
00726 
01031 
00986 
00519 
00055 
00055 
00875 
00377 
00614 
01131 
00262
00788 
01111 
01147 
00934 
00183
01158 
00491 
00682 
00975 
00508 
00699 
00490 
00990 
00244
00499 
00237
01148 
00516 
01173 
01067 
00722 
00032 
00415 
00372 
00446 
01005 
00299
00265
00011 
00879 
00684 
00501 
00870 
00254
00205
00969 
00920 
01019 
00943 
00013 
00155 
00155 
00703 
00333
00489 
01161 
01218 
00368 
00730 
01135 
00564 
00163 
00425 
00060 
01091 
00607 
00089 
00776 
00320
00694 
00550 
00429 
00901 
00432 
00020 
00914 
00190
00024 
01115 
01194 
00353
00541 
00671 
00905 
00968 
00392 
00124 
00915 
00885 
00106 
00505 
00568 
00010 
00751 
00898 
00804 
01143 
00481 
00886 
00498 
00731 
00658 
00867 
00224
00248
00141 
00141 
01038 
00148 
00822 
01162 
00755 
00573 
00552 
00963 
00192
00811 
01073 
00388 
01076 
00189
00302
00107 
00540 
00606 
00585 
00597 
00936 
00166 
00590 
00398 
00387 
00806 
01233 
00904 
00956 
00768 
00592 
00366 
00589 
00424 
01003 
00987 
00227
01188 
00469 
00218
00038 
00796 
00984 
00211
00187
00562 
01195 
00307
00039 
01185 
01050 
00386 
01096 
00525 
00184
00959 
00630 
00411 
00140 
00794 
00771 
00685 
00255
01099 
00582 
00977 
00135 
00241
00674 
00961 
01159 
01165 
00347
01238 
00860 
00845 
01093 
00003 
00971 
00999 
00468 
00745 
00004 
00210
01199 
00814 
00998 
00139 
01181 
01168 
00973 
00059 
00602 
00842 
00466 
00754 
01149 
00380 
00989 
00960 
01186 
01167 
00260
00650 
00856 
00401 
00962 
00633 
01206 
01200 
00461 
00982 
00687 
00863 
00358 
01205 
01172 
00332
00680 
01107 
00758 
01112 
00455 
00431 
00297
00022 
01138 
01039 
00535 
00766 
00946 
01155 
00056 
00911 
00852 
00571 
00807 
01136 
00295
00553 
00840 
00471 
00648 
01201 
01170 
00878 
00895 
01222 
00336
00337
01118 
00693 
00815 
00422 
00151 
00074 
01137 
00423 
00749 
00296
00676 
00922 
00983 
00441 
00454 
00858 
00906 
01125 
00889 
00942 
00427 
01224 
00538 
01117 
00765 
01083 
00543 
00314
00206
00355
00689 
00764 
00212
01007 
01060 
00271
01077 
00031 
00031 
00510 
00246
00397 
00951 
01043 
00812 
01062 
00460 
01164
00673 
00511 
01229 
01015 
01016 
00312
00572 
00465 
00899 
00150 
00705 
01179 
00201
01204 
00527 
00451 
00494 
01175 
01128 
00707 
00250
00217
00727 
00623 
01132 
00542 
00087 
00005 
01134 
01119 
00174
00317
00172
00147 
00523 
00785 
01066 
00160 
00472 
00928 
01232 
00565 
01157 
00185
00696 
00661 
00143 
00313
00311
01040 
00272
00438 
00596 
00748 
00137 
00346
00326
00349
01108 
00084 
00027 
00154 
00221
00292
00170
00605 
00733 
00937 
01226 
00200
00715 
00668 
00732 
00578 
00085 
00584 
00738 
00430 
00232
00342
00517 
00268
01120 
00018 
00993 
00473 
00067 
00896 
00052 
00269
00497 
00102 
00305
00800 
00125 
00325
01051 
00486 
00457 
00518 
00503 
00947 
00855 
01211 
00194
00149 
00195
00967 
01116 
00622 
01129 
00083 
00520 
01146 
00370 
00667 
00203
00440 
00653 
00669 
00050 
00017 
00837 
00824 
01228 
01006 
00588 
00865 
00118 
01000 
00436 
01210 
01042 
00803 
00925 
00095 
00286
00410 
00442 
00762 
01041 
00219
00043 
01105 
00278
00226
01212 
00566 
01026 
00236
00522 
00665 
00439 
00093 
00047 
00849 
01034 
00304
00545 
00561 
00691 
00662 
00957 
00853 
01142 
00741 
00628 
00624 
00809 
01209 
01045 
00902 
00129 
00580 
00175
00495 
00300
00666 
00655 
00526 
00786 
00281
00263
00710 
00643 
00646 
01044 
00475 
00382 
00586 
00869 
00997 
00625 
00831 
01002 
01160 
00742 
00073 
00133 
00892 
00104 
00484 
00955 
00057 
00513 
00620 
00985 
00033 
00306
00375 
00576 
00378 
00746 
00810 
00881 
01178 
01145 
00126 
00574 
01014 
01156 
01207 
01202 
00872 
01109 
00950 
01203 
01213 
00660 
00142 
00529 
01216 
00034 
00202
00197
00404 
00632 
00850 
00930 
01177 
00530 
00025 
00157 
00537 
00488 
00433 
00365 
00933 
00787 
00941 
01013 
00076 
00909 
01028 
00164 
00524 
00594 
00122 
00534 
00877 
00954 
00402 
00359 
00617 
00177
00780 
01082 
00002 
00069 
00120 
00343
00664 
00835 
01088 
00677 
00235
00567 
00532 
00797 
01139 
01182 
01166 
00639 
00903 
00833 
00153 
00207
00328
00492 
00756 
00701 
00777 
00593 
00861 
00891 
00921 
00808 
00882 
01008 
00188
00088 
00007 
01110 
00100 
00740 
00949 
00697 
00204
00273
00421 
00778 
00698 
00829 
01009 
00231
01152 
01190 
01081 
01104 
01180 
00037 
00483 
00779 
00082 
00051 
00026 
00080 
00229
00459 
00859 
00784 
00793 
00972 
01191 
01054 
00082 
00070 
00136 
00081 
00319
00570 
00581 
00362 
00406 
00704 
00924 
00880 
01084 
00070 
00159 
00030 
00023 
00181
00769 
00813 
01124 
01075 
00611 
00019 
00563 
00266
00739 
00610 
01049 
01234 
00458 
00369 
00577 
00223
00288
00327
00293
00711 
00907 
01065 
01068 
01035 
01223 
00042 
00238
00364 
00657 
00737 
00700 
00826 
00103 
00334
00213
00417 
00504 
00373 
00533 
00679 
00714 
00791 
01144 
01193 
01151 
00119 
00130 
00391 
00579 
00357 
00747 
00651 
00775 
00618 
00728 
00884 
00851 
00970 
00897 
00916 
00873 
01017 
01058 
01102 
00006 
00179
00383 
00631 
00725 
00587 
00629 
01047 
00258
00521 
00228
00351
00604 
00688 
00913 
00887 
01071 
01227 
01078 
00453 
00001 
00113 
00251
00289
00282
00274
00528 
00447 
00361 
00414 
00480 
00462 
00419 
00770 
00772 
00692 
00753 
00883 
00844 
00958 
00828 
00848 
00802 
01025 
01114 
01057 
01048 
01214 
01032 
00341
00284
00487 
00554 
00555 
00672 
00757 
00583 
00923 
00952 
00992 
01220 
00165 
00331
00270
00515 
00627 
00866 
00816 
00890 
00193
00612 
00743 
00805 
00782 
01086 
01103 
00308
00323
00290
00173
00445 
00734 
00640 
00695 
00945 
01101 
01070 
01033 
01239 
01046 
00981 
01074 
00015 
00049 
00053 
00092 
00068 
00146 
00167 
00021 
00008 
00096 
00316
00252
00222
00233
00199
00191
00169
00396 
00569 
00390 
00409 
00478 
00420 
00750 
00736 
00626 
00670 
00636 
00675 
00659 
00752 
00683 
00598 
00832 
00929 
00836 
00888 
01141 
01056 
01126 
01095 
01010 
01052 
01012 
00995 
00015 
00014 
00061 
00065 
00315
00253
00178
00463 
00953 
00110 
00072 
00090 
00040 
00283
00245
00407 
00418 
00556 
00363 
00443 
00408 
00601 
00591 
00874 
00841 
00838 
00862 
00843 
01055 
01198 
01127 
01215 
01053 
00367 
01085 
00108 
00123 
00161 
00225
00230
00287
00209
00196
00176
00467 
00539 
00548 
00546 
00506 
00482 
00371 
00706 
00616 
00717 
00847 
00876 
01140 
01030 
01021 
00259
00098 
00077 
00111 
00234
00279
00261
00416 
00400 
00393 
00360 
00608 
00702 
00686 
00613 
00795 
00976 
01029 
00215
00575 
