00496 
00902 
00926 
00647 
00944 
00314
00766 
00931 
01205 
00540 
01124 
00499 
00106 
00386 
01076 
00301
00767 
00919 
00690 
00652 
00336
00770 
00208
00962 
00174
01008 
00614 
00030 
00505 
00437 
00052 
00856 
00726 
00494 
00348
00366 
00682 
01186 
00571 
01111 
00156 
00915 
00063 
00490 
01158 
00905 
00643 
00975 
00964 
01157 
00411 
01106 
00370 
00011 
00013 
00430 
00333
01148 
01161 
00601 
00921 
00969 
00961 
00881 
00758 
00870 
00479 
00347
00278
00973 
00912 
00822 
00879 
00920 
01066 
00684 
01169 
00819 
01218 
00564 
00355
00134 
00215
00243
00866 
00465 
00148 
00858 
00559 
00634 
00141 
00141 
00189
00573 
00812 
00248
00392 
01207 
00457 
00010 
00532 
00089 
00067 
00377 
00242
00597 
00956 
00719 
00566 
00122 
01033 
00524 
00038 
01209 
00083 
00225
00548 
01180 
00978 
00522 
00302
00632 
01192 
00415 
01065 
00826 
00784 
00793 
00791 
00936 
00424 
01145 
00904 
00997 
00055 
00055 
00344
01031 
00175
00589 
01134 
00987 
00988 
00322
00469 
00218
00608 
00702 
00211
00164 
00187
00205
00562 
00404 
00394 
01050 
01114 
01096 
01005 
00992 
00959 
00491 
00140 
00794 
00180
00771 
00685 
00265
01159 
01163 
00244
01234 
00082 
00212
00650 
01191 
01054 
00082 
01041 
01165 
00860 
01156 
01047 
00003 
00971 
00999 
01019 
01077 
01135 
00004 
00320
00998 
00139 
01102 
01181 
01168 
00059 
00602 
00501 
00466 
00754 
01081 
00989 
00960 
00177
01004 
01167 
00260
00901 
01173 
00401 
00633 
01206 
00798 
01200 
00425 
00635 
01217 
00982 
00358 
01172 
00680 
01107 
00830 
01091 
00722 
01083 
00223
00455 
00489 
00965 
00535 
00422 
00064 
00027 
00221
00670 
00605 
00659 
00598 
00942 
01052 
00541 
01171 
00946 
01155 
00435 
00056 
00299
00943 
00911 
00209
00852 
00914 
00190
00807 
01136 
00968 
00326
00753 
00159 
00181
00696 
00144 
00446 
00672 
00668 
00952 
00471 
00648 
01201 
01170 
00895 
01222 
00188
00337
00536 
00693 
00815 
00519 
00238
00460 
00890 
00151 
00074 
01137 
01110 
00060 
00423 
00062 
00062 
00749 
00676 
00124 
00441 
00454 
00906 
01125 
00427 
01224 
00538 
01117 
00765 
00658 
00867 
00543 
00061 
00206
00568 
00689 
00913 
01071 
01078 
00072 
00486 
00556 
01198 
01215 
01073 
00031 
00751 
00790 
00031 
00246
00397 
00755 
00951 
00163 
00458 
01164
01016 
00312
00572 
00323
00607 
00502 
00899 
00150 
00705 
00730 
01179 
01122 
00076 
00247
00527 
00451 
00963 
01115 
01175 
01162 
01128 
00707 
00898 
00102 
00305
00661 
00001 
00251
00147 
00523 
00552 
00785 
00776 
01067 
00565 
00185
00095 
00022 
00286
00176
00599 
00616 
00803 
00143 
00313
00612 
00885 
00865 
00782 
01103 
00311
00731 
01040 
00438 
00748 
00137 
00343
00197
00498 
00085 
00584 
00738 
01105 
01051 
00694 
01120 
00018 
00993 
00508 
00268
00986 
00269
00497 
00093 
00098 
00653 
00896 
00008 
01211 
00304
01197 
00520 
00585 
01146 
00669 
00811 
00588 
00436 
01188 
01210 
01042 
01123 
01099 
01003 
00307
01026 
00236
01185 
00321
00547 
00609 
00948 
01063 
00665 
00671 
00581 
01212 
01199 
00439 
00525 
00660 
00039 
00561 
00691 
00662 
00957 
00853 
01142 
00741 
00628 
00624 
00796 
00809 
00984 
00495 
01238 
00655 
00526 
00786 
00153 
00127 
00012 
00050 
00264
00456 
00649 
00846 
00935 
00808 
00979 
00783 
01184 
00646 
01044 
00398 
00475 
00382 
00586 
00869 
00380 
00625 
00831 
01002 
01160 
01233 
00742 
00892 
00033 
00306
00375 
00576 
00378 
00746 
00810 
01178 
00126 
00574 
00553 
00840 
01014 
01202 
00048 
00359 
00515 
00985 
00319
00350
00220
00468 
00880 
00745 
00950 
01203 
01213 
01143 
00142 
00529 
00431 
00875 
00977 
01216 
00850 
00930 
01039 
01177 
00530 
00112 
00058 
00034 
00509 
00452 
01183 
01045 
00594 
00201
01237 
01204 
00534 
00877 
00954 
00402 
00780 
01082 
00677 
00235
00567 
00845 
00797 
00878 
01139 
01093 
01182 
01166 
00483 
00639 
00903 
00833 
01118 
00088 
00332
00271
00806 
01147 
00007 
00429 
01062 
01112 
00100 
01119 
00297
00272
00740 
00949 
00697 
00804 
00024 
00204
00184
00273
00346
00421 
00778 
00698 
00829 
01009 
00231
01152 
01190 
01104 
00051 
00026 
00080 
00229
00183
00459 
00859 
00972 
01007 
01060 
00023 
00630 
00769 
00813 
01075 
00250
00295
00611 
00019 
00563 
00266
00596 
00739 
00610 
01049 
00317
00224
00172
00369 
00473 
00577 
00160 
00288
00327
00293
00472 
00711 
00928 
00907 
01068 
01232 
01035 
01223 
00042 
00352
00349
00550 
00461 
00372 
00364 
00657 
00737 
00700 
01108 
01151 
00119 
00166 
00130 
00217
00340
00391 
00579 
00357 
00727 
00747 
00651 
00667 
00775 
00618 
00728 
00623 
00590 
00884 
00851 
00970 
00897 
00916 
00873 
01132 
01017 
01058 
00006 
00179
00383 
00631 
00725 
00587 
00629 
00673 
00800 
00118 
00258
00521 
01000 
00228
00351
00604 
00688 
00887 
01227 
00453 
00113 
00289
00282
00210
00182
00274
00528 
00447 
00361 
00414 
00480 
00462 
00419 
00764 
00622 
00772 
00692 
00883 
00844 
00958 
00828 
00848 
00802 
01025 
01024 
01057 
01048 
01214 
01129 
01032 
00341
00284
00200
00487 
00554 
00582 
00555 
00510 
00715 
00757 
00732 
00583 
00923 
01195 
01220 
00219
00193
00743 
00805 
01086 
00149 
00308
00290
00195
00173
00445 
00734 
00640 
00695 
00945 
00967 
00842 
01101 
01070 
01239 
01131 
01046 
01116 
00981 
01074 
00015 
00049 
00053 
00092 
00068 
00146 
00167 
00084 
00021 
00107 
00154 
00096 
00316
00252
00227
00222
00237
00233
00292
00199
00191
00169
00170
00396 
00569 
00390 
00409 
00478 
00420 
00542 
00750 
00736 
00626 
00687 
00636 
00675 
00752 
00733 
00683 
00832 
00929 
00934 
00836 
00888 
00937 
00889 
00863 
01141 
01056 
01126 
01095 
01226 
01010 
01012 
00995 
00015 
00125 
00043 
00065 
00315
00253
00325
00178
00368 
00463 
00953 
00922 
00886 
00983 
01043 
00110 
00005 
00090 
00040 
00254
00255
00283
00296
00245
00407 
00418 
00363 
00518 
00503 
00443 
00408 
00591 
00874 
00947 
00855 
00841 
00838 
00862 
00843 
01055 
01127 
01053 
00367 
00703 
00606 
00925 
01085 
00155 
00108 
00123 
00161 
00232
00230
00287
00196
00342
00517 
00410 
00467 
00539 
00546 
00506 
00442 
00482 
00371 
00432 
00706 
00717 
00762 
00847 
00876 
01140 
01030 
01138 
01021 
00155 
00259
00281
00263
00710 
01038 
00077 
00111 
00047 
00234
00203
00279
00261
00416 
00400 
00440 
00393 
00360 
00686 
00613 
00795 
00976 
00849 
01034 
01029 
00104 
00575 
00484 
00955 
01149 
