01159 
00471 
00798 
00758 
01156 
00187
00126 
00883 
00765 
00051 
01175 
00404 
00441 
00825 
00314
00052 
00830 
00811 
00915 
00867 
01206 
00437 
00486 
01105 
01128 
00749 
00494 
00418 
00430 
00425 
00124 
00140 
01113 
00336
00205
00170
00337
01077 
01106 
01019 
00612 
00065 
00063 
01137 
00392 
00401 
01173 
00261
00091 
00648 
00062 
00207
00096 
00268
00366 
00853 
00719 
00856 
00499 
00125 
00411 
00243
00981 
00523 
00269
00436 
00929 
00535 
00150 
00936 
00313
00147 
00106 
00614 
01083 
00646 
01161 
00589 
00956 
01146 
00322
00671 
01096 
00726 
00613 
00573 
00574 
00210
00680 
00185
01172 
00301
00611 
00219
01192 
00311
00968 
00916 
01205 
00585 
01181 
01216 
00263
00926 
00104 
00707 
01165 
00906 
00690 
00190
00019 
00793 
01040 
00078 
00399 
00236
00714 
00795 
00504 
00971 
00525 
00947 
00946 
01135 
01075 
00018 
00920 
01183 
01111 
00973 
00003 
01148 
01117 
00502 
00748 
01053 
00427 
00647 
01056 
00927 
00998 
00160 
00297
00231
00781 
00638 
00246
00689 
00851 
00095 
01107 
00785 
00797 
00962 
01005 
00179
00552 
00901 
00767 
00276
00211
00143 
01178 
00346
00982 
00559 
01190 
00565 
00566 
01169 
00302
00482 
01191 
00676 
01203 
01222 
00568 
00849 
01050 
00325
00572 
00949 
00199
00693 
00274
01184 
00055 
00527 
00722 
00778 
00567 
00039 
00137 
00206
00501 
00083 
00309
00407 
00978 
00287
00913 
00030 
00716 
00442 
00033 
00896 
00930 
00415 
00139 
01082 
00480 
00189
01157 
00004 
00077 
01052 
00700 
00892 
00394 
00655 
01167 
00685 
00553 
00694 
00370 
01197 
00540 
00312
00469 
00875 
00964 
00367 
00669 
00786 
00119 
00586 
00265
01204 
00421 
00961 
00332
00766 
00754 
00622 
01168 
00840 
00182
00288
01064 
00808 
00098 
00149 
00320
00357 
00102 
00807 
01002 
00819 
01121 
00455 
00439 
00904 
01066 
00114 
00029 
01118 
01152 
00011 
00386 
00989 
00235
00385 
00770 
00999 
00064 
00281
00822 
00583 
01068 
00564 
01210 
00505 
00969 
00857 
00919 
00324
00151 
00860 
01081 
00854 
00829 
00762 
00740 
01109 
00280
00424 
00254
00794 
00489 
00959 
00738 
01032 
00473 
00059 
01155 
01236 
01028 
00955 
01182 
00771 
00881 
00960 
00115 
00633 
00474 
00310
00530 
00416 
00864 
00244
00154 
01132 
00466 
00481 
00610 
00267
00711 
00873 
00208
00695 
00369 
00594 
00571 
00950 
01171 
00632 
01039 
01179 
00008 
00759 
00122 
01108 
00082 
00144 
00163 
00773 
01215 
00954 
01014 
00818 
00615 
00529 
00472 
00518 
01124 
00541 
01170 
00898 
00912 
00639 
00658 
00308
00216
00858 
00745 
00094 
00300
01136 
00844 
00090 
00496 
00068 
00465 
00627 
00413 
00821 
00296
00363 
01174 
00487 
00284
00507 
00049 
01212 
01027 
00242
01115 
00173
00355
00944 
00879 
00677 
00451 
00963 
00951 
00141 
00423 
00180
00705 
00503 
00084 
00396 
00067 
01122 
00624 
01058 
00272
00445 
01016 
01143 
01078 
00976 
00580 
00001 
00258
01120 
00438 
00446 
00673 
00410 
00351
00675 
01162 
00755 
01134 
00352
00584 
00248
01139 
00841 
00616 
00563 
01110 
00109 
01200 
00597 
00462 
00498 
00342
00378 
00089 
00111 
00201
00361 
00419 
00134 
01000 
00620 
01129 
01076 
00986 
00406 
00596 
00007 
01177 
00967 
01116 
01140 
00032 
00905 
01145 
00348
01041 
01072 
00463 
00453 
01234 
00497 
00743 
00178
00532 
00993 
00286
00534 
01219 
00629 
00118 
01033 
00108 
01151 
00662 
00398 
00625 
01127 
00444 
00275
00780 
00326
00295
00006 
00397 
00987 
00804 
00988 
00088 
00230
00176
00522 
01046 
00508 
00628 
01209 
00588 
00885 
00218
01158 
00886 
00360 
00138 
00362 
00823 
00086 
00414 
00495 
00304
00561 
00957 
00562 
00995 
00550 
00520 
01223 
00038 
00333
00234
00653 
00380 
00890 
00422 
00435 
00379 
01099 
00331
00776 
00549 
00359 
01188 
00266
00400 
01029 
00643 
00393 
01207 
00273
00042 
00846 
00972 
00702 
00375 
00105 
00874 
00260
00347
00699 
01238 
00203
00279
00440 
00810 
00382 
00997 
00228
00975 
00934 
01237 
00343
00516 
00278
00764 
00175
00384 
01160 
00215
00035 
00013 
01166 
00958 
00307
00713 
01202 
01199 
00358 
00681 
00412 
01049 
00475 
01091 
01163 
01186 
00470 
00026 
01054 
00914 
00319
00965 
00576 
00461 
00420 
00289
00870 
00524 
01114 
01024 
01214 
00852 
00131 
00544 
00824 
00966 
00979 
00317
00859 
00895 
00293
00479 
00291
00204
01201 
01213 
01196 
00225
00217
00389 
00884 
01147 
00718 
00536 
00602 
00815 
00306
00697 
00074 
00902 
00746 
00721 
00698 
00164 
00621 
00100 
00454 
01125 
00294
00816 
00177
00538 
00684 
00543 
00728 
00897 
00836 
00270
00779 
00751 
00790 
00736 
00863 
00101 
00514 
01194 
00183
00657 
00742 
00037 
00635 
00812 
00113 
00928 
00706 
00877 
00229
01007 
01037 
00200
00907 
00640 
01164
00899 
00148 
01062 
00730 
01074 
00383 
00259
00784 
01017 
00024 
00282
00828 
00146 
00021 
00227
00569 
00605 
00174
01224 
00688 
00528 
00848 
00477 
00747 
00290
00604 
01065 
01227 
00133 
00490 
01198 
00408 
00855 
01073 
01067 
00582 
01104 
01232 
01035 
00637 
00817 
00996 
00172
00587 
00577 
00112 
00081 
00664 
01144 
00617 
00391 
00731 
01093 
00224
00031 
01119 
00071 
00181
00232
00014 
00085 
00315
00345
00048 
00630 
00221
00222
00233
00169
00390 
00750 
01141 
01126 
00447 
00349
00372 
00364 
00715 
00668 
00868 
00305
00763 
01130 
00209
00196
00548 
01030 
00066 
00606 
00022 
00123 
00842 
00484 
00601 
00757 
00732 
00292
00788 
00931 
00341
00251
01211 
00458 
00983 
01043 
00734 
01138 
00253
00283
00245
00782 
00432 
00667 
00195
00506 
00661 
00556 
00838 
00862 
00703 
00607 
00945 
01101 
01131 
01218 
00744 
01042 
00686 
01048 
00491 
00403 
00882 
00521 
00255
00994 
00107 
01026 
01103 
01185 
00047 
00377 
00665 
00197
00575 
00710 
00069 
00717 
00847 
00434 
00061 
00922 
00691 
01142 
00741 
00796 
00809 
00984 
00925 
00608 
01021 
00803 
00526 
00044 
00619 
00240
00464 
01034 
00103 
01038 
00002 
01044 
00660 
00869 
00831 
01233 
00339
00249
00642 
00900 
01004 
00338
01020 
01149 
01217 
00045 
00814 
00025 
00654 
00142 
00431 
00977 
00558 
00850 
00079 
00034 
00634 
00835 
01031 
00492 
00264
00682 
01208 
00041 
00214
00820 
00880 
00009 
00609 
01061 
00247
00792 
00985 
00845 
00117 
00395 
00704 
00801 
00194
00709 
00070 
00791 
00060 
00145 
00761 
01045 
00402 
01009 
00388 
00560 
00666 
00777 
00991 
01230 
00459 
00256
00878 
00188
00271
00806 
00241
00911 
01098 
00429 
01112 
00050 
00087 
00277
00547 
00774 
01071 
00121 
00578 
00570 
00909 
00184
01025 
00903 
00834 
00833 
01018 
00080 
00212
00650 
01012 
01060 
00159 
00696 
00769 
00813 
00483 
00250
00768 
00760 
01001 
01087 
00165 
00303
00374 
00917 
00335
00417 
00511 
00674 
01231 
01100 
00012 
00327
00952 
00010 
00238
00509 
00460 
00737 
00826 
01180 
00130 
00340
00579 
00727 
00651 
00775 
00618 
00623 
00590 
00970 
01189 
01102 
00739 
00058 
00213
00450 
00533 
01088 
01090 
00023 
00631 
00725 
00800 
01047 
00223
00887 
00046 
00356 
00678 
