00987 
00001 
01173 
00986 
00989 
00199
00861 
00081 
00588 
00055 
00589 
00228
00509 
00286
01172 
01170 
00011 
00018 
00401 
00812 
00174
00577 
00860 
00415 
00085 
00984 
00936 
01091 
01167 
00988 
01229 
01228 
00980 
00790 
01205 
00983 
00963 
00591 
00307
00694 
00447 
00530 
00679 
01218 
00384 
00282
00178
00346
00464 
00007 
00333
00945 
01227 
00082 
00080 
00670 
00777 
00590 
01102 
00179
00778 
00753 
00257
00271
00457 
00903 
00874 
01055 
01211 
00152 
00308
00432 
00696 
00706 
00769 
01046 
00981 
01078 
00302
00614 
00890 
00322
00386 
00690 
01096 
00366 
00566 
01026 
00236
00469 
00647 
00140 
00794 
01185 
00006 
00458 
00356 
01034 
00211
00665 
00671 
00904 
00961 
00003 
00187
00439 
00525 
00964 
00971 
00205
00535 
00562 
00771 
00856 
00039 
00561 
00425 
00691 
00685 
00662 
00957 
00853 
00999 
01019 
01142 
00013 
00218
00265
00540 
00394 
00741 
00628 
00624 
00796 
00809 
01159 
01209 
01050 
00004 
00495 
00766 
00946 
01155 
01165 
01238 
00260
00655 
00526 
00411 
00973 
00969 
00798 
00786 
00895 
01222 
00573 
00606 
00063 
00320
00646 
00765 
00658 
00959 
00819 
00960 
01201 
01044 
00038 
00059 
00336
00337
00475 
00382 
00749 
00586 
00869 
00830 
00997 
01163 
00124 
00190
00466 
00380 
00358 
00754 
00625 
00726 
00680 
00807 
00831 
01002 
01148 
01106 
01107 
01206 
01136 
01200 
01160 
01135 
01233 
00892 
00151 
00033 
00074 
00306
00559 
00375 
00378 
00455 
00489 
00746 
00810 
00965 
01181 
01178 
01137 
01145 
01161 
00126 
00312
00175
00347
00574 
00572 
00564 
00867 
00968 
00840 
00901 
01014 
01156 
01207 
00141 
00139 
01005 
00745 
00148 
00206
00355
00536 
00568 
00398 
00496 
00571 
00494 
00689 
00758 
00602 
00693 
00852 
00962 
00950 
00956 
00914 
00926 
00815 
00822 
01115 
01175 
01203 
00998 
01162 
01213 
01128 
00142 
00246
00248
00529 
00527 
00441 
00431 
00392 
00501 
00565 
00454 
00451 
00755 
00875 
00951 
00858 
00977 
00906 
01125 
01216 
01157 
00982 
00471 
00576 
00538 
00404 
00684 
00707 
00633 
00632 
00912 
00975 
00850 
00898 
00870 
00881 
00930 
01039 
01117 
01192 
01177 
01168 
01169 
00144 
00314
00676 
00748 
01016 
01120 
00137 
00553 
00993 
01202 
00143 
00150 
00122 
00313
00243
00541 
00430 
00543 
00722 
01237 
01171 
01143 
00523 
00552 
00502 
00584 
00767 
00751 
00648 
00899 
00877 
00785 
00954 
01076 
01066 
00311
00235
00185
00499 
00397 
00427 
00567 
00508 
00532 
00731 
00738 
00730 
00845 
00797 
00944 
01083 
01139 
01093 
01179 
01158 
01182 
01040 
01166 
00062 
00031 
00083 
00147 
00089 
00297
00272
00520 
00437 
00534 
00585 
00740 
00597 
00949 
01146 
01067 
00052 
00189
00269
00438 
00497 
00697 
00705 
00878 
00915 
01164
01224 
00201
00424 
01204 
01197 
00563 
00301
00266
00436 
00596 
00610 
00905 
01049 
01210 
01042 
01234 
01151 
00208
00242
00453 
00739 
00669 
00811 
01199 
01099 
01188 
00522 
00742 
00902 
