00430 
00201
00617 
01224 
00586 
01238 
00764 
00382 
00566 
00055 
00055 
00532 
00571 
00340
00971 
00449 
00845 
00961 
01136 
00951 
00059 
00574 
01159 
00647 
01125 
00898 
00083 
00646 
00553 
01163 
00494 
00508 
00003 
00726 
00453 
00786 
00949 
01210 
00869 
00543 
00104 
00610 
00738 
00985 
00563 
01135 
00665 
00576 
01161 
00236
00573 
00305
00085 
00337
00830 
00138 
00560 
00860 
00798 
00140 
01185 
00072 
00614 
00535 
00339
00419 
00906 
00926 
01222 
00469 
01026 
00442 
00307
01201 
01044 
00206
00892 
00281
00121 
00401 
00540 
00394 
00741 
00126 
00246
00565 
00205
01139 
00039 
00957 
00999 
00225
00485 
00470 
01144 
00794 
00632 
01169 
00306
00752 
00122 
00797 
00436 
00749 
00151 
00965 
00785 
00766 
00475 
00693 
00822 
00856 
00582 
00395 
01004 
00139 
00411 
00973 
00124 
00680 
00807 
01107 
01160 
00223
00555 
00444 
00479 
00880 
00767 
00397 
00441 
00431 
00392 
00567 
00320
01172 
01170 
00538 
00684 
00912 
00655 
00559 
00639 
00355
00496 
01175 
00998 
01162 
00731 
00840 
00180
00150 
00313
00748 
00467 
00695 
00529 
00875 
01216 
00534 
00751 
00899 
00877 
00790 
00585 
00293
00645 
01236 
00141 
00141 
00052 
00438 
00697 
00944 
01164
00230
00745 
01237 
01171 
00314
00530 
00676 
01016 
00918 
00956 
00018 
01120 
00905 
00272
00520 
00694 
01083 
00289
00488 
00356 
00619 
01061 
00583 
00424 
00106 
00208
01099 
00308
00737 
00902 
00084 
00045 
00277
00252
00249
00391 
00750 
00873 
01056 
01054 
01211 
00302
00904 
00102 
00631 
00214
00407 
00715 
00322
00742 
00386 
00690 
01096 
00771 
00129 
00381 
00366 
00685 
00987 
00589 
00988 
00211
00671 
00936 
00108 
01070 
01200 
00011 
00187
00439 
00525 
00964 
01167 
00562 
00644 
00561 
00425 
00691 
00662 
00853 
01019 
01142 
00338
00558 
01082 
00038 
00013 
00218
00265
00628 
00624 
00796 
00809 
00984 
01209 
01050 
00004 
00175
00495 
00946 
01155 
01165 
00260
00526 
00969 
00895 
01005 
00199
00775 
00593 
00837 
00871 
00295
00279
00393 
00608 
00627 
00063 
00765 
00658 
00959 
00819 
00960 
00336
00398 
00758 
00602 
00997 
01091 
00134 
00034 
00216
00517 
00734 
01183 
01116 
00190
00466 
00380 
00358 
00754 
00625 
00831 
01148 
01002 
01106 
01206 
01233 
00025 
00016 
00274
00361 
00772 
00789 
00922 
01009 
00079 
00110 
00200
00327
00476 
00557 
00757 
00592 
00773 
00033 
00074 
00375 
00378 
00455 
00489 
00746 
00810 
00881 
01181 
01178 
01137 
01168 
01145 
00989 
00312
00347
00572 
00564 
00867 
00968 
00901 
01205 
01014 
01156 
01207 
01202 
01173 
00148 
00536 
00568 
00689 
00722 
00852 
00962 
00950 
00914 
00815 
01115 
01203 
01213 
01143 
01128 
00118 
00107 
00142 
00248
00527 
00501 
00454 
00451 
00755 
00963 
00858 
00977 
01157 
00982 
00471 
00404 
00707 
00633 
00648 
00975 
00850 
00870 
00930 
01039 
01117 
01192 
01177 
00060 
00135 
00343
00299
00548 
00913 
00919 
00967 
01231 
00144 
00082 
00162 
00050 
00221
00207
00396 
00456 
00478 
00549 
00524 
00492 
00474 
00759 
00756 
00727 
00670 
00594 
00651 
00605 
00659 
00728 
00788 
00859 
00891 
00921 
00793 
00991 
01017 
01176 
00082 
00137 
00993 
00143 
00243
00541 
01204 
00031 
00147 
00437 
00523 
00552 
00502 
00584 
00954 
01076 
01066 
00031 
00125 
00077 
00046 
00377 
00629 
00652 
00844 
01048 
01103 
00115 
00066 
00088 
00097 
00220
00288
00294
00446 
00457 
00385 
00768 
00823 
00923 
00855 
00792 
00838 
00843 
01001 
01195 
01174 
01037 
01077 
01196 
01220 
01087 
01035 
01084 
01100 
01149 
00311
00235
00185
00499 
00427 
00705 
00730 
00812 
00878 
01093 
01179 
01158 
01182 
01040 
01166 
01197 
00062 
00089 
00297
00740 
00597 
01146 
01067 
00986 
00062 
00189
00269
00174
00497 
00915 
00152 
00103 
00335
00334
00209
00291
00197
00195
00410 
00511 
00481 
00373 
00482 
00545 
00460 
00943 
00854 
00842 
01101 
01131 
01090 
00484 
00925 
00301
00266
00596 
00739 
01049 
01188 
01042 
01234 
00111 
00047 
00251
00250
00331
00192
00172
00400 
00473 
00440 
00577 
00515 
00462 
00360 
00779 
00661 
00744 
00613 
00866 
00976 
00886 
00917 
00782 
01062 
01105 
01086 
01092 
01151 
00242
00669 
00811 
01199 
00014 
00008 
00258
00278
00219
00215
00710 
00606 
00643 
00803 
00804 
00890 
01121 
01000 
01003 
00660 
00415 
00522 
00588 
