00767 
01016 
01004 
00189
00543 
00348
00490 
00926 
01188 
00975 
01148 
00316
00106 
00505 
00302
00768 
00386 
01197 
00546 
00987 
00726 
00962 
00810 
01168 
00999 
00904 
00973 
00684 
01071 
00398 
00758 
00011 
00840 
00766 
00311
00878 
01112 
00538 
00988 
00731 
00754 
01092 
01039 
00856 
00159 
00568 
00693 
00765 
01044 
00742 
00187
00964 
01003 
00676 
00438 
00915 
01151 
00475 
00523 
01199 
01031 
00061 
00458 
00499 
00427 
00730 
00307
00201
00931 
01111 
01171 
01234 
00063 
01170 
00914 
00892 
01130 
00660 
00347
00745 
00437 
00552 
00502 
00751 
00392 
00501 
00875 
01216 
01120 
00989 
00208
00453 
00185
00430 
00144 
00314
00905 
01042 
00134 
00056 
00299
00943 
00911 
01218 
00018 
00089 
00585 
00597 
00986 
00563 
00057 
00377 
00465 
00028 
00157 
00321
00958 
00823 
01180 
00948 
00027 
00100 
00324
00373 
01078 
00446 
00372 
01015 
00459 
00651 
00733 
00970 
00836 
00050 
00064 
00017 
00605 
00903 
01109 
01211 
00400 
01029 
00101 
00288
00296
00570 
00581 
00638 
01081 
01215 
00155 
00155 
00016 
00210
00473 
00537 
00724 
00611 
01214 
01063 
00472 
00614 
00322
00690 
01096 
00771 
00334
00290
00481 
00531 
00634 
00813 
01041 
01227 
00366 
00566 
00685 
01026 
00236
00469 
00647 
00055 
00140 
00589 
00794 
01185 
00055 
00844 
01047 
00211
00665 
00671 
00936 
00961 
00238
00323
00349
00432 
00460 
00599 
01046 
01045 
00542 
01149 
01200 
00003 
00439 
00525 
00971 
01167 
00015 
00166 
00096 
00388 
00756 
00598 
00859 
00784 
00889 
00783 
00882 
01228 
01132 
01095 
01017 
01118 
00015 
00205
00535 
00562 
00039 
00561 
00425 
00691 
00662 
00957 
00853 
01019 
01142 
00038 
00013 
00218
00265
00540 
00394 
00741 
00628 
00624 
00796 
00809 
00984 
01159 
01209 
01050 
01163 
00043 
00163 
00652 
00848 
01103 
00004 
00175
00495 
00401 
00946 
01155 
01165 
01238 
00260
00655 
00139 
00526 
00411 
00860 
00969 
00798 
00786 
00895 
01005 
01222 
00093 
00629 
00661 
00653 
00753 
00800 
00090 
00332
00200
00267
00582 
00362 
00510 
00757 
00924 
00907 
01195 
01186 
01104 
01037 
01212 
01073 
00573 
00370 
00803 
00890 
00320
00646 
00658 
00959 
00819 
00960 
01172 
01201 
00059 
00336
00337
00382 
00749 
00586 
00602 
00869 
00830 
00997 
01091 
00124 
00190
00466 
00380 
00358 
00625 
00680 
00807 
00831 
01002 
01106 
01107 
01206 
01136 
01160 
01135 
01233 
00151 
00033 
00074 
00306
00559 
00375 
00576 
00378 
00455 
00489 
00746 
00881 
00965 
01181 
01178 
01137 
01145 
01161 
00126 
00312
00574 
00553 
00572 
00564 
00867 
00968 
00901 
01205 
01014 
01156 
01207 
01202 
01173 
00095 
00022 
00195
00241
00498 
00714 
00696 
00604 
00674 
00842 
01131 
01098 
00107 
00281
00141 
00141 
00148 
00206
00355
00536 
00496 
00571 
00494 
00689 
00722 
00852 
00950 
00956 
00815 
00822 
01115 
01175 
01203 
00998 
01162 
01213 
01143 
01128 
00703 
00955 
01000 
00142 
00246
00248
00397 
00529 
00527 
00441 
00431 
00565 
00454 
00451 
00755 
00963 
00951 
00858 
00977 
00906 
01125 
01157 
00982 
00471 
00404 
00707 
00633 
00632 
00648 
00912 
00850 
00898 
00870 
00930 
01117 
01192 
01177 
01169 
00530 
00748 
00024 
00048 
00317
00326
00295
00192
00368 
00359 
00429 
00613 
00673 
00885 
00865 
01062 
01105 
00985 
01110 
00137 
00993 
00143 
00150 
00122 
00313
00243
00541 
01237 
01204 
00031 
00085 
00147 
00534 
00584 
00899 
00877 
00790 
00785 
00954 
01076 
01066 
00031 
00235
00567 
00508 
00532 
00738 
00705 
00845 
00812 
00797 
01083 
01139 
01093 
01179 
01158 
01182 
01040 
01224 
01166 
00333
00606 
00804 
00062 
00083 
00297
00272
00520 
00694 
00740 
00949 
01146 
01067 
00062 
00052 
00269
00174
00497 
00697 
00944 
01164
00424 
00301
00266
00436 
00596 
00739 
00610 
01049 
01210 
00242
00669 
00811 
01099 
00415 
00522 
00588 
00902 
