00546 
00945 
00592 
00321
01224 
00542 
01091 
01029 
00193
00845 
01093 
00296
00586 
01035 
01012 
00213
00617 
00090 
00838 
00517 
00543 
00754 
00969 
01092 
00764 
00566 
00449 
00323
00072 
00430 
00225
01095 
01200 
00508 
00394 
00648 
01090 
00489 
00089 
00698 
00582 
00912 
00359 
00337
00730 
00680 
00684 
00320
00751 
01149 
00673 
00502 
00749 
00201
00552 
01066 
00944 
00397 
00316
00067 
01152 
00676 
00907 
01067 
00662 
00392 
00883 
00742 
00242
00457 
01081 
00917 
00826 
01197 
00981 
00332
00506 
00813 
00614 
01234 
01180 
00460 
01226 
00224
00302
01078 
00629 
00753 
00844 
00104 
00282
01032 
00200
00936 
01177 
01043 
00295
00904 
00847 
00696 
00652 
00055 
00055 
00366 
00589 
00238
01034 
00459 
00650 
00964 
00987 
00988 
00322
00469 
00218
00211
01151 
00088 
00806 
00727 
00775 
00011 
00187
00564 
00205
00562 
00607 
01050 
00386 
01096 
01005 
00959 
00411 
00140 
00794 
00771 
00685 
00395 
01004 
00511 
00084 
00227
00396 
00750 
00659 
00733 
00942 
00599 
00244
00961 
00265
01159 
01163 
00800 
01165 
00347
00306
00860 
00063 
00422 
00003 
00971 
00999 
01019 
00647 
00326
00487 
00510 
01195 
01135 
00004 
00159 
00998 
00139 
01181 
01168 
00059 
00602 
00466 
01106 
00596 
00989 
00013 
00960 
01167 
00260
00901 
01173 
00856 
00401 
00962 
00633 
01206 
00798 
00425 
00982 
00601 
01053 
00358 
01205 
01112 
01172 
01107 
00180
00758 
00830 
00926 
00722 
01071 
00455 
00965 
01161 
00870 
00535 
00370 
00541 
01171 
00766 
00946 
01155 
00250
00852 
00914 
00190
00807 
01136 
00968 
00871 
00144 
00471 
00458 
00473 
00940 
01201 
01170 
00895 
01222 
00336
00243
00536 
00496 
00693 
00815 
00141 
00141 
00102 
00179
00725 
00151 
00074 
01137 
00062 
00062 
00124 
00804 
00441 
00454 
00858 
00906 
01125 
00726 
00427 
00095 
00442 
00538 
01117 
01169 
00765 
00658 
00867 
00573 
00314
00206
00355
00568 
00689 
00031 
00437 
00790 
00031 
00246
00755 
00951 
00812 
00985 
00879 
00782 
01103 
00019 
00915 
01164
00428 
01016 
00389 
00837 
00312
00572 
00899 
00150 
00705 
01179 
00527 
00451 
00963 
00148 
00494 
00822 
01115 
01175 
01162 
01128 
00707 
00898 
00043 
00061 
00315
00922 
01105 
00559 
00118 
00174
00147 
00523 
00767 
00785 
00956 
00248
00565 
01157 
00185
00203
00849 
00143 
00313
00943 
00911 
00823 
01087 
00311
00499 
00731 
01040 
00438 
00057 
00513 
00663 
00791 
00333
00748 
00137 
00085 
00584 
01076 
00738 
00694 
00597 
00905 
01120 
00018 
00993 
00986 
00052 
00189
00269
00497 
01211 
00025 
00603 
00424 
00083 
00520 
00585 
01146 
00669 
00811 
00588 
00436 
01188 
01210 
01042 
00690 
01099 
00452 
00307
01026 
00236
01185 
00415 
00153 
00330
00186
00774 
00682 
00882 
01011 
00665 
00671 
01199 
00439 
00525 
00039 
00561 
00691 
00957 
00853 
01142 
00038 
00540 
00741 
00628 
00624 
00796 
00809 
00984 
01209 
00101 
00641 
01036 
01037 
00902 
00175
00495 
01238 
00655 
00526 
00973 
00786 
00646 
00819 
01044 
00398 
00475 
00382 
00869 
00997 
00380 
00625 
00831 
01148 
01002 
01160 
01233 
00135 
00335
00334
00241
00892 
00033 
00375 
00576 
00378 
00746 
00810 
00881 
01178 
01145 
00126 
00574 
00553 
00840 
01014 
01156 
01207 
01202 
00745 
00571 
00950 
01203 
01213 
01143 
00142 
00529 
00431 
00501 
00875 
00977 
01216 
00404 
00632 
00975 
00850 
00930 
01039 
01192 
00037 
00048 
00615 
00818 
00816 
00530 
00164 
00524 
00594 
00122 
01237 
01204 
00534 
00877 
00954 
00402 
00177
00780 
01082 
00677 
00235
00567 
00532 
00797 
00878 
01083 
01139 
01158 
01182 
01166 
00014 
00639 
00903 
00833 
01118 
00188
00271
01147 
01077 
00007 
00429 
01062 
01110 
00100 
01119 
00297
00272
00740 
00949 
00697 
00024 
00204
00184
00273
00346
00421 
00778 
00829 
01009 
00231
01190 
01104 
00082 
00051 
00026 
00080 
00229
00212
00183
00859 
00784 
00793 
00972 
01007 
01111 
01191 
01060 
01054 
00082 
00030 
00023 
00181
00630 
00769 
01124 
01075 
00611 
00563 
00301
00266
00739 
00610 
01049 
00163 
00317
00172
00369 
00577 
00160 
00223
00288
00327
00293
00472 
00479 
00711 
00928 
01065 
01068 
01232 
01223 
00042 
00352
00349
00550 
00461 
00372 
00364 
00657 
00737 
00700 
01108 
00119 
00166 
00130 
00217
00340
00391 
00579 
00357 
00747 
00651 
00667 
00618 
00728 
00623 
00590 
00884 
00851 
00970 
00897 
00916 
00873 
01132 
01017 
01058 
01102 
00006 
00305
00383 
00631 
00587 
00661 
01047 
00258
00521 
01000 
00228
00351
00604 
00688 
00913 
00919 
00887 
01227 
00208
00453 
00001 
00113 
00251
00289
00210
00182
00274
00528 
00447 
00361 
00414 
00480 
00462 
00419 
00770 
00622 
00772 
00692 
00958 
00828 
00848 
00802 
01025 
01114 
01024 
01057 
01048 
01214 
01129 
00341
00284
00446 
00554 
00555 
00672 
00715 
00668 
00757 
00732 
00583 
00923 
00952 
00992 
01220 
00219
00268
00890 
00519 
00612 
00743 
00885 
00805 
00865 
01086 
00149 
00308
00290
00195
00173
00445 
00734 
00640 
00695 
00967 
00842 
01101 
01070 
01033 
01239 
01131 
01046 
01116 
01074 
01218 
00522 
00015 
00049 
00053 
00092 
00068 
00146 
00167 
00021 
00156 
00064 
00027 
00008 
00107 
00154 
00096 
00252
00221
00222
00237
00233
00292
00199
00191
00169
00170
00569 
00390 
00409 
00478 
00420 
00736 
00626 
00670 
00687 
00636 
00605 
00675 
00752 
00683 
00598 
00832 
00929 
00934 
00836 
00888 
00937 
00889 
00931 
00863 
01141 
01056 
01126 
01010 
01052 
00995 
00015 
00106 
00125 
00065 
00253
00325
00178
00505 
00368 
00463 
00719 
00953 
00886 
00983 
01051 
00110 
00005 
00040 
00254
00255
00283
00245
00407 
00418 
00486 
00556 
00363 
00518 
00503 
00443 
00408 
00591 
00874 
00947 
00855 
00841 
00862 
00843 
01055 
01198 
01127 
01215 
01134 
01073 
00304
00367 
00703 
00606 
00803 
00925 
01085 
00155 
00022 
00108 
00123 
00134 
00161 
00232
00230
00286
00287
00209
00196
00176
00342
00410 
00467 
00539 
00548 
00482 
00371 
00432 
00706 
00616 
00717 
00762 
00876 
01140 
01041 
01030 
01138 
01021 
00155 
00259
00278
00281
00263
00710 
00643 
01038 
00093 
00098 
00077 
00111 
00047 
00234
00348
00279
00261
00377 
00416 
00400 
00440 
00393 
00360 
00608 
00702 
00686 
00613 
00653 
00795 
00976 
00896 
00215
00575 
00484 
00955 
01003 
00660 
