00912 
00469 
00260
00905 
00062 
00062 
00282
00479 
01091 
01171 
00265
00177
00987 
00080 
00394 
00589 
00778 
00200
01071 
01077 
00427 
00668 
00178
00926 
00989 
00590 
00884 
00922 
01065 
00588 
00008 
00802 
01076 
00081 
00148 
00726 
00890 
00767 
00460 
00007 
00123 
00250
00001 
00159 
00018 
00459 
00790 
00447 
00505 
00800 
00753 
00161 
00271
00006 
01112 
00988 
01086 
01000 
01173 
00160 
00411 
00458 
00206
01205 
01203 
00346
00983 
00696 
00959 
01106 
00945 
00110 
01227 
00936 
01222 
00312
00842 
00451 
00189
00176
00611 
00494 
00135 
00550 
01111 
00082 
00082 
00765 
00552 
01042 
00913 
01132 
00811 
00559 
00694 
00911 
01168 
00815 
00377 
00969 
00919 
00899 
00455 
01161 
00647 
01165 
01200 
00541 
00870 
00496 
00185
00063 
00962 
00188
00971 
00758 
00860 
00685 
01054 
00648 
00187
01005 
00923 
00902 
00454 
00852 
00914 
00705 
00730 
01179 
00915 
00961 
00190
01136 
00755 
00946 
00689 
00766 
00658 
00174
00437 
00003 
00355
00722 
01128 
00242
00139 
00556 
00591 
00538 
00248
00997 
00254
00079 
00968 
01148 
00141 
00141 
00031 
00031 
00358 
00676 
00986 
00822 
01180 
00614 
00875 
01010 
00302
00143 
00314
00565 
00572 
00597 
00812 
00508 
00432 
01210 
00956 
01016 
00055 
00055 
00584 
00738 
00964 
00061 
00749 
00904 
00366 
00874 
00043 
00573 
00840 
01234 
00218
00304
01078 
00083 
01146 
00892 
00529 
00732 
01192 
00322
00211
00011 
01197 
00205
00562 
01237 
01050 
00663 
00739 
00347
00288
00639 
00100 
00748 
00386 
01096 
01099 
00140 
00794 
01159 
01163 
00931 
00998 
01075 
00107 
01135 
00972 
00210
00182
00183
00784 
01060 
01181 
00554 
00771 
00633 
00865 
00999 
01019 
01090 
00320
00004 
00059 
00602 
00982 
00901 
00281
00466 
00754 
00208
00960 
00829 
00038 
00540 
00796 
01206 
01104 
00453 
00166 
00727 
00623 
00897 
00873 
00013 
00401 
00680 
01107 
00489 
00965 
00798 
01172 
00830 
00856 
00480 
00425 
01167 
00236
00144 
00243
00472 
00928 
00471 
00804 
00244
00630 
00813 
00033 
00807 
01224 
00536 
00693 
01218 
01155 
00535 
00051 
00672 
00104 
00495 
00543 
00490 
01201 
01170 
00238
00349
00975 
01134 
00396 
00636 
00683 
00598 
00937 
00863 
00217
00441 
00858 
00906 
01125 
00336
00337
00751 
01164
00151 
00074 
01137 
00684 
01117 
01169 
01014 
00895 
00568 
01238 
00134 
00124 
00867 
00786 
00246
00397 
00951 
00528 
00502 
00283
00150 
01124 
00866 
01012 
00305
00179
00661 
01047 
01067 
01213 
00527 
00963 
00296
00843 
00760 
00142 
00707 
00898 
00106 
00019 
00056 
00492 
01116 
01115 
01175 
01162 
00561 
00691 
00553 
01202 
00147 
00523 
00785 
01066 
00317
00473 
00564 
00462 
01048 
00295
00089 
00390 
00750 
00398 
00438 
00307
00745 
00576 
00542 
01036 
00311
00499 
00731 
01040 
00313
00272
00845 
00392 
01157 
00746 
00365 
00384 
00612 
01103 
00118 
00090 
01215 
00795 
00306
00137 
01122 
00108 
00342
00539 
00506 
00717 
00847 
00876 
01041 
01021 
01033 
00085 
01204 
00408 
01129 
00116 
00646 
01051 
00430 
00201
00308
00399 
00052 
00269
00497 
00944 
00235
01093 
00993 
01120 
00610 
00431 
01105 
00949 
00669 
00424 
00521 
00299
00367 
00111 
00047 
00360 
00849 
00375 
00703 
00606 
00803 
00548 
00442 
00520 
00585 
00563 
00436 
01188 
00917 
00325
00278
00263
00370 
00297
00415 
00279
01001 
00203
00440 
01139 
00710 
01199 
00213
00216
01211 
00164 
00524 
00594 
00402 
00780 
01082 
00677 
00152 
00903 
00833 
01118 
00742 
00690 
00088 
00332
00806 
01147 
00537 
00429 
01062 
01110 
00422 
01119 
00566 
01026 
01185 
00665 
00671 
00024 
00204
00184
00273
00421 
00698 
01009 
00231
01152 
01190 
01081 
00026 
00229
00212
00650 
00859 
00793 
01007 
01191 
00522 
00439 
00525 
00030 
00023 
00181
00769 
00464 
00941 
01013 
01022 
00557 
00592 
01079 
00039 
00662 
00957 
00853 
01142 
00741 
00628 
00624 
00809 
00984 
01209 
00175
00163 
00224
00172
00369 
00577 
00655 
00223
00327
00293
00711 
00907 
01068 
01232 
01035 
01223 
00526 
00973 
00009 
00009 
00042 
00352
00461 
00372 
00364 
00657 
00737 
00700 
00826 
01108 
00938 
00119 
00130 
00340
00391 
00579 
00357 
00747 
00651 
00667 
00775 
00618 
00728 
00851 
00970 
00916 
01017 
01058 
01102 
00819 
01044 
00102 
00383 
00631 
00725 
00587 
00629 
00673 
00714 
00475 
00382 
00586 
00869 
00380 
00625 
00831 
01002 
01160 
01233 
00258
01031 
00162 
00012 
00017 
00456 
00723 
00593 
00846 
00808 
01008 
01011 
00228
00351
00604 
00688 
00887 
00378 
00810 
00881 
01178 
01145 
00239
01084 
00126 
00574 
01156 
01207 
00113 
00251
00326
00289
00274
00361 
00414 
00419 
00770 
00764 
00622 
00772 
00692 
00883 
00844 
00958 
00828 
00848 
01025 
01114 
01024 
01057 
01214 
01032 
00341
00284
00446 
00487 
00582 
00555 
00510 
00715 
00757 
00583 
00952 
00992 
01195 
01220 
00219
00571 
00950 
01143 
00331
00776 
00101 
00514 
00823 
00801 
00501 
00977 
01216 
00404 
00632 
00850 
00930 
01039 
01177 
00530 
00268
00193
00519 
00743 
00885 
00805 
00879 
00782 
00433 
00149 
00323
00290
00195
00173
00445 
00607 
00734 
00640 
00695 
00967 
01101 
01070 
01239 
01131 
01046 
00981 
01074 
00015 
00049 
00053 
00092 
00068 
00146 
00167 
00084 
00021 
00156 
00064 
00027 
00154 
00096 
00316
00252
00221
00333
00227
00222
00237
00233
00292
00199
00191
00169
00170
00569 
00409 
00478 
00420 
00736 
00626 
00670 
00687 
00605 
00675 
00659 
00752 
00733 
00832 
00929 
00934 
00836 
00888 
00889 
00942 
01141 
01056 
01126 
01095 
01226 
01052 
00995 
00015 
00122 
00120 
00310
00334
00202
00291
00504 
00373 
00452 
00635 
00674 
00835 
01183 
01088 
00534 
00877 
00954 
00547 
00609 
00943 
00567 
00532 
00797 
00878 
01083 
01158 
01182 
01166 
00125 
00065 
00315
00253
00368 
00463 
00719 
00953 
00886 
01043 
00072 
00005 
00040 
00255
00245
00407 
00418 
00486 
00457 
00363 
00518 
00503 
00443 
00601 
00947 
00855 
00841 
00838 
00862 
01055 
01198 
01127 
01073 
01053 
00925 
01085 
00115 
00330
00046 
00345
00515 
00744 
00816 
00740 
00697 
00465 
00825 
00155 
00095 
00022 
00225
00232
00230
00286
00287
00209
00196
00517 
00410 
00467 
00546 
00482 
00371 
00599 
00706 
00616 
00762 
01140 
01030 
01138 
00155 
00136 
00880 
00664 
00259
00643 
01038 
00138 
00560 
01230 
00301
00266
00596 
01049 
00076 
00014 
01151 
00069 
00093 
00098 
00077 
00067 
00234
00348
00261
00416 
00400 
00393 
00608 
00702 
00686 
00613 
00653 
00976 
00896 
01034 
01029 
00927 
00359 
00483 
00215
00575 
00484 
00955 
01149 
01003 
00779 
00660 
00868 
