00705 
00435 
00742 
00740 
00767 
01156 
01234 
01204 
00911 
00968 
00313
00442 
00342
01031 
00931 
01111 
00955 
01197 
00628 
00926 
00114 
00975 
00670 
00069 
01143 
01148 
01182 
01091 
00043 
00946 
01236 
00465 
00046 
00270
00359 
00945 
01199 
00726 
01016 
00505 
00745 
00264
00721 
01123 
00627 
00709 
00614 
01185 
00690 
00504 
00498 
00936 
00038 
00013 
00796 
01209 
00395 
00206
00494 
00691 
01019 
00003 
00187
00525 
00973 
00881 
01178 
00765 
01201 
01170 
00220
00362 
00004 
00401 
01165 
01238 
00059 
00475 
00758 
00722 
00205
00856 
00397 
01207 
00490 
00139 
00860 
00895 
01222 
00754 
00625 
00680 
01002 
01160 
01135 
00430 
00344
00549 
00403 
00605 
00600 
00903 
00882 
00125 
00147 
00431 
00875 
01157 
00063 
00320
00646 
00959 
01117 
00746 
00748 
00892 
00536 
00568 
00693 
00852 
00950 
01203 
00427 
01179 
01166 
00141 
00141 
00312
00553 
00572 
01202 
01173 
00134 
00056 
00299
00943 
01218 
00641 
01174 
01004 
00306
00559 
00248
00529 
00392 
00501 
00755 
00963 
00610 
00437 
00502 
00785 
01076 
01120 
01139 
00530 
00122 
01237 
00120 
00334
01041 
01027 
00106 
00377 
00018 
00301
00266
00596 
00520 
00694 
00949 
00508 
00738 
01083 
00360 
00208
00453 
00811 
01211 
00370 
00302
00904 
00322
00386 
01096 
00771 
00307
00366 
00566 
00685 
01026 
00236
00469 
00647 
00987 
00055 
00140 
00589 
00794 
00988 
00055 
00974 
01094 
00211
00665 
00671 
00961 
01200 
00011 
00439 
00964 
00971 
01167 
00535 
00562 
00039 
00561 
00425 
00662 
00957 
00853 
00999 
01142 
00218
00265
00540 
00394 
00741 
00624 
00809 
00984 
01159 
01050 
01163 
01152 
01195 
00175
00495 
00766 
01155 
00260
00655 
00526 
00411 
00969 
00798 
00786 
01005 
00050 
00683 
00573 
00658 
00819 
00960 
01172 
01044 
00336
00337
00398 
00382 
00749 
00586 
00602 
00869 
00830 
00997 
00124 
00190
00466 
00380 
00358 
00807 
00831 
01106 
01107 
01206 
01136 
01233 
00343
01088 
00151 
00033 
00074 
00375 
00576 
00378 
00455 
00489 
00810 
00965 
01181 
01137 
01168 
01145 
01161 
00989 
00009 
00158 
00157 
00240
00537 
00433 
00419 
00770 
00787 
01063 
00009 
00126 
00347
00574 
00564 
00867 
00840 
00901 
01205 
01014 
00076 
00040 
00257
00476 
00385 
00773 
00862 
00952 
01079 
01194 
01087 
00148 
00355
00496 
00571 
00689 
00962 
00956 
00914 
00815 
00822 
01115 
01175 
00998 
01162 
01213 
01128 
00142 
00246
00527 
00441 
00565 
00454 
00451 
00951 
00858 
00977 
00906 
01125 
01216 
00982 
00471 
00538 
00404 
00684 
00707 
00633 
00632 
00648 
00912 
00850 
00898 
00870 
00930 
01039 
01192 
01177 
01169 
00144 
00314
00676 
00165 
00617 
00868 
00879 
00225
00202
00197
00761 
00664 
00119 
00049 
00162 
00084 
00130 
00316
00300
00186
00434 
00449 
00384 
00524 
00389 
00626 
00701 
00687 
00723 
00650 
00659 
00593 
00861 
00846 
00929 
00921 
00871 
00889 
00783 
01141 
00991 
01102 
01153 
00137 
00993 
00143 
00150 
00201
00243
00541 
00543 
01171 
00031 
00085 
00523 
00534 
00552 
00584 
00751 
00899 
00877 
00790 
00954 
01066 
00031 
00311
00235
00185
00499 
00567 
00532 
00731 
00730 
00845 
00812 
00797 
00878 
01093 
01158 
01040 
01224 
00093 
00073 
00111 
00251
00331
00326
00374 
00612 
00702 
00615 
00661 
00866 
00885 
00848 
00070 
00110 
00133 
00136 
00117 
00239
00294
00245
00487 
00581 
00555 
00444 
00479 
00601 
00781 
00909 
00923 
00874 
00855 
00792 
00801 
00843 
01001 
01235 
01077 
01196 
01127 
01122 
01223 
00070 
00542 
00062 
00083 
00089 
00297
00272
00585 
00597 
01146 
01067 
00986 
00062 
00052 
00189
00269
00174
00438 
00497 
00697 
00944 
00915 
01164
00424 
00030 
00002 
00256
00213
00196
00180
00181
00485 
00445 
00511 
00450 
00387 
00470 
00373 
00452 
00371 
00364 
00607 
00634 
00762 
00876 
00854 
01221 
01183 
01227 
01217 
01045 
00008 
00278
00215
00367 
00484 
00925 
01121 
00563 
00436 
00739 
00905 
01049 
01188 
01210 
01042 
01151 
00163 
00077 
00067 
00006 
00121 
00065 
00315
00305
00203
00295
00194
00188
00279
00178
00172
00458 
00528 
00440 
00462 
00776 
00716 
00744 
00673 
00844 
00922 
00886 
00864 
00917 
01034 
00985 
01029 
01086 
00242
00669 
01099 
00014 
00118 
00104 
00259
00304
00333
00281
00263
00521 
00550 
00978 
01000 
01003 
00415 
00522 
00588 
00902 
