00247
01204 
00490 
01031 
01148 
00779 
00432 
00437 
00841 
00060 
00881 
00046 
00648 
00726 
01096 
00039 
00486 
00690 
00009 
00009 
00078 
00770 
01106 
00767 
00197
00126 
00968 
01091 
00134 
01137 
00580 
00106 
00427 
01111 
00950 
00336
00902 
00545 
00926 
00241
00582 
00975 
00911 
00669 
00738 
00745 
00610 
00671 
00748 
00564 
00261
00099 
01192 
00956 
00267
01175 
00042 
00346
00187
01041 
01156 
00765 
00798 
00063 
00496 
00782 
00768 
00441 
00091 
00819 
00301
00719 
00052 
00062 
00062 
00867 
00248
00883 
01114 
00755 
00589 
00978 
01165 
00997 
00056 
00465 
00781 
00382 
00243
00067 
00728 
00296
00518 
00749 
00360 
00566 
00445 
00912 
00476 
00315
00655 
00982 
00949 
00796 
00185
00343
00051 
00931 
00638 
00646 
00309
00821 
01194 
00863 
00206
00311
00930 
00874 
00235
00853 
00029 
00946 
01157 
01040 
00574 
01170 
00906 
01205 
00892 
00540 
00307
00643 
00976 
00430 
01206 
00586 
00896 
00012 
00237
00666 
00205
01019 
00664 
01005 
00014 
01128 
01099 
00425 
00138 
00236
00504 
00525 
01117 
00856 
00758 
00240
00502 
01122 
01135 
00122 
00439 
00114 
01077 
00673 
01173 
00385 
00535 
00207
00170
00399 
00746 
00140 
01197 
00116 
00923 
00785 
00401 
00915 
01218 
00751 
00297
00740 
00416 
00280
00215
01146 
00282
00269
00499 
01182 
00973 
01222 
01105 
00404 
00179
00572 
00984 
00573 
00411 
00351
00104 
01080 
00568 
00571 
00494 
00722 
00962 
01143 
00691 
00527 
00263
00615 
00377 
00118 
01083 
00287
00529 
01018 
00524 
00149 
00041 
00041 
00505 
00211
00516 
00523 
00552 
00366 
00567 
01190 
00392 
00501 
01185 
00314
00177
00423 
00731 
00585 
01178 
00778 
00613 
01050 
00272
00302
00150 
00313
00820 
00395 
00866 
00914 
01217 
00436 
00378 
01168 
01164
00634 
00700 
00694 
00105 
00018 
01202 
01087 
00614 
00771 
00019 
01076 
00077 
01072 
01145 
00265
00394 
00532 
01082 
01124 
01045 
01159 
00936 
00469 
01151 
00386 
00037 
00322
00038 
00680 
00807 
00064 
00003 
00964 
01237 
00533 
01138 
01088 
00033 
00455 
01181 
01161 
00325
00182
01172 
00734 
00786 
00919 
00175
00337
00830 
00647 
00762 
01158 
00495 
00577 
00553 
00989 
01152 
01075 
00689 
00474 
00435 
01032 
00971 
00462 
00716 
00379 
00503 
00549 
00380 
00008 
00860 
00849 
00049 
01118 
00266
00165 
00885 
00471 
00759 
01113 
01002 
01107 
00428 
00960 
00167 
00756 
01017 
01238 
00482 
00898 
00489 
00810 
01203 
00998 
00565 
00415 
01166 
00840 
00901 
00139 
00713 
01014 
00507 
00363 
01174 
01115 
00124 
01136 
00068 
00412 
00594 
01056 
01184 
00369 
00705 
01179 
01140 
01108 
00115 
00947 
01212 
01053 
01049 
00353
00201
00163 
00844 
00959 
00160 
00472 
00246
00451 
00963 
00858 
00583 
00299
00943 
00147 
00954 
01229 
00324
00082 
00084 
00131 
00396 
00544 
00699 
00851 
00824 
00966 
00979 
00825 
01191 
00082 
00632 
01039 
01169 
00559 
00935 
00291
00216
00951 
01216 
00693 
01162 
01213 
00312
00879 
00584 
00244
01228 
00611 
00141 
00141 
00143 
00652 
00231
00407 
00487 
01236 
01028 
00697 
00530 
00676 
00797 
00342
00811 
00857 
01027 
00125 
00791 
00541 
00304
00086 
00111 
00180
00001 
00348
00270
00993 
00242
00101 
00090 
00081 
00418 
00446 
00514 
01064 
00334
00158 
00258
00877 
00597 
00986 
00557 
00612 
00438 
00497 
00944 
01139 
00030 
00352
00967 
00854 
01116 
01188 
00089 
00955 
01129 
00622 
00178
00424 
00421 
00095 
00112 
00230
00176
00442 
00481 
00498 
01033 
01144 
00002 
00452 
00599 
00098 
00061 
00983 
00453 
00980 
00596 
01210 
00434 
00701 
00651 
01008 
01230 
00219
00166 
00162 
00017 
00344
00171
00491 
00388 
00774 
00723 
00593 
00861 
00102 
00393 
00563 
00367 
01211 
00006 
00007 
00326
00203
00279
00440 
00359 
00627 
00333
00255
01220 
01085 
00805 
01051 
00278
00554 
01079 
00208
01199 
00522 
00588 
00904 
00268
00890 
00135 
00335
00422 
01070 
00120 
00373 
00990 
00685 
01026 
00550 
00370 
00804 
01121 
00987 
00055 
00794 
00988 
00055 
00665 
00288
00961 
00780 
01200 
00742 
00011 
01167 
00620 
00357 
00793 
00562 
00561 
00662 
00957 
00999 
01142 
00093 
00013 
00218
00741 
00628 
00624 
00809 
01209 
01163 
01068 
00004 
00766 
01155 
00228
00260
00526 
00969 
00895 
00934 
00916 
00025 
00065 
00273
00464 
00276
00319
00284
00320
00658 
01201 
01044 
00289
00059 
00398 
00475 
00602 
00869 
00190
00466 
00358 
00754 
00625 
00831 
01160 
01233 
00718 
00339
00764 
00642 
00829 
00900 
01024 
01214 
00151 
00074 
00306
00375 
00576 
00965 
00079 
00347
01207 
00864 
00100 
00286
00706 
00635 
00695 
00981 
00406 
00479 
00148 
00355
00536 
00852 
00815 
00822 
00558 
00026 
00275
00217
00384 
00389 
00654 
00736 
00884 
00873 
01052 
01054 
00142 
00397 
00431 
00454 
00875 
00977 
01125 
00538 
00684 
00707 
00633 
00850 
00870 
01177 
00144 
01016 
00492 
00859 
01132 
00034 
00616 
00835 
01120 
00146 
00021 
00227
00264
00569 
00249
00605 
00682 
00897 
00836 
00200
00214
00408 
00880 
00855 
00927 
01065 
01081 
01196 
01073 
00137 
00543 
01171 
00035 
00274
00547 
00609 
00698 
00828 
01061 
00293
00711 
00928 
00792 
01147 
00031 
00085 
00534 
00899 
00790 
01066 
00031 
00795 
00985 
00508 
00730 
00845 
00812 
00878 
01093 
01224 
00117 
00294
00704 
00907 
00801 
00022 
00123 
00145 
00310
00308
00232
00290
00410 
00604 
00761 
01227 
01074 
01078 
00473 
00617 
00714 
00083 
00520 
01067 
00189
00174
00109 
00164 
00050 
00087 
00154 
00096 
00277
00292
00199
00183
00391 
00413 
00639 
00788 
00929 
00808 
00784 
01219 
01058 
00920 
01098 
00345
00048 
00253
00234
00447 
00463 
00686 
00653 
00816 
01062 
01110 
00483 
01130 
00133 
00556 
00362 
00444 
00601 
00681 
00757 
00732 
00823 
00838 
00862 
01001 
01104 
01127 
01232 
01134 
01035 
00739 
00905 
01042 
01234 
00703 
00047 
00251
00305
00303
00224
00374 
00702 
00917 
00108 
00069 
00058 
00256
00213
00173
00450 
00630 
00607 
00621 
00717 
00913 
00945 
00842 
01101 
01131 
01183 
01119 
01090 
00071 
00675 
00107 
00073 
00295
00400 
00414 
00661 
00744 
00922 
00886 
01048 
01034 
01029 
01103 
01092 
00281
00925 
