00496 
01164
00726 
00767 
00031 
00676 
00912 
00986 
00497 
00980 
00926 
00441 
00976 
01138 
00802 
00577 
00201
00134 
00593 
00463 
00347
00307
00490 
01071 
00563 
00451 
00892 
01035 
00911 
00430 
01149 
00414 
01076 
01171 
01148 
01104 
00401 
01099 
00592 
00860 
00406 
00840 
00765 
00969 
00047 
00554 
00922 
00056 
00904 
00738 
00876 
00017 
00459 
00119 
00109 
00110 
00166 
00302
00546 
00956 
00844 
00061 
00923 
00564 
00106 
00299
01210 
00542 
00540 
00835 
01005 
00479 
00989 
01066 
00458 
00532 
01180 
01111 
01042 
00810 
00753 
00999 
00749 
00296
00116 
01169 
00698 
00386 
00805 
00522 
00453 
00962 
01229 
00931 
00973 
01013 
00975 
00987 
00971 
00515 
00766 
01168 
01090 
00589 
00988 
00754 
01048 
00218
00288
01197 
01161 
00411 
00311
00887 
01221 
01167 
00398 
00758 
00943 
00189
00535 
00856 
00055 
01172 
00334
00137 
01044 
00568 
00312
00447 
00161 
01136 
00550 
00211
01014 
00637 
00323
00734 
00336
00961 
00950 
00101 
00917 
01199 
00541 
00629 
00027 
01012 
00272
00260
00693 
00524 
00742 
01228 
01218 
00755 
00523 
01115 
00206
00190
01106 
00543 
00533 
00506 
00208
00505 
00964 
01049 
00626 
00501 
00963 
00790 
01103 
00377 
00508 
00852 
00063 
00143 
00107 
00359 
00237
01200 
00529 
00875 
00945 
00080 
00718 
00705 
00358 
01157 
00905 
00043 
00438 
00957 
00648 
00746 
00823 
01118 
00103 
00482 
01170 
00553 
00745 
00083 
00011 
00936 
00630 
01202 
01237 
00281
00141 
01159 
00511 
00374 
00266
00610 
01086 
01151 
01211 
00326
00958 
00294
00556 
00437 
01146 
01188 
00460 
00631 
00796 
00297
00531 
00580 
01204 
00869 
01091 
01163 
00918 
00256
00223
01112 
01031 
01209 
00464 
00469 
01029 
00747 
00739 
01120 
00373 
01185 
00033 
00455 
00111 
00914 
00658 
00538 
01096 
00955 
00038 
00997 
00380 
01093 
01166 
00495 
00946 
01165 
00004 
00265
00636 
00105 
00633 
00778 
00820 
00341
00322
01203 
01142 
00003 
00187
00525 
00625 
00941 
00786 
00574 
00236
00647 
00565 
01207 
00588 
00646 
00340
01016 
00870 
00930 
00177
00142 
00454 
00572 
00140 
00394 
00741 
01050 
00959 
00559 
00308
01222 
00052 
00878 
01224 
00427 
00730 
01179 
00960 
00771 
00651 
00871 
01178 
00502 
00439 
00561 
00425 
00691 
00355
00494 
01213 
00102 
00813 
01183 
00324
00902 
00481 
00557 
01201 
00573 
00895 
00707 
00850 
00400 
00831 
01002 
01155 
00369 
00787 
01032 
00536 
00571 
00025 
00819 
00346
00059 
00586 
00062 
00314
00151 
00306
01145 
00977 
01125 
00526 
00798 
00174
00915 
00570 
00760 
00520 
00269
00162 
00569 
00456 
00623 
00683 
00598 
00784 
00873 
00863 
01132 
01054 
00310
00124 
00466 
00514 
00139 
00126 
00968 
01173 
00018 
00993 
00981 
00530 
00499 
01041 
00375 
00115 
00792 
01191 
00303
00253
00235
00108 
00342
00717 
01206 
00392 
00951 
00242
00811 
00576 
00404 
00881 
00867 
01205 
00748 
00148 
00815 
00776 
01234 
00159 
00152 
00517 
00345
00178
00200
00928 
00801 
00085 
00552 
00694 
00597 
00949 
01226 
00291
00465 
00144 
00185
00122 
00313
00243
00983 
01051 
00248
00527 
00858 
01216 
00397 
01158 
01040 
00067 
00007 
00818 
00503 
00100 
00331
00436 
00575 
00584 
00046 
00229
01063 
00429 
00711 
00135 
00238
00216
00452 
00674 
00847 
00150 
00722 
00578 
01034 
00567 
00812 
00585 
00301
00179
00661 
01021 
00865 
01139 
01092 
00534 
00740 
00498 
00316
00804 
01000 
01227 
01078 
00006 
00612 
00635 
00744 
00118 
00304
00415 
00669 
00424 
00925 
00614 
00716 
00690 
00028 
00157 
00318
00321
01009 
00457 
00838 
01215 
00663 
00019 
00606 
01038 
00366 
00566 
01026 
00794 
00665 
00671 
00677 
00611 
00225
00450 
00205
00562 
00039 
00685 
00662 
00853 
01019 
00013 
00628 
00624 
00809 
00984 
00199
00549 
00389 
00733 
00970 
00836 
00282
00210
00182
01238 
01079 
00655 
00320
00337
00475 
00382 
00830 
01064 
00680 
00807 
01107 
01160 
01135 
01233 
00165 
00673 
00652 
00049 
00090 
00581 
00638 
00768 
00907 
01152 
01208 
01081 
01220 
00081 
00504 
00714 
01075 
00074 
00378 
00489 
00965 
01181 
01137 
00828 
00175
00901 
01156 
00217
00183
00396 
00492 
00727 
00723 
00846 
00897 
00808 
00937 
01008 
01011 
01060 
01022 
00689 
00602 
00822 
01175 
00998 
01162 
01128 
00051 
00656 
00884 
01236 
00290
00696 
00634 
00854 
00246
00431 
00906 
00982 
00471 
00684 
00632 
00898 
01039 
01117 
01192 
01177 
01003 
00012 
00254
00472 
00843 
01036 
01122 
00249
00214
00245
00409 
00829 
01143 
00751 
00899 
00877 
00785 
00954 
00163 
00251
00224
00617 
00848 
01043 
00120 
00349
00539 
00919 
01116 
01088 
00731 
00845 
00797 
00944 
01083 
01182 
00528 
00231
00841 
00927 
01053 
00232
00176
00558 
00620 
01094 
00008 
00138 
00045 
00154 
00328
00390 
00399 
00929 
00783 
00972 
01230 
00996 
01010 
00886 
01130 
00147 
00089 
01067 
00697 
00250
00305
00202
00462 
00360 
00866 
00849 
00816 
01047 
00112 
00319
00241
00410 
00387 
00737 
00604 
01027 
01231 
00023 
00044 
00262
00480 
00402 
00619 
00622 
00772 
00692 
00953 
00948 
00782 
00900 
00040 
00276
00247
00407 
00418 
00555 
00583 
01196 
01068 
00890 
00596 
00521 
00667 
01121 
01085 
00325
00383 
00022 
00002 
00230
00213
00548 
00423 
00435 
00640 
00967 
00842 
01101 
01030 
01144 
00014 
00104 
00278
00263
00244
00370 
00703 
00803 
00054 
00153 
00053 
00032 
00050 
00156 
00086 
00131 
00258
00221
00222
00330
00198
00285
00207
00219
00354
00191
00560 
00391 
00412 
00750 
00666 
00736 
00701 
00605 
00675 
00600 
00861 
00935 
00882 
00825 
01141 
01056 
01126 
00125 
00121 
00037 
00065 
00608 
00702 
00743 
00885 
00864 
00879 
00133 
00136 
00160 
00350
00332
00327
00293
00271
00485 
00434 
00486 
00487 
00476 
00385 
00379 
00468 
00444 
00408 
00601 
00591 
00672 
00715 
00773 
00909 
00874 
00947 
00855 
01055 
01235 
01198 
01028 
00077 
00071 
00710 
00978 
00660 
00149 
00075 
00343
00335
00287
00284
00196
00405 
00371 
00706 
00616 
00857 
01217 
01074 
01119 
01193 
00333
00268
00484 
00643 
00098 
00048 
00194
00348
00188
00416 
00473 
00356 
00725 
00709 
00795 
00868 
01062 
01059 
00259
00215
00367 
01006 
