00490 
00446 
01047 
00904 
00189
00566 
00543 
01110 
00140 
00964 
00437 
00926 
00064 
00372 
00546 
00605 
00134 
01151 
01045 
00767 
00314
01214 
00505 
00987 
00443 
00155 
00155 
00059 
00602 
00856 
01234 
00959 
00771 
01071 
00322
00323
01165 
01073 
00684 
00726 
01159 
00906 
00096 
01197 
00611 
00988 
00190
01136 
00473 
00501 
01041 
01112 
00907 
01111 
00629 
00016 
00814 
00798 
01195 
00731 
00187
00150 
00975 
00961 
00915 
00969 
00931 
01162 
01016 
01003 
00090 
00024 
00368 
00295
00337
00441 
00242
00438 
01148 
01206 
00427 
00312
01171 
00042 
00440 
00885 
00347
00815 
00063 
00730 
00020 
00174
00842 
01172 
00689 
01192 
00914 
01062 
00613 
00484 
00499 
00899 
00504 
00653 
00751 
00050 
00989 
00246
00397 
01170 
00955 
00803 
01218 
00502 
00584 
00370 
00552 
00144 
01067 
00185
00594 
00439 
00630 
00905 
00352
00364 
00392 
00956 
00388 
00089 
00100 
00038 
00809 
01237 
00149 
00106 
00597 
00747 
00430 
01188 
01042 
00714 
00377 
00986 
00027 
00508 
00084 
00170
00606 
00903 
00204
00736 
01081 
01039 
00585 
01212 
00018 
00553 
00614 
00480 
00302
00475 
00316
00163 
00936 
00526 
00472 
00241
00950 
00055 
00055 
01031 
00210
00366 
00589 
00897 
01077 
00307
01118 
00308
00778 
00697 
01156 
00655 
00469 
00218
00548 
00211
00172
00859 
00784 
00011 
00238
00349
00460 
00205
00562 
00383 
00587 
00092 
00928 
00394 
01050 
00386 
01096 
00844 
01005 
00332
00411 
00794 
00166 
01132 
01017 
00422 
00685 
01038 
00192
00952 
01046 
01104 
00745 
00265
01163 
01075 
00860 
00875 
01216 
00922 
00117 
00003 
00971 
00999 
01019 
00647 
01135 
00719 
00004 
00015 
00598 
00889 
01095 
00015 
00556 
00432 
00599 
00661 
00800 
00320
00998 
00139 
01181 
01168 
00360 
00608 
00466 
00754 
01106 
00913 
01078 
00013 
00960 
00753 
01167 
00260
00901 
01173 
00401 
00962 
00633 
00200
00582 
00510 
00757 
01200 
00425 
00159 
00696 
00982 
00258
00358 
01205 
00680 
01107 
00758 
00830 
01091 
00722 
00890 
01074 
00455 
00489 
00965 
01161 
00870 
00535 
00532 
00429 
00541 
00766 
00946 
01155 
00056 
00299
00943 
00911 
00852 
00807 
00968 
00604 
00471 
00648 
00912 
00467 
01201 
00895 
01222 
01013 
00336
00243
00536 
00496 
00693 
01000 
00057 
00141 
00141 
00093 
00348
00710 
00151 
00074 
01137 
00062 
00062 
00749 
00317
00458 
00195
01131 
00676 
00124 
00454 
00858 
01125 
00643 
01224 
00538 
01117 
01169 
00765 
00658 
00867 
00573 
00206
00355
00568 
00673 
00031 
00790 
00031 
00791 
00804 
00755 
00951 
00812 
00886 
01149 
00326
01164
00095 
00022 
00703 
00572 
00465 
00705 
01179 
00527 
00451 
00963 
00148 
00494 
00822 
01115 
01175 
01128 
00707 
00898 
00865 
00559 
00098 
00896 
00948 
00147 
00523 
00785 
01066 
00061 
01105 
00434 
00666 
00872 
00921 
00248
00565 
01157 
00143 
00313
00699 
00311
01040 
00748 
00137 
00085 
01076 
00738 
00694 
00333
00046 
01004 
01120 
00076 
00097 
00681 
01194 
00993 
01015 
00014 
00642 
00581 
00575 
00052 
00269
00497 
00944 
00017 
01109 
01211 
00424 
00083 
00520 
01146 
00180
00423 
00669 
00811 
00660 
00588 
00537 
00724 
01063 
00197
00920 
00994 
00768 
00436 
01210 
00690 
00041 
00087 
01008 
00041 
01099 
01026 
00236
01185 
00415 
00665 
00671 
00779 
00776 
00592 
00821 
01084 
01199 
00525 
00756 
00783 
00882 
01228 
00039 
00561 
00691 
00662 
00957 
00853 
01142 
00540 
00741 
00628 
00624 
00796 
00984 
01209 
00902 
00175
00495 
01238 
00973 
00786 
00452 
00980 
01183 
00267
00362 
00924 
01186 
01037 
00646 
00819 
01044 
00398 
00382 
00586 
00869 
00997 
00380 
00625 
00831 
01002 
01160 
01233 
00742 
00892 
00033 
00306
00375 
00576 
00378 
00746 
00810 
00881 
01178 
01145 
00126 
00574 
00564 
00840 
01014 
01207 
01202 
00498 
00674 
01098 
00571 
01203 
01213 
01143 
00142 
00529 
00431 
00977 
00404 
00632 
00850 
00930 
01177 
00530 
00048 
00359 
00985 
01092 
00164 
00524 
00122 
00201
01204 
01006 
00534 
00877 
00954 
00244
00402 
00177
00780 
01082 
00677 
00235
00567 
00845 
00797 
00878 
01083 
01139 
01093 
01158 
01182 
01166 
00639 
00833 
00188
00088 
00271
00806 
01147 
00007 
01119 
00297
00272
00740 
00949 
00184
00273
00346
00421 
00698 
00829 
01009 
00231
01152 
01190 
01180 
00082 
00051 
00026 
00080 
00229
00212
00183
00459 
00650 
00793 
00972 
01007 
01191 
01060 
01054 
00082 
00030 
00023 
00181
00769 
00813 
01124 
00250
00019 
00563 
00301
00266
00596 
00739 
00610 
01049 
00224
00369 
00577 
00160 
00223
00288
00327
00293
00479 
00711 
01065 
01068 
01232 
01035 
01223 
00550 
00461 
00657 
00737 
00700 
00826 
01108 
00119 
00130 
00217
00340
00391 
00579 
00357 
00727 
00651 
00667 
00775 
00618 
00728 
00623 
00590 
00884 
00851 
00970 
00916 
00873 
01058 
01102 
00102 
00006 
00305
00179
00631 
00725 
00118 
00521 
00228
00351
00688 
00919 
00887 
01227 
00208
00453 
00001 
00113 
00251
00289
00282
00182
00274
00528 
00447 
00361 
00414 
00462 
00419 
00770 
00764 
00622 
00772 
00692 
00883 
00958 
00828 
00848 
00802 
01025 
01114 
01024 
01057 
01048 
01129 
01032 
00341
00284
00487 
00554 
00555 
00672 
00715 
00668 
00732 
00583 
00923 
00992 
01220 
00219
00268
00193
00519 
00612 
00743 
00805 
00879 
00782 
01086 
01103 
00290
00173
00445 
00607 
00734 
00640 
00695 
00945 
00967 
01101 
01070 
01033 
01239 
01116 
00981 
00522 
00049 
00053 
00068 
00146 
00167 
00021 
00156 
00008 
00107 
00154 
00252
00221
00227
00222
00237
00233
00292
00199
00191
00169
00396 
00569 
00390 
00409 
00478 
00420 
00542 
00750 
00626 
00670 
00687 
00636 
00675 
00659 
00752 
00733 
00683 
00832 
00929 
00934 
00836 
00888 
00937 
00942 
00863 
01141 
01056 
01126 
01226 
01010 
01052 
01012 
00995 
00125 
00043 
00065 
00315
00253
00325
00178
00463 
00953 
00983 
01051 
01043 
00110 
00072 
00005 
00040 
00254
00255
00283
00296
00245
00407 
00418 
00486 
00457 
00363 
00518 
00503 
00408 
00601 
00591 
00874 
00947 
00855 
00841 
00838 
00862 
00843 
01055 
01198 
01127 
01215 
01134 
01053 
00304
00367 
00925 
01085 
00108 
00123 
00161 
00225
00232
00230
00286
00287
00209
00196
00176
00342
00517 
00410 
00539 
00506 
00442 
00482 
00371 
00706 
00616 
00717 
00762 
00847 
00876 
01140 
01030 
01138 
01021 
00259
00278
00281
00263
00077 
00067 
00111 
00047 
00234
00203
00279
00261
00416 
00400 
00393 
00702 
00686 
00795 
00976 
00849 
01034 
01029 
00104 
00215
