00465 
00811 
00505 
01234 
00612 
00534 
00126 
00846 
00165 
01008 
00916 
00210
00404 
00825 
00056 
01148 
00268
00920 
00721 
00943 
00926 
00767 
00403 
01186 
01113 
00206
00445 
00091 
01183 
00392 
00638 
00444 
00260
00095 
00470 
00995 
00037 
00912 
00923 
01162 
00818 
00434 
01122 
01105 
00207
00491 
00978 
00719 
00261
00781 
00798 
00088 
00254
00422 
00673 
01048 
00004 
00225
01128 
00896 
00956 
00370 
01031 
00627 
00314
00258
00235
00931 
01111 
00080 
00594 
00480 
00802 
00746 
01083 
00307
00580 
00833 
00490 
00975 
01037 
01004 
00114 
01015 
00471 
00302
01134 
00353
00707 
00134 
00299
00911 
01218 
00058 
00355
00525 
01074 
00078 
00138 
00935 
00182
00346
00562 
00386 
00385 
00637 
01215 
00341
00211
01109 
01159 
00482 
01080 
00009 
00158 
00282
00240
00009 
00267
00106 
00377 
00205
00203
00440 
00617 
01099 
00447 
00504 
00498 
00337
00773 
00927 
00147 
00228
00387 
00449 
00670 
00605 
00728 
00897 
01102 
00318
00204
00488 
01237 
01214 
01061 
00174
00821 
01169 
00094 
00096 
00300
00199
00413 
00929 
00797 
00793 
00996 
00864 
00060 
00002 
00452 
00599 
00950 
00012 
00237
00427 
00524 
00666 
00701 
00651 
01137 
01230 
00913 
00726 
00305
00782 
00487 
00472 
00570 
01195 
01194 
00032 
00065 
00274
00361 
00419 
00716 
00677 
00763 
00242
00066 
00276
00189
00758 
00105 
00116 
00255
00336
00476 
00516 
00395 
00691 
01220 
00997 
00131 
00736 
00600 
00904 
00795 
00176
00511 
00568 
00481 
00502 
00596 
00607 
01076 
00301
00494 
00714 
00981 
00111 
00317
00819 
01014 
00090 
00457 
00379 
00713 
00632 
01039 
01174 
01081 
01073 
00119 
00808 
00817 
00882 
01219 
01184 
01052 
00358 
00149 
00135 
00335
00197
00437 
00496 
00533 
00610 
00664 
00914 
01070 
01138 
01165 
01088 
00655 
00272
00529 
00515 
00646 
00879 
00949 
00988 
00297
00776 
00611 
00875 
01216 
00332
00418 
00398 
00362 
00406 
00583 
00823 
00830 
00915 
01177 
01223 
00155 
00152 
00069 
00011 
00323
00175
00485 
00657 
00706 
00717 
00835 
00877 
00791 
00964 
01071 
01078 
00155 
00093 
00122 
00046 
00315
00416 
00577 
00669 
00866 
01204 
01157 
01185 
01202 
00892 
00643 
01149 
00124 
00103 
00190
00436 
00822 
01167 
01066 
00141 
00575 
00588 
00890 
01085 
00989 
00141 
00098 
00024 
00048 
00192
00414 
00483 
00543 
00629 
00653 
01047 
01005 
01112 
00902 
00125 
00083 
00313
00331
00325
00322
00473 
00430 
00421 
01172 
01156 
00144 
00803 
00812 
00137 
00281
00219
00559 
00484 
01121 
01000 
01120 
