1	1	5	0
2	1	4	0
5	1	4	0
6	1	4	0
10	1	4	0
13	1	3	0
15	1	1	0
16	1	5	0
17	1	4	0
18	1	5	0
20	1	3	0
21	1	5	0
23	1	5	0
25	1	5	0
26	1	3	0
38	1	5	0
41	1	4	0
42	1	5	0
43	1	5	0
44	1	4	0
45	1	5	0
49	1	2	0
54	1	4	0
56	1	4	0
57	1	5	0
58	1	5	0
59	1	2	0
62	1	2	0
63	1	3	0
64	1	4	0
65	1	3	0
66	1	3	0
67	1	3	0
70	1	4	0
72	1	4	0
73	1	2	0
75	1	4	0
77	1	5	0
79	1	4	0
81	1	4	0
82	1	4	0
83	1	4	0
84	1	2	0
89	1	5	0
92	1	4	0
93	1	5	0
94	1	4	0
95	1	5	0
96	1	5	0
97	1	4	0
99	1	4	0
101	1	3	0
102	1	3	0
106	1	4	0
108	1	4	0
109	1	4	0
117	1	4	0
120	1	4	0
121	1	4	0
124	1	3	0
125	1	4	0
128	1	4	0
130	1	5	0
131	1	4	0
134	1	5	0
137	1	3	0
138	1	4	0
141	1	3	0
144	1	4	0
145	1	3	0
148	1	4	0
150	1	4	0
151	1	5	0
157	1	5	0
158	1	4	0
160	1	4	0
162	1	4	0
168	1	5	0
174	1	3	0
177	1	3	0
178	1	4	0
181	1	3	0
182	1	4	0
184	1	4	0
189	1	5	0
193	1	4	0
194	1	4	0
198	1	4	0
199	1	1	0
200	1	5	0
201	1	3	0
202	1	3	0
203	1	3	0
204	1	2	0
209	1	5	0
210	1	5	0
213	1	2	0
216	1	4	0
222	1	4	0
223	1	4	0
230	1	5	0
231	1	3	0
232	1	4	0
234	1	3	0
235	1	4	0
242	1	4	0
243	1	4	0
244	1	4	0
246	1	4	0
247	1	4	0
248	1	3	0
249	1	4	0
250	1	4	0
251	1	4	0
252	1	5	0
253	1	5	0
254	1	3	0
256	1	5	0
262	1	3	0
263	1	5	0
265	1	5	0
268	1	3	0
271	1	3	0
274	1	4	0
275	1	4	0
276	1	5	0
277	1	4	0
279	1	3	0
280	1	4	0
286	1	4	0
287	1	5	0
289	1	3	0
290	1	5	0
291	1	5	0
292	1	4	0
293	1	2	0
294	1	5	0
295	1	4	0
296	1	5	0
297	1	3	0
298	1	5	0
299	1	3	0
301	1	4	0
303	1	5	0
305	1	5	0
307	1	5	0
308	1	4	0
311	1	4	0
312	1	5	0
313	1	4	0
314	1	5	0
320	1	3	0
322	1	2	0
324	1	5	0
325	1	2	0
326	1	3	0
327	1	4	0
330	1	5	0
331	1	1	0
332	1	4	0
336	1	3	0
338	1	3	0
339	1	5	0
340	1	5	0
343	1	5	0
344	1	3	0
345	1	3	0
347	1	4	0
348	1	4	0
350	1	4	0
357	1	5	0
359	1	4	0
360	1	3	0
363	1	2	0
365	1	4	0
371	1	4	0
374	1	4	0
378	1	4	0
379	1	4	0
380	1	4	0
381	1	5	0
387	1	4	0
388	1	5	0
389	1	4	0
390	1	5	0
393	1	3	0
394	1	4	0
395	1	5	0
396	1	4	0
398	1	5	0
399	1	4	0
401	1	2	0
402	1	5	0
403	1	4	0
406	1	4	0
407	1	4	0
411	1	4	0
412	1	4	0
416	1	5	0
417	1	4	0
419	1	4	0
422	1	3	0
424	1	1	0
425	1	2	0
429	1	3	0
432	1	2	0
434	1	4	0
435	1	5	0
438	1	4	0
441	1	5	0
445	1	3	0
447	1	3	0
450	1	4	0
454	1	3	0
455	1	4	0
456	1	2	0
457	1	4	0
458	1	4	0
459	1	4	0
460	1	2	0
463	1	1	0
465	1	4	0
467	1	4	0
468	1	5	0
470	1	3	0
471	1	4	0
472	1	5	0
478	1	4	0
479	1	5	0
483	1	4	0
484	1	5	0
486	1	4	0
487	1	5	0
488	1	3	0
490	1	3	0
493	1	3	0
494	1	3	0
495	1	4	0
497	1	4	0
500	1	4	0
503	1	5	0
505	1	3	0
508	1	5	0
512	1	4	0
514	1	5	0
517	1	3	0
518	1	4	0
521	1	2	0
523	1	5	0
525	1	4	0
526	1	5	0
532	1	5	0
533	1	4	0
534	1	5	0
535	1	3	0
536	1	5	0
537	1	2	0
540	1	3	0
541	1	4	0
542	1	4	0
545	1	5	0
548	1	4	0
549	1	5	0
550	1	3	0
552	1	3	0
553	1	3	0
554	1	3	0
560	1	4	0
561	1	2	0
562	1	2	0
567	1	3	0
569	1	4	0
576	1	4	0
577	1	5	0
579	1	4	0
580	1	3	0
582	1	4	0
588	1	4	0
592	1	4	0
593	1	3	0
597	1	3	0
599	1	4	0
602	1	4	0
605	1	4	0
606	1	5	0
609	1	1	0
610	1	4	0
612	1	4	0
613	1	4	0
614	1	5	0
618	1	4	0
620	1	5	0
621	1	3	0
622	1	3	0
624	1	4	0
630	1	4	0
632	1	3	0
634	1	3	0
635	1	4	0
636	1	3	0
637	1	4	0
642	1	5	0
643	1	5	0
648	1	5	0
649	1	5	0
650	1	3	0
653	1	4	0
654	1	4	0
655	1	2	0
657	1	3	0
658	1	4	0
660	1	3	0
661	1	5	0
663	1	4	0
664	1	4	0
665	1	4	0
669	1	5	0
674	1	4	0
676	1	5	0
677	1	4	0
678	1	5	0
679	1	3	0
680	1	4	0
682	1	4	0
684	1	4	0
689	1	3	0
690	1	4	0
691	1	5	0
692	1	4	0
697	1	5	0
698	1	4	0
699	1	3	0
701	1	4	0
703	1	4	0
705	1	5	0
706	1	4	0
708	1	5	0
709	1	4	0
710	1	4	0
714	1	3	0
715	1	5	0
716	1	5	0
721	1	5	0
723	1	3	0
726	1	4	0
727	1	3	0
730	1	4	0
731	1	2	0
733	1	2	0
735	1	4	0
738	1	5	0
742	1	4	0
744	1	4	0
745	1	2	0
746	1	4	0
747	1	5	0
748	1	4	0
749	1	4	0
751	1	3	0
756	1	4	0
757	1	4	0
759	1	5	0
761	1	1	0
763	1	4	0
764	1	4	0
767	1	5	0
768	1	5	0
769	1	4	0
770	1	5	0
771	1	5	0
773	1	3	0
777	1	4	0
779	1	4	0
785	1	4	0
786	1	4	0
788	1	3	0
789	1	3	0
790	1	3	0
792	1	4	0
793	1	4	0
794	1	4	0
795	1	4	0
796	1	2	0
798	1	4	0
800	1	4	0
804	1	5	0
805	1	4	0
806	1	4	0
807	1	4	0
815	1	5	0
817	1	4	0
821	1	5	0
822	1	4	0
823	1	4	0
826	1	4	0
829	1	4	0
830	1	4	0
831	1	4	0
835	1	3	0
838	1	5	0
839	1	4	0
843	1	3	0
847	1	3	0
852	1	4	0
854	1	3	0
864	1	5	0
865	1	1	0
867	1	4	0
868	1	4	0
870	1	5	0
872	1	3	0
879	1	4	0
880	1	4	0
881	1	4	0
882	1	5	0
883	1	3	0
885	1	5	0
886	1	4	0
887	1	5	0
889	1	3	0
890	1	4	0
892	1	5	0
893	1	5	0
894	1	4	0
895	1	4	0
896	1	4	0
897	1	5	0
899	1	3	0
901	1	5	0
902	1	5	0
903	1	3	0
907	1	5	0
910	1	4	0
913	1	2	0
916	1	4	0
917	1	3	0
918	1	3	0
919	1	4	0
921	1	3	0
922	1	5	0
923	1	3	0
924	1	5	0
927	1	5	0
929	1	3	0
930	1	3	0
932	1	4	0
933	1	3	0
934	1	2	0
935	1	3	0
936	1	4	0
938	1	4	0
941	1	5	0
1	35	1	0
38	35	5	0
83	35	1	0
222	35	1	0
254	35	2	0
405	35	2	0
450	35	2	0
620	35	3	0
642	35	2	0
778	35	1	0
901	35	4	0
1	36	2	0
184	36	3	0
201	36	1	0
256	36	3	0
293	36	1	0
314	36	2	0
393	36	3	0
405	36	2	0
416	36	2	0
477	36	4	0
655	36	2	0
796	36	1	0
846	36	2	0
1	50	5	0
2	50	5	0
4	50	5	0
5	50	4	0
6	50	4	0
7	50	5	0
8	50	5	0
9	50	5	0
10	50	5	0
12	50	4	0
13	50	5	0
14	50	5	0
15	50	5	0
18	50	4	0
20	50	3	0
21	50	3	0
22	50	5	0
23	50	4	0
25	50	5	0
26	50	4	0
27	50	3	0
28	50	4	0
30	50	3	0
32	50	4	0
37	50	5	0
41	50	5	0
42	50	5	0
43	50	4	0
44	50	5	0
45	50	5	0
46	50	4	0
48	50	4	0
49	50	1	0
51	50	5	0
53	50	4	0
54	50	5	0
55	50	4	0
56	50	5	0
57	50	5	0
58	50	4	0
59	50	5	0
60	50	5	0
62	50	5	0
63	50	4	0
64	50	5	0
65	50	5	0
66	50	5	0
68	50	5	0
69	50	5	0
70	50	4	0
71	50	3	0
72	50	2	0
77	50	4	0
79	50	4	0
80	50	3	0
82	50	5	0
83	50	3	0
85	50	5	0
87	50	5	0
89	50	5	0
91	50	5	0
92	50	5	0
94	50	5	0
95	50	5	0
96	50	5	0
97	50	5	0
99	50	5	0
101	50	4	0
102	50	4	0
103	50	5	0
104	50	5	0
108	50	4	0
109	50	5	0
113	50	5	0
115	50	5	0
116	50	3	0
117	50	5	0
119	50	5	0
120	50	4	0
121	50	5	0
123	50	3	0
124	50	3	0
125	50	5	0
127	50	4	0
128	50	4	0
130	50	5	0
132	50	3	0
137	50	5	0
141	50	4	0
144	50	5	0
145	50	5	0
148	50	5	0
150	50	5	0
151	50	5	0
153	50	1	0
154	50	5	0
157	50	4	0
158	50	4	0
160	50	4	0
161	50	2	0
162	50	5	0
169	50	5	0
174	50	4	0
175	50	5	0
176	50	5	0
177	50	5	0
178	50	5	0
182	50	5	0
183	50	2	0
184	50	4	0
185	50	4	0
188	50	4	0
189	50	5	0
192	50	4	0
194	50	3	0
197	50	5	0
198	50	5	0
200	50	5	0
201	50	4	0
203	50	5	0
209	50	5	0
210	50	5	0
213	50	5	0
214	50	3	0
215	50	5	0
216	50	4	0
217	50	1	0
221	50	4	0
222	50	4	0
227	50	4	0
230	50	5	0
231	50	4	0
232	50	4	0
233	50	3	0
234	50	4	0
235	50	5	0
236	50	3	0
239	50	5	0
244	50	5	0
245	50	4	0
246	50	5	0
247	50	5	0
248	50	5	0
249	50	4	0
250	50	5	0
251	50	5	0
253	50	4	0
254	50	5	0
256	50	4	0
257	50	5	0
262	50	2	0
263	50	5	0
265	50	2	0
267	50	5	0
268	50	5	0
269	50	3	0
270	50	5	0
271	50	5	0
272	50	4	0
274	50	5	0
275	50	4	0
276	50	5	0
277	50	3	0
279	50	3	0
280	50	3	0
283	50	5	0
286	50	4	0
287	50	5	0
288	50	4	0
290	50	5	0
291	50	5	0
292	50	4	0
293	50	5	0
294	50	5	0
295	50	5	0
296	50	5	0
297	50	5	0
298	50	5	0
299	50	4	0
301	50	5	0
303	50	5	0
305	50	5	0
307	50	5	0
308	50	5	0
310	50	5	0
311	50	5	0
312	50	5	0
313	50	5	0
316	50	1	0
318	50	2	0
320	50	4	0
321	50	4	0
322	50	5	0
323	50	5	0
324	50	5	0
325	50	5	0
326	50	5	0
327	50	3	0
328	50	4	0
329	50	4	0
330	50	5	0
332	50	5	0
334	50	5	0
336	50	4	0
337	50	5	0
339	50	4	0
340	50	4	0
343	50	5	0
344	50	5	0
345	50	5	0
346	50	5	0
347	50	5	0
350	50	5	0
352	50	5	0
354	50	4	0
359	50	5	0
360	50	4	0
361	50	5	0
363	50	5	0
367	50	5	0
368	50	4	0
369	50	5	0
370	50	4	0
371	50	4	0
373	50	5	0
374	50	3	0
378	50	4	0
379	50	4	0
380	50	4	0
381	50	5	0
382	50	1	0
385	50	1	0
386	50	4	0
387	50	5	0
389	50	5	0
391	50	4	0
392	50	5	0
393	50	5	0
394	50	5	0
395	50	5	0
397	50	5	0
398	50	5	0
399	50	3	0
401	50	1	0
402	50	4	0
403	50	5	0
405	50	5	0
406	50	5	0
407	50	4	0
409	50	5	0
411	50	5	0
413	50	5	0
416	50	5	0
417	50	3	0
419	50	5	0
421	50	5	0
422	50	4	0
424	50	3	0
425	50	5	0
426	50	4	0
429	50	5	0
430	50	4	0
432	50	5	0
433	50	5	0
435	50	5	0
436	50	4	0
437	50	5	0
438	50	5	0
444	50	5	0
445	50	2	0
447	50	5	0
450	50	5	0
452	50	5	0
453	50	5	0
454	50	4	0
455	50	5	0
456	50	4	0
457	50	5	0
458	50	2	0
459	50	4	0
461	50	3	0
463	50	4	0
464	50	4	0
465	50	4	0
466	50	5	0
467	50	4	0
468	50	5	0
470	50	5	0
471	50	3	0
472	50	5	0
474	50	5	0
475	50	5	0
478	50	3	0
479	50	4	0
480	50	4	0
481	50	4	0
482	50	4	0
483	50	5	0
484	50	5	0
486	50	5	0
487	50	4	0
488	50	4	0
490	50	5	0
493	50	5	0
494	50	5	0
495	50	5	0
496	50	5	0
497	50	5	0
498	50	4	0
499	50	3	0
500	50	3	0
503	50	5	0
504	50	3	0
505	50	3	0
506	50	5	0
507	50	5	0
508	50	5	0
509	50	5	0
512	50	5	0
513	50	5	0
514	50	5	0
516	50	5	0
517	50	5	0
521	50	4	0
523	50	5	0
524	50	4	0
526	50	5	0
527	50	4	0
528	50	5	0
530	50	4	0
533	50	5	0
535	50	5	0
536	50	5	0
537	50	4	0
538	50	5	0
539	50	3	0
540	50	5	0
541	50	5	0
542	50	4	0
545	50	5	0
546	50	5	0
548	50	5	0
549	50	5	0
550	50	5	0
551	50	2	0
552	50	4	0
553	50	4	0
554	50	4	0
555	50	5	0
557	50	4	0
560	50	5	0
561	50	3	0
562	50	5	0
563	50	5	0
564	50	4	0
566	50	2	0
567	50	1	0
569	50	5	0
573	50	4	0
575	50	2	0
576	50	4	0
577	50	4	0
579	50	5	0
580	50	5	0
581	50	4	0
582	50	5	0
584	50	4	0
586	50	4	0
588	50	5	0
592	50	5	0
593	50	4	0
594	50	3	0
595	50	5	0
596	50	5	0
597	50	5	0
600	50	4	0
601	50	5	0
602	50	5	0
603	50	5	0
606	50	5	0
608	50	1	0
610	50	4	0
613	50	5	0
618	50	5	0
619	50	4	0
620	50	4	0
621	50	5	0
622	50	5	0
623	50	5	0
624	50	5	0
625	50	5	0
629	50	5	0
630	50	3	0
632	50	5	0
633	50	4	0
634	50	4	0
637	50	4	0
638	50	4	0
641	50	3	0
642	50	5	0
643	50	4	0
644	50	4	0
645	50	4	0
648	50	5	0
649	50	4	0
650	50	5	0
653	50	5	0
654	50	5	0
655	50	4	0
658	50	4	0
659	50	3	0
660	50	4	0
661	50	5	0
662	50	3	0
663	50	5	0
664	50	5	0
665	50	4	0
666	50	3	0
668	50	5	0
669	50	5	0
671	50	5	0
672	50	3	0
674	50	4	0
676	50	5	0
678	50	4	0
679	50	5	0
680	50	5	0
682	50	5	0
684	50	4	0
686	50	4	0
689	50	5	0
691	50	4	0
693	50	3	0
694	50	5	0
697	50	5	0
698	50	5	0
699	50	3	0
700	50	5	0
701	50	5	0
703	50	5	0
704	50	5	0
705	50	4	0
706	50	5	0
708	50	5	0
709	50	5	0
710	50	4	0
711	50	4	0
712	50	4	0
714	50	5	0
715	50	5	0
716	50	5	0
717	50	4	0
719	50	2	0
721	50	5	0
723	50	4	0
727	50	4	0
730	50	4	0
734	50	4	0
735	50	5	0
736	50	3	0
738	50	5	0
739	50	4	0
741	50	5	0
742	50	4	0
744	50	3	0
745	50	2	0
746	50	5	0
747	50	5	0
748	50	5	0
749	50	5	0
751	50	5	0
753	50	4	0
756	50	4	0
757	50	4	0
758	50	4	0
759	50	4	0
760	50	3	0
761	50	5	0
763	50	4	0
764	50	3	0
765	50	2	0
766	50	4	0
768	50	4	0
770	50	3	0
771	50	4	0
773	50	5	0
774	50	4	0
776	50	5	0
779	50	5	0
780	50	5	0
781	50	5	0
782	50	3	0
785	50	5	0
786	50	4	0
789	50	5	0
790	50	4	0
791	50	5	0
793	50	5	0
794	50	5	0
795	50	3	0
796	50	5	0
797	50	5	0
798	50	5	0
799	50	4	0
800	50	4	0
804	50	4	0
805	50	4	0
806	50	5	0
807	50	5	0
815	50	5	0
823	50	5	0
825	50	4	0
826	50	5	0
830	50	5	0
831	50	5	0
832	50	3	0
833	50	2	0
834	50	5	0
835	50	4	0
838	50	5	0
839	50	5	0
840	50	4	0
843	50	3	0
844	50	5	0
846	50	5	0
847	50	4	0
848	50	5	0
850	50	5	0
851	50	5	0
852	50	5	0
854	50	4	0
862	50	5	0
864	50	5	0
867	50	5	0
868	50	5	0
869	50	4	0
870	50	3	0
871	50	5	0
875	50	5	0
878	50	4	0
879	50	4	0
880	50	5	0
881	50	3	0
882	50	5	0
883	50	4	0
885	50	3	0
886	50	5	0
887	50	5	0
889	50	4	0
890	50	5	0
891	50	4	0
892	50	5	0
893	50	5	0
894	50	4	0
895	50	5	0
896	50	5	0
897	50	5	0
899	50	5	0
901	50	4	0
902	50	5	0
903	50	5	0
907	50	4	0
908	50	4	0
910	50	5	0
913	50	4	0
916	50	5	0
917	50	3	0
919	50	3	0
921	50	4	0
922	50	5	0
923	50	5	0
924	50	5	0
929	50	4	0
930	50	2	0
931	50	3	0
933	50	4	0
934	50	5	0
936	50	4	0
937	50	5	0
938	50	5	0
940	50	4	0
942	50	5	0
943	50	4	0
1	100	5	0
2	100	5	0
5	100	5	0
6	100	5	0
7	100	5	0
10	100	5	0
11	100	4	0
13	100	5	0
14	100	5	0
16	100	5	0
17	100	4	0
18	100	5	0
21	100	5	0
23	100	5	0
24	100	5	0
26	100	5	0
27	100	5	0
28	100	5	0
32	100	3	0
41	100	4	0
43	100	4	0
44	100	5	0
45	100	5	0
46	100	4	0
49	100	4	0
50	100	2	0
52	100	4	0
53	100	5	0
54	100	5	0
57	100	5	0
58	100	5	0
59	100	5	0
62	100	4	0
63	100	5	0
64	100	4	0
65	100	3	0
69	100	5	0
71	100	4	0
72	100	5	0
73	100	4	0
74	100	4	0
75	100	5	0
76	100	5	0
77	100	3	0
79	100	5	0
80	100	5	0
81	100	3	0
82	100	5	0
84	100	4	0
85	100	3	0
87	100	5	0
89	100	5	0
90	100	5	0
92	100	5	0
94	100	5	0
96	100	5	0
97	100	2	0
99	100	5	0
104	100	4	0
106	100	3	0
108	100	4	0
109	100	4	0
113	100	4	0
114	100	5	0
115	100	5	0
118	100	5	0
119	100	5	0
121	100	4	0
123	100	4	0
130	100	3	0
131	100	5	0
132	100	4	0
136	100	5	0
138	100	5	0
139	100	5	0
141	100	4	0
144	100	5	0
145	100	5	0
150	100	2	0
151	100	3	0
156	100	4	0
157	100	5	0
158	100	5	0
160	100	5	0
161	100	4	0
164	100	5	0
168	100	4	0
174	100	5	0
175	100	2	0
176	100	5	0
177	100	5	0
178	100	4	0
181	100	3	0
182	100	3	0
184	100	5	0
186	100	4	0
188	100	4	0
189	100	4	0
190	100	4	0
192	100	5	0
193	100	5	0
194	100	4	0
195	100	5	0
198	100	1	0
199	100	3	0
201	100	4	0
203	100	1	0
207	100	2	0
213	100	5	0
214	100	4	0
216	100	5	0
218	100	4	0
221	100	5	0
222	100	5	0
227	100	5	0
230	100	4	0
232	100	5	0
233	100	4	0
234	100	4	0
235	100	4	0
236	100	3	0
237	100	5	0
239	100	3	0
244	100	4	0
246	100	4	0
247	100	3	0
248	100	4	0
249	100	5	0
250	100	5	0
251	100	4	0
252	100	5	0
253	100	4	0
255	100	3	0
256	100	4	0
257	100	5	0
262	100	3	0
263	100	5	0
264	100	5	0
265	100	5	0
266	100	5	0
267	100	5	0
268	100	3	0
269	100	5	0
271	100	5	0
274	100	5	0
276	100	5	0
277	100	4	0
279	100	4	0
280	100	3	0
283	100	4	0
285	100	4	0
286	100	3	0
287	100	5	0
288	100	5	0
291	100	5	0
292	100	5	0
293	100	4	0
294	100	4	0
295	100	5	0
296	100	5	0
297	100	5	0
299	100	3	0
300	100	3	0
301	100	5	0
303	100	5	0
305	100	3	0
306	100	4	0
307	100	3	0
308	100	5	0
311	100	1	0
312	100	4	0
313	100	5	0
315	100	5	0
316	100	4	0
318	100	5	0
320	100	4	0
321	100	4	0
323	100	4	0
325	100	4	0
327	100	4	0
328	100	5	0
329	100	4	0
330	100	4	0
331	100	4	0
333	100	4	0
334	100	5	0
336	100	3	0
338	100	4	0
339	100	5	0
342	100	5	0
343	100	5	0
344	100	5	0
345	100	5	0
346	100	3	0
347	100	3	0
348	100	4	0
349	100	4	0
352	100	4	0
354	100	5	0
360	100	5	0
361	100	5	0
363	100	5	0
365	100	5	0
367	100	5	0
368	100	4	0
370	100	4	0
372	100	3	0
373	100	3	0
374	100	5	0
376	100	4	0
377	100	3	0
378	100	4	0
379	100	5	0
380	100	4	0
381	100	4	0
382	100	4	0
383	100	4	0
385	100	4	0
387	100	5	0
388	100	3	0
389	100	5	0
390	100	5	0
391	100	4	0
393	100	1	0
395	100	4	0
396	100	2	0
397	100	5	0
398	100	3	0
399	100	3	0
401	100	4	0
402	100	5	0
403	100	5	0
406	100	4	0
407	100	5	0
409	100	5	0
413	100	4	0
414	100	5	0
416	100	5	0
417	100	3	0
419	100	5	0
420	100	5	0
421	100	4	0
422	100	4	0
423	100	5	0
424	100	5	0
425	100	4	0
426	100	4	0
429	100	5	0
430	100	5	0
432	100	3	0
435	100	3	0
437	100	4	0
438	100	4	0
439	100	3	0
441	100	3	0
442	100	2	0
444	100	5	0
445	100	2	0
447	100	5	0
449	100	5	0
450	100	4	0
452	100	5	0
453	100	5	0
454	100	4	0
455	100	4	0
456	100	3	0
457	100	5	0
458	100	4	0
459	100	1	0
460	100	5	0
462	100	4	0
463	100	4	0
465	100	3	0
467	100	5	0
468	100	5	0
470	100	4	0
472	100	5	0
474	100	5	0
475	100	5	0
478	100	5	0
479	100	3	0
480	100	4	0
481	100	4	0
486	100	5	0
487	100	5	0
488	100	2	0
490	100	3	0
491	100	5	0
492	100	4	0
493	100	5	0
494	100	5	0
497	100	4	0
498	100	3	0
499	100	4	0
500	100	4	0
501	100	4	0
503	100	5	0
504	100	5	0
514	100	4	0
518	100	4	0
520	100	4	0
521	100	3	0
522	100	5	0
524	100	5	0
525	100	4	0
526	100	5	0
527	100	5	0
530	100	4	0
532	100	5	0
533	100	5	0
535	100	5	0
537	100	4	0
538	100	4	0
540	100	5	0
542	100	4	0
546	100	3	0
548	100	5	0
549	100	4	0
551	100	4	0
552	100	4	0
553	100	5	0
554	100	3	0
555	100	5	0
558	100	5	0
560	100	5	0
561	100	4	0
566	100	5	0
567	100	1	0
568	100	4	0
569	100	5	0
572	100	3	0
574	100	5	0
576	100	4	0
577	100	4	0
579	100	4	0
580	100	3	0
581	100	5	0
582	100	5	0
583	100	5	0
588	100	1	0
590	100	5	0
591	100	5	0
592	100	5	0
593	100	5	0
594	100	4	0
595	100	4	0
601	100	4	0
603	100	4	0
604	100	5	0
605	100	5	0
606	100	5	0
607	100	4	0
608	100	4	0
612	100	4	0
614	100	5	0
615	100	3	0
617	100	4	0
618	100	4	0
620	100	1	0
621	100	5	0
622	100	5	0
624	100	5	0
625	100	3	0
627	100	5	0
629	100	5	0
630	100	3	0
632	100	3	0
634	100	4	0
636	100	5	0
637	100	4	0
638	100	3	0
639	100	1	0
643	100	5	0
644	100	4	0
650	100	4	0
653	100	4	0
654	100	1	0
655	100	3	0
658	100	4	0
660	100	3	0
662	100	5	0
663	100	4	0
664	100	5	0
665	100	3	0
666	100	4	0
676	100	5	0
678	100	5	0
679	100	3	0
680	100	3	0
682	100	3	0
684	100	4	0
692	100	4	0
694	100	4	0
698	100	2	0
699	100	4	0
701	100	5	0
703	100	4	0
704	100	4	0
706	100	1	0
707	100	5	0
710	100	4	0
714	100	1	0
715	100	2	0
717	100	4	0
722	100	4	0
725	100	5	0
727	100	2	0
728	100	5	0
730	100	5	0
733	100	5	0
735	100	2	0
737	100	5	0
738	100	2	0
739	100	5	0
742	100	5	0
743	100	5	0
745	100	5	0
747	100	5	0
749	100	3	0
751	100	4	0
756	100	5	0
757	100	3	0
758	100	5	0
763	100	5	0
764	100	4	0
767	100	5	0
768	100	5	0
770	100	5	0
773	100	4	0
774	100	1	0
777	100	1	0
781	100	5	0
786	100	4	0
788	100	5	0
789	100	5	0
790	100	2	0
792	100	4	0
793	100	4	0
794	100	5	0
795	100	5	0
796	100	3	0
804	100	5	0
805	100	5	0
806	100	4	0
814	100	4	0
821	100	2	0
823	100	5	0
825	100	4	0
829	100	4	0
830	100	5	0
831	100	4	0
833	100	4	0
834	100	4	0
838	100	4	0
839	100	3	0
840	100	5	0
844	100	4	0
852	100	4	0
854	100	5	0
858	100	3	0
860	100	4	0
862	100	5	0
864	100	5	0
865	100	4	0
868	100	5	0
869	100	5	0
870	100	4	0
874	100	4	0
878	100	2	0
880	100	5	0
881	100	4	0
883	100	4	0
884	100	5	0
885	100	3	0
886	100	4	0
887	100	2	0
888	100	4	0
889	100	4	0
891	100	5	0
892	100	5	0
894	100	4	0
895	100	4	0
896	100	3	0
900	100	4	0
903	100	5	0
905	100	4	0
906	100	4	0
907	100	5	0
908	100	4	0
910	100	4	0
913	100	3	0
916	100	5	0
917	100	4	0
919	100	5	0
923	100	5	0
924	100	4	0
929	100	4	0
930	100	3	0
931	100	4	0
932	100	5	0
933	100	5	0
934	100	4	0
935	100	3	0
936	100	4	0
937	100	3	0
938	100	5	0
940	100	3	0
943	100	5	0
1	103	1	0
21	103	1	0
42	103	3	0
82	103	2	0
159	103	1	0
181	103	1	0
200	103	2	0
254	103	2	0
280	103	3	0
416	103	3	0
463	103	1	0
533	103	3	0
606	103	3	0
648	103	1	0
881	103	1	0
1	104	1	0
181	104	1	0
276	104	1	0
648	104	1	0
847	104	3	0
1	120	1	0
11	120	2	0
43	120	4	0
44	120	4	0
58	120	2	0
87	120	2	0
92	120	2	0
99	120	2	0
125	120	1	0
141	120	4	0
145	120	2	0
152	120	2	0
157	120	1	0
158	120	1	0
181	120	1	0
189	120	1	0
222	120	2	0
223	120	2	0
256	120	1	0
268	120	2	0
269	120	1	0
276	120	2	0
279	120	1	0
290	120	4	0
294	120	2	0
301	120	2	0
303	120	2	0
314	120	3	0
332	120	4	0
346	120	3	0
349	120	3	0
363	120	1	0
374	120	3	0
381	120	1	0
417	120	2	0
449	120	1	0
453	120	1	0
457	120	2	0
459	120	2	0
472	120	5	0
495	120	5	0
500	120	3	0
518	120	3	0
532	120	2	0
533	120	1	0
555	120	4	0
599	120	3	0
622	120	1	0
630	120	4	0
642	120	3	0
660	120	1	0
690	120	1	0
711	120	2	0
760	120	1	0
769	120	1	0
788	120	2	0
795	120	3	0
804	120	3	0
825	120	3	0
847	120	1	0
862	120	3	0
880	120	2	0
881	120	2	0
897	120	3	0
903	120	2	0
907	120	4	0
935	120	3	0
1	121	4	0
5	121	4	0
7	121	5	0
11	121	3	0
13	121	5	0
14	121	3	0
15	121	3	0
20	121	3	0
21	121	1	0
22	121	3	0
25	121	4	0
26	121	3	0
27	121	4	0
37	121	2	0
42	121	4	0
43	121	4	0
44	121	4	0
45	121	4	0
49	121	1	0
52	121	4	0
53	121	4	0
54	121	4	0
55	121	3	0
56	121	5	0
57	121	4	0
58	121	2	0
59	121	4	0
60	121	4	0
62	121	4	0
63	121	1	0
64	121	2	0
65	121	4	0
66	121	3	0
67	121	4	0
68	121	1	0
70	121	3	0
72	121	3	0
74	121	4	0
75	121	4	0
76	121	2	0
77	121	2	0
81	121	4	0
82	121	4	0
83	121	4	0
84	121	4	0
85	121	2	0
87	121	5	0
89	121	5	0
92	121	5	0
93	121	3	0
94	121	2	0
95	121	4	0
99	121	3	0
101	121	4	0
102	121	3	0
103	121	3	0
104	121	2	0
108	121	3	0
109	121	5	0
115	121	3	0
117	121	4	0
119	121	4	0
120	121	4	0
121	121	2	0
128	121	4	0
130	121	5	0
137	121	5	0
138	121	4	0
141	121	4	0
145	121	2	0
150	121	2	0
151	121	5	0
152	121	5	0
158	121	4	0
159	121	3	0
162	121	4	0
164	121	5	0
168	121	4	0
177	121	2	0
178	121	5	0
180	121	5	0
181	121	4	0
182	121	3	0
183	121	3	0
184	121	2	0
186	121	2	0
188	121	4	0
189	121	2	0
190	121	3	0
192	121	2	0
193	121	3	0
194	121	2	0
198	121	3	0
200	121	5	0
201	121	2	0
207	121	3	0
210	121	4	0
213	121	5	0
214	121	4	0
217	121	1	0
221	121	2	0
222	121	3	0
223	121	3	0
227	121	2	0
230	121	4	0
231	121	4	0
233	121	4	0
238	121	4	0
244	121	1	0
246	121	4	0
247	121	4	0
248	121	2	0
249	121	3	0
251	121	4	0
253	121	5	0
254	121	3	0
255	121	2	0
256	121	5	0
257	121	3	0
259	121	3	0
262	121	3	0
267	121	3	0
268	121	2	0
269	121	1	0
270	121	4	0
271	121	2	0
275	121	3	0
276	121	4	0
277	121	2	0
279	121	4	0
286	121	3	0
287	121	4	0
288	121	2	0
289	121	3	0
290	121	4	0
291	121	2	0
293	121	3	0
294	121	5	0
295	121	4	0
296	121	5	0
298	121	4	0
301	121	4	0
303	121	3	0
305	121	3	0
307	121	1	0
308	121	3	0
311	121	4	0
312	121	3	0
313	121	4	0
314	121	4	0
315	121	2	0
318	121	1	0
320	121	5	0
323	121	3	0
327	121	2	0
328	121	4	0
330	121	4	0
332	121	5	0
334	121	3	0
336	121	4	0
337	121	5	0
339	121	3	0
343	121	2	0
344	121	3	0
345	121	3	0
346	121	4	0
347	121	3	0
348	121	5	0
349	121	2	0
357	121	5	0
359	121	4	0
361	121	2	0
363	121	2	0
374	121	4	0
378	121	4	0
380	121	3	0
381	121	2	0
386	121	3	0
387	121	2	0
388	121	4	0
393	121	4	0
394	121	4	0
395	121	3	0
396	121	5	0
399	121	3	0
401	121	3	0
403	121	5	0
406	121	5	0
407	121	4	0
416	121	5	0
417	121	3	0
425	121	4	0
429	121	3	0
430	121	2	0
432	121	4	0
434	121	4	0
435	121	3	0
437	121	3	0
438	121	5	0
439	121	2	0
441	121	4	0
442	121	2	0
445	121	1	0
447	121	5	0
450	121	3	0
452	121	5	0
454	121	4	0
455	121	4	0
456	121	2	0
457	121	4	0
458	121	1	0
459	121	5	0
461	121	2	0
463	121	3	0
466	121	3	0
468	121	4	0
472	121	5	0
474	121	4	0
479	121	4	0
483	121	2	0
484	121	4	0
486	121	3	0
487	121	4	0
493	121	5	0
494	121	4	0
495	121	5	0
497	121	4	0
498	121	2	0
500	121	3	0
501	121	4	0
503	121	3	0
504	121	4	0
505	121	4	0
507	121	5	0
508	121	2	0
513	121	5	0
518	121	5	0
521	121	2	0
525	121	4	0
526	121	2	0
532	121	4	0
533	121	4	0
534	121	4	0
535	121	4	0
536	121	4	0
537	121	1	0
538	121	3	0
540	121	2	0
541	121	3	0
542	121	2	0
545	121	5	0
546	121	5	0
548	121	5	0
549	121	4	0
550	121	5	0
551	121	5	0
552	121	4	0
554	121	4	0
555	121	3	0
560	121	3	0
561	121	3	0
564	121	4	0
566	121	3	0
569	121	3	0
572	121	2	0
577	121	5	0
580	121	4	0
582	121	3	0
586	121	5	0
588	121	5	0
592	121	4	0
593	121	4	0
595	121	2	0
601	121	2	0
602	121	4	0
605	121	1	0
606	121	4	0
607	121	2	0
614	121	4	0
618	121	4	0
619	121	5	0
620	121	5	0
621	121	3	0
622	121	1	0
623	121	4	0
624	121	3	0
625	121	3	0
627	121	3	0
630	121	4	0
633	121	3	0
634	121	5	0
636	121	5	0
637	121	4	0
638	121	4	0
642	121	5	0
643	121	4	0
644	121	5	0
647	121	4	0
648	121	5	0
649	121	2	0
650	121	3	0
653	121	4	0
654	121	4	0
655	121	3	0
659	121	4	0
660	121	2	0
661	121	2	0
663	121	4	0
664	121	3	0
665	121	2	0
666	121	3	0
669	121	3	0
671	121	4	0
674	121	4	0
679	121	2	0
680	121	3	0
682	121	4	0
684	121	3	0
689	121	5	0
690	121	3	0
693	121	2	0
694	121	5	0
697	121	4	0
698	121	2	0
699	121	3	0
703	121	5	0
705	121	5	0
708	121	3	0
709	121	4	0
711	121	1	0
714	121	4	0
715	121	4	0
716	121	5	0
717	121	2	0
718	121	4	0
719	121	1	0
722	121	5	0
727	121	4	0
730	121	4	0
733	121	3	0
734	121	4	0
738	121	4	0
741	121	2	0
746	121	3	0
749	121	3	0
751	121	4	0
756	121	3	0
757	121	2	0
758	121	2	0
759	121	5	0
764	121	5	0
768	121	4	0
769	121	4	0
773	121	2	0
774	121	1	0
778	121	3	0
779	121	3	0
786	121	2	0
788	121	4	0
790	121	3	0
792	121	4	0
793	121	3	0
795	121	3	0
796	121	5	0
798	121	5	0
800	121	4	0
804	121	4	0
805	121	3	0
806	121	4	0
807	121	4	0
815	121	2	0
817	121	3	0
821	121	3	0
825	121	5	0
833	121	1	0
838	121	2	0
839	121	3	0
840	121	2	0
843	121	3	0
844	121	3	0
847	121	3	0
848	121	4	0
849	121	5	0
850	121	5	0
851	121	4	0
852	121	4	0
854	121	1	0
862	121	5	0
864	121	4	0
865	121	1	0
868	121	2	0
871	121	4	0
872	121	4	0
879	121	4	0
880	121	2	0
881	121	5	0
882	121	4	0
887	121	5	0
889	121	4	0
890	121	2	0
891	121	4	0
892	121	4	0
893	121	4	0
894	121	3	0
896	121	3	0
897	121	5	0
899	121	5	0
900	121	2	0
901	121	4	0
903	121	3	0
906	121	4	0
907	121	4	0
910	121	1	0
916	121	3	0
917	121	1	0
921	121	5	0
923	121	4	0
924	121	4	0
927	121	5	0
930	121	4	0
931	121	2	0
932	121	3	0
933	121	3	0
934	121	3	0
935	121	4	0
936	121	4	0
938	121	5	0
939	121	5	0
943	121	3	0
1	122	3	0
26	122	1	0
32	122	2	0
38	122	1	0
43	122	2	0
49	122	2	0
56	122	2	0
67	122	3	0
83	122	1	0
92	122	3	0
101	122	1	0
104	122	3	0
109	122	2	0
117	122	2	0
121	122	2	0
125	122	1	0
130	122	3	0
145	122	1	0
162	122	2	0
174	122	1	0
181	122	2	0
193	122	1	0
198	122	1	0
216	122	5	0
244	122	4	0
262	122	2	0
268	122	2	0
269	122	1	0
276	122	3	0
279	122	1	0
291	122	3	0
293	122	3	0
294	122	3	0
301	122	2	0
303	122	4	0
308	122	4	0
314	122	1	0
320	122	3	0
332	122	5	0
336	122	5	0
342	122	4	0
344	122	1	0
374	122	2	0
382	122	3	0
385	122	3	0
393	122	1	0
406	122	3	0
416	122	3	0
417	122	2	0
435	122	3	0
449	122	1	0
453	122	3	0
457	122	2	0
472	122	3	0
478	122	2	0
479	122	1	0
484	122	2	0
497	122	1	0
500	122	3	0
501	122	4	0
504	122	1	0
533	122	1	0
542	122	3	0
560	122	3	0
566	122	2	0
592	122	4	0
593	122	1	0
614	122	3	0
621	122	2	0
624	122	3	0
634	122	3	0
642	122	2	0
648	122	1	0
655	122	2	0
660	122	1	0
666	122	2	0
682	122	3	0
697	122	4	0
715	122	4	0
716	122	2	0
722	122	3	0
727	122	2	0
756	122	1	0
757	122	1	0
758	122	4	0
774	122	1	0
790	122	2	0
793	122	3	0
805	122	5	0
806	122	3	0
825	122	1	0
833	122	2	0
851	122	2	0
852	122	1	0
854	122	3	0
865	122	3	0
868	122	3	0
869	122	3	0
880	122	3	0
882	122	2	0
887	122	5	0
893	122	2	0
921	122	2	0
922	122	2	0
938	122	1	0
943	122	1	0
1	181	5	0
3	181	4	0
5	181	5	0
7	181	3	0
8	181	4	0
13	181	5	0
14	181	5	0
15	181	5	0
18	181	3	0
20	181	4	0
22	181	5	0
23	181	4	0
25	181	5	0
26	181	4	0
30	181	4	0
32	181	4	0
41	181	4	0
42	181	5	0
43	181	4	0
44	181	4	0
45	181	4	0
46	181	4	0
48	181	5	0
49	181	1	0
51	181	5	0
53	181	4	0
54	181	5	0
55	181	4	0
56	181	5	0
57	181	5	0
58	181	3	0
59	181	5	0
60	181	4	0
62	181	4	0
63	181	3	0
64	181	4	0
66	181	5	0
68	181	5	0
69	181	5	0
70	181	4	0
71	181	3	0
72	181	1	0
77	181	3	0
82	181	4	0
83	181	4	0
85	181	4	0
87	181	5	0
89	181	4	0
91	181	5	0
92	181	4	0
94	181	4	0
95	181	4	0
96	181	5	0
99	181	5	0
101	181	4	0
102	181	2	0
103	181	4	0
104	181	5	0
108	181	3	0
109	181	5	0
115	181	4	0
116	181	4	0
117	181	5	0
119	181	4	0
121	181	5	0
125	181	5	0
128	181	4	0
130	181	5	0
137	181	5	0
141	181	4	0
142	181	5	0
144	181	4	0
145	181	5	0
148	181	5	0
150	181	5	0
151	181	5	0
153	181	1	0
158	181	3	0
161	181	2	0
162	181	4	0
164	181	5	0
165	181	5	0
168	181	4	0
169	181	5	0
176	181	3	0
177	181	4	0
178	181	5	0
180	181	2	0
182	181	5	0
183	181	2	0
184	181	4	0
185	181	4	0
188	181	3	0
189	181	3	0
194	181	3	0
195	181	5	0
197	181	5	0
198	181	4	0
201	181	2	0
203	181	5	0
207	181	3	0
209	181	4	0
210	181	5	0
211	181	1	0
213	181	4	0
214	181	3	0
215	181	4	0
216	181	3	0
217	181	1	0
221	181	4	0
222	181	4	0
230	181	4	0
231	181	4	0
232	181	4	0
234	181	3	0
235	181	3	0
236	181	4	0
238	181	3	0
239	181	3	0
244	181	4	0
245	181	4	0
246	181	5	0
247	181	4	0
248	181	4	0
249	181	3	0
250	181	4	0
251	181	4	0
254	181	5	0
256	181	4	0
257	181	5	0
259	181	4	0
262	181	3	0
263	181	4	0
265	181	2	0
267	181	5	0
268	181	4	0
269	181	2	0
270	181	4	0
271	181	5	0
274	181	5	0
275	181	4	0
276	181	5	0
277	181	3	0
279	181	3	0
280	181	3	0
286	181	3	0
287	181	3	0
290	181	5	0
291	181	5	0
292	181	4	0
293	181	3	0
294	181	5	0
295	181	4	0
296	181	5	0
297	181	4	0
298	181	4	0
299	181	3	0
301	181	5	0
303	181	5	0
305	181	4	0
307	181	5	0
308	181	4	0
310	181	4	0
311	181	4	0
312	181	4	0
313	181	4	0
323	181	5	0
325	181	4	0
326	181	4	0
327	181	4	0
328	181	4	0
329	181	4	0
330	181	5	0
332	181	5	0
334	181	4	0
337	181	2	0
339	181	4	0
340	181	4	0
344	181	3	0
345	181	4	0
346	181	5	0
347	181	5	0
350	181	4	0
352	181	4	0
354	181	4	0
359	181	5	0
360	181	4	0
363	181	5	0
368	181	4	0
369	181	5	0
370	181	4	0
371	181	3	0
373	181	5	0
374	181	3	0
376	181	4	0
378	181	4	0
379	181	4	0
380	181	3	0
385	181	1	0
386	181	3	0
387	181	4	0
389	181	4	0
390	181	4	0
392	181	5	0
393	181	4	0
394	181	4	0
395	181	5	0
397	181	4	0
398	181	4	0
399	181	3	0
401	181	3	0
402	181	4	0
403	181	4	0
405	181	5	0
406	181	5	0
407	181	3	0
409	181	4	0
411	181	5	0
413	181	5	0
416	181	5	0
417	181	3	0
419	181	4	0
422	181	4	0
425	181	4	0
429	181	5	0
430	181	4	0
432	181	5	0
435	181	5	0
437	181	4	0
438	181	4	0
442	181	4	0
445	181	2	0
447	181	5	0
450	181	4	0
452	181	4	0
453	181	5	0
454	181	3	0
455	181	4	0
456	181	3	0
457	181	4	0
458	181	2	0
459	181	4	0
462	181	4	0
464	181	3	0
465	181	3	0
466	181	4	0
467	181	3	0
468	181	3	0
470	181	4	0
472	181	5	0
474	181	5	0
479	181	5	0
481	181	5	0
483	181	4	0
484	181	5	0
486	181	4	0
487	181	4	0
488	181	4	0
490	181	4	0
493	181	5	0
494	181	4	0
495	181	5	0
496	181	5	0
497	181	5	0
498	181	2	0
499	181	3	0
500	181	3	0
501	181	4	0
503	181	5	0
504	181	3	0
505	181	3	0
506	181	5	0
507	181	5	0
508	181	3	0
509	181	4	0
513	181	5	0
514	181	4	0
516	181	4	0
517	181	4	0
521	181	4	0
523	181	5	0
524	181	3	0
525	181	4	0
526	181	4	0
527	181	4	0
528	181	5	0
530	181	3	0
532	181	5	0
533	181	5	0
535	181	4	0
536	181	5	0
537	181	2	0
538	181	3	0
540	181	4	0
541	181	5	0
542	181	4	0
545	181	5	0
546	181	5	0
548	181	4	0
549	181	4	0
550	181	5	0
551	181	2	0
552	181	3	0
553	181	4	0
554	181	4	0
555	181	5	0
560	181	4	0
561	181	3	0
562	181	3	0
563	181	4	0
564	181	4	0
566	181	2	0
567	181	1	0
571	181	4	0
575	181	2	0
576	181	4	0
577	181	5	0
580	181	5	0
581	181	3	0
582	181	4	0
584	181	4	0
586	181	4	0
588	181	5	0
592	181	3	0
593	181	4	0
594	181	3	0
595	181	5	0
596	181	4	0
597	181	4	0
600	181	4	0
601	181	5	0
602	181	5	0
603	181	5	0
606	181	5	0
618	181	5	0
619	181	4	0
620	181	4	0
621	181	5	0
622	181	5	0
623	181	5	0
624	181	4	0
625	181	4	0
630	181	3	0
632	181	5	0
637	181	4	0
638	181	5	0
642	181	5	0
643	181	3	0
644	181	4	0
645	181	4	0
648	181	5	0
649	181	4	0
650	181	4	0
653	181	4	0
654	181	3	0
655	181	3	0
658	181	3	0
659	181	3	0
660	181	4	0
661	181	5	0
663	181	4	0
665	181	4	0
666	181	2	0
669	181	5	0
671	181	5	0
672	181	3	0
674	181	4	0
676	181	5	0
678	181	3	0
679	181	5	0
682	181	5	0
684	181	4	0
686	181	4	0
689	181	5	0
693	181	3	0
694	181	5	0
697	181	4	0
698	181	3	0
699	181	3	0
700	181	5	0
703	181	5	0
705	181	5	0
706	181	4	0
708	181	5	0
709	181	4	0
710	181	3	0
711	181	4	0
712	181	5	0
714	181	5	0
715	181	4	0
716	181	4	0
721	181	5	0
725	181	4	0
727	181	3	0
730	181	2	0
735	181	4	0
736	181	2	0
738	181	4	0
741	181	4	0
742	181	3	0
743	181	3	0
745	181	2	0
746	181	5	0
747	181	5	0
748	181	4	0
749	181	5	0
751	181	5	0
753	181	3	0
756	181	4	0
757	181	3	0
758	181	4	0
759	181	5	0
760	181	3	0
761	181	5	0
766	181	4	0
770	181	3	0
771	181	4	0
773	181	5	0
774	181	3	0
776	181	4	0
779	181	5	0
781	181	5	0
782	181	3	0
786	181	4	0
789	181	4	0
790	181	4	0
791	181	5	0
793	181	4	0
794	181	4	0
795	181	4	0
796	181	5	0
797	181	5	0
798	181	5	0
800	181	4	0
804	181	5	0
805	181	3	0
806	181	2	0
807	181	5	0
815	181	5	0
821	181	4	0
823	181	4	0
825	181	4	0
826	181	5	0
830	181	5	0
831	181	5	0
832	181	3	0
833	181	2	0
834	181	5	0
837	181	3	0
838	181	5	0
839	181	3	0
840	181	3	0
843	181	3	0
844	181	5	0
846	181	5	0
847	181	4	0
848	181	5	0
850	181	5	0
852	181	4	0
858	181	2	0
862	181	5	0
864	181	5	0
867	181	5	0
868	181	5	0
869	181	3	0
870	181	4	0
871	181	3	0
875	181	4	0
878	181	3	0
879	181	4	0
880	181	5	0
881	181	4	0
882	181	5	0
885	181	3	0
886	181	5	0
887	181	5	0
889	181	4	0
890	181	4	0
891	181	3	0
892	181	4	0
895	181	5	0
896	181	5	0
897	181	3	0
899	181	3	0
901	181	4	0
902	181	3	0
903	181	4	0
904	181	3	0
907	181	4	0
908	181	3	0
910	181	1	0
913	181	3	0
916	181	4	0
919	181	4	0
921	181	5	0
922	181	5	0
923	181	5	0
924	181	3	0
931	181	4	0
933	181	2	0
934	181	4	0
935	181	4	0
936	181	4	0
938	181	5	0
940	181	3	0
941	181	5	0
943	181	4	0
1	243	1	0
5	243	1	0
8	243	2	0
13	243	3	0
15	243	1	0
17	243	1	0
20	243	4	0
21	243	2	0
35	243	2	0
38	243	3	0
40	243	2	0
48	243	3	0
57	243	3	0
59	243	1	0
61	243	2	0
83	243	3	0
92	243	1	0
125	243	2	0
126	243	5	0
127	243	5	0
130	243	2	0
133	243	3	0
137	243	4	0
142	243	1	0
159	243	4	0
166	243	3	0
169	243	3	0
177	243	1	0
181	243	1	0
186	243	2	0
199	243	1	0
200	243	3	0
205	243	2	0
210	243	2	0
223	243	3	0
224	243	2	0
234	243	1	0
253	243	2	0
254	243	2	0
256	243	4	0
258	243	3	0
261	243	5	0
274	243	2	0
290	243	3	0
297	243	1	0
300	243	4	0
304	243	3	0
323	243	1	0
348	243	3	0
369	243	3	0
387	243	1	0
393	243	4	0
397	243	1	0
401	243	3	0
404	243	3	0
415	243	1	0
424	243	4	0
428	243	4	0
440	243	1	0
451	243	4	0
452	243	5	0
457	243	2	0
463	243	1	0
482	243	2	0
488	243	3	0
489	243	4	0
502	243	3	0
505	243	2	0
510	243	3	0
514	243	2	0
515	243	3	0
519	243	1	0
526	243	1	0
533	243	3	0
534	243	3	0
537	243	1	0
550	243	2	0
552	243	3	0
556	243	1	0
561	243	1	0
570	243	1	0
587	243	3	0
589	243	3	0
592	243	1	0
598	243	2	0
602	243	3	0
609	243	1	0
612	243	2	0
620	243	3	0
626	243	1	0
630	243	2	0
644	243	4	0
645	243	1	0
650	243	2	0
660	243	2	0
663	243	3	0
677	243	3	0
682	243	1	0
691	243	1	0
699	243	2	0
712	243	4	0
721	243	3	0
728	243	2	0
732	243	5	0
754	243	1	0
761	243	3	0
771	243	3	0
779	243	4	0
782	243	3	0
796	243	3	0
797	243	2	0
798	243	4	0
803	243	1	0
804	243	3	0
810	243	4	0
811	243	3	0
813	243	3	0
816	243	4	0
824	243	1	0
825	243	4	0
832	243	2	0
847	243	1	0
880	243	2	0
881	243	2	0
882	243	4	0
887	243	1	0
897	243	4	0
898	243	1	0
901	243	2	0
919	243	3	0
936	243	2	0
938	243	4	0
1	247	1	0
38	247	5	0
222	247	1	0
374	247	1	0
782	247	1	0
1	258	5	0
2	258	3	0
3	258	2	0
4	258	5	0
6	258	2	0
7	258	4	0
8	258	5	0
11	258	5	0
13	258	4	0
15	258	3	0
19	258	4	0
21	258	4	0
22	258	5	0
23	258	5	0
24	258	4	0
25	258	5	0
26	258	3	0
28	258	5	0
30	258	5	0
33	258	4	0
35	258	2	0
39	258	4	0
40	258	3	0
43	258	5	0
44	258	4	0
47	258	4	0
49	258	2	0
52	258	5	0
53	258	4	0
54	258	4	0
56	258	4	0
57	258	5	0
59	258	3	0
61	258	4	0
62	258	5	0
63	258	3	0
64	258	3	0
65	258	3	0
66	258	4	0
68	258	5	0
69	258	4	0
74	258	4	0
76	258	3	0
79	258	5	0
84	258	4	0
85	258	4	0
86	258	5	0
90	258	3	0
92	258	4	0
94	258	5	0
99	258	5	0
100	258	4	0
102	258	4	0
104	258	3	0
105	258	5	0
107	258	4	0
109	258	5	0
110	258	4	0
111	258	4	0
112	258	3	0
113	258	5	0
116	258	4	0
117	258	4	0
118	258	5	0
119	258	2	0
120	258	5	0
125	258	5	0
126	258	4	0
127	258	5	0
128	258	2	0
129	258	2	0
130	258	4	0
133	258	5	0
134	258	4	0
135	258	4	0
136	258	5	0
140	258	3	0
141	258	5	0
143	258	3	0
144	258	4	0
145	258	4	0
146	258	4	0
147	258	4	0
149	258	3	0
151	258	5	0
153	258	5	0
154	258	3	0
157	258	3	0
159	258	4	0
163	258	4	0
164	258	5	0
165	258	5	0
166	258	4	0
168	258	4	0
169	258	5	0
170	258	3	0
171	258	4	0
173	258	4	0
176	258	4	0
177	258	3	0
178	258	4	0
179	258	5	0
180	258	5	0
181	258	3	0
183	258	3	0
184	258	3	0
185	258	4	0
186	258	1	0
190	258	3	0
192	258	5	0
193	258	3	0
195	258	4	0
197	258	4	0
198	258	4	0
199	258	4	0
200	258	4	0
201	258	2	0
202	258	4	0
203	258	3	0
204	258	2	0
205	258	3	0
206	258	4	0
207	258	4	0
209	258	2	0
213	258	4	0
215	258	3	0
217	258	1	0
219	258	5	0
220	258	3	0
221	258	1	0
222	258	5	0
223	258	1	0
224	258	3	0
226	258	5	0
229	258	2	0
234	258	2	0
238	258	3	0
244	258	5	0
245	258	4	0
247	258	5	0
249	258	5	0
250	258	4	0
251	258	3	0
254	258	4	0
255	258	4	0
257	258	3	0
258	258	2	0
260	258	3	0
262	258	4	0
263	258	3	0
265	258	4	0
268	258	2	0
270	258	3	0
271	258	3	0
274	258	5	0
275	258	3	0
276	258	5	0
277	258	4	0
278	258	3	0
281	258	2	0
282	258	5	0
284	258	4	0
285	258	2	0
286	258	4	0
288	258	4	0
293	258	3	0
294	258	3	0
296	258	5	0
297	258	5	0
301	258	4	0
302	258	3	0
303	258	4	0
305	258	4	0
306	258	2	0
307	258	5	0
309	258	5	0
310	258	3	0
311	258	4	0
313	258	3	0
322	258	4	0
323	258	4	0
324	258	4	0
327	258	1	0
328	258	5	0
329	258	3	0
332	258	5	0
334	258	4	0
335	258	1	0
339	258	3	0
343	258	5	0
344	258	3	0
345	258	4	0
347	258	4	0
350	258	3	0
351	258	5	0
353	258	5	0
354	258	4	0
356	258	5	0
357	258	4	0
358	258	4	0
360	258	4	0
361	258	3	0
362	258	4	0
363	258	3	0
365	258	4	0
367	258	4	0
377	258	4	0
378	258	4	0
380	258	4	0
382	258	2	0
384	258	4	0
387	258	4	0
388	258	5	0
390	258	5	0
391	258	3	0
392	258	2	0
393	258	4	0
395	258	4	0
400	258	5	0
402	258	4	0
403	258	4	0
404	258	4	0
407	258	4	0
408	258	3	0
410	258	2	0
411	258	4	0
413	258	4	0
414	258	5	0
415	258	4	0
416	258	5	0
417	258	4	0
418	258	5	0
422	258	4	0
423	258	5	0
424	258	2	0
425	258	2	0
427	258	4	0
429	258	4	0
430	258	4	0
432	258	4	0
435	258	4	0
440	258	4	0
443	258	5	0
444	258	3	0
447	258	5	0
448	258	4	0
450	258	4	0
451	258	4	0
453	258	4	0
454	258	4	0
455	258	5	0
456	258	4	0
457	258	5	0
459	258	3	0
460	258	3	0
461	258	4	0
463	258	5	0
464	258	5	0
465	258	5	0
466	258	4	0
467	258	2	0
468	258	4	0
470	258	4	0
472	258	5	0
474	258	4	0
475	258	1	0
479	258	5	0
480	258	3	0
482	258	2	0
483	258	4	0
484	258	5	0
486	258	5	0
487	258	5	0
488	258	4	0
489	258	5	0
490	258	2	0
491	258	4	0
493	258	5	0
497	258	4	0
498	258	2	0
499	258	2	0
500	258	4	0
502	258	2	0
504	258	5	0
505	258	1	0
506	258	4	0
507	258	4	0
509	258	4	0
510	258	4	0
512	258	3	0
513	258	4	0
514	258	4	0
515	258	4	0
517	258	5	0
521	258	4	0
523	258	5	0
526	258	3	0
528	258	4	0
529	258	4	0
533	258	4	0
535	258	5	0
537	258	4	0
538	258	3	0
539	258	4	0
540	258	4	0
541	258	4	0
544	258	3	0
545	258	3	0
546	258	4	0
547	258	4	0
548	258	4	0
549	258	5	0
550	258	5	0
551	258	4	0
552	258	4	0
555	258	3	0
560	258	5	0
561	258	2	0
564	258	4	0
569	258	5	0
570	258	3	0
573	258	4	0
574	258	5	0
578	258	1	0
579	258	5	0
580	258	5	0
582	258	4	0
583	258	4	0
584	258	4	0
587	258	4	0
588	258	4	0
589	258	2	0
592	258	5	0
595	258	4	0
596	258	3	0
598	258	5	0
601	258	5	0
606	258	4	0
609	258	3	0
613	258	5	0
616	258	4	0
619	258	5	0
623	258	4	0
624	258	4	0
625	258	4	0
626	258	4	0
627	258	4	0
628	258	5	0
629	258	4	0
630	258	3	0
632	258	4	0
634	258	4	0
636	258	5	0
641	258	3	0
642	258	3	0
644	258	4	0
645	258	3	0
646	258	3	0
650	258	3	0
653	258	3	0
654	258	4	0
655	258	2	0
657	258	2	0
659	258	4	0
661	258	4	0
663	258	3	0
666	258	4	0
668	258	2	0
669	258	2	0
671	258	5	0
673	258	2	0
675	258	3	0
676	258	2	0
681	258	1	0
682	258	3	0
683	258	3	0
689	258	5	0
693	258	4	0
698	258	3	0
699	258	5	0
702	258	5	0
703	258	4	0
706	258	4	0
708	258	5	0
710	258	2	0
711	258	4	0
714	258	4	0
717	258	5	0
720	258	4	0
721	258	3	0
723	258	4	0
724	258	4	0
725	258	4	0
727	258	2	0
730	258	5	0
733	258	3	0
735	258	4	0
737	258	5	0
738	258	4	0
740	258	3	0
742	258	5	0
743	258	5	0
745	258	5	0
747	258	2	0
748	258	5	0
749	258	4	0
750	258	3	0
752	258	3	0
755	258	5	0
756	258	3	0
757	258	5	0
758	258	4	0
759	258	4	0
760	258	5	0
761	258	4	0
763	258	3	0
769	258	3	0
770	258	5	0
771	258	5	0
772	258	5	0
773	258	5	0
774	258	1	0
775	258	4	0
779	258	5	0
781	258	2	0
782	258	4	0
783	258	4	0
784	258	5	0
787	258	5	0
788	258	4	0
790	258	3	0
796	258	4	0
798	258	4	0
799	258	5	0
802	258	5	0
805	258	3	0
806	258	3	0
807	258	3	0
809	258	3	0
811	258	5	0
815	258	4	0
816	258	3	0
817	258	3	0
818	258	4	0
819	258	2	0
820	258	3	0
825	258	4	0
826	258	4	0
827	258	3	0
829	258	3	0
831	258	2	0
832	258	3	0
834	258	4	0
836	258	4	0
837	258	4	0
838	258	5	0
839	258	4	0
841	258	5	0
842	258	3	0
843	258	4	0
844	258	4	0
846	258	3	0
847	258	5	0
851	258	4	0
853	258	3	0
854	258	4	0
856	258	4	0
857	258	5	0
862	258	5	0
863	258	5	0
864	258	5	0
865	258	4	0
867	258	3	0
870	258	4	0
871	258	5	0
872	258	4	0
873	258	3	0
875	258	4	0
877	258	4	0
878	258	3	0
880	258	4	0
882	258	3	0
884	258	5	0
887	258	1	0
889	258	4	0
890	258	3	0
893	258	3	0
894	258	4	0
896	258	5	0
898	258	3	0
899	258	5	0
902	258	3	0
905	258	3	0
907	258	4	0
913	258	4	0
915	258	2	0
919	258	4	0
920	258	4	0
922	258	4	0
924	258	3	0
926	258	4	0
931	258	3	0
936	258	3	0
937	258	4	0
938	258	5	0
939	258	4	0
940	258	5	0
941	258	4	0
942	258	4	0
1	263	1	0
13	263	5	0
21	263	1	0
181	263	1	0
186	263	3	0
211	263	3	0
427	263	5	0
451	263	2	0
489	263	2	0
502	263	1	0
519	263	5	0
592	263	1	0
621	263	1	0
682	263	1	0
697	263	1	0
721	263	3	0
761	263	1	0
802	263	1	0
813	263	3	0
2	286	4	0
6	286	2	0
7	286	4	0
9	286	5	0
10	286	4	0
11	286	5	0
13	286	3	0
15	286	2	0
16	286	2	0
17	286	3	0
18	286	5	0
21	286	3	0
24	286	5	0
26	286	3	0
27	286	3	0
28	286	3	0
29	286	5	0
30	286	5	0
34	286	5	0
40	286	2	0
41	286	4	0
43	286	4	0
46	286	5	0
47	286	3	0
48	286	3	0
50	286	2	0
59	286	3	0
60	286	5	0
62	286	3	0
63	286	4	0
66	286	1	0
68	286	5	0
71	286	4	0
73	286	4	0
76	286	5	0
79	286	5	0
82	286	4	0
84	286	5	0
85	286	4	0
86	286	3	0
88	286	5	0
90	286	5	0
94	286	4	0
95	286	5	0
100	286	3	0
102	286	3	0
104	286	1	0
105	286	4	0
106	286	4	0
107	286	2	0
111	286	4	0
112	286	4	0
113	286	4	0
116	286	3	0
119	286	5	0
120	286	5	0
123	286	5	0
126	286	3	0
127	286	1	0
129	286	5	0
130	286	5	0
131	286	5	0
132	286	3	0
133	286	2	0
134	286	3	0
136	286	5	0
139	286	4	0
140	286	5	0
141	286	4	0
143	286	2	0
144	286	4	0
145	286	3	0
146	286	3	0
147	286	5	0
149	286	5	0
151	286	5	0
152	286	5	0
154	286	4	0
155	286	4	0
157	286	5	0
158	286	4	0
159	286	1	0
161	286	2	0
163	286	3	0
166	286	1	0
171	286	3	0
173	286	5	0
174	286	5	0
176	286	2	0
178	286	3	0
181	286	1	0
184	286	4	0
185	286	4	0
191	286	4	0
193	286	4	0
194	286	1	0
196	286	5	0
197	286	1	0
199	286	5	0
200	286	4	0
201	286	2	0
202	286	1	0
204	286	3	0
205	286	2	0
207	286	2	0
209	286	2	0
211	286	4	0
212	286	4	0
213	286	3	0
216	286	4	0
220	286	5	0
221	286	4	0
223	286	1	0
224	286	3	0
225	286	4	0
226	286	4	0
227	286	3	0
228	286	5	0
229	286	4	0
232	286	3	0
233	286	3	0
234	286	3	0
236	286	5	0
237	286	3	0
238	286	5	0
239	286	1	0
240	286	5	0
241	286	5	0
243	286	4	0
252	286	5	0
254	286	1	0
257	286	5	0
258	286	5	0
259	286	4	0
264	286	2	0
266	286	4	0
268	286	5	0
270	286	5	0
271	286	4	0
273	286	3	0
277	286	5	0
278	286	5	0
280	286	4	0
284	286	4	0
285	286	3	0
288	286	4	0
293	286	3	0
294	286	5	0
296	286	5	0
297	286	5	0
298	286	4	0
299	286	4	0
303	286	5	0
304	286	1	0
305	286	4	0
306	286	4	0
307	286	3	0
309	286	4	0
315	286	5	0
316	286	5	0
318	286	3	0
321	286	4	0
323	286	3	0
324	286	5	0
325	286	4	0
327	286	2	0
328	286	5	0
329	286	4	0
330	286	5	0
331	286	4	0
334	286	4	0
338	286	4	0
339	286	5	0
342	286	4	0
343	286	4	0
344	286	3	0
345	286	3	0
347	286	3	0
350	286	5	0
351	286	5	0
353	286	5	0
354	286	4	0
355	286	5	0
356	286	3	0
359	286	5	0
360	286	5	0
361	286	5	0
364	286	5	0
372	286	5	0
373	286	3	0
378	286	5	0
379	286	4	0
380	286	5	0
382	286	2	0
383	286	5	0
384	286	4	0
385	286	3	0
387	286	2	0
389	286	2	0
390	286	4	0
391	286	4	0
392	286	2	0
395	286	4	0
397	286	4	0
400	286	4	0
401	286	2	0
402	286	5	0
404	286	1	0
406	286	3	0
407	286	4	0
408	286	3	0
409	286	5	0
410	286	4	0
413	286	5	0
416	286	5	0
417	286	5	0
419	286	4	0
420	286	4	0
422	286	5	0
423	286	4	0
424	286	4	0
425	286	1	0
427	286	4	0
428	286	3	0
430	286	4	0
431	286	4	0
433	286	5	0
437	286	2	0
438	286	2	0
442	286	2	0
443	286	5	0
444	286	2	0
446	286	3	0
447	286	2	0
448	286	2	0
449	286	4	0
450	286	4	0
451	286	1	0
452	286	4	0
454	286	3	0
455	286	5	0
456	286	3	0
458	286	4	0
459	286	4	0
460	286	4	0
463	286	4	0
464	286	3	0
465	286	4	0
468	286	4	0
469	286	5	0
470	286	4	0
474	286	5	0
475	286	2	0
479	286	1	0
482	286	3	0
483	286	3	0
485	286	2	0
486	286	2	0
487	286	2	0
488	286	1	0
489	286	4	0
490	286	2	0
491	286	4	0
492	286	4	0
494	286	4	0
500	286	1	0
503	286	3	0
510	286	3	0
512	286	5	0
515	286	2	0
516	286	5	0
520	286	5	0
524	286	5	0
527	286	2	0
529	286	4	0
531	286	5	0
533	286	4	0
534	286	3	0
535	286	2	0
537	286	3	0
539	286	4	0
540	286	4	0
544	286	4	0
546	286	2	0
548	286	1	0
551	286	4	0
552	286	4	0
554	286	4	0
556	286	4	0
558	286	4	0
561	286	4	0
562	286	4	0
568	286	3	0
569	286	5	0
570	286	4	0
572	286	4	0
573	286	3	0
574	286	3	0
579	286	4	0
580	286	4	0
583	286	4	0
585	286	4	0
587	286	4	0
588	286	4	0
589	286	3	0
590	286	5	0
591	286	4	0
592	286	5	0
593	286	5	0
594	286	3	0
596	286	4	0
597	286	3	0
598	286	5	0
605	286	4	0
608	286	4	0
611	286	5	0
614	286	2	0
615	286	4	0
616	286	5	0
623	286	2	0
624	286	5	0
625	286	4	0
626	286	5	0
629	286	4	0
631	286	3	0
634	286	5	0
637	286	5	0
639	286	4	0
645	286	4	0
646	286	3	0
648	286	1	0
650	286	3	0
651	286	4	0
652	286	3	0
653	286	4	0
655	286	3	0
656	286	1	0
657	286	4	0
662	286	3	0
663	286	3	0
664	286	4	0
665	286	4	0
666	286	5	0
668	286	4	0
673	286	4	0
675	286	4	0
676	286	4	0
677	286	1	0
679	286	5	0
680	286	4	0
681	286	5	0
683	286	2	0
685	286	1	0
687	286	3	0
695	286	3	0
696	286	5	0
697	286	4	0
699	286	3	0
701	286	4	0
704	286	5	0
705	286	3	0
707	286	5	0
710	286	4	0
711	286	4	0
713	286	3	0
717	286	3	0
720	286	5	0
721	286	5	0
722	286	4	0
723	286	3	0
724	286	1	0
725	286	5	0
728	286	3	0
732	286	5	0
733	286	4	0
735	286	5	0
736	286	4	0
739	286	2	0
740	286	5	0
743	286	3	0
745	286	1	0
747	286	4	0
748	286	3	0
750	286	4	0
752	286	1	0
753	286	3	0
754	286	3	0
755	286	5	0
758	286	5	0
762	286	4	0
763	286	4	0
764	286	4	0
765	286	5	0
771	286	2	0
773	286	3	0
775	286	4	0
777	286	2	0
780	286	4	0
781	286	1	0
782	286	2	0
783	286	3	0
784	286	3	0
786	286	4	0
787	286	3	0
788	286	5	0
789	286	1	0
791	286	3	0
794	286	3	0
796	286	2	0
797	286	2	0
799	286	5	0
802	286	2	0
803	286	5	0
806	286	3	0
808	286	4	0
809	286	4	0
810	286	4	0
811	286	5	0
812	286	2	0
818	286	4	0
819	286	5	0
820	286	4	0
823	286	5	0
824	286	2	0
825	286	4	0
827	286	3	0
828	286	4	0
829	286	4	0
832	286	3	0
834	286	4	0
835	286	3	0
836	286	3	0
837	286	4	0
838	286	4	0
839	286	4	0
841	286	5	0
845	286	5	0
851	286	4	0
853	286	3	0
854	286	1	0
856	286	4	0
858	286	4	0
860	286	4	0
861	286	4	0
863	286	5	0
864	286	5	0
867	286	5	0
870	286	4	0
871	286	3	0
873	286	2	0
874	286	4	0
875	286	3	0
876	286	5	0
877	286	2	0
878	286	4	0
881	286	2	0
883	286	3	0
888	286	5	0
890	286	5	0
891	286	5	0
893	286	4	0
894	286	5	0
898	286	2	0
906	286	5	0
907	286	5	0
909	286	4	0
910	286	3	0
915	286	4	0
916	286	4	0
919	286	4	0
920	286	2	0
924	286	3	0
926	286	4	0
930	286	3	0
931	286	5	0
934	286	4	0
935	286	5	0
936	286	5	0
937	286	4	0
938	286	3	0
940	286	3	0
2	288	3	0
3	288	2	0
4	288	4	0
7	288	4	0
13	288	1	0
14	288	4	0
16	288	3	0
19	288	3	0
20	288	1	0
21	288	3	0
24	288	3	0
26	288	4	0
27	288	3	0
28	288	5	0
32	288	4	0
33	288	4	0
34	288	2	0
36	288	4	0
37	288	4	0
38	288	5	0
39	288	5	0
45	288	3	0
46	288	2	0
47	288	2	0
50	288	4	0
52	288	3	0
54	288	4	0
57	288	4	0
59	288	5	0
62	288	2	0
63	288	3	0
64	288	4	0
66	288	4	0
68	288	4	0
69	288	5	0
73	288	3	0
74	288	3	0
76	288	2	0
78	288	4	0
79	288	3	0
81	288	3	0
82	288	3	0
86	288	3	0
92	288	3	0
94	288	3	0
99	288	4	0
100	288	2	0
101	288	4	0
102	288	2	0
104	288	2	0
105	288	4	0
107	288	3	0
109	288	5	0
110	288	4	0
113	288	3	0
116	288	3	0
117	288	3	0
118	288	5	0
119	288	4	0
123	288	3	0
126	288	4	0
127	288	5	0
129	288	1	0
130	288	5	0
135	288	3	0
139	288	4	0
140	288	3	0
141	288	3	0
142	288	3	0
143	288	5	0
144	288	2	0
150	288	4	0
154	288	3	0
155	288	3	0
159	288	3	0
160	288	5	0
163	288	3	0
165	288	2	0
166	288	3	0
167	288	3	0
168	288	1	0
170	288	3	0
171	288	2	0
174	288	3	0
176	288	3	0
177	288	5	0
178	288	5	0
179	288	5	0
181	288	4	0
186	288	1	0
188	288	4	0
190	288	5	0
191	288	3	0
193	288	1	0
197	288	3	0
200	288	5	0
201	288	4	0
203	288	5	0
204	288	3	0
206	288	5	0
213	288	4	0
214	288	3	0
215	288	2	0
218	288	2	0
220	288	5	0
221	288	3	0
222	288	4	0
223	288	3	0
227	288	2	0
228	288	4	0
229	288	4	0
234	288	3	0
239	288	2	0
240	288	5	0
241	288	5	0
246	288	5	0
250	288	4	0
251	288	4	0
255	288	4	0
256	288	5	0
257	288	3	0
258	288	1	0
259	288	3	0
260	288	3	0
261	288	4	0
262	288	3	0
264	288	5	0
265	288	4	0
268	288	4	0
270	288	5	0
272	288	4	0
274	288	4	0
276	288	4	0
278	288	5	0
279	288	3	0
280	288	5	0
281	288	4	0
282	288	4	0
283	288	2	0
285	288	5	0
286	288	5	0
291	288	5	0
292	288	3	0
293	288	3	0
294	288	5	0
297	288	3	0
299	288	3	0
300	288	4	0
301	288	4	0
303	288	4	0
304	288	3	0
308	288	4	0
314	288	5	0
315	288	3	0
317	288	4	0
320	288	4	0
323	288	3	0
324	288	5	0
327	288	4	0
329	288	2	0
332	288	5	0
334	288	3	0
335	288	4	0
336	288	3	0
339	288	3	0
341	288	4	0
342	288	5	0
343	288	2	0
344	288	4	0
345	288	3	0
346	288	2	0
347	288	5	0
348	288	5	0
349	288	3	0
351	288	3	0
355	288	5	0
356	288	4	0
362	288	4	0
363	288	4	0
364	288	4	0
365	288	5	0
366	288	4	0
367	288	5	0
368	288	3	0
372	288	5	0
374	288	4	0
375	288	4	0
376	288	3	0
377	288	5	0
378	288	3	0
387	288	3	0
388	288	5	0
391	288	3	0
392	288	4	0
393	288	3	0
394	288	4	0
395	288	2	0
396	288	3	0
397	288	4	0
399	288	3	0
400	288	4	0
403	288	4	0
404	288	3	0
405	288	5	0
407	288	4	0
408	288	4	0
409	288	1	0
412	288	4	0
414	288	5	0
416	288	5	0
417	288	3	0
418	288	5	0
420	288	3	0
422	288	3	0
424	288	1	0
425	288	5	0
428	288	4	0
429	288	3	0
430	288	4	0
432	288	5	0
434	288	5	0
435	288	4	0
436	288	4	0
437	288	2	0
439	288	3	0
441	288	2	0
442	288	4	0
445	288	2	0
446	288	2	0
447	288	4	0
448	288	1	0
449	288	3	0
450	288	3	0
451	288	5	0
452	288	2	0
453	288	4	0
455	288	2	0
457	288	4	0
458	288	3	0
460	288	2	0
462	288	5	0
463	288	1	0
464	288	4	0
466	288	4	0
467	288	4	0
470	288	4	0
472	288	5	0
474	288	3	0
476	288	4	0
478	288	5	0
479	288	3	0
482	288	3	0
485	288	3	0
486	288	4	0
487	288	4	0
488	288	2	0
489	288	4	0
493	288	4	0
495	288	4	0
496	288	2	0
497	288	2	0
498	288	3	0
501	288	4	0
502	288	5	0
504	288	5	0
507	288	5	0
509	288	5	0
510	288	3	0
511	288	4	0
515	288	4	0
518	288	3	0
519	288	4	0
521	288	3	0
525	288	4	0
526	288	4	0
529	288	4	0
531	288	1	0
533	288	2	0
534	288	4	0
537	288	2	0
542	288	2	0
544	288	2	0
546	288	4	0
548	288	3	0
549	288	4	0
550	288	5	0
551	288	4	0
552	288	2	0
554	288	3	0
555	288	3	0
556	288	4	0
557	288	1	0
560	288	4	0
566	288	3	0
569	288	3	0
570	288	2	0
574	288	4	0
578	288	3	0
579	288	4	0
580	288	5	0
582	288	3	0
586	288	4	0
587	288	4	0
588	288	4	0
589	288	5	0
592	288	5	0
593	288	4	0
595	288	3	0
596	288	4	0
599	288	4	0
601	288	1	0
603	288	3	0
604	288	3	0
605	288	5	0
606	288	4	0
608	288	5	0
609	288	2	0
610	288	3	0
611	288	3	0
614	288	2	0
616	288	4	0
617	288	1	0
618	288	3	0
619	288	3	0
620	288	4	0
623	288	1	0
624	288	4	0
626	288	3	0
627	288	3	0
628	288	5	0
629	288	4	0
630	288	4	0
631	288	3	0
632	288	3	0
633	288	2	0
634	288	3	0
642	288	1	0
643	288	4	0
645	288	3	0
646	288	3	0
648	288	4	0
650	288	3	0
652	288	2	0
654	288	3	0
655	288	3	0
663	288	4	0
666	288	3	0
668	288	4	0
671	288	5	0
673	288	4	0
674	288	3	0
676	288	1	0
677	288	5	0
679	288	4	0
681	288	1	0
682	288	4	0
683	288	3	0
685	288	2	0
687	288	4	0
688	288	5	0
693	288	2	0
695	288	4	0
697	288	2	0
699	288	3	0
702	288	1	0
703	288	4	0
706	288	3	0
709	288	5	0
711	288	1	0
715	288	4	0
717	288	1	0
721	288	3	0
724	288	4	0
725	288	3	0
729	288	2	0
732	288	4	0
733	288	2	0
734	288	4	0
735	288	4	0
739	288	1	0
740	288	4	0
741	288	4	0
743	288	2	0
747	288	4	0
750	288	4	0
752	288	5	0
755	288	1	0
757	288	4	0
758	288	4	0
760	288	4	0
761	288	4	0
768	288	4	0
770	288	4	0
772	288	2	0
773	288	2	0
777	288	4	0
781	288	2	0
782	288	4	0
783	288	3	0
785	288	3	0
787	288	1	0
789	288	3	0
790	288	4	0
791	288	3	0
793	288	4	0
801	288	5	0
802	288	3	0
804	288	1	0
805	288	1	0
806	288	3	0
808	288	3	0
810	288	3	0
812	288	4	0
814	288	4	0
816	288	4	0
817	288	4	0
818	288	5	0
820	288	5	0
824	288	3	0
825	288	1	0
826	288	3	0
827	288	3	0
828	288	3	0
830	288	1	0
831	288	1	0
832	288	3	0
833	288	2	0
834	288	5	0
835	288	2	0
836	288	1	0
841	288	3	0
842	288	3	0
843	288	4	0
846	288	4	0
847	288	4	0
849	288	5	0
853	288	4	0
854	288	5	0
859	288	4	0
862	288	5	0
863	288	4	0
864	288	5	0
869	288	3	0
870	288	4	0
872	288	5	0
875	288	4	0
876	288	3	0
877	288	3	0
880	288	4	0
882	288	3	0
886	288	4	0
887	288	4	0
892	288	4	0
893	288	3	0
894	288	3	0
896	288	3	0
897	288	5	0
898	288	4	0
900	288	2	0
903	288	4	0
904	288	4	0
907	288	5	0
908	288	4	0
910	288	3	0
913	288	2	0
915	288	2	0
919	288	4	0
920	288	3	0
921	288	3	0
922	288	2	0
923	288	5	0
924	288	3	0
925	288	5	0
926	288	3	0
927	288	5	0
928	288	3	0
930	288	1	0
938	288	5	0
2	294	1	0
3	294	2	0
4	294	5	0
6	294	2	0
7	294	1	0
8	294	3	0
9	294	4	0
10	294	3	0
13	294	2	0
16	294	4	0
17	294	4	0
19	294	3	0
21	294	3	0
22	294	1	0
23	294	1	0
24	294	3	0
26	294	3	0
28	294	3	0
29	294	4	0
30	294	4	0
32	294	3	0
33	294	3	0
34	294	1	0
38	294	5	0
39	294	4	0
40	294	4	0
42	294	4	0
43	294	5	0
44	294	4	0
46	294	2	0
48	294	3	0
49	294	1	0
56	294	4	0
57	294	4	0
61	294	2	0
62	294	1	0
63	294	2	0
65	294	4	0
66	294	4	0
69	294	2	0
74	294	4	0
75	294	3	0
78	294	3	0
82	294	4	0
83	294	3	0
84	294	3	0
91	294	3	0
92	294	3	0
95	294	2	0
99	294	4	0
100	294	4	0
102	294	2	0
103	294	4	0
104	294	3	0
108	294	4	0
109	294	4	0
110	294	3	0
112	294	3	0
113	294	4	0
116	294	2	0
119	294	1	0
121	294	4	0
123	294	1	0
125	294	4	0
126	294	3	0
127	294	4	0
128	294	4	0
130	294	5	0
133	294	3	0
134	294	4	0
135	294	4	0
140	294	3	0
141	294	4	0
142	294	3	0
143	294	3	0
144	294	4	0
145	294	4	0
146	294	1	0
152	294	4	0
153	294	2	0
155	294	3	0
158	294	1	0
159	294	4	0
162	294	3	0
166	294	3	0
168	294	4	0
170	294	3	0
173	294	5	0
176	294	2	0
177	294	4	0
178	294	2	0
181	294	2	0
183	294	3	0
186	294	3	0
188	294	2	0
189	294	5	0
190	294	3	0
193	294	1	0
194	294	4	0
197	294	4	0
199	294	1	0
200	294	4	0
203	294	2	0
205	294	3	0
206	294	2	0
207	294	3	0
213	294	3	0
214	294	3	0
218	294	2	0
220	294	4	0
222	294	3	0
223	294	4	0
224	294	4	0
227	294	3	0
230	294	5	0
232	294	2	0
234	294	3	0
236	294	2	0
238	294	3	0
241	294	3	0
242	294	4	0
244	294	4	0
246	294	2	0
248	294	3	0
249	294	3	0
250	294	1	0
251	294	3	0
253	294	4	0
255	294	2	0
256	294	3	0
258	294	4	0
259	294	3	0
261	294	4	0
262	294	2	0
263	294	2	0
264	294	3	0
265	294	4	0
267	294	3	0
268	294	3	0
271	294	2	0
274	294	3	0
275	294	4	0
276	294	4	0
278	294	4	0
279	294	2	0
280	294	2	0
281	294	3	0
282	294	4	0
283	294	4	0
287	294	5	0
288	294	2	0
291	294	5	0
293	294	2	0
294	294	4	0
296	294	1	0
297	294	3	0
298	294	3	0
299	294	2	0
300	294	3	0
301	294	4	0
302	294	1	0
303	294	4	0
304	294	4	0
308	294	3	0
310	294	1	0
311	294	4	0
314	294	5	0
318	294	4	0
320	294	4	0
323	294	3	0
324	294	5	0
327	294	3	0
328	294	3	0
329	294	2	0
332	294	5	0
333	294	3	0
336	294	4	0
338	294	1	0
341	294	3	0
342	294	3	0
345	294	3	0
346	294	3	0
347	294	1	0
348	294	4	0
356	294	1	0
357	294	4	0
362	294	3	0
364	294	5	0
365	294	1	0
370	294	1	0
374	294	2	0
377	294	5	0
378	294	2	0
379	294	3	0
381	294	5	0
387	294	2	0
388	294	4	0
391	294	2	0
392	294	4	0
393	294	4	0
394	294	4	0
400	294	3	0
401	294	1	0
404	294	4	0
406	294	3	0
408	294	5	0
414	294	2	0
416	294	4	0
417	294	4	0
422	294	3	0
424	294	5	0
425	294	2	0
428	294	4	0
430	294	2	0
431	294	5	0
432	294	4	0
433	294	3	0
435	294	4	0
441	294	4	0
442	294	2	0
443	294	5	0
446	294	1	0
447	294	4	0
450	294	4	0
451	294	5	0
452	294	2	0
456	294	1	0
457	294	2	0
459	294	5	0
460	294	2	0
461	294	3	0
464	294	4	0
466	294	3	0
468	294	3	0
470	294	3	0
472	294	4	0
474	294	3	0
476	294	3	0
477	294	4	0
479	294	3	0
480	294	1	0
482	294	4	0
484	294	4	0
485	294	1	0
486	294	2	0
487	294	4	0
488	294	4	0
489	294	3	0
491	294	2	0
494	294	4	0
497	294	4	0
500	294	3	0
501	294	3	0
502	294	3	0
504	294	2	0
505	294	3	0
506	294	4	0
507	294	5	0
509	294	2	0
510	294	3	0
511	294	4	0
514	294	3	0
515	294	3	0
517	294	1	0
520	294	3	0
526	294	3	0
528	294	3	0
529	294	4	0
533	294	4	0
534	294	5	0
537	294	1	0
538	294	3	0
540	294	4	0
544	294	2	0
546	294	1	0
547	294	1	0
548	294	3	0
550	294	3	0
551	294	4	0
552	294	4	0
554	294	3	0
556	294	2	0
557	294	3	0
559	294	1	0
563	294	3	0
569	294	2	0
575	294	1	0
576	294	3	0
577	294	4	0
578	294	3	0
579	294	4	0
580	294	4	0
582	294	1	0
587	294	3	0
588	294	4	0
589	294	5	0
592	294	3	0
595	294	2	0
596	294	4	0
597	294	4	0
599	294	4	0
601	294	1	0
602	294	5	0
603	294	4	0
605	294	4	0
606	294	2	0
608	294	3	0
609	294	2	0
610	294	1	0
614	294	4	0
615	294	3	0
617	294	1	0
619	294	1	0
620	294	5	0
622	294	3	0
624	294	3	0
625	294	3	0
626	294	3	0
628	294	4	0
629	294	3	0
630	294	4	0
631	294	3	0
634	294	4	0
635	294	3	0
637	294	3	0
642	294	5	0
644	294	4	0
646	294	2	0
647	294	3	0
648	294	3	0
650	294	3	0
651	294	1	0
652	294	2	0
653	294	2	0
654	294	3	0
655	294	3	0
657	294	5	0
659	294	4	0
660	294	3	0
661	294	4	0
663	294	3	0
665	294	2	0
666	294	3	0
668	294	3	0
673	294	4	0
674	294	4	0
676	294	4	0
677	294	5	0
679	294	1	0
680	294	4	0
681	294	5	0
682	294	3	0
683	294	3	0
687	294	3	0
690	294	3	0
691	294	4	0
692	294	3	0
697	294	4	0
698	294	4	0
699	294	3	0
702	294	1	0
703	294	2	0
706	294	4	0
707	294	2	0
708	294	3	0
709	294	3	0
710	294	3	0
712	294	4	0
714	294	4	0
716	294	4	0
717	294	3	0
719	294	2	0
721	294	3	0
722	294	2	0
724	294	4	0
725	294	3	0
726	294	5	0
727	294	4	0
729	294	2	0
730	294	4	0
732	294	3	0
733	294	2	0
734	294	1	0
736	294	3	0
740	294	4	0
742	294	3	0
743	294	2	0
749	294	2	0
750	294	4	0
752	294	3	0
753	294	5	0
755	294	3	0
758	294	5	0
759	294	5	0
761	294	3	0
764	294	3	0
766	294	2	0
770	294	3	0
771	294	4	0
772	294	4	0
774	294	1	0
779	294	5	0
780	294	3	0
781	294	1	0
782	294	3	0
783	294	3	0
785	294	4	0
787	294	3	0
788	294	3	0
789	294	3	0
790	294	2	0
791	294	3	0
793	294	5	0
796	294	3	0
797	294	3	0
800	294	3	0
801	294	5	0
802	294	4	0
804	294	5	0
805	294	1	0
808	294	5	0
810	294	5	0
811	294	4	0
812	294	5	0
813	294	1	0
816	294	5	0
817	294	4	0
821	294	4	0
823	294	3	0
824	294	3	0
825	294	4	0
826	294	4	0
827	294	4	0
829	294	2	0
830	294	3	0
831	294	4	0
832	294	4	0
834	294	3	0
835	294	3	0
837	294	4	0
844	294	2	0
846	294	3	0
848	294	5	0
850	294	5	0
853	294	2	0
854	294	2	0
856	294	4	0
857	294	3	0
859	294	3	0
860	294	2	0
861	294	3	0
863	294	4	0
864	294	4	0
865	294	4	0
867	294	3	0
869	294	3	0
872	294	3	0
873	294	4	0
875	294	2	0
876	294	4	0
879	294	3	0
880	294	4	0
881	294	3	0
882	294	4	0
887	294	5	0
889	294	3	0
893	294	3	0
895	294	4	0
897	294	3	0
900	294	4	0
901	294	3	0
902	294	2	0
905	294	3	0
907	294	4	0
909	294	3	0
919	294	3	0
921	294	4	0
922	294	4	0
923	294	4	0
926	294	3	0
927	294	5	0
936	294	3	0
937	294	1	0
940	294	4	0
941	294	4	0
2	300	4	0
3	300	2	0
4	300	5	0
7	300	4	0
11	300	3	0
12	300	4	0
13	300	1	0
15	300	4	0
16	300	5	0
21	300	3	0
24	300	4	0
26	300	4	0
29	300	3	0
33	300	4	0
35	300	5	0
39	300	3	0
40	300	3	0
43	300	5	0
46	300	3	0
49	300	1	0
56	300	4	0
58	300	4	0
61	300	5	0
63	300	4	0
64	300	3	0
66	300	5	0
69	300	3	0
70	300	4	0
74	300	3	0
83	300	3	0
84	300	4	0
85	300	3	0
86	300	3	0
87	300	3	0
88	300	3	0
90	300	3	0
91	300	4	0
99	300	4	0
100	300	4	0
102	300	3	0
103	300	3	0
104	300	3	0
107	300	1	0
110	300	3	0
112	300	4	0
113	300	3	0
116	300	3	0
119	300	5	0
121	300	3	0
125	300	5	0
126	300	4	0
127	300	5	0
128	300	5	0
129	300	3	0
130	300	5	0
133	300	3	0
134	300	3	0
137	300	5	0
141	300	5	0
144	300	3	0
145	300	3	0
146	300	3	0
149	300	3	0
151	300	4	0
155	300	2	0
163	300	3	0
164	300	5	0
166	300	5	0
168	300	5	0
169	300	5	0
170	300	5	0
173	300	4	0
177	300	2	0
178	300	5	0
179	300	4	0
181	300	3	0
186	300	5	0
187	300	4	0
188	300	4	0
190	300	4	0
191	300	4	0
193	300	4	0
195	300	3	0
197	300	4	0
198	300	2	0
204	300	3	0
205	300	3	0
206	300	1	0
210	300	4	0
211	300	2	0
215	300	3	0
217	300	4	0
220	300	5	0
222	300	5	0
223	300	3	0
224	300	4	0
229	300	2	0
231	300	4	0
234	300	3	0
238	300	4	0
239	300	1	0
240	300	3	0
241	300	4	0
245	300	4	0
247	300	2	0
249	300	4	0
251	300	4	0
252	300	4	0
253	300	4	0
255	300	3	0
258	300	5	0
260	300	3	0
261	300	5	0
263	300	3	0
265	300	5	0
271	300	2	0
274	300	5	0
275	300	4	0
276	300	4	0
281	300	4	0
282	300	3	0
284	300	3	0
285	300	4	0
288	300	5	0
292	300	4	0
293	300	2	0
294	300	4	0
297	300	3	0
299	300	4	0
300	300	4	0
301	300	4	0
303	300	1	0
304	300	5	0
305	300	3	0
309	300	3	0
311	300	4	0
313	300	4	0
317	300	4	0
320	300	4	0
323	300	2	0
324	300	5	0
327	300	2	0
328	300	5	0
329	300	4	0
332	300	5	0
333	300	4	0
334	300	3	0
335	300	5	0
345	300	3	0
346	300	5	0
347	300	5	0
351	300	5	0
353	300	3	0
355	300	4	0
356	300	3	0
362	300	5	0
375	300	4	0
378	300	4	0
379	300	3	0
380	300	3	0
384	300	4	0
388	300	4	0
389	300	3	0
390	300	5	0
391	300	2	0
392	300	2	0
395	300	3	0
396	300	3	0
400	300	4	0
404	300	4	0
408	300	3	0
409	300	3	0
410	300	3	0
413	300	4	0
414	300	4	0
416	300	4	0
418	300	3	0
419	300	4	0
423	300	3	0
424	300	2	0
425	300	2	0
427	300	4	0
428	300	5	0
429	300	3	0
430	300	3	0
431	300	4	0
432	300	4	0
433	300	3	0
435	300	2	0
438	300	4	0
439	300	4	0
440	300	3	0
441	300	3	0
444	300	4	0
445	300	1	0
446	300	3	0
447	300	4	0
450	300	4	0
451	300	4	0
454	300	4	0
455	300	4	0
459	300	4	0
462	300	5	0
464	300	4	0
465	300	3	0
466	300	3	0
476	300	5	0
478	300	3	0
479	300	2	0
484	300	4	0
486	300	4	0
487	300	5	0
488	300	4	0
489	300	5	0
493	300	4	0
494	300	5	0
497	300	3	0
499	300	4	0
500	300	4	0
502	300	2	0
504	300	4	0
505	300	4	0
506	300	3	0
507	300	5	0
509	300	3	0
510	300	5	0
511	300	4	0
515	300	5	0
517	300	5	0
518	300	3	0
520	300	4	0
521	300	3	0
525	300	4	0
526	300	2	0
529	300	4	0
531	300	4	0
532	300	5	0
533	300	4	0
534	300	4	0
535	300	3	0
537	300	1	0
540	300	3	0
544	300	4	0
546	300	3	0
548	300	5	0
550	300	4	0
551	300	4	0
552	300	4	0
557	300	4	0
559	300	4	0
564	300	4	0
569	300	3	0
572	300	4	0
574	300	4	0
578	300	4	0
580	300	3	0
582	300	3	0
587	300	4	0
589	300	5	0
591	300	3	0
596	300	4	0
597	300	5	0
598	300	4	0
602	300	3	0
605	300	2	0
608	300	1	0
611	300	5	0
612	300	4	0
615	300	4	0
616	300	4	0
619	300	5	0
620	300	3	0
621	300	3	0
624	300	4	0
625	300	3	0
627	300	4	0
628	300	5	0
629	300	4	0
630	300	4	0
633	300	4	0
634	300	3	0
635	300	3	0
637	300	3	0
639	300	3	0
644	300	5	0
646	300	3	0
647	300	4	0
652	300	4	0
653	300	4	0
654	300	5	0
655	300	3	0
656	300	2	0
657	300	2	0
661	300	3	0
663	300	4	0
666	300	3	0
668	300	4	0
669	300	4	0
673	300	3	0
674	300	3	0
676	300	4	0
677	300	5	0
678	300	4	0
682	300	2	0
683	300	3	0
687	300	4	0
689	300	5	0
692	300	4	0
693	300	2	0
694	300	4	0
695	300	1	0
697	300	5	0
698	300	4	0
699	300	3	0
701	300	3	0
702	300	3	0
703	300	4	0
704	300	2	0
705	300	5	0
708	300	4	0
710	300	3	0
713	300	2	0
714	300	5	0
716	300	5	0
717	300	5	0
718	300	5	0
719	300	2	0
721	300	5	0
722	300	3	0
724	300	3	0
725	300	4	0
729	300	4	0
730	300	3	0
732	300	4	0
735	300	4	0
740	300	4	0
743	300	4	0
748	300	4	0
749	300	4	0
750	300	3	0
751	300	2	0
752	300	3	0
753	300	1	0
755	300	4	0
756	300	4	0
758	300	2	0
759	300	5	0
760	300	1	0
767	300	4	0
768	300	5	0
770	300	5	0
772	300	4	0
774	300	2	0
775	300	4	0
779	300	3	0
780	300	3	0
782	300	4	0
783	300	4	0
784	300	4	0
787	300	4	0
788	300	5	0
791	300	5	0
796	300	4	0
797	300	2	0
800	300	4	0
801	300	5	0
802	300	4	0
803	300	3	0
807	300	5	0
808	300	4	0
809	300	4	0
810	300	5	0
811	300	5	0
812	300	5	0
813	300	4	0
816	300	4	0
817	300	3	0
818	300	2	0
819	300	5	0
827	300	3	0
831	300	3	0
834	300	3	0
838	300	2	0
840	300	3	0
841	300	4	0
843	300	3	0
844	300	3	0
850	300	5	0
853	300	5	0
856	300	4	0
857	300	3	0
860	300	4	0
863	300	5	0
866	300	1	0
867	300	2	0
871	300	4	0
872	300	5	0
873	300	4	0
875	300	3	0
877	300	3	0
879	300	3	0
880	300	3	0
884	300	1	0
885	300	4	0
889	300	3	0
892	300	4	0
894	300	4	0
896	300	2	0
898	300	2	0
902	300	4	0
904	300	4	0
905	300	4	0
906	300	3	0
908	300	3	0
909	300	5	0
910	300	4	0
915	300	3	0
919	300	4	0
920	300	3	0
924	300	2	0
926	300	3	0
927	300	5	0
930	300	4	0
931	300	5	0
935	300	4	0
936	300	3	0
937	300	4	0
938	300	3	0
940	300	5	0
941	300	4	0
942	300	5	0
2	314	1	0
13	314	1	0
206	314	1	0
537	314	1	0
609	314	1	0
3	352	2	0
39	352	5	0
145	352	4	0
193	352	1	0
365	352	1	0
410	352	3	0
428	352	4	0
507	352	1	0
519	352	5	0
532	352	3	0
537	352	1	0
609	352	1	0
610	352	1	0
646	352	1	0
676	352	1	0
682	352	1	0
702	352	1	0
708	352	1	0
724	352	1	0
758	352	4	0
782	352	1	0
787	352	2	0
805	352	5	0
851	352	1	0
863	352	1	0
871	352	3	0
5	368	1	0
56	368	3	0
92	368	1	0
94	368	2	0
117	368	3	0
145	368	3	0
174	368	1	0
181	368	1	0
184	368	1	0
193	368	1	0
216	368	2	0
222	368	1	0
246	368	1	0
256	368	1	0
279	368	1	0
303	368	1	0
320	368	3	0
336	368	1	0
348	368	3	0
406	368	2	0
457	368	1	0
472	368	3	0
532	368	3	0
595	368	1	0
642	368	4	0
648	368	2	0
790	368	2	0
859	368	3	0
880	368	1	0
887	368	5	0
897	368	1	0
5	375	3	0
183	375	2	0
201	375	3	0
222	375	1	0
233	375	4	0
276	375	1	0
279	375	1	0
291	375	1	0
303	375	2	0
343	375	2	0
346	375	1	0
405	375	1	0
416	375	1	0
472	375	5	0
622	375	2	0
642	375	1	0
655	375	2	0
760	375	4	0
763	375	2	0
766	375	2	0
880	375	1	0
881	375	1	0
922	375	2	0
5	377	1	0
13	377	1	0
22	377	1	0
222	377	1	0
314	377	3	0
393	377	3	0
405	377	1	0
468	377	2	0
642	377	3	0
648	377	3	0
705	377	4	0
798	377	3	0
846	377	2	0
5	383	3	0
11	383	2	0
38	383	2	0
56	383	2	0
70	383	2	0
92	383	1	0
125	383	2	0
174	383	1	0
194	383	1	0
244	383	3	0
276	383	2	0
291	383	2	0
325	383	1	0
328	383	3	0
336	383	1	0
339	383	1	0
379	383	2	0
385	383	1	0
389	383	2	0
394	383	2	0
399	383	2	0
405	383	1	0
450	383	2	0
500	383	3	0
621	383	2	0
642	383	5	0
756	383	3	0
805	383	2	0
880	383	3	0
885	383	2	0
911	383	3	0
5	398	2	0
13	398	2	0
70	398	2	0
95	398	1	0
130	398	3	0
217	398	1	0
279	398	4	0
303	398	1	0
379	398	1	0
393	398	4	0
405	398	1	0
425	398	1	0
479	398	1	0
559	398	3	0
621	398	2	0
642	398	2	0
712	398	4	0
727	398	2	0
749	398	3	0
756	398	3	0
774	398	1	0
807	398	3	0
846	398	1	0
868	398	1	0
880	398	3	0
896	398	2	0
5	424	1	0
13	424	1	0
21	424	1	0
38	424	3	0
82	424	1	0
113	424	1	0
181	424	1	0
222	424	1	0
374	424	1	0
425	424	2	0
434	424	1	0
435	424	1	0
453	424	1	0
617	424	1	0
727	424	1	0
802	424	2	0
830	424	1	0
933	424	1	0
939	424	3	0
5	437	1	0
13	437	1	0
21	437	1	0
405	437	1	0
776	437	1	0
5	438	1	0
13	438	1	0
21	438	1	0
201	438	1	0
405	438	1	0
776	438	2	0
5	439	1	0
13	439	1	0
21	439	1	0
405	439	1	0
776	439	1	0
5	440	1	0
7	440	1	0
13	440	1	0
21	440	1	0
201	440	2	0
405	440	1	0
429	440	1	0
497	440	1	0
504	440	3	0
617	440	4	0
727	440	1	0
776	440	2	0
802	440	3	0
843	440	1	0
5	442	1	0
13	442	1	0
405	442	1	0
776	442	2	0
5	453	1	0
13	453	2	0
21	453	2	0
92	453	1	0
130	453	3	0
268	453	1	0
276	453	1	0
320	453	3	0
405	453	3	0
406	453	2	0
453	453	2	0
457	453	2	0
532	453	4	0
617	453	1	0
774	453	2	0
933	453	1	0
5	457	1	0
8	457	1	0
13	457	1	0
21	457	1	0
181	457	1	0
211	457	4	0
222	457	1	0
254	457	2	0
374	457	1	0
397	457	1	0
429	457	1	0
433	457	1	0
450	457	2	0
451	457	2	0
489	457	3	0
510	457	2	0
531	457	1	0
537	457	1	0
546	457	1	0
592	457	1	0
602	457	3	0
644	457	4	0
677	457	1	0
708	457	4	0
721	457	3	0
761	457	1	0
800	457	2	0
7	545	2	0
109	545	2	0
267	545	2	0
303	545	2	0
399	545	2	0
405	545	1	0
417	545	1	0
497	545	3	0
532	545	2	0
577	545	3	0
774	545	1	0
805	545	1	0
7	548	5	0
13	548	3	0
102	548	2	0
254	548	2	0
325	548	3	0
405	548	1	0
472	548	1	0
498	548	2	0
504	548	2	0
774	548	1	0
887	548	1	0
911	548	3	0
7	555	4	0
130	555	4	0
224	555	3	0
291	555	1	0
343	555	1	0
363	555	1	0
405	555	1	0
417	555	1	0
747	555	2	0
846	555	2	0
7	564	3	0
13	564	1	0
16	564	1	0
21	564	3	0
59	564	2	0
109	564	3	0
118	564	1	0
130	564	4	0
135	564	1	0
160	564	3	0
255	564	1	0
276	564	3	0
303	564	1	0
326	564	3	0
367	564	2	0
387	564	1	0
399	564	3	0
405	564	1	0
416	564	4	0
648	564	1	0
709	564	1	0
715	564	2	0
776	564	3	0
795	564	1	0
796	564	1	0
851	564	3	0
919	564	2	0
7	577	2	0
11	577	3	0
49	577	1	0
87	577	4	0
92	577	3	0
102	577	3	0
125	577	2	0
174	577	1	0
216	577	1	0
222	577	1	0
254	577	1	0
276	577	2	0
279	577	1	0
286	577	2	0
291	577	1	0
299	577	3	0
303	577	3	0
334	577	2	0
336	577	1	0
373	577	1	0
378	577	2	0
379	577	4	0
393	577	4	0
394	577	2	0
405	577	3	0
435	577	3	0
472	577	3	0
495	577	1	0
497	577	2	0
621	577	3	0
622	577	2	0
642	577	4	0
766	577	3	0
774	577	2	0
790	577	2	0
795	577	3	0
798	577	2	0
833	577	1	0
864	577	3	0
880	577	3	0
933	577	1	0
7	590	2	0
13	590	2	0
21	590	1	0
38	590	1	0
49	590	1	0
145	590	1	0
201	590	1	0
276	590	2	0
363	590	3	0
422	590	2	0
425	590	3	0
495	590	4	0
497	590	2	0
546	590	4	0
617	590	1	0
776	590	1	0
814	590	2	0
843	590	3	0
7	599	1	0
7	667	5	0
13	667	1	0
102	667	3	0
201	667	2	0
405	667	1	0
504	667	3	0
617	667	2	0
776	667	2	0
814	667	2	0
833	667	1	0
843	667	2	0
890	667	2	0
7	668	4	0
13	668	1	0
21	668	1	0
405	668	1	0
417	668	2	0
617	668	4	0
7	669	1	0
13	669	1	0
21	669	1	0
130	669	4	0
175	669	1	0
276	669	1	0
346	669	1	0
405	669	1	0
417	669	2	0
425	669	3	0
617	669	1	0
802	669	1	0
814	669	3	0
8	687	1	0
13	687	1	0
21	687	2	0
22	687	1	0
59	687	1	0
125	687	3	0
137	687	4	0
145	687	2	0
166	687	1	0
170	687	3	0
173	687	1	0
181	687	1	0
199	687	1	0
211	687	2	0
224	687	2	0
250	687	1	0
261	687	5	0
279	687	4	0
284	687	3	0
297	687	2	0
300	687	2	0
303	687	1	0
307	687	1	0
357	687	3	0
364	687	1	0
393	687	3	0
404	687	3	0
435	687	2	0
443	687	3	0
451	687	2	0
454	687	3	0
459	687	3	0
489	687	3	0
493	687	1	0
502	687	4	0
509	687	1	0
510	687	2	0
515	687	3	0
533	687	2	0
534	687	5	0
537	687	1	0
559	687	3	0
580	687	3	0
587	687	1	0
624	687	2	0
630	687	3	0
648	687	1	0
665	687	2	0
676	687	1	0
677	687	4	0
682	687	2	0
702	687	1	0
706	687	1	0
708	687	2	0
721	687	3	0
758	687	3	0
782	687	2	0
790	687	1	0
797	687	2	0
798	687	4	0
802	687	3	0
816	687	2	0
824	687	2	0
825	687	5	0
831	687	2	0
851	687	2	0
857	687	1	0
889	687	2	0
919	687	1	0
8	688	1	0
13	688	1	0
21	688	1	0
22	688	1	0
30	688	3	0
110	688	1	0
145	688	4	0
146	688	1	0
166	688	3	0
181	688	1	0
197	688	1	0
209	688	1	0
250	688	2	0
265	688	2	0
288	688	1	0
296	688	1	0
328	688	1	0
397	688	1	0
424	688	2	0
427	688	5	0
446	688	2	0
451	688	1	0
479	688	1	0
489	688	2	0
531	688	1	0
537	688	1	0
550	688	3	0
587	688	3	0
589	688	4	0
592	688	1	0
597	688	4	0
635	688	2	0
676	688	1	0
702	688	1	0
721	688	3	0
750	688	1	0
755	688	3	0
761	688	2	0
782	688	2	0
803	688	1	0
831	688	1	0
853	688	3	0
856	688	2	0
901	688	2	0
11	743	2	0
67	743	4	0
92	743	2	0
117	743	1	0
130	743	2	0
145	743	1	0
181	743	1	0
200	743	3	0
244	743	5	0
246	743	1	0
255	743	1	0
268	743	1	0
276	743	1	0
294	743	2	0
295	743	4	0
301	743	2	0
314	743	1	0
346	743	2	0
374	743	1	0
417	743	2	0
425	743	4	0
434	743	1	0
435	743	3	0
456	743	2	0
472	743	4	0
478	743	1	0
483	743	1	0
496	743	2	0
497	743	3	0
521	743	1	0
545	743	3	0
601	743	1	0
648	743	1	0
715	743	2	0
757	743	2	0
764	743	1	0
774	743	1	0
807	743	3	0
865	743	1	0
11	748	1	0
13	748	4	0
15	748	3	0
21	748	1	0
26	748	1	0
29	748	2	0
35	748	4	0
36	748	4	0
39	748	5	0
46	748	5	0
52	748	4	0
53	748	2	0
54	748	5	0
56	748	4	0
57	748	4	0
61	748	2	0
63	748	4	0
64	748	1	0
69	748	2	0
73	748	2	0
83	748	2	0
84	748	4	0
91	748	2	0
92	748	3	0
99	748	4	0
102	748	3	0
104	748	2	0
105	748	2	0
108	748	3	0
109	748	3	0
110	748	3	0
112	748	3	0
116	748	2	0
117	748	3	0
125	748	3	0
127	748	5	0
129	748	2	0
130	748	4	0
134	748	5	0
137	748	4	0
141	748	3	0
151	748	2	0
155	748	2	0
157	748	2	0
159	748	3	0
164	748	5	0
166	748	2	0
168	748	2	0
177	748	3	0
178	748	4	0
181	748	1	0
190	748	3	0
195	748	2	0
197	748	3	0
198	748	2	0
200	748	3	0
203	748	2	0
204	748	1	0
205	748	4	0
206	748	4	0
207	748	3	0
224	748	3	0
227	748	1	0
229	748	3	0
231	748	4	0
240	748	3	0
246	748	1	0
249	748	3	0
250	748	2	0
251	748	2	0
255	748	1	0
256	748	4	0
258	748	5	0
259	748	4	0
260	748	4	0
261	748	3	0
265	748	5	0
274	748	5	0
276	748	3	0
277	748	3	0
280	748	2	0
281	748	5	0
284	748	3	0
287	748	4	0
292	748	3	0
293	748	2	0
294	748	3	0
297	748	2	0
302	748	1	0
303	748	2	0
305	748	3	0
310	748	3	0
311	748	4	0
313	748	3	0
317	748	5	0
324	748	5	0
328	748	3	0
332	748	4	0
333	748	4	0
335	748	2	0
345	748	2	0
346	748	4	0
347	748	2	0
351	748	4	0
356	748	4	0
357	748	5	0
359	748	3	0
360	748	2	0
362	748	1	0
373	748	4	0
377	748	4	0
384	748	4	0
391	748	3	0
393	748	3	0
395	748	3	0
397	748	2	0
400	748	2	0
401	748	3	0
402	748	3	0
403	748	5	0
404	748	4	0
408	748	5	0
410	748	2	0
414	748	3	0
415	748	5	0
416	748	4	0
417	748	4	0
423	748	3	0
425	748	3	0
430	748	3	0
431	748	4	0
433	748	4	0
435	748	4	0
436	748	3	0
437	748	4	0
443	748	4	0
444	748	1	0
445	748	1	0
446	748	2	0
447	748	1	0
449	748	2	0
450	748	4	0
451	748	4	0
454	748	4	0
459	748	4	0
461	748	1	0
464	748	4	0
466	748	2	0
472	748	5	0
474	748	3	0
476	748	2	0
479	748	3	0
482	748	4	0
485	748	2	0
486	748	2	0
487	748	4	0
488	748	4	0
489	748	4	0
494	748	1	0
497	748	4	0
505	748	1	0
507	748	5	0
510	748	3	0
514	748	2	0
515	748	2	0
517	748	4	0
519	748	2	0
521	748	3	0
524	748	2	0
526	748	1	0
528	748	3	0
531	748	4	0
533	748	3	0
534	748	4	0
543	748	3	0
544	748	3	0
548	748	3	0
549	748	4	0
550	748	4	0
551	748	4	0
552	748	4	0
555	748	4	0
561	748	2	0
569	748	2	0
570	748	3	0
579	748	3	0
580	748	2	0
582	748	3	0
587	748	1	0
592	748	2	0
595	748	2	0
597	748	5	0
598	748	4	0
599	748	4	0
602	748	3	0
603	748	5	0
606	748	3	0
616	748	3	0
621	748	4	0
624	748	3	0
625	748	3	0
626	748	2	0
634	748	3	0
635	748	2	0
642	748	5	0
644	748	4	0
645	748	1	0
646	748	3	0
647	748	4	0
648	748	3	0
652	748	3	0
653	748	5	0
654	748	4	0
660	748	3	0
663	748	2	0
665	748	4	0
671	748	3	0
676	748	4	0
677	748	4	0
679	748	4	0
682	748	3	0
683	748	3	0
687	748	3	0
689	748	5	0
691	748	4	0
695	748	1	0
696	748	1	0
697	748	5	0
699	748	2	0
702	748	2	0
703	748	3	0
708	748	4	0
714	748	5	0
717	748	3	0
721	748	3	0
722	748	4	0
723	748	5	0
724	748	1	0
725	748	4	0
727	748	4	0
728	748	3	0
729	748	4	0
730	748	4	0
735	748	3	0
736	748	2	0
740	748	3	0
743	748	4	0
748	748	4	0
749	748	3	0
750	748	3	0
751	748	2	0
752	748	4	0
755	748	4	0
758	748	1	0
759	748	4	0
760	748	4	0
761	748	4	0
769	748	2	0
770	748	5	0
772	748	3	0
782	748	4	0
785	748	3	0
787	748	4	0
788	748	3	0
790	748	1	0
791	748	3	0
796	748	5	0
797	748	1	0
798	748	5	0
799	748	2	0
802	748	4	0
803	748	1	0
804	748	4	0
805	748	2	0
807	748	4	0
808	748	4	0
809	748	3	0
811	748	3	0
812	748	5	0
817	748	4	0
820	748	1	0
824	748	1	0
825	748	5	0
826	748	4	0
827	748	4	0
828	748	2	0
831	748	2	0
832	748	3	0
838	748	3	0
841	748	4	0
846	748	3	0
851	748	3	0
853	748	2	0
856	748	3	0
862	748	4	0
863	748	3	0
867	748	4	0
872	748	3	0
874	748	3	0
877	748	4	0
880	748	4	0
881	748	3	0
882	748	5	0
883	748	5	0
894	748	3	0
895	748	3	0
898	748	4	0
899	748	4	0
901	748	4	0
905	748	2	0
907	748	5	0
910	748	3	0
916	748	2	0
919	748	1	0
936	748	2	0
938	748	2	0
13	758	1	0
21	758	1	0
38	758	1	0
49	758	1	0
92	758	1	0
116	758	1	0
117	758	2	0
181	758	1	0
200	758	3	0
246	758	1	0
301	758	3	0
366	758	3	0
374	758	1	0
417	758	2	0
457	758	2	0
472	758	1	0
497	758	2	0
546	758	4	0
620	758	2	0
648	758	2	0
774	758	1	0
13	759	2	0
110	759	3	0
276	759	1	0
279	759	4	0
303	759	1	0
405	759	1	0
425	759	2	0
532	759	2	0
600	759	2	0
642	759	3	0
893	759	3	0
13	767	1	0
21	767	1	0
145	767	2	0
181	767	1	0
201	767	4	0
363	767	2	0
385	767	1	0
417	767	1	0
617	767	3	0
862	767	4	0
916	767	4	0
13	777	1	0
201	777	1	0
368	777	2	0
405	777	1	0
13	784	1	0
405	784	1	0
13	788	1	0
405	788	1	0
925	788	3	0
13	830	1	0
13	834	1	0
21	834	1	0
42	834	1	0
82	834	1	0
92	834	1	0
109	834	3	0
181	834	3	0
255	834	4	0
256	834	3	0
291	834	3	0
348	834	4	0
416	834	3	0
435	834	5	0
442	834	2	0
472	834	3	0
504	834	2	0
532	834	4	0
601	834	1	0
620	834	2	0
682	834	3	0
774	834	1	0
830	834	1	0
900	834	1	0
922	834	1	0
933	834	1	0
13	852	1	0
13	858	1	0
21	858	1	0
405	858	1	0
13	862	3	0
22	862	1	0
56	862	3	0
83	862	4	0
95	862	1	0
174	862	1	0
279	862	5	0
435	862	1	0
536	862	3	0
563	862	1	0
642	862	4	0
648	862	1	0
653	862	2	0
682	862	1	0
705	862	1	0
790	862	1	0
798	862	3	0
819	862	2	0
13	890	1	0
130	890	4	0
145	890	2	0
200	890	4	0
203	890	2	0
211	890	2	0
276	890	3	0
279	890	3	0
282	890	4	0
369	890	3	0
393	890	1	0
399	890	2	0
409	890	1	0
435	890	1	0
472	890	4	0
476	890	1	0
488	890	1	0
489	890	5	0
493	890	3	0
502	890	2	0
514	890	1	0
531	890	1	0
537	890	1	0
545	890	2	0
561	890	1	0
587	890	1	0
592	890	1	0
609	890	1	0
621	890	1	0
660	890	1	0
676	890	1	0
682	890	2	0
717	890	1	0
719	890	1	0
727	890	1	0
758	890	3	0
782	890	1	0
801	890	2	0
805	890	3	0
813	890	4	0
860	890	2	0
932	890	1	0
939	890	2	0
13	894	1	0
73	894	1	0
130	894	4	0
145	894	1	0
166	894	4	0
245	894	1	0
333	894	3	0
365	894	1	0
397	894	1	0
428	894	4	0
507	894	5	0
531	894	1	0
537	894	1	0
609	894	1	0
621	894	1	0
681	894	1	0
729	894	1	0
782	894	2	0
860	894	2	0
13	897	1	0
489	897	2	0
13	901	1	0
127	901	5	0
130	901	1	0
145	901	1	0
279	901	4	0
404	901	2	0
537	901	1	0
609	901	1	0
729	901	1	0
811	901	4	0
813	901	1	0
863	901	1	0
13	907	1	0
871	907	3	0
13	910	2	0
574	910	1	0
655	910	3	0
863	910	2	0
15	931	1	0
20	931	1	0
21	931	2	0
43	931	1	0
49	931	2	0
59	931	2	0
62	931	1	0
92	931	1	0
99	931	2	0
108	931	2	0
109	931	2	0
117	931	3	0
119	931	1	0
130	931	2	0
168	931	3	0
181	931	1	0
200	931	3	0
221	931	3	0
222	931	1	0
262	931	2	0
269	931	1	0
276	931	2	0
286	931	4	0
293	931	1	0
294	931	3	0
332	931	2	0
334	931	1	0
343	931	3	0
374	931	3	0
381	931	4	0
416	931	3	0
457	931	2	0
472	931	2	0
479	931	2	0
524	931	3	0
532	931	3	0
533	931	2	0
541	931	3	0
592	931	1	0
603	931	2	0
620	931	3	0
637	931	1	0
642	931	4	0
648	931	2	0
665	931	3	0
672	931	1	0
757	931	2	0
788	931	2	0
790	931	2	0
795	931	2	0
825	931	3	0
833	931	4	0
880	931	3	0
887	931	3	0
903	931	2	0
916	931	1	0
939	931	2	0
16	948	3	0
21	948	1	0
22	948	1	0
37	948	4	0
63	948	3	0
113	948	3	0
159	948	2	0
176	948	4	0
177	948	2	0
181	948	1	0
192	948	3	0
199	948	1	0
250	948	3	0
279	948	3	0
296	948	1	0
300	948	4	0
303	948	2	0
314	948	3	0
341	948	3	0
364	948	4	0
365	948	1	0
369	948	2	0
374	948	2	0
443	948	1	0
451	948	3	0
457	948	1	0
489	948	2	0
511	948	3	0
537	948	1	0
582	948	1	0
595	948	3	0
599	948	4	0
609	948	1	0
626	948	1	0
663	948	4	0
676	948	1	0
682	948	2	0
721	948	1	0
724	948	1	0
773	948	2	0
782	948	2	0
783	948	3	0
797	948	1	0
804	948	1	0
847	948	1	0
880	948	4	0
916	948	2	0
925	948	2	0
18	957	3	0
405	957	1	0
21	976	1	0
95	976	2	0
113	976	5	0
181	976	1	0
255	976	1	0
279	976	3	0
320	976	2	0
425	976	1	0
715	976	1	0
880	976	2	0
893	976	1	0
919	976	2	0
21	981	2	0
181	981	1	0
246	981	1	0
268	981	1	0
447	981	2	0
708	981	3	0
804	981	3	0
851	981	1	0
21	988	1	0
22	988	1	0
48	988	2	0
57	988	4	0
75	988	2	0
91	988	2	0
98	988	1	0
140	988	3	0
141	988	3	0
145	988	1	0
155	988	2	0
159	988	3	0
168	988	2	0
170	988	3	0
174	988	1	0
181	988	2	0
186	988	4	0
199	988	1	0
250	988	4	0
256	988	4	0
261	988	3	0
286	988	3	0
302	988	2	0
316	988	1	0
345	988	2	0
348	988	3	0
364	988	2	0
369	988	3	0
397	988	1	0
428	988	1	0
431	988	2	0
440	988	1	0
442	988	1	0
451	988	1	0
454	988	2	0
463	988	2	0
482	988	4	0
489	988	3	0
500	988	3	0
505	988	3	0
514	988	2	0
533	988	2	0
537	988	1	0
552	988	3	0
556	988	1	0
568	988	1	0
582	988	1	0
587	988	2	0
592	988	1	0
594	988	2	0
597	988	1	0
599	988	4	0
602	988	4	0
603	988	4	0
615	988	1	0
626	988	1	0
630	988	2	0
634	988	1	0
644	988	4	0
677	988	4	0
687	988	3	0
698	988	1	0
721	988	3	0
723	988	1	0
724	988	1	0
761	988	1	0
770	988	3	0
796	988	3	0
797	988	1	0
798	988	3	0
803	988	1	0
804	988	4	0
811	988	4	0
813	988	3	0
825	988	3	0
835	988	3	0
857	988	2	0
870	988	2	0
882	988	5	0
895	988	3	0
901	988	4	0
907	988	3	0
919	988	3	0
936	988	3	0
937	988	2	0
938	988	3	0
22	997	1	0
49	997	1	0
94	997	4	0
125	997	2	0
194	997	3	0
207	997	1	0
295	997	3	0
303	997	2	0
314	997	1	0
389	997	3	0
393	997	1	0
405	997	1	0
416	997	3	0
648	997	1	0
747	997	3	0
758	997	4	0
22	1001	1	0
45	1001	3	0
57	1001	1	0
75	1001	1	0
82	1001	1	0
145	1001	4	0
174	1001	1	0
181	1001	1	0
279	1001	4	0
374	1001	1	0
393	1001	4	0
397	1001	1	0
533	1001	1	0
758	1001	5	0
796	1001	2	0
880	1001	2	0
923	1001	1	0
22	1002	1	0
145	1002	1	0
159	1002	3	0
181	1002	1	0
268	1002	1	0
472	1002	4	0
805	1002	1	0
880	1002	3	0
38	1029	1	0
222	1029	1	0
314	1029	2	0
405	1029	1	0
457	1029	3	0
472	1029	4	0
621	1029	2	0
642	1029	3	0
648	1029	2	0
655	1029	1	0
741	1029	1	0
833	1029	1	0
846	1029	1	0
887	1029	5	0
38	1037	4	0
92	1037	2	0
125	1037	2	0
159	1037	2	0
268	1037	2	0
279	1037	1	0
303	1037	3	0
336	1037	1	0
378	1037	2	0
385	1037	1	0
405	1037	3	0
416	1037	2	0
450	1037	2	0
453	1037	1	0
457	1037	2	0
476	1037	1	0
504	1037	1	0
642	1037	2	0
712	1037	4	0
760	1037	5	0
796	1037	2	0
868	1037	1	0
933	1037	1	0
934	1037	1	0
49	1079	1	0
87	1079	2	0
92	1079	3	0
99	1079	3	0
118	1079	4	0
130	1079	3	0
181	1079	1	0
222	1079	1	0
244	1079	2	0
268	1079	3	0
276	1079	2	0
283	1079	4	0
286	1079	3	0
290	1079	2	0
291	1079	2	0
294	1079	2	0
336	1079	1	0
373	1079	4	0
394	1079	3	0
406	1079	2	0
426	1079	3	0
429	1079	2	0
453	1079	1	0
472	1079	4	0
486	1079	2	0
495	1079	5	0
518	1079	1	0
551	1079	1	0
592	1079	1	0
601	1079	3	0
622	1079	2	0
630	1079	1	0
642	1079	5	0
658	1079	2	0
682	1079	3	0
708	1079	1	0
774	1079	1	0
777	1079	2	0
804	1079	4	0
869	1079	2	0
887	1079	1	0
889	1079	2	0
916	1079	2	0
922	1079	1	0
936	1079	1	0
53	1087	4	0
145	1087	1	0
181	1087	1	0
222	1087	1	0
279	1087	2	0
373	1087	1	0
551	1087	1	0
653	1087	2	0
731	1087	1	0
825	1087	3	0
55	1089	1	0
58	1089	1	0
68	1089	1	0
87	1089	3	0
94	1089	2	0
103	1089	1	0
116	1089	2	0
130	1089	2	0
195	1089	4	0
222	1089	1	0
246	1089	1	0
276	1089	2	0
294	1089	2	0
303	1089	1	0
314	1089	1	0
416	1089	2	0
425	1089	2	0
429	1089	2	0
452	1089	1	0
454	1089	2	0
481	1089	3	0
506	1089	1	0
507	1089	5	0
548	1089	2	0
550	1089	3	0
624	1089	2	0
680	1089	2	0
682	1089	2	0
697	1089	3	0
736	1089	1	0
749	1089	3	0
782	1089	2	0
798	1089	3	0
807	1089	4	0
851	1089	3	0
881	1089	1	0
894	1089	2	0
927	1089	5	0
70	1146	3	0
405	1146	2	0
642	1146	1	0
75	1151	2	0
130	1151	3	0
181	1151	1	0
279	1151	2	0
435	1151	1	0
606	1151	3	0
880	1151	3	0
82	1162	1	0
181	1162	1	0
279	1162	3	0
532	1162	2	0
634	1162	1	0
82	1164	2	0
181	1164	3	0
463	1164	1	0
792	1164	3	0
798	1164	3	0
881	1164	1	0
83	1165	2	0
117	1165	3	0
181	1165	1	0
269	1165	1	0
314	1165	2	0
344	1165	1	0
393	1165	3	0
595	1165	1	0
654	1165	1	0
718	1165	3	0
727	1165	2	0
790	1165	2	0
872	1165	2	0
880	1165	2	0
87	1177	1	0
405	1177	1	0
497	1177	1	0
517	1177	5	0
533	1177	1	0
804	1177	3	0
881	1177	1	0
87	1179	3	0
110	1179	2	0
222	1179	1	0
393	1179	4	0
399	1179	2	0
405	1179	1	0
642	1179	3	0
747	1179	1	0
846	1179	2	0
92	1213	2	0
186	1213	3	0
188	1213	2	0
276	1213	1	0
291	1213	3	0
655	1213	2	0
92	1214	2	0
116	1214	3	0
299	1214	2	0
363	1214	1	0
655	1214	2	0
833	1214	4	0
840	1214	1	0
884	1214	1	0
896	1214	2	0
92	1215	2	0
130	1215	2	0
145	1215	2	0
181	1215	1	0
183	1215	1	0
213	1215	1	0
279	1215	2	0
291	1215	1	0
303	1215	1	0
320	1215	1	0
363	1215	1	0
374	1215	1	0
393	1215	3	0
396	1215	2	0
417	1215	2	0
435	1215	3	0
472	1215	4	0
534	1215	3	0
560	1215	2	0
582	1215	4	0
643	1215	3	0
650	1215	3	0
671	1215	3	0
715	1215	1	0
727	1215	2	0
774	1215	1	0
790	1215	1	0
880	1215	1	0
881	1215	1	0
893	1215	3	0
95	1229	2	0
110	1229	3	0
201	1229	3	0
291	1229	2	0
293	1229	1	0
314	1229	2	0
382	1229	5	0
405	1229	1	0
416	1229	2	0
496	1229	1	0
561	1229	1	0
727	1229	2	0
927	1229	3	0
95	1230	1	0
174	1230	1	0
279	1230	3	0
286	1230	1	0
301	1230	1	0
303	1230	1	0
325	1230	3	0
336	1230	2	0
373	1230	3	0
378	1230	2	0
405	1230	1	0
407	1230	2	0
417	1230	2	0
453	1230	2	0
561	1230	3	0
622	1230	1	0
790	1230	2	0
870	1230	2	0
110	1246	2	0
125	1246	2	0
130	1246	3	0
399	1246	1	0
405	1246	1	0
747	1246	1	0
933	1246	1	0
110	1247	2	0
279	1247	2	0
345	1247	2	0
405	1247	1	0
417	1247	3	0
650	1247	1	0
110	1250	3	0
221	1250	2	0
222	1250	1	0
279	1250	1	0
405	1250	1	0
727	1250	1	0
116	1254	2	0
159	1254	1	0
174	1254	1	0
294	1254	3	0
528	1254	3	0
782	1254	3	0
797	1254	2	0
825	1254	1	0
851	1254	1	0
897	1254	2	0
938	1254	1	0
116	1256	1	0
655	1256	3	0
782	1256	2	0
116	1257	1	0
655	1257	3	0
707	1257	2	0
782	1257	1	0
119	1259	3	0
181	1259	1	0
595	1259	3	0
914	1259	1	0
125	1272	1	0
181	1272	1	0
207	1272	3	0
486	1272	3	0
761	1272	1	0
130	1274	2	0
276	1274	1	0
279	1274	3	0
399	1274	1	0
405	1274	1	0
600	1274	2	0
749	1274	2	0
756	1274	2	0
774	1274	1	0
807	1274	3	0
833	1274	1	0
145	1287	2	0
181	1287	1	0
642	1287	2	0
761	1287	1	0
851	1287	1	0
921	1287	1	0
145	1289	1	0
181	1289	1	0
256	1289	4	0
314	1289	2	0
401	1289	2	0
624	1289	3	0
711	1289	2	0
145	1290	1	0
405	1290	2	0
145	1292	1	0
758	1292	1	0
782	1292	3	0
167	1307	2	0
405	1307	1	0
167	1308	1	0
405	1308	1	0
167	1309	1	0
181	1317	1	0
405	1317	1	0
503	1317	4	0
921	1317	2	0
181	1318	1	0
405	1318	1	0
449	1318	2	0
181	1319	1	0
585	1319	2	0
592	1319	1	0
655	1319	3	0
181	1320	1	0
181	1325	1	0
181	1329	1	0
181	1332	1	0
239	1332	3	0
181	1334	1	0
405	1334	1	0
181	1336	1	0
186	1336	3	0
222	1336	2	0
267	1336	1	0
279	1336	1	0
290	1336	3	0
416	1336	1	0
577	1336	1	0
642	1336	2	0
699	1336	3	0
181	1339	1	0
181	1340	1	0
181	1341	1	0
181	1343	1	0
181	1345	1	0
871	1345	3	0
181	1348	1	0
181	1349	1	0
181	1350	1	0
207	1350	2	0
181	1351	1	0
655	1351	3	0
896	1351	2	0
181	1352	1	0
181	1354	1	0
199	1354	1	0
181	1359	1	0
405	1359	1	0
181	1360	1	0
409	1360	2	0
181	1362	1	0
552	1362	3	0
181	1363	1	0
181	1364	1	0
181	1365	1	0
793	1365	2	0
181	1366	1	0
181	1371	1	0
394	1371	2	0
181	1373	1	0
181	1374	1	0
637	1374	1	0
181	1376	1	0
279	1376	4	0
291	1376	3	0
551	1376	1	0
648	1376	2	0
851	1376	2	0
872	1376	2	0
181	1382	1	0
405	1382	1	0
782	1382	3	0
869	1382	3	0
181	1383	1	0
452	1383	1	0
463	1383	2	0
490	1383	1	0
782	1383	3	0
887	1383	4	0
181	1384	1	0
405	1384	1	0
782	1384	3	0
181	1387	1	0
405	1387	2	0
782	1387	3	0
181	1390	1	0
782	1390	3	0
181	1391	1	0
405	1391	1	0
782	1391	4	0
181	1392	1	0
355	1392	4	0
409	1392	1	0
451	1392	1	0
721	1392	3	0
181	1393	1	0
272	1393	2	0
309	1393	2	0
399	1393	3	0
409	1393	1	0
451	1393	2	0
721	1393	3	0
782	1393	2	0
812	1393	3	0
194	1408	1	0
405	1408	1	0
622	1408	1	0
194	1412	2	0
405	1412	1	0
541	1412	1	0
864	1412	1	0
870	1412	2	0
882	1412	3	0
195	1414	2	0
197	1419	2	0
200	1419	5	0
222	1419	1	0
393	1419	3	0
405	1419	2	0
425	1419	3	0
435	1419	2	0
495	1419	1	0
497	1419	2	0
551	1419	1	0
600	1419	3	0
622	1419	2	0
650	1419	3	0
660	1419	1	0
774	1419	1	0
889	1419	2	0
197	1420	1	0
365	1420	2	0
537	1420	1	0
206	1432	1	0
405	1432	1	0
724	1432	1	0
206	1433	1	0
787	1433	3	0
221	1437	3	0
279	1437	3	0
336	1437	2	0
405	1437	1	0
504	1437	2	0
566	1437	2	0
682	1437	2	0
727	1437	2	0
896	1437	1	0
234	1453	2	0
234	1461	2	0
268	1476	2	0
279	1486	1	0
279	1487	1	0
283	1487	2	0
325	1487	3	0
405	1487	1	0
889	1487	3	0
279	1493	1	0
279	1494	1	0
286	1502	2	0
532	1502	1	0
303	1509	1	0
405	1509	1	0
642	1509	2	0
798	1509	3	0
868	1509	1	0
305	1513	2	0
374	1513	2	0
782	1513	2	0
373	1530	2	0
389	1530	2	0
405	1530	1	0
707	1530	3	0
846	1530	2	0
381	1532	2	0
655	1532	2	0
382	1534	4	0
445	1534	1	0
452	1534	1	0
501	1534	4	0
597	1534	1	0
782	1534	2	0
393	1539	2	0
405	1539	1	0
417	1539	2	0
798	1539	2	0
405	1546	1	0
405	1548	1	0
405	1549	1	0
655	1549	2	0
405	1551	1	0
456	1551	3	0
405	1552	1	0
435	1552	3	0
622	1552	2	0
405	1556	1	0
559	1556	3	0
405	1557	1	0
405	1559	1	0
405	1561	1	0
405	1562	1	0
405	1563	1	0
405	1564	1	0
405	1565	1	0
405	1566	1	0
405	1567	1	0
405	1568	1	0
405	1569	1	0
405	1570	1	0
405	1571	1	0
405	1572	1	0
405	1574	1	0
405	1575	1	0
405	1576	1	0
405	1577	1	0
405	1578	1	0
655	1578	3	0
405	1579	1	0
405	1580	1	0
405	1581	1	0
405	1582	1	0
405	1583	1	0
405	1584	1	0
405	1586	1	0
405	1587	1	0
405	1588	1	0
782	1588	3	0
405	1590	1	0
782	1590	3	0
425	1595	2	0
425	1596	2	0
445	1601	1	0
463	1606	2	0
486	1609	3	0
592	1609	1	0
782	1609	1	0
486	1610	2	0
644	1610	3	0
782	1610	1	0
528	1618	1	0
551	1621	1	0
587	1624	2	0
648	1626	1	0
655	1634	2	0
655	1644	1	0
782	1644	2	0
655	1648	2	0
662	1652	3	0
756	1652	1	0
782	1652	1	0
676	1654	1	0
682	1655	2	0
747	1659	1	0
747	1660	2	0
751	1661	1	0
782	1663	2	0
782	1665	2	0
782	1666	2	0
782	1669	2	0
787	1671	1	0
828	1672	2	0
896	1672	2	0
851	1676	2	0
863	1678	1	0
863	1680	2	0
