1	104	1	0
181	104	1	0
276	104	1	0
648	104	1	0
847	104	3	0
2	294	1	0
3	294	2	0
4	294	5	0
6	294	2	0
7	294	1	0
8	294	3	0
9	294	4	0
10	294	3	0
13	294	2	0
16	294	4	0
17	294	4	0
19	294	3	0
21	294	3	0
22	294	1	0
23	294	1	0
24	294	3	0
26	294	3	0
28	294	3	0
29	294	4	0
30	294	4	0
32	294	3	0
33	294	3	0
34	294	1	0
38	294	5	0
39	294	4	0
40	294	4	0
42	294	4	0
43	294	5	0
44	294	4	0
46	294	2	0
48	294	3	0
49	294	1	0
56	294	4	0
57	294	4	0
61	294	2	0
62	294	1	0
63	294	2	0
65	294	4	0
66	294	4	0
69	294	2	0
74	294	4	0
75	294	3	0
78	294	3	0
82	294	4	0
83	294	3	0
84	294	3	0
91	294	3	0
92	294	3	0
95	294	2	0
99	294	4	0
100	294	4	0
102	294	2	0
103	294	4	0
104	294	3	0
108	294	4	0
109	294	4	0
110	294	3	0
112	294	3	0
113	294	4	0
116	294	2	0
119	294	1	0
121	294	4	0
123	294	1	0
125	294	4	0
126	294	3	0
127	294	4	0
128	294	4	0
130	294	5	0
133	294	3	0
134	294	4	0
135	294	4	0
140	294	3	0
141	294	4	0
142	294	3	0
143	294	3	0
144	294	4	0
145	294	4	0
146	294	1	0
152	294	4	0
153	294	2	0
155	294	3	0
158	294	1	0
159	294	4	0
162	294	3	0
166	294	3	0
168	294	4	0
170	294	3	0
173	294	5	0
176	294	2	0
177	294	4	0
178	294	2	0
181	294	2	0
183	294	3	0
186	294	3	0
188	294	2	0
189	294	5	0
190	294	3	0
193	294	1	0
194	294	4	0
197	294	4	0
199	294	1	0
200	294	4	0
203	294	2	0
205	294	3	0
206	294	2	0
207	294	3	0
213	294	3	0
214	294	3	0
218	294	2	0
220	294	4	0
222	294	3	0
223	294	4	0
224	294	4	0
227	294	3	0
230	294	5	0
232	294	2	0
234	294	3	0
236	294	2	0
238	294	3	0
241	294	3	0
242	294	4	0
244	294	4	0
246	294	2	0
248	294	3	0
249	294	3	0
250	294	1	0
251	294	3	0
253	294	4	0
255	294	2	0
256	294	3	0
258	294	4	0
259	294	3	0
261	294	4	0
262	294	2	0
263	294	2	0
264	294	3	0
265	294	4	0
267	294	3	0
268	294	3	0
271	294	2	0
274	294	3	0
275	294	4	0
276	294	4	0
278	294	4	0
279	294	2	0
280	294	2	0
281	294	3	0
282	294	4	0
283	294	4	0
287	294	5	0
288	294	2	0
291	294	5	0
293	294	2	0
294	294	4	0
296	294	1	0
297	294	3	0
298	294	3	0
299	294	2	0
300	294	3	0
301	294	4	0
302	294	1	0
303	294	4	0
304	294	4	0
308	294	3	0
310	294	1	0
311	294	4	0
314	294	5	0
318	294	4	0
320	294	4	0
323	294	3	0
324	294	5	0
327	294	3	0
328	294	3	0
329	294	2	0
332	294	5	0
333	294	3	0
336	294	4	0
338	294	1	0
341	294	3	0
342	294	3	0
345	294	3	0
346	294	3	0
347	294	1	0
348	294	4	0
356	294	1	0
357	294	4	0
362	294	3	0
364	294	5	0
365	294	1	0
370	294	1	0
374	294	2	0
377	294	5	0
378	294	2	0
379	294	3	0
381	294	5	0
387	294	2	0
388	294	4	0
391	294	2	0
392	294	4	0
393	294	4	0
394	294	4	0
400	294	3	0
401	294	1	0
404	294	4	0
406	294	3	0
408	294	5	0
414	294	2	0
416	294	4	0
417	294	4	0
422	294	3	0
424	294	5	0
425	294	2	0
428	294	4	0
430	294	2	0
431	294	5	0
432	294	4	0
433	294	3	0
435	294	4	0
441	294	4	0
442	294	2	0
443	294	5	0
446	294	1	0
447	294	4	0
450	294	4	0
451	294	5	0
452	294	2	0
456	294	1	0
457	294	2	0
459	294	5	0
460	294	2	0
461	294	3	0
464	294	4	0
466	294	3	0
468	294	3	0
470	294	3	0
472	294	4	0
474	294	3	0
476	294	3	0
477	294	4	0
479	294	3	0
480	294	1	0
482	294	4	0
484	294	4	0
485	294	1	0
486	294	2	0
487	294	4	0
488	294	4	0
489	294	3	0
491	294	2	0
494	294	4	0
497	294	4	0
500	294	3	0
501	294	3	0
502	294	3	0
504	294	2	0
505	294	3	0
506	294	4	0
507	294	5	0
509	294	2	0
510	294	3	0
511	294	4	0
514	294	3	0
515	294	3	0
517	294	1	0
520	294	3	0
526	294	3	0
528	294	3	0
529	294	4	0
533	294	4	0
534	294	5	0
537	294	1	0
538	294	3	0
540	294	4	0
544	294	2	0
546	294	1	0
547	294	1	0
548	294	3	0
550	294	3	0
551	294	4	0
552	294	4	0
554	294	3	0
556	294	2	0
557	294	3	0
559	294	1	0
563	294	3	0
569	294	2	0
575	294	1	0
576	294	3	0
577	294	4	0
578	294	3	0
579	294	4	0
580	294	4	0
582	294	1	0
587	294	3	0
588	294	4	0
589	294	5	0
592	294	3	0
595	294	2	0
596	294	4	0
597	294	4	0
599	294	4	0
601	294	1	0
602	294	5	0
603	294	4	0
605	294	4	0
606	294	2	0
608	294	3	0
609	294	2	0
610	294	1	0
614	294	4	0
615	294	3	0
617	294	1	0
619	294	1	0
620	294	5	0
622	294	3	0
624	294	3	0
625	294	3	0
626	294	3	0
628	294	4	0
629	294	3	0
630	294	4	0
631	294	3	0
634	294	4	0
635	294	3	0
637	294	3	0
642	294	5	0
644	294	4	0
646	294	2	0
647	294	3	0
648	294	3	0
650	294	3	0
651	294	1	0
652	294	2	0
653	294	2	0
654	294	3	0
655	294	3	0
657	294	5	0
659	294	4	0
660	294	3	0
661	294	4	0
663	294	3	0
665	294	2	0
666	294	3	0
668	294	3	0
673	294	4	0
674	294	4	0
676	294	4	0
677	294	5	0
679	294	1	0
680	294	4	0
681	294	5	0
682	294	3	0
683	294	3	0
687	294	3	0
690	294	3	0
691	294	4	0
692	294	3	0
697	294	4	0
698	294	4	0
699	294	3	0
702	294	1	0
703	294	2	0
706	294	4	0
707	294	2	0
708	294	3	0
709	294	3	0
710	294	3	0
712	294	4	0
714	294	4	0
716	294	4	0
717	294	3	0
719	294	2	0
721	294	3	0
722	294	2	0
724	294	4	0
725	294	3	0
726	294	5	0
727	294	4	0
729	294	2	0
730	294	4	0
732	294	3	0
733	294	2	0
734	294	1	0
736	294	3	0
740	294	4	0
742	294	3	0
743	294	2	0
749	294	2	0
750	294	4	0
752	294	3	0
753	294	5	0
755	294	3	0
758	294	5	0
759	294	5	0
761	294	3	0
764	294	3	0
766	294	2	0
770	294	3	0
771	294	4	0
772	294	4	0
774	294	1	0
779	294	5	0
780	294	3	0
781	294	1	0
782	294	3	0
783	294	3	0
785	294	4	0
787	294	3	0
788	294	3	0
789	294	3	0
790	294	2	0
791	294	3	0
793	294	5	0
796	294	3	0
797	294	3	0
800	294	3	0
801	294	5	0
802	294	4	0
804	294	5	0
805	294	1	0
808	294	5	0
810	294	5	0
811	294	4	0
812	294	5	0
813	294	1	0
816	294	5	0
817	294	4	0
821	294	4	0
823	294	3	0
824	294	3	0
825	294	4	0
826	294	4	0
827	294	4	0
829	294	2	0
830	294	3	0
831	294	4	0
832	294	4	0
834	294	3	0
835	294	3	0
837	294	4	0
844	294	2	0
846	294	3	0
848	294	5	0
850	294	5	0
853	294	2	0
854	294	2	0
856	294	4	0
857	294	3	0
859	294	3	0
860	294	2	0
861	294	3	0
863	294	4	0
864	294	4	0
865	294	4	0
867	294	3	0
869	294	3	0
872	294	3	0
873	294	4	0
875	294	2	0
876	294	4	0
879	294	3	0
880	294	4	0
881	294	3	0
882	294	4	0
887	294	5	0
889	294	3	0
893	294	3	0
895	294	4	0
897	294	3	0
900	294	4	0
901	294	3	0
902	294	2	0
905	294	3	0
907	294	4	0
909	294	3	0
919	294	3	0
921	294	4	0
922	294	4	0
923	294	4	0
926	294	3	0
927	294	5	0
936	294	3	0
937	294	1	0
940	294	4	0
941	294	4	0
2	314	1	0
13	314	1	0
206	314	1	0
537	314	1	0
609	314	1	0
5	424	1	0
13	424	1	0
21	424	1	0
38	424	3	0
82	424	1	0
113	424	1	0
181	424	1	0
222	424	1	0
374	424	1	0
425	424	2	0
434	424	1	0
435	424	1	0
453	424	1	0
617	424	1	0
727	424	1	0
802	424	2	0
830	424	1	0
933	424	1	0
939	424	3	0
5	437	1	0
13	437	1	0
21	437	1	0
405	437	1	0
776	437	1	0
5	438	1	0
13	438	1	0
21	438	1	0
201	438	1	0
405	438	1	0
776	438	2	0
5	439	1	0
13	439	1	0
21	439	1	0
405	439	1	0
776	439	1	0
5	440	1	0
7	440	1	0
13	440	1	0
21	440	1	0
201	440	2	0
405	440	1	0
429	440	1	0
497	440	1	0
504	440	3	0
617	440	4	0
727	440	1	0
776	440	2	0
802	440	3	0
843	440	1	0
5	442	1	0
13	442	1	0
405	442	1	0
776	442	2	0
7	599	1	0
7	669	1	0
13	669	1	0
21	669	1	0
130	669	4	0
175	669	1	0
276	669	1	0
346	669	1	0
405	669	1	0
417	669	2	0
425	669	3	0
617	669	1	0
802	669	1	0
814	669	3	0
13	758	1	0
21	758	1	0
38	758	1	0
49	758	1	0
92	758	1	0
116	758	1	0
117	758	2	0
181	758	1	0
200	758	3	0
246	758	1	0
301	758	3	0
366	758	3	0
374	758	1	0
417	758	2	0
457	758	2	0
472	758	1	0
497	758	2	0
546	758	4	0
620	758	2	0
648	758	2	0
774	758	1	0
13	777	1	0
201	777	1	0
368	777	2	0
405	777	1	0
13	784	1	0
405	784	1	0
13	788	1	0
405	788	1	0
925	788	3	0
13	830	1	0
13	852	1	0
13	858	1	0
21	858	1	0
405	858	1	0
13	897	1	0
489	897	2	0
53	1087	4	0
145	1087	1	0
181	1087	1	0
222	1087	1	0
279	1087	2	0
373	1087	1	0
551	1087	1	0
653	1087	2	0
731	1087	1	0
825	1087	3	0
82	1162	1	0
181	1162	1	0
279	1162	3	0
532	1162	2	0
634	1162	1	0
110	1246	2	0
125	1246	2	0
130	1246	3	0
399	1246	1	0
405	1246	1	0
747	1246	1	0
933	1246	1	0
110	1250	3	0
221	1250	2	0
222	1250	1	0
279	1250	1	0
405	1250	1	0
727	1250	1	0
145	1287	2	0
181	1287	1	0
642	1287	2	0
761	1287	1	0
851	1287	1	0
921	1287	1	0
145	1290	1	0
405	1290	2	0
145	1292	1	0
758	1292	1	0
782	1292	3	0
167	1307	2	0
405	1307	1	0
167	1308	1	0
405	1308	1	0
167	1309	1	0
181	1318	1	0
405	1318	1	0
449	1318	2	0
181	1320	1	0
181	1325	1	0
181	1329	1	0
181	1334	1	0
405	1334	1	0
181	1339	1	0
181	1340	1	0
181	1341	1	0
181	1343	1	0
181	1348	1	0
181	1349	1	0
181	1350	1	0
207	1350	2	0
181	1352	1	0
181	1354	1	0
199	1354	1	0
181	1359	1	0
405	1359	1	0
181	1360	1	0
409	1360	2	0
181	1363	1	0
181	1364	1	0
181	1365	1	0
793	1365	2	0
181	1366	1	0
181	1371	1	0
394	1371	2	0
181	1373	1	0
181	1374	1	0
637	1374	1	0
181	1384	1	0
405	1384	1	0
782	1384	3	0
194	1408	1	0
405	1408	1	0
622	1408	1	0
194	1412	2	0
405	1412	1	0
541	1412	1	0
864	1412	1	0
870	1412	2	0
882	1412	3	0
197	1420	1	0
365	1420	2	0
537	1420	1	0
206	1432	1	0
405	1432	1	0
724	1432	1	0
279	1486	1	0
279	1493	1	0
279	1494	1	0
286	1502	2	0
532	1502	1	0
303	1509	1	0
405	1509	1	0
642	1509	2	0
798	1509	3	0
868	1509	1	0
405	1546	1	0
405	1548	1	0
405	1549	1	0
655	1549	2	0
405	1557	1	0
405	1559	1	0
405	1561	1	0
405	1562	1	0
405	1563	1	0
405	1564	1	0
405	1565	1	0
405	1566	1	0
405	1567	1	0
405	1568	1	0
405	1569	1	0
405	1570	1	0
405	1571	1	0
405	1572	1	0
405	1574	1	0
405	1575	1	0
405	1576	1	0
405	1577	1	0
405	1579	1	0
405	1580	1	0
405	1581	1	0
405	1582	1	0
405	1583	1	0
405	1584	1	0
405	1586	1	0
405	1587	1	0
445	1601	1	0
486	1609	3	0
592	1609	1	0
782	1609	1	0
528	1618	1	0
551	1621	1	0
648	1626	1	0
655	1644	1	0
782	1644	2	0
662	1652	3	0
756	1652	1	0
782	1652	1	0
676	1654	1	0
747	1659	1	0
751	1661	1	0
787	1671	1	0
863	1678	1	0
