1	89	5	0
2	302	5	0
2	299	4	0
3	299	3	0
3	302	2	0
5	89	5	0
6	484	5	0
6	302	4	0
6	488	5	0
6	489	5	0
6	89	4	0
6	525	5	0
7	89	5	0
7	642	3	0
7	484	5	0
7	673	3	0
7	611	3	0
7	657	4	0
7	654	5	0
7	656	3	0
7	653	4	0
7	488	4	0
7	489	3	0
8	89	4	0
9	691	5	0
10	654	5	0
10	611	5	0
10	525	5	0
10	484	5	0
10	488	5	0
10	657	4	0
10	489	4	0
10	302	4	0
10	656	5	0
11	654	3	0
13	525	5	0
13	691	4	0
13	823	5	0
13	656	5	0
13	657	4	0
13	299	3	0
13	484	5	0
13	654	5	0
13	488	3	0
13	848	5	0
13	770	4	0
13	89	4	0
13	673	3	0
13	302	5	0
14	525	5	0
14	654	4	0
14	302	5	0
15	302	4	0
15	823	2	0
16	642	5	0
16	657	5	0
16	654	5	0
16	302	5	0
16	770	3	0
16	89	2	0
18	489	4	0
18	488	3	0
18	654	4	0
18	89	3	0
21	656	5	0
21	299	1	0
22	89	5	0
23	89	5	0
23	642	3	0
25	657	4	0
26	302	5	0
28	89	4	0
29	302	4	0
29	657	4	0
31	302	4	0
31	484	5	0
31	299	4	0
31	611	4	0
34	299	5	0
37	89	4	0
38	673	5	0
39	302	5	0
40	302	3	0
43	302	4	0
44	89	5	0
45	823	4	0
47	302	5	0
48	656	4	0
48	302	4	0
48	1064	4	0
48	654	5	0
49	302	4	0
49	657	5	0
49	299	2	0
50	823	3	0
52	657	5	0
52	302	4	0
54	302	4	0
54	823	2	0
55	89	5	0
56	89	4	0
58	823	1	0
58	654	5	0
58	89	3	0
59	673	5	0
59	654	4	0
59	489	4	0
59	823	5	0
59	657	4	0
59	770	4	0
59	642	5	0
59	488	3	0
59	89	5	0
59	484	4	0
59	611	3	0
59	525	3	0
60	489	5	0
60	89	5	0
60	484	5	0
60	525	5	0
60	656	4	0
60	673	4	0
60	654	4	0
62	673	2	0
62	302	3	0
62	89	5	0
63	302	3	0
64	89	3	0
69	302	4	0
70	89	4	0
71	302	3	0
71	89	5	0
72	770	4	0
72	642	4	0
72	89	3	0
72	484	4	0
72	525	4	0
72	654	4	0
73	657	5	0
73	89	5	0
74	302	4	0
76	89	4	0
77	484	5	0
77	89	5	0
82	770	4	0
82	484	4	0
82	657	4	0
84	823	3	0
85	89	4	0
85	488	4	0
85	654	4	0
85	642	4	0
85	657	4	0
87	657	4	0
87	89	4	0
88	302	3	0
90	302	5	0
90	657	5	0
90	488	5	0
90	654	5	0
90	89	5	0
90	656	5	0
90	611	5	0
90	489	5	0
91	484	4	0
91	657	4	0
92	673	4	0
92	823	4	0
92	89	5	0
92	642	3	0
94	823	3	0
94	657	5	0
94	89	3	0
94	302	4	0
94	642	4	0
94	484	5	0
94	525	5	0
94	673	3	0
94	654	5	0
95	657	5	0
95	89	3	0
96	673	4	0
96	525	2	0
96	484	5	0
96	89	5	0
97	89	5	0
97	484	3	0
100	302	4	0
100	691	4	0
102	823	3	0
102	302	3	0
102	89	4	0
104	823	1	0
104	299	3	0
104	302	5	0
105	302	5	0
107	302	4	0
109	823	3	0
109	89	4	0
110	642	2	0
111	302	5	0
112	302	4	0
113	299	5	0
114	89	5	0
114	654	3	0
115	302	4	0
115	673	3	0
115	657	3	0
115	654	5	0
115	642	5	0
115	89	5	0
116	484	4	0
116	299	3	0
116	302	3	0
118	654	5	0
119	299	4	0
119	89	4	0
119	823	3	0
122	673	3	0
123	657	4	0
125	657	3	0
126	302	4	0
128	770	3	0
129	302	4	0
130	89	4	0
130	642	4	0
130	299	3	0
131	302	5	0
132	484	4	0
134	302	2	0
135	653	4	0
135	642	4	0
136	525	5	0
136	89	4	0
137	89	5	0
138	484	4	0
139	302	3	0
140	302	4	0
141	823	3	0
142	89	3	0
144	654	4	0
144	823	3	0
144	302	3	0
144	89	3	0
145	770	1	0
145	673	4	0
145	299	4	0
145	302	4	0
145	642	3	0
145	823	3	0
145	89	4	0
146	302	4	0
147	302	4	0
148	89	5	0
149	302	4	0
151	488	4	0
151	489	5	0
151	657	5	0
151	654	4	0
151	770	4	0
151	484	4	0
151	525	4	0
151	611	4	0
151	89	5	0
151	302	3	0
151	642	3	0
154	488	4	0
154	642	3	0
154	484	4	0
154	89	5	0
154	302	4	0
158	302	4	0
158	823	2	0
158	525	5	0
158	770	5	0
158	89	5	0
159	299	3	0
160	484	5	0
160	488	5	0
160	770	4	0
160	302	5	0
161	654	3	0
164	299	4	0
164	823	4	0
167	673	4	0
169	525	3	0
170	299	3	0
171	302	4	0
172	488	3	0
172	642	4	0
172	657	3	0
173	299	4	0
173	302	5	0
174	823	4	0
174	1313	4	0
177	302	4	0
177	89	5	0
177	642	4	0
177	654	4	0
177	299	4	0
178	89	4	0
178	823	2	0
178	654	3	0
178	484	4	0
178	302	4	0
179	302	4	0
179	691	3	0
181	823	2	0
181	302	2	0
181	299	1	0
184	642	4	0
184	657	4	0
184	654	4	0
184	89	4	0
184	488	5	0
185	302	4	0
186	299	3	0
186	770	2	0
186	302	3	0
188	673	4	0
188	484	5	0
189	657	5	0
189	656	4	0
189	489	5	0
189	525	5	0
189	89	5	0
189	484	5	0
189	654	3	0
190	1313	2	0
190	302	5	0
190	823	2	0
191	302	4	0
192	302	5	0
193	673	4	0
194	657	4	0
194	488	3	0
194	89	3	0
194	654	2	0
194	770	4	0
194	642	2	0
195	823	4	0
197	770	3	0
197	89	5	0
197	302	3	0
198	654	5	0
198	673	3	0
198	89	5	0
198	823	2	0
200	89	5	0
200	673	5	0
201	89	3	0
201	654	3	0
201	642	4	0
201	823	3	0
201	673	3	0
201	656	4	0
201	1422	2	0
201	302	4	0
201	770	3	0
202	484	4	0
204	302	5	0
206	1313	1	0
206	302	5	0
206	691	1	0
207	302	4	0
207	642	3	0
208	302	1	0
210	484	4	0
210	654	5	0
210	302	5	0
210	657	4	0
214	89	4	0
214	302	4	0
215	89	4	0
216	302	5	0
216	673	4	0
218	654	4	0
218	657	5	0
218	642	3	0
222	642	3	0
222	770	3	0
222	654	3	0
222	89	5	0
222	302	3	0
226	89	5	0
227	823	2	0
229	302	5	0
230	484	5	0
230	673	3	0
232	302	5	0
233	654	4	0
233	89	3	0
234	653	3	0
234	525	4	0
234	484	5	0
234	1064	4	0
234	642	3	0
234	657	4	0
234	89	3	0
234	848	3	0
234	489	3	0
234	673	4	0
234	654	5	0
234	611	5	0
234	770	4	0
234	656	4	0
234	488	4	0
236	673	4	0
237	525	4	0
237	489	4	0
237	656	4	0
239	488	5	0
239	89	4	0
239	654	5	0
239	489	5	0
239	484	5	0
240	302	5	0
241	302	3	0
244	89	5	0
244	673	3	0
248	484	2	0
248	89	5	0
249	302	4	0
249	89	5	0
250	89	4	0
253	89	4	0
256	89	5	0
256	642	4	0
256	657	5	0
259	484	4	0
263	484	4	0
264	525	5	0
264	654	5	0
264	656	4	0
267	484	5	0
267	642	4	0
267	89	5	0
267	654	5	0
268	525	4	0
268	302	5	0
268	1476	2	0
268	484	4	0
268	654	5	0
268	89	4	0
268	823	2	0
269	89	2	0
269	673	4	0
269	488	4	0
269	302	3	0
269	654	4	0
269	525	4	0
269	823	3	0
269	657	4	0
269	642	3	0
269	484	3	0
271	642	5	0
271	657	4	0
271	654	5	0
271	302	5	0
271	89	3	0
271	823	3	0
272	654	5	0
275	89	3	0
276	89	5	0
276	302	5	0
276	691	4	0
276	770	4	0
276	823	3	0
276	653	5	0
277	302	4	0
278	302	3	0
278	525	5	0
279	89	4	0
279	823	3	0
279	654	5	0
279	489	2	0
280	673	4	0
280	1313	5	0
282	302	5	0
284	302	4	0
285	302	5	0
286	89	4	0
286	642	3	0
290	484	3	0
290	89	3	0
291	770	4	0
291	89	3	0
291	823	3	0
292	484	5	0
292	653	4	0
292	488	5	0
292	654	5	0
292	657	5	0
292	525	5	0
293	657	4	0
293	770	3	0
293	302	4	0
293	642	3	0
293	89	5	0
293	653	5	0
293	654	5	0
293	484	5	0
294	299	3	0
294	823	3	0
295	89	5	0
295	642	4	0
296	484	4	0
296	89	5	0
296	654	5	0
297	302	4	0
297	89	4	0
298	484	4	0
299	484	4	0
299	642	4	0
299	89	5	0
299	488	4	0
299	302	4	0
301	299	3	0
301	673	4	0
301	89	2	0
302	299	2	0
303	673	4	0
303	302	4	0
303	525	5	0
303	653	4	0
303	484	5	0
303	654	5	0
305	484	3	0
305	654	4	0
305	89	3	0
305	302	4	0
305	770	3	0
307	89	5	0
308	656	3	0
308	654	5	0
308	848	4	0
308	657	4	0
308	89	5	0
308	488	4	0
308	525	5	0
308	770	4	0
308	484	3	0
308	611	4	0
308	673	4	0
308	653	5	0
308	642	5	0
311	89	5	0
311	642	4	0
311	484	4	0
311	654	3	0
312	484	5	0
312	657	5	0
312	654	5	0
312	488	5	0
312	653	5	0
312	489	5	0
312	89	5	0
312	673	5	0
312	525	5	0
312	656	5	0
312	611	5	0
313	484	5	0
313	488	5	0
313	657	4	0
313	525	5	0
313	823	3	0
313	770	4	0
313	673	4	0
313	489	4	0
313	654	5	0
313	89	5	0
315	654	5	0
315	673	4	0
315	770	3	0
315	642	5	0
315	302	5	0
315	657	4	0
316	673	2	0
316	89	1	0
317	299	4	0
318	657	5	0
319	302	4	0
320	89	4	0
321	611	4	0
321	484	5	0
321	89	3	0
321	654	4	0
321	657	4	0
322	489	3	0
322	89	3	0
322	653	4	0
322	302	5	0
322	654	5	0
322	656	5	0
325	654	4	0
325	525	5	0
325	484	5	0
325	656	4	0
326	525	5	0
326	484	5	0
326	654	1	0
326	611	3	0
326	657	5	0
326	89	4	0
327	89	4	0
327	302	3	0
327	484	3	0
328	302	4	0
328	657	4	0
328	1313	4	0
328	89	5	0
328	299	2	0
328	823	3	0
329	302	5	0
329	657	3	0
330	823	3	0
331	653	3	0
331	302	5	0
332	770	3	0
332	673	5	0
332	302	5	0
332	89	5	0
334	488	5	0
334	302	5	0
334	484	5	0
334	525	5	0
334	89	4	0
334	642	5	0
334	1313	4	0
334	657	4	0
338	484	5	0
338	654	5	0
338	488	5	0
338	525	4	0
339	642	5	0
339	302	4	0
339	89	5	0
339	673	5	0
339	654	5	0
339	657	4	0
339	823	3	0
339	525	5	0
339	484	5	0
339	770	4	0
339	488	5	0
341	299	5	0
342	654	4	0
342	488	5	0
342	89	3	0
342	656	5	0
342	657	5	0
343	823	3	0
343	89	3	0
343	657	5	0
343	302	4	0
343	642	4	0
343	654	5	0
344	89	5	0
344	302	5	0
345	302	5	0
346	302	3	0
346	657	4	0
346	673	3	0
346	89	4	0
346	642	3	0
349	823	4	0
350	654	5	0
350	489	4	0
350	89	4	0
350	657	5	0
352	89	5	0
352	302	4	0
352	657	4	0
352	653	3	0
354	489	4	0
354	89	4	0
354	657	4	0
360	654	5	0
360	302	4	0
361	611	4	0
361	657	5	0
361	770	3	0
361	673	4	0
361	525	4	0
361	654	4	0
362	302	5	0
363	657	5	0
363	89	4	0
363	653	3	0
363	770	4	0
363	673	2	0
363	691	3	0
363	302	5	0
364	302	4	0
367	302	5	0
368	89	4	0
370	484	4	0
370	525	4	0
370	302	5	0
370	657	3	0
372	299	4	0
373	89	5	0
373	488	3	0
374	89	2	0
374	642	1	0
374	823	1	0
374	770	5	0
374	654	3	0
375	770	3	0
375	525	4	0
375	302	5	0
378	89	4	0
378	302	5	0
379	654	5	0
379	89	4	0
380	654	4	0
380	770	3	0
380	89	5	0
380	302	5	0
381	673	3	0
381	89	5	0
381	657	4	0
381	656	4	0
381	525	5	0
383	488	4	0
383	654	5	0
383	657	5	0
383	484	4	0
383	302	4	0
383	89	3	0
384	302	5	0
385	484	4	0
385	673	2	0
385	654	5	0
385	488	5	0
385	525	4	0
385	657	4	0
385	489	5	0
385	653	4	0
385	89	4	0
385	656	5	0
387	488	3	0
387	89	5	0
387	642	4	0
388	302	5	0
389	657	5	0
389	302	5	0
389	484	5	0
389	656	5	0
389	642	4	0
389	489	4	0
389	654	5	0
389	525	4	0
389	488	5	0
390	302	5	0
391	89	3	0
392	302	5	0
392	657	5	0
392	488	4	0
393	823	3	0
393	89	3	0
393	302	4	0
394	89	5	0
395	89	5	0
396	823	2	0
397	657	5	0
397	302	5	0
397	484	5	0
397	611	5	0
398	484	4	0
398	525	3	0
398	654	4	0
399	673	3	0
399	302	4	0
401	654	3	0
401	302	3	0
401	484	3	0
404	302	4	0
405	653	1	0
405	770	1	0
405	302	4	0
405	1422	1	0
405	89	1	0
405	1582	1	0
405	656	1	0
405	642	1	0
405	657	1	0
405	525	1	0
405	673	5	0
405	654	2	0
406	642	3	0
406	657	5	0
406	654	4	0
406	89	4	0
406	488	4	0
406	611	3	0
406	823	3	0
407	525	4	0
407	484	4	0
407	89	4	0
407	657	4	0
407	642	2	0
407	656	4	0
408	302	5	0
409	89	5	0
409	484	4	0
409	654	3	0
409	489	5	0
409	657	3	0
411	89	3	0
411	770	4	0
413	302	2	0
414	302	5	0
416	770	4	0
416	657	5	0
416	302	5	0
417	89	5	0
417	642	5	0
417	302	3	0
417	484	4	0
417	823	2	0
418	1313	2	0
418	302	2	0
419	89	3	0
419	488	5	0
420	484	5	0
420	302	4	0
421	653	3	0
421	525	4	0
421	657	4	0
421	302	4	0
421	89	5	0
422	299	1	0
422	302	3	0
423	823	3	0
423	302	5	0
423	299	3	0
425	823	3	0
425	89	4	0
425	302	5	0
426	489	5	0
426	525	4	0
426	654	5	0
426	1064	4	0
426	673	4	0
426	657	5	0
426	484	5	0
426	653	4	0
426	848	4	0
426	488	5	0
427	302	4	0
428	1313	4	0
428	302	5	0
429	673	3	0
429	654	4	0
429	642	4	0
429	89	4	0
429	484	5	0
429	611	4	0
430	656	4	0
430	302	4	0
431	302	3	0
433	657	5	0
433	302	5	0
435	89	4	0
435	299	4	0
435	673	3	0
436	642	4	0
437	484	4	0
437	657	5	0
437	770	3	0
437	654	5	0
437	642	1	0
437	89	2	0
442	89	4	0
445	302	1	0
445	823	1	0
446	302	4	0
446	299	2	0
447	89	5	0
447	484	5	0
447	823	3	0
447	770	3	0
447	642	4	0
448	302	5	0
450	489	4	0
450	823	3	0
450	611	5	0
450	89	5	0
450	673	3	0
450	525	3	0
450	302	5	0
450	654	4	0
450	642	4	0
450	657	4	0
450	299	2	0
450	484	3	0
450	488	4	0
451	302	3	0
451	299	1	0
452	89	5	0
452	654	2	0
452	488	4	0
454	484	3	0
454	654	2	0
454	642	2	0
454	89	1	0
454	302	4	0
454	657	3	0
454	611	2	0
455	770	3	0
455	89	3	0
456	484	4	0
456	1604	4	0
456	673	3	0
457	770	4	0
457	89	5	0
457	673	4	0
458	302	5	0
458	484	5	0
458	654	5	0
458	823	3	0
460	302	4	0
461	302	3	0
463	302	5	0
464	302	5	0
464	299	4	0
465	656	3	0
465	525	3	0
466	89	3	0
466	1313	3	0
466	302	5	0
467	302	4	0
468	89	4	0
468	642	3	0
469	654	4	0
469	656	5	0
469	611	5	0
469	484	5	0
473	302	4	0
474	484	5	0
474	611	4	0
474	489	4	0
474	302	5	0
474	654	5	0
474	89	5	0
474	653	4	0
474	848	4	0
474	657	5	0
474	642	4	0
474	488	3	0
474	525	4	0
475	302	3	0
478	673	3	0
479	89	4	0
479	489	5	0
480	642	4	0
480	302	4	0
480	89	4	0
480	654	4	0
481	484	4	0
484	89	4	0
484	823	4	0
485	302	5	0
486	823	4	0
486	299	1	0
486	302	5	0
487	823	1	0
488	89	4	0
488	299	3	0
489	299	2	0
489	302	5	0
490	302	4	0
491	657	5	0
491	654	5	0
492	654	4	0
492	657	3	0
493	89	4	0
495	770	3	0
495	89	3	0
495	642	4	0
496	89	5	0
496	484	3	0
497	657	3	0
497	89	4	0
497	642	3	0
498	89	5	0
498	656	3	0
498	525	4	0
498	657	3	0
498	673	3	0
498	1422	3	0
498	302	3	0
498	484	4	0
498	489	3	0
499	484	4	0
499	657	5	0
499	525	4	0
500	89	4	0
500	611	5	0
503	484	4	0
503	654	5	0
503	488	5	0
503	823	2	0
503	489	4	0
506	611	5	0
506	489	4	0
506	654	4	0
506	770	3	0
506	657	5	0
506	89	5	0
506	642	4	0
506	484	4	0
506	525	4	0
507	691	5	0
507	302	5	0
509	302	5	0
510	299	3	0
511	299	2	0
512	302	4	0
514	302	5	0
514	89	4	0
515	302	3	0
517	823	2	0
519	299	5	0
520	302	3	0
521	89	3	0
522	654	4	0
524	823	4	0
524	525	3	0
524	89	5	0
524	484	4	0
524	302	5	0
524	657	4	0
524	654	5	0
524	642	4	0
524	488	4	0
526	302	5	0
527	673	4	0
527	653	4	0
527	657	4	0
528	484	3	0
528	657	5	0
531	302	5	0
532	302	5	0
533	823	4	0
533	484	3	0
533	489	4	0
533	525	3	0
533	673	3	0
533	654	3	0
534	823	4	0
535	657	5	0
535	489	4	0
535	848	3	0
535	654	5	0
535	302	3	0
535	488	5	0
535	484	5	0
536	489	4	0
537	654	3	0
537	488	4	0
537	89	4	0
537	657	3	0
537	484	4	0
537	770	3	0
537	302	4	0
537	642	4	0
537	653	4	0
537	673	3	0
537	525	3	0
537	299	2	0
537	848	3	0
537	489	3	0
538	642	3	0
538	89	4	0
541	654	3	0
542	89	4	0
543	770	4	0
543	89	4	0
543	302	4	0
543	642	3	0
543	656	4	0
544	302	5	0
545	89	3	0
547	302	5	0
548	302	4	0
548	657	5	0
548	654	5	0
548	642	4	0
548	525	5	0
551	89	4	0
551	673	4	0
551	770	2	0
551	302	3	0
553	611	5	0
553	484	5	0
553	89	5	0
553	525	4	0
553	657	5	0
554	770	1	0
555	89	4	0
555	302	3	0
555	489	5	0
556	302	4	0
557	299	4	0
560	489	3	0
560	653	4	0
560	302	5	0
560	89	5	0
560	654	5	0
561	673	3	0
561	484	4	0
561	488	4	0
561	489	4	0
561	611	5	0
561	657	4	0
561	656	4	0
561	89	4	0
561	302	4	0
561	642	3	0
562	89	1	0
564	302	3	0
566	673	4	0
566	89	4	0
567	611	4	0
567	299	4	0
567	525	5	0
567	673	3	0
567	484	4	0
567	654	5	0
567	89	5	0
567	657	5	0
567	489	5	0
567	653	5	0
567	302	4	0
568	488	5	0
568	653	4	0
568	656	3	0
568	611	3	0
568	525	3	0
569	302	4	0
570	302	4	0
571	484	4	0
571	657	4	0
573	654	4	0
573	657	4	0
574	1313	4	0
574	302	4	0
577	770	4	0
577	673	3	0
577	823	3	0
579	89	3	0
587	691	4	0
587	302	3	0
592	823	1	0
592	302	5	0
592	657	4	0
592	299	1	0
592	89	4	0
592	484	4	0
592	654	5	0
598	691	2	0
600	89	5	0
601	673	1	0
603	89	5	0
605	302	4	0
606	89	5	0
608	611	3	0
608	489	5	0
608	848	4	0
608	673	4	0
610	489	4	0
610	673	4	0
610	484	3	0
611	299	1	0
611	302	5	0
613	89	5	0
615	302	4	0
616	302	5	0
616	299	3	0
616	1313	4	0
617	656	4	0
617	611	4	0
617	488	4	0
617	653	4	0
617	89	4	0
617	302	4	0
618	770	2	0
618	673	3	0
619	302	4	0
621	299	1	0
622	484	3	0
622	89	5	0
623	525	4	0
623	642	3	0
624	302	4	0
625	484	4	0
625	654	3	0
626	302	4	0
627	673	2	0
627	89	5	0
628	302	5	0
633	654	3	0
634	302	5	0
634	823	3	0
635	302	4	0
638	89	4	0
639	488	4	0
639	673	4	0
640	770	4	0
640	302	5	0
640	691	4	0
641	484	5	0
641	89	4	0
641	657	4	0
642	89	2	0
642	673	2	0
643	656	4	0
643	673	4	0
643	484	5	0
643	89	3	0
644	823	4	0
645	488	4	0
645	656	4	0
645	654	5	0
645	89	4	0
645	673	3	0
645	653	5	0
646	1313	3	0
648	484	5	0
648	89	4	0
650	489	3	0
650	823	3	0
650	642	3	0
650	484	5	0
650	654	3	0
650	525	3	0
650	657	4	0
650	89	4	0
650	673	3	0
651	302	5	0
653	657	4	0
653	642	1	0
653	89	5	0
653	654	2	0
653	823	2	0
654	302	5	0
655	823	2	0
655	770	2	0
655	657	3	0
655	673	3	0
655	611	3	0
655	525	2	0
655	654	3	0
655	653	3	0
655	656	3	0
655	302	4	0
655	642	3	0
655	89	4	0
656	302	3	0
657	302	2	0
658	488	4	0
658	654	4	0
659	654	4	0
659	89	4	0
659	611	4	0
659	657	5	0
659	642	2	0
659	489	4	0
659	673	4	0
659	1064	5	0
660	657	2	0
660	89	3	0
661	89	5	0
661	657	4	0
663	299	2	0
663	89	4	0
664	302	4	0
664	484	5	0
664	673	3	0
664	657	5	0
664	525	4	0
664	89	5	0
664	611	5	0
664	654	5	0
664	642	4	0
664	770	4	0
665	89	4	0
666	302	5	0
666	525	4	0
666	489	4	0
666	653	4	0
666	657	4	0
666	484	4	0
666	642	5	0
666	89	4	0
666	654	5	0
666	656	4	0
668	302	5	0
669	302	4	0
669	657	5	0
669	654	5	0
670	657	5	0
670	611	5	0
670	484	5	0
671	654	3	0
671	89	5	0
671	770	2	0
673	302	3	0
676	302	5	0
679	484	4	0
682	89	4	0
682	657	4	0
682	299	4	0
682	654	4	0
682	823	2	0
682	673	3	0
683	302	5	0
683	299	3	0
685	299	2	0
685	302	3	0
686	89	4	0
686	654	5	0
686	299	5	0
688	302	5	0
690	642	3	0
690	89	2	0
693	673	4	0
693	488	4	0
693	484	3	0
693	654	3	0
693	611	4	0
694	89	4	0
694	673	4	0
694	484	4	0
694	657	4	0
694	489	4	0
694	654	4	0
695	302	4	0
696	302	5	0
697	302	5	0
698	89	4	0
698	656	1	0
698	525	1	0
698	489	3	0
698	654	1	0
704	611	3	0
704	657	4	0
704	89	5	0
704	654	5	0
704	488	5	0
704	302	4	0
705	89	2	0
707	654	4	0
707	525	3	0
707	770	3	0
707	488	4	0
707	302	4	0
708	299	1	0
709	823	3	0
709	89	3	0
710	654	4	0
710	89	4	0
710	656	5	0
710	299	3	0
710	302	4	0
711	89	5	0
711	488	4	0
713	302	4	0
715	89	3	0
716	484	4	0
716	611	5	0
716	673	4	0
716	525	3	0
716	489	4	0
716	488	4	0
716	823	3	0
717	302	5	0
717	299	4	0
719	673	3	0
720	302	5	0
721	302	3	0
721	299	3	0
722	823	3	0
723	89	3	0
724	302	3	0
724	299	1	0
727	89	5	0
731	611	3	0
731	484	3	0
733	302	4	0
737	89	4	0
738	89	5	0
740	302	5	0
741	673	4	0
743	302	5	0
744	302	5	0
744	657	5	0
745	302	4	0
746	89	4	0
747	525	5	0
747	654	5	0
747	488	5	0
747	653	5	0
747	302	5	0
748	654	4	0
748	657	4	0
748	89	5	0
749	89	4	0
749	823	3	0
749	642	2	0
749	484	5	0
751	302	4	0
751	484	3	0
751	89	3	0
752	302	5	0
753	673	1	0
753	657	5	0
753	89	3	0
753	484	5	0
753	653	4	0
755	302	4	0
755	299	2	0
756	89	4	0
756	642	2	0
757	89	4	0
758	656	5	0
758	653	3	0
758	657	5	0
758	484	5	0
758	654	4	0
758	488	3	0
758	489	5	0
758	302	5	0
762	302	5	0
764	89	4	0
764	673	4	0
766	654	4	0
766	89	4	0
766	484	4	0
767	657	4	0
770	302	2	0
772	302	5	0
773	89	4	0
774	525	2	0
774	673	2	0
774	654	2	0
774	89	2	0
775	302	3	0
776	89	5	0
776	657	3	0
776	848	2	0
776	656	5	0
776	525	2	0
780	657	3	0
781	302	5	0
782	691	3	0
782	302	3	0
782	299	3	0
783	299	5	0
784	302	5	0
784	299	3	0
786	484	4	0
786	89	4	0
787	691	4	0
787	302	3	0
788	823	3	0
788	89	5	0
788	657	4	0
788	302	4	0
790	89	4	0
791	302	4	0
791	299	2	0
793	823	3	0
795	89	4	0
796	484	5	0
796	488	2	0
796	525	4	0
796	611	4	0
796	89	5	0
799	484	3	0
799	654	5	0
801	302	4	0
801	299	2	0
802	302	4	0
802	484	3	0
802	299	4	0
802	657	4	0
804	642	3	0
804	654	3	0
804	657	4	0
804	89	4	0
805	642	4	0
805	89	4	0
805	525	4	0
806	89	5	0
806	302	4	0
806	484	4	0
806	654	5	0
807	89	4	0
807	657	4	0
807	484	4	0
808	302	5	0
809	302	5	0
809	299	4	0
812	302	3	0
814	656	3	0
815	484	4	0
815	89	4	0
818	302	5	0
819	302	5	0
820	302	5	0
821	484	5	0
823	642	4	0
823	89	5	0
823	770	4	0
823	654	5	0
825	823	4	0
826	89	5	0
827	302	4	0
828	302	4	0
830	484	5	0
830	89	5	0
833	89	5	0
833	673	4	0
833	653	4	0
833	488	5	0
833	654	5	0
833	656	4	0
833	302	3	0
833	642	3	0
833	657	4	0
835	488	5	0
835	654	5	0
835	484	4	0
835	673	4	0
836	89	4	0
836	302	5	0
836	654	5	0
836	611	5	0
836	657	5	0
838	302	4	0
840	642	4	0
840	654	4	0
840	525	5	0
840	656	4	0
840	484	5	0
840	657	5	0
840	89	5	0
840	611	4	0
840	653	5	0
840	489	3	0
841	302	5	0
842	302	5	0
843	89	5	0
843	657	3	0
843	654	2	0
844	89	3	0
845	302	3	0
846	89	5	0
846	302	5	0
846	489	4	0
846	525	4	0
846	642	5	0
846	484	5	0
846	657	5	0
846	673	4	0
846	654	5	0
846	488	5	0
846	770	5	0
847	89	2	0
848	89	5	0
848	484	5	0
848	654	5	0
848	642	5	0
848	489	5	0
851	823	3	0
851	299	4	0
851	302	5	0
853	299	4	0
853	302	4	0
854	484	3	0
854	89	4	0
854	302	3	0
854	488	4	0
854	823	2	0
860	302	4	0
862	484	4	0
862	89	5	0
862	657	5	0
862	823	4	0
863	1313	1	0
863	691	3	0
863	299	2	0
863	302	4	0
864	770	3	0
864	673	3	0
864	642	3	0
865	302	5	0
866	302	2	0
867	657	5	0
867	89	5	0
868	89	4	0
870	770	4	0
870	653	4	0
870	657	5	0
870	673	5	0
870	302	4	0
870	654	4	0
870	89	3	0
870	642	4	0
870	489	4	0
871	302	5	0
874	302	5	0
874	654	5	0
875	654	4	0
875	1422	3	0
875	302	5	0
877	302	2	0
878	642	3	0
880	299	4	0
880	770	4	0
880	823	3	0
880	302	5	0
880	657	4	0
881	89	4	0
881	642	4	0
881	654	4	0
881	484	4	0
882	89	5	0
883	770	4	0
883	302	5	0
883	656	5	0
883	89	5	0
886	657	5	0
886	89	4	0
887	673	5	0
889	488	2	0
889	642	3	0
889	302	4	0
889	89	4	0
889	657	4	0
889	484	4	0
889	654	3	0
890	654	5	0
890	484	3	0
890	489	4	0
890	657	5	0
890	89	4	0
892	89	5	0
892	484	5	0
892	525	5	0
894	1313	3	0
894	691	3	0
894	302	4	0
894	299	3	0
896	489	5	0
896	654	3	0
896	299	1	0
896	302	2	0
896	642	2	0
896	770	5	0
896	525	5	0
896	484	4	0
896	89	5	0
897	484	3	0
897	89	4	0
897	673	5	0
898	302	4	0
899	89	4	0
900	654	2	0
901	89	3	0
902	302	3	0
903	642	4	0
903	302	4	0
903	89	4	0
905	302	5	0
906	823	3	0
908	654	3	0
908	488	4	0
908	525	4	0
908	657	4	0
908	484	4	0
911	484	3	0
911	89	4	0
912	654	3	0
912	653	3	0
912	611	3	0
913	657	5	0
913	656	3	0
913	302	4	0
913	89	5	0
915	691	4	0
915	302	4	0
916	642	3	0
916	89	5	0
916	484	4	0
918	656	4	0
918	89	5	0
918	488	3	0
919	302	4	0
920	302	4	0
920	299	2	0
921	484	3	0
922	89	5	0
923	823	4	0
925	299	3	0
926	302	4	0
929	654	3	0
929	89	5	0
929	484	3	0
931	302	4	0
932	611	5	0
932	525	5	0
932	89	5	0
932	489	4	0
932	654	5	0
932	657	5	0
932	484	5	0
932	488	5	0
933	654	4	0
933	823	2	0
933	89	4	0
934	488	5	0
934	302	4	0
934	89	5	0
934	657	3	0
938	823	4	0
940	657	4	0
940	89	4	0
940	302	4	0
942	484	5	0
