1	95	4	0
1	102	2	0
1	71	3	0
1	99	3	0
1	101	2	0
1	240	3	0
1	103	1	0
1	1	5	0
1	206	4	0
1	114	5	0
1	169	5	0
1	189	3	0
2	1	4	0
5	189	5	0
5	420	3	0
5	102	3	0
5	422	4	0
5	1	4	0
5	169	5	0
5	418	3	0
5	432	4	0
5	408	5	0
5	426	3	0
5	95	4	0
5	101	5	0
5	404	2	0
5	99	3	0
6	538	2	0
6	408	4	0
6	71	4	0
6	169	4	0
6	501	5	0
6	95	2	0
6	432	4	0
6	1	4	0
6	189	3	0
6	473	2	0
7	99	5	0
7	624	4	0
7	432	4	0
7	71	5	0
7	101	5	0
7	404	5	0
7	420	5	0
7	588	4	0
7	501	5	0
7	596	5	0
7	542	4	0
7	418	4	0
7	625	3	0
10	1	4	0
10	418	4	0
10	420	4	0
10	99	5	0
10	588	4	0
10	432	4	0
10	404	4	0
12	71	4	0
13	71	4	0
13	404	5	0
13	820	4	0
13	95	5	0
13	538	1	0
13	588	4	0
13	501	5	0
13	99	4	0
13	420	4	0
13	624	5	0
13	432	4	0
13	596	3	0
13	473	4	0
13	418	2	0
13	1	3	0
13	625	2	0
14	596	3	0
14	240	5	0
14	408	5	0
14	473	5	0
14	820	3	0
14	588	4	0
15	473	1	0
15	1	1	0
16	71	5	0
16	1	5	0
16	95	5	0
16	418	5	0
16	99	5	0
16	946	5	0
16	404	5	0
16	240	4	0
17	1	4	0
18	99	5	0
18	1	5	0
18	418	3	0
18	969	3	0
18	408	5	0
18	189	5	0
18	404	4	0
18	432	4	0
18	588	4	0
18	95	4	0
18	169	5	0
18	71	4	0
20	1	3	0
20	820	2	0
20	95	3	0
20	588	4	0
21	408	5	0
21	993	4	0
21	989	3	0
21	820	3	0
21	103	1	0
21	596	3	0
21	1	5	0
21	240	4	0
21	473	3	0
23	432	4	0
23	418	4	0
23	588	4	0
23	71	3	0
23	189	5	0
23	404	4	0
23	95	4	0
23	99	4	0
23	1	5	0
23	408	5	0
23	102	3	0
24	71	5	0
25	408	5	0
25	404	3	0
25	189	5	0
25	432	2	0
25	501	3	0
25	969	3	0
25	114	5	0
25	1	5	0
25	169	5	0
26	240	3	0
26	1	3	0
27	596	2	0
28	588	3	0
28	95	3	0
29	189	4	0
30	538	4	0
32	240	2	0
32	408	3	0
38	95	5	0
38	501	5	0
38	99	5	0
38	71	5	0
38	404	5	0
38	1	5	0
38	432	1	0
38	418	5	0
38	588	5	0
38	420	5	0
41	969	4	0
41	1	4	0
42	103	3	0
42	1	5	0
42	418	5	0
42	432	3	0
42	501	5	0
42	102	5	0
42	71	4	0
42	95	5	0
42	969	5	0
42	99	5	0
42	404	5	0
42	625	3	0
42	588	5	0
43	625	4	0
43	408	5	0
43	473	3	0
43	102	4	0
43	1	5	0
43	418	4	0
43	542	3	0
43	95	4	0
43	596	3	0
43	588	4	0
43	169	5	0
43	432	3	0
43	969	5	0
43	189	5	0
43	114	5	0
43	501	4	0
43	71	4	0
43	946	4	0
43	993	3	0
43	820	2	0
44	71	3	0
44	99	4	0
44	1	4	0
44	95	4	0
44	588	4	0
44	946	3	0
44	625	3	0
44	432	5	0
44	102	2	0
44	240	4	0
44	542	3	0
45	820	4	0
45	993	4	0
45	596	3	0
45	1	5	0
45	473	3	0
46	538	3	0
48	71	3	0
49	418	3	0
49	625	3	0
49	1066	2	0
49	99	4	0
49	404	3	0
49	473	3	0
49	102	2	0
49	1	2	0
49	71	3	0
49	432	5	0
49	240	3	0
49	420	4	0
49	588	4	0
49	95	2	0
49	542	2	0
49	1076	2	0
49	101	3	0
49	1078	1	0
49	820	1	0
49	946	2	0
49	501	3	0
52	473	4	0
52	95	4	0
52	588	4	0
54	240	4	0
54	820	3	0
54	1	4	0
56	501	3	0
56	114	4	0
56	71	4	0
56	189	4	0
56	596	4	0
56	169	4	0
56	993	3	0
56	473	2	0
56	969	3	0
56	408	4	0
56	426	4	0
56	820	3	0
56	432	5	0
56	1	4	0
56	1091	2	0
56	946	4	0
56	95	4	0
56	588	4	0
57	588	4	0
57	240	2	0
57	1	5	0
57	820	3	0
57	473	3	0
58	501	2	0
58	189	3	0
58	169	4	0
58	408	5	0
58	1	5	0
58	240	4	0
59	946	1	0
59	102	2	0
59	169	4	0
59	99	4	0
59	1	2	0
59	71	3	0
59	588	2	0
59	95	2	0
59	240	2	0
59	625	3	0
59	101	5	0
59	969	3	0
59	473	3	0
59	404	3	0
59	432	4	0
59	418	2	0
59	501	1	0
60	501	3	0
60	420	4	0
60	404	3	0
60	95	4	0
60	418	3	0
60	71	3	0
62	71	4	0
62	114	4	0
62	473	4	0
62	1	2	0
62	1091	3	0
63	1	3	0
63	993	2	0
63	408	4	0
63	473	2	0
63	596	2	0
64	240	1	0
64	969	3	0
64	95	4	0
64	71	3	0
64	625	3	0
64	1	4	0
64	420	3	0
64	588	4	0
64	101	2	0
65	1	3	0
66	1	3	0
67	1	3	0
67	240	5	0
68	596	2	0
69	240	3	0
70	404	4	0
70	99	4	0
70	101	3	0
70	588	5	0
70	538	2	0
70	625	3	0
70	189	4	0
70	432	3	0
70	473	3	0
70	820	1	0
70	1	4	0
70	95	4	0
70	206	3	0
70	596	3	0
70	169	4	0
70	542	2	0
70	71	3	0
70	418	3	0
70	946	3	0
70	993	3	0
70	501	4	0
70	408	4	0
72	1	4	0
73	1	2	0
73	206	3	0
73	588	2	0
75	408	4	0
75	473	3	0
75	1	4	0
75	820	3	0
75	240	1	0
75	114	4	0
77	1	5	0
79	1	4	0
81	596	3	0
81	432	2	0
81	1	4	0
81	169	4	0
82	169	4	0
82	588	5	0
82	71	4	0
82	432	4	0
82	473	2	0
82	820	3	0
82	240	1	0
82	103	2	0
82	1078	3	0
82	418	4	0
82	946	2	0
82	1	4	0
82	596	3	0
82	99	4	0
83	993	2	0
83	1	4	0
83	71	3	0
83	240	1	0
83	95	4	0
83	820	2	0
84	1	2	0
84	408	5	0
84	95	4	0
85	404	3	0
85	71	4	0
85	432	4	0
85	99	5	0
85	501	3	0
85	420	4	0
85	95	4	0
85	588	3	0
85	596	3	0
85	418	3	0
89	1	5	0
89	240	4	0
90	501	5	0
91	418	2	0
91	501	2	0
91	99	2	0
92	102	2	0
92	501	2	0
92	596	2	0
92	189	4	0
92	820	1	0
92	101	2	0
92	169	5	0
92	418	3	0
92	432	3	0
92	993	4	0
92	408	4	0
92	1	4	0
92	71	5	0
92	240	2	0
92	95	3	0
93	1	5	0
93	820	3	0
94	99	3	0
94	102	3	0
94	625	4	0
94	420	4	0
94	432	4	0
94	946	3	0
94	624	2	0
94	1219	4	0
94	588	4	0
94	1	4	0
94	969	4	0
94	1091	3	0
94	71	4	0
94	404	4	0
94	993	4	0
94	101	2	0
94	418	3	0
94	501	4	0
94	206	4	0
94	820	1	0
95	404	5	0
95	432	3	0
95	420	4	0
95	588	3	0
95	101	1	0
95	95	3	0
95	542	2	0
95	625	4	0
95	99	4	0
95	473	4	0
95	71	5	0
95	102	4	0
95	1	5	0
95	1091	3	0
95	422	2	0
95	1219	1	0
95	596	2	0
95	946	3	0
96	1	5	0
97	169	5	0
97	1	4	0
97	189	4	0
97	408	5	0
97	432	4	0
99	240	4	0
99	473	4	0
99	1	4	0
101	1	3	0
101	596	3	0
101	820	3	0
102	101	4	0
102	99	2	0
102	625	3	0
102	95	4	0
102	102	3	0
102	418	3	0
102	1076	2	0
102	432	3	0
102	596	2	0
102	1240	2	0
102	588	4	0
102	993	2	0
102	1	3	0
102	501	2	0
106	1	4	0
108	1	4	0
109	542	3	0
109	588	4	0
109	820	3	0
109	1	4	0
109	101	1	0
109	71	4	0
109	95	4	0
115	596	1	0
115	969	1	0
115	240	5	0
116	596	5	0
116	993	2	0
117	596	3	0
117	240	3	0
117	588	3	0
117	1	4	0
119	473	3	0
120	1	4	0
121	1	4	0
123	432	5	0
124	1	3	0
125	95	5	0
125	1	4	0
128	432	2	0
128	418	4	0
128	71	4	0
128	422	4	0
128	404	3	0
128	588	5	0
128	99	4	0
128	501	3	0
128	1	4	0
130	588	4	0
130	71	5	0
130	1	5	0
130	538	5	0
130	240	4	0
130	420	5	0
130	426	4	0
130	501	5	0
130	99	5	0
130	625	5	0
130	596	4	0
130	542	3	0
130	95	5	0
130	206	3	0
130	820	5	0
130	946	4	0
130	993	5	0
130	404	5	0
130	418	5	0
131	1	4	0
134	1	5	0
137	1	3	0
138	1	4	0
141	1	3	0
142	169	5	0
142	408	4	0
142	189	4	0
144	1	4	0
144	588	4	0
145	240	5	0
145	820	2	0
145	1	3	0
145	993	3	0
148	993	4	0
148	473	5	0
148	501	4	0
148	588	4	0
148	114	5	0
148	169	5	0
148	596	5	0
148	418	3	0
148	189	4	0
148	71	5	0
148	408	5	0
148	1	4	0
148	969	4	0
148	432	5	0
150	1	4	0
151	114	5	0
151	969	5	0
151	408	5	0
151	418	3	0
151	473	4	0
151	1	5	0
151	420	5	0
151	189	5	0
151	432	5	0
151	169	5	0
152	71	5	0
152	596	2	0
157	1	5	0
158	408	5	0
158	1	4	0
159	103	1	0
159	588	2	0
160	169	4	0
160	240	4	0
160	1	4	0
160	432	3	0
160	969	1	0
160	408	4	0
161	473	1	0
162	1	4	0
165	169	5	0
165	432	5	0
167	99	4	0
167	240	1	0
167	404	3	0
167	169	1	0
168	473	2	0
168	1	5	0
168	596	4	0
169	538	4	0
174	1091	3	0
174	240	1	0
174	1	3	0
174	99	3	0
175	71	4	0
176	240	4	0
177	1	3	0
178	596	3	0
178	625	3	0
178	71	4	0
178	993	5	0
178	1	4	0
178	95	5	0
178	588	4	0
178	99	4	0
179	538	4	0
181	820	1	0
181	596	4	0
181	473	2	0
181	240	1	0
181	989	1	0
181	1	3	0
181	103	1	0
181	1367	2	0
181	408	1	0
182	1	4	0
182	596	5	0
184	473	4	0
184	95	4	0
184	1	4	0
184	71	4	0
184	588	5	0
184	596	4	0
185	114	4	0
186	596	4	0
186	95	3	0
186	71	5	0
186	588	4	0
186	820	2	0
188	240	1	0
189	588	4	0
189	820	1	0
189	501	4	0
189	473	5	0
189	1	5	0
189	418	3	0
189	99	5	0
189	596	3	0
190	989	3	0
193	1	4	0
193	1078	4	0
194	1091	3	0
194	1066	3	0
194	588	4	0
194	624	2	0
194	432	4	0
194	946	3	0
194	542	3	0
194	1409	2	0
194	1	4	0
194	99	3	0
194	501	3	0
194	71	4	0
194	820	1	0
194	95	3	0
194	404	3	0
194	625	3	0
194	1412	2	0
195	99	3	0
197	538	3	0
198	501	4	0
198	95	3	0
198	820	1	0
198	101	5	0
198	1	4	0
198	71	3	0
199	408	5	0
199	989	1	0
199	473	4	0
199	1	1	0
200	588	5	0
200	103	2	0
200	99	5	0
200	1091	4	0
200	420	5	0
200	596	4	0
200	473	4	0
200	1	5	0
200	169	5	0
200	71	4	0
200	501	4	0
200	432	5	0
200	542	3	0
200	95	5	0
200	1219	3	0
200	820	3	0
201	408	4	0
201	206	2	0
201	1	3	0
201	473	3	0
201	432	3	0
201	99	3	0
201	596	4	0
201	240	3	0
201	71	3	0
201	95	3	0
201	588	4	0
202	1	3	0
203	993	3	0
203	1	3	0
204	1	2	0
207	993	3	0
207	538	2	0
209	1	5	0
209	408	4	0
210	114	4	0
210	99	4	0
210	420	4	0
210	404	5	0
210	501	4	0
210	1	5	0
210	969	4	0
211	596	3	0
213	432	4	0
213	1	2	0
214	169	4	0
214	114	4	0
214	408	4	0
215	432	5	0
215	99	4	0
216	1	4	0
216	408	3	0
216	95	3	0
216	169	3	0
216	189	3	0
219	114	5	0
219	71	1	0
221	240	4	0
221	588	3	0
222	1078	2	0
222	240	2	0
222	95	4	0
222	501	2	0
222	102	2	0
222	101	4	0
222	418	2	0
222	71	4	0
222	1066	1	0
222	432	3	0
222	946	2	0
222	596	3	0
222	99	3	0
222	588	4	0
222	422	2	0
222	426	1	0
222	473	1	0
222	1	4	0
222	542	2	0
223	596	3	0
223	1	4	0
223	993	4	0
223	820	4	0
223	969	5	0
223	71	5	0
223	95	5	0
225	418	5	0
226	408	5	0
226	169	5	0
226	596	3	0
227	240	1	0
230	420	5	0
230	418	5	0
230	240	1	0
230	969	4	0
230	501	3	0
230	95	5	0
230	588	5	0
230	1	5	0
230	432	4	0
230	71	5	0
230	422	3	0
230	99	3	0
231	1	3	0
232	1	4	0
233	95	5	0
233	71	5	0
233	99	3	0
233	501	3	0
233	588	5	0
233	432	3	0
233	418	4	0
234	588	3	0
234	1078	2	0
234	404	4	0
234	596	2	0
234	989	2	0
234	501	4	0
234	71	3	0
234	95	3	0
234	206	4	0
234	625	3	0
234	99	5	0
234	473	5	0
234	432	4	0
234	1	3	0
234	418	3	0
234	102	2	0
235	1	4	0
236	596	4	0
236	432	5	0
236	420	4	0
236	71	3	0
237	169	5	0
237	408	5	0
238	538	4	0
239	432	5	0
239	114	3	0
242	1	4	0
243	1	4	0
244	596	4	0
244	95	4	0
244	240	3	0
244	169	5	0
244	114	4	0
244	71	4	0
244	1	4	0
244	101	5	0
244	946	4	0
245	240	1	0
245	473	2	0
245	596	4	0
246	99	3	0
246	432	3	0
246	240	3	0
246	418	3	0
246	426	3	0
246	420	3	0
246	101	2	0
246	404	3	0
246	596	3	0
246	993	3	0
246	588	4	0
246	1	4	0
246	95	3	0
247	1	4	0
248	114	5	0
248	1	3	0
249	1	4	0
249	169	5	0
249	993	3	0
249	114	5	0
249	408	5	0
249	588	3	0
249	240	4	0
250	588	5	0
250	993	5	0
250	404	4	0
250	71	5	0
250	596	5	0
250	501	5	0
250	969	5	0
250	240	4	0
250	1	4	0
250	418	5	0
250	95	5	0
251	596	3	0
251	1	4	0
251	418	4	0
252	1	5	0
253	95	4	0
253	1	5	0
253	588	5	0
254	1091	3	0
254	624	2	0
254	418	3	0
254	596	4	0
254	240	1	0
254	99	3	0
254	625	3	0
254	501	3	0
254	432	2	0
254	103	2	0
254	1470	2	0
254	102	3	0
254	542	3	0
254	71	3	0
254	588	3	0
254	1	3	0
256	1	5	0
256	473	5	0
256	538	5	0
256	989	5	0
260	538	1	0
261	596	2	0
262	1	3	0
262	473	2	0
262	418	3	0
262	71	4	0
262	432	3	0
262	95	3	0
262	169	3	0
262	596	4	0
262	420	3	0
262	588	4	0
262	625	3	0
262	99	3	0
263	432	2	0
263	95	5	0
263	99	3	0
263	1	5	0
263	588	3	0
264	240	4	0
265	1	5	0
265	240	3	0
267	240	4	0
267	169	5	0
267	189	4	0
267	408	5	0
267	114	5	0
267	206	5	0
267	1240	5	0
268	588	3	0
268	408	5	0
268	71	3	0
268	169	5	0
268	206	3	0
268	1	3	0
268	189	4	0
268	1091	2	0
268	99	3	0
268	432	3	0
268	95	4	0
268	240	2	0
268	946	3	0
268	101	2	0
268	404	4	0
268	114	5	0
269	1091	2	0
269	432	4	0
270	596	5	0
271	169	5	0
271	1	3	0
271	624	2	0
271	95	4	0
271	1091	4	0
271	625	3	0
274	71	4	0
274	1	4	0
274	596	3	0
275	588	3	0
275	418	3	0
275	1091	2	0
275	501	3	0
275	420	2	0
275	1066	3	0
275	71	3	0
275	169	3	0
275	969	2	0
275	99	3	0
275	542	3	0
275	946	3	0
275	1219	2	0
275	432	4	0
275	408	3	0
275	101	4	0
275	1	4	0
275	95	3	0
275	624	3	0
275	473	3	0
275	102	3	0
275	625	2	0
276	189	4	0
276	624	2	0
276	426	3	0
276	1	5	0
276	404	4	0
276	969	4	0
276	420	4	0
276	169	5	0
276	588	4	0
276	473	4	0
276	418	4	0
276	1091	3	0
276	408	5	0
276	71	4	0
276	820	3	0
276	95	5	0
276	99	4	0
276	206	5	0
276	432	5	0
276	240	4	0
276	993	3	0
276	501	4	0
276	1240	4	0
276	101	4	0
277	1	4	0
277	473	2	0
278	538	4	0
279	969	3	0
279	1219	3	0
279	625	3	0
279	114	5	0
279	101	3	0
279	418	3	0
279	624	4	0
279	432	3	0
279	1	3	0
279	501	3	0
279	95	3	0
279	71	3	0
279	408	5	0
279	820	4	0
279	240	4	0
279	189	5	0
279	1240	1	0
279	99	3	0
279	946	3	0
279	169	5	0
280	102	5	0
280	99	2	0
280	404	3	0
280	95	5	0
280	538	5	0
280	946	4	0
280	588	5	0
280	103	3	0
280	420	3	0
280	1066	4	0
280	71	4	0
280	1	4	0
280	542	3	0
281	538	4	0
281	989	2	0
283	588	4	0
283	820	4	0
283	95	5	0
283	625	3	0
283	432	5	0
283	71	4	0
285	538	5	0
286	189	3	0
286	1091	4	0
286	969	5	0
286	101	5	0
286	404	5	0
286	473	3	0
286	169	3	0
286	432	3	0
286	95	5	0
286	588	5	0
286	596	3	0
286	240	3	0
286	946	3	0
286	1	4	0
286	993	2	0
286	99	4	0
286	408	4	0
287	426	3	0
287	240	2	0
287	1	5	0
289	1	3	0
289	473	1	0
290	102	3	0
290	95	4	0
290	625	4	0
290	404	3	0
290	993	4	0
290	432	5	0
290	1091	2	0
290	71	5	0
290	473	1	0
290	418	3	0
290	99	4	0
290	588	4	0
290	1	5	0
290	596	4	0
291	240	4	0
291	420	4	0
291	404	4	0
291	71	4	0
291	820	4	0
291	1219	4	0
291	946	4	0
291	588	4	0
291	1	5	0
291	101	4	0
291	1078	4	0
291	95	4	0
291	99	4	0
291	501	4	0
291	418	4	0
292	169	5	0
292	1	4	0
292	408	4	0
293	404	4	0
293	820	2	0
293	420	4	0
293	432	5	0
293	99	3	0
293	426	1	0
293	71	4	0
293	206	4	0
293	1	2	0
293	588	3	0
293	501	4	0
293	240	2	0
294	240	3	0
294	538	5	0
294	1	5	0
295	946	2	0
295	1	4	0
295	95	4	0
295	420	4	0
295	588	4	0
295	404	4	0
295	624	5	0
295	102	4	0
295	99	4	0
295	71	5	0
296	114	5	0
296	1	5	0
296	240	1	0
297	114	5	0
297	102	1	0
297	95	3	0
297	596	3	0
297	946	2	0
297	588	4	0
297	432	4	0
297	1	3	0
297	625	3	0
298	1	5	0
298	71	5	0
298	596	3	0
298	946	3	0
298	588	4	0
298	432	4	0
298	99	3	0
298	473	3	0
298	625	4	0
298	820	4	0
298	418	4	0
298	993	4	0
299	501	3	0
299	95	3	0
299	538	3	0
299	432	3	0
299	99	3	0
299	169	4	0
299	408	4	0
299	418	4	0
299	820	3	0
299	1	3	0
299	101	2	0
299	71	3	0
299	473	3	0
299	114	4	0
299	588	4	0
299	240	2	0
301	71	4	0
301	1	4	0
301	588	5	0
301	240	4	0
301	420	3	0
301	426	4	0
301	820	3	0
301	501	3	0
301	1091	3	0
301	95	5	0
301	418	3	0
301	404	3	0
301	99	4	0
303	473	4	0
303	501	4	0
303	542	2	0
303	426	3	0
303	1	5	0
303	432	3	0
303	420	4	0
303	99	4	0
303	404	4	0
303	418	4	0
303	993	2	0
303	408	4	0
303	588	5	0
303	596	4	0
303	95	5	0
303	240	3	0
303	820	3	0
303	71	3	0
305	189	5	0
305	1	5	0
305	169	5	0
305	408	5	0
305	71	3	0
307	71	5	0
307	1	5	0
307	408	5	0
307	588	4	0
307	101	3	0
307	189	4	0
307	99	4	0
307	169	5	0
307	114	5	0
308	501	4	0
308	1	4	0
308	588	5	0
308	169	5	0
308	71	4	0
308	99	4	0
308	420	4	0
308	408	5	0
308	95	4	0
308	473	3	0
308	404	3	0
308	432	4	0
309	989	3	0
311	71	4	0
311	99	5	0
311	501	5	0
311	1	4	0
311	946	4	0
311	588	4	0
311	432	4	0
311	418	4	0
311	404	3	0
311	420	1	0
311	101	4	0
312	206	5	0
312	596	5	0
312	408	4	0
312	588	5	0
312	71	4	0
312	189	5	0
312	432	5	0
312	625	3	0
312	114	5	0
312	169	5	0
312	1	5	0
313	1091	2	0
313	71	4	0
313	969	4	0
313	820	2	0
313	538	2	0
313	420	5	0
313	946	3	0
313	588	4	0
313	95	3	0
313	624	4	0
313	404	4	0
313	501	5	0
313	114	4	0
313	1	4	0
313	625	4	0
313	1470	1	0
313	418	3	0
313	473	3	0
313	99	4	0
313	102	3	0
313	542	3	0
313	1066	2	0
313	432	5	0
314	418	5	0
314	542	4	0
314	71	5	0
314	946	5	0
314	588	5	0
314	820	5	0
314	993	5	0
314	1	5	0
314	95	5	0
314	99	4	0
314	501	4	0
316	71	1	0
316	588	1	0
318	501	4	0
318	404	3	0
320	501	3	0
320	71	3	0
320	588	3	0
320	1	3	0
320	240	3	0
320	1091	4	0
320	946	5	0
320	99	4	0
320	95	3	0
320	625	4	0
321	432	5	0
322	1	2	0
323	993	4	0
324	538	4	0
324	1	5	0
325	432	5	0
325	240	1	0
325	408	5	0
325	1	2	0
325	95	2	0
325	114	5	0
325	542	2	0
325	99	5	0
325	71	3	0
326	969	4	0
326	501	3	0
326	588	3	0
326	1	3	0
327	408	2	0
327	418	3	0
327	588	4	0
327	169	2	0
327	95	3	0
327	99	4	0
327	1	4	0
328	432	1	0
328	71	4	0
329	169	4	0
330	993	4	0
330	969	5	0
330	1	5	0
330	71	5	0
330	95	5	0
330	989	5	0
330	501	5	0
330	418	5	0
330	473	4	0
330	422	4	0
330	102	4	0
330	432	4	0
330	99	4	0
330	596	5	0
330	588	5	0
331	1	1	0
332	95	5	0
332	240	4	0
332	1	4	0
332	820	4	0
334	99	4	0
334	169	4	0
334	969	4	0
334	95	3	0
334	408	4	0
334	71	3	0
336	1	3	0
338	169	5	0
338	408	5	0
338	1	3	0
338	189	4	0
339	1	5	0
339	240	4	0
339	101	3	0
339	1240	5	0
339	99	4	0
339	404	4	0
340	95	5	0
340	969	5	0
340	71	5	0
340	418	5	0
340	946	5	0
340	588	5	0
340	1	5	0
342	189	5	0
342	114	5	0
342	95	4	0
342	240	3	0
342	169	5	0
342	408	5	0
343	169	5	0
343	408	5	0
343	1	5	0
343	189	4	0
343	473	3	0
344	588	5	0
344	473	4	0
344	169	5	0
344	71	3	0
344	95	4	0
344	408	5	0
344	1	3	0
345	71	3	0
345	1	3	0
345	473	2	0
345	588	3	0
346	240	1	0
347	418	4	0
347	820	2	0
347	588	3	0
347	1	4	0
347	404	4	0
347	240	5	0
347	95	4	0
347	432	4	0
347	99	3	0
347	501	4	0
348	1	4	0
348	596	4	0
348	240	3	0
348	473	3	0
349	596	2	0
350	1	4	0
351	989	4	0
351	538	4	0
354	169	3	0
354	189	3	0
354	432	3	0
354	473	3	0
357	1	5	0
357	820	4	0
357	473	3	0
358	114	5	0
359	1	4	0
359	408	5	0
360	1	3	0
360	588	3	0
363	169	5	0
363	102	4	0
363	189	5	0
363	71	3	0
363	426	2	0
363	114	5	0
363	206	2	0
363	588	2	0
363	473	4	0
363	1	2	0
363	408	5	0
363	101	1	0
363	946	4	0
363	625	4	0
363	95	3	0
365	1	4	0
365	473	4	0
369	114	5	0
370	114	3	0
371	1	4	0
373	95	5	0
373	169	5	0
373	432	5	0
373	71	5	0
373	1078	3	0
373	99	5	0
373	404	4	0
373	596	3	0
373	206	4	0
373	114	5	0
373	420	4	0
373	418	5	0
373	189	5	0
373	946	5	0
373	102	5	0
373	625	4	0
373	1066	4	0
373	588	3	0
374	1	4	0
374	71	5	0
374	820	4	0
374	240	1	0
374	95	4	0
378	501	4	0
378	95	4	0
378	420	4	0
378	542	4	0
378	418	3	0
378	1	4	0
378	588	5	0
378	596	5	0
378	99	4	0
378	1091	2	0
378	432	4	0
378	969	4	0
378	473	3	0
378	71	4	0
378	404	4	0
379	1219	2	0
379	1	4	0
380	71	4	0
380	1	4	0
380	95	4	0
380	114	3	0
381	432	5	0
381	102	2	0
381	588	3	0
381	95	4	0
381	418	3	0
381	99	5	0
381	501	4	0
381	596	3	0
381	473	5	0
381	1	5	0
384	989	4	0
385	169	5	0
385	473	3	0
385	1066	4	0
385	1367	5	0
385	114	5	0
385	240	4	0
385	99	2	0
385	408	5	0
385	189	5	0
387	1091	1	0
387	432	4	0
387	99	5	0
387	588	3	0
387	206	4	0
387	418	3	0
387	1078	1	0
387	71	2	0
387	189	5	0
387	169	5	0
387	625	2	0
387	101	4	0
387	114	5	0
387	501	4	0
387	95	2	0
387	1	4	0
387	408	4	0
387	102	3	0
387	473	4	0
387	969	3	0
387	1240	5	0
388	1	5	0
388	596	4	0
389	404	5	0
389	820	3	0
389	946	3	0
389	95	3	0
389	501	5	0
389	99	5	0
389	969	4	0
389	71	4	0
389	418	4	0
389	588	5	0
389	1	4	0
389	420	3	0
389	240	3	0
390	989	5	0
390	1	5	0
391	71	3	0
392	169	4	0
392	189	4	0
392	99	5	0
392	538	2	0
392	114	4	0
393	1076	3	0
393	588	4	0
393	1	3	0
393	1409	4	0
393	596	4	0
393	189	4	0
393	418	3	0
393	206	3	0
393	1219	4	0
393	538	3	0
393	71	3	0
393	820	3	0
393	1091	2	0
393	420	3	0
393	95	4	0
393	473	3	0
393	169	3	0
393	625	4	0
393	99	3	0
393	240	2	0
393	404	3	0
393	501	3	0
394	101	4	0
394	418	4	0
394	1	4	0
395	596	2	0
395	1	5	0
395	240	1	0
396	1	4	0
397	588	4	0
397	989	1	0
397	95	4	0
398	95	5	0
398	993	3	0
398	969	4	0
398	71	5	0
398	432	3	0
398	588	4	0
398	501	3	0
398	1	5	0
399	542	3	0
399	102	3	0
399	99	3	0
399	501	2	0
399	946	3	0
399	588	5	0
399	71	3	0
399	418	3	0
399	404	3	0
399	420	3	0
399	95	3	0
399	426	3	0
399	1219	3	0
399	820	4	0
399	114	4	0
399	1	4	0
399	969	3	0
399	432	3	0
401	588	2	0
401	71	2	0
401	1	2	0
401	404	2	0
401	501	2	0
401	473	1	0
401	99	4	0
402	408	5	0
402	1	5	0
402	95	5	0
403	1	4	0
403	240	1	0
405	418	5	0
405	1078	1	0
405	99	5	0
405	1091	1	0
405	1470	2	0
405	542	1	0
405	588	2	0
405	1219	1	0
405	101	1	0
405	1412	1	0
405	404	4	0
405	1076	2	0
405	969	3	0
405	624	4	0
405	1240	1	0
405	625	3	0
405	420	5	0
405	189	1	0
405	946	2	0
405	1066	1	0
405	169	1	0
405	432	3	0
405	422	1	0
405	206	1	0
405	95	3	0
405	426	1	0
405	1409	1	0
405	71	1	0
405	501	3	0
405	102	1	0
406	240	4	0
406	99	5	0
406	432	5	0
406	420	4	0
406	101	3	0
406	95	4	0
406	624	5	0
406	404	5	0
406	1	4	0
406	501	5	0
406	588	4	0
406	206	1	0
406	596	3	0
406	418	5	0
406	71	3	0
407	169	5	0
407	99	4	0
407	969	4	0
407	189	4	0
407	95	3	0
407	993	4	0
407	418	4	0
407	432	4	0
407	588	4	0
407	1	4	0
407	101	3	0
407	408	4	0
407	71	3	0
409	99	3	0
409	538	3	0
409	404	2	0
409	206	4	0
410	538	3	0
411	1470	3	0
411	1	4	0
412	114	4	0
412	969	3	0
412	169	4	0
412	408	4	0
412	206	2	0
412	1	4	0
415	432	4	0
416	538	4	0
416	432	2	0
416	624	3	0
416	1091	3	0
416	95	3	0
416	420	3	0
416	103	3	0
416	473	2	0
416	404	3	0
416	588	5	0
416	99	4	0
416	542	1	0
416	501	5	0
416	240	1	0
416	71	4	0
416	625	5	0
416	1	5	0
416	418	4	0
417	625	4	0
417	102	3	0
417	993	3	0
417	588	3	0
417	422	3	0
417	95	5	0
417	596	3	0
417	1091	3	0
417	99	4	0
417	404	3	0
417	946	4	0
417	473	2	0
417	501	3	0
417	101	3	0
417	169	3	0
417	420	4	0
417	1	4	0
417	418	4	0
417	206	2	0
419	1	4	0
420	408	4	0
422	1	3	0
424	1	1	0
424	538	5	0
424	989	2	0
424	969	1	0
425	1	2	0
425	538	2	0
426	404	3	0
426	99	4	0
426	432	3	0
426	418	3	0
427	989	5	0
428	538	4	0
429	1	3	0
429	820	3	0
429	101	4	0
429	99	3	0
429	418	3	0
429	114	5	0
429	1076	2	0
429	432	4	0
429	625	3	0
429	473	3	0
429	71	3	0
429	404	4	0
429	596	3	0
429	95	3	0
430	101	2	0
430	1240	3	0
431	538	4	0
432	1	2	0
433	95	3	0
434	1	4	0
435	101	3	0
435	596	4	0
435	169	5	0
435	542	1	0
435	1	5	0
435	71	3	0
435	420	4	0
435	501	3	0
435	473	3	0
435	432	3	0
435	240	3	0
435	404	2	0
435	946	2	0
435	1240	4	0
435	588	4	0
435	95	3	0
435	625	2	0
435	820	1	0
435	206	5	0
436	99	3	0
436	102	4	0
436	95	4	0
437	501	4	0
437	420	3	0
437	946	3	0
437	1091	3	0
437	418	3	0
437	189	2	0
437	71	3	0
437	969	4	0
437	404	5	0
437	99	4	0
437	473	5	0
437	588	3	0
437	95	4	0
437	101	3	0
437	432	3	0
438	1	4	0
439	240	3	0
441	1	5	0
441	538	3	0
442	240	2	0
445	408	3	0
445	1	3	0
447	206	4	0
447	1	3	0
449	1367	4	0
449	473	3	0
450	1091	4	0
450	432	4	0
450	422	3	0
450	169	5	0
450	71	3	0
450	969	4	0
450	99	4	0
450	102	4	0
450	501	4	0
450	114	5	0
450	588	4	0
450	101	5	0
450	95	3	0
450	1	4	0
450	418	4	0
451	989	1	0
452	624	2	0
452	969	2	0
452	501	3	0
452	432	2	0
452	420	3	0
452	418	4	0
452	102	2	0
452	404	4	0
452	99	3	0
452	588	3	0
452	71	3	0
452	625	3	0
453	99	3	0
454	588	3	0
454	99	3	0
454	404	3	0
454	1	3	0
454	71	3	0
454	418	3	0
454	114	3	0
454	169	4	0
454	95	2	0
455	71	3	0
455	1	4	0
455	95	4	0
456	101	3	0
456	1240	3	0
456	1	2	0
456	432	4	0
456	588	3	0
456	95	4	0
456	99	3	0
456	71	3	0
457	169	5	0
457	114	5	0
457	1	4	0
457	240	3	0
457	473	4	0
457	588	5	0
458	473	4	0
458	169	5	0
458	408	5	0
458	588	5	0
458	596	4	0
458	1	4	0
458	99	4	0
458	969	4	0
458	189	4	0
459	993	3	0
459	1	4	0
459	596	3	0
459	969	3	0
459	989	5	0
459	473	4	0
460	1	2	0
463	103	1	0
463	1	1	0
463	473	4	0
463	993	2	0
463	596	3	0
465	408	5	0
465	169	4	0
465	588	4	0
465	114	4	0
465	404	2	0
465	1078	2	0
465	1	4	0
466	95	2	0
467	240	3	0
467	1	4	0
468	432	5	0
468	95	4	0
468	1	5	0
468	71	5	0
470	1	3	0
471	420	1	0
471	102	5	0
471	946	2	0
471	404	2	0
471	422	5	0
471	432	1	0
471	71	3	0
471	95	4	0
471	969	2	0
471	501	3	0
471	596	1	0
471	99	2	0
471	588	1	0
471	1	4	0
471	418	3	0
471	1219	4	0
472	1091	4	0
472	588	3	0
472	240	4	0
472	404	3	0
472	420	3	0
472	418	3	0
472	101	5	0
472	625	4	0
472	501	3	0
472	1	5	0
472	432	5	0
472	95	3	0
472	99	3	0
472	426	4	0
472	946	2	0
472	473	4	0
472	71	2	0
474	71	5	0
474	99	4	0
474	418	3	0
478	1	4	0
478	71	3	0
478	946	2	0
479	588	1	0
479	1	5	0
479	189	2	0
479	95	4	0
479	169	5	0
479	408	5	0
479	101	4	0
479	71	1	0
479	422	3	0
480	114	4	0
480	169	5	0
481	596	4	0
483	1	4	0
483	432	3	0
483	538	2	0
483	473	3	0
483	101	2	0
483	99	3	0
484	625	4	0
484	1	5	0
484	95	4	0
484	71	2	0
484	422	3	0
484	588	5	0
485	538	3	0
486	408	3	0
486	473	3	0
486	1	4	0
487	206	4	0
487	501	4	0
487	820	3	0
487	95	4	0
487	99	4	0
487	404	4	0
487	1	5	0
487	432	3	0
487	588	5	0
487	71	3	0
487	596	5	0
487	426	3	0
488	1	3	0
488	418	3	0
488	71	3	0
489	989	3	0
489	538	4	0
490	473	2	0
490	596	1	0
490	1	3	0
490	993	1	0
491	408	5	0
493	71	5	0
493	404	4	0
493	1	3	0
493	95	5	0
494	1	3	0
495	101	5	0
495	969	4	0
495	404	4	0
495	95	3	0
495	240	4	0
495	418	4	0
495	501	3	0
495	1091	4	0
495	432	5	0
495	1	4	0
495	71	5	0
496	1091	1	0
496	432	4	0
496	420	3	0
496	625	4	0
496	426	3	0
496	418	3	0
496	99	3	0
496	206	4	0
497	625	3	0
497	408	4	0
497	501	2	0
497	946	4	0
497	1	4	0
497	95	4	0
497	169	4	0
497	588	4	0
497	114	4	0
497	432	3	0
497	101	4	0
497	420	3	0
497	240	4	0
497	99	3	0
497	1240	5	0
497	418	3	0
497	189	4	0
497	71	4	0
498	538	1	0
499	588	4	0
499	624	2	0
500	1	4	0
503	432	5	0
503	1	5	0
504	418	3	0
504	969	4	0
504	420	3	0
504	102	3	0
504	240	1	0
504	71	5	0
504	404	4	0
504	99	3	0
505	99	4	0
505	501	2	0
505	989	1	0
505	588	5	0
505	1	3	0
505	95	4	0
505	102	1	0
505	422	3	0
505	1409	3	0
505	71	4	0
506	538	3	0
506	71	5	0
506	542	3	0
506	95	5	0
506	432	4	0
506	404	5	0
506	418	4	0
506	1219	2	0
507	538	4	0
508	1	5	0
508	101	5	0
512	1	4	0
514	114	5	0
514	432	4	0
514	169	5	0
514	1	5	0
514	408	5	0
514	95	4	0
514	189	5	0
514	473	3	0
515	538	3	0
516	169	5	0
517	1	3	0
517	538	4	0
518	1	4	0
518	820	2	0
518	240	1	0
520	240	1	0
521	206	5	0
521	95	3	0
521	1	2	0
521	625	3	0
521	240	3	0
521	99	3	0
521	1240	3	0
523	1	5	0
523	169	5	0
523	114	5	0
523	189	5	0
523	408	5	0
523	432	5	0
523	95	4	0
524	71	3	0
524	501	2	0
524	95	3	0
524	432	1	0
524	418	1	0
525	596	4	0
525	1	4	0
526	1	5	0
526	408	5	0
527	588	4	0
527	169	4	0
527	99	3	0
528	588	2	0
528	422	2	0
532	538	4	0
532	99	5	0
532	1240	2	0
532	240	3	0
532	501	5	0
532	404	5	0
532	588	5	0
532	1	5	0
532	1470	5	0
532	95	5	0
532	420	4	0
532	946	5	0
532	426	5	0
533	596	2	0
533	169	4	0
533	408	4	0
533	71	4	0
533	820	2	0
533	103	3	0
533	1	4	0
533	240	1	0
534	1	5	0
534	240	5	0
534	820	3	0
535	71	4	0
535	1	3	0
536	432	4	0
536	408	5	0
536	993	3	0
536	169	5	0
536	71	5	0
536	596	3	0
536	588	3	0
536	404	4	0
536	542	1	0
536	95	5	0
536	189	5	0
536	1	5	0
536	501	3	0
537	501	3	0
537	625	3	0
537	1	2	0
537	99	2	0
537	588	1	0
537	206	1	0
537	101	2	0
537	404	3	0
537	102	1	0
537	95	1	0
537	426	1	0
538	240	2	0
540	1	3	0
540	596	4	0
540	473	3	0
540	240	3	0
540	820	3	0
541	596	4	0
541	993	4	0
541	625	4	0
541	542	1	0
541	1091	3	0
541	1412	1	0
541	588	4	0
541	99	4	0
541	102	4	0
541	1	4	0
541	404	4	0
541	95	4	0
541	1409	4	0
541	946	5	0
541	1078	4	0
541	71	5	0
541	418	5	0
541	501	4	0
541	420	4	0
541	432	4	0
542	432	5	0
542	99	5	0
542	240	3	0
542	625	3	0
542	588	4	0
542	418	4	0
542	95	3	0
542	71	3	0
542	1	4	0
542	420	3	0
542	501	4	0
542	206	2	0
543	169	4	0
543	95	3	0
543	432	4	0
543	102	4	0
543	71	4	0
543	114	4	0
545	542	2	0
545	101	4	0
545	404	4	0
545	99	4	0
545	820	3	0
545	1	5	0
545	95	4	0
545	588	4	0
545	1091	3	0
545	71	5	0
545	426	3	0
545	993	2	0
548	1	4	0
549	1	5	0
550	538	5	0
550	993	4	0
550	596	2	0
550	1	3	0
551	95	5	0
551	240	3	0
551	71	4	0
551	596	5	0
552	240	2	0
552	1	3	0
553	99	5	0
553	1	3	0
554	596	3	0
554	71	4	0
554	1	3	0
554	432	4	0
554	820	2	0
554	95	4	0
554	542	3	0
555	169	5	0
560	1	4	0
560	240	3	0
561	501	3	0
561	71	2	0
561	99	3	0
561	426	1	0
561	1	2	0
561	95	2	0
561	946	3	0
561	473	3	0
561	206	3	0
561	432	5	0
561	588	2	0
561	596	2	0
561	542	1	0
561	240	1	0
562	501	5	0
562	1	2	0
562	114	1	0
562	418	5	0
562	432	5	0
566	240	3	0
566	95	2	0
566	71	2	0
567	1	3	0
569	1	4	0
569	473	4	0
571	114	4	0
576	1	4	0
577	102	4	0
577	99	3	0
577	1219	3	0
577	240	3	0
577	71	5	0
577	1	5	0
577	588	4	0
577	95	5	0
579	408	3	0
579	169	4	0
579	1	4	0
580	1	3	0
581	1367	5	0
582	1	4	0
582	240	4	0
582	473	3	0
584	114	4	0
586	240	3	0
586	820	4	0
587	989	2	0
588	1091	4	0
588	71	4	0
588	95	4	0
588	99	5	0
588	404	3	0
588	1219	2	0
588	432	4	0
588	1	4	0
588	1078	4	0
588	969	5	0
588	206	4	0
588	588	4	0
588	1240	5	0
588	625	3	0
588	542	3	0
589	538	5	0
592	418	4	0
592	408	5	0
592	189	5	0
592	820	3	0
592	432	1	0
592	169	5	0
592	71	4	0
592	1	4	0
592	501	4	0
592	95	4	0
592	99	5	0
592	969	4	0
593	501	2	0
593	71	4	0
593	1	3	0
595	820	2	0
595	240	3	0
597	1	3	0
598	538	4	0
599	1	4	0
601	588	3	0
601	820	1	0
601	418	2	0
601	71	1	0
601	99	3	0
601	473	3	0
602	1	4	0
602	538	4	0
603	1240	5	0
605	408	5	0
605	1	4	0
606	99	4	0
606	969	5	0
606	404	4	0
606	993	5	0
606	473	4	0
606	103	3	0
606	588	5	0
606	206	4	0
606	1	5	0
606	596	4	0
606	71	5	0
606	432	5	0
606	501	4	0
606	95	4	0
606	418	5	0
608	969	5	0
608	418	1	0
609	1	1	0
609	538	1	0
609	408	5	0
610	1	4	0
610	71	4	0
610	95	2	0
612	1	4	0
613	1	4	0
614	1	5	0
618	95	3	0
618	1	4	0
618	969	3	0
618	418	3	0
618	625	4	0
618	596	4	0
618	71	4	0
618	404	5	0
618	99	3	0
618	420	3	0
618	588	4	0
618	432	5	0
618	1066	3	0
618	501	4	0
620	71	5	0
620	240	5	0
620	404	4	0
620	625	3	0
620	418	3	0
620	946	4	0
620	501	4	0
620	1066	5	0
620	993	5	0
620	588	5	0
620	969	4	0
620	99	3	0
620	1	5	0
620	422	1	0
620	420	3	0
620	101	2	0
620	596	2	0
620	95	4	0
620	1219	3	0
620	820	4	0
620	1091	4	0
620	432	4	0
621	1	3	0
621	624	5	0
621	404	3	0
621	542	2	0
621	588	3	0
621	420	4	0
621	625	4	0
621	501	3	0
621	95	4	0
621	71	3	0
621	432	4	0
621	240	4	0
621	418	3	0
622	101	5	0
622	169	5	0
622	542	2	0
622	240	3	0
622	95	4	0
622	206	1	0
622	588	4	0
622	501	3	0
622	418	3	0
622	404	3	0
622	408	5	0
622	1078	3	0
622	993	4	0
622	432	5	0
622	1	3	0
622	99	4	0
622	625	3	0
624	1	4	0
624	993	4	0
624	240	2	0
624	473	3	0
625	95	3	0
625	408	4	0
625	169	5	0
625	588	4	0
630	71	3	0
630	1	4	0
630	240	3	0
630	820	4	0
632	404	5	0
632	432	3	0
632	95	5	0
632	588	2	0
632	71	4	0
632	99	5	0
632	1	3	0
633	71	3	0
634	596	3	0
634	473	2	0
634	408	3	0
634	1	3	0
634	240	3	0
635	1	4	0
636	1	3	0
636	596	5	0
637	1	4	0
637	408	5	0
637	596	2	0
640	169	5	0
640	189	5	0
641	969	4	0
641	432	5	0
642	588	5	0
642	1076	2	0
642	501	2	0
642	95	5	0
642	473	1	0
642	1	5	0
642	596	5	0
642	422	3	0
642	1091	4	0
642	1219	4	0
642	420	4	0
642	99	2	0
642	969	2	0
642	625	3	0
642	432	2	0
642	993	4	0
642	1078	5	0
642	946	2	0
642	71	5	0
642	1066	3	0
642	542	5	0
642	418	5	0
642	240	3	0
642	624	3	0
642	102	5	0
642	404	3	0
643	99	4	0
643	501	4	0
643	820	3	0
643	418	4	0
643	169	4	0
643	114	4	0
643	189	4	0
643	432	5	0
643	408	4	0
643	240	5	0
643	1	5	0
643	969	4	0
643	404	4	0
643	420	4	0
647	588	4	0
647	71	4	0
647	993	4	0
648	240	2	0
648	596	3	0
648	820	2	0
648	473	3	0
648	432	5	0
648	169	5	0
648	103	1	0
648	95	3	0
648	71	3	0
648	1	5	0
649	1	5	0
650	501	3	0
650	420	3	0
650	95	3	0
650	969	3	0
650	99	4	0
650	432	4	0
650	404	3	0
650	206	4	0
650	588	3	0
650	71	3	0
650	1	3	0
650	625	3	0
652	538	4	0
653	1	4	0
653	101	3	0
654	169	5	0
654	473	2	0
654	1	4	0
654	71	3	0
654	189	4	0
654	418	4	0
654	114	5	0
654	969	5	0
654	408	5	0
654	95	4	0
654	596	3	0
654	588	4	0
655	240	3	0
655	1	2	0
657	1	3	0
658	1	4	0
658	169	5	0
658	408	5	0
660	625	3	0
660	99	2	0
660	473	2	0
660	432	4	0
660	1	3	0
660	71	2	0
660	1078	2	0
660	101	3	0
660	95	2	0
660	946	2	0
660	542	2	0
660	1240	3	0
660	404	2	0
661	169	5	0
661	538	3	0
661	1	5	0
661	501	4	0
661	408	5	0
661	189	4	0
661	95	5	0
661	71	4	0
661	418	4	0
663	240	3	0
663	588	4	0
663	473	3	0
663	1	4	0
664	588	3	0
664	71	4	0
664	1	4	0
664	408	5	0
664	169	5	0
664	95	4	0
665	418	4	0
665	473	4	0
665	1	4	0
665	588	4	0
665	71	4	0
665	432	4	0
665	538	4	0
665	240	5	0
666	206	4	0
666	114	4	0
666	169	4	0
666	432	3	0
668	993	4	0
668	538	5	0
668	596	3	0
669	169	3	0
669	408	5	0
669	114	5	0
669	1	5	0
670	969	2	0
674	1	4	0
676	114	5	0
676	993	5	0
676	538	4	0
676	169	5	0
676	1	5	0
677	101	5	0
677	1	4	0
677	1240	5	0
677	240	5	0
678	1	5	0
679	1	3	0
679	588	3	0
679	95	3	0
679	169	3	0
679	432	4	0
680	169	5	0
680	1	4	0
680	408	5	0
681	538	3	0
682	820	3	0
682	625	3	0
682	71	5	0
682	946	4	0
682	1091	3	0
682	95	5	0
682	420	3	0
682	1	4	0
682	542	2	0
682	240	4	0
683	588	4	0
684	596	3	0
684	1	4	0
684	408	5	0
684	625	3	0
686	969	5	0
686	542	1	0
686	99	5	0
686	588	4	0
689	1	3	0
689	596	3	0
690	240	1	0
690	1	4	0
690	993	3	0
691	1	5	0
692	1	4	0
693	99	3	0
693	432	4	0
694	432	4	0
694	71	4	0
695	989	3	0
697	596	4	0
697	1	5	0
697	473	5	0
697	820	3	0
697	989	2	0
698	95	3	0
698	1	4	0
698	588	4	0
698	404	1	0
698	625	3	0
699	596	3	0
699	95	3	0
699	989	4	0
699	206	3	0
699	473	3	0
699	1	3	0
699	820	2	0
700	169	3	0
701	1	4	0
702	538	4	0
703	596	3	0
703	993	4	0
703	1	4	0
704	432	5	0
705	99	3	0
705	95	4	0
705	820	3	0
705	588	3	0
705	71	5	0
705	625	5	0
705	1	5	0
706	1	4	0
707	420	3	0
707	473	4	0
708	538	2	0
708	993	4	0
708	1	5	0
708	473	1	0
708	596	4	0
709	1	4	0
710	418	3	0
710	99	4	0
710	501	3	0
710	432	5	0
710	95	3	0
710	1	4	0
710	420	4	0
711	432	4	0
711	408	5	0
711	542	1	0
711	169	5	0
711	71	3	0
711	95	4	0
711	240	1	0
711	99	3	0
711	420	5	0
711	588	4	0
711	114	5	0
711	189	5	0
711	404	3	0
711	969	5	0
712	432	4	0
712	542	4	0
712	588	4	0
712	418	3	0
712	501	3	0
712	95	4	0
712	1091	3	0
712	102	4	0
712	71	5	0
712	99	4	0
712	969	4	0
712	404	3	0
712	946	4	0
712	420	3	0
712	625	3	0
714	1	3	0
715	206	4	0
715	71	3	0
715	588	4	0
715	426	5	0
715	101	3	0
715	1	5	0
715	95	4	0
716	1	5	0
716	418	4	0
716	946	2	0
716	420	4	0
716	404	4	0
716	432	5	0
716	99	5	0
716	95	4	0
716	473	4	0
716	588	4	0
716	501	5	0
716	102	2	0
716	969	4	0
717	240	2	0
718	820	2	0
718	240	1	0
719	71	3	0
719	240	1	0
721	1	5	0
721	989	3	0
723	189	3	0
723	169	4	0
723	1	3	0
724	538	2	0
724	989	1	0
726	1	4	0
727	542	2	0
727	71	3	0
727	596	4	0
727	114	5	0
727	95	4	0
727	408	4	0
727	101	2	0
727	169	5	0
727	1076	2	0
727	432	2	0
727	820	2	0
727	993	4	0
727	1	3	0
727	588	4	0
727	206	3	0
727	538	3	0
727	240	3	0
730	1	4	0
731	588	3	0
731	95	3	0
731	1	2	0
733	1	2	0
733	820	2	0
734	95	4	0
734	99	4	0
735	1	4	0
736	993	4	0
737	501	1	0
737	169	4	0
738	189	4	0
738	969	4	0
738	408	5	0
738	169	5	0
738	418	3	0
738	95	4	0
738	1	5	0
738	71	3	0
738	240	3	0
738	206	3	0
739	969	1	0
741	95	2	0
742	1	4	0
743	408	4	0
744	1	4	0
745	169	4	0
745	1	2	0
746	1	4	0
747	408	5	0
747	1	5	0
747	596	5	0
747	99	5	0
747	501	5	0
747	95	3	0
747	625	3	0
747	189	4	0
747	418	5	0
747	989	3	0
747	169	5	0
747	432	5	0
747	404	5	0
747	71	5	0
747	473	3	0
747	588	5	0
748	71	3	0
748	189	4	0
748	169	4	0
748	114	4	0
748	408	5	0
748	588	4	0
748	1	4	0
749	1	4	0
749	418	5	0
749	625	3	0
749	404	5	0
749	95	3	0
749	101	4	0
749	99	5	0
749	420	4	0
749	240	1	0
749	969	4	0
749	71	4	0
749	501	4	0
751	596	4	0
751	1	3	0
751	1078	3	0
751	432	4	0
751	101	4	0
751	538	4	0
751	99	4	0
751	418	5	0
751	588	5	0
751	95	5	0
753	71	5	0
755	538	4	0
756	1240	4	0
756	99	3	0
756	71	3	0
756	501	3	0
756	404	3	0
756	95	3	0
756	432	4	0
756	418	3	0
756	588	4	0
756	473	3	0
756	1	4	0
756	420	4	0
757	71	4	0
757	95	4	0
757	969	3	0
757	1	4	0
757	1240	3	0
757	432	3	0
757	101	4	0
757	588	3	0
757	426	3	0
757	206	4	0
758	542	2	0
758	820	4	0
758	95	3	0
758	99	3	0
758	240	3	0
758	420	3	0
759	1	5	0
760	71	4	0
761	1	1	0
761	426	1	0
763	99	4	0
763	1	4	0
763	588	4	0
763	625	4	0
763	432	5	0
763	418	4	0
764	95	5	0
764	99	4	0
764	588	5	0
764	946	4	0
764	71	5	0
764	432	5	0
764	418	4	0
764	596	3	0
764	820	3	0
764	1	4	0
766	99	3	0
766	95	3	0
766	71	3	0
766	432	3	0
766	588	3	0
767	432	5	0
767	1	5	0
768	1	5	0
769	1	4	0
769	473	3	0
770	596	4	0
770	473	5	0
770	240	2	0
770	1	5	0
771	114	4	0
771	1	5	0
771	588	5	0
771	596	4	0
771	408	5	0
771	542	4	0
771	993	4	0
771	95	4	0
771	169	5	0
771	71	5	0
771	189	5	0
773	189	5	0
773	1	3	0
773	588	1	0
773	408	5	0
773	169	5	0
773	1240	3	0
773	1367	5	0
773	432	4	0
773	240	2	0
774	189	2	0
774	1091	1	0
774	501	1	0
774	240	1	0
774	418	2	0
774	101	2	0
776	432	1	0
776	1219	3	0
776	588	4	0
776	422	2	0
776	95	4	0
777	1	4	0
779	596	4	0
779	1	4	0
779	95	5	0
779	71	4	0
782	989	3	0
782	993	3	0
782	538	4	0
785	1	4	0
786	404	4	0
786	102	4	0
786	588	5	0
786	418	4	0
786	1	4	0
786	240	1	0
786	71	5	0
786	95	5	0
786	99	4	0
786	501	4	0
788	1	3	0
788	71	3	0
788	432	1	0
789	1	3	0
790	1	3	0
790	240	3	0
790	1091	1	0
792	596	3	0
792	1	4	0
793	240	4	0
793	1	4	0
794	1	4	0
794	473	4	0
794	420	4	0
795	820	3	0
795	432	3	0
795	189	3	0
795	588	5	0
795	95	4	0
795	169	5	0
795	240	2	0
795	473	2	0
795	1	4	0
796	1076	2	0
796	418	4	0
796	588	5	0
796	71	4	0
796	99	3	0
796	432	2	0
796	542	3	0
796	1	2	0
796	95	4	0
798	946	2	0
798	418	4	0
798	993	3	0
798	71	3	0
798	1076	3	0
798	420	3	0
798	473	2	0
798	95	5	0
798	1	4	0
798	432	4	0
798	588	4	0
798	1066	2	0
800	1	4	0
803	538	4	0
804	240	4	0
804	206	3	0
804	624	2	0
804	820	4	0
804	1	5	0
804	588	4	0
804	625	3	0
804	432	3	0
804	1076	3	0
804	95	2	0
804	993	2	0
804	969	4	0
804	71	4	0
804	473	4	0
804	99	4	0
805	1	4	0
805	101	2	0
805	473	4	0
805	422	4	0
805	432	5	0
805	946	2	0
805	501	5	0
805	418	2	0
805	588	2	0
805	240	3	0
805	102	4	0
805	420	4	0
805	99	2	0
805	625	3	0
805	95	3	0
805	169	4	0
805	1091	2	0
805	71	3	0
806	169	5	0
806	95	5	0
806	240	2	0
806	588	4	0
806	408	5	0
806	1	4	0
807	946	3	0
807	1	4	0
807	432	5	0
807	625	3	0
807	588	5	0
807	95	4	0
807	71	5	0
807	1078	4	0
807	422	4	0
807	820	3	0
807	624	3	0
807	420	3	0
807	542	5	0
807	473	3	0
807	101	4	0
807	1076	3	0
807	206	2	0
807	99	5	0
807	1066	5	0
807	418	4	0
807	102	4	0
807	408	3	0
807	969	4	0
807	404	3	0
807	501	3	0
807	1409	4	0
807	1091	3	0
807	596	4	0
813	538	3	0
815	969	5	0
815	240	2	0
815	95	3	0
815	993	2	0
815	1	5	0
815	71	5	0
815	588	5	0
815	542	4	0
815	102	3	0
815	625	4	0
815	432	5	0
815	114	5	0
815	99	4	0
815	596	5	0
815	404	4	0
815	418	4	0
815	1078	2	0
815	501	3	0
817	1	4	0
820	538	3	0
821	993	4	0
821	71	5	0
821	473	3	0
821	1	5	0
821	95	5	0
822	101	2	0
822	71	4	0
822	169	4	0
822	588	2	0
822	189	4	0
822	1091	1	0
822	206	3	0
822	1240	3	0
822	408	5	0
822	432	3	0
822	95	4	0
822	1	4	0
823	418	4	0
823	588	3	0
823	404	4	0
823	625	4	0
823	473	3	0
823	426	4	0
823	95	4	0
823	408	5	0
823	240	3	0
823	102	4	0
823	1	4	0
823	206	4	0
823	71	3	0
823	101	3	0
824	989	2	0
826	1091	3	0
826	1240	5	0
826	422	2	0
826	426	2	0
826	501	3	0
826	420	3	0
826	1	4	0
826	624	4	0
826	95	5	0
826	102	4	0
826	432	3	0
826	1409	2	0
826	625	3	0
826	820	3	0
826	1219	4	0
826	99	3	0
826	946	3	0
826	588	4	0
826	71	5	0
826	101	5	0
829	408	4	0
829	1	4	0
829	189	4	0
830	418	3	0
830	820	1	0
830	625	3	0
830	588	5	0
830	501	3	0
830	99	3	0
830	1	4	0
830	432	3	0
830	71	4	0
830	95	3	0
831	1	4	0
833	206	4	0
833	240	4	0
833	432	4	0
835	1	3	0
835	588	3	0
837	596	3	0
838	1	5	0
838	408	4	0
838	993	3	0
838	169	4	0
838	206	4	0
838	114	4	0
838	71	3	0
838	596	5	0
839	1	4	0
840	169	5	0
840	588	4	0
840	501	4	0
840	432	5	0
840	99	5	0
840	473	5	0
840	71	3	0
843	102	2	0
843	596	3	0
843	588	2	0
843	501	2	0
843	1	3	0
843	101	3	0
843	206	3	0
843	99	2	0
843	625	2	0
843	71	2	0
843	473	2	0
843	420	3	0
843	422	2	0
843	432	2	0
843	542	2	0
843	95	2	0
844	418	3	0
844	99	3	0
844	625	3	0
844	588	4	0
844	946	3	0
844	432	5	0
844	71	3	0
844	95	4	0
846	102	2	0
846	99	4	0
846	1078	2	0
846	71	4	0
846	404	4	0
846	95	3	0
846	101	4	0
846	588	4	0
846	542	3	0
846	426	1	0
846	1066	3	0
846	432	3	0
847	426	2	0
847	820	1	0
847	240	1	0
847	501	3	0
847	596	3	0
847	71	4	0
847	473	2	0
847	1	3	0
847	404	3	0
847	95	4	0
847	99	2	0
848	95	5	0
848	71	5	0
848	501	3	0
848	99	3	0
848	588	3	0
848	432	2	0
849	588	5	0
849	625	5	0
850	71	5	0
850	95	5	0
850	969	5	0
851	240	4	0
851	95	4	0
851	588	4	0
851	820	3	0
851	473	4	0
851	71	4	0
852	473	3	0
852	969	5	0
852	1	4	0
852	820	4	0
852	408	5	0
854	1	3	0
862	969	5	0
862	99	4	0
862	432	5	0
862	820	4	0
863	538	2	0
864	432	2	0
864	422	3	0
864	404	4	0
864	169	5	0
864	473	4	0
864	596	4	0
864	1412	1	0
864	418	3	0
864	625	4	0
864	99	3	0
864	969	4	0
864	114	5	0
864	189	4	0
864	95	5	0
864	993	4	0
864	71	3	0
864	501	3	0
864	542	4	0
864	1	5	0
864	408	5	0
864	588	3	0
864	102	4	0
865	473	3	0
865	625	1	0
865	101	1	0
865	169	5	0
865	408	5	0
865	1240	5	0
865	418	1	0
865	588	2	0
865	1	1	0
865	189	4	0
865	95	1	0
865	71	1	0
865	432	1	0
865	240	2	0
865	99	1	0
865	501	1	0
865	946	1	0
867	1	4	0
867	588	3	0
868	501	3	0
868	169	5	0
868	1240	5	0
868	1076	1	0
868	240	5	0
868	206	5	0
868	101	4	0
868	1	4	0
868	588	1	0
868	408	5	0
868	189	5	0
868	426	4	0
868	432	2	0
868	95	2	0
868	946	1	0
868	114	5	0
869	240	4	0
869	596	3	0
870	1	5	0
870	95	4	0
870	169	4	0
870	1412	2	0
871	989	3	0
872	820	3	0
872	1	3	0
875	169	5	0
875	71	2	0
875	418	4	0
875	501	4	0
877	538	4	0
878	432	3	0
878	99	4	0
878	418	3	0
878	71	4	0
878	588	2	0
879	1	4	0
879	596	2	0
880	625	4	0
880	820	3	0
880	71	4	0
880	99	3	0
880	95	3	0
880	1	4	0
880	473	3	0
880	588	4	0
880	240	4	0
880	418	4	0
881	71	4	0
881	240	1	0
881	542	1	0
881	99	3	0
881	820	2	0
881	596	3	0
881	420	3	0
881	588	3	0
881	103	1	0
881	1	4	0
881	1066	3	0
881	432	3	0
881	1078	3	0
881	625	5	0
881	473	2	0
881	95	4	0
882	432	5	0
882	1	5	0
882	95	4	0
882	71	5	0
882	99	5	0
882	501	5	0
882	588	4	0
882	101	3	0
882	820	3	0
882	420	5	0
882	473	3	0
882	1412	3	0
882	969	5	0
883	408	5	0
883	989	5	0
883	1	3	0
885	189	5	0
885	538	4	0
885	625	3	0
885	596	4	0
885	418	4	0
885	946	3	0
885	99	4	0
885	588	4	0
885	420	4	0
885	95	4	0
885	1	5	0
885	169	5	0
885	501	3	0
885	432	4	0
885	71	4	0
886	71	4	0
886	95	5	0
886	1	4	0
886	240	3	0
886	101	4	0
887	946	4	0
887	71	5	0
887	473	4	0
887	240	5	0
887	420	5	0
887	99	5	0
887	596	5	0
887	993	5	0
887	418	4	0
887	95	4	0
887	432	5	0
887	206	5	0
887	969	5	0
887	1	5	0
887	588	4	0
887	501	4	0
887	404	4	0
889	473	4	0
889	820	2	0
889	240	3	0
889	169	5	0
889	1	3	0
889	95	4	0
889	71	3	0
889	408	3	0
890	102	3	0
890	501	4	0
890	404	4	0
890	101	2	0
890	625	3	0
890	1	4	0
892	473	3	0
892	625	3	0
892	418	4	0
892	1078	3	0
892	969	4	0
892	99	3	0
892	102	3	0
892	95	4	0
892	588	5	0
892	820	3	0
892	596	3	0
892	542	1	0
892	1	5	0
892	420	2	0
892	1219	2	0
892	501	3	0
892	422	1	0
892	432	4	0
892	946	3	0
892	71	3	0
892	1091	2	0
893	1	5	0
893	820	3	0
893	426	4	0
893	240	4	0
894	1	4	0
895	1	4	0
896	993	4	0
896	101	3	0
896	420	4	0
896	596	2	0
896	95	4	0
896	820	2	0
896	206	3	0
896	426	2	0
896	542	3	0
896	422	3	0
896	588	5	0
896	1078	3	0
896	473	2	0
896	1	4	0
896	71	5	0
896	1240	4	0
897	404	4	0
897	1	5	0
897	473	3	0
897	418	4	0
897	501	5	0
897	588	4	0
897	1219	4	0
897	71	5	0
897	95	3	0
897	99	5	0
897	240	4	0
899	71	4	0
899	1	3	0
899	95	5	0
899	588	3	0
901	95	4	0
901	71	4	0
901	1	5	0
902	1	5	0
902	989	2	0
902	95	4	0
902	993	3	0
903	820	4	0
903	1	3	0
903	240	4	0
906	473	4	0
906	240	3	0
906	408	4	0
907	1	5	0
907	596	4	0
907	71	5	0
910	1	4	0
911	969	5	0
911	501	3	0
911	473	3	0
911	432	3	0
911	99	3	0
911	588	4	0
911	625	5	0
911	102	3	0
911	404	3	0
911	420	4	0
911	240	1	0
912	501	4	0
912	418	4	0
913	169	4	0
913	95	4	0
913	588	3	0
913	189	3	0
913	1	2	0
913	596	1	0
913	408	5	0
913	99	4	0
913	418	3	0
913	432	3	0
913	1240	2	0
916	820	2	0
916	101	3	0
916	206	3	0
916	1	4	0
916	71	3	0
917	473	3	0
917	1	3	0
918	1	3	0
919	946	4	0
919	432	4	0
919	99	4	0
919	596	3	0
919	240	3	0
919	989	2	0
919	95	4	0
919	1	4	0
919	418	4	0
921	1	3	0
921	820	3	0
921	538	4	0
921	422	3	0
921	240	1	0
921	71	4	0
922	432	5	0
922	99	4	0
922	588	4	0
922	71	4	0
922	1	5	0
922	95	3	0
922	418	4	0
922	596	4	0
923	1	3	0
924	114	3	0
924	1	5	0
924	71	5	0
924	408	3	0
927	1	5	0
927	404	4	0
927	501	4	0
927	588	5	0
927	625	3	0
927	420	5	0
927	422	4	0
927	240	3	0
927	820	4	0
927	426	4	0
927	71	5	0
927	542	2	0
927	99	2	0
927	95	5	0
928	114	5	0
929	1	3	0
930	1	3	0
930	240	1	0
932	432	4	0
932	101	3	0
932	99	4	0
932	169	5	0
932	114	5	0
932	1	4	0
932	189	5	0
933	95	3	0
933	1	3	0
934	624	4	0
934	1	2	0
934	99	3	0
934	501	4	0
934	420	4	0
934	432	5	0
935	1	3	0
936	1	4	0
937	408	5	0
938	473	3	0
938	596	5	0
938	240	2	0
938	1	4	0
938	993	5	0
939	993	4	0
940	420	4	0
940	95	5	0
941	408	5	0
941	1	5	0
941	993	4	0
942	969	4	0
942	99	5	0
942	95	5	0
942	71	5	0
943	426	4	0
943	625	3	0
