1	260	1	0
1	191	5	0
1	124	5	0
1	159	3	0
1	135	4	0
2	312	3	0
2	302	5	0
2	307	3	0
2	291	3	0
3	334	3	0
3	328	5	0
3	324	2	0
3	342	4	0
3	322	3	0
3	327	4	0
3	307	3	0
3	260	4	0
3	302	2	0
3	350	3	0
3	333	2	0
4	356	3	0
4	328	3	0
4	327	5	0
4	324	5	0
4	260	4	0
5	394	2	0
5	135	4	0
5	405	3	0
6	191	4	0
6	505	4	0
6	525	5	0
6	302	4	0
6	533	4	0
6	405	1	0
6	484	5	0
6	124	5	0
6	135	5	0
6	513	4	0
6	493	5	0
6	479	5	0
7	587	4	0
7	356	4	0
7	135	5	0
7	260	1	0
7	603	4	0
7	505	3	0
7	307	5	0
7	611	3	0
7	405	3	0
7	654	5	0
7	334	5	0
7	659	5	0
7	513	4	0
7	484	5	0
7	608	4	0
7	574	5	0
7	682	2	0
7	191	5	0
7	479	4	0
7	324	1	0
7	592	5	0
8	260	3	0
9	479	4	0
10	654	5	0
10	505	4	0
10	525	5	0
10	124	5	0
10	611	5	0
10	484	5	0
10	135	5	0
10	333	4	0
10	302	4	0
10	493	4	0
10	603	5	0
10	513	4	0
10	191	5	0
10	479	5	0
10	334	4	0
11	356	4	0
11	654	3	0
11	603	4	0
11	350	4	0
11	135	4	0
11	291	4	0
11	191	4	0
11	659	5	0
11	260	1	0
11	405	3	0
11	312	4	0
11	324	1	0
12	191	5	0
12	159	4	0
12	328	4	0
13	394	2	0
13	484	5	0
13	603	4	0
13	328	3	0
13	334	1	0
13	505	3	0
13	805	4	0
13	809	4	0
13	322	3	0
13	350	2	0
13	342	4	0
13	327	3	0
13	659	3	0
13	302	5	0
13	855	4	0
13	525	5	0
13	493	5	0
13	770	4	0
13	124	5	0
13	260	1	0
13	312	1	0
13	333	3	0
13	902	3	0
13	405	2	0
13	769	3	0
13	682	1	0
13	135	5	0
13	830	1	0
13	191	3	0
13	307	2	0
13	654	5	0
13	878	1	0
13	914	2	0
14	191	4	0
14	124	5	0
14	603	4	0
14	654	4	0
14	525	5	0
14	302	5	0
15	302	4	0
15	322	3	0
15	328	3	0
15	291	3	0
15	307	1	0
15	333	1	0
15	405	2	0
16	770	3	0
16	945	4	0
16	654	5	0
16	302	5	0
16	135	4	0
16	479	5	0
16	191	5	0
16	603	5	0
18	659	4	0
18	479	4	0
18	493	5	0
18	191	4	0
18	654	4	0
18	805	4	0
18	513	4	0
18	135	3	0
18	603	3	0
20	405	3	0
21	322	3	0
21	260	2	0
21	978	1	0
21	878	2	0
21	328	3	0
21	327	3	0
21	324	4	0
21	769	1	0
21	291	3	0
22	878	1	0
22	1003	1	0
22	405	1	0
23	124	5	0
23	405	4	0
23	603	4	0
23	479	5	0
23	191	3	0
24	324	5	0
24	191	5	0
25	479	5	0
25	135	3	0
26	328	2	0
26	405	2	0
26	322	3	0
26	291	3	0
26	302	5	0
26	333	3	0
27	978	2	0
28	603	3	0
28	479	4	0
28	322	2	0
29	312	4	0
29	302	4	0
30	135	5	0
31	1020	3	0
31	682	2	0
31	135	4	0
31	328	2	0
31	302	4	0
31	124	4	0
31	484	5	0
31	493	5	0
31	611	4	0
32	405	4	0
32	307	2	0
33	260	4	0
33	333	4	0
33	307	3	0
33	682	4	0
33	328	4	0
34	312	4	0
34	324	5	0
35	322	3	0
35	328	3	0
35	333	4	0
35	327	3	0
36	878	5	0
36	682	1	0
36	333	4	0
36	307	4	0
37	405	4	0
38	356	2	0
38	328	4	0
38	405	5	0
39	307	2	0
39	333	4	0
39	302	5	0
40	328	3	0
40	333	4	0
40	302	3	0
41	135	4	0
41	191	4	0
42	405	4	0
42	135	4	0
42	1042	3	0
42	603	4	0
42	479	4	0
43	124	4	0
43	405	4	0
43	479	4	0
43	291	3	0
43	328	4	0
43	302	4	0
43	191	5	0
43	312	4	0
44	405	3	0
44	603	4	0
44	159	3	0
44	135	5	0
44	307	4	0
44	260	4	0
44	328	4	0
44	191	4	0
46	307	3	0
46	333	5	0
46	327	4	0
46	328	4	0
47	302	5	0
47	324	3	0
47	322	2	0
47	327	4	0
47	307	4	0
48	302	4	0
48	603	4	0
48	479	4	0
48	191	5	0
48	654	5	0
49	159	2	0
49	334	4	0
49	302	4	0
49	328	2	0
49	1003	2	0
49	312	3	0
49	878	2	0
49	324	4	0
50	327	3	0
50	324	5	0
50	124	1	0
51	603	3	0
51	479	3	0
52	333	4	0
52	191	5	0
52	302	4	0
52	405	4	0
54	327	5	0
54	333	5	0
54	328	4	0
54	291	1	0
54	405	4	0
54	307	4	0
54	260	4	0
54	302	4	0
55	405	1	0
56	405	4	0
56	191	4	0
56	769	4	0
57	405	4	0
57	682	3	0
58	191	5	0
58	124	5	0
58	1101	5	0
58	654	5	0
58	603	5	0
58	405	2	0
58	135	4	0
59	654	4	0
59	525	3	0
59	135	5	0
59	479	5	0
59	505	4	0
59	608	4	0
59	513	4	0
59	611	3	0
59	191	4	0
59	405	3	0
59	1101	5	0
59	855	4	0
59	770	4	0
59	603	5	0
59	484	4	0
59	659	3	0
60	659	4	0
60	405	4	0
60	603	5	0
60	654	4	0
60	513	5	0
60	1020	4	0
60	592	4	0
60	135	5	0
60	525	5	0
60	493	5	0
60	505	4	0
60	327	4	0
60	479	5	0
60	484	5	0
60	608	5	0
61	342	2	0
61	333	3	0
61	328	5	0
61	327	2	0
62	135	4	0
62	159	3	0
62	302	3	0
62	405	3	0
62	328	3	0
62	1129	5	0
62	191	5	0
63	322	2	0
63	302	3	0
63	333	4	0
63	405	4	0
63	328	2	0
64	405	3	0
64	135	4	0
64	356	3	0
64	191	4	0
64	603	3	0
64	333	3	0
65	328	4	0
65	1129	4	0
65	191	4	0
65	135	4	0
65	356	5	0
66	405	3	0
67	405	5	0
68	405	3	0
69	333	3	0
69	124	4	0
69	334	3	0
69	307	2	0
69	302	4	0
70	405	3	0
70	135	4	0
70	191	3	0
70	260	2	0
71	302	3	0
71	135	4	0
72	356	4	0
72	493	5	0
72	603	4	0
72	525	4	0
72	124	4	0
72	654	4	0
72	770	4	0
72	191	5	0
72	405	3	0
72	484	4	0
72	135	4	0
72	479	4	0
73	135	5	0
73	479	5	0
74	333	4	0
74	328	4	0
74	124	3	0
74	307	4	0
74	302	4	0
74	324	3	0
75	291	1	0
75	322	1	0
75	405	4	0
76	1159	3	0
76	1129	5	0
76	333	3	0
76	327	3	0
76	513	5	0
76	324	4	0
76	135	5	0
76	769	1	0
76	603	3	0
77	191	3	0
77	484	5	0
77	405	3	0
78	327	1	0
79	124	5	0
79	333	2	0
79	902	3	0
80	260	1	0
81	124	3	0
81	405	3	0
82	135	3	0
82	770	4	0
82	513	4	0
82	191	4	0
82	1101	4	0
82	484	4	0
82	603	5	0
82	479	4	0
82	405	3	0
83	1101	2	0
83	322	3	0
83	191	4	0
83	479	5	0
83	405	5	0
83	356	4	0
84	291	3	0
84	322	3	0
84	405	3	0
85	654	4	0
85	1101	4	0
85	513	4	0
85	135	5	0
85	855	3	0
85	333	1	0
85	328	3	0
85	124	5	0
85	659	4	0
85	479	4	0
85	291	3	0
85	405	2	0
85	191	4	0
85	327	3	0
86	328	2	0
86	327	4	0
87	135	5	0
87	405	4	0
88	302	3	0
89	405	3	0
90	302	5	0
90	505	5	0
90	328	3	0
90	1020	5	0
90	479	5	0
90	312	4	0
90	603	5	0
90	654	5	0
90	356	4	0
90	493	5	0
90	191	5	0
90	855	5	0
90	945	5	0
90	135	5	0
90	1101	4	0
90	611	5	0
90	322	4	0
90	659	4	0
90	307	5	0
91	682	2	0
91	327	4	0
91	479	4	0
91	328	4	0
91	135	4	0
91	484	4	0
91	603	5	0
91	333	5	0
91	322	4	0
92	322	3	0
92	1042	3	0
92	587	3	0
92	191	4	0
92	124	4	0
92	855	5	0
92	135	4	0
92	405	2	0
92	291	4	0
92	159	4	0
92	307	4	0
92	356	3	0
92	260	1	0
92	1212	3	0
92	328	3	0
94	654	5	0
94	191	5	0
94	405	3	0
94	1101	3	0
94	525	5	0
94	159	3	0
94	484	5	0
94	260	2	0
94	587	4	0
94	603	4	0
94	334	3	0
94	302	4	0
94	135	4	0
94	328	3	0
94	356	4	0
94	809	2	0
95	191	5	0
95	1101	2	0
95	356	4	0
95	878	1	0
95	328	5	0
95	505	3	0
95	135	3	0
95	405	3	0
95	855	3	0
96	479	4	0
96	484	5	0
96	525	2	0
97	191	5	0
97	484	3	0
97	135	5	0
97	603	4	0
98	659	5	0
98	322	3	0
99	312	2	0
99	124	2	0
99	322	3	0
99	328	4	0
99	682	2	0
99	978	3	0
99	342	1	0
99	405	4	0
100	333	3	0
100	342	3	0
100	328	4	0
100	302	4	0
101	405	4	0
102	327	2	0
102	328	2	0
102	302	3	0
102	809	3	0
102	307	4	0
102	350	3	0
102	334	2	0
102	260	2	0
102	405	2	0
102	322	3	0
103	405	3	0
104	312	3	0
104	324	1	0
104	124	2	0
104	302	5	0
104	405	3	0
104	333	2	0
104	307	2	0
104	342	3	0
104	327	2	0
104	328	3	0
105	324	4	0
105	327	4	0
105	302	5	0
105	333	3	0
105	307	2	0
106	191	5	0
107	327	3	0
107	322	1	0
107	902	5	0
107	333	3	0
107	312	4	0
107	302	4	0
108	405	3	0
108	124	4	0
109	159	4	0
109	191	4	0
109	291	3	0
109	356	4	0
109	322	2	0
109	809	4	0
109	405	5	0
110	307	4	0
110	327	3	0
110	682	4	0
110	333	4	0
111	302	5	0
111	328	4	0
111	333	4	0
111	307	2	0
112	327	1	0
112	333	4	0
112	322	4	0
112	312	5	0
112	302	4	0
112	328	4	0
112	307	4	0
113	328	5	0
113	124	3	0
113	324	2	0
113	322	3	0
113	333	4	0
113	327	5	0
114	659	4	0
114	654	3	0
114	505	3	0
114	855	3	0
114	135	4	0
114	191	3	0
115	302	4	0
115	479	5	0
115	654	5	0
115	124	5	0
116	1020	3	0
116	603	3	0
116	322	2	0
116	328	3	0
116	324	2	0
116	914	2	0
116	479	4	0
116	484	4	0
116	124	3	0
116	333	2	0
116	350	3	0
116	302	3	0
116	260	2	0
116	902	2	0
116	307	3	0
116	191	4	0
117	307	5	0
117	405	5	0
118	513	5	0
118	324	4	0
118	603	4	0
118	654	5	0
118	135	5	0
119	328	4	0
119	124	4	0
119	1101	5	0
119	405	4	0
119	322	4	0
120	405	4	0
121	405	2	0
121	124	5	0
121	291	3	0
121	135	5	0
121	479	5	0
122	513	4	0
122	135	4	0
122	191	5	0
123	479	4	0
123	135	5	0
125	479	4	0
125	513	4	0
125	493	4	0
125	914	1	0
125	945	5	0
125	191	5	0
125	659	4	0
126	302	4	0
126	328	5	0
126	322	3	0
126	350	2	0
126	878	5	0
126	327	3	0
126	682	1	0
126	333	2	0
126	260	1	0
128	505	4	0
128	328	2	0
128	603	5	0
128	159	4	0
128	770	3	0
128	405	4	0
128	322	2	0
128	191	4	0
129	302	4	0
129	307	2	0
129	327	3	0
130	328	4	0
130	342	3	0
130	291	4	0
130	356	4	0
130	769	3	0
130	307	4	0
130	159	4	0
130	682	4	0
130	333	5	0
130	405	4	0
130	350	4	0
130	322	4	0
131	302	5	0
131	124	5	0
132	484	4	0
132	124	4	0
133	902	3	0
133	322	2	0
133	260	1	0
133	328	3	0
134	328	4	0
134	302	2	0
135	260	3	0
135	603	4	0
135	324	3	0
135	327	4	0
136	124	5	0
136	525	5	0
137	260	3	0
137	405	5	0
137	327	4	0
138	603	4	0
138	513	5	0
138	493	4	0
138	484	4	0
139	302	3	0
139	307	4	0
140	334	2	0
140	322	3	0
140	302	4	0
141	322	4	0
141	291	5	0
141	328	4	0
141	405	3	0
141	333	5	0
142	322	2	0
142	350	4	0
142	124	4	0
142	333	5	0
143	682	3	0
143	307	4	0
143	333	5	0
143	328	4	0
143	322	4	0
144	1101	4	0
144	124	4	0
144	328	3	0
144	654	4	0
144	307	1	0
144	333	3	0
144	1284	3	0
144	191	4	0
144	405	4	0
144	533	4	0
144	302	3	0
144	855	4	0
144	327	3	0
144	135	5	0
145	592	3	0
145	260	4	0
145	603	5	0
145	356	4	0
145	394	1	0
145	159	4	0
145	312	3	0
145	327	5	0
145	302	4	0
145	574	2	0
145	769	2	0
145	333	2	0
145	770	1	0
145	328	5	0
145	682	3	0
145	405	3	0
145	1212	2	0
145	342	4	0
145	135	5	0
146	302	4	0
146	307	3	0
146	327	3	0
146	342	1	0
146	328	3	0
147	302	4	0
148	135	5	0
148	191	1	0
149	302	4	0
149	312	1	0
149	333	1	0
149	328	2	0
149	327	2	0
150	291	4	0
150	324	4	0
150	124	2	0
151	611	4	0
151	505	5	0
151	484	4	0
151	525	4	0
151	191	3	0
151	328	3	0
151	124	5	0
151	770	4	0
151	135	5	0
151	1101	4	0
151	260	1	0
151	322	2	0
151	654	4	0
151	356	2	0
151	603	5	0
151	302	3	0
151	405	3	0
151	805	4	0
151	659	5	0
151	945	5	0
152	191	5	0
153	322	3	0
154	479	4	0
154	484	4	0
154	324	2	0
154	333	3	0
154	945	3	0
154	302	4	0
154	135	5	0
154	191	4	0
155	324	2	0
155	322	2	0
155	327	2	0
155	328	2	0
156	124	3	0
157	405	3	0
158	124	4	0
158	659	5	0
158	770	5	0
158	302	4	0
158	978	3	0
158	809	3	0
158	525	5	0
159	328	3	0
159	405	5	0
159	291	4	0
159	333	5	0
159	322	5	0
159	260	2	0
160	124	4	0
160	135	4	0
160	484	5	0
160	405	3	0
160	302	5	0
160	770	4	0
160	328	3	0
160	603	4	0
161	135	2	0
161	654	3	0
161	191	2	0
164	328	5	0
164	322	4	0
164	405	5	0
164	333	5	0
164	307	5	0
164	342	2	0
164	291	5	0
165	328	3	0
165	260	3	0
166	328	5	0
166	322	5	0
167	603	4	0
167	513	4	0
167	493	4	0
167	659	4	0
168	405	4	0
168	291	4	0
169	260	1	0
169	603	5	0
169	525	3	0
170	322	5	0
170	328	3	0
170	333	4	0
171	327	4	0
171	302	4	0
172	124	4	0
172	603	3	0
173	260	4	0
173	327	5	0
173	302	5	0
173	334	4	0
173	322	4	0
173	324	5	0
173	328	5	0
174	333	4	0
174	902	3	0
174	312	5	0
174	124	5	0
174	1313	4	0
176	324	5	0
176	328	4	0
176	327	3	0
176	405	2	0
177	135	5	0
177	654	4	0
177	324	4	0
177	307	4	0
177	260	2	0
177	334	3	0
177	124	3	0
177	333	4	0
177	302	4	0
177	322	2	0
177	327	3	0
177	878	1	0
178	682	3	0
178	405	3	0
178	333	3	0
178	328	3	0
178	484	4	0
178	654	3	0
178	135	2	0
178	978	2	0
178	342	4	0
178	322	3	0
178	302	4	0
178	1101	4	0
178	260	1	0
178	809	4	0
178	124	4	0
179	333	5	0
179	307	3	0
179	302	4	0
179	914	5	0
179	902	1	0
179	682	5	0
180	356	3	0
180	191	4	0
181	878	1	0
181	328	3	0
181	291	3	0
181	307	1	0
181	1284	1	0
181	405	4	0
181	978	1	0
181	682	4	0
181	302	2	0
181	322	1	0
181	260	1	0
181	324	1	0
181	334	1	0
181	327	3	0
181	1129	1	0
181	333	3	0
181	124	1	0
182	479	5	0
182	191	4	0
183	356	3	0
183	159	4	0
183	1159	3	0
183	405	4	0
184	805	3	0
184	191	4	0
184	855	4	0
184	654	4	0
184	124	5	0
184	945	4	0
184	1101	4	0
184	1020	4	0
184	405	2	0
185	302	4	0
185	1020	4	0
186	405	3	0
186	770	2	0
186	327	3	0
186	1042	5	0
186	356	5	0
186	322	5	0
186	302	3	0
186	333	3	0
186	291	4	0
186	159	5	0
187	659	5	0
187	191	5	0
187	135	4	0
188	769	2	0
188	356	4	0
188	484	5	0
188	159	3	0
188	191	3	0
189	479	5	0
189	659	4	0
189	484	5	0
189	513	4	0
189	135	4	0
189	1020	4	0
189	603	5	0
189	405	2	0
189	191	5	0
189	914	2	0
189	505	5	0
189	124	5	0
189	654	3	0
189	525	5	0
189	855	3	0
190	327	2	0
190	333	4	0
190	1313	2	0
190	302	5	0
190	328	3	0
190	405	4	0
190	291	3	0
191	302	4	0
191	307	3	0
191	328	3	0
192	302	5	0
193	260	1	0
193	307	4	0
193	327	1	0
193	159	4	0
193	682	1	0
193	333	1	0
193	405	3	0
193	328	3	0
194	770	4	0
194	654	2	0
194	124	4	0
194	659	4	0
194	191	4	0
194	405	2	0
194	356	2	0
194	159	3	0
194	479	3	0
194	135	3	0
195	135	5	0
195	328	4	0
195	809	3	0
197	307	3	0
197	322	3	0
197	333	2	0
197	302	3	0
197	770	3	0
197	328	4	0
198	291	2	0
198	135	5	0
198	356	3	0
198	405	2	0
198	654	5	0
198	191	4	0
198	682	3	0
199	324	1	0
199	322	2	0
199	405	2	0
200	405	3	0
200	191	5	0
200	291	3	0
200	135	4	0
201	191	4	0
201	855	4	0
201	505	3	0
201	770	3	0
201	260	4	0
201	587	4	0
201	405	4	0
201	479	4	0
201	654	3	0
201	603	4	0
201	324	5	0
201	334	4	0
201	333	2	0
201	513	3	0
201	124	3	0
201	682	3	0
201	302	4	0
202	191	2	0
202	484	4	0
204	322	3	0
204	333	1	0
204	302	5	0
204	191	4	0
205	333	4	0
205	322	3	0
205	328	3	0
206	333	4	0
206	682	3	0
206	302	5	0
206	1313	1	0
206	260	3	0
207	291	3	0
207	302	4	0
207	328	2	0
207	322	3	0
207	805	3	0
207	135	2	0
207	191	4	0
207	978	3	0
208	302	1	0
209	333	2	0
210	302	5	0
210	654	5	0
210	327	4	0
210	484	4	0
210	135	5	0
212	191	3	0
213	603	5	0
213	479	4	0
213	405	3	0
213	135	5	0
214	135	3	0
214	334	3	0
214	603	4	0
214	324	5	0
214	302	4	0
214	307	3	0
214	1129	4	0
214	608	4	0
214	191	4	0
214	327	5	0
214	479	4	0
215	159	3	0
215	191	4	0
216	302	5	0
216	356	3	0
216	1101	4	0
216	405	3	0
217	405	3	0
218	654	4	0
218	659	4	0
218	603	4	0
219	855	5	0
220	333	3	0
220	682	4	0
221	809	3	0
221	327	4	0
221	405	3	0
222	1042	4	0
222	135	5	0
222	769	2	0
222	191	2	0
222	333	5	0
222	654	3	0
222	328	5	0
222	159	3	0
222	405	3	0
222	302	3	0
222	356	4	0
222	770	3	0
222	1284	4	0
223	405	1	0
223	682	4	0
223	1284	1	0
223	322	4	0
223	333	4	0
223	328	3	0
224	322	2	0
224	135	1	0
224	333	3	0
224	1212	2	0
224	191	4	0
224	356	4	0
224	328	4	0
225	479	4	0
225	603	5	0
226	513	3	0
226	191	4	0
226	405	4	0
227	405	2	0
227	322	3	0
227	124	4	0
227	324	4	0
228	327	1	0
229	312	3	0
229	328	1	0
229	302	5	0
229	260	1	0
230	405	4	0
230	484	5	0
230	1444	2	0
230	291	4	0
230	135	2	0
231	405	4	0
232	302	5	0
232	493	4	0
232	191	4	0
232	603	4	0
233	191	4	0
233	603	4	0
233	135	4	0
233	654	4	0
234	603	4	0
234	322	2	0
234	1020	4	0
234	945	3	0
234	611	5	0
234	855	3	0
234	608	3	0
234	124	4	0
234	770	4	0
234	307	2	0
234	878	2	0
234	1101	3	0
234	505	4	0
234	328	2	0
234	513	5	0
234	493	3	0
234	654	5	0
234	135	4	0
234	291	3	0
234	525	4	0
234	1003	2	0
234	659	3	0
234	191	4	0
234	1452	4	0
234	479	5	0
234	484	5	0
235	327	3	0
235	603	3	0
235	135	4	0
235	191	4	0
236	659	3	0
236	328	5	0
236	505	3	0
236	307	4	0
236	191	4	0
236	135	2	0
236	333	3	0
237	525	4	0
237	479	5	0
237	659	4	0
237	191	4	0
237	603	5	0
237	513	5	0
238	405	4	0
239	484	5	0
239	124	5	0
239	479	5	0
239	603	5	0
239	654	5	0
239	513	5	0
239	493	5	0
239	1020	3	0
239	135	5	0
239	659	3	0
239	855	5	0
239	505	5	0
239	312	2	0
240	302	5	0
240	307	4	0
241	350	2	0
241	302	3	0
241	682	2	0
241	307	4	0
242	291	3	0
243	191	5	0
244	291	2	0
244	324	4	0
244	135	4	0
244	191	5	0
246	809	2	0
246	356	2	0
246	260	5	0
246	159	3	0
246	1101	5	0
248	405	4	0
248	324	4	0
248	484	2	0
249	124	5	0
249	479	5	0
249	191	4	0
249	603	5	0
249	135	5	0
249	405	3	0
249	302	4	0
249	327	4	0
249	333	4	0
250	191	5	0
250	328	3	0
250	159	4	0
250	324	2	0
250	322	3	0
250	260	4	0
250	333	4	0
250	135	5	0
251	405	3	0
251	978	2	0
252	124	5	0
253	333	2	0
253	659	5	0
253	328	4	0
254	1444	3	0
254	405	3	0
254	135	5	0
255	328	2	0
255	322	2	0
255	682	5	0
255	324	5	0
255	405	4	0
256	1042	5	0
256	769	5	0
256	405	4	0
256	356	3	0
256	291	5	0
256	322	4	0
257	1129	5	0
257	405	3	0
257	307	4	0
257	324	5	0
258	333	2	0
258	328	3	0
259	484	4	0
259	405	3	0
260	682	4	0
260	333	4	0
260	322	4	0
260	350	4	0
260	307	3	0
260	334	5	0
261	322	4	0
261	342	3	0
262	405	2	0
262	191	4	0
263	333	2	0
263	484	4	0
263	1020	3	0
263	1444	3	0
263	328	4	0
263	135	5	0
263	260	2	0
263	322	3	0
264	654	5	0
264	525	5	0
264	603	5	0
264	659	5	0
265	328	4	0
265	327	3	0
266	124	4	0
267	159	4	0
267	654	5	0
267	124	5	0
267	479	4	0
267	324	3	0
267	484	5	0
267	405	3	0
267	135	5	0
268	978	2	0
268	260	3	0
268	302	5	0
268	159	2	0
268	479	4	0
268	484	4	0
268	124	4	0
268	333	4	0
268	135	4	0
268	574	2	0
268	405	2	0
268	654	5	0
268	525	4	0
268	324	4	0
268	191	4	0
268	328	1	0
269	1444	1	0
269	659	4	0
269	902	5	0
269	479	4	0
269	191	5	0
269	608	4	0
269	484	3	0
269	1020	4	0
269	525	4	0
269	124	5	0
269	302	3	0
269	809	1	0
269	603	5	0
269	405	1	0
269	505	3	0
269	654	4	0
269	1101	4	0
269	135	4	0
269	805	2	0
270	327	5	0
270	574	3	0
270	159	4	0
270	324	2	0
270	603	5	0
270	356	3	0
271	493	4	0
271	405	2	0
271	505	4	0
271	124	4	0
271	191	5	0
271	479	4	0
271	328	2	0
271	1101	4	0
271	603	4	0
271	356	4	0
271	312	2	0
271	654	5	0
271	659	3	0
271	135	4	0
271	302	5	0
272	1101	5	0
272	654	5	0
273	307	2	0
273	328	3	0
273	902	5	0
274	405	4	0
275	191	4	0
275	405	2	0
275	135	3	0
276	322	3	0
276	770	4	0
276	334	4	0
276	260	3	0
276	356	3	0
276	1129	4	0
276	769	1	0
276	291	3	0
276	135	5	0
276	479	5	0
276	682	3	0
276	603	5	0
276	333	4	0
276	902	4	0
276	302	5	0
276	159	3	0
276	307	4	0
276	328	4	0
276	1042	1	0
276	324	4	0
276	124	5	0
276	809	2	0
276	405	3	0
277	405	3	0
277	302	4	0
277	124	3	0
277	1129	3	0
278	302	3	0
278	603	5	0
278	525	5	0
279	191	3	0
279	945	5	0
279	405	3	0
279	978	1	0
279	654	5	0
279	659	5	0
279	805	3	0
279	342	4	0
279	809	3	0
279	124	3	0
279	1444	3	0
279	291	3	0
280	159	4	0
280	322	4	0
280	405	2	0
280	769	3	0
280	1313	5	0
280	324	5	0
280	135	4	0
281	342	1	0
281	333	3	0
281	322	4	0
281	682	3	0
282	333	3	0
282	302	5	0
282	327	5	0
282	307	3	0
283	659	5	0
283	291	2	0
284	307	4	0
284	302	4	0
284	324	3	0
284	334	3	0
284	328	4	0
284	333	3	0
284	322	3	0
284	682	3	0
285	682	4	0
285	302	5	0
285	902	4	0
285	191	4	0
286	191	4	0
286	805	3	0
286	312	4	0
286	394	5	0
286	574	4	0
286	405	3	0
286	1101	5	0
287	291	5	0
287	682	4	0
287	327	5	0
288	327	1	0
289	405	2	0
290	191	3	0
290	405	2	0
290	484	3	0
290	809	4	0
290	135	4	0
291	405	4	0
291	324	1	0
291	291	5	0
291	770	4	0
291	124	5	0
291	574	1	0
291	159	4	0
291	769	1	0
291	1042	4	0
291	592	3	0
291	356	4	0
292	479	4	0
292	525	5	0
292	654	5	0
292	328	3	0
292	124	4	0
292	659	5	0
292	603	5	0
292	855	5	0
292	484	5	0
292	405	3	0
292	135	4	0
292	324	3	0
293	124	4	0
293	1101	3	0
293	513	5	0
293	291	2	0
293	1042	3	0
293	322	2	0
293	479	4	0
293	159	3	0
293	405	1	0
293	356	3	0
293	654	5	0
293	809	2	0
293	328	2	0
293	484	5	0
293	302	4	0
293	135	5	0
293	770	3	0
293	603	5	0
294	333	4	0
294	327	3	0
294	603	5	0
294	405	4	0
294	342	3	0
294	350	4	0
294	328	4	0
294	260	4	0
294	322	1	0
294	902	4	0
294	334	4	0
294	307	3	0
294	291	2	0
294	682	3	0
294	324	4	0
295	809	4	0
295	405	5	0
295	159	4	0
295	493	5	0
295	191	5	0
295	513	4	0
296	191	5	0
296	484	4	0
296	659	5	0
296	855	5	0
296	124	5	0
296	654	5	0
296	1284	4	0
297	307	4	0
297	302	4	0
297	479	5	0
297	135	4	0
297	603	5	0
297	574	1	0
297	659	4	0
297	124	4	0
297	191	3	0
298	356	3	0
298	603	5	0
298	479	5	0
298	484	4	0
298	333	5	0
299	603	3	0
299	1020	4	0
299	479	4	0
299	302	4	0
299	513	4	0
299	191	4	0
299	484	4	0
299	855	4	0
299	333	4	0
299	135	4	0
300	328	3	0
300	322	4	0
301	405	4	0
301	333	4	0
301	334	3	0
301	191	3	0
301	159	3	0
302	322	2	0
302	307	4	0
302	333	3	0
302	328	3	0
303	302	4	0
303	328	3	0
303	333	4	0
303	291	3	0
303	525	5	0
303	484	5	0
303	805	4	0
303	603	5	0
303	479	5	0
303	327	1	0
303	405	4	0
303	654	5	0
303	324	3	0
303	809	2	0
303	334	3	0
303	260	3	0
303	159	3	0
303	191	5	0
303	574	1	0
303	124	4	0
304	682	3	0
304	328	3	0
304	322	4	0
305	484	3	0
305	505	3	0
305	1101	4	0
305	135	3	0
305	654	4	0
305	770	3	0
305	405	3	0
305	327	3	0
305	479	3	0
305	302	4	0
305	191	3	0
307	505	3	0
307	135	4	0
308	513	3	0
308	525	5	0
308	484	3	0
308	945	4	0
308	356	3	0
308	322	2	0
308	770	4	0
308	191	4	0
308	479	5	0
308	124	4	0
308	654	5	0
308	135	5	0
308	603	5	0
308	611	4	0
308	505	3	0
308	493	3	0
308	659	3	0
308	805	4	0
308	291	3	0
309	324	3	0
309	333	3	0
309	334	4	0
311	135	4	0
311	191	4	0
311	356	4	0
311	322	4	0
311	479	5	0
311	1042	3	0
311	484	4	0
311	505	4	0
311	592	5	0
311	493	4	0
311	654	3	0
312	493	5	0
312	525	5	0
312	659	5	0
312	479	5	0
312	608	5	0
312	513	5	0
312	945	5	0
312	603	5	0
312	124	3	0
312	1020	5	0
312	191	5	0
312	587	3	0
312	611	5	0
312	654	5	0
312	484	5	0
312	855	5	0
312	505	5	0
313	322	3	0
313	659	4	0
313	654	5	0
313	770	4	0
313	479	5	0
313	191	5	0
313	505	5	0
313	493	3	0
313	333	4	0
313	603	5	0
313	525	5	0
313	328	4	0
313	484	5	0
313	608	4	0
313	135	5	0
313	405	3	0
314	405	4	0
314	322	4	0
314	328	4	0
314	682	5	0
314	327	4	0
315	327	4	0
315	302	5	0
315	603	5	0
315	324	3	0
315	513	5	0
315	770	3	0
315	654	5	0
316	191	5	0
317	322	3	0
317	260	4	0
317	328	4	0
317	350	5	0
318	659	4	0
318	191	5	0
318	356	4	0
318	307	3	0
318	405	2	0
318	809	4	0
318	312	4	0
319	350	3	0
319	307	4	0
319	333	4	0
319	302	4	0
319	682	3	0
320	291	4	0
320	159	4	0
320	405	4	0
320	769	3	0
321	611	4	0
321	493	4	0
321	603	5	0
321	855	3	0
321	479	4	0
321	135	4	0
321	654	4	0
321	659	4	0
321	191	3	0
321	1101	3	0
321	513	4	0
321	484	5	0
321	124	3	0
322	513	4	0
322	654	5	0
322	505	4	0
322	608	3	0
322	479	5	0
322	603	5	0
322	302	5	0
323	333	4	0
323	328	3	0
323	322	2	0
323	479	4	0
323	334	3	0
323	327	4	0
324	322	4	0
324	327	4	0
324	328	4	0
324	307	5	0
324	260	5	0
325	525	5	0
325	135	5	0
325	484	5	0
325	493	4	0
325	191	3	0
325	1003	3	0
325	654	4	0
325	505	4	0
326	479	5	0
326	608	4	0
326	659	4	0
326	493	5	0
326	505	3	0
326	135	3	0
326	654	1	0
326	611	3	0
326	484	5	0
326	525	5	0
326	603	4	0
327	1129	2	0
327	659	4	0
327	682	3	0
327	405	2	0
327	328	2	0
327	484	3	0
327	327	3	0
327	324	3	0
327	533	4	0
327	260	1	0
327	333	2	0
327	302	3	0
327	1101	4	0
327	805	4	0
327	191	4	0
327	603	4	0
328	322	3	0
328	1313	4	0
328	302	4	0
328	327	3	0
328	260	2	0
328	159	3	0
328	328	4	0
328	333	3	0
328	405	4	0
328	809	4	0
328	350	3	0
328	1042	3	0
328	356	3	0
328	291	4	0
328	135	3	0
329	333	4	0
329	322	3	0
329	855	4	0
329	302	5	0
329	124	5	0
330	405	5	0
330	603	5	0
330	135	3	0
330	479	5	0
331	302	5	0
331	479	2	0
331	1101	4	0
331	682	5	0
331	124	4	0
332	322	4	0
332	769	3	0
332	405	4	0
332	327	5	0
332	682	4	0
332	356	3	0
332	328	5	0
332	307	5	0
332	291	4	0
332	302	5	0
332	1042	4	0
332	770	3	0
332	342	4	0
332	159	5	0
332	350	4	0
332	978	4	0
332	333	5	0
333	513	4	0
334	479	4	0
334	1020	4	0
334	307	3	0
334	124	5	0
334	855	3	0
334	484	5	0
334	333	4	0
334	328	3	0
334	608	4	0
334	312	2	0
334	302	5	0
334	603	5	0
334	1313	4	0
334	405	3	0
334	324	4	0
334	945	4	0
334	505	4	0
334	135	4	0
334	525	5	0
334	191	4	0
334	902	4	0
334	322	3	0
335	324	1	0
335	342	2	0
335	260	3	0
335	328	3	0
335	333	4	0
335	307	5	0
335	902	5	0
335	322	4	0
336	124	1	0
336	405	3	0
337	135	5	0
338	513	5	0
338	484	5	0
338	135	5	0
338	654	5	0
338	479	5	0
338	945	4	0
338	603	5	0
338	525	4	0
339	603	5	0
339	159	3	0
339	191	5	0
339	302	4	0
339	327	4	0
339	479	5	0
339	484	5	0
339	124	4	0
339	525	5	0
339	654	5	0
339	770	4	0
339	135	5	0
340	405	5	0
341	682	3	0
342	324	1	0
342	191	5	0
342	574	1	0
342	135	3	0
342	327	4	0
342	124	4	0
342	654	4	0
343	324	5	0
343	405	4	0
343	654	5	0
343	191	5	0
343	334	5	0
343	333	3	0
343	159	2	0
343	260	1	0
343	124	4	0
343	302	4	0
343	135	5	0
344	291	3	0
344	405	2	0
344	124	5	0
344	322	2	0
344	191	5	0
344	302	5	0
344	479	4	0
344	1020	5	0
345	1101	4	0
345	405	4	0
345	333	3	0
345	312	3	0
345	124	5	0
345	291	3	0
345	191	5	0
345	479	4	0
345	356	3	0
345	302	5	0
346	291	5	0
346	809	3	0
346	394	4	0
346	333	4	0
346	405	3	0
346	302	3	0
346	322	3	0
346	159	4	0
347	291	5	0
347	260	1	0
347	356	5	0
347	159	4	0
347	405	4	0
347	333	5	0
347	324	1	0
347	328	4	0
348	405	4	0
348	291	4	0
349	291	3	0
350	324	4	0
350	479	5	0
350	603	5	0
350	654	5	0
351	307	4	0
351	327	5	0
351	322	5	0
351	312	5	0
351	328	4	0
352	302	4	0
353	328	2	0
353	333	4	0
353	260	1	0
353	327	2	0
354	191	4	0
354	124	5	0
354	855	4	0
354	533	5	0
354	659	4	0
354	603	5	0
354	1101	3	0
354	513	5	0
354	135	3	0
354	479	4	0
355	324	4	0
355	328	4	0
355	682	4	0
355	307	4	0
355	260	4	0
356	322	3	0
356	328	4	0
356	307	4	0
356	312	3	0
356	333	5	0
357	322	3	0
357	334	4	0
357	405	5	0
357	291	4	0
358	855	3	0
358	324	4	0
358	1159	5	0
359	405	3	0
360	302	4	0
360	124	5	0
360	334	4	0
360	405	3	0
360	479	4	0
360	328	3	0
360	191	4	0
360	654	5	0
361	611	4	0
361	603	5	0
361	333	2	0
361	770	3	0
361	525	4	0
361	654	4	0
361	513	5	0
361	659	5	0
362	322	3	0
362	328	2	0
362	312	5	0
362	350	5	0
362	333	5	0
362	302	5	0
363	603	4	0
363	405	4	0
363	333	1	0
363	1101	3	0
363	312	3	0
363	322	2	0
363	302	5	0
363	307	5	0
363	159	1	0
363	770	4	0
363	350	1	0
363	505	3	0
363	805	4	0
363	682	1	0
363	809	4	0
363	328	3	0
363	260	2	0
364	302	4	0
365	342	2	0
365	124	4	0
367	333	4	0
367	334	4	0
367	769	3	0
367	302	5	0
367	324	5	0
370	135	4	0
370	659	4	0
370	525	4	0
370	608	4	0
370	603	5	0
370	493	5	0
370	484	4	0
370	302	5	0
370	322	3	0
372	322	3	0
372	159	5	0
372	1212	4	0
372	327	5	0
372	333	5	0
372	574	4	0
373	191	4	0
373	1444	3	0
373	328	4	0
373	135	1	0
373	603	4	0
374	291	3	0
374	1042	5	0
374	770	5	0
374	1101	4	0
374	356	3	0
374	322	4	0
374	405	4	0
374	978	2	0
374	135	4	0
374	159	4	0
374	654	3	0
374	124	3	0
375	603	4	0
375	356	4	0
375	302	5	0
375	770	3	0
375	525	4	0
376	328	3	0
376	603	4	0
377	682	3	0
378	1101	3	0
378	159	3	0
378	302	5	0
378	191	5	0
378	135	2	0
378	1284	2	0
378	356	4	0
378	405	3	0
378	328	3	0
378	479	4	0
378	1042	3	0
379	124	5	0
379	654	5	0
379	855	4	0
379	603	5	0
379	405	3	0
379	135	4	0
379	191	5	0
379	659	5	0
380	1444	1	0
380	1101	4	0
380	356	2	0
380	587	4	0
380	770	3	0
380	135	3	0
380	654	4	0
380	302	5	0
380	479	4	0
381	307	2	0
381	479	5	0
381	682	2	0
381	135	5	0
381	914	1	0
381	159	3	0
381	124	5	0
381	493	4	0
381	191	5	0
381	855	3	0
381	525	5	0
382	135	3	0
382	334	5	0
383	603	5	0
383	124	4	0
383	302	4	0
383	135	5	0
383	484	4	0
383	513	5	0
383	479	4	0
383	654	5	0
383	505	4	0
384	327	4	0
384	302	5	0
384	328	4	0
384	878	4	0
384	333	4	0
385	191	2	0
385	135	3	0
385	479	5	0
385	533	4	0
385	654	5	0
385	1159	4	0
385	855	5	0
385	484	4	0
385	1129	5	0
385	659	4	0
385	603	5	0
385	405	2	0
385	945	5	0
385	525	4	0
386	405	4	0
387	1129	4	0
387	135	5	0
387	191	4	0
387	513	5	0
387	659	4	0
387	603	4	0
387	324	4	0
387	333	3	0
387	769	1	0
388	302	5	0
388	769	3	0
388	682	4	0
388	333	5	0
388	307	4	0
388	328	4	0
389	159	2	0
389	654	5	0
389	945	4	0
389	191	5	0
389	608	3	0
389	302	5	0
389	1444	3	0
389	484	5	0
389	124	4	0
389	603	5	0
389	525	4	0
389	479	4	0
389	135	2	0
389	493	5	0
390	124	4	0
390	328	4	0
390	302	5	0
391	1101	4	0
391	291	3	0
391	328	3	0
391	191	3	0
391	334	5	0
391	479	4	0
391	659	4	0
391	322	3	0
391	603	5	0
392	328	3	0
392	493	4	0
392	312	4	0
392	324	1	0
392	302	5	0
392	513	5	0
392	191	5	0
392	260	1	0
392	333	4	0
393	342	5	0
393	769	4	0
393	333	4	0
393	322	4	0
393	291	4	0
393	328	5	0
393	479	4	0
393	302	4	0
393	405	4	0
393	394	5	0
393	805	2	0
393	659	4	0
393	135	1	0
393	191	3	0
393	356	3	0
394	405	3	0
395	328	4	0
395	342	4	0
396	333	4	0
396	322	4	0
396	328	4	0
396	291	4	0
396	260	3	0
396	405	3	0
397	322	1	0
397	479	4	0
397	334	3	0
397	302	5	0
397	855	4	0
397	324	2	0
397	513	5	0
397	327	2	0
397	611	5	0
397	484	5	0
397	878	1	0
397	135	5	0
398	191	4	0
398	484	4	0
398	525	3	0
398	135	3	0
398	493	5	0
398	159	3	0
398	603	4	0
398	659	3	0
398	1020	3	0
398	479	4	0
398	654	4	0
398	124	5	0
399	587	3	0
399	769	3	0
399	356	3	0
399	302	4	0
399	291	3	0
399	328	4	0
399	1042	3	0
399	405	3	0
399	809	3	0
399	307	3	0
400	328	3	0
400	307	3	0
401	342	1	0
401	302	3	0
401	484	3	0
401	654	3	0
401	191	4	0
401	405	2	0
401	322	2	0
401	603	4	0
401	659	3	0
401	356	4	0
401	312	3	0
401	328	4	0
401	135	1	0
401	493	4	0
402	1101	4	0
402	124	4	0
402	135	4	0
402	1284	3	0
402	479	5	0
403	291	4	0
403	405	5	0
404	328	4	0
404	327	2	0
404	307	4	0
404	342	3	0
404	302	4	0
404	333	2	0
405	654	2	0
405	769	1	0
405	356	5	0
405	603	3	0
405	350	1	0
405	574	1	0
405	1159	1	0
405	513	1	0
405	135	5	0
405	1553	1	0
405	1581	1	0
405	592	1	0
405	302	4	0
405	1444	2	0
405	525	1	0
405	1042	1	0
405	659	4	0
405	1101	3	0
405	191	4	0
405	770	1	0
405	855	1	0
406	654	4	0
406	405	3	0
406	608	4	0
406	479	4	0
406	769	1	0
406	505	4	0
406	191	5	0
406	1101	4	0
406	135	5	0
406	945	3	0
406	124	4	0
406	611	3	0
406	513	5	0
407	405	3	0
407	493	3	0
407	479	4	0
407	484	4	0
407	135	3	0
407	603	4	0
407	525	4	0
407	191	5	0
407	291	4	0
407	159	3	0
407	659	5	0
408	302	5	0
408	312	3	0
408	324	5	0
408	328	2	0
408	327	5	0
408	334	2	0
409	135	5	0
409	945	3	0
409	191	5	0
409	1020	5	0
409	659	5	0
409	654	3	0
409	1159	2	0
409	505	5	0
409	603	5	0
409	855	4	0
409	493	4	0
409	479	5	0
409	608	4	0
409	327	2	0
409	484	4	0
409	322	2	0
410	312	2	0
410	328	3	0
411	405	4	0
411	770	4	0
411	603	5	0
412	135	4	0
413	124	5	0
413	327	3	0
413	307	2	0
413	333	2	0
413	302	2	0
413	260	1	0
413	328	3	0
414	260	3	0
414	324	4	0
414	302	5	0
415	322	4	0
415	328	5	0
415	479	4	0
416	770	4	0
416	159	1	0
416	405	5	0
416	291	4	0
416	1020	5	0
416	124	4	0
416	479	5	0
416	312	3	0
416	328	5	0
416	356	5	0
416	592	3	0
416	322	3	0
416	659	5	0
416	333	4	0
416	307	1	0
416	682	3	0
416	302	5	0
416	327	4	0
416	603	5	0
416	191	5	0
417	302	3	0
417	159	4	0
417	855	2	0
417	769	1	0
417	405	3	0
417	809	3	0
417	135	3	0
417	191	5	0
417	484	4	0
417	260	3	0
417	324	1	0
417	513	5	0
417	574	2	0
417	322	3	0
418	333	5	0
418	302	2	0
418	327	1	0
418	328	1	0
418	1313	2	0
419	191	4	0
419	405	3	0
420	493	3	0
420	124	5	0
420	513	5	0
420	603	4	0
420	855	5	0
420	302	4	0
420	484	5	0
421	333	4	0
421	603	4	0
421	525	4	0
421	302	4	0
421	124	4	0
421	914	3	0
422	260	3	0
422	124	3	0
422	307	4	0
422	682	2	0
422	302	3	0
422	334	4	0
422	324	5	0
422	327	3	0
422	333	4	0
423	328	1	0
423	307	3	0
423	302	5	0
423	333	3	0
423	322	3	0
423	327	2	0
424	333	5	0
425	302	5	0
425	1129	3	0
425	191	3	0
425	333	3	0
425	324	3	0
425	307	4	0
425	327	4	0
425	405	2	0
425	124	2	0
425	334	4	0
425	322	3	0
426	525	4	0
426	659	4	0
426	191	4	0
426	608	4	0
426	505	4	0
426	603	5	0
426	493	4	0
426	135	3	0
426	1020	4	0
426	654	5	0
426	484	5	0
427	682	5	0
427	322	3	0
427	334	5	0
427	302	4	0
427	328	4	0
428	350	4	0
428	322	4	0
428	334	4	0
428	302	5	0
428	307	4	0
428	312	4	0
428	1313	4	0
429	356	3	0
429	603	4	0
429	307	3	0
429	805	3	0
429	1020	4	0
429	479	4	0
429	505	4	0
429	587	3	0
429	654	4	0
429	191	5	0
429	291	4	0
429	159	3	0
429	611	4	0
429	124	4	0
429	1101	5	0
429	493	4	0
429	484	5	0
429	405	3	0
430	328	4	0
430	302	4	0
430	124	5	0
431	327	3	0
431	328	4	0
431	322	4	0
431	307	3	0
431	302	3	0
432	405	4	0
432	322	3	0
433	682	2	0
433	302	5	0
433	333	2	0
433	322	2	0
435	260	3	0
435	587	3	0
435	394	4	0
435	159	5	0
435	603	3	0
435	327	3	0
435	291	4	0
435	405	4	0
435	479	3	0
435	307	5	0
435	659	4	0
435	135	3	0
435	333	3	0
435	191	4	0
436	159	4	0
436	327	5	0
436	592	3	0
437	135	4	0
437	484	4	0
437	124	5	0
437	191	4	0
437	770	3	0
437	603	5	0
437	479	5	0
437	654	5	0
439	405	4	0
439	307	3	0
440	350	5	0
440	328	3	0
440	312	5	0
440	324	5	0
441	405	3	0
441	342	4	0
442	769	1	0
442	405	3	0
442	159	4	0
442	342	2	0
442	350	2	0
443	327	4	0
443	333	5	0
443	260	1	0
443	307	3	0
444	328	5	0
444	307	3	0
445	902	4	0
445	302	1	0
445	1129	4	0
445	479	3	0
445	327	2	0
445	603	3	0
445	405	4	0
445	324	1	0
445	291	2	0
445	333	2	0
446	307	3	0
446	334	3	0
446	322	3	0
446	302	4	0
446	328	3	0
446	327	2	0
447	770	3	0
447	484	5	0
447	405	2	0
447	135	5	0
447	260	2	0
448	327	2	0
448	902	4	0
448	333	2	0
448	312	1	0
448	307	2	0
448	302	5	0
449	291	2	0
449	333	3	0
450	302	5	0
450	902	4	0
450	328	4	0
450	654	4	0
450	1212	4	0
450	1020	4	0
450	1284	3	0
450	1444	4	0
450	659	5	0
450	322	4	0
450	479	4	0
450	405	4	0
450	307	5	0
450	484	3	0
450	260	2	0
450	525	3	0
450	878	2	0
450	493	4	0
450	603	5	0
450	135	3	0
450	608	4	0
450	312	4	0
450	611	5	0
450	191	5	0
450	356	4	0
450	505	5	0
451	322	4	0
451	333	5	0
451	302	3	0
451	328	5	0
451	307	4	0
451	260	5	0
451	682	4	0
451	324	4	0
451	334	3	0
451	327	4	0
451	878	1	0
452	603	4	0
452	659	4	0
452	191	5	0
452	513	4	0
452	124	5	0
452	805	4	0
452	135	3	0
452	479	5	0
452	945	4	0
452	654	2	0
453	356	2	0
454	312	3	0
454	135	2	0
454	124	4	0
454	659	2	0
454	327	3	0
454	1003	2	0
454	191	4	0
454	484	3	0
454	356	1	0
454	611	2	0
454	260	1	0
454	654	2	0
454	603	4	0
454	945	3	0
454	479	4	0
454	322	2	0
454	493	2	0
454	302	4	0
455	135	5	0
455	405	3	0
455	334	3	0
455	291	3	0
455	191	5	0
455	159	3	0
455	124	4	0
455	307	4	0
455	770	3	0
456	1101	3	0
456	324	4	0
456	608	4	0
456	603	5	0
456	135	4	0
456	405	1	0
456	505	4	0
456	1129	4	0
456	479	5	0
456	1020	4	0
456	191	3	0
456	484	4	0
457	356	4	0
457	769	2	0
457	770	4	0
457	191	5	0
457	405	5	0
457	135	5	0
458	654	5	0
458	302	5	0
458	333	1	0
458	307	4	0
458	513	4	0
458	484	5	0
458	124	4	0
458	405	4	0
458	603	4	0
458	1101	4	0
458	191	5	0
459	333	3	0
459	328	3	0
459	405	3	0
459	260	2	0
459	307	5	0
459	322	4	0
459	291	4	0
459	978	2	0
460	124	4	0
460	322	3	0
460	327	4	0
460	307	4	0
460	302	4	0
460	312	4	0
461	327	4	0
461	682	1	0
461	302	3	0
462	322	5	0
462	682	5	0
462	328	5	0
463	124	5	0
463	302	5	0
463	1284	4	0
464	333	4	0
464	322	3	0
464	603	5	0
464	479	4	0
464	302	5	0
464	260	2	0
464	328	3	0
464	307	5	0
465	603	4	0
465	855	4	0
465	191	4	0
465	513	5	0
465	135	3	0
465	525	3	0
466	1313	3	0
466	302	5	0
466	327	3	0
466	334	3	0
466	682	1	0
466	324	1	0
466	902	5	0
466	405	3	0
466	333	4	0
466	328	4	0
466	260	4	0
466	350	4	0
467	327	4	0
467	302	4	0
467	124	5	0
468	191	4	0
468	124	5	0
468	603	5	0
468	405	2	0
468	135	5	0
468	159	3	0
469	855	4	0
469	484	5	0
469	513	5	0
469	611	5	0
469	654	4	0
469	603	5	0
470	291	2	0
470	327	3	0
470	124	3	0
471	878	4	0
472	135	4	0
472	603	5	0
472	405	5	0
472	191	5	0
472	682	4	0
472	260	4	0
472	356	3	0
473	124	4	0
473	1129	4	0
473	327	3	0
473	302	4	0
474	479	5	0
474	291	4	0
474	1020	3	0
474	525	4	0
474	945	4	0
474	191	5	0
474	513	5	0
474	405	4	0
474	659	5	0
474	654	5	0
474	505	5	0
474	493	4	0
474	124	5	0
474	356	5	0
474	322	4	0
474	484	5	0
474	611	4	0
474	135	5	0
474	608	4	0
474	603	5	0
474	302	5	0
475	302	3	0
475	902	5	0
475	327	4	0
476	328	4	0
478	327	3	0
478	350	1	0
478	1101	4	0
478	124	4	0
479	356	3	0
479	405	4	0
479	324	1	0
479	135	4	0
479	945	5	0
479	1444	1	0
479	479	4	0
479	328	4	0
480	479	4	0
480	603	4	0
480	191	4	0
480	302	4	0
480	654	4	0
481	659	5	0
481	322	4	0
481	484	4	0
481	505	5	0
481	479	4	0
481	191	5	0
482	682	3	0
482	328	4	0
483	405	3	0
484	135	4	0
484	405	4	0
485	307	3	0
485	328	2	0
485	302	5	0
486	322	2	0
486	1129	4	0
486	405	4	0
486	307	3	0
486	327	3	0
486	324	4	0
486	124	5	0
486	302	5	0
486	328	2	0
486	333	2	0
487	405	4	0
487	978	1	0
487	333	3	0
487	291	3	0
487	356	4	0
487	809	2	0
487	191	4	0
487	260	2	0
488	659	3	0
488	322	3	0
488	328	4	0
488	405	3	0
488	191	3	0
488	333	4	0
488	493	3	0
488	135	4	0
488	260	2	0
489	302	5	0
489	878	2	0
489	333	4	0
489	324	3	0
489	327	5	0
489	902	4	0
489	260	3	0
489	328	4	0
489	342	3	0
489	682	4	0
489	307	4	0
489	322	5	0
489	334	4	0
489	312	2	0
490	302	4	0
490	124	4	0
490	333	3	0
491	513	5	0
491	654	5	0
491	124	5	0
491	493	4	0
492	654	4	0
492	479	3	0
492	291	4	0
492	124	4	0
493	327	5	0
493	328	4	0
493	124	3	0
493	405	2	0
493	333	4	0
493	191	4	0
493	260	1	0
494	479	3	0
494	603	3	0
494	191	4	0
494	322	2	0
495	191	3	0
495	479	4	0
495	1444	2	0
495	135	3	0
495	505	5	0
495	770	3	0
496	191	5	0
496	333	3	0
496	659	3	0
496	484	3	0
496	356	2	0
496	135	2	0
496	1444	1	0
497	1042	3	0
497	405	3	0
497	805	3	0
497	260	4	0
497	394	3	0
497	809	3	0
497	769	3	0
497	291	3	0
497	603	3	0
498	484	4	0
498	525	4	0
498	302	3	0
498	479	3	0
498	135	5	0
498	191	4	0
498	124	3	0
498	603	4	0
499	191	5	0
499	1101	5	0
499	328	5	0
499	312	4	0
499	525	4	0
499	902	5	0
499	484	4	0
499	307	4	0
500	135	5	0
500	328	3	0
500	159	2	0
500	611	5	0
500	479	5	0
500	405	4	0
501	405	4	0
501	324	4	0
501	307	4	0
501	342	4	0
501	124	4	0
502	328	4	0
502	682	5	0
502	350	3	0
502	333	4	0
502	342	4	0
502	307	4	0
503	356	4	0
503	603	3	0
503	124	5	0
503	654	5	0
503	484	4	0
503	479	4	0
503	659	5	0
503	405	3	0
504	291	4	0
504	1444	3	0
504	479	4	0
504	505	4	0
504	322	4	0
504	307	4	0
504	356	4	0
505	328	4	0
505	191	3	0
505	307	4	0
506	135	5	0
506	878	3	0
506	324	1	0
506	356	3	0
506	484	4	0
506	333	4	0
506	1020	4	0
506	342	3	0
506	611	5	0
506	479	4	0
506	328	4	0
506	191	4	0
506	770	3	0
506	654	4	0
506	603	5	0
506	855	4	0
506	945	4	0
506	525	4	0
506	608	4	0
507	307	5	0
507	682	5	0
507	333	4	0
507	328	5	0
507	302	5	0
507	334	5	0
507	405	5	0
508	191	5	0
509	307	2	0
509	302	5	0
509	328	1	0
509	603	4	0
509	260	2	0
510	333	3	0
510	322	3	0
510	324	1	0
511	260	4	0
511	682	4	0
511	333	4	0
511	322	3	0
512	191	4	0
512	302	4	0
513	405	3	0
514	587	4	0
514	1101	4	0
514	682	4	0
514	342	1	0
514	405	2	0
514	135	4	0
514	302	5	0
514	307	4	0
514	659	3	0
514	191	5	0
514	328	3	0
515	328	2	0
515	342	3	0
515	682	4	0
515	307	4	0
515	302	3	0
515	322	3	0
516	191	4	0
516	902	5	0
517	333	3	0
517	328	3	0
517	405	4	0
518	405	5	0
518	291	3	0
518	124	3	0
519	878	5	0
519	324	1	0
519	327	4	0
519	682	1	0
519	350	5	0
519	333	3	0
519	328	2	0
520	302	3	0
521	291	1	0
521	191	4	0
521	324	2	0
521	159	3	0
521	659	4	0
521	135	4	0
521	405	2	0
522	135	5	0
522	654	4	0
523	533	4	0
524	291	4	0
524	124	5	0
524	654	5	0
524	493	4	0
524	484	4	0
524	135	3	0
524	405	2	0
524	1129	2	0
524	479	4	0
524	525	3	0
524	191	4	0
524	855	4	0
524	1101	4	0
524	978	3	0
524	322	4	0
524	513	4	0
524	603	3	0
524	1553	3	0
524	302	5	0
525	291	2	0
525	322	2	0
525	405	4	0
525	124	3	0
526	342	2	0
526	328	2	0
526	333	3	0
526	260	1	0
526	312	2	0
526	307	2	0
526	302	5	0
527	659	4	0
527	1101	4	0
527	603	4	0
527	479	4	0
527	191	5	0
527	324	3	0
527	878	1	0
527	124	4	0
527	855	2	0
527	135	2	0
527	513	4	0
528	505	4	0
528	479	4	0
528	484	3	0
529	328	4	0
529	260	4	0
529	322	4	0
529	324	2	0
529	327	4	0
529	333	4	0
529	307	5	0
529	682	4	0
530	333	3	0
530	322	4	0
530	328	4	0
530	191	5	0
531	312	5	0
531	302	5	0
531	327	3	0
532	592	3	0
532	302	5	0
532	682	4	0
532	312	2	0
532	135	3	0
532	307	4	0
532	914	5	0
532	191	5	0
532	333	4	0
532	769	2	0
532	603	5	0
533	322	4	0
533	479	4	0
533	659	4	0
533	356	4	0
533	654	3	0
533	525	3	0
533	405	3	0
533	291	3	0
533	135	3	0
533	191	4	0
533	484	3	0
533	603	4	0
533	328	4	0
533	333	4	0
534	333	5	0
534	978	4	0
534	322	4	0
534	405	3	0
534	291	4	0
535	135	3	0
535	505	4	0
535	608	4	0
535	603	4	0
535	302	3	0
535	479	4	0
535	484	5	0
535	1101	4	0
535	654	5	0
536	135	5	0
536	191	4	0
536	493	4	0
536	405	2	0
536	603	4	0
537	291	2	0
537	307	3	0
537	654	3	0
537	322	1	0
537	1101	3	0
537	525	3	0
537	191	4	0
537	405	2	0
537	603	4	0
537	1129	1	0
537	513	4	0
537	978	2	0
537	135	5	0
537	302	4	0
537	493	4	0
537	855	3	0
537	770	3	0
537	333	2	0
537	479	4	0
537	328	2	0
537	124	4	0
537	682	1	0
537	484	4	0
537	312	3	0
537	327	2	0
538	405	3	0
538	191	5	0
539	124	4	0
539	603	4	0
540	333	4	0
540	405	3	0
541	659	5	0
541	405	3	0
541	654	3	0
541	769	1	0
542	191	5	0
542	479	4	0
543	135	5	0
543	1159	5	0
543	770	4	0
543	191	4	0
543	855	4	0
543	603	5	0
543	302	4	0
543	479	4	0
543	324	3	0
543	513	4	0
544	302	5	0
544	312	2	0
544	327	2	0
544	328	3	0
545	328	4	0
545	405	4	0
545	135	4	0
546	322	4	0
546	769	4	0
546	682	3	0
547	312	4	0
547	333	4	0
547	302	5	0
547	328	4	0
548	322	4	0
548	405	4	0
548	291	5	0
548	302	4	0
548	328	4	0
548	525	5	0
548	654	5	0
548	327	3	0
548	659	4	0
548	333	4	0
548	307	4	0
548	603	5	0
548	978	2	0
549	405	4	0
550	405	4	0
550	328	5	0
550	682	4	0
551	809	5	0
551	324	3	0
551	770	2	0
551	333	5	0
551	307	4	0
551	356	4	0
551	135	5	0
551	587	4	0
551	334	4	0
551	291	4	0
551	328	5	0
551	302	3	0
551	479	3	0
551	405	3	0
551	505	5	0
551	159	4	0
551	260	5	0
551	603	5	0
552	405	3	0
552	322	3	0
552	291	2	0
553	611	5	0
553	525	4	0
553	135	4	0
553	513	4	0
553	307	4	0
553	505	5	0
553	479	5	0
553	191	4	0
553	484	5	0
553	603	5	0
554	1042	3	0
554	405	4	0
554	1284	3	0
554	328	4	0
554	770	1	0
554	191	5	0
555	302	3	0
555	505	4	0
555	405	4	0
555	328	4	0
556	493	5	0
556	479	5	0
556	327	5	0
556	302	4	0
556	324	4	0
556	135	2	0
556	513	4	0
556	603	5	0
557	682	2	0
557	327	3	0
557	322	3	0
557	307	5	0
557	334	4	0
558	124	4	0
559	1101	4	0
559	902	4	0
559	587	4	0
559	513	5	0
559	322	4	0
559	191	5	0
560	260	1	0
560	405	4	0
560	302	5	0
560	654	5	0
561	603	4	0
561	356	1	0
561	135	4	0
561	124	3	0
561	479	4	0
561	1101	3	0
561	405	2	0
561	611	5	0
561	513	3	0
561	302	4	0
561	484	4	0
561	505	4	0
561	191	3	0
561	608	3	0
561	159	1	0
561	805	3	0
562	191	5	0
562	135	5	0
564	302	3	0
564	312	3	0
564	333	3	0
565	855	5	0
566	191	4	0
566	260	2	0
566	135	5	0
566	405	5	0
566	479	4	0
566	327	3	0
567	479	5	0
567	302	4	0
567	493	4	0
567	513	4	0
567	659	4	0
567	124	4	0
567	608	4	0
567	484	4	0
567	611	4	0
567	525	5	0
567	603	5	0
567	191	3	0
567	1020	3	0
567	654	5	0
567	135	3	0
568	479	5	0
568	525	3	0
568	135	4	0
568	191	4	0
568	493	3	0
568	659	3	0
568	855	1	0
568	603	5	0
568	611	3	0
569	405	3	0
569	302	4	0
569	1284	2	0
569	124	5	0
569	291	4	0
569	333	3	0
569	328	4	0
570	302	4	0
570	324	2	0
570	327	4	0
571	124	4	0
571	191	4	0
571	484	4	0
572	124	5	0
573	654	4	0
573	513	4	0
573	479	4	0
573	135	4	0
574	1313	4	0
574	328	3	0
574	302	4	0
574	327	3	0
574	312	4	0
574	333	3	0
575	603	5	0
575	322	3	0
576	124	4	0
576	324	2	0
577	770	4	0
577	405	3	0
577	307	3	0
577	1042	4	0
577	356	4	0
577	191	4	0
578	324	1	0
579	327	3	0
579	603	5	0
579	333	4	0
579	328	3	0
580	405	2	0
582	328	3	0
582	405	3	0
582	124	4	0
583	513	5	0
585	855	3	0
586	1042	4	0
586	356	4	0
586	159	4	0
586	978	2	0
586	405	5	0
586	809	3	0
587	312	2	0
587	902	2	0
587	307	4	0
587	328	1	0
587	302	3	0
587	327	3	0
587	350	3	0
587	342	1	0
587	333	4	0
587	334	3	0
587	878	2	0
587	322	3	0
587	260	4	0
587	914	4	0
587	682	3	0
588	307	4	0
588	159	1	0
588	356	4	0
588	333	5	0
588	260	2	0
589	307	1	0
589	334	1	0
589	333	5	0
589	322	3	0
589	327	3	0
589	324	1	0
589	682	4	0
589	328	5	0
590	1129	3	0
590	124	5	0
591	191	5	0
591	322	2	0
591	603	5	0
592	533	4	0
592	191	5	0
592	327	4	0
592	682	4	0
592	312	2	0
592	302	5	0
592	260	4	0
592	342	2	0
592	333	5	0
592	135	5	0
592	484	4	0
592	307	4	0
592	350	4	0
592	124	5	0
592	334	3	0
592	291	3	0
592	654	5	0
592	324	4	0
592	479	4	0
592	405	4	0
592	603	5	0
592	328	1	0
592	1129	5	0
592	322	1	0
593	159	4	0
593	405	3	0
593	322	2	0
593	659	5	0
595	291	3	0
595	324	3	0
596	328	5	0
596	682	4	0
597	328	4	0
598	350	4	0
598	312	5	0
598	260	3	0
599	682	4	0
599	260	1	0
601	324	4	0
601	191	4	0
601	405	1	0
601	479	4	0
601	135	4	0
601	260	4	0
605	124	3	0
605	135	5	0
605	191	5	0
605	333	4	0
605	302	4	0
605	260	4	0
605	405	3	0
606	135	5	0
606	191	5	0
606	405	4	0
606	333	5	0
606	307	4	0
606	260	3	0
606	124	3	0
607	855	4	0
608	611	3	0
608	328	4	0
608	505	5	0
608	603	5	0
608	1101	4	0
608	327	2	0
608	333	4	0
608	479	5	0
609	878	1	0
610	505	4	0
610	484	3	0
610	135	3	0
611	350	4	0
611	333	4	0
611	307	4	0
611	342	3	0
611	324	3	0
611	302	5	0
611	334	5	0
612	878	2	0
612	322	3	0
613	603	5	0
614	405	2	0
615	302	4	0
615	855	4	0
615	135	4	0
615	191	5	0
616	328	3	0
616	327	3	0
616	333	2	0
616	302	5	0
616	322	4	0
616	307	2	0
616	1313	4	0
616	260	3	0
617	611	4	0
617	855	3	0
617	302	4	0
618	124	1	0
618	1212	2	0
618	356	2	0
618	135	4	0
618	191	4	0
618	159	3	0
618	770	2	0
619	350	3	0
619	327	3	0
619	405	3	0
619	307	2	0
619	333	2	0
619	809	1	0
619	302	4	0
619	328	1	0
620	769	4	0
620	682	2	0
620	260	5	0
621	769	3	0
621	135	5	0
621	405	5	0
621	809	4	0
621	333	4	0
622	809	2	0
622	855	3	0
622	484	3	0
622	978	2	0
622	769	1	0
622	135	4	0
622	159	3	0
622	479	4	0
622	405	4	0
623	659	5	0
623	525	4	0
623	603	4	0
623	291	3	0
624	333	4	0
624	124	4	0
624	405	4	0
624	302	4	0
624	312	4	0
624	342	3	0
624	260	2	0
624	307	3	0
624	328	4	0
624	327	4	0
625	855	4	0
625	135	5	0
625	405	3	0
625	191	3	0
625	1020	3	0
625	945	3	0
625	479	4	0
625	654	3	0
625	484	4	0
625	603	4	0
626	324	4	0
626	328	1	0
626	682	3	0
626	302	4	0
626	327	4	0
626	333	1	0
627	135	4	0
627	191	4	0
627	405	3	0
627	328	4	0
628	302	5	0
628	333	5	0
629	135	5	0
629	307	5	0
629	191	3	0
629	327	3	0
629	328	3	0
629	322	3	0
629	333	4	0
629	324	2	0
630	191	3	0
630	322	3	0
631	334	2	0
631	307	4	0
631	682	2	0
632	159	3	0
632	356	4	0
632	191	5	0
633	405	4	0
633	159	4	0
633	333	3	0
633	322	3	0
633	328	4	0
633	654	3	0
634	333	4	0
634	124	3	0
634	405	4	0
634	322	3	0
634	302	5	0
634	1284	3	0
635	333	5	0
635	307	4	0
635	302	4	0
635	682	2	0
635	328	3	0
635	327	5	0
637	328	4	0
637	322	3	0
637	291	4	0
637	1284	1	0
637	124	3	0
637	333	3	0
637	405	1	0
638	405	3	0
639	191	3	0
639	1101	3	0
639	513	4	0
639	1020	4	0
639	135	4	0
639	356	2	0
639	659	3	0
640	770	4	0
640	342	5	0
640	302	5	0
641	513	5	0
641	124	4	0
641	484	5	0
642	356	4	0
642	191	4	0
642	135	3	0
642	769	5	0
642	405	3	0
643	405	3	0
643	659	5	0
643	603	5	0
643	159	3	0
643	356	4	0
643	484	5	0
643	505	4	0
643	1101	3	0
644	333	3	0
644	322	5	0
644	291	4	0
644	328	4	0
644	307	4	0
645	135	5	0
645	1159	4	0
645	191	5	0
645	654	5	0
645	513	5	0
646	682	3	0
646	328	3	0
646	307	3	0
646	1313	3	0
647	405	4	0
647	291	3	0
647	328	3	0
648	484	5	0
648	479	4	0
648	809	3	0
648	505	4	0
648	291	3	0
648	191	5	0
648	405	4	0
648	603	5	0
648	878	3	0
648	769	1	0
648	1003	4	0
649	291	5	0
650	603	4	0
650	525	3	0
650	659	3	0
650	809	3	0
650	654	3	0
650	135	4	0
650	479	5	0
650	159	3	0
650	484	5	0
650	493	4	0
650	608	4	0
650	191	4	0
651	322	3	0
651	327	4	0
651	302	5	0
652	328	4	0
652	307	4	0
652	333	4	0
653	328	4	0
653	333	5	0
653	307	4	0
653	654	2	0
653	191	5	0
653	356	1	0
653	809	3	0
653	405	3	0
653	291	4	0
653	1042	2	0
653	135	5	0
653	659	1	0
653	1444	3	0
653	1101	2	0
654	1020	4	0
654	302	5	0
654	124	4	0
654	405	4	0
654	291	4	0
655	1042	2	0
655	1101	2	0
655	124	3	0
655	159	3	0
655	327	3	0
655	505	3	0
655	333	2	0
655	902	2	0
655	135	4	0
655	324	3	0
655	479	4	0
655	603	4	0
655	654	3	0
655	525	2	0
655	855	3	0
655	356	3	0
655	574	2	0
655	1284	2	0
655	611	3	0
655	405	2	0
655	914	3	0
655	302	4	0
655	945	2	0
655	533	2	0
655	770	2	0
655	312	2	0
655	328	2	0
655	307	3	0
655	805	2	0
655	191	4	0
655	513	3	0
655	1553	4	0
655	291	3	0
655	1129	3	0
656	327	2	0
656	322	1	0
656	312	1	0
656	302	3	0
657	302	2	0
657	327	1	0
658	603	4	0
658	654	4	0
658	1101	4	0
659	135	3	0
659	659	3	0
659	654	4	0
659	505	4	0
659	805	5	0
659	855	2	0
659	603	5	0
659	159	4	0
659	356	3	0
659	191	5	0
659	479	5	0
659	611	4	0
660	159	1	0
660	328	3	0
660	603	4	0
660	307	3	0
660	135	4	0
660	191	4	0
660	405	2	0
660	809	2	0
660	1020	4	0
661	603	3	0
661	191	4	0
661	135	5	0
662	291	2	0
663	307	4	0
663	333	5	0
663	682	3	0
663	603	4	0
663	978	4	0
663	322	4	0
663	260	2	0
663	405	3	0
663	124	3	0
663	324	2	0
663	328	4	0
664	302	4	0
664	479	5	0
664	805	5	0
664	1101	3	0
664	603	5	0
664	525	4	0
664	191	3	0
664	611	5	0
664	770	4	0
664	654	5	0
664	513	4	0
664	659	5	0
664	356	3	0
664	484	5	0
664	159	3	0
664	328	3	0
665	405	3	0
665	307	3	0
665	135	4	0
665	191	3	0
665	328	4	0
666	191	4	0
666	302	5	0
666	513	4	0
666	291	3	0
666	805	4	0
666	135	4	0
666	405	2	0
666	505	4	0
666	493	5	0
666	484	4	0
666	855	4	0
666	124	3	0
666	603	4	0
666	479	4	0
666	654	5	0
666	333	3	0
666	525	4	0
666	945	4	0
667	124	5	0
667	1101	3	0
668	333	3	0
668	328	4	0
668	902	2	0
668	302	5	0
668	124	3	0
668	307	4	0
669	654	5	0
669	191	3	0
669	902	2	0
669	603	5	0
669	479	5	0
669	302	4	0
669	505	3	0
669	324	3	0
670	484	5	0
670	611	5	0
670	135	3	0
670	659	5	0
670	603	5	0
670	191	4	0
670	945	4	0
670	479	5	0
671	770	2	0
671	327	1	0
671	405	3	0
671	356	3	0
671	654	3	0
671	159	5	0
672	124	3	0
673	328	4	0
673	302	3	0
673	307	3	0
673	322	4	0
673	327	4	0
674	405	4	0
675	1101	4	0
675	312	2	0
676	682	1	0
676	328	5	0
676	902	4	0
676	302	5	0
677	405	4	0
677	322	4	0
677	307	5	0
678	1129	1	0
679	291	4	0
679	484	4	0
679	322	3	0
679	327	4	0
681	682	1	0
681	328	3	0
682	809	2	0
682	328	3	0
682	405	2	0
682	327	3	0
682	291	1	0
682	356	3	0
682	124	2	0
682	769	2	0
682	659	1	0
682	135	4	0
682	191	3	0
682	159	3	0
682	654	4	0
682	333	4	0
683	322	2	0
683	350	2	0
683	513	5	0
683	328	2	0
683	307	3	0
683	312	3	0
683	682	1	0
683	302	5	0
683	914	2	0
683	327	4	0
685	324	3	0
685	302	3	0
685	334	1	0
685	333	1	0
685	327	2	0
686	135	5	0
686	603	5	0
686	327	5	0
686	654	5	0
686	191	5	0
687	324	2	0
688	307	4	0
688	682	5	0
688	302	5	0
689	405	5	0
689	328	5	0
689	260	3	0
690	1042	4	0
690	159	3	0
691	603	5	0
691	322	3	0
692	328	4	0
693	333	3	0
693	191	2	0
693	159	4	0
693	654	3	0
693	135	4	0
693	855	2	0
693	291	3	0
693	611	4	0
693	484	3	0
694	654	4	0
694	135	5	0
694	484	4	0
694	356	4	0
694	603	4	0
694	191	5	0
694	1020	4	0
694	659	4	0
695	682	1	0
695	324	2	0
695	260	4	0
695	333	2	0
695	312	3	0
695	328	3	0
695	302	4	0
695	307	4	0
696	124	5	0
696	302	5	0
696	312	4	0
696	307	5	0
696	327	4	0
697	307	4	0
697	302	5	0
697	324	5	0
697	682	2	0
697	260	3	0
697	124	5	0
697	291	5	0
697	328	5	0
697	333	3	0
698	659	3	0
698	654	1	0
698	525	1	0
698	479	2	0
698	135	3	0
698	1020	2	0
698	307	4	0
698	505	2	0
698	513	2	0
698	603	4	0
698	855	2	0
698	945	2	0
698	191	2	0
699	307	3	0
699	322	3	0
699	1129	3	0
699	124	4	0
699	324	4	0
699	291	3	0
699	405	3	0
699	333	3	0
699	978	4	0
699	479	3	0
699	1284	3	0
699	191	3	0
699	878	3	0
699	328	2	0
701	312	3	0
701	124	5	0
701	333	3	0
701	328	4	0
702	350	1	0
702	307	2	0
703	322	3	0
703	328	3	0
704	611	3	0
704	322	2	0
704	493	4	0
704	135	5	0
704	191	3	0
704	603	5	0
704	654	5	0
704	302	4	0
705	405	4	0
705	191	1	0
706	682	2	0
706	333	1	0
707	191	5	0
707	533	5	0
707	479	3	0
707	1101	4	0
707	654	4	0
707	505	4	0
707	302	4	0
707	525	3	0
707	124	4	0
707	770	3	0
707	135	2	0
707	603	3	0
707	902	5	0
708	328	3	0
708	405	4	0
708	322	3	0
709	769	3	0
709	405	3	0
710	327	3	0
710	654	4	0
710	603	4	0
710	334	2	0
710	333	3	0
710	479	5	0
710	135	5	0
710	1101	4	0
710	302	4	0
711	191	5	0
711	312	5	0
711	135	4	0
712	191	3	0
713	327	2	0
713	302	4	0
713	307	3	0
713	342	3	0
714	291	3	0
714	405	5	0
715	135	2	0
715	159	3	0
715	405	3	0
716	191	5	0
716	659	4	0
716	505	4	0
716	611	5	0
716	135	3	0
716	493	5	0
716	525	3	0
716	405	4	0
716	1020	5	0
716	603	5	0
716	1101	5	0
716	260	1	0
716	484	4	0
716	479	4	0
716	159	4	0
717	260	1	0
717	307	5	0
717	324	3	0
717	302	5	0
717	327	3	0
717	405	3	0
717	291	4	0
717	322	5	0
717	328	4	0
717	333	4	0
717	312	5	0
718	405	5	0
719	659	4	0
719	291	3	0
720	333	4	0
720	902	4	0
720	302	5	0
721	327	2	0
721	322	4	0
721	260	3	0
721	682	3	0
721	191	3	0
721	328	5	0
721	334	1	0
721	809	1	0
721	324	3	0
721	878	3	0
721	302	3	0
721	135	3	0
721	333	3	0
722	405	3	0
722	322	3	0
722	333	5	0
722	307	4	0
722	291	4	0
722	328	5	0
722	124	4	0
723	191	3	0
723	322	2	0
724	342	3	0
724	322	1	0
724	333	4	0
724	328	4	0
724	307	3	0
724	327	4	0
724	682	1	0
724	302	3	0
725	328	4	0
725	322	4	0
725	333	5	0
727	312	3	0
727	405	3	0
727	809	4	0
727	260	1	0
727	135	2	0
727	291	4	0
727	191	4	0
727	159	2	0
727	356	3	0
727	1042	2	0
727	328	4	0
728	124	3	0
728	322	4	0
729	322	4	0
729	333	4	0
729	328	3	0
730	328	2	0
730	327	2	0
730	322	1	0
731	603	5	0
731	945	4	0
731	611	3	0
731	608	4	0
731	484	3	0
732	322	3	0
732	324	2	0
733	324	4	0
733	124	5	0
733	291	2	0
733	405	2	0
733	302	4	0
733	322	2	0
733	1129	4	0
734	191	4	0
734	603	4	0
734	479	4	0
735	327	3	0
735	333	4	0
735	124	5	0
736	533	3	0
736	324	3	0
738	191	4	0
738	603	5	0
738	659	4	0
738	405	2	0
738	260	2	0
738	135	5	0
739	327	5	0
739	333	4	0
739	603	4	0
740	322	3	0
740	302	5	0
740	328	3	0
741	682	3	0
741	945	5	0
741	479	5	0
742	124	4	0
743	302	5	0
743	322	3	0
744	603	5	0
744	479	5	0
744	302	5	0
744	307	4	0
745	124	5	0
745	603	4	0
745	302	4	0
746	135	1	0
746	405	2	0
747	327	4	0
747	1020	4	0
747	603	5	0
747	945	4	0
747	302	5	0
747	135	5	0
747	493	5	0
747	505	5	0
747	479	5	0
747	1003	1	0
747	654	5	0
747	124	5	0
747	1159	2	0
747	333	4	0
747	608	4	0
747	525	5	0
747	659	4	0
748	603	5	0
748	479	4	0
748	654	4	0
748	328	4	0
748	135	4	0
749	191	4	0
749	159	4	0
749	291	4	0
749	322	4	0
749	328	4	0
749	356	4	0
749	809	3	0
749	135	4	0
749	659	5	0
749	405	2	0
749	603	5	0
749	484	5	0
750	328	4	0
750	322	2	0
750	327	4	0
751	479	2	0
751	291	3	0
751	394	4	0
751	405	3	0
751	659	5	0
751	1101	1	0
751	603	4	0
751	302	4	0
751	484	3	0
751	945	3	0
751	809	3	0
752	327	5	0
752	902	5	0
752	260	3	0
752	307	5	0
752	333	3	0
752	302	5	0
752	322	1	0
752	350	4	0
753	322	3	0
753	328	3	0
753	484	5	0
754	328	3	0
754	291	4	0
754	307	3	0
755	328	4	0
755	322	3	0
755	302	4	0
755	327	2	0
756	603	5	0
756	135	2	0
756	159	4	0
757	809	4	0
757	333	4	0
757	260	3	0
757	328	3	0
757	405	4	0
757	350	3	0
757	574	3	0
758	603	5	0
758	587	4	0
758	356	2	0
758	328	1	0
758	484	5	0
758	124	5	0
758	654	4	0
758	191	5	0
758	350	4	0
758	159	3	0
758	1159	5	0
758	312	3	0
758	302	5	0
758	307	3	0
758	405	4	0
758	533	4	0
758	324	5	0
758	135	5	0
758	479	5	0
758	505	5	0
758	291	4	0
758	902	4	0
758	608	5	0
758	342	4	0
759	328	5	0
759	405	4	0
760	682	3	0
761	291	3	0
762	302	5	0
763	505	4	0
763	1129	4	0
763	159	3	0
763	191	4	0
763	1101	3	0
763	135	5	0
764	405	4	0
764	356	4	0
764	191	3	0
764	1284	3	0
766	135	4	0
766	659	3	0
766	484	4	0
766	654	4	0
766	191	4	0
766	493	4	0
766	1444	2	0
767	505	4	0
767	659	5	0
768	405	4	0
768	682	3	0
769	405	2	0
770	334	5	0
770	333	5	0
770	328	3	0
770	302	2	0
771	1129	5	0
772	327	4	0
772	302	5	0
772	307	4	0
772	322	4	0
772	312	4	0
772	328	5	0
773	191	4	0
773	855	2	0
773	260	2	0
773	809	1	0
773	769	1	0
773	324	3	0
774	654	2	0
774	307	1	0
774	659	3	0
774	405	1	0
774	525	2	0
774	135	3	0
775	312	3	0
775	302	3	0
775	327	5	0
775	333	4	0
775	307	4	0
776	525	2	0
776	603	4	0
776	191	5	0
776	135	4	0
776	479	4	0
776	769	3	0
777	135	3	0
778	405	3	0
779	328	4	0
780	659	4	0
780	603	2	0
781	322	2	0
781	327	4	0
781	878	1	0
781	191	4	0
781	135	5	0
781	302	5	0
781	324	4	0
782	1669	2	0
782	322	4	0
782	302	3	0
782	307	4	0
782	682	4	0
782	260	2	0
782	533	2	0
782	902	2	0
782	328	5	0
782	312	4	0
782	333	3	0
782	342	2	0
782	324	2	0
782	878	3	0
782	350	4	0
783	307	5	0
783	334	3	0
783	260	4	0
783	333	4	0
783	328	4	0
784	333	4	0
784	260	4	0
784	334	3	0
784	307	4	0
784	328	3	0
784	302	5	0
784	327	4	0
784	312	3	0
786	405	4	0
786	322	3	0
786	191	4	0
786	484	4	0
787	350	1	0
787	302	3	0
787	333	3	0
787	342	2	0
787	307	4	0
787	324	2	0
787	328	3	0
788	405	4	0
788	809	3	0
788	328	4	0
788	291	4	0
788	322	4	0
788	1042	3	0
788	302	4	0
788	327	3	0
788	356	4	0
788	159	3	0
788	135	3	0
789	124	4	0
790	328	3	0
790	405	3	0
790	135	3	0
790	191	3	0
790	159	3	0
791	302	4	0
791	327	5	0
791	322	4	0
791	328	4	0
792	291	2	0
792	124	4	0
792	405	3	0
793	405	3	0
795	135	3	0
795	405	1	0
795	191	4	0
795	1101	4	0
796	191	4	0
796	479	4	0
796	608	3	0
796	611	4	0
796	1101	5	0
796	333	5	0
796	659	3	0
796	855	3	0
796	484	5	0
796	603	4	0
796	322	3	0
796	159	3	0
796	1042	4	0
796	493	3	0
796	291	4	0
796	945	5	0
796	307	4	0
796	342	5	0
796	328	5	0
796	356	4	0
796	525	4	0
796	405	5	0
796	769	4	0
796	809	4	0
797	307	2	0
797	327	2	0
797	328	2	0
798	805	4	0
798	945	3	0
798	356	3	0
798	493	3	0
798	1284	3	0
798	1003	3	0
798	191	4	0
798	878	4	0
798	769	2	0
798	394	4	0
798	405	5	0
798	659	4	0
798	603	3	0
799	307	3	0
799	479	5	0
799	191	3	0
799	484	3	0
799	654	5	0
800	405	4	0
801	307	4	0
801	333	5	0
801	682	5	0
801	302	4	0
801	328	5	0
802	302	4	0
802	260	4	0
802	333	4	0
802	135	4	0
802	769	5	0
802	327	2	0
802	484	3	0
803	322	2	0
803	307	4	0
803	260	3	0
804	322	5	0
804	654	3	0
804	405	4	0
804	328	4	0
804	1101	3	0
804	603	5	0
804	159	4	0
804	307	4	0
804	291	4	0
804	479	4	0
804	191	4	0
804	135	3	0
804	513	5	0
804	260	2	0
805	603	4	0
805	659	3	0
805	769	2	0
805	1101	5	0
805	191	4	0
805	135	4	0
805	525	4	0
805	322	2	0
805	405	3	0
806	324	2	0
806	302	4	0
806	405	3	0
806	654	5	0
806	484	4	0
806	1129	3	0
807	135	5	0
807	659	4	0
807	405	4	0
807	484	4	0
807	1444	3	0
807	505	3	0
808	312	3	0
808	327	5	0
808	302	5	0
808	333	4	0
809	307	5	0
809	333	3	0
809	302	5	0
809	322	3	0
809	328	5	0
810	328	5	0
810	878	4	0
810	333	5	0
810	902	5	0
810	342	5	0
811	307	4	0
812	682	4	0
812	328	4	0
812	333	5	0
812	302	3	0
813	307	4	0
813	342	1	0
815	333	3	0
815	484	4	0
815	135	2	0
815	159	3	0
815	659	5	0
815	191	5	0
815	405	4	0
815	945	4	0
815	603	3	0
815	479	4	0
816	328	4	0
816	342	4	0
816	322	4	0
816	260	3	0
817	124	4	0
817	405	3	0
817	327	4	0
817	324	2	0
817	328	4	0
818	302	5	0
818	322	2	0
818	312	2	0
818	328	4	0
819	327	4	0
819	533	4	0
819	302	5	0
820	302	5	0
820	328	2	0
820	324	3	0
820	333	5	0
821	484	5	0
821	405	4	0
822	902	4	0
822	333	4	0
823	356	3	0
823	659	4	0
823	159	3	0
823	770	4	0
823	654	5	0
823	333	3	0
823	135	4	0
823	191	5	0
823	124	4	0
824	322	4	0
825	405	5	0
825	291	5	0
825	322	5	0
825	307	4	0
825	124	3	0
826	260	3	0
827	312	2	0
827	302	4	0
827	333	3	0
828	327	4	0
828	322	3	0
828	328	3	0
828	902	4	0
828	302	4	0
829	855	4	0
829	124	4	0
830	484	5	0
831	328	3	0
831	333	4	0
831	260	2	0
831	479	4	0
831	603	5	0
831	327	2	0
831	307	2	0
832	307	4	0
832	322	3	0
832	260	3	0
832	334	2	0
832	328	3	0
833	159	2	0
833	328	2	0
833	479	2	0
833	302	3	0
833	654	5	0
833	405	3	0
833	291	3	0
833	135	4	0
833	191	4	0
833	324	3	0
834	342	2	0
834	405	4	0
834	333	5	0
834	307	4	0
835	505	3	0
835	484	4	0
835	654	5	0
835	191	4	0
835	405	3	0
835	135	5	0
836	659	5	0
836	654	5	0
836	603	5	0
836	324	4	0
836	260	2	0
836	302	5	0
836	322	2	0
836	327	3	0
836	611	5	0
837	328	4	0
838	302	4	0
838	191	5	0
838	945	4	0
838	405	4	0
838	124	4	0
839	260	2	0
839	333	4	0
840	525	5	0
840	611	4	0
840	135	5	0
840	513	5	0
840	654	4	0
840	484	5	0
840	505	5	0
840	945	3	0
840	493	5	0
840	603	5	0
840	659	5	0
840	405	4	0
840	191	4	0
840	479	4	0
840	855	4	0
841	333	4	0
841	322	4	0
841	302	5	0
841	307	5	0
842	328	2	0
842	302	5	0
842	333	4	0
842	902	5	0
842	324	4	0
843	654	2	0
843	191	3	0
843	603	2	0
843	135	5	0
843	159	2	0
844	405	2	0
844	260	1	0
845	302	3	0
846	479	4	0
846	484	5	0
846	302	5	0
846	525	4	0
846	135	4	0
846	608	4	0
846	1101	3	0
846	654	5	0
846	513	5	0
846	603	5	0
846	191	5	0
846	770	5	0
846	493	5	0
846	659	5	0
846	505	5	0
847	603	3	0
847	479	3	0
847	135	4	0
847	191	4	0
847	405	3	0
848	1101	5	0
848	945	5	0
848	654	5	0
848	805	5	0
848	191	5	0
848	405	5	0
848	135	4	0
848	855	5	0
848	484	5	0
848	603	5	0
848	479	5	0
850	659	4	0
851	333	5	0
851	327	4	0
851	342	2	0
851	682	1	0
851	328	3	0
851	302	5	0
851	405	5	0
851	291	4	0
851	307	4	0
851	159	3	0
852	260	3	0
852	405	3	0
853	682	4	0
853	333	4	0
853	322	3	0
853	327	3	0
853	307	1	0
853	334	3	0
853	328	3	0
853	302	4	0
854	333	3	0
854	291	2	0
854	493	5	0
854	324	3	0
854	191	4	0
854	302	3	0
854	505	4	0
854	484	3	0
854	260	3	0
854	479	4	0
854	603	4	0
854	135	4	0
854	1284	2	0
854	405	4	0
854	328	1	0
854	945	3	0
854	855	4	0
854	322	1	0
854	124	5	0
855	855	4	0
856	327	4	0
856	312	2	0
856	307	4	0
856	328	3	0
856	322	4	0
857	328	3	0
858	333	4	0
858	334	4	0
858	327	3	0
858	307	3	0
860	307	3	0
860	333	3	0
860	302	4	0
860	312	4	0
860	159	3	0
860	327	3	0
862	260	5	0
862	603	5	0
862	135	5	0
862	484	4	0
862	978	3	0
862	405	2	0
862	479	4	0
862	505	4	0
863	328	5	0
863	334	5	0
863	682	3	0
863	327	5	0
863	902	5	0
863	342	1	0
863	333	5	0
863	324	5	0
863	322	1	0
863	1313	1	0
863	350	1	0
863	302	4	0
863	307	5	0
864	603	4	0
864	405	5	0
864	159	4	0
864	356	4	0
864	191	4	0
864	333	5	0
864	328	5	0
864	770	3	0
864	394	3	0
864	805	4	0
864	1284	3	0
864	124	5	0
864	1101	4	0
865	328	3	0
865	302	5	0
865	405	2	0
866	302	2	0
867	191	5	0
867	855	5	0
867	1159	5	0
867	603	5	0
867	135	5	0
867	328	5	0
868	405	1	0
868	191	3	0
868	135	5	0
868	159	2	0
868	327	4	0
869	312	2	0
870	659	4	0
870	654	4	0
870	302	4	0
870	1042	2	0
870	328	3	0
870	945	4	0
870	191	3	0
870	124	4	0
870	574	1	0
870	770	4	0
870	608	4	0
870	1020	3	0
870	513	4	0
870	479	5	0
870	333	3	0
870	505	4	0
870	327	4	0
870	603	5	0
870	135	3	0
871	307	3	0
871	333	2	0
871	302	5	0
871	342	4	0
871	324	3	0
872	328	4	0
872	682	3	0
872	405	4	0
872	1284	3	0
872	334	1	0
872	350	3	0
873	342	4	0
873	328	4	0
873	307	3	0
874	654	5	0
874	302	5	0
874	124	4	0
874	191	4	0
875	603	4	0
875	333	5	0
875	654	4	0
875	327	4	0
875	135	4	0
875	302	5	0
875	479	4	0
875	334	4	0
876	878	2	0
877	159	4	0
877	333	4	0
877	307	3	0
877	302	2	0
877	328	2	0
878	855	3	0
878	659	4	0
878	191	4	0
879	1284	3	0
880	342	3	0
880	770	4	0
880	307	4	0
880	405	4	0
880	124	5	0
880	902	4	0
880	603	5	0
880	356	4	0
880	328	4	0
880	769	3	0
880	327	3	0
880	1284	4	0
880	260	4	0
880	302	5	0
880	394	3	0
880	191	5	0
881	405	4	0
881	333	5	0
881	484	4	0
881	291	3	0
881	654	4	0
881	191	5	0
881	356	3	0
881	135	4	0
881	322	4	0
882	191	5	0
882	1444	4	0
882	405	4	0
882	135	5	0
882	291	4	0
883	124	5	0
883	135	4	0
883	312	3	0
883	945	4	0
883	659	3	0
883	322	5	0
883	513	5	0
883	405	3	0
883	302	5	0
883	603	4	0
883	770	4	0
883	479	5	0
883	805	4	0
883	902	4	0
883	342	4	0
884	322	3	0
885	135	2	0
885	405	4	0
885	356	3	0
886	405	3	0
886	328	3	0
886	659	4	0
886	191	5	0
886	159	2	0
887	405	5	0
888	191	5	0
889	533	3	0
889	493	3	0
889	327	3	0
889	405	2	0
889	124	4	0
889	659	4	0
889	654	3	0
889	322	3	0
889	159	3	0
889	1553	3	0
889	484	4	0
889	291	3	0
889	135	2	0
889	603	4	0
889	191	4	0
889	479	4	0
889	513	4	0
889	302	4	0
890	654	5	0
890	324	4	0
890	484	3	0
890	479	5	0
890	603	5	0
890	135	5	0
891	405	3	0
891	978	4	0
892	135	5	0
892	484	5	0
892	1444	3	0
892	659	4	0
892	525	5	0
892	191	5	0
892	159	4	0
892	479	5	0
892	405	4	0
892	291	4	0
893	260	2	0
893	405	5	0
894	327	4	0
894	1313	3	0
894	328	4	0
894	307	3	0
894	855	4	0
894	302	4	0
894	978	3	0
894	334	3	0
894	350	3	0
894	124	5	0
894	322	3	0
894	902	3	0
894	324	3	0
894	312	3	0
894	260	2	0
894	405	3	0
894	333	4	0
894	479	5	0
895	328	4	0
896	770	5	0
896	525	5	0
896	493	5	0
896	302	2	0
896	1042	2	0
896	135	3	0
896	260	2	0
896	654	3	0
896	587	3	0
896	159	2	0
896	124	4	0
896	479	3	0
896	356	3	0
896	603	4	0
896	291	3	0
896	484	4	0
896	405	2	0
896	1101	2	0
896	307	3	0
896	327	5	0
896	809	2	0
896	328	1	0
896	191	4	0
896	1284	2	0
897	479	4	0
897	659	5	0
897	135	3	0
897	603	5	0
897	405	5	0
897	484	3	0
898	328	2	0
898	334	3	0
898	302	4	0
898	324	4	0
898	312	2	0
898	327	5	0
899	479	4	0
899	135	4	0
899	356	2	0
899	1101	5	0
899	291	4	0
899	603	4	0
900	405	3	0
900	654	2	0
900	493	2	0
900	124	4	0
901	135	4	0
901	405	4	0
901	322	4	0
902	327	3	0
902	328	3	0
902	302	3	0
902	191	5	0
902	479	4	0
902	307	3	0
902	333	3	0
903	191	5	0
903	479	4	0
903	333	4	0
903	302	4	0
903	324	4	0
903	405	4	0
903	1101	4	0
904	682	4	0
904	603	4	0
904	328	2	0
905	322	3	0
905	302	5	0
905	333	3	0
905	124	4	0
905	328	3	0
906	405	3	0
906	307	3	0
906	124	4	0
907	312	5	0
907	1284	5	0
907	333	5	0
907	978	5	0
907	405	4	0
907	260	2	0
907	322	5	0
907	356	4	0
907	291	5	0
908	479	4	0
908	484	4	0
908	525	4	0
908	654	3	0
908	322	2	0
908	124	3	0
908	603	4	0
909	682	3	0
910	307	2	0
910	405	4	0
910	124	3	0
910	291	1	0
911	603	5	0
911	479	5	0
911	659	3	0
911	855	5	0
911	484	3	0
911	191	5	0
912	479	4	0
912	654	3	0
912	659	5	0
912	611	3	0
913	302	4	0
913	603	4	0
913	260	1	0
913	191	5	0
915	307	3	0
915	328	2	0
915	334	3	0
915	302	4	0
915	333	3	0
916	135	4	0
916	1101	4	0
916	1042	3	0
916	484	4	0
916	405	2	0
916	159	3	0
916	978	1	0
916	356	3	0
917	405	3	0
917	312	2	0
917	328	2	0
918	1101	4	0
918	659	4	0
918	855	5	0
918	135	1	0
919	124	3	0
919	260	4	0
919	1101	5	0
919	334	4	0
919	878	2	0
919	328	2	0
919	327	4	0
919	302	4	0
919	333	4	0
919	307	4	0
919	322	3	0
919	191	5	0
919	1284	3	0
919	312	2	0
920	307	3	0
920	302	4	0
920	328	2	0
920	333	4	0
920	682	3	0
920	350	4	0
921	328	5	0
921	603	3	0
921	405	3	0
921	484	3	0
921	659	5	0
921	322	3	0
922	135	2	0
922	159	3	0
922	191	3	0
923	307	4	0
923	333	5	0
923	334	5	0
923	405	4	0
923	291	4	0
923	322	4	0
924	322	2	0
925	682	4	0
925	324	4	0
925	327	3	0
925	333	3	0
925	260	3	0
926	322	2	0
926	302	4	0
927	1284	4	0
927	405	5	0
927	328	4	0
928	191	5	0
928	328	3	0
928	333	3	0
928	135	4	0
928	878	5	0
929	654	3	0
929	479	4	0
929	135	5	0
929	484	3	0
930	405	3	0
931	333	5	0
931	302	4	0
931	312	4	0
932	525	5	0
932	1020	5	0
932	493	5	0
932	484	5	0
932	405	4	0
932	479	5	0
932	654	5	0
932	191	4	0
932	513	5	0
932	611	5	0
932	855	5	0
932	603	5	0
932	659	5	0
932	135	5	0
932	805	4	0
933	159	3	0
933	654	4	0
933	405	3	0
933	135	4	0
934	533	3	0
934	405	5	0
934	191	5	0
934	805	4	0
934	135	4	0
934	902	4	0
934	302	4	0
934	855	4	0
935	405	4	0
936	312	3	0
936	327	4	0
936	324	5	0
936	1129	5	0
936	405	2	0
936	333	3	0
936	124	4	0
937	124	4	0
938	291	4	0
938	260	4	0
938	328	2	0
938	333	4	0
938	405	3	0
939	405	4	0
940	191	4	0
940	302	4	0
940	855	5	0
941	124	5	0
942	479	4	0
942	659	5	0
942	124	4	0
942	328	3	0
942	878	4	0
942	945	5	0
942	484	5	0
942	322	3	0
942	135	3	0
943	124	3	0
943	356	4	0
943	405	4	0
