1	103	1	0
21	103	1	0
42	103	3	0
82	103	2	0
159	103	1	0
181	103	1	0
200	103	2	0
254	103	2	0
280	103	3	0
416	103	3	0
463	103	1	0
533	103	3	0
606	103	3	0
648	103	1	0
881	103	1	0
1	104	1	0
181	104	1	0
276	104	1	0
648	104	1	0
847	104	3	0
1	247	1	0
38	247	5	0
222	247	1	0
374	247	1	0
782	247	1	0
1	258	5	0
2	258	3	0
3	258	2	0
4	258	5	0
6	258	2	0
7	258	4	0
8	258	5	0
11	258	5	0
13	258	4	0
15	258	3	0
19	258	4	0
21	258	4	0
22	258	5	0
23	258	5	0
24	258	4	0
25	258	5	0
26	258	3	0
28	258	5	0
30	258	5	0
33	258	4	0
35	258	2	0
39	258	4	0
40	258	3	0
43	258	5	0
44	258	4	0
47	258	4	0
49	258	2	0
52	258	5	0
53	258	4	0
54	258	4	0
56	258	4	0
57	258	5	0
59	258	3	0
61	258	4	0
62	258	5	0
63	258	3	0
64	258	3	0
65	258	3	0
66	258	4	0
68	258	5	0
69	258	4	0
74	258	4	0
76	258	3	0
79	258	5	0
84	258	4	0
85	258	4	0
86	258	5	0
90	258	3	0
92	258	4	0
94	258	5	0
99	258	5	0
100	258	4	0
102	258	4	0
104	258	3	0
105	258	5	0
107	258	4	0
109	258	5	0
110	258	4	0
111	258	4	0
112	258	3	0
113	258	5	0
116	258	4	0
117	258	4	0
118	258	5	0
119	258	2	0
120	258	5	0
125	258	5	0
126	258	4	0
127	258	5	0
128	258	2	0
129	258	2	0
130	258	4	0
133	258	5	0
134	258	4	0
135	258	4	0
136	258	5	0
140	258	3	0
141	258	5	0
143	258	3	0
144	258	4	0
145	258	4	0
146	258	4	0
147	258	4	0
149	258	3	0
151	258	5	0
153	258	5	0
154	258	3	0
157	258	3	0
159	258	4	0
163	258	4	0
164	258	5	0
165	258	5	0
166	258	4	0
168	258	4	0
169	258	5	0
170	258	3	0
171	258	4	0
173	258	4	0
176	258	4	0
177	258	3	0
178	258	4	0
179	258	5	0
180	258	5	0
181	258	3	0
183	258	3	0
184	258	3	0
185	258	4	0
186	258	1	0
190	258	3	0
192	258	5	0
193	258	3	0
195	258	4	0
197	258	4	0
198	258	4	0
199	258	4	0
200	258	4	0
201	258	2	0
202	258	4	0
203	258	3	0
204	258	2	0
205	258	3	0
206	258	4	0
207	258	4	0
209	258	2	0
213	258	4	0
215	258	3	0
217	258	1	0
219	258	5	0
220	258	3	0
221	258	1	0
222	258	5	0
223	258	1	0
224	258	3	0
226	258	5	0
229	258	2	0
234	258	2	0
238	258	3	0
244	258	5	0
245	258	4	0
247	258	5	0
249	258	5	0
250	258	4	0
251	258	3	0
254	258	4	0
255	258	4	0
257	258	3	0
258	258	2	0
260	258	3	0
262	258	4	0
263	258	3	0
265	258	4	0
268	258	2	0
270	258	3	0
271	258	3	0
274	258	5	0
275	258	3	0
276	258	5	0
277	258	4	0
278	258	3	0
281	258	2	0
282	258	5	0
284	258	4	0
285	258	2	0
286	258	4	0
288	258	4	0
293	258	3	0
294	258	3	0
296	258	5	0
297	258	5	0
301	258	4	0
302	258	3	0
303	258	4	0
305	258	4	0
306	258	2	0
307	258	5	0
309	258	5	0
310	258	3	0
311	258	4	0
313	258	3	0
322	258	4	0
323	258	4	0
324	258	4	0
327	258	1	0
328	258	5	0
329	258	3	0
332	258	5	0
334	258	4	0
335	258	1	0
339	258	3	0
343	258	5	0
344	258	3	0
345	258	4	0
347	258	4	0
350	258	3	0
351	258	5	0
353	258	5	0
354	258	4	0
356	258	5	0
357	258	4	0
358	258	4	0
360	258	4	0
361	258	3	0
362	258	4	0
363	258	3	0
365	258	4	0
367	258	4	0
377	258	4	0
378	258	4	0
380	258	4	0
382	258	2	0
384	258	4	0
387	258	4	0
388	258	5	0
390	258	5	0
391	258	3	0
392	258	2	0
393	258	4	0
395	258	4	0
400	258	5	0
402	258	4	0
403	258	4	0
404	258	4	0
407	258	4	0
408	258	3	0
410	258	2	0
411	258	4	0
413	258	4	0
414	258	5	0
415	258	4	0
416	258	5	0
417	258	4	0
418	258	5	0
422	258	4	0
423	258	5	0
424	258	2	0
425	258	2	0
427	258	4	0
429	258	4	0
430	258	4	0
432	258	4	0
435	258	4	0
440	258	4	0
443	258	5	0
444	258	3	0
447	258	5	0
448	258	4	0
450	258	4	0
451	258	4	0
453	258	4	0
454	258	4	0
455	258	5	0
456	258	4	0
457	258	5	0
459	258	3	0
460	258	3	0
461	258	4	0
463	258	5	0
464	258	5	0
465	258	5	0
466	258	4	0
467	258	2	0
468	258	4	0
470	258	4	0
472	258	5	0
474	258	4	0
475	258	1	0
479	258	5	0
480	258	3	0
482	258	2	0
483	258	4	0
484	258	5	0
486	258	5	0
487	258	5	0
488	258	4	0
489	258	5	0
490	258	2	0
491	258	4	0
493	258	5	0
497	258	4	0
498	258	2	0
499	258	2	0
500	258	4	0
502	258	2	0
504	258	5	0
505	258	1	0
506	258	4	0
507	258	4	0
509	258	4	0
510	258	4	0
512	258	3	0
513	258	4	0
514	258	4	0
515	258	4	0
517	258	5	0
521	258	4	0
523	258	5	0
526	258	3	0
528	258	4	0
529	258	4	0
533	258	4	0
535	258	5	0
537	258	4	0
538	258	3	0
539	258	4	0
540	258	4	0
541	258	4	0
544	258	3	0
545	258	3	0
546	258	4	0
547	258	4	0
548	258	4	0
549	258	5	0
550	258	5	0
551	258	4	0
552	258	4	0
555	258	3	0
560	258	5	0
561	258	2	0
564	258	4	0
569	258	5	0
570	258	3	0
573	258	4	0
574	258	5	0
578	258	1	0
579	258	5	0
580	258	5	0
582	258	4	0
583	258	4	0
584	258	4	0
587	258	4	0
588	258	4	0
589	258	2	0
592	258	5	0
595	258	4	0
596	258	3	0
598	258	5	0
601	258	5	0
606	258	4	0
609	258	3	0
613	258	5	0
616	258	4	0
619	258	5	0
623	258	4	0
624	258	4	0
625	258	4	0
626	258	4	0
627	258	4	0
628	258	5	0
629	258	4	0
630	258	3	0
632	258	4	0
634	258	4	0
636	258	5	0
641	258	3	0
642	258	3	0
644	258	4	0
645	258	3	0
646	258	3	0
650	258	3	0
653	258	3	0
654	258	4	0
655	258	2	0
657	258	2	0
659	258	4	0
661	258	4	0
663	258	3	0
666	258	4	0
668	258	2	0
669	258	2	0
671	258	5	0
673	258	2	0
675	258	3	0
676	258	2	0
681	258	1	0
682	258	3	0
683	258	3	0
689	258	5	0
693	258	4	0
698	258	3	0
699	258	5	0
702	258	5	0
703	258	4	0
706	258	4	0
708	258	5	0
710	258	2	0
711	258	4	0
714	258	4	0
717	258	5	0
720	258	4	0
721	258	3	0
723	258	4	0
724	258	4	0
725	258	4	0
727	258	2	0
730	258	5	0
733	258	3	0
735	258	4	0
737	258	5	0
738	258	4	0
740	258	3	0
742	258	5	0
743	258	5	0
745	258	5	0
747	258	2	0
748	258	5	0
749	258	4	0
750	258	3	0
752	258	3	0
755	258	5	0
756	258	3	0
757	258	5	0
758	258	4	0
759	258	4	0
760	258	5	0
761	258	4	0
763	258	3	0
769	258	3	0
770	258	5	0
771	258	5	0
772	258	5	0
773	258	5	0
774	258	1	0
775	258	4	0
779	258	5	0
781	258	2	0
782	258	4	0
783	258	4	0
784	258	5	0
787	258	5	0
788	258	4	0
790	258	3	0
796	258	4	0
798	258	4	0
799	258	5	0
802	258	5	0
805	258	3	0
806	258	3	0
807	258	3	0
809	258	3	0
811	258	5	0
815	258	4	0
816	258	3	0
817	258	3	0
818	258	4	0
819	258	2	0
820	258	3	0
825	258	4	0
826	258	4	0
827	258	3	0
829	258	3	0
831	258	2	0
832	258	3	0
834	258	4	0
836	258	4	0
837	258	4	0
838	258	5	0
839	258	4	0
841	258	5	0
842	258	3	0
843	258	4	0
844	258	4	0
846	258	3	0
847	258	5	0
851	258	4	0
853	258	3	0
854	258	4	0
856	258	4	0
857	258	5	0
862	258	5	0
863	258	5	0
864	258	5	0
865	258	4	0
867	258	3	0
870	258	4	0
871	258	5	0
872	258	4	0
873	258	3	0
875	258	4	0
877	258	4	0
878	258	3	0
880	258	4	0
882	258	3	0
884	258	5	0
887	258	1	0
889	258	4	0
890	258	3	0
893	258	3	0
894	258	4	0
896	258	5	0
898	258	3	0
899	258	5	0
902	258	3	0
905	258	3	0
907	258	4	0
913	258	4	0
915	258	2	0
919	258	4	0
920	258	4	0
922	258	4	0
924	258	3	0
926	258	4	0
931	258	3	0
936	258	3	0
937	258	4	0
938	258	5	0
939	258	4	0
940	258	5	0
941	258	4	0
942	258	4	0
2	286	4	0
6	286	2	0
7	286	4	0
9	286	5	0
10	286	4	0
11	286	5	0
13	286	3	0
15	286	2	0
16	286	2	0
17	286	3	0
18	286	5	0
21	286	3	0
24	286	5	0
26	286	3	0
27	286	3	0
28	286	3	0
29	286	5	0
30	286	5	0
34	286	5	0
40	286	2	0
41	286	4	0
43	286	4	0
46	286	5	0
47	286	3	0
48	286	3	0
50	286	2	0
59	286	3	0
60	286	5	0
62	286	3	0
63	286	4	0
66	286	1	0
68	286	5	0
71	286	4	0
73	286	4	0
76	286	5	0
79	286	5	0
82	286	4	0
84	286	5	0
85	286	4	0
86	286	3	0
88	286	5	0
90	286	5	0
94	286	4	0
95	286	5	0
100	286	3	0
102	286	3	0
104	286	1	0
105	286	4	0
106	286	4	0
107	286	2	0
111	286	4	0
112	286	4	0
113	286	4	0
116	286	3	0
119	286	5	0
120	286	5	0
123	286	5	0
126	286	3	0
127	286	1	0
129	286	5	0
130	286	5	0
131	286	5	0
132	286	3	0
133	286	2	0
134	286	3	0
136	286	5	0
139	286	4	0
140	286	5	0
141	286	4	0
143	286	2	0
144	286	4	0
145	286	3	0
146	286	3	0
147	286	5	0
149	286	5	0
151	286	5	0
152	286	5	0
154	286	4	0
155	286	4	0
157	286	5	0
158	286	4	0
159	286	1	0
161	286	2	0
163	286	3	0
166	286	1	0
171	286	3	0
173	286	5	0
174	286	5	0
176	286	2	0
178	286	3	0
181	286	1	0
184	286	4	0
185	286	4	0
191	286	4	0
193	286	4	0
194	286	1	0
196	286	5	0
197	286	1	0
199	286	5	0
200	286	4	0
201	286	2	0
202	286	1	0
204	286	3	0
205	286	2	0
207	286	2	0
209	286	2	0
211	286	4	0
212	286	4	0
213	286	3	0
216	286	4	0
220	286	5	0
221	286	4	0
223	286	1	0
224	286	3	0
225	286	4	0
226	286	4	0
227	286	3	0
228	286	5	0
229	286	4	0
232	286	3	0
233	286	3	0
234	286	3	0
236	286	5	0
237	286	3	0
238	286	5	0
239	286	1	0
240	286	5	0
241	286	5	0
243	286	4	0
252	286	5	0
254	286	1	0
257	286	5	0
258	286	5	0
259	286	4	0
264	286	2	0
266	286	4	0
268	286	5	0
270	286	5	0
271	286	4	0
273	286	3	0
277	286	5	0
278	286	5	0
280	286	4	0
284	286	4	0
285	286	3	0
288	286	4	0
293	286	3	0
294	286	5	0
296	286	5	0
297	286	5	0
298	286	4	0
299	286	4	0
303	286	5	0
304	286	1	0
305	286	4	0
306	286	4	0
307	286	3	0
309	286	4	0
315	286	5	0
316	286	5	0
318	286	3	0
321	286	4	0
323	286	3	0
324	286	5	0
325	286	4	0
327	286	2	0
328	286	5	0
329	286	4	0
330	286	5	0
331	286	4	0
334	286	4	0
338	286	4	0
339	286	5	0
342	286	4	0
343	286	4	0
344	286	3	0
345	286	3	0
347	286	3	0
350	286	5	0
351	286	5	0
353	286	5	0
354	286	4	0
355	286	5	0
356	286	3	0
359	286	5	0
360	286	5	0
361	286	5	0
364	286	5	0
372	286	5	0
373	286	3	0
378	286	5	0
379	286	4	0
380	286	5	0
382	286	2	0
383	286	5	0
384	286	4	0
385	286	3	0
387	286	2	0
389	286	2	0
390	286	4	0
391	286	4	0
392	286	2	0
395	286	4	0
397	286	4	0
400	286	4	0
401	286	2	0
402	286	5	0
404	286	1	0
406	286	3	0
407	286	4	0
408	286	3	0
409	286	5	0
410	286	4	0
413	286	5	0
416	286	5	0
417	286	5	0
419	286	4	0
420	286	4	0
422	286	5	0
423	286	4	0
424	286	4	0
425	286	1	0
427	286	4	0
428	286	3	0
430	286	4	0
431	286	4	0
433	286	5	0
437	286	2	0
438	286	2	0
442	286	2	0
443	286	5	0
444	286	2	0
446	286	3	0
447	286	2	0
448	286	2	0
449	286	4	0
450	286	4	0
451	286	1	0
452	286	4	0
454	286	3	0
455	286	5	0
456	286	3	0
458	286	4	0
459	286	4	0
460	286	4	0
463	286	4	0
464	286	3	0
465	286	4	0
468	286	4	0
469	286	5	0
470	286	4	0
474	286	5	0
475	286	2	0
479	286	1	0
482	286	3	0
483	286	3	0
485	286	2	0
486	286	2	0
487	286	2	0
488	286	1	0
489	286	4	0
490	286	2	0
491	286	4	0
492	286	4	0
494	286	4	0
500	286	1	0
503	286	3	0
510	286	3	0
512	286	5	0
515	286	2	0
516	286	5	0
520	286	5	0
524	286	5	0
527	286	2	0
529	286	4	0
531	286	5	0
533	286	4	0
534	286	3	0
535	286	2	0
537	286	3	0
539	286	4	0
540	286	4	0
544	286	4	0
546	286	2	0
548	286	1	0
551	286	4	0
552	286	4	0
554	286	4	0
556	286	4	0
558	286	4	0
561	286	4	0
562	286	4	0
568	286	3	0
569	286	5	0
570	286	4	0
572	286	4	0
573	286	3	0
574	286	3	0
579	286	4	0
580	286	4	0
583	286	4	0
585	286	4	0
587	286	4	0
588	286	4	0
589	286	3	0
590	286	5	0
591	286	4	0
592	286	5	0
593	286	5	0
594	286	3	0
596	286	4	0
597	286	3	0
598	286	5	0
605	286	4	0
608	286	4	0
611	286	5	0
614	286	2	0
615	286	4	0
616	286	5	0
623	286	2	0
624	286	5	0
625	286	4	0
626	286	5	0
629	286	4	0
631	286	3	0
634	286	5	0
637	286	5	0
639	286	4	0
645	286	4	0
646	286	3	0
648	286	1	0
650	286	3	0
651	286	4	0
652	286	3	0
653	286	4	0
655	286	3	0
656	286	1	0
657	286	4	0
662	286	3	0
663	286	3	0
664	286	4	0
665	286	4	0
666	286	5	0
668	286	4	0
673	286	4	0
675	286	4	0
676	286	4	0
677	286	1	0
679	286	5	0
680	286	4	0
681	286	5	0
683	286	2	0
685	286	1	0
687	286	3	0
695	286	3	0
696	286	5	0
697	286	4	0
699	286	3	0
701	286	4	0
704	286	5	0
705	286	3	0
707	286	5	0
710	286	4	0
711	286	4	0
713	286	3	0
717	286	3	0
720	286	5	0
721	286	5	0
722	286	4	0
723	286	3	0
724	286	1	0
725	286	5	0
728	286	3	0
732	286	5	0
733	286	4	0
735	286	5	0
736	286	4	0
739	286	2	0
740	286	5	0
743	286	3	0
745	286	1	0
747	286	4	0
748	286	3	0
750	286	4	0
752	286	1	0
753	286	3	0
754	286	3	0
755	286	5	0
758	286	5	0
762	286	4	0
763	286	4	0
764	286	4	0
765	286	5	0
771	286	2	0
773	286	3	0
775	286	4	0
777	286	2	0
780	286	4	0
781	286	1	0
782	286	2	0
783	286	3	0
784	286	3	0
786	286	4	0
787	286	3	0
788	286	5	0
789	286	1	0
791	286	3	0
794	286	3	0
796	286	2	0
797	286	2	0
799	286	5	0
802	286	2	0
803	286	5	0
806	286	3	0
808	286	4	0
809	286	4	0
810	286	4	0
811	286	5	0
812	286	2	0
818	286	4	0
819	286	5	0
820	286	4	0
823	286	5	0
824	286	2	0
825	286	4	0
827	286	3	0
828	286	4	0
829	286	4	0
832	286	3	0
834	286	4	0
835	286	3	0
836	286	3	0
837	286	4	0
838	286	4	0
839	286	4	0
841	286	5	0
845	286	5	0
851	286	4	0
853	286	3	0
854	286	1	0
856	286	4	0
858	286	4	0
860	286	4	0
861	286	4	0
863	286	5	0
864	286	5	0
867	286	5	0
870	286	4	0
871	286	3	0
873	286	2	0
874	286	4	0
875	286	3	0
876	286	5	0
877	286	2	0
878	286	4	0
881	286	2	0
883	286	3	0
888	286	5	0
890	286	5	0
891	286	5	0
893	286	4	0
894	286	5	0
898	286	2	0
906	286	5	0
907	286	5	0
909	286	4	0
910	286	3	0
915	286	4	0
916	286	4	0
919	286	4	0
920	286	2	0
924	286	3	0
926	286	4	0
930	286	3	0
931	286	5	0
934	286	4	0
935	286	5	0
936	286	5	0
937	286	4	0
938	286	3	0
940	286	3	0
2	288	3	0
3	288	2	0
4	288	4	0
7	288	4	0
13	288	1	0
14	288	4	0
16	288	3	0
19	288	3	0
20	288	1	0
21	288	3	0
24	288	3	0
26	288	4	0
27	288	3	0
28	288	5	0
32	288	4	0
33	288	4	0
34	288	2	0
36	288	4	0
37	288	4	0
38	288	5	0
39	288	5	0
45	288	3	0
46	288	2	0
47	288	2	0
50	288	4	0
52	288	3	0
54	288	4	0
57	288	4	0
59	288	5	0
62	288	2	0
63	288	3	0
64	288	4	0
66	288	4	0
68	288	4	0
69	288	5	0
73	288	3	0
74	288	3	0
76	288	2	0
78	288	4	0
79	288	3	0
81	288	3	0
82	288	3	0
86	288	3	0
92	288	3	0
94	288	3	0
99	288	4	0
100	288	2	0
101	288	4	0
102	288	2	0
104	288	2	0
105	288	4	0
107	288	3	0
109	288	5	0
110	288	4	0
113	288	3	0
116	288	3	0
117	288	3	0
118	288	5	0
119	288	4	0
123	288	3	0
126	288	4	0
127	288	5	0
129	288	1	0
130	288	5	0
135	288	3	0
139	288	4	0
140	288	3	0
141	288	3	0
142	288	3	0
143	288	5	0
144	288	2	0
150	288	4	0
154	288	3	0
155	288	3	0
159	288	3	0
160	288	5	0
163	288	3	0
165	288	2	0
166	288	3	0
167	288	3	0
168	288	1	0
170	288	3	0
171	288	2	0
174	288	3	0
176	288	3	0
177	288	5	0
178	288	5	0
179	288	5	0
181	288	4	0
186	288	1	0
188	288	4	0
190	288	5	0
191	288	3	0
193	288	1	0
197	288	3	0
200	288	5	0
201	288	4	0
203	288	5	0
204	288	3	0
206	288	5	0
213	288	4	0
214	288	3	0
215	288	2	0
218	288	2	0
220	288	5	0
221	288	3	0
222	288	4	0
223	288	3	0
227	288	2	0
228	288	4	0
229	288	4	0
234	288	3	0
239	288	2	0
240	288	5	0
241	288	5	0
246	288	5	0
250	288	4	0
251	288	4	0
255	288	4	0
256	288	5	0
257	288	3	0
258	288	1	0
259	288	3	0
260	288	3	0
261	288	4	0
262	288	3	0
264	288	5	0
265	288	4	0
268	288	4	0
270	288	5	0
272	288	4	0
274	288	4	0
276	288	4	0
278	288	5	0
279	288	3	0
280	288	5	0
281	288	4	0
282	288	4	0
283	288	2	0
285	288	5	0
286	288	5	0
291	288	5	0
292	288	3	0
293	288	3	0
294	288	5	0
297	288	3	0
299	288	3	0
300	288	4	0
301	288	4	0
303	288	4	0
304	288	3	0
308	288	4	0
314	288	5	0
315	288	3	0
317	288	4	0
320	288	4	0
323	288	3	0
324	288	5	0
327	288	4	0
329	288	2	0
332	288	5	0
334	288	3	0
335	288	4	0
336	288	3	0
339	288	3	0
341	288	4	0
342	288	5	0
343	288	2	0
344	288	4	0
345	288	3	0
346	288	2	0
347	288	5	0
348	288	5	0
349	288	3	0
351	288	3	0
355	288	5	0
356	288	4	0
362	288	4	0
363	288	4	0
364	288	4	0
365	288	5	0
366	288	4	0
367	288	5	0
368	288	3	0
372	288	5	0
374	288	4	0
375	288	4	0
376	288	3	0
377	288	5	0
378	288	3	0
387	288	3	0
388	288	5	0
391	288	3	0
392	288	4	0
393	288	3	0
394	288	4	0
395	288	2	0
396	288	3	0
397	288	4	0
399	288	3	0
400	288	4	0
403	288	4	0
404	288	3	0
405	288	5	0
407	288	4	0
408	288	4	0
409	288	1	0
412	288	4	0
414	288	5	0
416	288	5	0
417	288	3	0
418	288	5	0
420	288	3	0
422	288	3	0
424	288	1	0
425	288	5	0
428	288	4	0
429	288	3	0
430	288	4	0
432	288	5	0
434	288	5	0
435	288	4	0
436	288	4	0
437	288	2	0
439	288	3	0
441	288	2	0
442	288	4	0
445	288	2	0
446	288	2	0
447	288	4	0
448	288	1	0
449	288	3	0
450	288	3	0
451	288	5	0
452	288	2	0
453	288	4	0
455	288	2	0
457	288	4	0
458	288	3	0
460	288	2	0
462	288	5	0
463	288	1	0
464	288	4	0
466	288	4	0
467	288	4	0
470	288	4	0
472	288	5	0
474	288	3	0
476	288	4	0
478	288	5	0
479	288	3	0
482	288	3	0
485	288	3	0
486	288	4	0
487	288	4	0
488	288	2	0
489	288	4	0
493	288	4	0
495	288	4	0
496	288	2	0
497	288	2	0
498	288	3	0
501	288	4	0
502	288	5	0
504	288	5	0
507	288	5	0
509	288	5	0
510	288	3	0
511	288	4	0
515	288	4	0
518	288	3	0
519	288	4	0
521	288	3	0
525	288	4	0
526	288	4	0
529	288	4	0
531	288	1	0
533	288	2	0
534	288	4	0
537	288	2	0
542	288	2	0
544	288	2	0
546	288	4	0
548	288	3	0
549	288	4	0
550	288	5	0
551	288	4	0
552	288	2	0
554	288	3	0
555	288	3	0
556	288	4	0
557	288	1	0
560	288	4	0
566	288	3	0
569	288	3	0
570	288	2	0
574	288	4	0
578	288	3	0
579	288	4	0
580	288	5	0
582	288	3	0
586	288	4	0
587	288	4	0
588	288	4	0
589	288	5	0
592	288	5	0
593	288	4	0
595	288	3	0
596	288	4	0
599	288	4	0
601	288	1	0
603	288	3	0
604	288	3	0
605	288	5	0
606	288	4	0
608	288	5	0
609	288	2	0
610	288	3	0
611	288	3	0
614	288	2	0
616	288	4	0
617	288	1	0
618	288	3	0
619	288	3	0
620	288	4	0
623	288	1	0
624	288	4	0
626	288	3	0
627	288	3	0
628	288	5	0
629	288	4	0
630	288	4	0
631	288	3	0
632	288	3	0
633	288	2	0
634	288	3	0
642	288	1	0
643	288	4	0
645	288	3	0
646	288	3	0
648	288	4	0
650	288	3	0
652	288	2	0
654	288	3	0
655	288	3	0
663	288	4	0
666	288	3	0
668	288	4	0
671	288	5	0
673	288	4	0
674	288	3	0
676	288	1	0
677	288	5	0
679	288	4	0
681	288	1	0
682	288	4	0
683	288	3	0
685	288	2	0
687	288	4	0
688	288	5	0
693	288	2	0
695	288	4	0
697	288	2	0
699	288	3	0
702	288	1	0
703	288	4	0
706	288	3	0
709	288	5	0
711	288	1	0
715	288	4	0
717	288	1	0
721	288	3	0
724	288	4	0
725	288	3	0
729	288	2	0
732	288	4	0
733	288	2	0
734	288	4	0
735	288	4	0
739	288	1	0
740	288	4	0
741	288	4	0
743	288	2	0
747	288	4	0
750	288	4	0
752	288	5	0
755	288	1	0
757	288	4	0
758	288	4	0
760	288	4	0
761	288	4	0
768	288	4	0
770	288	4	0
772	288	2	0
773	288	2	0
777	288	4	0
781	288	2	0
782	288	4	0
783	288	3	0
785	288	3	0
787	288	1	0
789	288	3	0
790	288	4	0
791	288	3	0
793	288	4	0
801	288	5	0
802	288	3	0
804	288	1	0
805	288	1	0
806	288	3	0
808	288	3	0
810	288	3	0
812	288	4	0
814	288	4	0
816	288	4	0
817	288	4	0
818	288	5	0
820	288	5	0
824	288	3	0
825	288	1	0
826	288	3	0
827	288	3	0
828	288	3	0
830	288	1	0
831	288	1	0
832	288	3	0
833	288	2	0
834	288	5	0
835	288	2	0
836	288	1	0
841	288	3	0
842	288	3	0
843	288	4	0
846	288	4	0
847	288	4	0
849	288	5	0
853	288	4	0
854	288	5	0
859	288	4	0
862	288	5	0
863	288	4	0
864	288	5	0
869	288	3	0
870	288	4	0
872	288	5	0
875	288	4	0
876	288	3	0
877	288	3	0
880	288	4	0
882	288	3	0
886	288	4	0
887	288	4	0
892	288	4	0
893	288	3	0
894	288	3	0
896	288	3	0
897	288	5	0
898	288	4	0
900	288	2	0
903	288	4	0
904	288	4	0
907	288	5	0
908	288	4	0
910	288	3	0
913	288	2	0
915	288	2	0
919	288	4	0
920	288	3	0
921	288	3	0
922	288	2	0
923	288	5	0
924	288	3	0
925	288	5	0
926	288	3	0
927	288	5	0
928	288	3	0
930	288	1	0
938	288	5	0
2	294	1	0
3	294	2	0
4	294	5	0
6	294	2	0
7	294	1	0
8	294	3	0
9	294	4	0
10	294	3	0
13	294	2	0
16	294	4	0
17	294	4	0
19	294	3	0
21	294	3	0
22	294	1	0
23	294	1	0
24	294	3	0
26	294	3	0
28	294	3	0
29	294	4	0
30	294	4	0
32	294	3	0
33	294	3	0
34	294	1	0
38	294	5	0
39	294	4	0
40	294	4	0
42	294	4	0
43	294	5	0
44	294	4	0
46	294	2	0
48	294	3	0
49	294	1	0
56	294	4	0
57	294	4	0
61	294	2	0
62	294	1	0
63	294	2	0
65	294	4	0
66	294	4	0
69	294	2	0
74	294	4	0
75	294	3	0
78	294	3	0
82	294	4	0
83	294	3	0
84	294	3	0
91	294	3	0
92	294	3	0
95	294	2	0
99	294	4	0
100	294	4	0
102	294	2	0
103	294	4	0
104	294	3	0
108	294	4	0
109	294	4	0
110	294	3	0
112	294	3	0
113	294	4	0
116	294	2	0
119	294	1	0
121	294	4	0
123	294	1	0
125	294	4	0
126	294	3	0
127	294	4	0
128	294	4	0
130	294	5	0
133	294	3	0
134	294	4	0
135	294	4	0
140	294	3	0
141	294	4	0
142	294	3	0
143	294	3	0
144	294	4	0
145	294	4	0
146	294	1	0
152	294	4	0
153	294	2	0
155	294	3	0
158	294	1	0
159	294	4	0
162	294	3	0
166	294	3	0
168	294	4	0
170	294	3	0
173	294	5	0
176	294	2	0
177	294	4	0
178	294	2	0
181	294	2	0
183	294	3	0
186	294	3	0
188	294	2	0
189	294	5	0
190	294	3	0
193	294	1	0
194	294	4	0
197	294	4	0
199	294	1	0
200	294	4	0
203	294	2	0
205	294	3	0
206	294	2	0
207	294	3	0
213	294	3	0
214	294	3	0
218	294	2	0
220	294	4	0
222	294	3	0
223	294	4	0
224	294	4	0
227	294	3	0
230	294	5	0
232	294	2	0
234	294	3	0
236	294	2	0
238	294	3	0
241	294	3	0
242	294	4	0
244	294	4	0
246	294	2	0
248	294	3	0
249	294	3	0
250	294	1	0
251	294	3	0
253	294	4	0
255	294	2	0
256	294	3	0
258	294	4	0
259	294	3	0
261	294	4	0
262	294	2	0
263	294	2	0
264	294	3	0
265	294	4	0
267	294	3	0
268	294	3	0
271	294	2	0
274	294	3	0
275	294	4	0
276	294	4	0
278	294	4	0
279	294	2	0
280	294	2	0
281	294	3	0
282	294	4	0
283	294	4	0
287	294	5	0
288	294	2	0
291	294	5	0
293	294	2	0
294	294	4	0
296	294	1	0
297	294	3	0
298	294	3	0
299	294	2	0
300	294	3	0
301	294	4	0
302	294	1	0
303	294	4	0
304	294	4	0
308	294	3	0
310	294	1	0
311	294	4	0
314	294	5	0
318	294	4	0
320	294	4	0
323	294	3	0
324	294	5	0
327	294	3	0
328	294	3	0
329	294	2	0
332	294	5	0
333	294	3	0
336	294	4	0
338	294	1	0
341	294	3	0
342	294	3	0
345	294	3	0
346	294	3	0
347	294	1	0
348	294	4	0
356	294	1	0
357	294	4	0
362	294	3	0
364	294	5	0
365	294	1	0
370	294	1	0
374	294	2	0
377	294	5	0
378	294	2	0
379	294	3	0
381	294	5	0
387	294	2	0
388	294	4	0
391	294	2	0
392	294	4	0
393	294	4	0
394	294	4	0
400	294	3	0
401	294	1	0
404	294	4	0
406	294	3	0
408	294	5	0
414	294	2	0
416	294	4	0
417	294	4	0
422	294	3	0
424	294	5	0
425	294	2	0
428	294	4	0
430	294	2	0
431	294	5	0
432	294	4	0
433	294	3	0
435	294	4	0
441	294	4	0
442	294	2	0
443	294	5	0
446	294	1	0
447	294	4	0
450	294	4	0
451	294	5	0
452	294	2	0
456	294	1	0
457	294	2	0
459	294	5	0
460	294	2	0
461	294	3	0
464	294	4	0
466	294	3	0
468	294	3	0
470	294	3	0
472	294	4	0
474	294	3	0
476	294	3	0
477	294	4	0
479	294	3	0
480	294	1	0
482	294	4	0
484	294	4	0
485	294	1	0
486	294	2	0
487	294	4	0
488	294	4	0
489	294	3	0
491	294	2	0
494	294	4	0
497	294	4	0
500	294	3	0
501	294	3	0
502	294	3	0
504	294	2	0
505	294	3	0
506	294	4	0
507	294	5	0
509	294	2	0
510	294	3	0
511	294	4	0
514	294	3	0
515	294	3	0
517	294	1	0
520	294	3	0
526	294	3	0
528	294	3	0
529	294	4	0
533	294	4	0
534	294	5	0
537	294	1	0
538	294	3	0
540	294	4	0
544	294	2	0
546	294	1	0
547	294	1	0
548	294	3	0
550	294	3	0
551	294	4	0
552	294	4	0
554	294	3	0
556	294	2	0
557	294	3	0
559	294	1	0
563	294	3	0
569	294	2	0
575	294	1	0
576	294	3	0
577	294	4	0
578	294	3	0
579	294	4	0
580	294	4	0
582	294	1	0
587	294	3	0
588	294	4	0
589	294	5	0
592	294	3	0
595	294	2	0
596	294	4	0
597	294	4	0
599	294	4	0
601	294	1	0
602	294	5	0
603	294	4	0
605	294	4	0
606	294	2	0
608	294	3	0
609	294	2	0
610	294	1	0
614	294	4	0
615	294	3	0
617	294	1	0
619	294	1	0
620	294	5	0
622	294	3	0
624	294	3	0
625	294	3	0
626	294	3	0
628	294	4	0
629	294	3	0
630	294	4	0
631	294	3	0
634	294	4	0
635	294	3	0
637	294	3	0
642	294	5	0
644	294	4	0
646	294	2	0
647	294	3	0
648	294	3	0
650	294	3	0
651	294	1	0
652	294	2	0
653	294	2	0
654	294	3	0
655	294	3	0
657	294	5	0
659	294	4	0
660	294	3	0
661	294	4	0
663	294	3	0
665	294	2	0
666	294	3	0
668	294	3	0
673	294	4	0
674	294	4	0
676	294	4	0
677	294	5	0
679	294	1	0
680	294	4	0
681	294	5	0
682	294	3	0
683	294	3	0
687	294	3	0
690	294	3	0
691	294	4	0
692	294	3	0
697	294	4	0
698	294	4	0
699	294	3	0
702	294	1	0
703	294	2	0
706	294	4	0
707	294	2	0
708	294	3	0
709	294	3	0
710	294	3	0
712	294	4	0
714	294	4	0
716	294	4	0
717	294	3	0
719	294	2	0
721	294	3	0
722	294	2	0
724	294	4	0
725	294	3	0
726	294	5	0
727	294	4	0
729	294	2	0
730	294	4	0
732	294	3	0
733	294	2	0
734	294	1	0
736	294	3	0
740	294	4	0
742	294	3	0
743	294	2	0
749	294	2	0
750	294	4	0
752	294	3	0
753	294	5	0
755	294	3	0
758	294	5	0
759	294	5	0
761	294	3	0
764	294	3	0
766	294	2	0
770	294	3	0
771	294	4	0
772	294	4	0
774	294	1	0
779	294	5	0
780	294	3	0
781	294	1	0
782	294	3	0
783	294	3	0
785	294	4	0
787	294	3	0
788	294	3	0
789	294	3	0
790	294	2	0
791	294	3	0
793	294	5	0
796	294	3	0
797	294	3	0
800	294	3	0
801	294	5	0
802	294	4	0
804	294	5	0
805	294	1	0
808	294	5	0
810	294	5	0
811	294	4	0
812	294	5	0
813	294	1	0
816	294	5	0
817	294	4	0
821	294	4	0
823	294	3	0
824	294	3	0
825	294	4	0
826	294	4	0
827	294	4	0
829	294	2	0
830	294	3	0
831	294	4	0
832	294	4	0
834	294	3	0
835	294	3	0
837	294	4	0
844	294	2	0
846	294	3	0
848	294	5	0
850	294	5	0
853	294	2	0
854	294	2	0
856	294	4	0
857	294	3	0
859	294	3	0
860	294	2	0
861	294	3	0
863	294	4	0
864	294	4	0
865	294	4	0
867	294	3	0
869	294	3	0
872	294	3	0
873	294	4	0
875	294	2	0
876	294	4	0
879	294	3	0
880	294	4	0
881	294	3	0
882	294	4	0
887	294	5	0
889	294	3	0
893	294	3	0
895	294	4	0
897	294	3	0
900	294	4	0
901	294	3	0
902	294	2	0
905	294	3	0
907	294	4	0
909	294	3	0
919	294	3	0
921	294	4	0
922	294	4	0
923	294	4	0
926	294	3	0
927	294	5	0
936	294	3	0
937	294	1	0
940	294	4	0
941	294	4	0
2	300	4	0
3	300	2	0
4	300	5	0
7	300	4	0
11	300	3	0
12	300	4	0
13	300	1	0
15	300	4	0
16	300	5	0
21	300	3	0
24	300	4	0
26	300	4	0
29	300	3	0
33	300	4	0
35	300	5	0
39	300	3	0
40	300	3	0
43	300	5	0
46	300	3	0
49	300	1	0
56	300	4	0
58	300	4	0
61	300	5	0
63	300	4	0
64	300	3	0
66	300	5	0
69	300	3	0
70	300	4	0
74	300	3	0
83	300	3	0
84	300	4	0
85	300	3	0
86	300	3	0
87	300	3	0
88	300	3	0
90	300	3	0
91	300	4	0
99	300	4	0
100	300	4	0
102	300	3	0
103	300	3	0
104	300	3	0
107	300	1	0
110	300	3	0
112	300	4	0
113	300	3	0
116	300	3	0
119	300	5	0
121	300	3	0
125	300	5	0
126	300	4	0
127	300	5	0
128	300	5	0
129	300	3	0
130	300	5	0
133	300	3	0
134	300	3	0
137	300	5	0
141	300	5	0
144	300	3	0
145	300	3	0
146	300	3	0
149	300	3	0
151	300	4	0
155	300	2	0
163	300	3	0
164	300	5	0
166	300	5	0
168	300	5	0
169	300	5	0
170	300	5	0
173	300	4	0
177	300	2	0
178	300	5	0
179	300	4	0
181	300	3	0
186	300	5	0
187	300	4	0
188	300	4	0
190	300	4	0
191	300	4	0
193	300	4	0
195	300	3	0
197	300	4	0
198	300	2	0
204	300	3	0
205	300	3	0
206	300	1	0
210	300	4	0
211	300	2	0
215	300	3	0
217	300	4	0
220	300	5	0
222	300	5	0
223	300	3	0
224	300	4	0
229	300	2	0
231	300	4	0
234	300	3	0
238	300	4	0
239	300	1	0
240	300	3	0
241	300	4	0
245	300	4	0
247	300	2	0
249	300	4	0
251	300	4	0
252	300	4	0
253	300	4	0
255	300	3	0
258	300	5	0
260	300	3	0
261	300	5	0
263	300	3	0
265	300	5	0
271	300	2	0
274	300	5	0
275	300	4	0
276	300	4	0
281	300	4	0
282	300	3	0
284	300	3	0
285	300	4	0
288	300	5	0
292	300	4	0
293	300	2	0
294	300	4	0
297	300	3	0
299	300	4	0
300	300	4	0
301	300	4	0
303	300	1	0
304	300	5	0
305	300	3	0
309	300	3	0
311	300	4	0
313	300	4	0
317	300	4	0
320	300	4	0
323	300	2	0
324	300	5	0
327	300	2	0
328	300	5	0
329	300	4	0
332	300	5	0
333	300	4	0
334	300	3	0
335	300	5	0
345	300	3	0
346	300	5	0
347	300	5	0
351	300	5	0
353	300	3	0
355	300	4	0
356	300	3	0
362	300	5	0
375	300	4	0
378	300	4	0
379	300	3	0
380	300	3	0
384	300	4	0
388	300	4	0
389	300	3	0
390	300	5	0
391	300	2	0
392	300	2	0
395	300	3	0
396	300	3	0
400	300	4	0
404	300	4	0
408	300	3	0
409	300	3	0
410	300	3	0
413	300	4	0
414	300	4	0
416	300	4	0
418	300	3	0
419	300	4	0
423	300	3	0
424	300	2	0
425	300	2	0
427	300	4	0
428	300	5	0
429	300	3	0
430	300	3	0
431	300	4	0
432	300	4	0
433	300	3	0
435	300	2	0
438	300	4	0
439	300	4	0
440	300	3	0
441	300	3	0
444	300	4	0
445	300	1	0
446	300	3	0
447	300	4	0
450	300	4	0
451	300	4	0
454	300	4	0
455	300	4	0
459	300	4	0
462	300	5	0
464	300	4	0
465	300	3	0
466	300	3	0
476	300	5	0
478	300	3	0
479	300	2	0
484	300	4	0
486	300	4	0
487	300	5	0
488	300	4	0
489	300	5	0
493	300	4	0
494	300	5	0
497	300	3	0
499	300	4	0
500	300	4	0
502	300	2	0
504	300	4	0
505	300	4	0
506	300	3	0
507	300	5	0
509	300	3	0
510	300	5	0
511	300	4	0
515	300	5	0
517	300	5	0
518	300	3	0
520	300	4	0
521	300	3	0
525	300	4	0
526	300	2	0
529	300	4	0
531	300	4	0
532	300	5	0
533	300	4	0
534	300	4	0
535	300	3	0
537	300	1	0
540	300	3	0
544	300	4	0
546	300	3	0
548	300	5	0
550	300	4	0
551	300	4	0
552	300	4	0
557	300	4	0
559	300	4	0
564	300	4	0
569	300	3	0
572	300	4	0
574	300	4	0
578	300	4	0
580	300	3	0
582	300	3	0
587	300	4	0
589	300	5	0
591	300	3	0
596	300	4	0
597	300	5	0
598	300	4	0
602	300	3	0
605	300	2	0
608	300	1	0
611	300	5	0
612	300	4	0
615	300	4	0
616	300	4	0
619	300	5	0
620	300	3	0
621	300	3	0
624	300	4	0
625	300	3	0
627	300	4	0
628	300	5	0
629	300	4	0
630	300	4	0
633	300	4	0
634	300	3	0
635	300	3	0
637	300	3	0
639	300	3	0
644	300	5	0
646	300	3	0
647	300	4	0
652	300	4	0
653	300	4	0
654	300	5	0
655	300	3	0
656	300	2	0
657	300	2	0
661	300	3	0
663	300	4	0
666	300	3	0
668	300	4	0
669	300	4	0
673	300	3	0
674	300	3	0
676	300	4	0
677	300	5	0
678	300	4	0
682	300	2	0
683	300	3	0
687	300	4	0
689	300	5	0
692	300	4	0
693	300	2	0
694	300	4	0
695	300	1	0
697	300	5	0
698	300	4	0
699	300	3	0
701	300	3	0
702	300	3	0
703	300	4	0
704	300	2	0
705	300	5	0
708	300	4	0
710	300	3	0
713	300	2	0
714	300	5	0
716	300	5	0
717	300	5	0
718	300	5	0
719	300	2	0
721	300	5	0
722	300	3	0
724	300	3	0
725	300	4	0
729	300	4	0
730	300	3	0
732	300	4	0
735	300	4	0
740	300	4	0
743	300	4	0
748	300	4	0
749	300	4	0
750	300	3	0
751	300	2	0
752	300	3	0
753	300	1	0
755	300	4	0
756	300	4	0
758	300	2	0
759	300	5	0
760	300	1	0
767	300	4	0
768	300	5	0
770	300	5	0
772	300	4	0
774	300	2	0
775	300	4	0
779	300	3	0
780	300	3	0
782	300	4	0
783	300	4	0
784	300	4	0
787	300	4	0
788	300	5	0
791	300	5	0
796	300	4	0
797	300	2	0
800	300	4	0
801	300	5	0
802	300	4	0
803	300	3	0
807	300	5	0
808	300	4	0
809	300	4	0
810	300	5	0
811	300	5	0
812	300	5	0
813	300	4	0
816	300	4	0
817	300	3	0
818	300	2	0
819	300	5	0
827	300	3	0
831	300	3	0
834	300	3	0
838	300	2	0
840	300	3	0
841	300	4	0
843	300	3	0
844	300	3	0
850	300	5	0
853	300	5	0
856	300	4	0
857	300	3	0
860	300	4	0
863	300	5	0
866	300	1	0
867	300	2	0
871	300	4	0
872	300	5	0
873	300	4	0
875	300	3	0
877	300	3	0
879	300	3	0
880	300	3	0
884	300	1	0
885	300	4	0
889	300	3	0
892	300	4	0
894	300	4	0
896	300	2	0
898	300	2	0
902	300	4	0
904	300	4	0
905	300	4	0
906	300	3	0
908	300	3	0
909	300	5	0
910	300	4	0
915	300	3	0
919	300	4	0
920	300	3	0
924	300	2	0
926	300	3	0
927	300	5	0
930	300	4	0
931	300	5	0
935	300	4	0
936	300	3	0
937	300	4	0
938	300	3	0
940	300	5	0
941	300	4	0
942	300	5	0
2	314	1	0
13	314	1	0
206	314	1	0
537	314	1	0
609	314	1	0
5	368	1	0
56	368	3	0
92	368	1	0
94	368	2	0
117	368	3	0
145	368	3	0
174	368	1	0
181	368	1	0
184	368	1	0
193	368	1	0
216	368	2	0
222	368	1	0
246	368	1	0
256	368	1	0
279	368	1	0
303	368	1	0
320	368	3	0
336	368	1	0
348	368	3	0
406	368	2	0
457	368	1	0
472	368	3	0
532	368	3	0
595	368	1	0
642	368	4	0
648	368	2	0
790	368	2	0
859	368	3	0
880	368	1	0
887	368	5	0
897	368	1	0
5	375	3	0
183	375	2	0
201	375	3	0
222	375	1	0
233	375	4	0
276	375	1	0
279	375	1	0
291	375	1	0
303	375	2	0
343	375	2	0
346	375	1	0
405	375	1	0
416	375	1	0
472	375	5	0
622	375	2	0
642	375	1	0
655	375	2	0
760	375	4	0
763	375	2	0
766	375	2	0
880	375	1	0
881	375	1	0
922	375	2	0
5	383	3	0
11	383	2	0
38	383	2	0
56	383	2	0
70	383	2	0
92	383	1	0
125	383	2	0
174	383	1	0
194	383	1	0
244	383	3	0
276	383	2	0
291	383	2	0
325	383	1	0
328	383	3	0
336	383	1	0
339	383	1	0
379	383	2	0
385	383	1	0
389	383	2	0
394	383	2	0
399	383	2	0
405	383	1	0
450	383	2	0
500	383	3	0
621	383	2	0
642	383	5	0
756	383	3	0
805	383	2	0
880	383	3	0
885	383	2	0
911	383	3	0
5	424	1	0
13	424	1	0
21	424	1	0
38	424	3	0
82	424	1	0
113	424	1	0
181	424	1	0
222	424	1	0
374	424	1	0
425	424	2	0
434	424	1	0
435	424	1	0
453	424	1	0
617	424	1	0
727	424	1	0
802	424	2	0
830	424	1	0
933	424	1	0
939	424	3	0
5	437	1	0
13	437	1	0
21	437	1	0
405	437	1	0
776	437	1	0
5	438	1	0
13	438	1	0
21	438	1	0
201	438	1	0
405	438	1	0
776	438	2	0
5	439	1	0
13	439	1	0
21	439	1	0
405	439	1	0
776	439	1	0
5	440	1	0
7	440	1	0
13	440	1	0
21	440	1	0
201	440	2	0
405	440	1	0
429	440	1	0
497	440	1	0
504	440	3	0
617	440	4	0
727	440	1	0
776	440	2	0
802	440	3	0
843	440	1	0
5	442	1	0
13	442	1	0
405	442	1	0
776	442	2	0
5	453	1	0
13	453	2	0
21	453	2	0
92	453	1	0
130	453	3	0
268	453	1	0
276	453	1	0
320	453	3	0
405	453	3	0
406	453	2	0
453	453	2	0
457	453	2	0
532	453	4	0
617	453	1	0
774	453	2	0
933	453	1	0
5	457	1	0
8	457	1	0
13	457	1	0
21	457	1	0
181	457	1	0
211	457	4	0
222	457	1	0
254	457	2	0
374	457	1	0
397	457	1	0
429	457	1	0
433	457	1	0
450	457	2	0
451	457	2	0
489	457	3	0
510	457	2	0
531	457	1	0
537	457	1	0
546	457	1	0
592	457	1	0
602	457	3	0
644	457	4	0
677	457	1	0
708	457	4	0
721	457	3	0
761	457	1	0
800	457	2	0
7	545	2	0
109	545	2	0
267	545	2	0
303	545	2	0
399	545	2	0
405	545	1	0
417	545	1	0
497	545	3	0
532	545	2	0
577	545	3	0
774	545	1	0
805	545	1	0
7	555	4	0
130	555	4	0
224	555	3	0
291	555	1	0
343	555	1	0
363	555	1	0
405	555	1	0
417	555	1	0
747	555	2	0
846	555	2	0
7	564	3	0
13	564	1	0
16	564	1	0
21	564	3	0
59	564	2	0
109	564	3	0
118	564	1	0
130	564	4	0
135	564	1	0
160	564	3	0
255	564	1	0
276	564	3	0
303	564	1	0
326	564	3	0
367	564	2	0
387	564	1	0
399	564	3	0
405	564	1	0
416	564	4	0
648	564	1	0
709	564	1	0
715	564	2	0
776	564	3	0
795	564	1	0
796	564	1	0
851	564	3	0
919	564	2	0
7	590	2	0
13	590	2	0
21	590	1	0
38	590	1	0
49	590	1	0
145	590	1	0
201	590	1	0
276	590	2	0
363	590	3	0
422	590	2	0
425	590	3	0
495	590	4	0
497	590	2	0
546	590	4	0
617	590	1	0
776	590	1	0
814	590	2	0
843	590	3	0
7	599	1	0
7	669	1	0
13	669	1	0
21	669	1	0
130	669	4	0
175	669	1	0
276	669	1	0
346	669	1	0
405	669	1	0
417	669	2	0
425	669	3	0
617	669	1	0
802	669	1	0
814	669	3	0
8	688	1	0
13	688	1	0
21	688	1	0
22	688	1	0
30	688	3	0
110	688	1	0
145	688	4	0
146	688	1	0
166	688	3	0
181	688	1	0
197	688	1	0
209	688	1	0
250	688	2	0
265	688	2	0
288	688	1	0
296	688	1	0
328	688	1	0
397	688	1	0
424	688	2	0
427	688	5	0
446	688	2	0
451	688	1	0
479	688	1	0
489	688	2	0
531	688	1	0
537	688	1	0
550	688	3	0
587	688	3	0
589	688	4	0
592	688	1	0
597	688	4	0
635	688	2	0
676	688	1	0
702	688	1	0
721	688	3	0
750	688	1	0
755	688	3	0
761	688	2	0
782	688	2	0
803	688	1	0
831	688	1	0
853	688	3	0
856	688	2	0
901	688	2	0
11	743	2	0
67	743	4	0
92	743	2	0
117	743	1	0
130	743	2	0
145	743	1	0
181	743	1	0
200	743	3	0
244	743	5	0
246	743	1	0
255	743	1	0
268	743	1	0
276	743	1	0
294	743	2	0
295	743	4	0
301	743	2	0
314	743	1	0
346	743	2	0
374	743	1	0
417	743	2	0
425	743	4	0
434	743	1	0
435	743	3	0
456	743	2	0
472	743	4	0
478	743	1	0
483	743	1	0
496	743	2	0
497	743	3	0
521	743	1	0
545	743	3	0
601	743	1	0
648	743	1	0
715	743	2	0
757	743	2	0
764	743	1	0
774	743	1	0
807	743	3	0
865	743	1	0
13	758	1	0
21	758	1	0
38	758	1	0
49	758	1	0
92	758	1	0
116	758	1	0
117	758	2	0
181	758	1	0
200	758	3	0
246	758	1	0
301	758	3	0
366	758	3	0
374	758	1	0
417	758	2	0
457	758	2	0
472	758	1	0
497	758	2	0
546	758	4	0
620	758	2	0
648	758	2	0
774	758	1	0
13	777	1	0
201	777	1	0
368	777	2	0
405	777	1	0
13	784	1	0
405	784	1	0
13	788	1	0
405	788	1	0
925	788	3	0
13	830	1	0
13	852	1	0
13	858	1	0
21	858	1	0
405	858	1	0
13	890	1	0
130	890	4	0
145	890	2	0
200	890	4	0
203	890	2	0
211	890	2	0
276	890	3	0
279	890	3	0
282	890	4	0
369	890	3	0
393	890	1	0
399	890	2	0
409	890	1	0
435	890	1	0
472	890	4	0
476	890	1	0
488	890	1	0
489	890	5	0
493	890	3	0
502	890	2	0
514	890	1	0
531	890	1	0
537	890	1	0
545	890	2	0
561	890	1	0
587	890	1	0
592	890	1	0
609	890	1	0
621	890	1	0
660	890	1	0
676	890	1	0
682	890	2	0
717	890	1	0
719	890	1	0
727	890	1	0
758	890	3	0
782	890	1	0
801	890	2	0
805	890	3	0
813	890	4	0
860	890	2	0
932	890	1	0
939	890	2	0
13	894	1	0
73	894	1	0
130	894	4	0
145	894	1	0
166	894	4	0
245	894	1	0
333	894	3	0
365	894	1	0
397	894	1	0
428	894	4	0
507	894	5	0
531	894	1	0
537	894	1	0
609	894	1	0
621	894	1	0
681	894	1	0
729	894	1	0
782	894	2	0
860	894	2	0
13	897	1	0
489	897	2	0
13	901	1	0
127	901	5	0
130	901	1	0
145	901	1	0
279	901	4	0
404	901	2	0
537	901	1	0
609	901	1	0
729	901	1	0
811	901	4	0
813	901	1	0
863	901	1	0
13	907	1	0
871	907	3	0
13	910	2	0
574	910	1	0
655	910	3	0
863	910	2	0
18	957	3	0
405	957	1	0
21	976	1	0
95	976	2	0
113	976	5	0
181	976	1	0
255	976	1	0
279	976	3	0
320	976	2	0
425	976	1	0
715	976	1	0
880	976	2	0
893	976	1	0
919	976	2	0
21	981	2	0
181	981	1	0
246	981	1	0
268	981	1	0
447	981	2	0
708	981	3	0
804	981	3	0
851	981	1	0
22	1001	1	0
45	1001	3	0
57	1001	1	0
75	1001	1	0
82	1001	1	0
145	1001	4	0
174	1001	1	0
181	1001	1	0
279	1001	4	0
374	1001	1	0
393	1001	4	0
397	1001	1	0
533	1001	1	0
758	1001	5	0
796	1001	2	0
880	1001	2	0
923	1001	1	0
22	1002	1	0
145	1002	1	0
159	1002	3	0
181	1002	1	0
268	1002	1	0
472	1002	4	0
805	1002	1	0
880	1002	3	0
38	1029	1	0
222	1029	1	0
314	1029	2	0
405	1029	1	0
457	1029	3	0
472	1029	4	0
621	1029	2	0
642	1029	3	0
648	1029	2	0
655	1029	1	0
741	1029	1	0
833	1029	1	0
846	1029	1	0
887	1029	5	0
38	1037	4	0
92	1037	2	0
125	1037	2	0
159	1037	2	0
268	1037	2	0
279	1037	1	0
303	1037	3	0
336	1037	1	0
378	1037	2	0
385	1037	1	0
405	1037	3	0
416	1037	2	0
450	1037	2	0
453	1037	1	0
457	1037	2	0
476	1037	1	0
504	1037	1	0
642	1037	2	0
712	1037	4	0
760	1037	5	0
796	1037	2	0
868	1037	1	0
933	1037	1	0
934	1037	1	0
53	1087	4	0
145	1087	1	0
181	1087	1	0
222	1087	1	0
279	1087	2	0
373	1087	1	0
551	1087	1	0
653	1087	2	0
731	1087	1	0
825	1087	3	0
70	1146	3	0
405	1146	2	0
642	1146	1	0
82	1162	1	0
181	1162	1	0
279	1162	3	0
532	1162	2	0
634	1162	1	0
83	1165	2	0
117	1165	3	0
181	1165	1	0
269	1165	1	0
314	1165	2	0
344	1165	1	0
393	1165	3	0
595	1165	1	0
654	1165	1	0
718	1165	3	0
727	1165	2	0
790	1165	2	0
872	1165	2	0
880	1165	2	0
87	1177	1	0
405	1177	1	0
497	1177	1	0
517	1177	5	0
533	1177	1	0
804	1177	3	0
881	1177	1	0
92	1214	2	0
116	1214	3	0
299	1214	2	0
363	1214	1	0
655	1214	2	0
833	1214	4	0
840	1214	1	0
884	1214	1	0
896	1214	2	0
92	1215	2	0
130	1215	2	0
145	1215	2	0
181	1215	1	0
183	1215	1	0
213	1215	1	0
279	1215	2	0
291	1215	1	0
303	1215	1	0
320	1215	1	0
363	1215	1	0
374	1215	1	0
393	1215	3	0
396	1215	2	0
417	1215	2	0
435	1215	3	0
472	1215	4	0
534	1215	3	0
560	1215	2	0
582	1215	4	0
643	1215	3	0
650	1215	3	0
671	1215	3	0
715	1215	1	0
727	1215	2	0
774	1215	1	0
790	1215	1	0
880	1215	1	0
881	1215	1	0
893	1215	3	0
95	1230	1	0
174	1230	1	0
279	1230	3	0
286	1230	1	0
301	1230	1	0
303	1230	1	0
325	1230	3	0
336	1230	2	0
373	1230	3	0
378	1230	2	0
405	1230	1	0
407	1230	2	0
417	1230	2	0
453	1230	2	0
561	1230	3	0
622	1230	1	0
790	1230	2	0
870	1230	2	0
110	1246	2	0
125	1246	2	0
130	1246	3	0
399	1246	1	0
405	1246	1	0
747	1246	1	0
933	1246	1	0
110	1247	2	0
279	1247	2	0
345	1247	2	0
405	1247	1	0
417	1247	3	0
650	1247	1	0
110	1250	3	0
221	1250	2	0
222	1250	1	0
279	1250	1	0
405	1250	1	0
727	1250	1	0
116	1254	2	0
159	1254	1	0
174	1254	1	0
294	1254	3	0
528	1254	3	0
782	1254	3	0
797	1254	2	0
825	1254	1	0
851	1254	1	0
897	1254	2	0
938	1254	1	0
116	1256	1	0
655	1256	3	0
782	1256	2	0
116	1257	1	0
655	1257	3	0
707	1257	2	0
782	1257	1	0
119	1259	3	0
181	1259	1	0
595	1259	3	0
914	1259	1	0
125	1272	1	0
181	1272	1	0
207	1272	3	0
486	1272	3	0
761	1272	1	0
130	1274	2	0
276	1274	1	0
279	1274	3	0
399	1274	1	0
405	1274	1	0
600	1274	2	0
749	1274	2	0
756	1274	2	0
774	1274	1	0
807	1274	3	0
833	1274	1	0
145	1287	2	0
181	1287	1	0
642	1287	2	0
761	1287	1	0
851	1287	1	0
921	1287	1	0
145	1290	1	0
405	1290	2	0
145	1292	1	0
758	1292	1	0
782	1292	3	0
167	1307	2	0
405	1307	1	0
167	1308	1	0
405	1308	1	0
167	1309	1	0
181	1317	1	0
405	1317	1	0
503	1317	4	0
921	1317	2	0
181	1318	1	0
405	1318	1	0
449	1318	2	0
181	1319	1	0
585	1319	2	0
592	1319	1	0
655	1319	3	0
181	1320	1	0
181	1325	1	0
181	1329	1	0
181	1332	1	0
239	1332	3	0
181	1334	1	0
405	1334	1	0
181	1336	1	0
186	1336	3	0
222	1336	2	0
267	1336	1	0
279	1336	1	0
290	1336	3	0
416	1336	1	0
577	1336	1	0
642	1336	2	0
699	1336	3	0
181	1339	1	0
181	1340	1	0
181	1341	1	0
181	1343	1	0
181	1345	1	0
871	1345	3	0
181	1348	1	0
181	1349	1	0
181	1350	1	0
207	1350	2	0
181	1351	1	0
655	1351	3	0
896	1351	2	0
181	1352	1	0
181	1354	1	0
199	1354	1	0
181	1359	1	0
405	1359	1	0
181	1360	1	0
409	1360	2	0
181	1362	1	0
552	1362	3	0
181	1363	1	0
181	1364	1	0
181	1365	1	0
793	1365	2	0
181	1366	1	0
181	1371	1	0
394	1371	2	0
181	1373	1	0
181	1374	1	0
637	1374	1	0
181	1382	1	0
405	1382	1	0
782	1382	3	0
869	1382	3	0
181	1383	1	0
452	1383	1	0
463	1383	2	0
490	1383	1	0
782	1383	3	0
887	1383	4	0
181	1384	1	0
405	1384	1	0
782	1384	3	0
181	1387	1	0
405	1387	2	0
782	1387	3	0
181	1390	1	0
782	1390	3	0
181	1391	1	0
405	1391	1	0
782	1391	4	0
181	1392	1	0
355	1392	4	0
409	1392	1	0
451	1392	1	0
721	1392	3	0
194	1408	1	0
405	1408	1	0
622	1408	1	0
194	1412	2	0
405	1412	1	0
541	1412	1	0
864	1412	1	0
870	1412	2	0
882	1412	3	0
195	1414	2	0
197	1420	1	0
365	1420	2	0
537	1420	1	0
206	1432	1	0
405	1432	1	0
724	1432	1	0
206	1433	1	0
787	1433	3	0
221	1437	3	0
279	1437	3	0
336	1437	2	0
405	1437	1	0
504	1437	2	0
566	1437	2	0
682	1437	2	0
727	1437	2	0
896	1437	1	0
234	1453	2	0
234	1461	2	0
268	1476	2	0
279	1486	1	0
279	1487	1	0
283	1487	2	0
325	1487	3	0
405	1487	1	0
889	1487	3	0
279	1493	1	0
279	1494	1	0
286	1502	2	0
532	1502	1	0
303	1509	1	0
405	1509	1	0
642	1509	2	0
798	1509	3	0
868	1509	1	0
305	1513	2	0
374	1513	2	0
782	1513	2	0
373	1530	2	0
389	1530	2	0
405	1530	1	0
707	1530	3	0
846	1530	2	0
381	1532	2	0
655	1532	2	0
393	1539	2	0
405	1539	1	0
417	1539	2	0
798	1539	2	0
405	1546	1	0
405	1548	1	0
405	1549	1	0
655	1549	2	0
405	1551	1	0
456	1551	3	0
405	1552	1	0
435	1552	3	0
622	1552	2	0
405	1556	1	0
559	1556	3	0
405	1557	1	0
405	1559	1	0
405	1561	1	0
405	1562	1	0
405	1563	1	0
405	1564	1	0
405	1565	1	0
405	1566	1	0
405	1567	1	0
405	1568	1	0
405	1569	1	0
405	1570	1	0
405	1571	1	0
405	1572	1	0
405	1574	1	0
405	1575	1	0
405	1576	1	0
405	1577	1	0
405	1578	1	0
655	1578	3	0
405	1579	1	0
405	1580	1	0
405	1581	1	0
405	1582	1	0
405	1583	1	0
405	1584	1	0
405	1586	1	0
405	1587	1	0
405	1588	1	0
782	1588	3	0
405	1590	1	0
782	1590	3	0
425	1595	2	0
425	1596	2	0
445	1601	1	0
463	1606	2	0
486	1609	3	0
592	1609	1	0
782	1609	1	0
486	1610	2	0
644	1610	3	0
782	1610	1	0
528	1618	1	0
551	1621	1	0
587	1624	2	0
648	1626	1	0
655	1634	2	0
655	1644	1	0
782	1644	2	0
655	1648	2	0
662	1652	3	0
756	1652	1	0
782	1652	1	0
676	1654	1	0
682	1655	2	0
747	1659	1	0
747	1660	2	0
751	1661	1	0
782	1663	2	0
782	1665	2	0
782	1666	2	0
782	1669	2	0
787	1671	1	0
828	1672	2	0
896	1672	2	0
851	1676	2	0
863	1678	1	0
863	1680	2	0
