1	231	1	0
1	254	1	0
1	55	5	0
1	156	4	0
1	5	3	0
1	182	4	0
1	239	4	0
1	24	3	0
1	194	4	0
1	29	1	0
1	127	5	0
1	56	4	0
1	39	4	0
1	12	5	0
1	11	2	0
1	72	4	0
1	100	5	0
1	92	3	0
1	76	4	0
1	248	4	0
1	130	3	0
1	120	1	0
1	129	5	0
1	17	3	0
1	187	4	0
2	127	5	0
2	312	3	0
2	302	5	0
2	293	4	0
2	307	3	0
2	273	4	0
2	100	5	0
2	299	4	0
2	309	1	0
3	334	3	0
3	346	5	0
3	332	1	0
3	348	4	0
3	329	4	0
3	299	3	0
3	327	4	0
3	307	3	0
3	336	1	0
3	302	2	0
4	327	5	0
4	329	5	0
4	361	5	0
4	11	4	0
5	231	2	0
5	17	4	0
5	239	4	0
5	100	5	0
5	29	4	0
5	403	3	0
5	396	5	0
5	194	4	0
5	24	4	0
6	309	2	0
6	12	4	0
6	156	3	0
6	302	4	0
6	504	3	0
6	194	4	0
6	248	3	0
6	127	5	0
6	482	4	0
6	100	5	0
6	293	3	0
6	56	4	0
6	187	4	0
6	182	4	0
7	100	5	0
7	482	3	0
7	547	3	0
7	11	3	0
7	156	5	0
7	187	4	0
7	72	5	0
7	504	5	0
7	334	5	0
7	56	5	0
7	583	2	0
7	396	4	0
7	628	3	0
7	39	5	0
7	656	3	0
7	29	3	0
7	642	3	0
7	182	4	0
7	649	5	0
7	403	4	0
7	307	5	0
7	611	3	0
7	127	5	0
7	576	5	0
7	92	5	0
7	194	5	0
7	544	3	0
7	309	3	0
7	231	3	0
7	273	3	0
7	653	4	0
7	12	5	0
8	127	5	0
8	187	4	0
8	56	5	0
8	11	3	0
8	273	3	0
8	336	3	0
8	403	4	0
8	182	5	0
8	55	5	0
10	127	5	0
10	156	4	0
10	611	5	0
10	504	5	0
10	656	5	0
10	12	5	0
10	194	4	0
10	302	4	0
10	182	5	0
10	56	5	0
10	273	4	0
10	11	4	0
10	334	4	0
10	129	4	0
10	482	4	0
10	100	5	0
11	312	4	0
11	11	2	0
11	332	5	0
11	12	2	0
11	39	3	0
11	504	3	0
11	29	3	0
11	100	4	0
11	239	4	0
11	544	4	0
11	24	3	0
11	56	4	0
11	120	2	0
11	194	4	0
12	754	4	0
12	127	4	0
13	182	5	0
13	187	5	0
13	56	5	0
13	348	2	0
13	806	5	0
13	482	5	0
13	823	5	0
13	336	2	0
13	307	2	0
13	72	4	0
13	24	1	0
13	302	5	0
13	12	5	0
13	346	4	0
13	396	3	0
13	239	4	0
13	334	1	0
13	754	4	0
13	11	1	0
13	914	2	0
13	547	1	0
13	576	3	0
13	902	3	0
13	329	2	0
13	770	4	0
13	327	3	0
13	100	5	0
13	911	2	0
13	231	3	0
13	312	1	0
13	844	1	0
13	194	5	0
13	127	5	0
13	802	2	0
13	39	3	0
13	273	3	0
13	5	1	0
13	332	3	0
13	656	5	0
13	92	3	0
13	403	2	0
13	504	5	0
13	29	2	0
13	299	3	0
13	17	1	0
14	100	5	0
14	628	5	0
14	12	5	0
14	56	5	0
14	302	5	0
14	127	2	0
15	248	1	0
15	307	1	0
15	302	4	0
15	823	2	0
15	127	2	0
15	754	5	0
16	12	5	0
16	482	5	0
16	302	5	0
16	504	5	0
16	642	5	0
16	273	5	0
16	55	5	0
16	583	4	0
16	56	5	0
16	11	5	0
16	194	5	0
16	127	5	0
16	182	5	0
16	100	5	0
16	76	5	0
16	39	5	0
16	770	3	0
16	92	4	0
16	156	4	0
17	100	4	0
17	628	1	0
18	482	5	0
18	127	5	0
18	100	5	0
18	56	5	0
18	649	3	0
18	12	5	0
18	187	5	0
18	403	3	0
18	504	5	0
18	182	4	0
18	72	3	0
18	194	3	0
20	194	3	0
20	11	2	0
21	396	2	0
21	656	5	0
21	129	4	0
21	547	2	0
21	127	5	0
21	991	2	0
21	5	2	0
21	299	1	0
21	327	3	0
21	56	5	0
21	844	4	0
21	273	4	0
21	100	5	0
21	17	4	0
21	628	3	0
22	127	5	0
22	403	5	0
22	29	1	0
22	17	4	0
22	24	5	0
22	194	5	0
22	231	2	0
22	187	5	0
23	56	4	0
23	642	3	0
23	55	4	0
23	100	5	0
23	194	4	0
23	156	3	0
23	504	4	0
24	92	5	0
24	129	3	0
24	127	5	0
24	12	5	0
24	11	5	0
24	55	5	0
24	56	4	0
24	100	5	0
25	239	4	0
25	127	3	0
26	248	3	0
26	129	4	0
26	302	5	0
26	24	3	0
26	127	5	0
26	100	5	0
26	628	3	0
26	1011	3	0
26	293	3	0
27	100	5	0
28	5	3	0
28	56	5	0
28	332	2	0
28	12	4	0
28	11	4	0
28	100	5	0
29	182	4	0
29	312	4	0
29	302	4	0
29	332	4	0
29	12	5	0
30	231	2	0
30	403	2	0
30	29	3	0
31	504	5	0
31	611	4	0
31	299	4	0
31	302	4	0
32	100	3	0
32	628	4	0
32	307	2	0
32	248	4	0
33	348	4	0
33	329	4	0
33	307	3	0
34	312	4	0
34	991	4	0
34	299	5	0
34	329	5	0
34	332	5	0
35	327	3	0
35	332	4	0
36	307	4	0
37	92	4	0
37	55	3	0
37	11	4	0
37	56	5	0
37	24	4	0
37	231	2	0
37	127	4	0
37	273	3	0
37	403	5	0
38	403	1	0
38	127	2	0
39	307	2	0
39	302	5	0
40	346	2	0
40	302	3	0
40	754	4	0
41	56	4	0
41	194	3	0
41	156	4	0
41	100	4	0
42	239	5	0
42	273	3	0
42	194	5	0
42	72	3	0
42	12	4	0
42	403	3	0
43	336	4	0
43	120	4	0
43	11	5	0
43	5	4	0
43	628	3	0
43	56	5	0
43	302	4	0
43	17	3	0
43	248	4	0
43	100	4	0
43	127	4	0
43	231	4	0
43	12	5	0
43	482	4	0
43	403	4	0
43	254	3	0
43	312	4	0
44	55	4	0
44	194	5	0
44	120	4	0
44	307	4	0
44	56	2	0
44	24	3	0
44	11	3	0
44	231	2	0
44	5	4	0
44	100	5	0
45	823	4	0
45	24	3	0
45	100	5	0
45	127	5	0
46	100	4	0
46	327	4	0
46	307	3	0
46	332	4	0
46	127	5	0
47	327	4	0
47	307	4	0
47	302	5	0
48	1064	4	0
48	187	5	0
48	309	3	0
48	302	4	0
48	656	4	0
48	56	3	0
48	194	4	0
49	334	4	0
49	312	3	0
49	1069	3	0
49	231	3	0
49	72	2	0
49	1081	3	0
49	17	2	0
49	12	4	0
49	547	5	0
49	299	2	0
49	628	4	0
49	1083	2	0
49	396	4	0
49	100	4	0
49	239	2	0
49	583	4	0
49	346	4	0
49	182	3	0
49	39	2	0
49	129	2	0
49	56	5	0
49	302	4	0
49	55	4	0
49	11	3	0
49	403	3	0
50	823	3	0
50	100	2	0
50	547	4	0
50	544	4	0
50	327	3	0
51	182	3	0
52	100	4	0
52	1011	4	0
52	302	4	0
53	24	3	0
53	628	5	0
53	156	4	0
53	100	5	0
54	273	4	0
54	24	1	0
54	127	4	0
54	307	4	0
54	327	5	0
54	302	4	0
54	346	4	0
54	100	5	0
54	823	2	0
55	56	4	0
55	273	5	0
55	254	2	0
56	56	5	0
56	194	5	0
56	11	4	0
56	231	3	0
56	403	4	0
56	29	3	0
56	239	4	0
57	24	3	0
57	248	5	0
57	56	3	0
57	100	5	0
57	11	3	0
57	194	4	0
57	844	2	0
57	1011	3	0
58	56	5	0
58	248	4	0
58	156	5	0
58	1104	2	0
58	1069	2	0
58	1106	4	0
58	100	5	0
58	194	3	0
58	823	1	0
58	11	5	0
58	120	2	0
58	127	4	0
58	12	5	0
58	182	4	0
59	611	3	0
59	583	5	0
59	194	3	0
59	273	2	0
59	182	5	0
59	649	4	0
59	642	5	0
59	24	4	0
59	56	5	0
59	100	5	0
59	39	4	0
59	547	3	0
59	92	5	0
59	823	5	0
59	55	5	0
59	127	5	0
59	129	5	0
59	504	5	0
59	403	5	0
59	187	5	0
59	12	5	0
59	770	4	0
59	11	5	0
60	656	4	0
60	56	4	0
60	327	4	0
60	12	4	0
60	403	3	0
60	194	4	0
60	1122	5	0
60	482	4	0
61	327	2	0
62	56	5	0
62	182	5	0
62	55	5	0
62	12	4	0
62	129	3	0
62	100	4	0
62	72	3	0
62	76	4	0
62	302	3	0
62	24	4	0
62	403	4	0
62	127	4	0
62	273	4	0
63	1011	1	0
63	302	3	0
63	1138	2	0
63	100	5	0
64	56	5	0
64	127	5	0
64	273	2	0
64	187	5	0
64	231	3	0
64	100	4	0
64	239	3	0
64	194	5	0
64	182	4	0
64	1139	1	0
64	11	4	0
64	17	3	0
64	403	4	0
64	156	4	0
64	12	5	0
64	72	4	0
65	56	3	0
65	100	3	0
65	194	4	0
65	806	4	0
65	239	5	0
66	248	4	0
66	24	3	0
66	127	4	0
67	273	4	0
67	24	4	0
68	127	4	0
69	100	5	0
69	307	2	0
69	302	4	0
69	1143	5	0
69	273	3	0
69	56	5	0
69	12	5	0
69	628	3	0
69	334	3	0
69	182	4	0
69	129	3	0
70	576	2	0
70	24	4	0
70	403	4	0
70	482	4	0
70	231	3	0
71	100	4	0
71	248	3	0
71	346	4	0
71	302	3	0
71	56	5	0
72	504	4	0
72	628	4	0
72	844	4	0
72	12	5	0
72	5	4	0
72	770	4	0
72	182	5	0
72	129	4	0
72	56	5	0
72	642	4	0
72	194	4	0
72	127	5	0
72	187	4	0
72	649	4	0
72	100	5	0
72	403	3	0
73	56	4	0
73	129	4	0
73	127	5	0
73	156	4	0
73	100	4	0
73	12	5	0
73	187	5	0
74	302	4	0
74	307	4	0
74	100	4	0
74	129	3	0
75	100	5	0
75	56	5	0
75	273	5	0
75	1151	2	0
75	129	3	0
76	806	4	0
76	293	4	0
76	547	2	0
76	1156	3	0
76	156	3	0
76	182	4	0
76	129	3	0
76	100	5	0
76	12	3	0
76	56	5	0
76	628	2	0
76	24	2	0
76	327	3	0
76	92	4	0
77	100	3	0
77	127	2	0
77	56	4	0
77	156	4	0
78	327	1	0
79	902	3	0
79	100	5	0
80	100	5	0
80	194	3	0
81	273	4	0
81	544	2	0
81	100	3	0
82	231	2	0
82	127	2	0
82	11	4	0
82	100	5	0
82	56	3	0
82	770	4	0
82	194	4	0
82	482	4	0
82	504	4	0
83	576	4	0
83	254	2	0
83	127	4	0
83	56	1	0
83	248	3	0
84	12	5	0
84	194	5	0
84	628	3	0
84	823	3	0
84	100	4	0
84	273	4	0
85	182	4	0
85	482	4	0
85	127	5	0
85	642	4	0
85	187	5	0
85	504	4	0
85	194	4	0
85	231	2	0
85	100	3	0
85	327	3	0
85	56	4	0
86	327	4	0
87	802	4	0
87	396	1	0
87	403	3	0
87	55	4	0
87	273	3	0
87	127	4	0
87	194	5	0
87	56	4	0
87	254	4	0
87	576	3	0
87	182	4	0
87	628	4	0
87	120	2	0
87	231	3	0
87	1187	2	0
87	39	3	0
87	100	5	0
87	72	3	0
87	239	4	0
88	1191	5	0
88	302	3	0
89	127	5	0
89	187	5	0
89	100	5	0
90	187	4	0
90	194	5	0
90	12	5	0
90	1198	5	0
90	482	5	0
90	156	4	0
90	307	5	0
90	127	4	0
90	1194	4	0
90	547	3	0
90	56	5	0
90	302	5	0
90	17	4	0
90	656	5	0
90	611	5	0
90	312	4	0
90	182	3	0
90	11	4	0
90	100	5	0
90	273	3	0
91	56	1	0
91	327	4	0
91	482	3	0
91	182	4	0
91	187	5	0
91	127	5	0
91	504	3	0
92	1011	3	0
92	239	4	0
92	56	5	0
92	100	5	0
92	55	3	0
92	5	4	0
92	29	3	0
92	24	3	0
92	182	4	0
92	12	5	0
92	642	3	0
92	403	4	0
92	307	4	0
92	39	3	0
92	1208	4	0
92	802	2	0
92	92	4	0
92	72	3	0
92	1213	2	0
92	248	4	0
92	156	4	0
92	273	4	0
92	823	4	0
92	120	2	0
92	576	2	0
92	231	3	0
92	1194	4	0
92	396	3	0
92	583	3	0
92	504	3	0
92	11	4	0
92	129	4	0
92	628	4	0
94	187	4	0
94	24	4	0
94	55	4	0
94	17	2	0
94	273	4	0
94	544	3	0
94	293	4	0
94	72	3	0
94	194	4	0
94	92	4	0
94	334	3	0
94	156	5	0
94	346	4	0
94	1226	4	0
94	56	5	0
94	806	4	0
94	11	5	0
94	39	3	0
94	12	4	0
94	302	4	0
94	29	2	0
94	248	4	0
94	100	5	0
94	642	4	0
94	823	3	0
94	583	3	0
94	127	5	0
94	76	4	0
94	1011	4	0
94	576	2	0
94	403	3	0
94	504	5	0
94	182	5	0
95	194	5	0
95	649	4	0
95	24	3	0
95	403	1	0
95	182	2	0
95	72	2	0
95	127	4	0
95	239	3	0
96	182	4	0
96	187	5	0
96	100	5	0
96	56	5	0
96	194	2	0
96	156	4	0
96	127	5	0
97	100	2	0
97	194	3	0
97	482	5	0
98	194	5	0
99	182	4	0
99	346	4	0
99	312	2	0
99	348	4	0
99	403	4	0
99	120	2	0
99	628	4	0
99	329	4	0
99	11	5	0
99	273	5	0
99	544	4	0
99	100	5	0
99	92	4	0
99	56	5	0
99	12	5	0
99	332	3	0
100	348	3	0
100	1235	4	0
100	346	3	0
100	302	4	0
101	24	4	0
102	5	3	0
102	11	3	0
102	56	3	0
102	396	2	0
102	182	3	0
102	273	3	0
102	29	1	0
102	327	2	0
102	72	3	0
102	332	3	0
102	307	4	0
102	194	3	0
102	334	2	0
102	127	2	0
102	55	3	0
102	231	2	0
102	823	3	0
102	576	2	0
102	302	3	0
102	403	3	0
102	248	3	0
102	187	3	0
102	239	3	0
103	56	5	0
103	24	4	0
103	127	4	0
104	273	3	0
104	823	1	0
104	544	3	0
104	628	4	0
104	130	1	0
104	307	2	0
104	100	4	0
104	302	5	0
104	332	2	0
104	248	2	0
104	327	2	0
104	293	3	0
104	127	3	0
104	346	3	0
104	299	3	0
104	312	3	0
104	1011	3	0
104	1226	3	0
105	302	5	0
105	307	2	0
105	327	4	0
106	12	4	0
106	194	5	0
106	273	3	0
106	100	3	0
107	302	4	0
107	312	4	0
107	902	5	0
107	327	3	0
108	127	4	0
108	100	4	0
109	56	5	0
109	332	3	0
109	156	5	0
109	823	3	0
109	403	5	0
109	127	2	0
109	1245	2	0
109	55	2	0
109	12	4	0
109	100	4	0
109	628	2	0
109	5	3	0
109	576	3	0
109	248	2	0
109	72	5	0
109	239	4	0
109	231	3	0
109	17	4	0
109	11	4	0
109	29	3	0
109	1139	2	0
109	1011	3	0
110	403	3	0
110	327	3	0
110	576	2	0
110	307	4	0
110	56	1	0
110	231	1	0
110	11	4	0
110	806	3	0
110	802	3	0
110	29	3	0
110	12	4	0
110	642	2	0
110	332	3	0
110	55	3	0
111	307	2	0
111	302	5	0
112	327	1	0
112	1106	4	0
112	332	4	0
112	307	4	0
112	312	5	0
112	754	4	0
112	302	4	0
112	346	5	0
113	299	5	0
113	127	4	0
113	329	3	0
113	327	5	0
113	100	4	0
113	273	4	0
114	482	4	0
114	56	3	0
114	182	3	0
114	156	4	0
114	100	5	0
114	1104	5	0
115	127	5	0
115	273	4	0
115	628	5	0
115	56	5	0
115	302	4	0
115	12	5	0
115	11	4	0
115	92	4	0
115	187	5	0
115	642	5	0
115	100	5	0
116	307	3	0
116	56	5	0
116	299	3	0
116	127	5	0
116	11	5	0
116	187	5	0
116	914	2	0
116	332	3	0
116	1226	2	0
116	248	3	0
116	806	4	0
116	902	2	0
116	346	4	0
116	302	3	0
117	56	5	0
117	11	5	0
117	307	5	0
117	156	4	0
117	628	5	0
117	12	5	0
118	844	5	0
118	56	5	0
118	17	3	0
118	156	5	0
118	55	5	0
118	396	5	0
118	547	5	0
118	100	5	0
118	5	2	0
119	628	4	0
119	544	2	0
119	56	4	0
119	194	5	0
119	332	4	0
119	823	3	0
119	329	3	0
119	12	3	0
119	24	4	0
119	11	5	0
119	100	5	0
119	254	2	0
119	182	4	0
119	299	4	0
119	348	3	0
120	127	4	0
121	1194	4	0
121	11	2	0
121	127	5	0
121	12	5	0
121	156	4	0
121	628	3	0
121	100	4	0
122	403	4	0
122	127	5	0
122	11	1	0
122	187	4	0
122	239	4	0
123	100	4	0
123	182	4	0
123	482	4	0
123	187	4	0
123	127	5	0
123	504	5	0
124	11	5	0
125	914	1	0
125	239	5	0
125	482	1	0
125	120	1	0
125	72	4	0
125	346	1	0
125	56	1	0
125	194	5	0
126	302	4	0
126	346	3	0
126	332	2	0
126	327	3	0
128	770	3	0
128	482	4	0
128	56	3	0
128	182	4	0
129	307	2	0
129	327	3	0
129	302	4	0
130	156	3	0
130	11	5	0
130	329	4	0
130	1280	4	0
130	24	5	0
130	332	4	0
130	1245	3	0
130	1151	3	0
130	293	5	0
130	100	3	0
130	239	4	0
130	299	3	0
130	39	4	0
130	806	3	0
130	307	4	0
130	642	4	0
130	403	5	0
130	1277	4	0
130	248	3	0
130	5	4	0
130	254	2	0
130	29	3	0
130	346	4	0
130	231	3	0
130	1208	4	0
130	55	5	0
130	56	5	0
130	12	4	0
130	17	5	0
130	802	5	0
131	100	5	0
131	302	5	0
131	248	3	0
131	293	3	0
131	127	4	0
132	127	4	0
132	806	3	0
132	12	4	0
132	100	4	0
132	56	5	0
133	902	3	0
133	346	3	0
134	302	2	0
135	327	4	0
135	504	4	0
135	5	3	0
135	653	4	0
135	1208	3	0
135	56	4	0
135	39	3	0
135	802	2	0
135	12	4	0
135	642	4	0
135	55	4	0
136	56	4	0
136	127	5	0
136	100	5	0
137	327	4	0
137	55	5	0
138	182	4	0
138	56	5	0
138	100	5	0
138	187	5	0
138	12	5	0
138	194	5	0
139	100	5	0
139	307	4	0
139	302	3	0
139	127	5	0
140	334	2	0
140	332	3	0
140	302	4	0
141	120	4	0
141	248	3	0
141	127	2	0
141	1280	1	0
141	100	4	0
141	293	2	0
141	823	3	0
141	346	1	0
142	346	5	0
142	55	2	0
143	307	4	0
144	302	3	0
144	129	4	0
144	307	1	0
144	24	4	0
144	56	4	0
144	100	5	0
144	127	4	0
144	403	3	0
144	72	4	0
144	55	4	0
144	1226	4	0
144	273	4	0
144	187	4	0
144	1138	4	0
144	248	4	0
144	194	5	0
144	293	4	0
144	327	3	0
144	823	3	0
144	12	4	0
144	182	3	0
145	299	4	0
145	327	5	0
145	156	5	0
145	346	5	0
145	312	3	0
145	12	5	0
145	348	4	0
145	1245	5	0
145	293	4	0
145	642	3	0
145	17	3	0
145	770	1	0
145	329	4	0
145	628	2	0
145	5	3	0
145	823	3	0
145	56	5	0
145	544	4	0
145	100	5	0
145	754	3	0
145	182	5	0
145	11	5	0
145	39	4	0
145	120	2	0
145	1011	5	0
145	302	4	0
145	273	5	0
145	1208	4	0
145	55	3	0
146	346	4	0
146	302	4	0
146	327	3	0
146	336	5	0
146	307	3	0
147	302	4	0
148	127	1	0
148	56	5	0
148	194	5	0
149	346	4	0
149	312	1	0
149	327	2	0
149	302	4	0
150	100	2	0
150	129	4	0
150	293	4	0
150	127	5	0
150	628	4	0
150	273	4	0
151	194	4	0
151	100	3	0
151	611	4	0
151	504	4	0
151	302	3	0
151	770	4	0
151	12	5	0
151	642	3	0
151	231	1	0
151	482	4	0
151	56	4	0
151	628	5	0
152	504	4	0
152	120	2	0
153	182	5	0
153	127	3	0
153	56	5	0
153	187	2	0
154	642	3	0
154	182	5	0
154	482	4	0
154	302	4	0
154	806	4	0
154	187	5	0
155	332	2	0
155	327	2	0
156	100	4	0
156	12	3	0
156	11	2	0
156	346	3	0
156	806	3	0
156	187	5	0
157	273	5	0
157	127	5	0
157	100	5	0
157	120	1	0
157	293	5	0
158	403	4	0
158	56	5	0
158	194	5	0
158	127	5	0
158	231	2	0
158	583	3	0
158	129	5	0
158	120	1	0
158	1011	4	0
158	100	5	0
158	576	4	0
158	770	5	0
158	293	4	0
158	302	4	0
158	544	2	0
158	182	5	0
158	239	3	0
158	92	4	0
158	11	4	0
158	187	5	0
158	24	4	0
158	55	4	0
158	273	3	0
158	72	3	0
158	823	2	0
158	29	3	0
158	39	5	0
159	254	3	0
159	628	3	0
159	130	1	0
159	127	5	0
159	72	3	0
159	24	5	0
159	273	5	0
159	293	4	0
159	299	3	0
160	302	5	0
160	129	4	0
160	56	5	0
160	187	5	0
160	55	4	0
160	100	5	0
160	293	5	0
160	127	5	0
160	273	5	0
160	11	4	0
160	182	5	0
160	628	3	0
160	544	4	0
160	844	3	0
160	770	4	0
160	248	5	0
160	24	5	0
161	56	3	0
161	127	3	0
161	309	2	0
161	100	4	0
161	194	1	0
161	187	3	0
162	544	4	0
162	11	4	0
162	254	3	0
162	55	3	0
162	628	4	0
162	1011	4	0
162	403	3	0
163	56	4	0
164	100	5	0
164	329	4	0
164	823	4	0
164	307	5	0
164	299	4	0
164	293	4	0
164	248	4	0
165	127	4	0
165	332	4	0
165	156	3	0
165	187	3	0
166	346	1	0
167	1304	4	0
168	100	4	0
168	273	4	0
169	127	4	0
169	482	3	0
170	299	3	0
170	348	3	0
171	302	4	0
171	346	4	0
171	327	4	0
172	642	4	0
173	299	4	0
173	327	5	0
173	334	4	0
173	302	5	0
173	329	4	0
173	332	4	0
174	396	1	0
174	11	5	0
174	902	3	0
174	100	5	0
174	239	4	0
174	823	4	0
174	29	2	0
174	1139	2	0
174	293	5	0
174	312	5	0
174	332	5	0
174	12	5	0
174	56	5	0
174	248	5	0
175	56	2	0
175	100	2	0
175	187	4	0
175	127	5	0
175	273	2	0
175	11	5	0
175	12	4	0
176	100	5	0
176	273	4	0
176	327	3	0
176	293	5	0
176	129	3	0
177	11	4	0
177	299	4	0
177	55	3	0
177	127	5	0
177	336	2	0
177	327	3	0
177	56	5	0
177	187	4	0
177	403	5	0
177	100	5	0
177	628	2	0
177	129	3	0
177	334	3	0
177	307	4	0
177	806	4	0
177	92	4	0
177	642	4	0
177	12	5	0
177	302	4	0
177	182	5	0
177	156	5	0
178	11	5	0
178	56	4	0
178	332	3	0
178	76	3	0
178	12	5	0
178	823	2	0
178	248	4	0
178	92	3	0
178	1011	3	0
178	24	3	0
178	293	4	0
178	127	5	0
178	273	3	0
178	187	4	0
178	628	4	0
178	100	4	0
178	39	2	0
178	194	4	0
178	55	4	0
178	302	4	0
178	156	2	0
179	902	1	0
179	302	4	0
179	346	3	0
179	307	3	0
179	914	5	0
180	12	2	0
180	56	5	0
180	403	3	0
180	156	5	0
181	544	1	0
181	1187	1	0
181	1011	1	0
181	844	1	0
181	1198	1	0
181	329	1	0
181	1277	2	0
181	307	1	0
181	336	2	0
181	1280	1	0
181	628	3	0
181	100	3	0
181	332	2	0
181	823	2	0
181	24	1	0
181	1081	1	0
181	273	1	0
181	991	1	0
181	129	2	0
181	1151	1	0
181	120	1	0
181	1390	1	0
181	327	3	0
181	334	1	0
181	1245	1	0
181	299	1	0
181	547	1	0
181	302	2	0
181	130	1	0
182	100	3	0
182	293	3	0
183	55	4	0
183	273	4	0
183	649	4	0
184	396	3	0
184	231	3	0
184	11	3	0
184	187	4	0
184	504	4	0
184	403	3	0
184	642	4	0
184	100	5	0
184	56	3	0
184	182	4	0
184	127	5	0
184	92	3	0
184	72	3	0
184	254	2	0
184	29	3	0
185	302	4	0
185	239	3	0
185	127	5	0
186	770	2	0
186	55	4	0
186	332	4	0
186	754	2	0
186	12	1	0
186	299	3	0
186	1083	1	0
186	327	3	0
186	100	4	0
186	1213	3	0
186	1277	4	0
186	56	3	0
186	302	3	0
188	187	3	0
188	1213	2	0
188	504	3	0
188	628	5	0
188	127	4	0
188	100	4	0
188	76	4	0
188	56	4	0
188	194	3	0
188	5	4	0
188	11	5	0
189	656	4	0
189	194	5	0
189	127	4	0
189	914	2	0
189	56	5	0
189	100	4	0
189	24	4	0
189	129	3	0
189	248	4	0
189	120	1	0
190	823	2	0
190	273	4	0
190	100	4	0
190	24	3	0
190	327	2	0
190	628	4	0
190	302	5	0
190	544	4	0
191	332	2	0
191	302	4	0
191	754	3	0
191	307	3	0
192	302	5	0
192	100	5	0
192	127	4	0
193	327	1	0
193	29	3	0
193	127	5	0
193	332	3	0
193	56	1	0
193	72	2	0
193	182	4	0
193	187	4	0
193	194	4	0
193	24	2	0
193	403	3	0
193	307	4	0
193	100	5	0
194	56	5	0
194	770	4	0
194	1011	3	0
194	127	5	0
194	12	5	0
194	187	4	0
194	239	3	0
194	576	2	0
194	642	2	0
194	403	2	0
194	182	3	0
194	29	2	0
194	194	4	0
194	991	2	0
194	100	4	0
194	72	3	0
194	504	2	0
194	76	2	0
194	482	3	0
194	628	3	0
195	127	5	0
195	273	4	0
195	55	4	0
195	100	5	0
195	823	4	0
197	55	3	0
197	302	3	0
197	39	2	0
197	770	3	0
197	56	1	0
197	187	5	0
197	127	5	0
197	403	3	0
197	332	2	0
197	346	3	0
197	182	3	0
197	29	3	0
197	307	3	0
197	231	3	0
197	576	4	0
197	92	1	0
197	11	1	0
197	802	4	0
198	1245	4	0
198	100	1	0
198	24	2	0
198	187	4	0
198	127	5	0
198	403	4	0
198	55	3	0
198	11	4	0
198	156	3	0
198	248	3	0
198	56	5	0
198	182	4	0
198	823	2	0
199	100	3	0
200	29	4	0
200	24	2	0
200	56	4	0
200	239	3	0
200	231	4	0
200	576	4	0
200	72	4	0
200	1139	3	0
200	11	5	0
200	802	4	0
201	17	3	0
201	39	1	0
201	346	4	0
201	806	3	0
201	1069	2	0
201	332	2	0
201	1208	4	0
201	1011	3	0
201	156	4	0
201	770	3	0
201	182	4	0
201	656	4	0
201	1245	4	0
201	403	3	0
201	334	4	0
201	544	2	0
201	231	2	0
201	100	4	0
201	1194	4	0
201	12	4	0
201	1187	3	0
201	302	4	0
201	642	4	0
201	823	3	0
201	55	4	0
201	76	4	0
201	583	1	0
201	127	5	0
201	482	4	0
201	991	4	0
201	56	5	0
201	844	2	0
201	11	4	0
201	29	3	0
201	649	3	0
201	239	1	0
201	92	3	0
201	129	4	0
201	187	3	0
201	396	3	0
201	273	2	0
203	24	4	0
203	628	4	0
203	336	3	0
203	248	5	0
203	100	1	0
203	332	5	0
204	302	5	0
204	336	1	0
204	1194	4	0
204	482	4	0
204	12	4	0
206	346	5	0
206	332	3	0
206	309	2	0
206	336	1	0
206	302	5	0
206	361	1	0
207	1226	2	0
207	11	3	0
207	642	3	0
207	92	2	0
207	273	4	0
207	56	4	0
207	302	4	0
207	156	2	0
207	127	5	0
207	628	3	0
207	248	3	0
207	12	3	0
207	182	3	0
207	576	3	0
207	194	4	0
207	293	2	0
207	55	3	0
207	5	3	0
207	187	5	0
207	239	3	0
207	100	2	0
207	754	4	0
207	129	3	0
208	194	5	0
208	56	2	0
208	302	1	0
209	293	4	0
209	129	2	0
209	127	5	0
210	482	5	0
210	187	5	0
210	182	5	0
210	127	5	0
210	302	5	0
210	72	3	0
210	56	5	0
210	403	4	0
210	327	4	0
211	127	4	0
212	127	2	0
213	56	5	0
213	11	4	0
213	194	4	0
213	24	5	0
213	187	5	0
213	100	5	0
213	55	5	0
213	273	5	0
213	182	4	0
213	156	5	0
213	127	5	0
213	628	5	0
213	12	5	0
213	504	5	0
214	92	4	0
214	12	5	0
214	182	4	0
214	482	4	0
214	156	5	0
214	307	3	0
214	327	5	0
214	187	4	0
214	11	5	0
214	56	5	0
214	100	4	0
214	127	4	0
214	302	4	0
214	24	3	0
214	39	4	0
214	248	4	0
214	334	3	0
214	55	4	0
214	346	3	0
215	127	4	0
215	194	4	0
215	11	2	0
215	56	5	0
215	182	3	0
215	239	3	0
216	302	5	0
216	129	4	0
216	628	4	0
216	100	5	0
216	12	5	0
216	182	4	0
216	156	5	0
216	55	5	0
216	72	2	0
216	56	5	0
216	231	2	0
216	403	3	0
216	396	3	0
216	11	5	0
217	182	2	0
217	29	2	0
217	231	5	0
217	56	5	0
217	11	4	0
217	576	1	0
217	403	5	0
217	17	3	0
218	5	3	0
218	56	3	0
218	39	2	0
218	100	4	0
218	642	3	0
218	504	3	0
218	12	5	0
218	194	3	0
218	273	4	0
218	55	4	0
220	332	3	0
221	56	5	0
221	100	5	0
221	346	5	0
221	55	4	0
221	12	5	0
221	327	4	0
221	24	5	0
221	39	4	0
221	76	4	0
221	1208	3	0
221	156	5	0
221	273	5	0
221	1011	4	0
221	129	5	0
221	92	4	0
221	17	4	0
221	544	4	0
221	231	4	0
221	29	3	0
221	576	3	0
221	403	4	0
222	100	5	0
222	806	4	0
222	396	1	0
222	92	3	0
222	11	5	0
222	72	4	0
222	239	5	0
222	1139	3	0
222	12	5	0
222	302	3	0
222	1011	4	0
222	156	4	0
222	628	5	0
222	24	3	0
222	56	5	0
222	248	4	0
222	17	2	0
222	1439	3	0
222	576	3	0
222	403	3	0
222	120	2	0
222	770	3	0
222	642	3	0
222	29	3	0
222	182	4	0
222	293	3	0
222	231	2	0
222	127	5	0
222	1226	4	0
223	120	2	0
223	309	4	0
223	332	4	0
223	248	1	0
223	11	3	0
223	329	2	0
224	332	3	0
224	11	3	0
224	403	4	0
224	29	3	0
224	991	1	0
224	92	1	0
224	329	3	0
224	544	1	0
224	239	4	0
224	583	1	0
224	1208	1	0
225	482	5	0
225	194	5	0
226	56	4	0
226	12	5	0
226	24	4	0
226	92	2	0
226	182	1	0
227	1011	4	0
227	823	2	0
227	127	4	0
227	1143	4	0
227	273	3	0
227	100	5	0
227	129	5	0
227	293	5	0
228	56	2	0
228	327	1	0
229	312	3	0
229	302	5	0
230	11	4	0
230	628	3	0
230	504	3	0
230	56	3	0
230	182	2	0
230	100	4	0
230	239	4	0
231	127	3	0
232	76	3	0
232	127	3	0
232	100	5	0
232	302	5	0
232	194	4	0
232	56	5	0
233	504	5	0
233	806	4	0
233	12	2	0
233	127	5	0
233	100	4	0
233	56	5	0
233	187	4	0
233	482	4	0
233	129	3	0
233	1194	5	0
233	194	4	0
233	293	4	0
234	1198	3	0
234	72	3	0
234	182	3	0
234	1453	2	0
234	656	4	0
234	76	2	0
234	130	1	0
234	628	2	0
234	1011	3	0
234	1462	3	0
234	649	3	0
234	403	1	0
234	12	1	0
234	611	5	0
234	482	4	0
234	806	2	0
234	273	3	0
234	156	2	0
234	1064	4	0
234	504	4	0
234	653	3	0
234	127	4	0
234	307	2	0
234	844	2	0
234	642	3	0
234	100	4	0
234	5	3	0
234	194	5	0
234	187	4	0
234	770	4	0
234	56	3	0
234	11	2	0
234	329	2	0
235	100	4	0
235	346	4	0
235	327	3	0
235	194	5	0
236	100	3	0
236	504	3	0
236	127	5	0
236	187	3	0
236	56	5	0
236	194	3	0
236	273	1	0
236	307	4	0
237	127	5	0
237	656	4	0
237	100	5	0
237	187	3	0
239	12	5	0
239	194	5	0
239	187	5	0
239	504	4	0
239	100	3	0
239	482	3	0
239	312	2	0
239	56	4	0
239	1245	5	0
239	39	5	0
240	302	5	0
240	336	3	0
240	307	4	0
241	302	3	0
241	346	3	0
241	332	3	0
241	307	4	0
242	1011	3	0
242	361	5	0
243	129	2	0
243	127	4	0
243	194	4	0
244	56	5	0
244	754	4	0
244	92	4	0
244	100	4	0
244	156	4	0
244	17	2	0
244	628	4	0
244	72	4	0
246	56	1	0
246	55	4	0
246	576	1	0
246	239	3	0
246	1139	2	0
246	231	1	0
246	12	5	0
246	254	1	0
246	403	4	0
246	802	1	0
246	628	1	0
246	100	4	0
246	24	4	0
246	17	2	0
246	29	1	0
246	11	4	0
246	92	1	0
246	547	4	0
247	100	3	0
248	156	5	0
248	127	5	0
248	806	3	0
248	100	4	0
248	11	5	0
248	55	4	0
248	187	3	0
248	194	4	0
249	628	3	0
249	182	5	0
249	56	5	0
249	273	4	0
249	11	5	0
249	129	5	0
249	24	4	0
249	403	4	0
249	806	5	0
249	239	3	0
249	156	5	0
249	327	4	0
249	39	4	0
249	248	5	0
249	1011	5	0
249	583	4	0
249	309	3	0
249	1069	5	0
249	92	5	0
249	844	5	0
249	12	5	0
249	100	5	0
249	302	4	0
249	55	5	0
250	628	4	0
250	56	4	0
250	12	5	0
250	100	5	0
250	127	4	0
250	754	4	0
250	844	4	0
250	55	5	0
250	92	5	0
250	991	2	0
250	293	4	0
250	248	2	0
250	129	4	0
251	100	4	0
251	24	3	0
251	12	4	0
251	55	3	0
251	248	4	0
252	100	5	0
252	129	4	0
253	273	3	0
253	182	3	0
253	806	4	0
253	56	3	0
253	100	4	0
253	12	5	0
253	127	5	0
253	482	5	0
253	156	3	0
254	29	2	0
254	403	3	0
254	504	3	0
254	649	1	0
254	231	3	0
255	100	3	0
255	332	2	0
255	273	2	0
255	56	5	0
255	5	2	0
256	403	4	0
256	802	3	0
256	56	3	0
256	583	5	0
256	187	3	0
256	182	4	0
256	100	4	0
256	11	5	0
256	642	4	0
256	120	1	0
256	5	5	0
256	628	5	0
256	127	4	0
256	92	1	0
256	576	3	0
256	1208	3	0
256	12	5	0
256	29	4	0
257	1462	5	0
257	307	4	0
257	129	4	0
257	130	2	0
257	100	5	0
258	332	5	0
259	39	4	0
259	293	4	0
259	12	5	0
260	307	3	0
260	334	5	0
262	11	4	0
262	55	3	0
262	754	3	0
262	100	3	0
262	72	3	0
262	92	3	0
262	336	3	0
262	293	2	0
262	56	4	0
262	628	2	0
262	332	3	0
263	127	4	0
263	194	5	0
263	100	5	0
263	482	4	0
264	12	5	0
264	194	5	0
264	1069	5	0
264	56	5	0
264	100	5	0
264	156	2	0
264	656	4	0
264	504	5	0
264	844	1	0
264	182	5	0
265	293	4	0
265	273	5	0
265	100	5	0
265	327	3	0
265	628	4	0
266	100	5	0
267	239	4	0
267	576	3	0
267	156	5	0
267	642	4	0
267	5	3	0
267	17	4	0
267	56	5	0
267	273	4	0
267	12	5	0
267	403	4	0
267	293	4	0
267	92	4	0
267	24	5	0
267	182	5	0
267	127	5	0
267	55	4	0
267	187	5	0
267	100	5	0
267	29	3	0
267	231	4	0
268	24	2	0
268	17	3	0
268	56	4	0
268	11	4	0
268	248	3	0
268	544	3	0
268	576	1	0
268	156	3	0
268	823	2	0
268	100	3	0
268	239	3	0
268	231	4	0
268	72	3	0
268	583	4	0
268	182	4	0
268	129	2	0
268	120	2	0
268	802	3	0
268	92	4	0
268	302	5	0
268	194	4	0
268	29	1	0
268	1208	2	0
268	403	4	0
268	55	4	0
268	273	3	0
268	39	3	0
268	127	4	0
268	12	4	0
269	403	1	0
269	1478	1	0
269	5	2	0
269	254	1	0
269	293	3	0
269	239	2	0
269	396	4	0
269	17	2	0
269	182	4	0
269	156	5	0
269	194	5	0
269	902	5	0
269	649	2	0
269	231	1	0
269	120	1	0
269	187	4	0
269	806	3	0
269	76	3	0
269	56	5	0
269	72	2	0
269	100	5	0
269	302	3	0
269	346	2	0
269	127	4	0
269	1011	4	0
269	504	4	0
269	482	3	0
269	55	4	0
269	11	3	0
269	823	3	0
269	642	3	0
270	583	5	0
270	56	5	0
270	327	5	0
270	156	5	0
270	5	5	0
270	17	2	0
271	56	3	0
271	182	3	0
271	187	5	0
271	1139	3	0
271	130	1	0
271	239	3	0
271	649	3	0
271	248	4	0
271	642	5	0
271	504	3	0
271	194	5	0
271	100	5	0
271	312	2	0
271	11	4	0
271	12	4	0
271	302	5	0
271	823	3	0
271	346	4	0
271	127	5	0
271	482	5	0
272	194	5	0
272	127	5	0
272	56	5	0
272	11	4	0
272	187	5	0
272	12	5	0
273	902	5	0
273	307	2	0
274	628	4	0
274	100	5	0
276	254	2	0
276	547	4	0
276	127	5	0
276	156	5	0
276	806	4	0
276	5	3	0
276	576	3	0
276	307	4	0
276	628	4	0
276	403	4	0
276	302	5	0
276	396	4	0
276	1083	3	0
276	653	5	0
276	1245	3	0
276	649	4	0
276	823	3	0
276	182	5	0
276	120	2	0
276	17	4	0
276	100	5	0
276	231	3	0
276	92	4	0
276	544	3	0
276	802	3	0
276	1194	3	0
276	24	4	0
276	293	4	0
276	1011	3	0
276	239	4	0
276	332	4	0
276	1478	3	0
276	187	5	0
276	770	4	0
276	56	5	0
276	76	4	0
276	248	4	0
276	844	4	0
276	334	4	0
276	902	4	0
276	39	3	0
276	12	5	0
276	11	5	0
276	55	4	0
276	583	3	0
276	346	4	0
276	1213	1	0
276	29	3	0
276	72	4	0
276	273	4	0
276	1081	3	0
276	1208	3	0
277	628	4	0
277	100	4	0
277	273	5	0
277	302	4	0
277	129	4	0
277	844	4	0
277	293	4	0
277	1011	3	0
277	24	4	0
278	302	3	0
279	823	3	0
279	576	3	0
279	273	2	0
279	92	4	0
279	129	1	0
279	1496	3	0
279	100	4	0
279	547	1	0
279	156	4	0
279	248	4	0
279	56	4	0
279	29	2	0
279	12	2	0
279	403	1	0
279	239	4	0
279	120	1	0
279	1011	3	0
279	544	1	0
279	1151	2	0
279	24	5	0
279	231	2	0
279	17	4	0
279	130	1	0
279	649	3	0
279	482	4	0
279	396	3	0
279	802	4	0
279	254	3	0
280	100	3	0
280	403	3	0
280	544	4	0
280	5	4	0
280	11	5	0
280	72	4	0
280	239	3	0
280	56	5	0
280	127	5	0
280	76	2	0
280	576	3	0
280	156	4	0
280	231	3	0
280	29	3	0
280	182	3	0
280	92	3	0
280	1478	4	0
280	12	5	0
281	332	4	0
282	302	5	0
282	327	5	0
282	307	3	0
283	100	4	0
283	56	5	0
283	194	4	0
283	24	4	0
284	332	3	0
284	302	4	0
284	346	4	0
284	334	3	0
284	754	3	0
284	307	4	0
285	902	4	0
285	302	5	0
285	346	4	0
285	194	4	0
285	628	2	0
285	100	4	0
286	1194	4	0
286	628	4	0
286	396	4	0
286	17	4	0
286	55	4	0
286	336	5	0
286	100	3	0
286	56	2	0
286	312	4	0
286	231	3	0
286	29	2	0
286	72	4	0
286	403	5	0
286	642	3	0
286	348	4	0
286	309	5	0
286	1280	5	0
286	329	4	0
286	11	5	0
286	127	4	0
286	248	5	0
287	156	5	0
287	327	5	0
287	39	5	0
287	346	5	0
287	100	5	0
287	92	4	0
287	56	5	0
287	248	5	0
287	11	5	0
288	346	5	0
288	327	1	0
288	127	5	0
288	100	5	0
288	544	5	0
288	12	4	0
288	182	4	0
289	254	1	0
289	24	4	0
290	239	2	0
290	403	2	0
290	120	4	0
291	1083	3	0
291	770	4	0
291	100	5	0
291	156	5	0
291	56	5	0
291	17	4	0
291	396	4	0
291	1213	3	0
291	231	3	0
291	1139	3	0
291	576	4	0
291	11	4	0
291	1277	4	0
291	293	5	0
291	55	4	0
291	823	3	0
291	24	5	0
291	12	5	0
291	5	5	0
291	1478	2	0
291	129	5	0
291	72	4	0
291	92	4	0
291	844	5	0
291	273	3	0
291	1505	4	0
291	403	4	0
292	56	5	0
292	156	5	0
292	628	3	0
292	653	4	0
292	844	5	0
292	482	5	0
292	127	5	0
292	248	4	0
292	100	5	0
292	11	5	0
292	24	4	0
292	194	4	0
293	293	4	0
293	129	3	0
293	76	3	0
293	583	3	0
293	39	3	0
293	346	3	0
293	504	4	0
293	1208	3	0
293	92	4	0
293	100	4	0
293	12	4	0
293	482	4	0
293	187	3	0
293	1011	3	0
293	628	3	0
293	273	4	0
293	770	3	0
293	544	3	0
293	17	2	0
293	653	5	0
293	182	5	0
293	248	3	0
293	56	4	0
293	1226	3	0
293	11	3	0
293	156	4	0
293	5	3	0
293	127	5	0
293	302	4	0
293	29	1	0
293	642	3	0
293	403	3	0
293	55	4	0
293	239	3	0
293	194	4	0
293	649	4	0
294	823	3	0
294	248	5	0
294	547	3	0
294	273	3	0
294	346	3	0
294	1011	2	0
294	902	4	0
294	293	4	0
294	544	4	0
294	334	4	0
294	127	5	0
294	24	4	0
294	299	3	0
294	254	3	0
294	1245	3	0
294	1081	3	0
294	100	4	0
294	332	3	0
294	327	3	0
294	120	2	0
294	307	3	0
295	504	4	0
295	403	4	0
295	642	4	0
295	11	4	0
295	39	4	0
295	194	4	0
295	100	5	0
295	56	4	0
295	72	4	0
296	55	5	0
296	187	5	0
296	628	5	0
296	11	5	0
296	504	5	0
296	544	4	0
296	24	2	0
296	309	1	0
296	56	5	0
296	293	5	0
296	482	5	0
296	248	5	0
296	194	5	0
296	100	5	0
296	127	5	0
297	248	3	0
297	194	3	0
297	182	3	0
297	17	3	0
297	231	3	0
297	302	4	0
297	156	4	0
297	100	5	0
297	628	4	0
297	293	3	0
297	11	4	0
297	55	4	0
297	24	4	0
297	307	4	0
297	12	5	0
297	56	5	0
297	129	4	0
297	92	3	0
297	273	4	0
298	194	5	0
298	187	5	0
298	127	5	0
298	504	3	0
298	482	5	0
299	12	5	0
299	129	4	0
299	100	3	0
299	127	5	0
299	248	5	0
299	17	1	0
299	346	3	0
299	72	3	0
299	182	3	0
299	194	3	0
299	55	2	0
299	302	4	0
299	239	3	0
299	24	3	0
299	482	4	0
299	56	4	0
299	642	4	0
299	1226	2	0
299	396	4	0
300	100	3	0
301	182	5	0
301	11	4	0
301	17	4	0
301	120	2	0
301	56	4	0
301	127	4	0
301	24	4	0
301	12	4	0
301	576	4	0
301	273	1	0
301	39	3	0
301	100	5	0
301	76	4	0
301	802	2	0
301	299	3	0
301	194	4	0
301	187	4	0
301	156	4	0
301	334	3	0
301	403	4	0
301	231	2	0
301	29	4	0
301	239	2	0
302	309	2	0
302	299	2	0
302	307	4	0
303	24	3	0
303	156	5	0
303	231	4	0
303	844	3	0
303	248	2	0
303	302	4	0
303	396	4	0
303	327	1	0
303	100	5	0
303	293	4	0
303	127	5	0
303	403	5	0
303	129	5	0
303	1187	4	0
303	576	3	0
303	55	4	0
303	120	2	0
303	5	2	0
303	1510	3	0
303	482	5	0
303	11	4	0
303	72	3	0
303	1226	4	0
303	194	5	0
303	12	4	0
303	1011	2	0
303	273	3	0
303	17	4	0
303	239	3	0
303	583	1	0
303	187	5	0
303	92	4	0
303	56	5	0
303	29	2	0
303	653	4	0
303	334	3	0
303	182	5	0
303	544	4	0
305	76	1	0
305	11	1	0
305	127	5	0
305	56	1	0
305	806	3	0
305	1104	4	0
305	327	3	0
305	482	2	0
305	403	2	0
305	239	3	0
305	187	4	0
305	302	4	0
305	628	4	0
305	100	3	0
305	12	5	0
305	770	3	0
305	129	3	0
305	156	4	0
306	100	4	0
307	24	4	0
307	100	3	0
307	239	3	0
307	56	4	0
307	403	3	0
307	72	3	0
308	293	4	0
308	55	3	0
308	72	4	0
308	100	5	0
308	239	3	0
308	156	4	0
308	24	4	0
308	182	5	0
308	309	1	0
308	5	4	0
308	56	5	0
308	628	3	0
308	17	4	0
308	504	4	0
308	129	5	0
308	583	4	0
308	653	5	0
308	231	3	0
308	11	5	0
308	396	4	0
308	127	4	0
308	802	3	0
308	254	2	0
308	642	5	0
308	649	4	0
308	273	2	0
308	187	5	0
308	92	4	0
308	194	5	0
308	248	4	0
308	770	4	0
308	806	4	0
308	403	4	0
308	12	5	0
308	611	4	0
308	656	3	0
308	482	5	0
309	334	4	0
310	24	4	0
311	39	4	0
311	642	4	0
311	576	3	0
311	56	5	0
311	403	4	0
311	127	4	0
311	231	4	0
311	100	1	0
311	194	4	0
311	482	4	0
311	348	4	0
311	754	3	0
311	72	4	0
311	76	4	0
311	5	3	0
311	187	4	0
311	239	3	0
311	12	4	0
311	504	4	0
311	329	4	0
312	653	5	0
312	156	3	0
312	611	5	0
312	100	4	0
312	194	4	0
312	187	5	0
312	482	5	0
312	656	5	0
313	504	5	0
313	194	4	0
313	156	3	0
313	770	4	0
313	628	4	0
313	100	5	0
313	182	4	0
313	649	3	0
313	56	2	0
313	239	3	0
313	823	3	0
313	127	5	0
313	576	3	0
313	482	5	0
313	187	4	0
313	309	4	0
313	29	2	0
313	231	2	0
313	403	3	0
314	1139	5	0
314	56	1	0
314	11	5	0
314	72	2	0
314	120	3	0
314	1519	4	0
314	332	5	0
314	24	1	0
314	327	4	0
314	12	4	0
314	628	5	0
314	806	4	0
314	5	4	0
314	29	5	0
315	17	1	0
315	12	5	0
315	327	4	0
315	273	3	0
315	187	4	0
315	55	5	0
315	504	3	0
315	302	5	0
315	56	5	0
315	194	4	0
315	770	3	0
315	642	5	0
315	127	5	0
315	156	5	0
315	100	5	0
316	187	2	0
316	482	3	0
316	100	4	0
316	127	2	0
317	299	4	0
318	12	4	0
318	239	4	0
318	307	3	0
318	187	4	0
318	72	4	0
318	194	5	0
318	628	4	0
318	24	4	0
318	100	5	0
318	127	5	0
318	248	3	0
318	482	5	0
318	403	2	0
318	56	3	0
318	182	4	0
318	396	1	0
318	312	4	0
319	332	4	0
319	302	4	0
319	346	3	0
319	307	4	0
320	1081	4	0
320	248	5	0
320	24	3	0
320	100	4	0
320	576	3	0
320	56	5	0
320	403	4	0
320	92	5	0
320	156	5	0
320	231	2	0
320	11	4	0
320	17	5	0
320	1011	3	0
320	129	4	0
321	56	4	0
321	127	3	0
321	194	3	0
321	1194	5	0
321	100	4	0
321	182	3	0
321	611	4	0
322	653	4	0
322	346	3	0
322	302	5	0
322	12	4	0
322	156	4	0
322	182	5	0
322	656	5	0
322	127	4	0
322	194	5	0
322	92	4	0
323	127	5	0
323	56	5	0
323	334	3	0
323	100	4	0
323	293	4	0
323	273	4	0
323	248	3	0
323	327	4	0
323	332	3	0
323	544	4	0
323	11	5	0
323	156	5	0
324	307	5	0
324	327	4	0
324	332	3	0
324	248	5	0
324	293	4	0
324	754	5	0
324	127	4	0
324	273	5	0
325	100	4	0
325	127	5	0
325	504	3	0
325	403	2	0
325	628	3	0
325	182	3	0
325	187	3	0
325	482	4	0
325	656	4	0
326	187	1	0
326	182	2	0
326	194	4	0
326	239	3	0
326	403	3	0
326	72	2	0
326	56	2	0
326	127	1	0
326	611	3	0
327	100	4	0
327	56	2	0
327	336	2	0
327	628	2	0
327	293	3	0
327	72	2	0
327	396	3	0
327	239	3	0
327	583	2	0
327	55	4	0
327	1069	4	0
327	11	4	0
327	482	4	0
327	24	2	0
327	806	4	0
327	273	2	0
327	92	4	0
327	127	4	0
327	12	3	0
327	129	4	0
327	182	4	0
327	156	4	0
327	403	3	0
327	327	3	0
327	302	3	0
328	12	5	0
328	504	3	0
328	649	3	0
328	1439	3	0
328	56	4	0
328	302	4	0
328	11	3	0
328	231	2	0
328	1478	3	0
328	76	3	0
328	327	3	0
328	332	3	0
328	72	3	0
328	1139	1	0
328	628	3	0
328	29	3	0
328	182	2	0
328	299	2	0
328	403	3	0
328	1106	2	0
328	911	3	0
328	754	4	0
328	823	3	0
328	194	3	0
328	482	3	0
328	187	4	0
328	127	5	0
328	55	4	0
328	100	5	0
328	273	3	0
328	1277	3	0
329	100	4	0
329	194	3	0
329	248	3	0
329	302	5	0
329	12	4	0
329	129	3	0
329	39	2	0
329	1011	3	0
329	127	4	0
329	11	3	0
330	72	5	0
330	11	4	0
330	293	3	0
330	100	4	0
330	231	5	0
330	403	5	0
330	823	3	0
331	1194	3	0
331	11	2	0
331	482	2	0
331	302	5	0
331	100	4	0
331	182	4	0
331	653	3	0
332	5	5	0
332	127	5	0
332	628	4	0
332	307	5	0
332	11	5	0
332	156	4	0
332	56	5	0
332	327	5	0
332	302	5	0
332	12	5	0
332	273	5	0
332	120	4	0
332	293	4	0
332	1011	3	0
332	770	3	0
332	332	4	0
332	182	5	0
333	127	4	0
333	100	4	0
334	187	4	0
334	1011	4	0
334	231	2	0
334	293	3	0
334	12	5	0
334	346	5	0
334	130	4	0
334	628	4	0
334	1198	3	0
334	11	4	0
334	72	3	0
334	1226	4	0
334	239	3	0
334	129	4	0
334	29	2	0
334	182	3	0
334	403	4	0
334	396	4	0
334	100	5	0
334	307	3	0
334	642	5	0
334	56	4	0
334	127	4	0
334	302	5	0
334	902	4	0
334	248	4	0
334	312	2	0
335	307	5	0
335	902	5	0
336	72	3	0
336	239	3	0
336	56	4	0
336	100	3	0
336	1496	1	0
336	273	5	0
336	628	3	0
336	1011	2	0
337	127	3	0
338	56	3	0
338	100	4	0
338	194	3	0
339	327	4	0
339	504	5	0
339	56	5	0
339	127	5	0
339	231	2	0
339	182	5	0
339	29	3	0
339	92	4	0
339	11	4	0
339	396	4	0
339	1139	3	0
339	770	4	0
339	187	5	0
339	130	4	0
339	248	4	0
339	806	4	0
339	346	5	0
339	194	4	0
339	156	5	0
339	76	3	0
339	302	4	0
339	642	5	0
339	293	5	0
339	55	3	0
339	12	5	0
339	100	5	0
339	823	3	0
339	649	5	0
339	403	3	0
339	5	3	0
340	504	1	0
341	1280	2	0
341	299	5	0
342	248	3	0
342	11	5	0
342	544	1	0
342	194	3	0
342	92	4	0
342	182	5	0
342	293	4	0
342	327	4	0
342	547	5	0
342	56	5	0
342	129	5	0
342	156	4	0
342	1011	3	0
342	656	5	0
342	100	5	0
342	12	5	0
342	482	5	0
342	844	3	0
343	76	4	0
343	302	4	0
343	823	3	0
343	187	4	0
343	194	5	0
343	100	5	0
343	1194	4	0
343	403	4	0
343	12	5	0
343	583	4	0
343	56	5	0
343	231	5	0
343	55	3	0
343	642	4	0
343	156	4	0
343	11	5	0
343	130	3	0
343	127	5	0
343	334	5	0
343	72	5	0
344	302	5	0
344	844	1	0
344	39	3	0
344	248	4	0
344	11	3	0
344	129	4	0
344	127	5	0
344	628	4	0
344	273	4	0
344	12	5	0
344	5	3	0
344	100	5	0
345	1226	3	0
345	628	3	0
345	302	5	0
345	100	5	0
345	312	3	0
345	248	5	0
345	293	4	0
345	5	3	0
345	11	4	0
345	56	5	0
345	1011	3	0
345	239	4	0
345	403	3	0
345	12	5	0
345	332	1	0
346	182	5	0
346	11	4	0
346	17	1	0
346	29	4	0
346	55	5	0
346	127	5	0
346	100	3	0
346	156	4	0
346	1011	1	0
346	403	3	0
346	576	3	0
346	802	4	0
346	12	5	0
346	302	3	0
346	72	3	0
346	187	3	0
346	92	4	0
346	120	3	0
346	76	4	0
346	273	4	0
346	56	5	0
346	293	3	0
346	642	3	0
347	403	5	0
347	544	4	0
347	12	3	0
347	182	5	0
347	293	5	0
347	1011	3	0
347	24	3	0
347	806	3	0
347	239	5	0
347	56	5	0
347	187	5	0
347	11	5	0
347	55	5	0
347	17	4	0
347	156	5	0
347	100	3	0
347	127	5	0
347	76	5	0
347	273	5	0
348	628	4	0
348	100	4	0
349	544	4	0
349	120	3	0
349	100	4	0
349	823	4	0
350	127	5	0
350	187	5	0
351	312	5	0
351	307	4	0
351	332	5	0
351	754	5	0
351	327	5	0
352	12	4	0
352	273	2	0
352	302	4	0
352	100	4	0
352	17	2	0
352	182	5	0
352	92	3	0
352	55	1	0
352	194	3	0
352	129	5	0
352	653	3	0
352	39	5	0
352	56	5	0
352	156	4	0
353	346	4	0
353	332	5	0
353	327	2	0
354	100	5	0
354	248	4	0
354	1194	4	0
355	329	3	0
355	307	4	0
355	336	4	0
356	312	3	0
356	307	4	0
357	24	4	0
357	1277	5	0
357	334	4	0
357	273	5	0
358	482	2	0
358	127	1	0
359	24	3	0
359	273	4	0
360	302	4	0
360	187	4	0
360	194	3	0
360	309	2	0
360	100	5	0
360	334	4	0
360	248	4	0
360	127	5	0
360	56	4	0
361	12	4	0
361	194	4	0
361	611	4	0
361	156	4	0
361	129	4	0
361	504	4	0
361	100	5	0
361	55	2	0
361	273	3	0
361	56	4	0
361	770	3	0
362	332	5	0
362	336	2	0
362	302	5	0
362	312	5	0
363	273	3	0
363	11	5	0
363	156	3	0
363	248	5	0
363	231	1	0
363	39	4	0
363	293	4	0
363	120	1	0
363	5	1	0
363	802	2	0
363	17	4	0
363	127	4	0
363	770	4	0
363	1478	1	0
363	239	3	0
363	72	1	0
363	653	3	0
363	346	4	0
363	100	5	0
363	336	4	0
363	187	2	0
363	56	5	0
363	307	5	0
363	12	5	0
363	24	3	0
363	182	1	0
363	312	3	0
363	302	5	0
363	403	3	0
363	55	5	0
363	29	1	0
364	302	4	0
365	100	5	0
365	309	1	0
365	1011	3	0
366	56	5	0
366	17	5	0
367	56	5	0
367	5	4	0
367	17	5	0
367	302	5	0
367	334	4	0
367	100	5	0
368	844	3	0
368	127	4	0
368	17	5	0
368	11	4	0
368	100	4	0
368	56	4	0
368	396	2	0
368	5	3	0
369	346	4	0
370	12	4	0
370	302	5	0
370	100	4	0
370	56	2	0
371	504	4	0
371	55	4	0
371	24	4	0
371	194	3	0
371	127	4	0
372	844	4	0
372	299	4	0
372	100	3	0
372	327	5	0
372	332	4	0
372	1083	3	0
372	547	5	0
372	5	4	0
372	273	5	0
372	129	4	0
372	56	4	0
372	12	4	0
372	628	4	0
372	649	3	0
373	239	3	0
373	156	2	0
373	649	4	0
373	24	4	0
373	403	3	0
373	187	2	0
373	127	2	0
373	231	3	0
373	12	5	0
373	194	4	0
373	100	3	0
374	823	1	0
374	127	4	0
374	273	2	0
374	29	3	0
374	5	4	0
374	156	2	0
374	120	3	0
374	56	5	0
374	1011	4	0
374	39	4	0
374	403	2	0
374	11	4	0
374	17	2	0
374	231	2	0
374	254	3	0
374	129	5	0
374	12	4	0
374	642	1	0
374	55	2	0
374	844	4	0
374	628	3	0
374	806	3	0
374	544	1	0
374	248	1	0
374	24	3	0
374	100	5	0
374	504	4	0
374	1194	4	0
374	770	5	0
374	239	4	0
374	1277	3	0
374	576	3	0
374	182	5	0
375	5	4	0
375	770	3	0
375	39	3	0
375	583	2	0
375	302	5	0
376	100	4	0
376	11	4	0
377	100	3	0
377	56	4	0
377	194	5	0
378	248	3	0
378	194	4	0
378	302	5	0
378	55	4	0
378	231	3	0
378	806	4	0
378	239	3	0
378	11	3	0
378	56	4	0
378	1439	3	0
378	100	4	0
378	403	4	0
378	12	5	0
378	29	3	0
378	482	4	0
378	396	4	0
378	1478	3	0
378	273	4	0
378	576	3	0
378	182	4	0
378	254	1	0
378	5	3	0
379	12	5	0
379	649	4	0
379	576	4	0
379	403	4	0
379	100	5	0
379	187	5	0
379	127	5	0
379	239	4	0
379	56	5	0
379	504	5	0
379	194	5	0
380	182	3	0
380	100	4	0
380	194	4	0
380	12	5	0
380	302	5	0
380	770	3	0
381	656	4	0
381	307	2	0
381	100	4	0
381	403	3	0
381	1439	3	0
381	129	4	0
381	914	1	0
381	120	1	0
382	482	5	0
382	332	3	0
382	1534	4	0
382	504	3	0
382	127	3	0
382	100	4	0
382	56	5	0
382	334	5	0
383	504	4	0
383	302	4	0
383	182	5	0
383	100	4	0
384	327	4	0
384	302	5	0
384	329	3	0
385	24	3	0
385	156	4	0
385	55	2	0
385	1462	4	0
385	92	3	0
385	187	4	0
385	346	3	0
385	273	2	0
385	293	3	0
385	127	4	0
385	29	1	0
385	12	3	0
385	656	5	0
385	504	4	0
385	254	1	0
385	100	4	0
385	1143	4	0
385	231	2	0
385	194	3	0
385	182	5	0
385	403	3	0
385	482	3	0
385	1069	4	0
385	56	5	0
385	129	3	0
385	653	4	0
386	273	3	0
386	24	4	0
386	127	5	0
387	76	3	0
387	1187	4	0
387	12	5	0
387	273	4	0
387	547	4	0
387	156	5	0
387	248	4	0
387	1069	2	0
387	1143	5	0
387	127	4	0
387	92	4	0
387	100	5	0
387	24	5	0
387	231	3	0
387	806	1	0
387	129	5	0
387	39	3	0
387	293	4	0
387	403	3	0
387	583	4	0
387	844	5	0
387	642	4	0
387	182	5	0
387	1011	3	0
387	239	1	0
387	11	3	0
387	29	1	0
387	194	3	0
387	1198	3	0
387	56	5	0
387	55	3	0
387	187	4	0
388	628	4	0
388	307	4	0
388	100	3	0
388	5	4	0
388	56	3	0
388	302	5	0
389	302	5	0
389	239	3	0
389	194	4	0
389	187	5	0
389	100	5	0
389	482	5	0
389	396	3	0
389	346	4	0
389	656	5	0
389	29	2	0
389	649	4	0
389	583	2	0
389	504	4	0
389	127	5	0
389	56	5	0
389	182	5	0
389	642	4	0
389	72	3	0
390	754	4	0
390	100	5	0
390	302	5	0
390	329	3	0
391	504	5	0
391	76	3	0
391	544	4	0
391	56	5	0
391	182	4	0
391	12	5	0
391	11	3	0
391	100	4	0
391	127	5	0
391	482	4	0
391	187	4	0
391	628	4	0
391	194	4	0
391	334	5	0
392	248	4	0
392	129	4	0
392	312	4	0
392	293	4	0
392	482	5	0
392	1143	4	0
392	11	4	0
392	1226	4	0
392	302	5	0
392	346	4	0
392	127	5	0
393	248	4	0
393	194	4	0
393	576	3	0
393	17	1	0
393	802	3	0
393	302	4	0
393	396	1	0
393	55	4	0
393	544	3	0
393	11	3	0
393	12	5	0
393	332	4	0
393	29	4	0
393	56	2	0
393	628	4	0
393	24	3	0
393	72	4	0
393	403	3	0
393	273	3	0
393	5	3	0
393	823	3	0
393	239	4	0
393	100	1	0
393	1139	3	0
394	29	3	0
394	802	1	0
394	39	4	0
394	56	5	0
394	576	2	0
394	72	4	0
394	403	4	0
394	24	5	0
394	156	4	0
394	12	4	0
395	273	2	0
395	100	4	0
395	231	4	0
395	127	5	0
396	329	2	0
396	100	2	0
396	823	2	0
397	12	4	0
397	182	5	0
397	302	5	0
397	346	4	0
397	991	1	0
397	327	2	0
397	194	3	0
397	56	5	0
397	504	5	0
397	127	5	0
397	332	2	0
397	334	3	0
397	273	4	0
397	156	5	0
397	611	5	0
397	100	5	0
398	403	4	0
398	100	3	0
398	231	2	0
398	504	3	0
398	991	2	0
398	72	3	0
398	182	4	0
398	194	5	0
398	12	3	0
398	56	4	0
398	239	3	0
398	482	5	0
398	127	4	0
399	273	3	0
399	56	3	0
399	156	3	0
399	1139	4	0
399	5	3	0
399	403	3	0
399	55	2	0
399	39	2	0
399	239	3	0
399	12	3	0
399	29	3	0
399	127	2	0
399	100	3	0
399	182	4	0
399	72	4	0
399	307	3	0
399	754	3	0
399	332	3	0
399	231	3	0
399	187	3	0
399	806	3	0
399	544	2	0
399	24	4	0
399	576	3	0
399	11	4	0
399	302	4	0
399	628	3	0
400	332	2	0
400	307	3	0
401	482	4	0
401	194	4	0
401	100	4	0
401	127	1	0
401	273	2	0
401	11	2	0
401	1011	3	0
401	248	3	0
401	302	3	0
401	312	3	0
402	182	5	0
402	12	4	0
402	273	4	0
402	628	3	0
402	100	5	0
402	127	5	0
403	129	4	0
403	100	5	0
403	127	4	0
404	754	3	0
404	307	4	0
404	348	3	0
404	327	2	0
404	332	4	0
404	302	4	0
405	802	1	0
405	1208	1	0
405	1104	1	0
405	187	5	0
405	583	1	0
405	182	1	0
405	56	4	0
405	72	3	0
405	11	4	0
405	656	1	0
405	1139	1	0
405	12	5	0
405	403	5	0
405	653	1	0
405	396	1	0
405	239	3	0
405	5	4	0
405	29	4	0
405	302	4	0
405	361	2	0
405	231	3	0
405	1560	1	0
405	1478	1	0
405	649	1	0
405	39	1	0
405	576	1	0
405	642	1	0
405	504	2	0
405	1439	1	0
405	194	1	0
405	76	3	0
405	1519	2	0
405	482	3	0
405	1069	1	0
405	1586	1	0
405	92	1	0
405	1194	1	0
405	806	1	0
405	770	1	0
405	55	1	0
405	127	5	0
406	194	5	0
406	24	3	0
406	5	4	0
406	182	4	0
406	127	4	0
406	806	4	0
406	130	3	0
406	187	2	0
406	504	4	0
406	92	4	0
406	100	4	0
406	39	4	0
406	1194	4	0
406	156	5	0
406	56	5	0
406	611	3	0
406	642	3	0
406	396	3	0
406	239	3	0
406	11	4	0
406	482	5	0
406	72	3	0
406	12	4	0
406	823	3	0
406	129	5	0
407	844	2	0
407	504	3	0
407	403	4	0
407	239	4	0
407	127	3	0
407	642	2	0
407	182	4	0
407	194	4	0
407	56	5	0
407	29	3	0
407	72	4	0
407	100	5	0
407	656	4	0
407	231	3	0
407	248	4	0
408	327	5	0
408	312	3	0
408	334	2	0
408	302	5	0
409	482	4	0
409	1194	5	0
409	100	5	0
409	127	4	0
409	12	4	0
409	327	2	0
409	504	2	0
409	156	2	0
409	187	3	0
410	754	3	0
410	312	2	0
411	770	4	0
411	182	3	0
411	56	4	0
411	194	5	0
412	24	3	0
412	56	5	0
412	92	3	0
412	182	4	0
413	327	3	0
413	100	4	0
413	273	2	0
413	628	4	0
413	307	2	0
413	302	2	0
413	332	3	0
414	346	5	0
414	100	5	0
414	11	5	0
414	302	5	0
415	754	4	0
415	56	5	0
416	187	5	0
416	327	4	0
416	156	5	0
416	329	3	0
416	231	3	0
416	293	5	0
416	302	5	0
416	100	5	0
416	248	5	0
416	312	3	0
416	273	4	0
416	576	5	0
416	348	3	0
416	56	5	0
416	1478	2	0
416	29	2	0
416	396	2	0
416	544	2	0
416	12	5	0
416	403	5	0
416	1011	4	0
416	194	5	0
416	332	4	0
416	24	5	0
416	1139	3	0
416	770	4	0
416	55	2	0
416	754	5	0
416	11	4	0
416	127	5	0
416	17	2	0
416	254	2	0
416	1226	3	0
416	239	5	0
416	182	4	0
416	72	2	0
416	346	4	0
416	628	4	0
416	307	1	0
416	92	3	0
417	642	5	0
417	100	3	0
417	544	3	0
417	1139	3	0
417	293	4	0
417	72	4	0
417	39	3	0
417	248	4	0
417	11	5	0
417	55	5	0
417	17	4	0
417	628	3	0
417	231	4	0
417	396	2	0
417	823	2	0
417	120	2	0
417	1011	3	0
417	302	3	0
417	273	3	0
417	5	4	0
417	182	4	0
417	127	4	0
417	29	2	0
417	403	4	0
417	56	5	0
417	24	3	0
417	576	3	0
417	12	4	0
417	156	3	0
418	302	2	0
418	327	1	0
418	346	2	0
419	100	5	0
420	127	5	0
420	100	5	0
420	547	4	0
420	302	4	0
421	182	5	0
421	156	5	0
421	12	5	0
421	187	4	0
421	100	4	0
421	127	4	0
421	914	3	0
421	302	4	0
421	194	4	0
421	653	3	0
421	56	5	0
421	129	5	0
421	11	2	0
422	293	3	0
422	327	3	0
422	5	3	0
422	299	1	0
422	100	4	0
422	248	3	0
422	1187	4	0
422	307	4	0
422	396	4	0
422	302	3	0
422	334	4	0
422	127	4	0
422	129	4	0
422	273	5	0
423	127	4	0
423	327	2	0
423	754	4	0
423	302	5	0
423	293	4	0
423	823	3	0
423	628	4	0
423	299	3	0
423	307	3	0
423	329	3	0
423	348	3	0
423	100	5	0
423	1011	3	0
424	100	5	0
424	127	4	0
425	273	4	0
425	583	3	0
425	17	4	0
425	39	4	0
425	56	5	0
425	127	4	0
425	823	3	0
425	576	3	0
425	334	4	0
425	403	4	0
425	293	4	0
425	307	4	0
425	24	2	0
425	156	5	0
425	11	3	0
425	12	5	0
425	5	1	0
425	100	4	0
425	187	3	0
425	92	5	0
425	302	5	0
425	346	5	0
425	327	4	0
425	55	4	0
425	231	3	0
426	504	4	0
426	482	5	0
426	100	4	0
426	182	2	0
426	653	4	0
426	194	4	0
426	754	1	0
426	1064	4	0
426	332	4	0
427	332	5	0
427	334	5	0
427	302	4	0
428	329	3	0
428	334	4	0
428	307	4	0
428	302	5	0
428	754	4	0
428	312	4	0
428	332	4	0
428	1280	3	0
429	248	5	0
429	628	3	0
429	231	2	0
429	1139	2	0
429	273	4	0
429	72	2	0
429	24	3	0
429	127	4	0
429	129	4	0
429	307	3	0
429	100	5	0
429	182	4	0
429	583	3	0
429	11	4	0
429	504	3	0
429	642	4	0
429	156	4	0
429	293	4	0
429	55	4	0
429	92	4	0
429	482	3	0
429	194	4	0
429	12	5	0
429	56	4	0
429	1011	4	0
429	403	4	0
429	806	2	0
429	611	4	0
429	39	3	0
430	100	5	0
430	248	3	0
430	293	3	0
430	273	4	0
430	302	4	0
430	547	2	0
430	129	5	0
430	127	4	0
430	12	4	0
430	628	3	0
430	656	4	0
430	56	4	0
431	327	3	0
431	307	3	0
431	332	3	0
431	302	3	0
431	754	3	0
432	100	3	0
432	628	5	0
432	24	1	0
432	293	5	0
432	844	4	0
432	248	4	0
433	194	5	0
433	12	5	0
433	273	3	0
433	754	3	0
433	302	5	0
433	1598	1	0
433	293	3	0
434	844	3	0
434	628	1	0
435	39	3	0
435	299	4	0
435	12	5	0
435	307	5	0
435	403	4	0
435	254	3	0
435	194	4	0
435	1151	1	0
435	187	4	0
435	649	3	0
435	182	4	0
435	56	5	0
435	156	4	0
435	76	3	0
435	24	4	0
435	100	3	0
435	273	5	0
435	127	4	0
435	29	3	0
435	576	3	0
435	5	2	0
435	327	3	0
435	55	5	0
435	17	2	0
435	72	4	0
435	11	5	0
435	1069	4	0
435	628	5	0
435	239	4	0
436	504	4	0
436	239	3	0
436	348	4	0
436	11	5	0
436	72	5	0
436	92	3	0
436	39	3	0
436	182	5	0
436	127	5	0
436	642	4	0
436	327	5	0
436	649	5	0
436	187	5	0
436	628	5	0
436	273	4	0
437	248	2	0
437	254	3	0
437	182	2	0
437	482	5	0
437	642	1	0
437	583	1	0
437	239	4	0
437	156	2	0
437	100	4	0
437	12	5	0
437	5	2	0
437	770	3	0
437	11	1	0
437	129	1	0
437	56	4	0
438	100	4	0
439	273	2	0
439	293	3	0
439	307	3	0
439	100	3	0
440	329	5	0
440	361	5	0
440	1194	5	0
440	1191	5	0
440	312	5	0
441	100	3	0
442	11	4	0
442	156	4	0
442	129	4	0
442	100	2	0
442	55	3	0
442	628	4	0
442	92	5	0
442	39	3	0
442	576	2	0
442	182	4	0
442	231	3	0
442	403	4	0
442	482	3	0
442	273	4	0
442	12	4	0
442	29	3	0
442	239	3	0
442	56	5	0
442	17	4	0
443	309	5	0
443	327	4	0
443	39	1	0
443	12	5	0
443	307	3	0
444	100	5	0
444	307	3	0
445	293	3	0
445	55	1	0
445	628	1	0
445	1598	1	0
445	844	2	0
445	1143	4	0
445	273	2	0
445	127	2	0
445	1245	1	0
445	1187	3	0
445	1081	1	0
445	544	2	0
445	1011	1	0
445	346	5	0
445	248	1	0
445	1277	2	0
445	327	2	0
445	302	1	0
445	12	2	0
445	504	3	0
445	823	1	0
445	56	5	0
445	1534	1	0
445	100	2	0
445	902	4	0
446	299	2	0
446	332	3	0
446	302	4	0
446	754	3	0
446	327	2	0
446	307	3	0
446	334	3	0
447	17	3	0
447	56	5	0
447	12	5	0
447	55	4	0
447	770	3	0
447	5	3	0
447	544	4	0
447	100	5	0
447	293	4	0
447	248	5	0
447	24	3	0
447	642	4	0
447	156	5	0
447	11	4	0
447	823	3	0
447	231	2	0
448	327	2	0
448	307	2	0
448	302	5	0
448	902	4	0
448	312	1	0
449	127	5	0
449	120	1	0
449	100	5	0
449	1194	4	0
449	273	4	0
449	248	4	0
449	544	3	0
449	293	4	0
449	1011	4	0
450	76	3	0
450	100	4	0
450	29	3	0
450	11	5	0
450	336	3	0
450	56	4	0
450	307	5	0
450	12	4	0
450	1208	3	0
450	403	4	0
450	823	3	0
450	611	5	0
450	302	5	0
450	1226	4	0
450	396	2	0
450	312	4	0
450	332	4	0
450	231	3	0
450	299	2	0
450	239	5	0
450	504	5	0
450	194	5	0
450	902	4	0
450	628	4	0
450	92	4	0
450	187	5	0
450	642	4	0
450	482	5	0
450	583	4	0
450	182	5	0
450	254	3	0
450	127	5	0
450	39	4	0
450	273	3	0
451	336	4	0
451	334	3	0
451	302	3	0
451	991	2	0
451	299	1	0
451	307	4	0
451	332	4	0
451	1280	1	0
451	327	4	0
451	329	4	0
452	187	3	0
452	76	4	0
452	482	5	0
452	504	2	0
452	100	5	0
452	127	5	0
452	156	4	0
452	194	4	0
452	576	2	0
452	1534	1	0
453	11	5	0
453	239	3	0
453	156	5	0
453	55	4	0
453	628	3	0
453	100	5	0
453	120	1	0
453	17	4	0
453	254	2	0
453	248	4	0
453	12	5	0
453	24	4	0
453	403	4	0
453	56	5	0
453	273	4	0
453	231	2	0
454	611	2	0
454	302	4	0
454	55	2	0
454	649	2	0
454	327	3	0
454	11	1	0
454	642	2	0
454	504	2	0
454	248	3	0
454	293	4	0
454	312	3	0
454	12	3	0
454	76	1	0
454	182	3	0
454	56	3	0
454	100	4	0
454	194	3	0
454	482	3	0
455	504	4	0
455	628	4	0
455	56	5	0
455	100	4	0
455	307	4	0
455	293	4	0
455	127	5	0
455	334	3	0
455	24	3	0
455	17	3	0
455	239	3	0
455	12	3	0
455	770	3	0
455	39	2	0
455	11	3	0
456	194	3	0
456	1081	4	0
456	12	3	0
456	129	3	0
456	182	3	0
456	403	2	0
456	187	4	0
456	544	3	0
456	547	3	0
456	346	5	0
456	273	3	0
456	1604	4	0
456	231	2	0
456	806	3	0
456	72	1	0
456	127	5	0
456	56	5	0
456	92	4	0
456	1478	4	0
456	1198	4	0
456	100	3	0
457	127	5	0
457	231	4	0
457	770	4	0
457	194	5	0
457	628	4	0
457	11	4	0
457	56	4	0
457	239	5	0
457	120	2	0
457	182	4	0
457	100	5	0
457	403	4	0
457	12	5	0
457	248	4	0
457	156	5	0
458	194	2	0
458	1011	3	0
458	293	5	0
458	100	4	0
458	76	4	0
458	273	4	0
458	12	5	0
458	823	3	0
458	187	5	0
458	56	5	0
458	129	4	0
458	182	4	0
458	127	5	0
458	844	4	0
458	346	4	0
458	302	5	0
458	307	4	0
458	1226	2	0
459	100	1	0
459	332	3	0
459	120	2	0
459	127	4	0
459	307	5	0
459	336	2	0
459	194	3	0
460	248	4	0
460	293	4	0
460	307	4	0
460	302	4	0
460	100	5	0
460	1011	4	0
460	273	4	0
460	127	4	0
460	312	4	0
460	129	3	0
460	327	4	0
461	327	4	0
461	302	3	0
462	100	4	0
462	332	5	0
462	346	1	0
462	11	5	0
463	544	4	0
463	127	5	0
463	302	5	0
463	100	4	0
463	248	3	0
463	129	2	0
463	1606	2	0
463	24	3	0
464	302	5	0
464	482	5	0
464	194	5	0
464	1598	3	0
464	1226	4	0
464	293	5	0
464	248	5	0
464	307	5	0
464	299	4	0
464	332	4	0
464	12	5	0
464	127	5	0
465	100	3	0
465	656	3	0
465	56	4	0
465	127	4	0
465	12	4	0
465	194	4	0
466	17	5	0
466	24	4	0
466	55	4	0
466	273	4	0
466	346	3	0
466	92	4	0
466	56	4	0
466	182	4	0
466	327	3	0
466	231	1	0
466	403	3	0
466	334	3	0
466	187	3	0
466	302	5	0
466	902	5	0
466	11	3	0
466	127	3	0
467	24	4	0
467	273	4	0
467	1226	4	0
467	302	4	0
467	100	5	0
467	127	5	0
467	293	4	0
467	248	3	0
467	1011	2	0
467	327	4	0
468	5	3	0
468	55	5	0
468	544	3	0
468	100	5	0
468	127	4	0
468	642	3	0
468	24	3	0
468	293	5	0
468	248	4	0
468	56	5	0
468	39	3	0
468	182	5	0
468	12	4	0
468	273	2	0
469	611	5	0
469	656	5	0
469	127	4	0
469	194	5	0
470	248	3	0
470	273	3	0
470	293	4	0
470	544	3	0
470	129	3	0
470	327	3	0
470	100	4	0
472	254	4	0
472	12	5	0
472	11	5	0
472	1139	5	0
472	56	5	0
472	239	5	0
472	1011	4	0
472	403	5	0
472	24	5	0
472	120	5	0
472	29	5	0
472	100	5	0
472	576	5	0
472	72	5	0
472	231	5	0
473	293	4	0
473	547	3	0
473	127	5	0
473	302	4	0
473	273	5	0
473	1143	4	0
473	327	3	0
473	129	4	0
474	55	4	0
474	653	4	0
474	92	4	0
474	649	4	0
474	182	5	0
474	76	4	0
474	482	3	0
474	346	5	0
474	302	5	0
474	72	3	0
474	611	4	0
474	56	5	0
474	1011	4	0
474	248	4	0
474	12	5	0
474	187	5	0
474	194	5	0
474	504	5	0
474	628	4	0
474	642	4	0
474	11	5	0
474	127	5	0
474	100	5	0
474	293	4	0
475	127	4	0
475	100	5	0
475	902	5	0
475	327	4	0
475	302	3	0
476	239	4	0
476	194	5	0
476	72	4	0
476	56	4	0
478	100	5	0
478	12	5	0
478	11	4	0
478	403	2	0
478	17	2	0
478	231	1	0
478	327	3	0
478	182	5	0
478	72	1	0
479	403	3	0
479	127	5	0
479	248	4	0
479	24	3	0
479	187	4	0
479	182	4	0
479	100	3	0
479	55	4	0
479	273	4	0
480	12	5	0
480	504	4	0
480	302	4	0
480	56	4	0
480	642	4	0
480	100	4	0
480	127	3	0
481	100	4	0
482	127	4	0
482	346	3	0
483	12	2	0
484	293	5	0
484	56	5	0
484	231	2	0
484	239	4	0
484	29	3	0
484	248	4	0
484	823	4	0
484	24	1	0
485	307	3	0
485	302	5	0
485	346	4	0
486	302	5	0
486	1226	4	0
486	547	3	0
486	129	4	0
486	332	3	0
486	544	4	0
486	1143	3	0
486	293	3	0
486	307	3	0
486	1011	4	0
486	1598	5	0
486	248	4	0
486	336	2	0
486	327	3	0
486	127	5	0
486	273	3	0
486	100	5	0
486	823	4	0
486	1610	2	0
486	299	1	0
486	628	3	0
487	24	4	0
487	56	4	0
487	76	4	0
487	293	5	0
487	17	3	0
487	273	5	0
487	823	1	0
487	11	5	0
487	1011	3	0
487	12	5	0
487	100	5	0
487	92	4	0
487	239	5	0
487	628	4	0
487	403	4	0
487	156	4	0
487	231	1	0
487	55	5	0
487	248	1	0
487	802	4	0
487	194	5	0
488	299	3	0
488	11	1	0
488	127	4	0
488	754	4	0
488	187	3	0
488	100	2	0
488	182	3	0
488	56	4	0
488	239	4	0
489	346	5	0
489	991	3	0
489	302	5	0
489	902	4	0
489	312	2	0
489	327	5	0
489	334	4	0
489	1280	3	0
489	299	2	0
489	307	4	0
489	754	5	0
489	332	5	0
490	302	4	0
490	293	2	0
490	24	4	0
490	100	3	0
490	273	1	0
490	127	5	0
490	547	4	0
491	127	3	0
491	129	4	0
491	12	5	0
491	273	5	0
491	100	5	0
492	127	5	0
492	56	5	0
492	187	5	0
492	482	3	0
492	100	4	0
493	100	5	0
493	239	5	0
493	24	4	0
493	12	3	0
493	182	5	0
493	273	4	0
493	327	5	0
493	56	4	0
493	754	3	0
493	806	3	0
493	156	1	0
493	11	3	0
493	127	3	0
494	329	3	0
494	194	4	0
494	127	5	0
494	100	5	0
495	182	5	0
495	403	5	0
495	642	4	0
495	576	3	0
495	127	4	0
495	29	2	0
495	504	4	0
495	231	3	0
495	1208	4	0
495	56	5	0
495	770	3	0
495	11	5	0
495	1245	5	0
495	55	2	0
495	120	5	0
496	1139	2	0
496	39	5	0
496	156	3	0
496	17	3	0
496	11	4	0
496	56	5	0
497	24	4	0
497	802	2	0
497	239	4	0
497	11	3	0
497	156	5	0
497	100	4	0
497	194	3	0
497	39	3	0
497	642	3	0
497	55	3	0
497	56	4	0
497	403	3	0
497	127	5	0
497	248	4	0
497	273	4	0
497	12	4	0
497	72	3	0
497	231	3	0
497	187	5	0
497	182	4	0
497	29	4	0
498	100	3	0
498	293	4	0
498	628	4	0
498	56	3	0
498	156	5	0
498	754	2	0
498	11	3	0
498	1083	3	0
498	656	3	0
498	182	4	0
498	806	3	0
498	127	4	0
498	12	4	0
498	302	3	0
498	187	4	0
498	649	3	0
499	482	2	0
499	194	4	0
499	100	4	0
499	902	5	0
499	12	5	0
499	56	4	0
499	11	3	0
499	312	4	0
499	182	2	0
499	307	4	0
499	55	4	0
499	127	4	0
500	1069	4	0
500	182	2	0
500	39	4	0
500	129	4	0
500	1226	4	0
500	396	3	0
500	120	3	0
500	100	4	0
500	72	4	0
500	611	5	0
500	56	5	0
501	127	5	0
501	628	4	0
501	248	4	0
501	1534	4	0
501	544	4	0
501	1081	3	0
501	1011	4	0
501	24	3	0
501	273	4	0
501	844	4	0
501	100	4	0
501	129	4	0
501	293	4	0
501	307	4	0
502	754	2	0
502	307	4	0
503	187	5	0
503	194	4	0
503	100	5	0
503	182	3	0
503	293	4	0
503	482	5	0
503	1194	5	0
503	12	3	0
503	504	4	0
503	823	2	0
503	248	4	0
503	156	1	0
503	130	5	0
503	127	5	0
504	100	5	0
504	307	4	0
504	1277	4	0
504	194	3	0
504	248	4	0
504	403	3	0
504	56	3	0
504	127	5	0
504	72	4	0
504	504	4	0
504	396	2	0
504	1439	4	0
504	187	3	0
504	5	4	0
504	628	4	0
505	127	1	0
505	307	4	0
505	187	1	0
505	11	4	0
505	56	1	0
505	182	1	0
505	332	4	0
506	482	5	0
506	56	4	0
506	5	4	0
506	231	3	0
506	642	4	0
506	239	3	0
506	611	5	0
506	770	3	0
506	187	5	0
506	92	3	0
506	182	5	0
506	403	4	0
506	576	4	0
506	802	4	0
506	248	2	0
506	29	2	0
506	55	4	0
506	72	3	0
506	194	5	0
506	12	5	0
507	334	5	0
507	754	5	0
507	302	5	0
507	307	5	0
508	239	2	0
509	307	2	0
509	302	5	0
509	332	2	0
509	754	1	0
509	309	2	0
510	299	3	0
511	346	4	0
511	299	2	0
512	273	5	0
512	302	4	0
512	11	5	0
512	56	5	0
513	127	4	0
514	403	3	0
514	194	4	0
514	302	5	0
514	156	4	0
514	24	3	0
514	336	1	0
514	239	5	0
514	307	4	0
514	100	4	0
514	293	3	0
514	12	5	0
514	11	4	0
515	302	3	0
515	329	2	0
515	307	4	0
515	332	3	0
516	902	5	0
516	628	4	0
516	194	4	0
517	127	4	0
517	823	2	0
518	273	5	0
518	547	3	0
518	120	3	0
518	628	5	0
518	1011	4	0
518	544	3	0
518	100	4	0
518	129	5	0
519	327	4	0
519	346	4	0
519	332	3	0
519	299	5	0
519	991	2	0
519	348	5	0
519	336	5	0
519	1280	5	0
520	100	4	0
520	302	3	0
521	239	5	0
521	403	4	0
521	754	3	0
521	273	3	0
521	72	3	0
521	11	4	0
521	182	3	0
521	156	4	0
521	231	2	0
521	17	1	0
521	248	3	0
521	127	4	0
521	12	5	0
521	56	4	0
521	100	3	0
522	100	5	0
522	12	5	0
522	11	4	0
523	56	3	0
523	72	4	0
523	194	5	0
523	1069	5	0
524	187	5	0
524	76	4	0
524	12	3	0
524	302	5	0
524	504	5	0
524	55	2	0
524	649	4	0
524	239	2	0
524	182	5	0
524	129	5	0
524	823	4	0
524	72	4	0
524	642	4	0
524	127	5	0
524	273	3	0
524	39	5	0
524	482	5	0
524	56	4	0
524	100	5	0
524	194	4	0
524	403	4	0
524	583	4	0
524	24	3	0
524	29	3	0
524	92	4	0
524	1560	4	0
525	100	4	0
525	1011	3	0
525	332	4	0
525	293	3	0
525	248	4	0
525	127	3	0
526	248	4	0
526	312	2	0
526	273	2	0
526	293	5	0
526	332	2	0
526	302	5	0
526	346	3	0
526	127	4	0
526	544	1	0
526	307	2	0
526	754	2	0
526	100	5	0
527	628	3	0
527	129	2	0
527	100	5	0
527	156	3	0
527	182	5	0
527	56	4	0
527	187	5	0
527	127	5	0
527	653	4	0
527	12	4	0
527	11	4	0
528	56	3	0
528	194	5	0
528	239	5	0
528	1618	1	0
529	309	3	0
529	327	4	0
529	307	5	0
529	991	1	0
529	332	4	0
530	1226	4	0
530	56	3	0
530	156	4	0
530	100	4	0
531	302	5	0
531	327	3	0
531	312	5	0
531	329	5	0
531	332	4	0
532	29	3	0
532	348	4	0
532	403	4	0
532	11	5	0
532	24	5	0
532	302	5	0
532	12	5	0
532	127	5	0
532	329	4	0
532	1496	2	0
532	914	5	0
532	120	2	0
532	482	5	0
532	754	4	0
532	100	5	0
532	1011	5	0
532	307	4	0
532	332	4	0
532	346	5	0
532	576	5	0
532	312	2	0
532	1226	4	0
532	187	4	0
532	248	4	0
532	72	3	0
533	12	4	0
533	120	1	0
533	504	4	0
533	182	3	0
533	403	3	0
533	56	3	0
533	823	4	0
533	100	5	0
533	293	3	0
533	187	4	0
533	127	5	0
533	194	4	0
533	72	2	0
533	239	3	0
534	628	5	0
534	273	5	0
534	129	4	0
534	823	4	0
534	24	5	0
535	39	4	0
535	156	2	0
535	182	3	0
535	628	4	0
535	482	4	0
535	100	5	0
535	187	2	0
535	56	3	0
535	302	3	0
535	194	5	0
535	129	5	0
535	504	3	0
535	11	4	0
536	403	3	0
536	56	3	0
537	1194	3	0
537	312	3	0
537	642	4	0
537	1011	3	0
537	628	2	0
537	1139	2	0
537	327	2	0
537	72	1	0
537	12	3	0
537	100	4	0
537	92	3	0
537	187	4	0
537	39	2	0
537	302	4	0
537	806	3	0
537	482	4	0
537	127	5	0
537	653	4	0
537	844	4	0
537	182	4	0
537	299	2	0
537	194	3	0
537	307	3	0
537	76	3	0
537	1245	3	0
537	770	3	0
537	11	3	0
537	24	1	0
537	1069	2	0
537	346	3	0
537	129	3	0
537	273	3	0
537	56	5	0
537	649	3	0
537	547	1	0
537	504	3	0
537	239	2	0
537	231	3	0
538	100	4	0
538	12	4	0
538	56	4	0
538	273	3	0
538	127	5	0
538	182	4	0
538	187	5	0
538	642	3	0
538	11	4	0
539	56	2	0
539	239	3	0
539	127	3	0
540	332	4	0
540	100	5	0
540	1011	4	0
540	628	3	0
540	1226	4	0
540	293	4	0
541	29	2	0
541	254	3	0
541	403	3	0
541	239	4	0
542	56	5	0
542	127	5	0
542	12	4	0
542	346	3	0
542	72	3	0
542	293	3	0
542	100	4	0
542	187	4	0
542	396	4	0
542	194	4	0
542	11	2	0
542	273	3	0
543	239	2	0
543	231	3	0
543	24	3	0
543	576	4	0
543	302	4	0
543	12	5	0
543	1194	4	0
543	642	3	0
543	770	4	0
543	29	2	0
543	194	3	0
543	11	3	0
543	187	4	0
543	56	5	0
543	403	4	0
543	656	4	0
543	129	4	0
544	1280	3	0
544	302	5	0
544	312	2	0
544	332	3	0
544	346	4	0
544	327	2	0
545	182	3	0
545	17	3	0
545	29	3	0
545	55	3	0
545	194	3	0
545	254	4	0
545	403	5	0
545	231	4	0
546	346	5	0
546	100	3	0
546	5	5	0
546	56	5	0
546	17	4	0
547	332	3	0
547	302	5	0
547	312	4	0
548	293	4	0
548	302	4	0
548	39	5	0
548	649	4	0
548	56	5	0
548	307	4	0
548	1011	2	0
548	273	5	0
548	504	5	0
548	12	5	0
548	991	1	0
548	127	5	0
548	346	4	0
548	156	5	0
548	248	4	0
548	642	4	0
548	100	5	0
548	628	2	0
548	254	1	0
548	17	3	0
548	55	5	0
548	327	3	0
549	24	3	0
549	100	4	0
549	127	5	0
550	254	1	0
551	307	4	0
551	92	5	0
551	583	3	0
551	76	4	0
551	332	4	0
551	1011	5	0
551	24	5	0
551	991	2	0
551	1439	5	0
551	72	5	0
551	12	4	0
551	11	5	0
551	55	5	0
551	544	4	0
551	182	5	0
551	1304	1	0
551	56	5	0
551	156	5	0
551	187	5	0
551	17	5	0
551	5	4	0
551	127	5	0
551	1139	4	0
551	302	3	0
551	273	4	0
551	770	2	0
551	334	4	0
551	576	2	0
551	628	5	0
551	403	3	0
551	346	4	0
551	802	4	0
551	100	4	0
552	100	4	0
552	248	4	0
552	336	3	0
552	127	4	0
552	1277	3	0
552	628	3	0
553	182	3	0
553	56	4	0
553	307	4	0
553	611	5	0
553	1194	5	0
553	100	5	0
553	187	5	0
553	482	4	0
554	56	4	0
554	770	1	0
554	100	3	0
554	11	4	0
554	273	3	0
554	576	4	0
555	248	4	0
555	302	3	0
555	100	5	0
555	129	4	0
555	120	4	0
556	302	4	0
556	187	5	0
556	327	5	0
556	482	5	0
556	12	5	0
556	127	5	0
557	327	3	0
557	307	5	0
557	299	4	0
557	254	4	0
557	334	4	0
557	346	2	0
557	127	4	0
557	12	5	0
558	100	5	0
559	12	3	0
559	56	3	0
559	127	4	0
559	187	3	0
559	902	4	0
559	55	4	0
559	194	3	0
559	182	4	0
560	302	5	0
560	653	4	0
560	127	5	0
560	11	4	0
560	24	2	0
560	100	5	0
560	12	5	0
561	239	3	0
561	11	4	0
561	182	3	0
561	55	4	0
561	802	1	0
561	656	4	0
561	194	4	0
561	302	4	0
561	1478	3	0
561	12	5	0
561	611	5	0
561	544	2	0
561	231	2	0
561	72	2	0
561	56	5	0
561	100	4	0
561	504	3	0
561	156	4	0
561	642	3	0
561	92	3	0
561	17	2	0
561	1139	1	0
561	346	5	0
561	1069	4	0
561	24	3	0
561	403	3	0
561	273	5	0
561	130	4	0
562	194	5	0
562	5	4	0
562	56	1	0
562	504	4	0
562	806	1	0
562	127	5	0
562	231	1	0
563	254	3	0
563	403	4	0
564	127	4	0
564	302	3	0
564	312	3	0
566	156	4	0
566	273	5	0
566	231	1	0
566	327	3	0
566	11	3	0
566	403	3	0
566	100	5	0
566	56	4	0
566	576	2	0
566	182	4	0
566	12	4	0
566	127	5	0
567	611	4	0
567	12	4	0
567	504	4	0
567	293	5	0
567	56	4	0
567	156	5	0
567	182	5	0
567	100	1	0
567	127	5	0
567	248	4	0
567	39	3	0
567	302	4	0
567	273	5	0
567	299	4	0
567	653	5	0
567	194	3	0
567	187	5	0
567	482	5	0
568	656	3	0
568	56	4	0
568	187	3	0
568	194	3	0
568	653	4	0
568	611	3	0
568	504	3	0
568	100	4	0
568	127	4	0
568	482	4	0
569	273	3	0
569	302	4	0
569	248	4	0
569	100	5	0
570	327	4	0
570	302	4	0
571	194	3	0
572	100	3	0
573	194	4	0
573	127	4	0
573	182	4	0
574	346	4	0
574	327	3	0
574	302	4	0
574	332	3	0
574	312	4	0
574	754	4	0
574	100	5	0
575	182	3	0
575	127	2	0
575	194	4	0
576	100	4	0
576	248	4	0
576	56	3	0
577	12	4	0
577	307	3	0
577	823	3	0
577	194	4	0
577	100	4	0
577	11	2	0
577	770	4	0
577	5	4	0
577	403	4	0
577	56	3	0
577	55	3	0
577	29	3	0
578	346	3	0
579	327	3	0
579	194	5	0
579	100	4	0
579	56	3	0
580	329	3	0
580	348	3	0
580	100	3	0
581	127	5	0
581	100	5	0
581	844	5	0
582	100	5	0
582	293	5	0
582	547	4	0
583	239	2	0
583	12	5	0
583	100	5	0
583	55	4	0
586	403	4	0
586	29	5	0
586	576	3	0
586	17	5	0
586	92	3	0
586	273	5	0
586	56	5	0
586	231	3	0
586	806	4	0
586	76	5	0
586	127	4	0
586	156	4	0
586	628	3	0
586	239	3	0
586	182	3	0
586	72	2	0
586	254	4	0
586	39	4	0
586	11	3	0
586	187	4	0
587	302	3	0
587	327	3	0
587	307	4	0
587	914	4	0
587	332	4	0
587	312	2	0
587	334	3	0
587	902	2	0
588	100	1	0
588	12	5	0
588	231	4	0
588	24	2	0
588	307	4	0
588	56	4	0
588	403	3	0
588	239	5	0
588	29	3	0
588	72	4	0
589	332	4	0
589	327	3	0
589	334	1	0
589	336	1	0
589	307	1	0
590	248	4	0
590	754	3	0
590	130	1	0
590	127	4	0
590	100	5	0
590	547	4	0
590	293	3	0
591	194	4	0
591	100	5	0
591	72	3	0
591	182	3	0
591	56	4	0
591	127	4	0
592	194	4	0
592	1226	4	0
592	754	3	0
592	1143	5	0
592	844	4	0
592	544	4	0
592	628	3	0
592	547	4	0
592	346	4	0
592	1011	4	0
592	823	1	0
592	312	2	0
592	129	5	0
592	336	1	0
592	11	5	0
592	332	3	0
592	482	4	0
592	327	4	0
592	1187	4	0
592	806	4	0
592	92	5	0
592	100	5	0
592	334	3	0
592	55	4	0
592	24	4	0
592	182	5	0
592	248	4	0
592	187	5	0
592	302	5	0
592	299	1	0
592	293	5	0
592	307	4	0
592	12	5	0
592	56	5	0
592	127	5	0
592	273	5	0
593	293	1	0
593	182	2	0
593	56	5	0
593	100	5	0
593	11	4	0
593	5	4	0
594	100	4	0
594	127	4	0
595	544	3	0
595	273	3	0
595	336	2	0
595	127	5	0
595	100	4	0
595	547	4	0
595	844	4	0
595	129	3	0
595	346	4	0
595	293	4	0
597	127	4	0
597	293	5	0
597	24	3	0
597	1534	1	0
598	312	5	0
599	1277	4	0
599	120	3	0
600	182	4	0
600	231	3	0
600	29	2	0
600	56	5	0
600	127	5	0
600	802	2	0
600	92	3	0
600	403	3	0
600	583	3	0
600	576	3	0
600	187	5	0
600	11	5	0
601	127	4	0
601	56	3	0
601	156	4	0
601	239	3	0
601	482	4	0
601	12	3	0
601	100	4	0
601	504	4	0
601	39	1	0
602	127	5	0
603	12	5	0
603	56	4	0
603	100	4	0
603	11	5	0
603	273	1	0
604	5	2	0
604	56	2	0
604	100	5	0
604	127	4	0
605	12	4	0
605	127	5	0
605	1226	4	0
605	100	5	0
605	754	3	0
605	293	3	0
605	302	4	0
605	187	5	0
606	55	4	0
606	293	5	0
606	129	3	0
606	1151	3	0
606	127	4	0
606	1280	2	0
606	100	5	0
606	194	4	0
606	1277	3	0
606	248	5	0
606	156	4	0
606	307	4	0
606	628	4	0
606	24	5	0
606	239	4	0
606	187	4	0
606	11	5	0
606	1011	3	0
606	844	4	0
606	12	2	0
606	576	3	0
606	806	5	0
606	56	5	0
606	273	4	0
607	100	4	0
607	482	5	0
607	56	5	0
608	332	4	0
608	56	5	0
608	327	2	0
608	11	5	0
608	92	3	0
608	127	5	0
608	76	4	0
608	182	4	0
608	611	3	0
608	100	4	0
608	187	4	0
610	187	4	0
610	127	5	0
610	12	5	0
610	56	3	0
610	11	4	0
611	307	4	0
611	336	5	0
611	334	5	0
611	346	5	0
611	302	5	0
611	299	1	0
612	127	2	0
612	100	4	0
613	12	5	0
613	576	3	0
613	194	5	0
613	127	4	0
614	100	5	0
614	293	3	0
615	187	5	0
615	127	5	0
615	100	3	0
615	72	2	0
615	194	5	0
615	332	2	0
615	302	4	0
616	348	3	0
616	299	3	0
616	346	3	0
616	307	2	0
616	302	5	0
616	327	3	0
616	329	3	0
617	656	4	0
617	653	4	0
617	302	4	0
617	396	1	0
617	547	1	0
617	17	1	0
617	1187	3	0
617	611	4	0
617	100	4	0
617	56	1	0
618	628	2	0
618	770	2	0
618	55	2	0
618	239	3	0
618	182	4	0
618	56	4	0
618	100	4	0
618	12	4	0
618	273	4	0
618	11	4	0
618	127	5	0
618	403	4	0
618	187	5	0
618	24	2	0
618	576	4	0
619	302	4	0
619	55	1	0
619	346	3	0
619	273	4	0
619	39	2	0
619	576	4	0
619	307	2	0
619	127	4	0
619	17	1	0
619	187	5	0
619	332	4	0
619	327	3	0
619	56	3	0
619	293	3	0
619	11	2	0
619	29	1	0
619	403	5	0
619	182	4	0
619	231	4	0
620	100	1	0
621	293	3	0
621	273	4	0
621	576	2	0
621	17	4	0
621	299	1	0
621	231	4	0
621	100	5	0
621	24	4	0
621	72	2	0
621	55	5	0
622	12	5	0
622	100	5	0
622	482	3	0
622	231	4	0
622	120	1	0
622	248	4	0
622	24	4	0
622	156	5	0
622	127	5	0
622	56	5	0
622	396	1	0
622	403	4	0
622	194	4	0
622	11	4	0
622	29	4	0
622	72	3	0
623	642	3	0
623	504	3	0
623	127	4	0
623	194	5	0
624	24	3	0
624	127	4	0
624	327	4	0
624	329	3	0
624	312	4	0
624	307	3	0
624	293	4	0
624	100	5	0
624	544	4	0
624	346	3	0
624	302	4	0
624	273	4	0
624	248	4	0
624	628	4	0
625	248	4	0
625	403	3	0
625	100	3	0
625	254	3	0
626	332	3	0
626	302	4	0
626	336	1	0
626	327	4	0
627	76	3	0
627	187	5	0
627	403	2	0
627	1478	3	0
627	576	3	0
627	55	4	0
627	11	4	0
627	182	4	0
627	1194	4	0
627	56	2	0
627	628	4	0
627	39	4	0
627	12	4	0
627	239	3	0
627	92	4	0
627	649	4	0
627	100	5	0
627	273	4	0
627	17	2	0
627	802	2	0
628	332	5	0
628	302	5	0
628	361	5	0
629	100	5	0
629	92	4	0
629	127	5	0
629	182	5	0
629	194	5	0
629	307	5	0
629	12	5	0
629	56	5	0
629	273	2	0
629	187	5	0
629	991	1	0
629	11	2	0
629	39	2	0
629	309	3	0
629	332	4	0
629	327	3	0
629	55	4	0
629	504	4	0
630	11	5	0
630	273	5	0
630	100	3	0
630	12	4	0
630	239	4	0
630	127	2	0
630	120	4	0
631	307	4	0
631	334	2	0
631	332	3	0
631	346	4	0
632	56	3	0
632	55	2	0
632	182	3	0
632	156	3	0
632	194	4	0
632	100	3	0
632	12	5	0
632	17	3	0
632	11	4	0
633	56	2	0
633	5	3	0
634	248	4	0
634	544	3	0
634	302	5	0
634	628	4	0
634	273	3	0
634	100	4	0
634	823	3	0
634	293	3	0
634	991	3	0
634	129	4	0
634	127	5	0
634	547	4	0
634	1011	4	0
635	302	4	0
635	327	5	0
635	307	4	0
636	100	5	0
637	127	2	0
637	332	4	0
637	1011	1	0
637	293	3	0
637	544	3	0
637	273	3	0
637	1226	2	0
637	24	2	0
637	100	4	0
638	504	2	0
638	29	2	0
638	127	2	0
638	403	3	0
638	100	3	0
638	194	3	0
638	187	2	0
639	12	3	0
639	194	4	0
639	100	1	0
639	1194	5	0
640	231	5	0
640	302	5	0
640	11	4	0
640	336	3	0
640	55	5	0
640	12	5	0
640	346	4	0
640	92	4	0
640	770	4	0
640	802	3	0
640	182	5	0
640	56	5	0
640	239	5	0
641	336	3	0
641	1194	3	0
642	120	3	0
642	254	4	0
642	1011	3	0
642	628	3	0
642	231	3	0
642	72	4	0
642	403	4	0
642	29	5	0
642	156	1	0
642	56	4	0
643	231	2	0
643	24	4	0
643	156	5	0
643	1139	3	0
643	403	3	0
643	100	5	0
643	187	4	0
643	127	5	0
643	504	4	0
643	194	4	0
643	39	4	0
643	5	3	0
643	656	4	0
643	482	4	0
643	92	4	0
643	129	5	0
643	12	5	0
643	273	3	0
643	72	4	0
643	11	4	0
643	56	5	0
643	55	4	0
643	29	2	0
644	293	4	0
644	823	4	0
644	100	4	0
644	1610	3	0
644	127	4	0
644	307	4	0
645	11	4	0
645	403	3	0
645	39	3	0
645	194	4	0
645	239	3	0
645	653	5	0
645	182	5	0
645	55	3	0
645	482	4	0
645	56	3	0
645	92	3	0
645	656	4	0
645	72	3	0
646	332	3	0
646	307	3	0
646	346	2	0
647	29	4	0
647	231	4	0
647	403	4	0
647	72	4	0
648	127	3	0
648	254	3	0
648	576	4	0
648	72	4	0
648	24	3	0
648	29	2	0
648	5	4	0
648	231	2	0
648	403	4	0
648	17	2	0
648	39	3	0
648	56	1	0
648	194	5	0
648	187	3	0
649	254	4	0
649	24	4	0
649	127	5	0
650	628	3	0
650	29	2	0
650	55	4	0
650	642	3	0
650	231	2	0
650	504	3	0
650	576	1	0
650	72	2	0
650	309	3	0
650	239	3	0
650	127	2	0
650	823	3	0
650	100	4	0
650	482	3	0
650	187	2	0
650	182	3	0
650	194	4	0
650	56	3	0
650	403	3	0
651	327	4	0
651	332	3	0
651	127	4	0
651	302	5	0
651	309	1	0
652	307	4	0
653	802	2	0
653	11	2	0
653	576	1	0
653	55	3	0
653	127	5	0
653	293	3	0
653	156	4	0
653	187	4	0
653	1478	2	0
653	194	3	0
653	182	3	0
653	307	4	0
653	628	4	0
653	100	4	0
653	403	2	0
653	482	2	0
653	642	1	0
653	1139	3	0
653	248	3	0
653	239	5	0
653	76	3	0
653	56	5	0
653	823	2	0
654	302	5	0
654	332	4	0
654	239	4	0
654	56	4	0
654	336	3	0
654	24	4	0
654	12	5	0
654	100	1	0
654	248	2	0
654	11	4	0
655	653	3	0
655	914	3	0
655	576	2	0
655	1143	3	0
655	11	2	0
655	1462	3	0
655	823	2	0
655	1638	3	0
655	55	2	0
655	182	4	0
655	1213	2	0
655	656	3	0
655	24	3	0
655	346	4	0
655	1011	3	0
655	396	2	0
655	504	5	0
655	312	2	0
655	187	5	0
655	129	3	0
655	100	3	0
655	307	3	0
655	770	2	0
655	1198	3	0
655	293	4	0
655	5	2	0
655	649	3	0
655	127	5	0
655	806	3	0
655	547	4	0
655	1226	3	0
655	844	4	0
655	1245	3	0
655	248	2	0
655	628	3	0
655	156	2	0
655	403	2	0
655	902	2	0
655	1647	3	0
655	273	4	0
655	327	3	0
655	12	3	0
655	1106	2	0
655	1194	5	0
655	1208	3	0
655	911	2	0
655	302	4	0
655	1069	1	0
655	642	3	0
655	56	3	0
655	76	3	0
655	332	3	0
655	611	3	0
655	1560	2	0
655	239	2	0
655	92	3	0
656	302	3	0
656	312	1	0
656	346	3	0
656	327	2	0
657	327	1	0
657	628	3	0
657	273	3	0
657	302	2	0
657	346	4	0
658	56	5	0
658	844	3	0
658	628	3	0
658	129	3	0
658	100	4	0
658	55	4	0
658	182	5	0
658	273	4	0
658	24	3	0
658	127	5	0
659	56	5	0
659	1138	4	0
659	127	5	0
659	76	4	0
659	1064	5	0
659	482	4	0
659	611	4	0
659	649	3	0
659	182	4	0
659	642	2	0
659	187	5	0
660	254	1	0
660	403	3	0
660	24	3	0
660	231	2	0
660	72	3	0
660	17	1	0
660	307	3	0
660	182	2	0
660	1139	2	0
660	120	1	0
660	56	1	0
660	100	3	0
660	239	2	0
660	29	2	0
661	194	5	0
662	100	5	0
663	127	5	0
663	544	4	0
663	844	2	0
663	1011	3	0
663	332	4	0
663	273	4	0
663	182	5	0
663	307	4	0
663	187	5	0
663	56	5	0
663	129	3	0
663	1245	4	0
663	12	5	0
663	299	2	0
663	11	5	0
663	100	4	0
663	628	4	0
664	302	4	0
664	56	4	0
664	127	5	0
664	482	5	0
664	156	4	0
664	770	4	0
664	649	4	0
664	611	5	0
664	12	5	0
664	100	5	0
664	642	4	0
664	187	5	0
664	182	4	0
664	194	4	0
664	504	4	0
664	92	4	0
665	248	4	0
665	127	4	0
665	56	5	0
665	194	3	0
665	100	3	0
665	92	4	0
665	293	4	0
665	24	3	0
665	346	2	0
665	12	4	0
665	307	3	0
665	156	5	0
665	239	3	0
666	504	4	0
666	129	4	0
666	248	3	0
666	100	4	0
666	187	5	0
666	544	4	0
666	194	3	0
666	12	4	0
666	273	3	0
666	653	4	0
666	127	5	0
666	11	4	0
666	5	2	0
666	293	3	0
666	1011	4	0
666	56	4	0
666	642	5	0
666	302	5	0
666	182	4	0
666	92	3	0
666	656	4	0
666	482	4	0
666	649	3	0
667	182	5	0
667	482	4	0
667	504	3	0
668	29	3	0
668	302	5	0
668	307	4	0
668	902	2	0
668	403	4	0
668	231	2	0
669	248	4	0
669	482	4	0
669	127	5	0
669	302	4	0
669	348	1	0
669	187	5	0
669	56	2	0
669	12	5	0
669	649	4	0
669	329	1	0
669	194	3	0
669	902	2	0
670	482	5	0
670	611	5	0
671	29	3	0
671	231	3	0
671	628	3	0
671	770	2	0
671	56	1	0
671	273	4	0
671	504	4	0
671	583	3	0
671	576	5	0
671	12	5	0
671	182	4	0
671	802	3	0
671	327	1	0
671	55	3	0
671	17	4	0
671	5	2	0
671	11	4	0
672	127	4	0
673	12	4	0
673	327	4	0
673	302	3	0
673	307	3	0
674	127	5	0
675	312	2	0
676	482	4	0
676	100	5	0
676	902	4	0
676	302	5	0
677	307	5	0
677	1245	4	0
677	129	5	0
677	1011	3	0
678	332	4	0
678	100	5	0
678	127	5	0
679	327	4	0
679	56	4	0
679	100	3	0
680	24	4	0
680	100	3	0
680	273	3	0
680	248	4	0
682	72	3	0
682	92	5	0
682	628	4	0
682	1478	3	0
682	76	3	0
682	293	4	0
682	239	3	0
682	273	4	0
682	806	3	0
682	11	4	0
682	12	5	0
682	182	4	0
682	17	3	0
682	56	4	0
682	254	2	0
682	299	4	0
682	29	2	0
682	187	5	0
682	346	2	0
682	5	3	0
682	24	4	0
682	231	1	0
682	55	4	0
682	156	5	0
682	991	2	0
682	576	4	0
682	127	5	0
682	100	3	0
682	327	3	0
682	823	2	0
682	39	4	0
682	248	3	0
682	802	2	0
682	403	3	0
682	583	2	0
682	332	4	0
682	1011	4	0
683	302	5	0
683	327	4	0
683	332	3	0
683	187	5	0
683	299	3	0
683	127	4	0
683	307	3	0
683	754	3	0
683	1280	3	0
683	312	3	0
683	346	4	0
683	914	2	0
683	248	4	0
683	911	3	0
683	56	5	0
684	239	4	0
684	100	4	0
684	248	3	0
685	991	1	0
685	334	1	0
685	327	2	0
685	302	3	0
685	299	2	0
686	12	5	0
686	299	5	0
686	182	5	0
686	194	5	0
686	127	5	0
686	11	4	0
686	806	5	0
686	504	5	0
686	327	5	0
686	56	5	0
686	187	5	0
687	336	2	0
688	332	5	0
688	754	5	0
688	302	5	0
688	309	5	0
688	329	5	0
688	336	2	0
688	307	4	0
689	273	3	0
690	56	4	0
690	120	1	0
690	649	4	0
690	72	2	0
690	239	2	0
690	127	4	0
690	396	2	0
690	12	4	0
690	642	3	0
690	194	4	0
691	56	4	0
691	182	5	0
692	56	3	0
692	194	4	0
692	127	3	0
692	100	4	0
693	611	4	0
693	403	2	0
693	39	3	0
693	127	4	0
693	273	3	0
693	130	1	0
693	649	2	0
693	504	5	0
693	187	3	0
693	12	4	0
693	11	4	0
693	56	4	0
693	628	4	0
693	576	2	0
694	72	4	0
694	239	4	0
694	100	4	0
694	504	3	0
694	482	5	0
694	194	5	0
694	127	5	0
694	187	4	0
695	346	5	0
695	312	3	0
695	307	4	0
695	302	4	0
695	991	5	0
696	302	5	0
696	312	4	0
696	327	4	0
696	307	5	0
697	1245	1	0
697	302	5	0
697	254	2	0
697	127	5	0
697	273	5	0
697	628	4	0
697	754	3	0
697	336	3	0
697	129	5	0
697	307	4	0
698	194	4	0
698	307	4	0
698	127	4	0
698	656	1	0
698	187	2	0
698	482	2	0
698	100	2	0
699	1187	4	0
699	1011	4	0
699	307	3	0
699	273	3	0
699	544	4	0
699	309	3	0
699	24	3	0
699	127	3	0
699	129	4	0
699	991	3	0
699	1143	3	0
699	100	4	0
699	482	2	0
700	56	3	0
701	100	5	0
701	312	3	0
701	127	4	0
702	346	1	0
702	307	2	0
703	628	4	0
703	293	4	0
703	127	5	0
703	100	4	0
704	156	3	0
704	302	4	0
704	611	3	0
704	100	4	0
704	187	4	0
705	231	3	0
705	29	5	0
705	576	4	0
705	403	4	0
706	273	3	0
706	100	1	0
706	628	4	0
706	24	3	0
707	12	3	0
707	902	5	0
707	302	4	0
707	770	3	0
707	248	4	0
707	504	1	0
707	194	4	0
707	309	2	0
707	482	3	0
707	293	4	0
707	100	5	0
708	628	3	0
708	336	2	0
708	127	3	0
708	299	1	0
708	1280	1	0
709	127	5	0
709	293	4	0
709	56	5	0
709	403	3	0
709	129	2	0
709	92	4	0
709	187	5	0
709	628	3	0
709	11	5	0
709	823	3	0
709	29	3	0
709	273	4	0
709	231	3	0
709	5	4	0
709	182	4	0
709	17	4	0
709	576	4	0
710	299	3	0
710	327	3	0
710	182	4	0
710	346	4	0
710	156	4	0
710	504	4	0
710	56	5	0
710	92	3	0
710	127	5	0
710	656	5	0
710	302	4	0
710	187	5	0
710	334	2	0
710	12	4	0
710	100	4	0
711	120	2	0
711	254	2	0
711	248	5	0
711	403	4	0
711	312	5	0
712	72	4	0
713	307	3	0
713	302	4	0
713	327	2	0
714	100	1	0
715	254	1	0
715	11	4	0
715	1011	4	0
715	39	3	0
715	248	4	0
715	239	4	0
715	56	5	0
715	576	2	0
715	182	5	0
715	24	3	0
715	92	3	0
715	12	4	0
715	156	4	0
715	100	2	0
715	273	5	0
715	231	3	0
715	17	3	0
716	56	5	0
716	248	4	0
716	628	3	0
716	611	5	0
716	293	4	0
716	127	5	0
716	823	3	0
716	194	5	0
716	504	5	0
716	187	3	0
716	11	4	0
716	482	5	0
716	72	3	0
717	293	5	0
717	327	3	0
717	127	4	0
717	130	2	0
717	302	5	0
717	628	5	0
717	24	2	0
717	312	5	0
717	307	5	0
717	1011	4	0
717	299	4	0
717	100	4	0
718	273	3	0
719	254	1	0
719	127	3	0
719	293	3	0
720	902	4	0
720	302	5	0
721	302	3	0
721	127	5	0
721	239	4	0
721	403	4	0
721	56	3	0
721	329	3	0
721	194	5	0
721	991	3	0
721	327	2	0
721	332	4	0
721	334	1	0
721	299	3	0
722	307	4	0
722	130	4	0
722	823	3	0
722	100	4	0
722	628	4	0
724	302	3	0
724	299	1	0
724	336	1	0
724	327	4	0
724	361	1	0
724	329	4	0
724	346	1	0
724	307	3	0
724	332	4	0
725	100	5	0
726	248	2	0
727	92	2	0
727	100	2	0
727	5	3	0
727	187	5	0
727	127	4	0
727	17	1	0
727	628	3	0
727	239	4	0
727	29	3	0
727	1139	3	0
727	24	3	0
727	12	5	0
727	576	4	0
727	544	3	0
727	802	2	0
727	72	3	0
727	156	4	0
727	403	4	0
727	231	3	0
727	56	3	0
727	55	3	0
727	39	2	0
727	11	3	0
727	248	5	0
727	312	3	0
728	100	5	0
729	346	1	0
730	273	2	0
730	332	3	0
730	248	3	0
730	100	5	0
730	327	2	0
731	194	3	0
731	127	4	0
731	504	3	0
731	56	2	0
731	482	3	0
731	611	3	0
732	332	5	0
733	544	1	0
733	100	5	0
733	248	3	0
733	127	3	0
733	1226	3	0
733	129	2	0
733	1011	4	0
733	273	4	0
733	302	4	0
733	293	4	0
733	130	2	0
734	482	2	0
734	56	1	0
735	332	3	0
735	628	3	0
735	127	4	0
735	293	3	0
735	100	2	0
735	327	3	0
736	248	4	0
736	293	4	0
736	127	4	0
736	254	1	0
737	12	4	0
737	127	5	0
737	100	5	0
737	156	5	0
737	187	5	0
737	11	3	0
738	403	3	0
738	254	2	0
738	100	2	0
738	231	3	0
738	127	4	0
738	39	3	0
738	56	4	0
739	56	4	0
739	327	5	0
739	100	5	0
739	55	1	0
739	187	4	0
740	302	5	0
740	332	3	0
741	239	2	0
741	56	4	0
741	403	5	0
741	194	4	0
741	5	3	0
741	92	3	0
741	273	3	0
741	17	2	0
742	100	5	0
742	24	3	0
742	127	5	0
743	273	3	0
743	302	5	0
743	100	5	0
744	302	5	0
744	127	5	0
744	307	4	0
744	482	3	0
744	156	4	0
744	628	2	0
745	12	5	0
745	302	4	0
745	194	4	0
745	182	2	0
745	127	2	0
745	100	5	0
746	127	2	0
746	231	2	0
746	403	4	0
746	56	3	0
746	24	4	0
747	39	4	0
747	504	5	0
747	56	5	0
747	403	5	0
747	127	5	0
747	327	4	0
747	844	4	0
747	156	3	0
747	194	3	0
747	17	4	0
747	653	5	0
747	482	5	0
747	12	4	0
747	129	5	0
747	302	5	0
747	29	1	0
747	100	5	0
747	11	5	0
747	231	3	0
747	182	5	0
747	1194	5	0
747	649	3	0
747	187	5	0
748	194	4	0
748	56	4	0
748	182	4	0
748	187	4	0
749	576	3	0
749	273	4	0
749	254	2	0
749	231	4	0
749	127	4	0
749	802	3	0
749	182	3	0
749	293	4	0
749	11	5	0
749	823	3	0
749	628	4	0
749	194	5	0
749	403	4	0
749	72	3	0
749	100	3	0
749	56	2	0
749	642	2	0
749	187	3	0
749	24	2	0
749	1139	3	0
749	239	4	0
750	1280	1	0
750	327	4	0
751	100	4	0
751	55	4	0
751	1011	4	0
751	56	4	0
751	248	5	0
751	239	4	0
751	302	4	0
751	332	3	0
751	11	1	0
751	194	5	0
752	307	5	0
752	302	5	0
752	327	5	0
752	902	5	0
752	332	4	0
752	348	4	0
752	346	4	0
753	194	4	0
753	182	3	0
753	504	3	0
753	187	3	0
753	653	4	0
754	293	4	0
754	273	3	0
754	127	4	0
754	307	3	0
755	327	2	0
755	302	4	0
755	299	2	0
756	403	2	0
756	92	3	0
756	642	2	0
756	100	5	0
756	55	5	0
757	156	3	0
757	11	4	0
757	29	2	0
757	576	3	0
757	403	4	0
757	100	3	0
757	17	3	0
757	248	4	0
757	56	4	0
757	24	4	0
757	231	2	0
757	129	3	0
757	254	2	0
758	902	4	0
758	39	2	0
758	547	5	0
758	332	4	0
758	802	3	0
758	312	3	0
758	307	3	0
758	11	3	0
758	239	3	0
758	56	5	0
758	76	3	0
758	29	3	0
758	653	3	0
758	302	5	0
758	248	4	0
758	231	3	0
758	24	4	0
758	346	2	0
758	1143	5	0
758	12	5	0
758	273	4	0
758	656	5	0
758	129	4	0
758	482	5	0
758	100	5	0
758	628	4	0
758	576	4	0
758	127	5	0
758	293	3	0
759	332	4	0
759	127	2	0
759	24	3	0
760	120	1	0
761	628	4	0
761	293	4	0
761	1277	1	0
761	127	3	0
762	332	1	0
762	302	5	0
763	55	4	0
763	5	4	0
763	194	5	0
763	11	4	0
763	127	4	0
763	56	5	0
763	100	5	0
763	39	4	0
763	12	5	0
764	273	3	0
764	11	4	0
764	231	3	0
764	100	4	0
764	56	4	0
765	248	2	0
765	127	5	0
766	396	2	0
766	504	3	0
766	231	2	0
766	194	3	0
766	482	3	0
766	127	5	0
766	187	4	0
766	403	3	0
766	72	2	0
766	182	4	0
767	56	4	0
767	187	4	0
767	100	5	0
768	332	4	0
768	100	5	0
768	346	3	0
768	127	5	0
768	628	3	0
768	248	3	0
769	1011	3	0
769	120	1	0
770	129	5	0
770	334	5	0
770	100	5	0
770	302	2	0
771	403	4	0
772	302	5	0
772	307	4	0
772	312	4	0
772	327	4	0
772	332	4	0
773	24	3	0
773	187	5	0
773	56	2	0
773	403	2	0
773	1187	3	0
773	239	4	0
773	12	3	0
773	127	5	0
773	72	3	0
773	547	4	0
773	29	2	0
773	92	4	0
773	11	2	0
773	100	4	0
773	1069	4	0
773	231	2	0
773	182	4	0
774	293	1	0
774	403	2	0
774	187	3	0
774	12	3	0
774	307	1	0
774	649	3	0
774	576	1	0
774	182	4	0
774	231	1	0
774	254	1	0
774	273	1	0
774	194	3	0
774	127	4	0
774	100	1	0
774	56	2	0
774	72	1	0
774	29	1	0
775	327	5	0
775	329	3	0
775	348	3	0
775	312	3	0
775	302	3	0
775	307	4	0
776	194	4	0
776	182	3	0
776	127	5	0
776	187	4	0
776	656	5	0
776	5	4	0
777	56	5	0
777	127	1	0
777	100	1	0
777	273	4	0
778	239	4	0
778	56	3	0
778	11	5	0
780	187	5	0
781	403	4	0
781	100	5	0
781	187	5	0
781	127	5	0
781	56	3	0
781	327	4	0
781	302	5	0
782	1598	2	0
782	1138	2	0
782	1226	2	0
782	299	3	0
782	302	3	0
782	248	4	0
782	1143	2	0
782	991	2	0
782	361	3	0
782	346	2	0
782	329	3	0
782	1669	2	0
782	312	4	0
782	254	2	0
782	127	4	0
782	307	4	0
782	1534	2	0
782	293	2	0
782	1610	1	0
782	348	4	0
782	332	4	0
782	1390	3	0
782	902	2	0
782	1191	3	0
783	299	5	0
783	346	5	0
783	307	5	0
783	334	3	0
784	332	4	0
784	346	4	0
784	754	3	0
784	302	5	0
784	327	4	0
784	334	3	0
784	299	3	0
784	312	3	0
784	307	4	0
785	12	4	0
785	273	3	0
785	56	4	0
786	231	2	0
786	127	4	0
786	504	4	0
786	187	4	0
786	100	4	0
787	348	4	0
787	302	3	0
787	307	4	0
787	329	4	0
787	361	3	0
788	29	3	0
788	182	2	0
788	11	2	0
788	56	3	0
788	649	3	0
788	76	3	0
788	504	4	0
788	231	3	0
788	1277	3	0
788	482	4	0
788	12	5	0
788	55	4	0
788	327	3	0
788	823	3	0
788	1139	1	0
788	187	4	0
788	120	2	0
788	754	4	0
788	302	4	0
788	403	3	0
788	130	2	0
788	100	5	0
788	1478	3	0
788	194	4	0
789	129	5	0
789	127	5	0
789	248	3	0
789	628	3	0
789	100	5	0
789	293	4	0
790	100	2	0
790	248	4	0
790	29	2	0
790	273	5	0
790	231	4	0
790	403	4	0
790	17	2	0
790	56	4	0
790	583	2	0
790	72	2	0
791	299	2	0
791	332	5	0
791	754	4	0
791	327	5	0
791	302	4	0
792	24	3	0
792	1011	3	0
792	100	4	0
792	544	4	0
792	844	4	0
792	129	4	0
793	293	4	0
793	127	5	0
793	1187	2	0
793	823	3	0
793	628	3	0
793	100	4	0
793	129	4	0
793	248	4	0
793	273	3	0
793	844	4	0
794	187	5	0
794	100	5	0
794	127	5	0
794	273	4	0
794	248	4	0
794	24	5	0
795	39	4	0
795	12	4	0
795	17	2	0
795	231	4	0
795	403	3	0
795	72	3	0
795	100	5	0
795	576	2	0
795	583	4	0
795	120	3	0
795	182	4	0
796	187	5	0
796	100	3	0
796	182	4	0
796	39	3	0
796	273	2	0
796	56	5	0
796	194	4	0
796	29	3	0
796	5	4	0
796	12	5	0
796	649	3	0
796	628	4	0
796	576	3	0
796	396	2	0
796	611	4	0
796	248	3	0
796	231	3	0
796	307	4	0
796	127	5	0
796	293	5	0
796	403	4	0
797	309	3	0
797	127	4	0
797	307	2	0
797	336	2	0
797	327	2	0
798	482	3	0
798	1139	3	0
798	254	5	0
798	239	4	0
798	29	4	0
798	231	2	0
798	72	3	0
798	194	4	0
798	576	3	0
798	403	4	0
799	307	3	0
799	127	4	0
800	127	4	0
801	307	4	0
801	302	4	0
801	332	5	0
801	299	2	0
802	302	4	0
802	194	4	0
802	327	2	0
802	396	2	0
802	299	4	0
802	56	3	0
803	307	4	0
803	754	2	0
804	576	4	0
804	307	4	0
804	396	3	0
804	182	4	0
804	403	3	0
804	187	4	0
804	127	3	0
804	39	2	0
804	156	4	0
804	239	4	0
804	56	3	0
804	120	3	0
804	1139	3	0
804	194	4	0
804	24	5	0
804	231	4	0
804	72	4	0
804	100	5	0
804	254	4	0
804	504	3	0
804	11	4	0
804	55	4	0
804	642	3	0
805	346	4	0
805	642	4	0
805	12	4	0
805	24	4	0
805	231	3	0
805	806	4	0
805	273	2	0
805	396	4	0
805	100	5	0
805	55	5	0
805	5	4	0
805	127	3	0
805	248	4	0
805	11	2	0
805	576	4	0
805	403	4	0
805	56	4	0
805	17	4	0
806	231	3	0
806	302	4	0
806	76	3	0
806	628	3	0
806	17	4	0
806	403	4	0
806	24	3	0
806	29	4	0
806	187	5	0
806	504	4	0
806	100	4	0
806	156	4	0
806	127	5	0
806	12	5	0
806	273	4	0
806	182	5	0
806	56	5	0
806	254	3	0
807	576	4	0
807	127	3	0
807	239	4	0
807	254	4	0
807	194	4	0
807	29	4	0
807	403	4	0
807	1138	5	0
807	231	4	0
808	346	5	0
808	332	4	0
808	312	3	0
808	327	5	0
808	302	5	0
809	302	5	0
809	299	4	0
809	307	5	0
810	902	5	0
811	307	4	0
812	332	4	0
812	302	3	0
813	307	4	0
814	100	4	0
814	5	3	0
814	56	3	0
814	17	3	0
814	656	3	0
815	182	3	0
815	127	3	0
815	403	4	0
815	239	5	0
816	309	5	0
816	332	4	0
817	273	5	0
817	24	4	0
817	329	4	0
817	327	4	0
817	129	4	0
818	312	2	0
818	302	5	0
818	346	4	0
819	302	5	0
819	346	5	0
819	248	5	0
819	182	4	0
819	327	4	0
820	302	5	0
821	56	5	0
821	100	2	0
821	504	4	0
822	902	4	0
823	127	5	0
823	156	5	0
823	12	4	0
823	194	5	0
823	642	4	0
823	231	3	0
823	92	5	0
823	187	5	0
823	182	4	0
823	100	5	0
823	56	5	0
823	239	4	0
823	273	3	0
823	55	4	0
823	17	4	0
823	770	4	0
824	991	3	0
825	307	4	0
825	127	3	0
825	273	5	0
825	120	3	0
825	100	4	0
825	293	3	0
825	628	4	0
825	544	3	0
825	248	4	0
825	130	2	0
825	823	4	0
825	1011	3	0
825	12	5	0
825	844	2	0
826	576	4	0
826	92	4	0
826	182	4	0
826	309	4	0
826	332	3	0
826	127	5	0
826	187	4	0
826	29	3	0
826	55	5	0
826	336	4	0
826	11	4	0
826	802	4	0
826	403	4	0
826	56	5	0
826	231	3	0
826	39	4	0
827	302	4	0
827	312	2	0
827	332	3	0
827	329	3	0
828	902	4	0
828	327	4	0
828	547	2	0
828	24	4	0
828	1462	3	0
828	302	4	0
828	346	4	0
829	100	4	0
829	129	4	0
830	56	2	0
830	187	2	0
830	403	4	0
830	194	4	0
830	100	5	0
830	29	1	0
830	127	4	0
830	231	2	0
831	307	2	0
831	56	5	0
831	273	3	0
831	129	2	0
831	100	4	0
831	327	2	0
831	156	4	0
831	12	5	0
832	334	2	0
832	307	4	0
833	156	4	0
833	55	3	0
833	656	4	0
833	576	3	0
833	24	4	0
833	12	5	0
833	403	1	0
833	302	3	0
833	346	5	0
833	92	2	0
833	628	4	0
833	396	3	0
833	1187	5	0
833	1143	4	0
833	100	4	0
833	11	5	0
833	129	3	0
833	56	4	0
833	127	5	0
833	187	5	0
833	336	2	0
833	182	5	0
833	194	3	0
833	273	3	0
833	649	3	0
833	293	4	0
833	72	2	0
833	642	3	0
833	5	1	0
833	76	2	0
833	802	1	0
833	806	4	0
833	504	4	0
833	653	4	0
833	544	1	0
834	544	4	0
834	307	4	0
834	628	5	0
834	100	4	0
834	293	3	0
834	346	3	0
834	127	5	0
835	194	4	0
835	127	4	0
835	504	5	0
835	628	3	0
835	187	4	0
835	239	5	0
836	611	5	0
836	56	4	0
836	187	5	0
836	302	5	0
836	327	3	0
836	12	5	0
837	628	3	0
838	72	4	0
838	56	5	0
838	127	5	0
838	302	4	0
838	12	4	0
838	254	3	0
838	24	4	0
838	187	3	0
838	100	4	0
839	130	3	0
839	127	5	0
839	100	3	0
839	1245	4	0
839	129	4	0
840	11	3	0
840	628	4	0
840	611	4	0
840	127	4	0
840	182	4	0
840	194	3	0
840	653	5	0
840	56	5	0
840	504	3	0
840	656	4	0
840	100	5	0
840	642	4	0
840	187	3	0
841	307	5	0
841	754	4	0
841	302	5	0
842	302	5	0
842	902	5	0
842	754	1	0
843	194	2	0
843	628	2	0
843	56	3	0
843	239	3	0
843	182	2	0
843	482	2	0
843	504	2	0
843	127	2	0
843	403	2	0
844	56	4	0
844	55	4	0
844	24	5	0
844	403	3	0
844	100	4	0
844	12	5	0
845	302	3	0
845	346	3	0
846	482	5	0
846	231	2	0
846	127	5	0
846	29	2	0
846	55	5	0
846	11	5	0
846	396	5	0
846	403	3	0
846	1478	4	0
846	39	3	0
846	92	4	0
846	182	5	0
846	72	4	0
846	194	4	0
846	1069	4	0
846	806	3	0
846	1439	2	0
846	642	5	0
846	12	5	0
846	802	2	0
846	76	4	0
846	770	5	0
846	239	4	0
846	302	5	0
846	56	5	0
846	504	5	0
846	576	4	0
846	187	4	0
847	120	1	0
847	239	5	0
847	39	2	0
847	56	1	0
847	482	2	0
847	11	3	0
848	127	3	0
848	403	4	0
848	504	3	0
848	72	5	0
848	642	5	0
850	56	1	0
851	248	4	0
851	823	3	0
851	1143	5	0
851	1277	2	0
851	273	5	0
851	12	4	0
851	129	4	0
851	127	5	0
851	1280	4	0
851	332	1	0
851	1245	4	0
851	299	4	0
851	346	5	0
851	806	4	0
851	544	4	0
851	56	5	0
851	1598	3	0
851	17	5	0
851	327	4	0
851	307	4	0
851	336	4	0
851	231	4	0
851	302	5	0
851	11	5	0
851	92	5	0
851	182	5	0
851	754	2	0
852	127	4	0
852	100	4	0
853	1280	4	0
853	307	1	0
853	302	4	0
853	299	4	0
853	334	3	0
853	332	3	0
853	327	3	0
854	55	4	0
854	823	2	0
854	24	4	0
854	544	3	0
854	302	3	0
854	156	3	0
854	127	4	0
854	56	5	0
854	1011	2	0
854	482	3	0
854	273	4	0
854	293	5	0
854	1226	4	0
854	194	3	0
854	100	5	0
854	628	2	0
854	11	5	0
854	12	5	0
854	129	3	0
856	327	4	0
856	312	2	0
856	307	4	0
857	348	1	0
857	24	1	0
857	547	3	0
858	293	3	0
858	334	4	0
858	307	3	0
858	754	4	0
858	100	3	0
858	127	5	0
858	327	3	0
859	293	4	0
860	327	3	0
860	100	4	0
860	307	3	0
860	56	4	0
860	332	2	0
860	302	4	0
860	312	4	0
861	547	4	0
862	182	5	0
862	12	5	0
862	100	5	0
862	187	4	0
862	120	3	0
862	127	5	0
862	544	5	0
862	823	4	0
862	56	3	0
862	11	4	0
862	92	5	0
862	24	4	0
862	1011	5	0
863	332	4	0
863	334	5	0
863	302	4	0
863	346	5	0
863	329	2	0
863	348	2	0
863	361	5	0
863	902	5	0
863	336	2	0
863	299	2	0
863	327	5	0
863	754	3	0
863	307	5	0
864	127	4	0
864	29	4	0
864	628	4	0
864	194	4	0
864	72	4	0
864	403	5	0
864	231	3	0
864	11	5	0
864	100	5	0
864	182	3	0
864	24	5	0
864	56	5	0
864	770	3	0
864	273	5	0
864	1208	2	0
864	55	4	0
864	239	4	0
864	642	3	0
864	5	4	0
864	12	5	0
865	547	5	0
865	1011	1	0
865	302	5	0
865	24	4	0
865	100	4	0
866	302	2	0
867	156	5	0
867	273	3	0
867	11	3	0
867	56	5	0
867	182	4	0
867	12	5	0
868	547	3	0
868	100	5	0
868	156	3	0
868	403	2	0
868	55	5	0
868	56	3	0
868	187	4	0
868	24	2	0
868	273	3	0
868	239	3	0
868	12	5	0
868	327	4	0
868	127	4	0
869	127	5	0
869	100	5	0
869	312	2	0
870	100	4	0
870	649	4	0
870	504	5	0
870	182	5	0
870	396	3	0
870	327	4	0
870	92	4	0
870	653	4	0
870	248	4	0
870	302	4	0
870	332	2	0
870	127	5	0
870	56	5	0
870	17	4	0
870	1208	2	0
870	55	3	0
870	583	2	0
870	770	4	0
870	273	3	0
870	239	3	0
870	642	4	0
870	11	4	0
870	194	3	0
870	802	3	0
870	12	4	0
871	187	5	0
871	346	3	0
871	307	3	0
871	302	5	0
871	547	3	0
871	56	5	0
871	182	5	0
871	92	3	0
871	127	5	0
871	11	3	0
871	17	3	0
872	628	4	0
872	332	3	0
872	1011	1	0
872	334	1	0
872	273	3	0
873	307	3	0
873	348	3	0
874	100	4	0
874	302	5	0
874	346	3	0
874	182	4	0
874	127	5	0
875	334	4	0
875	55	3	0
875	12	5	0
875	332	3	0
875	806	4	0
875	56	5	0
875	327	4	0
875	504	5	0
875	302	5	0
875	187	4	0
876	187	4	0
877	302	2	0
877	55	4	0
877	307	3	0
877	56	5	0
878	100	2	0
878	127	4	0
878	642	3	0
878	194	4	0
878	482	4	0
879	127	5	0
880	92	4	0
880	120	2	0
880	24	3	0
880	182	5	0
880	11	4	0
880	156	4	0
880	127	5	0
880	100	5	0
880	802	3	0
880	1139	4	0
880	1478	3	0
880	302	5	0
880	254	2	0
880	1151	3	0
880	348	4	0
880	29	2	0
880	39	4	0
880	329	4	0
880	55	3	0
880	72	3	0
880	396	2	0
880	273	5	0
880	194	5	0
880	628	2	0
880	12	5	0
880	239	4	0
880	248	4	0
880	403	3	0
880	56	5	0
880	187	5	0
880	293	4	0
880	17	3	0
880	327	3	0
880	902	4	0
880	823	3	0
880	346	5	0
880	770	4	0
880	5	3	0
880	299	4	0
880	1496	4	0
880	1277	4	0
880	307	4	0
880	231	2	0
881	11	4	0
881	403	3	0
881	182	3	0
881	56	1	0
881	504	3	0
881	187	4	0
881	576	3	0
881	129	4	0
881	120	2	0
881	29	2	0
881	194	3	0
881	100	4	0
881	642	4	0
881	127	4	0
881	72	2	0
882	11	4	0
882	194	3	0
882	56	4	0
883	239	3	0
883	1226	3	0
883	902	4	0
883	770	4	0
883	312	3	0
883	1462	5	0
883	55	4	0
883	24	4	0
883	194	3	0
883	273	4	0
883	129	5	0
883	12	4	0
883	346	4	0
883	100	4	0
883	504	5	0
883	396	2	0
883	302	5	0
883	403	5	0
883	127	5	0
883	39	4	0
883	72	4	0
883	656	5	0
883	56	5	0
883	11	2	0
884	127	4	0
884	100	5	0
885	100	3	0
885	239	3	0
885	56	3	0
885	72	1	0
885	29	1	0
886	396	2	0
886	182	4	0
886	129	5	0
886	55	4	0
886	239	3	0
886	17	4	0
886	12	5	0
886	56	4	0
886	273	2	0
886	92	3	0
886	11	5	0
886	24	4	0
886	231	2	0
886	5	3	0
886	194	3	0
886	127	4	0
886	156	4	0
886	187	4	0
886	544	4	0
886	76	4	0
886	1208	3	0
886	100	4	0
886	403	4	0
886	29	1	0
886	628	3	0
887	56	5	0
887	127	3	0
887	72	4	0
887	1496	4	0
887	100	2	0
887	24	5	0
887	187	4	0
887	254	4	0
888	100	4	0
889	12	5	0
889	327	3	0
889	273	4	0
889	1069	1	0
889	24	4	0
889	11	5	0
889	129	5	0
889	127	4	0
889	29	3	0
889	39	2	0
889	649	2	0
889	1194	4	0
889	1011	3	0
889	17	4	0
889	302	4	0
889	182	4	0
889	55	4	0
889	1139	1	0
889	248	4	0
889	156	5	0
889	194	5	0
889	231	3	0
889	72	3	0
889	642	3	0
889	92	3	0
889	239	4	0
889	187	4	0
889	576	3	0
889	544	3	0
889	56	5	0
889	482	4	0
889	403	3	0
889	100	4	0
890	187	5	0
890	403	1	0
890	127	5	0
890	194	5	0
891	127	4	0
891	100	5	0
892	403	3	0
892	182	5	0
892	273	4	0
892	194	4	0
892	239	4	0
892	76	4	0
892	649	5	0
892	56	4	0
892	5	4	0
892	482	5	0
892	12	5	0
892	29	2	0
892	11	3	0
892	129	3	0
892	187	5	0
892	127	5	0
892	72	4	0
892	576	4	0
892	100	5	0
893	24	4	0
893	1245	2	0
893	11	4	0
893	56	5	0
894	1194	5	0
894	1226	4	0
894	1462	3	0
894	12	5	0
894	346	4	0
894	273	3	0
894	332	3	0
894	334	3	0
894	336	3	0
894	628	3	0
894	100	4	0
894	327	4	0
894	129	4	0
894	307	3	0
894	293	4	0
894	1560	4	0
894	302	4	0
894	754	4	0
894	902	3	0
894	299	3	0
894	312	3	0
894	248	4	0
895	100	4	0
896	248	4	0
896	1011	2	0
896	76	3	0
896	12	3	0
896	327	5	0
896	11	2	0
896	182	4	0
896	299	1	0
896	231	1	0
896	504	3	0
896	307	3	0
896	239	4	0
896	1194	3	0
896	29	2	0
896	576	2	0
896	1208	3	0
896	403	1	0
896	129	4	0
896	100	3	0
896	92	1	0
896	770	5	0
896	24	4	0
896	802	2	0
896	55	3	0
896	273	5	0
896	127	5	0
896	187	5	0
896	642	2	0
896	482	3	0
896	302	2	0
896	39	2	0
897	194	5	0
897	273	3	0
897	649	3	0
897	76	4	0
897	56	2	0
897	120	3	0
897	11	2	0
897	127	5	0
897	239	2	0
897	187	5	0
897	55	3	0
897	182	4	0
898	302	4	0
898	309	5	0
898	334	3	0
898	312	2	0
898	327	5	0
899	231	1	0
899	29	2	0
899	403	3	0
899	239	3	0
899	254	2	0
899	194	5	0
900	129	4	0
900	100	4	0
900	130	1	0
901	12	5	0
901	403	2	0
901	56	1	0
901	194	5	0
902	302	3	0
902	754	3	0
902	127	3	0
902	187	3	0
902	327	3	0
902	307	3	0
903	182	5	0
903	187	5	0
903	544	2	0
903	254	2	0
903	156	5	0
903	56	5	0
903	127	5	0
903	120	2	0
903	642	4	0
903	302	4	0
903	273	3	0
903	628	3	0
903	100	5	0
903	11	2	0
903	129	3	0
903	346	3	0
903	293	4	0
903	248	2	0
903	12	5	0
903	649	4	0
904	628	3	0
905	273	3	0
905	302	5	0
905	100	4	0
905	1011	3	0
905	129	4	0
906	628	5	0
906	991	3	0
906	129	4	0
906	544	4	0
906	823	3	0
906	100	4	0
906	307	3	0
906	273	4	0
906	1011	4	0
907	120	4	0
907	182	5	0
907	628	5	0
907	332	5	0
907	248	5	0
907	100	5	0
907	312	5	0
907	5	5	0
907	129	5	0
908	127	4	0
908	12	3	0
908	56	4	0
908	55	3	0
908	156	3	0
908	482	3	0
908	194	3	0
908	100	4	0
910	254	1	0
910	12	4	0
910	56	4	0
910	127	5	0
910	100	4	0
910	307	2	0
910	273	3	0
910	182	4	0
910	24	3	0
910	628	1	0
910	293	4	0
910	332	2	0
911	194	4	0
911	482	4	0
912	653	3	0
912	611	3	0
912	194	4	0
912	482	5	0
912	56	2	0
913	56	5	0
913	100	3	0
913	156	3	0
913	12	4	0
913	302	4	0
913	127	4	0
913	346	3	0
913	273	3	0
913	656	3	0
913	92	4	0
913	11	4	0
915	307	3	0
915	302	4	0
915	346	2	0
915	334	3	0
916	17	4	0
916	806	4	0
916	72	3	0
916	583	4	0
916	76	3	0
916	1208	2	0
916	55	3	0
916	273	3	0
916	92	5	0
916	642	3	0
916	1194	4	0
916	1011	4	0
916	11	4	0
916	5	3	0
916	239	3	0
916	24	2	0
916	182	3	0
916	194	4	0
916	12	4	0
916	100	5	0
916	39	4	0
916	156	5	0
916	844	3	0
916	56	5	0
917	100	4	0
917	312	2	0
917	248	4	0
917	628	5	0
918	72	1	0
918	656	4	0
919	129	5	0
919	312	2	0
919	12	3	0
919	5	4	0
919	302	4	0
919	307	4	0
919	327	4	0
919	11	4	0
919	293	4	0
919	628	3	0
919	332	4	0
919	100	5	0
919	1277	4	0
919	334	4	0
920	307	3	0
920	332	3	0
920	346	4	0
920	299	2	0
920	302	4	0
921	254	3	0
921	72	4	0
921	194	3	0
921	24	3	0
922	11	5	0
922	576	4	0
922	72	4	0
922	127	3	0
922	403	3	0
922	56	1	0
922	29	3	0
923	100	5	0
923	248	4	0
923	1277	5	0
923	293	4	0
923	823	4	0
923	334	5	0
923	307	4	0
923	544	4	0
923	273	5	0
923	628	4	0
923	129	5	0
923	1011	4	0
924	482	4	0
924	100	4	0
924	129	4	0
924	127	3	0
924	504	5	0
924	1478	4	0
924	273	3	0
924	12	4	0
924	1011	3	0
924	56	3	0
925	299	3	0
925	5	4	0
925	56	3	0
925	332	4	0
925	327	3	0
926	302	4	0
927	24	3	0
927	72	5	0
927	403	4	0
927	56	4	0
927	29	5	0
927	11	5	0
928	127	5	0
928	187	5	0
929	182	4	0
929	100	4	0
929	12	4	0
929	56	4	0
929	187	5	0
929	127	5	0
930	100	3	0
930	24	1	0
931	293	4	0
931	127	5	0
931	302	4	0
931	100	4	0
931	312	4	0
932	100	5	0
932	194	5	0
932	649	4	0
932	576	2	0
932	56	4	0
932	611	5	0
932	482	5	0
932	55	3	0
932	1139	2	0
932	504	4	0
933	239	3	0
933	273	3	0
933	403	3	0
933	823	2	0
933	127	5	0
933	194	4	0
933	12	4	0
933	156	4	0
933	583	3	0
933	576	1	0
933	39	3	0
933	231	1	0
933	72	3	0
933	187	4	0
933	100	5	0
933	182	4	0
933	11	4	0
933	56	5	0
934	239	4	0
934	302	4	0
934	254	4	0
934	56	5	0
934	100	4	0
934	403	4	0
934	902	4	0
934	72	3	0
934	156	3	0
935	127	4	0
935	120	3	0
935	100	3	0
936	346	4	0
936	1011	4	0
936	100	4	0
936	628	1	0
936	312	3	0
936	248	4	0
936	273	3	0
936	327	4	0
936	129	4	0
936	127	5	0
936	547	5	0
936	1226	3	0
936	24	4	0
937	100	3	0
937	293	4	0
938	127	5	0
938	248	1	0
938	823	4	0
938	273	5	0
938	100	5	0
938	293	3	0
939	1277	5	0
939	127	5	0
939	254	3	0
940	56	5	0
940	482	5	0
940	194	5	0
940	100	3	0
940	628	4	0
940	12	4	0
940	302	4	0
941	273	3	0
943	92	5	0
943	100	5	0
943	127	5	0
943	24	4	0
943	1011	2	0
943	182	5	0
943	55	5	0
943	231	2	0
943	11	4	0
943	403	4	0
943	187	5	0
943	56	5	0
943	12	5	0
943	76	4	0
943	576	4	0
943	72	2	0
943	194	5	0
943	239	5	0
