1	101	2	0
1	208	5	0
1	185	4	0
1	17	3	0
1	234	4	0
1	200	3	0
1	184	4	0
1	219	1	0
1	183	5	0
1	217	3	0
1	84	4	0
1	123	4	0
1	201	3	0
2	288	3	0
2	307	3	0
3	307	3	0
3	288	2	0
3	351	3	0
3	343	3	0
3	353	1	0
4	288	4	0
5	438	1	0
5	442	1	0
5	200	2	0
5	437	1	0
5	17	4	0
5	440	1	0
5	453	1	0
5	406	1	0
5	448	2	0
5	185	3	0
5	413	3	0
5	452	1	0
5	441	1	0
5	101	5	0
5	424	1	0
5	208	4	0
5	396	5	0
5	436	5	0
5	439	1	0
5	443	4	0
5	446	4	0
5	447	3	0
5	234	2	0
5	445	3	0
5	379	3	0
5	444	2	0
5	183	4	0
5	219	3	0
6	185	5	0
6	208	4	0
6	200	3	0
6	183	4	0
7	569	4	0
7	668	4	0
7	440	1	0
7	559	5	0
7	565	4	0
7	681	1	0
7	446	2	0
7	288	4	0
7	201	2	0
7	670	5	0
7	452	5	0
7	307	5	0
7	185	5	0
7	637	4	0
7	567	1	0
7	551	1	0
7	447	5	0
7	665	4	0
7	200	5	0
7	669	1	0
7	561	4	0
7	573	5	0
7	183	4	0
7	666	4	0
7	208	5	0
7	443	5	0
7	672	1	0
7	682	2	0
7	616	4	0
7	396	4	0
7	101	5	0
7	217	4	0
7	441	2	0
7	448	3	0
7	674	2	0
7	635	3	0
7	564	3	0
7	444	5	0
7	675	5	0
7	436	5	0
7	590	2	0
7	219	1	0
7	671	5	0
7	563	2	0
7	379	4	0
7	234	5	0
7	667	5	0
8	183	5	0
9	201	5	0
10	200	5	0
10	185	5	0
10	447	4	0
10	234	4	0
10	706	4	0
10	183	5	0
11	208	4	0
11	573	3	0
11	123	3	0
11	561	2	0
11	185	4	0
12	200	1	0
13	436	2	0
13	668	1	0
13	682	1	0
13	839	1	0
13	201	1	0
13	858	1	0
13	446	1	0
13	217	1	0
13	569	2	0
13	288	1	0
13	185	3	0
13	441	1	0
13	396	3	0
13	777	1	0
13	706	1	0
13	564	1	0
13	565	1	0
13	637	2	0
13	442	1	0
13	567	1	0
13	183	4	0
13	853	1	0
13	307	2	0
13	551	1	0
13	379	1	0
13	674	3	0
13	234	5	0
13	424	1	0
13	675	5	0
13	184	1	0
13	834	1	0
13	669	1	0
13	859	1	0
13	774	1	0
13	413	1	0
13	860	1	0
13	788	1	0
13	440	1	0
13	17	1	0
13	208	5	0
13	667	1	0
13	559	1	0
13	895	1	0
13	452	3	0
13	406	1	0
13	767	1	0
13	437	1	0
13	563	1	0
13	353	4	0
13	885	1	0
13	438	1	0
13	861	3	0
13	439	1	0
13	447	2	0
13	800	1	0
13	784	1	0
13	573	3	0
13	670	3	0
13	351	1	0
13	448	1	0
13	445	4	0
13	453	2	0
13	443	4	0
13	635	1	0
13	854	1	0
13	219	1	0
13	672	1	0
13	816	1	0
13	590	2	0
13	444	4	0
13	665	2	0
13	561	1	0
13	343	1	0
13	200	3	0
13	671	3	0
14	288	4	0
15	928	1	0
15	307	1	0
16	200	5	0
16	288	3	0
16	448	5	0
16	447	5	0
16	443	5	0
16	183	5	0
16	234	5	0
16	564	1	0
16	208	5	0
18	200	3	0
18	443	3	0
18	208	4	0
18	234	3	0
18	185	3	0
19	201	3	0
19	288	3	0
20	288	1	0
20	208	2	0
21	559	1	0
21	860	2	0
21	928	3	0
21	443	4	0
21	706	2	0
21	816	1	0
21	406	1	0
21	854	5	0
21	444	3	0
21	839	1	0
21	445	3	0
21	452	4	0
21	184	4	0
21	396	2	0
21	590	1	0
21	379	3	0
21	200	5	0
21	834	1	0
21	853	5	0
21	561	1	0
21	439	1	0
21	441	3	0
21	675	5	0
21	567	2	0
21	859	2	0
21	671	5	0
21	440	1	0
21	424	1	0
21	564	3	0
21	774	2	0
21	551	3	0
21	665	3	0
21	669	1	0
21	436	4	0
21	672	3	0
21	437	1	0
21	123	4	0
21	674	2	0
21	767	1	0
21	288	3	0
21	668	1	0
21	453	2	0
21	565	3	0
21	858	1	0
21	563	2	0
21	447	5	0
21	670	3	0
21	448	4	0
21	219	5	0
21	413	2	0
21	637	4	0
21	234	5	0
21	800	1	0
21	17	4	0
21	573	2	0
21	635	4	0
21	185	5	0
21	438	1	0
21	569	3	0
21	201	5	0
21	217	3	0
22	17	4	0
22	208	5	0
22	201	4	0
22	184	5	0
22	665	1	0
23	234	2	0
23	183	3	0
23	185	4	0
23	217	2	0
23	219	1	0
24	200	5	0
24	288	3	0
25	183	4	0
25	208	4	0
26	288	4	0
26	343	3	0
26	413	2	0
27	123	5	0
27	288	3	0
28	219	5	0
28	443	4	0
28	184	4	0
28	444	3	0
28	670	4	0
28	200	2	0
28	672	3	0
28	201	3	0
28	441	2	0
28	288	5	0
28	447	3	0
28	895	4	0
28	800	4	0
28	859	3	0
28	573	4	0
28	217	3	0
28	234	4	0
28	448	4	0
28	665	3	0
28	567	4	0
28	185	5	0
28	436	5	0
29	343	3	0
31	682	2	0
32	307	2	0
32	288	4	0
33	682	4	0
33	343	4	0
33	895	3	0
33	288	4	0
33	307	3	0
34	288	2	0
36	682	1	0
36	307	4	0
36	288	4	0
36	885	5	0
37	183	4	0
37	288	4	0
37	665	3	0
38	452	5	0
38	681	5	0
38	616	3	0
38	413	1	0
38	424	3	0
38	406	2	0
38	84	5	0
38	445	2	0
38	573	1	0
38	444	1	0
38	200	5	0
38	637	2	0
38	672	3	0
38	234	5	0
38	590	1	0
38	447	5	0
38	288	5	0
38	185	2	0
39	288	5	0
39	307	2	0
40	343	1	0
42	443	3	0
42	219	1	0
42	185	4	0
42	413	1	0
42	559	2	0
42	234	4	0
42	834	1	0
42	183	4	0
43	17	3	0
43	1052	1	0
43	123	1	0
43	559	1	0
43	208	5	0
43	217	2	0
43	1056	3	0
44	448	2	0
44	443	5	0
44	447	4	0
44	185	4	0
44	201	2	0
44	307	4	0
44	208	4	0
44	200	4	0
44	183	4	0
44	123	4	0
44	665	1	0
45	288	3	0
46	307	3	0
46	288	2	0
47	307	4	0
47	288	2	0
48	185	4	0
48	183	5	0
49	200	3	0
49	185	5	0
49	17	2	0
49	559	2	0
49	569	3	0
49	123	1	0
49	101	3	0
49	343	2	0
49	413	1	0
49	219	1	0
49	590	1	0
49	774	2	0
49	396	4	0
49	561	2	0
49	928	2	0
49	406	2	0
49	217	3	0
49	208	4	0
50	288	4	0
50	123	4	0
51	184	3	0
52	288	3	0
54	406	2	0
54	307	4	0
54	288	4	0
56	219	5	0
56	184	4	0
56	200	4	0
56	183	5	0
56	559	4	0
56	201	4	0
56	447	4	0
56	234	4	0
56	443	4	0
56	441	4	0
57	682	3	0
57	288	4	0
58	123	4	0
58	200	3	0
58	185	2	0
59	208	5	0
59	774	2	0
59	219	5	0
59	447	5	0
59	670	4	0
59	443	5	0
59	185	5	0
59	928	4	0
59	436	5	0
59	616	5	0
59	201	4	0
59	675	5	0
59	123	3	0
59	183	5	0
59	564	2	0
59	567	4	0
59	101	5	0
59	200	5	0
59	288	5	0
59	184	4	0
59	559	5	0
59	569	4	0
59	234	5	0
59	672	5	0
59	448	4	0
60	443	4	0
60	675	4	0
60	616	3	0
60	665	4	0
60	185	4	0
60	234	4	0
60	200	4	0
60	637	4	0
60	445	5	0
60	671	4	0
60	183	5	0
60	208	5	0
62	217	2	0
62	559	3	0
62	443	3	0
62	665	2	0
62	774	1	0
62	288	2	0
62	436	3	0
62	448	2	0
62	183	4	0
62	569	1	0
63	288	3	0
64	183	5	0
64	288	4	0
64	217	2	0
64	436	5	0
64	559	3	0
64	447	4	0
64	234	4	0
64	101	2	0
64	185	4	0
64	17	3	0
64	569	3	0
64	184	4	0
65	185	4	0
66	288	4	0
67	1052	3	0
67	123	4	0
68	288	4	0
69	123	4	0
69	234	5	0
69	288	5	0
69	307	2	0
70	101	3	0
70	343	4	0
70	185	4	0
70	559	3	0
70	208	4	0
70	217	4	0
70	183	4	0
72	234	4	0
72	443	3	0
73	183	4	0
73	288	3	0
74	288	3	0
74	307	4	0
74	351	3	0
75	413	2	0
75	123	3	0
76	288	2	0
76	200	5	0
76	1157	1	0
76	343	3	0
77	201	4	0
77	183	5	0
78	288	4	0
79	288	3	0
80	208	5	0
80	234	3	0
81	288	3	0
81	928	4	0
82	834	1	0
82	185	3	0
82	183	3	0
82	671	1	0
82	208	3	0
82	424	1	0
82	413	1	0
82	288	3	0
82	895	1	0
82	343	1	0
83	234	4	0
83	406	2	0
83	413	1	0
83	452	3	0
85	234	4	0
85	443	4	0
85	447	3	0
85	208	5	0
86	288	3	0
87	201	2	0
87	208	5	0
87	396	1	0
87	183	4	0
90	307	5	0
90	234	4	0
90	447	5	0
90	1199	5	0
90	17	4	0
90	185	5	0
90	208	3	0
90	443	4	0
91	682	2	0
91	351	4	0
91	343	4	0
91	616	4	0
91	234	5	0
91	183	5	0
92	184	3	0
92	665	3	0
92	219	4	0
92	1157	2	0
92	453	1	0
92	396	3	0
92	928	3	0
92	672	3	0
92	800	3	0
92	123	2	0
92	561	3	0
92	436	4	0
92	834	1	0
92	183	4	0
92	674	4	0
92	1052	2	0
92	217	3	0
92	200	3	0
92	201	3	0
92	234	4	0
92	406	2	0
92	559	3	0
92	551	2	0
92	208	4	0
92	288	3	0
92	307	4	0
92	101	2	0
92	452	2	0
94	343	4	0
94	665	3	0
94	674	3	0
94	201	4	0
94	183	5	0
94	101	2	0
94	443	4	0
94	184	2	0
94	436	5	0
94	1199	3	0
94	219	4	0
94	288	3	0
94	17	2	0
94	637	3	0
94	559	4	0
94	208	4	0
94	860	2	0
94	928	3	0
94	670	3	0
94	448	5	0
94	200	4	0
94	561	3	0
94	234	5	0
94	616	4	0
94	447	4	0
94	185	5	0
94	217	4	0
94	800	3	0
94	569	1	0
95	101	1	0
95	573	1	0
95	185	3	0
95	674	2	0
95	183	5	0
95	448	3	0
95	200	2	0
95	675	2	0
95	234	2	0
95	208	4	0
95	665	2	0
95	443	3	0
95	447	2	0
95	436	5	0
95	219	4	0
95	445	4	0
95	671	3	0
96	200	5	0
96	234	4	0
96	445	4	0
96	185	5	0
96	183	4	0
97	183	5	0
97	670	5	0
97	208	5	0
99	682	2	0
99	123	3	0
99	288	4	0
99	413	3	0
99	1052	1	0
99	406	3	0
99	895	3	0
99	201	3	0
100	885	2	0
100	895	2	0
100	288	2	0
101	288	4	0
101	928	2	0
101	123	2	0
102	436	2	0
102	559	3	0
102	396	2	0
102	667	3	0
102	307	4	0
102	665	1	0
102	208	4	0
102	1052	2	0
102	443	3	0
102	200	3	0
102	672	1	0
102	219	2	0
102	288	2	0
102	185	3	0
102	444	1	0
102	184	2	0
102	671	3	0
102	565	2	0
102	447	4	0
102	234	3	0
102	448	3	0
102	635	2	0
102	183	4	0
102	217	2	0
102	101	4	0
102	201	2	0
102	675	3	0
102	445	2	0
103	234	3	0
104	895	2	0
104	288	2	0
104	307	2	0
105	343	2	0
105	288	4	0
105	307	2	0
107	288	3	0
107	1243	3	0
109	413	3	0
109	183	5	0
109	928	3	0
109	559	3	0
109	441	2	0
109	672	2	0
109	665	5	0
109	834	3	0
109	1157	4	0
109	564	3	0
109	200	2	0
109	101	1	0
109	288	5	0
109	452	2	0
109	234	4	0
109	17	4	0
110	184	1	0
110	682	4	0
110	288	4	0
110	569	4	0
110	307	4	0
110	895	2	0
111	307	2	0
112	307	4	0
113	424	1	0
113	288	3	0
114	183	5	0
114	200	3	0
115	183	5	0
115	443	4	0
115	185	5	0
115	234	5	0
116	895	2	0
116	288	3	0
116	307	3	0
116	185	3	0
116	343	2	0
117	928	3	0
117	895	2	0
117	307	5	0
117	184	3	0
117	406	3	0
117	288	3	0
118	396	5	0
118	217	3	0
118	184	5	0
118	564	1	0
118	675	5	0
118	200	5	0
118	436	5	0
118	559	4	0
118	234	5	0
118	853	5	0
118	551	5	0
118	185	5	0
118	201	5	0
118	413	4	0
118	672	4	0
118	288	5	0
118	816	3	0
118	17	3	0
118	800	4	0
118	774	5	0
119	616	2	0
119	288	4	0
119	1052	4	0
123	185	4	0
123	288	3	0
124	616	4	0
125	208	3	0
125	201	3	0
125	1052	2	0
126	682	1	0
126	353	5	0
126	681	5	0
126	288	4	0
127	343	5	0
127	288	5	0
129	307	2	0
129	288	1	0
130	443	5	0
130	800	4	0
130	183	5	0
130	665	3	0
130	185	5	0
130	452	4	0
130	234	5	0
130	307	4	0
130	569	3	0
130	123	4	0
130	184	4	0
130	1157	3	0
130	200	5	0
130	669	4	0
130	681	3	0
130	353	1	0
130	413	3	0
130	453	3	0
130	567	2	0
130	895	5	0
130	682	4	0
130	219	5	0
130	816	5	0
130	343	4	0
130	928	4	0
130	565	3	0
130	436	3	0
130	217	3	0
130	444	4	0
130	564	4	0
130	288	5	0
130	379	4	0
130	672	5	0
130	17	5	0
130	84	4	0
133	343	2	0
135	185	4	0
135	183	4	0
135	379	2	0
135	443	4	0
135	452	2	0
135	234	4	0
135	288	3	0
135	564	1	0
137	183	5	0
138	185	4	0
139	288	4	0
139	307	4	0
140	288	3	0
141	288	3	0
142	895	4	0
142	288	3	0
143	288	5	0
143	307	4	0
143	682	3	0
144	343	2	0
144	307	1	0
144	183	4	0
144	288	2	0
144	234	4	0
145	443	3	0
145	234	5	0
145	895	3	0
145	413	3	0
145	928	3	0
145	406	3	0
145	800	2	0
145	559	2	0
145	343	5	0
145	217	3	0
145	859	3	0
145	767	2	0
145	447	5	0
145	635	4	0
145	665	5	0
145	674	4	0
145	637	3	0
145	200	4	0
145	185	4	0
145	219	5	0
145	452	3	0
145	569	4	0
145	123	4	0
145	672	3	0
145	379	3	0
145	436	5	0
145	682	3	0
145	183	5	0
145	816	5	0
145	448	5	0
145	17	3	0
145	563	3	0
145	590	1	0
146	307	3	0
148	185	1	0
148	234	3	0
150	288	4	0
150	123	4	0
151	675	2	0
151	443	5	0
151	234	4	0
151	185	4	0
151	559	2	0
151	208	4	0
151	436	3	0
151	561	3	0
151	200	3	0
151	183	3	0
151	448	2	0
152	234	4	0
152	559	1	0
154	185	5	0
154	288	3	0
154	200	5	0
155	288	3	0
158	208	5	0
158	123	3	0
158	217	5	0
158	183	3	0
158	665	2	0
158	184	3	0
159	288	3	0
160	447	4	0
160	671	5	0
160	564	3	0
160	201	5	0
160	234	5	0
160	123	4	0
160	185	5	0
160	288	5	0
162	208	3	0
163	234	3	0
163	288	3	0
164	406	2	0
164	307	5	0
165	288	2	0
166	343	4	0
166	288	3	0
167	184	1	0
167	288	3	0
167	675	1	0
167	674	2	0
168	123	3	0
168	288	1	0
169	234	4	0
169	443	4	0
170	288	3	0
171	288	2	0
172	183	5	0
174	396	1	0
174	288	3	0
175	234	5	0
175	669	1	0
175	183	4	0
176	343	2	0
176	288	3	0
177	307	4	0
177	200	4	0
177	217	3	0
177	343	3	0
177	288	5	0
177	183	4	0
178	288	5	0
178	895	3	0
178	200	3	0
178	183	4	0
178	219	4	0
178	1157	3	0
178	234	4	0
178	682	3	0
178	123	4	0
178	184	5	0
179	353	1	0
179	682	5	0
179	307	3	0
179	288	5	0
179	895	5	0
180	201	2	0
181	307	1	0
181	406	1	0
181	767	1	0
181	123	2	0
181	413	2	0
181	1199	1	0
181	682	4	0
181	1371	1	0
181	1052	2	0
181	681	1	0
181	288	4	0
181	424	1	0
181	834	3	0
181	928	3	0
181	885	1	0
182	123	4	0
184	217	3	0
184	396	3	0
184	447	3	0
184	208	4	0
184	443	3	0
184	665	2	0
184	185	4	0
184	559	3	0
184	183	4	0
185	447	4	0
186	288	1	0
186	406	1	0
188	443	4	0
188	635	2	0
188	185	4	0
188	288	4	0
188	234	4	0
188	928	3	0
189	234	5	0
189	185	5	0
189	1056	3	0
190	288	5	0
190	895	3	0
191	343	3	0
191	288	3	0
191	307	3	0
193	234	3	0
193	343	1	0
193	288	1	0
193	682	1	0
193	895	1	0
193	307	4	0
193	928	2	0
193	443	4	0
194	234	3	0
194	183	3	0
194	674	2	0
194	443	3	0
194	219	2	0
194	616	3	0
194	208	3	0
194	185	4	0
194	559	2	0
195	234	5	0
195	413	3	0
195	1052	1	0
197	184	1	0
197	288	3	0
197	665	4	0
197	183	5	0
197	895	3	0
197	307	3	0
198	447	4	0
198	184	3	0
198	183	5	0
198	208	3	0
198	234	3	0
198	682	3	0
198	200	4	0
198	343	3	0
198	201	3	0
198	185	3	0
198	559	3	0
198	217	4	0
198	101	5	0
200	665	4	0
200	208	5	0
200	674	4	0
200	234	4	0
200	447	4	0
200	559	4	0
200	183	5	0
200	288	5	0
200	443	5	0
200	123	4	0
201	672	2	0
201	447	5	0
201	413	3	0
201	185	5	0
201	682	3	0
201	441	1	0
201	406	1	0
201	440	2	0
201	895	3	0
201	637	3	0
201	767	4	0
201	184	3	0
201	436	3	0
201	567	3	0
201	443	3	0
201	800	2	0
201	17	3	0
201	219	4	0
201	217	3	0
201	563	1	0
201	200	5	0
201	234	5	0
201	590	1	0
201	438	1	0
201	670	4	0
201	1056	2	0
201	559	2	0
201	288	4	0
201	123	2	0
201	201	4	0
201	379	3	0
201	774	1	0
201	551	1	0
201	777	1	0
201	452	1	0
201	183	4	0
201	667	2	0
201	448	3	0
201	396	3	0
201	665	2	0
201	853	4	0
203	288	5	0
204	288	3	0
206	895	5	0
206	288	5	0
206	343	1	0
206	682	3	0
207	183	2	0
207	208	4	0
207	185	4	0
208	208	4	0
209	351	2	0
210	234	4	0
210	219	3	0
210	447	5	0
210	443	4	0
210	208	5	0
210	200	5	0
210	185	4	0
211	443	1	0
213	185	5	0
213	448	4	0
213	288	4	0
213	200	5	0
213	234	4	0
213	447	4	0
214	185	5	0
214	208	5	0
214	307	3	0
214	288	3	0
215	288	2	0
215	234	4	0
215	183	5	0
215	443	4	0
215	208	4	0
215	185	4	0
216	569	3	0
216	200	5	0
216	396	3	0
216	184	4	0
216	234	4	0
216	928	3	0
216	201	3	0
217	183	3	0
217	665	4	0
217	17	3	0
217	185	3	0
218	208	3	0
218	183	5	0
218	288	2	0
219	616	5	0
220	343	3	0
220	682	4	0
220	288	5	0
221	288	3	0
221	895	2	0
221	184	4	0
221	17	4	0
222	895	4	0
222	219	4	0
222	569	2	0
222	448	3	0
222	379	1	0
222	200	3	0
222	637	2	0
222	441	2	0
222	559	3	0
222	452	1	0
222	183	4	0
222	185	4	0
222	17	2	0
222	446	3	0
222	101	4	0
222	396	1	0
222	217	3	0
222	665	1	0
222	288	4	0
222	208	3	0
222	670	3	0
222	436	4	0
222	413	3	0
222	234	2	0
222	672	1	0
222	816	1	0
222	424	1	0
223	185	2	0
223	1052	1	0
223	682	4	0
223	288	3	0
224	569	3	0
227	288	2	0
228	288	4	0
229	288	4	0
230	443	4	0
230	183	3	0
230	234	4	0
230	447	1	0
230	185	4	0
232	234	3	0
233	234	4	0
233	208	4	0
234	234	4	0
234	928	2	0
234	208	4	0
234	443	3	0
234	219	2	0
234	200	5	0
234	436	3	0
234	671	3	0
234	307	2	0
234	448	3	0
234	635	2	0
234	675	4	0
234	447	3	0
234	445	2	0
234	616	2	0
234	288	3	0
234	183	4	0
234	185	3	0
235	185	4	0
236	183	2	0
236	307	4	0
236	185	5	0
236	443	4	0
236	200	3	0
237	185	4	0
237	183	5	0
239	288	2	0
239	183	5	0
239	671	5	0
239	443	5	0
239	1056	5	0
239	208	3	0
239	234	3	0
239	675	5	0
239	185	4	0
240	895	5	0
240	307	4	0
240	353	1	0
240	288	5	0
240	343	3	0
241	895	2	0
241	307	4	0
241	288	5	0
241	343	2	0
241	682	2	0
243	208	4	0
244	183	4	0
244	101	5	0
244	559	4	0
244	208	5	0
244	200	5	0
244	234	3	0
244	217	5	0
244	17	2	0
246	413	4	0
246	665	4	0
246	444	4	0
246	406	3	0
246	816	4	0
246	441	3	0
246	208	4	0
246	567	5	0
246	184	4	0
246	219	5	0
246	201	5	0
246	616	5	0
246	101	2	0
246	672	4	0
246	895	5	0
246	559	3	0
246	853	5	0
246	185	5	0
246	1052	1	0
246	447	3	0
246	288	5	0
246	17	2	0
246	675	4	0
246	561	1	0
248	928	3	0
248	183	5	0
248	343	4	0
248	854	5	0
248	234	4	0
248	185	3	0
249	123	3	0
249	183	4	0
249	853	4	0
250	123	3	0
250	1199	3	0
250	234	3	0
250	184	1	0
250	288	4	0
250	200	5	0
250	183	4	0
251	183	5	0
251	185	5	0
251	288	4	0
253	895	4	0
253	234	4	0
253	183	5	0
253	448	2	0
253	343	4	0
253	200	4	0
254	665	2	0
254	443	3	0
254	616	1	0
254	561	3	0
254	234	4	0
254	343	2	0
254	219	1	0
254	441	3	0
254	200	3	0
254	183	4	0
254	448	3	0
254	436	2	0
254	379	1	0
254	573	2	0
255	565	1	0
255	448	3	0
255	443	1	0
255	200	3	0
255	859	3	0
255	217	2	0
255	834	4	0
255	559	4	0
255	288	4	0
255	185	4	0
255	447	3	0
255	234	5	0
255	413	2	0
255	219	5	0
255	406	1	0
255	452	3	0
255	444	3	0
255	441	2	0
255	551	1	0
255	672	2	0
255	343	2	0
255	665	3	0
255	895	2	0
255	682	5	0
255	860	2	0
255	564	1	0
255	569	1	0
255	436	4	0
256	234	5	0
256	288	5	0
256	443	3	0
256	413	4	0
256	123	2	0
256	185	5	0
256	452	4	0
256	406	3	0
256	665	4	0
256	834	3	0
257	288	3	0
257	307	4	0
258	288	1	0
259	200	4	0
259	185	4	0
259	928	4	0
259	288	3	0
260	682	4	0
260	1243	5	0
260	288	3	0
260	307	3	0
261	288	4	0
262	217	3	0
262	200	3	0
262	567	1	0
262	443	3	0
262	185	3	0
262	559	3	0
262	234	3	0
262	447	3	0
262	288	3	0
262	219	3	0
262	406	3	0
263	443	5	0
263	234	4	0
263	183	4	0
264	288	5	0
264	217	3	0
264	123	4	0
264	234	4	0
264	201	5	0
264	443	5	0
264	183	5	0
264	774	2	0
264	637	4	0
264	185	5	0
264	436	3	0
264	184	5	0
264	448	2	0
264	219	5	0
264	208	5	0
264	672	3	0
264	200	5	0
264	447	5	0
264	559	5	0
264	675	4	0
264	671	4	0
265	288	4	0
267	774	3	0
267	183	4	0
267	17	4	0
267	217	4	0
267	665	4	0
267	559	3	0
268	185	3	0
268	452	1	0
268	123	3	0
268	569	3	0
268	860	1	0
268	208	4	0
268	665	2	0
268	234	4	0
268	379	1	0
268	200	4	0
268	800	1	0
268	288	4	0
268	183	4	0
268	201	3	0
268	1157	1	0
268	436	3	0
268	101	2	0
268	453	1	0
268	1477	2	0
268	17	3	0
268	672	2	0
268	184	4	0
268	928	1	0
268	219	3	0
268	559	2	0
268	561	3	0
268	217	2	0
269	200	4	0
269	436	3	0
269	396	4	0
269	441	1	0
269	448	2	0
269	208	2	0
269	444	3	0
269	928	1	0
269	616	4	0
269	217	2	0
269	183	3	0
269	674	2	0
269	447	3	0
269	445	3	0
269	17	2	0
269	185	5	0
269	665	1	0
269	234	1	0
270	17	2	0
270	563	3	0
270	800	5	0
270	185	5	0
270	928	4	0
270	219	5	0
270	441	5	0
270	200	5	0
270	234	5	0
270	551	4	0
270	559	5	0
270	288	5	0
270	123	5	0
270	665	4	0
270	379	5	0
270	671	4	0
270	569	4	0
270	443	3	0
270	447	4	0
270	183	5	0
270	217	5	0
270	672	5	0
270	860	5	0
270	452	4	0
271	443	3	0
271	234	5	0
271	200	5	0
271	185	3	0
271	208	4	0
271	441	3	0
272	234	4	0
272	288	4	0
272	201	3	0
272	208	4	0
272	200	5	0
272	183	4	0
273	307	2	0
274	234	5	0
274	208	4	0
274	288	4	0
274	200	4	0
275	183	3	0
275	208	3	0
275	448	3	0
275	101	4	0
276	1157	2	0
276	123	4	0
276	453	1	0
276	185	4	0
276	101	4	0
276	567	3	0
276	569	4	0
276	1056	4	0
276	343	4	0
276	800	3	0
276	307	4	0
276	200	5	0
276	234	5	0
276	217	4	0
276	590	2	0
276	551	3	0
276	288	4	0
276	559	4	0
276	184	4	0
276	201	5	0
276	853	5	0
276	1199	4	0
276	672	3	0
276	563	3	0
276	406	2	0
276	447	4	0
276	436	4	0
276	816	2	0
276	1052	2	0
276	443	4	0
276	564	3	0
276	854	4	0
276	183	5	0
276	448	4	0
276	561	2	0
276	928	3	0
276	665	3	0
276	219	4	0
276	17	4	0
276	452	3	0
276	84	2	0
276	669	1	0
276	774	2	0
276	413	3	0
276	379	3	0
276	682	3	0
276	396	4	0
278	288	5	0
279	671	2	0
279	379	3	0
279	288	3	0
279	666	2	0
279	208	5	0
279	444	3	0
279	616	3	0
279	101	3	0
279	436	4	0
279	17	4	0
279	219	2	0
279	853	1	0
279	413	4	0
279	854	1	0
279	184	5	0
279	396	3	0
279	1052	4	0
279	201	5	0
279	234	2	0
280	448	3	0
280	670	2	0
280	288	5	0
280	452	2	0
280	183	3	0
280	928	5	0
280	217	3	0
280	200	5	0
280	219	2	0
280	559	3	0
280	379	5	0
280	234	3	0
281	682	3	0
281	288	4	0
282	288	4	0
282	307	3	0
282	343	4	0
283	288	2	0
283	208	5	0
284	682	3	0
284	307	4	0
285	183	4	0
285	288	5	0
285	185	3	0
285	682	4	0
286	101	5	0
286	217	3	0
286	379	5	0
286	234	3	0
286	123	5	0
286	208	4	0
286	17	4	0
286	183	4	0
286	396	4	0
286	288	5	0
286	569	4	0
286	559	4	0
286	184	3	0
286	800	5	0
286	413	3	0
287	201	5	0
287	208	4	0
287	682	4	0
287	200	4	0
287	895	2	0
288	200	4	0
288	234	4	0
290	234	3	0
290	208	3	0
290	183	4	0
290	436	2	0
291	379	3	0
291	396	4	0
291	834	3	0
291	551	2	0
291	101	4	0
291	563	3	0
291	219	4	0
291	567	5	0
291	928	2	0
291	706	3	0
291	17	4	0
291	672	3	0
291	816	3	0
291	200	4	0
291	448	5	0
291	1157	3	0
291	670	5	0
291	123	4	0
291	84	3	0
291	800	2	0
291	234	4	0
291	573	4	0
291	288	5	0
291	413	4	0
291	565	2	0
291	184	4	0
291	774	3	0
291	569	3	0
292	665	3	0
292	183	5	0
292	343	2	0
292	234	5	0
292	288	3	0
293	208	3	0
293	447	4	0
293	616	3	0
293	288	3	0
293	443	4	0
293	559	2	0
293	234	5	0
293	436	3	0
293	895	3	0
293	445	4	0
293	17	2	0
293	200	4	0
293	183	4	0
293	217	3	0
293	185	5	0
293	637	3	0
293	665	2	0
294	682	3	0
294	413	3	0
294	307	3	0
294	406	2	0
294	343	4	0
294	288	5	0
294	928	3	0
294	895	4	0
294	123	4	0
294	1199	2	0
295	561	5	0
295	559	4	0
295	183	1	0
295	217	4	0
295	208	5	0
295	84	2	0
297	307	4	0
297	443	2	0
297	200	3	0
297	288	3	0
297	208	4	0
297	447	4	0
297	201	4	0
297	183	4	0
297	185	5	0
297	448	3	0
297	234	3	0
297	17	3	0
298	185	3	0
298	183	3	0
298	200	3	0
298	208	5	0
299	17	1	0
299	343	3	0
299	185	3	0
299	288	3	0
299	895	2	0
299	1056	4	0
299	208	4	0
299	101	2	0
299	396	4	0
300	288	4	0
301	219	4	0
301	1052	1	0
301	665	2	0
301	17	4	0
301	201	4	0
301	443	4	0
301	183	3	0
301	288	4	0
301	184	4	0
301	559	4	0
301	123	4	0
301	447	4	0
301	217	3	0
302	307	4	0
303	123	4	0
303	288	4	0
303	396	4	0
303	208	5	0
303	665	4	0
303	17	4	0
303	201	5	0
303	184	5	0
303	800	3	0
303	1052	2	0
303	670	2	0
303	443	4	0
303	559	4	0
303	569	3	0
303	379	4	0
303	436	4	0
303	183	5	0
303	551	2	0
303	564	1	0
303	185	5	0
303	616	4	0
303	413	2	0
303	234	5	0
303	219	5	0
303	1157	2	0
303	1199	3	0
303	452	2	0
303	200	4	0
303	928	3	0
304	288	3	0
304	895	3	0
304	343	3	0
304	681	2	0
304	682	3	0
305	184	3	0
305	183	4	0
305	200	3	0
305	201	3	0
307	183	3	0
307	101	3	0
307	200	3	0
307	185	3	0
308	200	5	0
308	436	4	0
308	559	4	0
308	452	2	0
308	569	3	0
308	447	4	0
308	443	3	0
308	234	3	0
308	184	4	0
308	183	4	0
308	219	3	0
308	616	2	0
308	675	4	0
308	208	4	0
308	123	3	0
308	201	5	0
308	448	3	0
308	928	4	0
308	288	4	0
308	665	4	0
308	17	4	0
308	567	4	0
308	671	4	0
308	853	5	0
308	185	4	0
308	637	3	0
308	396	4	0
311	559	2	0
311	671	3	0
311	185	2	0
311	444	2	0
311	183	5	0
311	448	5	0
311	101	4	0
311	234	4	0
311	443	3	0
311	208	4	0
311	436	3	0
311	200	4	0
312	185	5	0
312	183	5	0
312	671	5	0
312	443	4	0
312	208	5	0
312	234	5	0
312	573	5	0
312	675	5	0
313	183	5	0
313	665	4	0
313	616	5	0
313	436	4	0
313	441	3	0
313	200	3	0
313	443	5	0
313	185	5	0
313	448	3	0
313	208	3	0
313	674	2	0
313	234	4	0
313	559	3	0
313	670	3	0
313	565	1	0
313	452	3	0
314	682	5	0
314	672	5	0
314	288	5	0
314	406	3	0
314	379	3	0
314	1520	3	0
315	17	1	0
315	185	4	0
315	183	3	0
315	234	3	0
315	288	3	0
316	185	2	0
316	183	1	0
316	234	1	0
317	351	3	0
317	288	4	0
318	307	3	0
318	396	1	0
318	208	4	0
319	307	4	0
319	682	3	0
320	183	4	0
320	774	4	0
320	1052	2	0
320	452	3	0
320	895	4	0
320	413	3	0
320	123	4	0
320	800	4	0
320	453	3	0
320	185	4	0
320	17	5	0
320	1157	4	0
320	184	5	0
320	288	4	0
322	234	4	0
322	185	5	0
323	288	3	0
324	123	4	0
324	288	5	0
324	307	5	0
325	185	5	0
325	616	4	0
325	183	3	0
325	208	3	0
325	234	3	0
325	200	2	0
325	443	4	0
326	436	3	0
326	208	3	0
326	234	3	0
326	563	3	0
326	441	2	0
326	670	3	0
326	675	4	0
326	564	3	0
326	444	4	0
326	219	2	0
326	183	5	0
326	452	3	0
326	565	3	0
326	447	4	0
326	559	3	0
326	443	5	0
326	616	5	0
326	665	1	0
326	200	2	0
326	185	5	0
326	448	3	0
326	674	3	0
326	445	4	0
326	671	3	0
327	219	4	0
327	201	5	0
327	559	2	0
327	200	4	0
327	672	2	0
327	895	3	0
327	682	3	0
327	396	3	0
327	288	4	0
327	183	3	0
327	447	4	0
327	234	5	0
327	184	3	0
327	1056	2	0
327	217	3	0
328	665	2	0
328	561	3	0
328	343	3	0
328	637	3	0
328	443	4	0
328	185	4	0
328	559	3	0
328	183	5	0
328	200	4	0
328	234	4	0
328	569	4	0
328	447	2	0
328	448	3	0
329	288	2	0
329	185	3	0
330	185	4	0
330	559	3	0
330	443	4	0
330	447	4	0
330	200	5	0
330	208	5	0
331	682	5	0
331	234	4	0
331	1199	1	0
332	1157	4	0
332	234	5	0
332	307	5	0
332	928	5	0
332	452	4	0
332	123	4	0
332	288	5	0
332	682	4	0
332	895	5	0
332	406	3	0
334	561	2	0
334	396	4	0
334	185	4	0
334	183	4	0
334	208	5	0
334	307	3	0
334	443	3	0
334	569	2	0
334	200	4	0
334	217	2	0
334	635	2	0
334	288	3	0
334	436	3	0
334	675	4	0
335	307	5	0
335	288	4	0
336	859	2	0
336	288	3	0
336	208	2	0
338	443	5	0
338	208	3	0
339	396	4	0
339	637	4	0
339	447	4	0
339	234	4	0
339	436	4	0
339	183	4	0
339	101	3	0
339	208	4	0
339	573	3	0
339	185	4	0
339	288	3	0
339	200	5	0
339	343	3	0
339	675	4	0
339	217	3	0
341	288	4	0
341	682	3	0
341	895	4	0
342	208	4	0
342	123	5	0
342	288	5	0
342	928	3	0
343	217	3	0
343	559	3	0
343	561	3	0
343	208	4	0
343	234	1	0
343	200	2	0
343	569	3	0
343	288	2	0
344	183	5	0
344	559	3	0
344	208	5	0
344	928	2	0
344	288	4	0
345	234	4	0
345	443	5	0
345	288	3	0
345	559	1	0
345	200	4	0
346	561	3	0
346	17	1	0
346	616	1	0
346	288	2	0
346	219	2	0
346	234	2	0
346	184	1	0
346	569	3	0
346	669	1	0
346	183	4	0
347	183	3	0
347	200	4	0
347	288	5	0
347	17	4	0
347	123	3	0
347	208	2	0
347	928	3	0
348	123	5	0
348	406	4	0
348	834	4	0
348	928	5	0
348	288	5	0
349	288	3	0
350	185	5	0
350	616	4	0
350	183	3	0
351	307	4	0
351	895	3	0
351	288	3	0
351	343	3	0
352	234	4	0
352	17	2	0
352	183	5	0
353	343	2	0
354	185	3	0
354	208	4	0
355	288	5	0
355	307	4	0
355	681	4	0
355	682	4	0
356	307	4	0
356	288	4	0
357	123	4	0
357	928	4	0
358	666	3	0
358	208	2	0
361	183	4	0
361	234	4	0
361	443	3	0
361	185	5	0
362	288	4	0
363	183	4	0
363	200	3	0
363	859	4	0
363	559	3	0
363	443	4	0
363	208	4	0
363	185	5	0
363	351	2	0
363	895	3	0
363	217	2	0
363	767	2	0
363	444	4	0
363	590	3	0
363	101	1	0
363	234	3	0
363	816	1	0
363	1052	3	0
363	616	3	0
363	665	2	0
363	307	5	0
363	201	2	0
363	288	4	0
363	1056	4	0
363	675	3	0
363	17	4	0
363	682	1	0
363	184	3	0
363	1157	2	0
363	774	4	0
363	854	1	0
363	448	5	0
363	569	2	0
363	561	2	0
364	288	4	0
365	895	4	0
365	288	5	0
366	17	5	0
366	443	5	0
366	288	4	0
366	447	5	0
366	675	4	0
366	561	5	0
366	672	5	0
366	448	5	0
366	573	5	0
366	184	4	0
366	853	5	0
366	445	5	0
366	637	5	0
366	854	5	0
366	219	5	0
366	217	5	0
366	413	4	0
366	200	5	0
366	201	5	0
366	185	5	0
366	671	5	0
366	234	1	0
366	860	2	0
366	559	5	0
366	436	5	0
367	184	5	0
367	672	4	0
367	443	4	0
367	800	4	0
367	17	5	0
367	183	5	0
367	564	2	0
367	185	5	0
367	637	3	0
367	559	4	0
367	217	5	0
367	219	4	0
367	665	5	0
367	406	4	0
367	452	4	0
367	441	3	0
367	413	4	0
367	563	4	0
367	561	4	0
367	288	5	0
367	448	4	0
367	436	4	0
367	774	4	0
367	234	4	0
367	567	4	0
367	201	5	0
367	200	4	0
367	379	4	0
367	565	2	0
367	670	4	0
367	551	3	0
368	567	3	0
368	672	2	0
368	413	1	0
368	774	4	0
368	379	4	0
368	569	3	0
368	637	2	0
368	441	3	0
368	396	2	0
368	217	5	0
368	551	4	0
368	436	3	0
368	219	2	0
368	288	3	0
368	561	2	0
368	17	5	0
368	184	5	0
368	447	1	0
368	183	5	0
368	448	3	0
368	573	3	0
368	559	3	0
368	670	3	0
368	234	3	0
368	201	5	0
368	777	2	0
370	183	4	0
370	443	5	0
371	234	5	0
371	443	4	0
371	183	5	0
371	452	2	0
371	185	3	0
372	443	4	0
372	441	4	0
372	559	4	0
372	288	5	0
372	447	5	0
372	234	5	0
372	200	5	0
372	183	5	0
372	436	5	0
372	185	5	0
372	561	5	0
372	674	5	0
372	448	4	0
372	219	5	0
372	452	4	0
372	446	4	0
372	201	2	0
372	635	5	0
372	637	4	0
372	672	5	0
373	208	4	0
373	217	3	0
373	184	4	0
373	559	3	0
374	928	1	0
374	17	2	0
374	200	5	0
374	183	4	0
374	234	4	0
374	665	4	0
374	184	2	0
374	288	4	0
374	406	3	0
374	424	1	0
374	637	4	0
374	185	5	0
374	123	2	0
374	443	5	0
375	573	4	0
375	183	5	0
375	185	5	0
375	234	5	0
375	443	4	0
375	288	4	0
376	288	3	0
377	443	4	0
377	234	5	0
377	682	3	0
377	219	3	0
377	895	3	0
377	200	5	0
377	288	5	0
378	928	2	0
378	436	4	0
378	288	3	0
378	635	2	0
378	234	4	0
378	665	2	0
378	396	4	0
378	200	3	0
378	674	3	0
378	569	3	0
378	447	4	0
378	559	4	0
378	443	4	0
378	123	3	0
378	217	3	0
378	441	3	0
378	183	4	0
378	561	3	0
379	637	2	0
379	447	4	0
379	183	4	0
379	448	4	0
379	185	5	0
379	200	4	0
379	208	4	0
379	616	2	0
379	436	3	0
379	219	3	0
379	674	3	0
379	234	5	0
379	563	2	0
379	452	3	0
379	443	4	0
379	559	3	0
380	670	1	0
380	561	2	0
380	443	4	0
380	234	2	0
380	217	2	0
380	665	2	0
380	573	1	0
380	185	4	0
380	183	4	0
380	208	2	0
380	200	4	0
381	443	5	0
381	217	2	0
381	307	2	0
381	682	2	0
382	183	3	0
383	185	5	0
383	200	5	0
384	343	3	0
385	674	3	0
385	447	3	0
385	183	3	0
385	219	1	0
385	234	1	0
385	671	3	0
385	185	5	0
385	443	3	0
385	217	2	0
385	675	5	0
385	200	3	0
385	448	3	0
385	444	1	0
385	201	4	0
385	616	4	0
385	208	3	0
385	767	1	0
387	551	2	0
387	200	5	0
387	446	2	0
387	201	5	0
387	563	2	0
387	674	2	0
387	208	3	0
387	441	1	0
387	561	3	0
387	774	3	0
387	183	4	0
387	444	4	0
387	288	3	0
387	436	4	0
387	184	3	0
387	1199	5	0
387	854	5	0
387	101	4	0
387	665	2	0
387	219	2	0
387	448	3	0
387	123	3	0
387	447	4	0
387	567	2	0
387	672	2	0
387	569	2	0
387	217	3	0
387	559	3	0
387	564	1	0
388	184	4	0
388	219	5	0
388	288	5	0
388	200	5	0
388	569	5	0
388	895	4	0
388	672	4	0
388	559	5	0
388	816	4	0
388	682	4	0
388	307	4	0
389	671	5	0
389	185	5	0
389	208	5	0
389	559	3	0
389	396	3	0
389	234	4	0
389	217	3	0
389	674	2	0
389	616	4	0
389	1052	2	0
389	675	3	0
391	234	4	0
391	774	2	0
391	200	5	0
391	288	3	0
392	288	4	0
392	200	3	0
393	681	3	0
393	17	1	0
393	288	3	0
393	559	3	0
393	672	3	0
393	569	4	0
393	774	4	0
393	443	3	0
393	396	1	0
393	123	4	0
393	84	3	0
393	561	3	0
393	184	4	0
394	561	4	0
394	343	3	0
394	928	4	0
394	672	3	0
394	208	5	0
394	84	4	0
394	123	5	0
394	184	3	0
394	101	4	0
394	1371	2	0
394	288	4	0
394	183	4	0
394	665	2	0
394	217	5	0
394	559	4	0
395	343	5	0
395	288	2	0
396	406	2	0
396	288	3	0
397	288	4	0
397	343	2	0
397	853	4	0
397	665	3	0
397	183	4	0
398	208	5	0
398	234	4	0
398	183	4	0
398	447	2	0
398	185	5	0
399	379	3	0
399	413	2	0
399	436	2	0
399	561	2	0
399	928	2	0
399	559	3	0
399	564	3	0
399	616	1	0
399	452	3	0
399	123	2	0
399	774	3	0
399	444	1	0
399	234	3	0
399	84	2	0
399	551	1	0
399	307	3	0
399	343	2	0
399	219	3	0
399	665	3	0
399	288	3	0
400	288	4	0
400	343	4	0
400	895	4	0
400	307	3	0
401	185	4	0
402	234	4	0
403	123	3	0
403	1199	2	0
403	928	3	0
403	288	4	0
404	343	1	0
404	307	4	0
404	288	3	0
405	379	1	0
405	436	1	0
405	441	1	0
405	853	1	0
405	573	3	0
405	445	4	0
405	669	1	0
405	551	1	0
405	563	1	0
405	774	1	0
405	674	1	0
405	234	5	0
405	219	5	0
405	559	5	0
405	447	4	0
405	200	2	0
405	861	1	0
405	666	1	0
405	675	1	0
405	351	1	0
405	672	1	0
405	201	1	0
405	784	1	0
405	561	1	0
405	183	1	0
405	396	1	0
405	101	1	0
405	668	1	0
405	453	3	0
405	448	4	0
405	438	1	0
405	185	4	0
405	446	1	0
405	1573	1	0
405	442	1	0
405	788	1	0
405	854	1	0
405	452	5	0
405	860	1	0
405	665	1	0
405	667	1	0
405	217	1	0
405	208	5	0
405	440	1	0
405	670	1	0
405	443	4	0
405	288	5	0
405	816	1	0
405	437	1	0
405	569	1	0
405	858	1	0
405	859	1	0
405	184	1	0
405	777	1	0
405	564	1	0
405	671	2	0
405	565	2	0
405	567	2	0
405	444	3	0
405	439	1	0
406	671	5	0
406	670	3	0
406	184	2	0
406	217	4	0
406	219	3	0
406	447	4	0
406	453	2	0
406	123	4	0
406	569	3	0
406	674	4	0
406	436	4	0
406	185	5	0
406	183	5	0
406	444	3	0
406	101	3	0
406	234	4	0
406	573	3	0
406	563	1	0
406	675	4	0
406	559	3	0
406	561	3	0
406	565	3	0
406	665	3	0
406	452	2	0
406	396	3	0
406	443	4	0
406	208	2	0
406	672	2	0
407	101	3	0
407	635	3	0
407	561	4	0
407	217	4	0
407	123	3	0
407	219	4	0
407	183	4	0
407	616	3	0
407	234	3	0
407	443	3	0
407	448	4	0
407	436	3	0
407	569	3	0
407	185	5	0
407	675	3	0
407	201	4	0
407	447	3	0
407	200	4	0
407	288	4	0
407	565	3	0
407	859	3	0
407	559	3	0
407	208	4	0
407	184	4	0
408	288	4	0
409	854	4	0
409	200	2	0
409	201	1	0
409	288	1	0
409	343	3	0
411	208	4	0
412	288	4	0
412	208	4	0
412	436	4	0
413	307	2	0
414	895	4	0
414	343	2	0
414	288	5	0
415	185	4	0
416	834	3	0
416	452	3	0
416	185	4	0
416	396	2	0
416	234	5	0
416	895	4	0
416	219	4	0
416	353	2	0
416	447	4	0
416	682	3	0
416	564	4	0
416	184	4	0
416	183	5	0
416	17	2	0
416	307	1	0
416	928	3	0
416	288	5	0
416	443	5	0
416	200	5	0
416	123	4	0
416	559	3	0
416	217	4	0
416	448	3	0
417	217	4	0
417	928	3	0
417	1157	4	0
417	441	3	0
417	219	3	0
417	551	3	0
417	447	3	0
417	674	2	0
417	616	2	0
417	413	3	0
417	665	2	0
417	184	4	0
417	668	2	0
417	288	3	0
417	559	4	0
417	201	4	0
417	895	3	0
417	101	3	0
417	185	3	0
417	208	3	0
417	767	1	0
417	396	2	0
417	436	3	0
417	563	2	0
417	234	4	0
417	343	2	0
417	200	4	0
417	17	4	0
417	561	3	0
417	452	2	0
417	123	2	0
417	774	4	0
417	800	2	0
417	669	2	0
417	444	4	0
417	183	4	0
418	288	5	0
418	895	4	0
420	288	3	0
421	200	3	0
421	183	5	0
421	185	4	0
421	234	5	0
421	448	3	0
421	219	3	0
421	443	5	0
421	208	2	0
421	674	5	0
421	672	3	0
422	561	3	0
422	396	4	0
422	288	3	0
422	307	4	0
422	670	2	0
422	447	4	0
422	551	2	0
422	217	3	0
422	200	5	0
422	185	4	0
422	379	2	0
422	859	3	0
422	452	3	0
422	441	4	0
422	563	3	0
422	854	4	0
422	448	4	0
422	665	5	0
422	201	4	0
422	436	3	0
422	234	4	0
422	1199	3	0
422	671	4	0
422	567	3	0
422	184	4	0
422	559	3	0
422	672	3	0
422	590	2	0
422	219	4	0
422	682	2	0
423	307	3	0
424	288	1	0
424	681	3	0
425	234	3	0
425	443	2	0
425	185	2	0
425	447	3	0
425	219	2	0
425	669	3	0
425	445	3	0
425	670	3	0
425	288	5	0
425	343	3	0
425	675	3	0
425	448	2	0
425	200	4	0
425	307	4	0
425	424	2	0
425	217	1	0
425	17	4	0
425	672	2	0
425	184	4	0
425	573	3	0
425	853	4	0
425	895	4	0
425	590	3	0
425	183	3	0
425	379	2	0
425	854	4	0
425	201	3	0
425	452	2	0
426	671	4	0
426	208	4	0
426	185	5	0
426	200	2	0
426	616	4	0
427	682	5	0
427	681	5	0
428	307	4	0
428	288	4	0
428	343	2	0
429	217	3	0
429	443	4	0
429	219	4	0
429	208	4	0
429	672	2	0
429	665	2	0
429	635	3	0
429	448	3	0
429	928	2	0
429	671	3	0
429	200	3	0
429	441	3	0
429	559	3	0
429	440	1	0
429	637	3	0
429	234	4	0
429	123	4	0
429	184	4	0
429	436	4	0
429	288	3	0
429	307	3	0
429	569	2	0
429	616	3	0
429	183	4	0
429	185	4	0
429	816	2	0
429	101	4	0
429	201	3	0
430	123	2	0
430	234	4	0
430	288	4	0
430	436	4	0
430	101	2	0
430	674	4	0
431	307	3	0
432	123	3	0
432	288	5	0
433	682	2	0
434	406	3	0
434	288	5	0
434	424	1	0
434	928	5	0
435	928	3	0
435	183	5	0
435	208	4	0
435	123	2	0
435	101	3	0
435	834	5	0
435	406	3	0
435	637	4	0
435	234	4	0
435	447	3	0
435	635	3	0
435	201	4	0
435	561	2	0
435	567	3	0
435	569	3	0
435	675	3	0
435	424	1	0
435	616	2	0
435	217	4	0
435	200	5	0
435	448	3	0
435	185	4	0
435	443	3	0
435	895	3	0
435	672	1	0
435	184	5	0
435	219	5	0
435	573	1	0
435	343	5	0
435	800	4	0
435	665	3	0
435	84	2	0
435	413	2	0
435	674	2	0
435	885	3	0
435	441	3	0
435	559	3	0
435	288	4	0
435	17	2	0
435	436	4	0
435	351	2	0
435	444	3	0
435	307	5	0
436	447	1	0
436	635	3	0
436	217	4	0
436	928	4	0
436	200	3	0
436	559	4	0
436	288	4	0
436	219	5	0
436	895	4	0
436	234	3	0
436	441	3	0
437	443	4	0
437	200	4	0
437	185	5	0
437	208	5	0
437	183	3	0
437	559	3	0
437	665	2	0
437	101	3	0
437	447	4	0
437	234	4	0
437	672	1	0
437	217	3	0
437	674	3	0
437	288	2	0
437	219	3	0
437	436	4	0
439	307	3	0
439	288	3	0
439	895	3	0
441	288	2	0
442	635	4	0
442	436	3	0
442	17	4	0
442	447	3	0
442	219	3	0
442	217	3	0
442	834	2	0
442	441	3	0
442	184	2	0
442	665	2	0
442	569	2	0
442	559	2	0
442	859	3	0
442	288	4	0
442	452	3	0
442	672	3	0
442	800	3	0
442	928	3	0
442	234	4	0
443	343	5	0
443	307	3	0
444	307	3	0
445	895	2	0
445	208	2	0
445	183	2	0
445	343	1	0
445	288	2	0
445	1199	1	0
445	123	1	0
446	288	2	0
446	307	3	0
447	200	3	0
447	123	3	0
447	183	5	0
447	17	3	0
447	559	3	0
447	234	4	0
447	288	4	0
447	447	3	0
447	201	2	0
448	288	1	0
448	307	2	0
449	288	3	0
450	396	2	0
450	448	4	0
450	208	5	0
450	928	3	0
450	234	3	0
450	288	3	0
450	101	5	0
450	200	3	0
450	123	2	0
450	443	4	0
450	616	4	0
450	637	4	0
450	559	3	0
450	307	5	0
450	183	4	0
450	561	4	0
450	671	3	0
450	774	4	0
450	185	5	0
451	681	1	0
451	307	4	0
451	885	1	0
451	288	5	0
451	682	4	0
452	183	4	0
452	201	1	0
452	288	2	0
452	234	3	0
452	185	5	0
452	443	5	0
453	17	4	0
453	288	4	0
453	424	1	0
453	453	2	0
453	184	4	0
453	1157	2	0
453	452	2	0
453	234	3	0
454	234	3	0
454	185	2	0
455	200	5	0
455	217	4	0
455	307	4	0
455	234	4	0
455	123	3	0
455	183	4	0
455	17	3	0
455	343	4	0
455	288	2	0
455	447	4	0
456	452	2	0
456	447	3	0
456	200	4	0
456	559	3	0
456	448	3	0
456	208	4	0
456	217	3	0
456	185	4	0
456	234	3	0
456	101	3	0
456	672	1	0
456	443	4	0
456	616	3	0
457	443	4	0
457	200	5	0
457	208	4	0
457	559	4	0
457	219	4	0
457	288	4	0
457	452	3	0
457	234	5	0
457	436	4	0
457	569	3	0
457	453	2	0
457	448	4	0
457	183	5	0
457	185	5	0
458	307	4	0
458	183	4	0
458	234	4	0
458	208	4	0
458	288	3	0
459	123	3	0
459	307	5	0
460	307	4	0
460	288	2	0
461	682	1	0
462	682	5	0
462	895	4	0
462	288	5	0
463	288	1	0
463	1199	1	0
464	288	4	0
464	307	5	0
466	885	2	0
466	17	5	0
466	184	4	0
466	682	1	0
466	288	4	0
466	183	3	0
466	895	3	0
467	288	4	0
468	200	4	0
470	288	4	0
472	559	5	0
472	343	5	0
472	101	5	0
472	234	4	0
472	928	4	0
472	569	4	0
472	672	4	0
472	123	4	0
472	208	5	0
472	200	4	0
472	665	4	0
472	185	5	0
472	895	4	0
472	561	5	0
472	443	4	0
472	682	4	0
472	217	5	0
472	834	3	0
472	288	5	0
472	183	5	0
472	567	4	0
474	448	5	0
474	671	3	0
474	185	5	0
474	183	5	0
474	234	5	0
474	208	3	0
474	200	3	0
474	288	3	0
474	616	4	0
474	343	3	0
474	436	3	0
476	208	5	0
476	201	4	0
476	343	4	0
476	288	4	0
478	219	2	0
478	447	4	0
478	616	4	0
478	17	2	0
478	288	5	0
479	436	4	0
479	101	4	0
479	670	3	0
479	183	5	0
479	201	4	0
479	185	4	0
479	234	5	0
479	200	5	0
479	288	3	0
479	616	4	0
480	185	2	0
480	208	2	0
480	443	4	0
480	234	4	0
480	183	4	0
482	288	3	0
482	682	3	0
483	101	2	0
484	665	4	0
484	183	4	0
484	234	4	0
484	343	2	0
485	288	3	0
485	307	3	0
486	288	4	0
486	123	3	0
486	307	3	0
487	559	3	0
487	17	3	0
487	288	4	0
487	183	5	0
487	672	4	0
488	288	2	0
488	234	4	0
488	208	4	0
488	183	4	0
488	185	4	0
488	200	2	0
489	353	4	0
489	288	4	0
489	351	5	0
489	682	4	0
489	1243	4	0
489	307	4	0
489	895	4	0
489	681	3	0
489	885	4	0
489	343	5	0
490	123	2	0
492	185	3	0
493	288	4	0
493	208	4	0
493	201	5	0
493	234	5	0
493	343	3	0
493	183	5	0
494	183	5	0
495	559	4	0
495	1157	4	0
495	448	5	0
495	671	2	0
495	101	5	0
495	217	5	0
495	185	5	0
495	452	2	0
495	447	4	0
495	637	3	0
495	441	3	0
495	674	3	0
495	234	5	0
495	84	3	0
495	184	5	0
495	573	4	0
495	183	5	0
495	616	4	0
495	444	3	0
495	219	4	0
495	200	5	0
495	208	5	0
495	413	5	0
495	288	4	0
495	201	2	0
495	379	5	0
495	590	4	0
495	665	1	0
496	559	5	0
496	183	2	0
496	443	2	0
496	217	5	0
496	17	3	0
496	774	5	0
496	561	5	0
496	288	2	0
496	1157	1	0
497	441	2	0
497	200	3	0
497	590	2	0
497	665	2	0
497	1157	2	0
497	288	2	0
497	217	4	0
497	413	3	0
497	559	4	0
497	183	4	0
497	440	1	0
497	452	2	0
497	123	3	0
497	185	3	0
497	928	3	0
497	234	2	0
497	184	3	0
497	101	4	0
497	774	4	0
497	208	3	0
497	1052	2	0
497	569	2	0
498	447	3	0
498	288	3	0
498	675	4	0
498	185	4	0
498	183	4	0
498	448	4	0
498	443	3	0
498	234	4	0
499	307	4	0
499	183	4	0
499	208	4	0
500	396	3	0
500	443	4	0
500	183	4	0
500	208	4	0
500	559	4	0
500	665	3	0
500	448	3	0
500	217	4	0
500	234	3	0
500	569	4	0
501	307	4	0
501	288	4	0
501	928	3	0
501	406	3	0
502	681	1	0
502	307	4	0
502	288	5	0
502	682	5	0
502	895	4	0
502	343	5	0
503	234	5	0
503	183	5	0
503	443	5	0
503	452	1	0
503	185	5	0
503	561	5	0
504	200	4	0
504	396	2	0
504	452	2	0
504	561	4	0
504	208	4	0
504	667	3	0
504	563	3	0
504	443	3	0
504	834	2	0
504	616	4	0
504	928	4	0
504	185	5	0
504	567	2	0
504	288	5	0
504	447	4	0
504	307	4	0
504	183	3	0
504	234	3	0
504	448	5	0
504	441	4	0
504	84	3	0
504	440	3	0
504	219	3	0
504	559	5	0
505	307	4	0
505	123	3	0
505	183	3	0
506	200	4	0
506	183	5	0
506	447	4	0
506	443	4	0
506	665	2	0
506	234	5	0
506	208	4	0
507	288	5	0
507	343	5	0
507	682	5	0
507	307	5	0
507	895	5	0
508	208	5	0
508	234	4	0
508	101	5	0
508	443	4	0
508	436	4	0
508	200	4	0
508	185	5	0
508	219	1	0
508	183	5	0
509	307	2	0
509	343	3	0
509	288	5	0
510	288	3	0
510	681	1	0
511	343	3	0
511	895	4	0
511	682	4	0
511	288	4	0
512	183	5	0
514	682	4	0
514	183	3	0
514	234	3	0
514	200	2	0
514	208	4	0
514	185	3	0
514	307	4	0
515	307	4	0
515	682	4	0
515	288	4	0
515	895	4	0
518	123	2	0
518	288	3	0
519	682	1	0
519	895	4	0
519	288	4	0
519	351	5	0
521	17	1	0
521	184	4	0
521	343	3	0
521	288	3	0
521	208	3	0
521	183	3	0
522	200	4	0
522	208	5	0
523	208	5	0
524	185	4	0
524	443	4	0
524	559	3	0
524	208	5	0
524	573	4	0
524	928	4	0
524	436	4	0
524	670	4	0
524	447	5	0
524	234	4	0
524	895	4	0
524	184	1	0
525	123	3	0
525	928	3	0
525	288	4	0
526	288	4	0
526	123	3	0
526	307	2	0
526	343	3	0
527	200	3	0
527	185	5	0
527	234	5	0
527	208	4	0
527	671	5	0
527	201	3	0
527	183	5	0
528	185	4	0
529	307	5	0
529	682	4	0
529	343	3	0
529	288	4	0
530	183	4	0
530	443	4	0
531	895	2	0
531	288	1	0
532	895	3	0
532	452	5	0
532	234	5	0
532	448	4	0
532	559	5	0
532	447	4	0
532	682	4	0
532	307	4	0
532	834	4	0
532	1199	3	0
532	353	2	0
532	453	4	0
533	288	2	0
533	443	3	0
533	208	4	0
533	234	2	0
534	288	4	0
534	1052	4	0
534	1199	5	0
535	185	4	0
535	447	5	0
536	234	4	0
536	436	3	0
536	561	3	0
536	443	3	0
536	183	3	0
536	441	2	0
536	84	4	0
536	217	3	0
537	101	2	0
537	200	3	0
537	443	3	0
537	682	1	0
537	185	4	0
537	208	4	0
537	573	2	0
537	343	2	0
537	670	2	0
537	445	3	0
537	681	1	0
537	447	3	0
537	569	2	0
537	201	3	0
537	288	2	0
537	675	3	0
537	307	3	0
537	616	2	0
537	183	3	0
537	123	2	0
537	448	3	0
537	234	3	0
537	928	1	0
537	184	3	0
538	208	3	0
538	234	3	0
538	183	4	0
539	185	4	0
540	343	4	0
541	234	5	0
541	452	3	0
542	396	4	0
542	208	4	0
542	288	2	0
543	185	4	0
543	234	4	0
543	183	4	0
543	200	4	0
543	1199	2	0
543	443	4	0
544	288	2	0
544	343	2	0
545	217	5	0
545	219	2	0
545	101	4	0
545	551	4	0
545	234	3	0
545	444	3	0
545	208	3	0
545	447	3	0
545	665	3	0
545	17	3	0
545	563	3	0
545	379	4	0
545	183	4	0
545	413	4	0
545	569	3	0
546	17	4	0
546	288	4	0
546	567	4	0
546	343	3	0
546	447	3	0
546	816	3	0
546	672	3	0
546	234	4	0
546	928	4	0
546	379	4	0
546	895	3	0
546	682	3	0
546	665	2	0
546	860	4	0
546	436	5	0
546	219	5	0
546	569	4	0
546	200	5	0
546	413	4	0
546	590	4	0
546	185	4	0
548	413	3	0
548	928	3	0
548	234	4	0
548	443	4	0
548	183	5	0
548	185	5	0
548	343	4	0
548	307	4	0
548	17	3	0
548	288	3	0
549	288	4	0
550	288	5	0
550	682	4	0
551	672	1	0
551	217	1	0
551	895	3	0
551	351	3	0
551	183	4	0
551	616	5	0
551	774	5	0
551	561	5	0
551	234	4	0
551	559	5	0
551	447	5	0
551	288	4	0
551	17	5	0
551	219	5	0
551	448	4	0
551	84	1	0
551	307	4	0
551	343	4	0
551	184	1	0
551	200	4	0
551	185	5	0
552	123	3	0
552	288	2	0
553	307	4	0
553	559	3	0
554	288	3	0
555	288	3	0
556	288	4	0
557	343	4	0
557	307	5	0
557	288	1	0
557	682	2	0
560	201	3	0
560	183	5	0
560	928	3	0
560	123	2	0
560	288	4	0
561	201	3	0
561	928	2	0
561	559	1	0
561	616	3	0
561	234	3	0
561	343	4	0
561	184	3	0
561	895	1	0
561	671	3	0
561	219	1	0
561	183	5	0
561	447	3	0
561	185	4	0
561	200	4	0
561	675	3	0
561	665	3	0
561	436	4	0
561	443	4	0
561	217	3	0
561	17	2	0
561	379	2	0
562	443	5	0
562	234	5	0
562	185	5	0
566	234	3	0
566	288	3	0
566	219	1	0
566	443	4	0
567	183	4	0
567	185	5	0
567	234	3	0
567	675	4	0
568	185	4	0
568	234	3	0
569	288	3	0
570	288	2	0
573	185	3	0
573	183	3	0
574	288	4	0
576	208	3	0
577	665	4	0
577	559	3	0
577	217	5	0
577	208	4	0
577	183	5	0
577	436	4	0
577	234	3	0
577	447	3	0
577	200	3	0
577	561	4	0
577	443	4	0
577	307	3	0
577	452	3	0
578	343	2	0
578	288	3	0
579	183	4	0
579	234	3	0
579	288	4	0
580	343	5	0
580	288	5	0
580	123	4	0
582	288	3	0
583	200	5	0
586	200	4	0
586	559	5	0
586	183	4	0
586	928	3	0
586	185	2	0
586	217	5	0
586	219	3	0
586	436	2	0
586	288	4	0
586	452	3	0
586	234	3	0
586	123	3	0
586	800	3	0
586	379	4	0
586	672	2	0
586	17	5	0
586	569	3	0
586	551	2	0
586	665	3	0
586	184	2	0
587	681	2	0
587	895	4	0
587	343	4	0
587	682	3	0
587	307	4	0
587	1625	4	0
587	351	2	0
587	288	4	0
587	353	2	0
588	447	3	0
588	208	3	0
588	561	3	0
588	443	3	0
588	288	4	0
588	184	4	0
588	307	4	0
588	217	4	0
588	234	5	0
588	559	5	0
588	928	4	0
589	682	4	0
589	307	1	0
589	288	5	0
589	895	5	0
592	185	5	0
592	885	2	0
592	682	4	0
592	201	5	0
592	854	5	0
592	123	4	0
592	895	3	0
592	307	4	0
592	443	5	0
592	234	5	0
592	288	5	0
592	681	1	0
592	343	3	0
592	1199	5	0
592	184	5	0
592	183	5	0
592	853	5	0
593	200	5	0
593	234	2	0
593	288	4	0
593	183	4	0
595	928	3	0
595	288	3	0
596	123	2	0
596	288	4	0
596	895	3	0
596	682	4	0
598	343	2	0
598	895	2	0
599	682	4	0
599	288	4	0
599	928	4	0
600	183	5	0
600	184	3	0
600	665	5	0
601	234	1	0
601	443	4	0
601	183	4	0
601	834	1	0
601	201	5	0
601	288	1	0
601	184	3	0
601	123	1	0
601	671	4	0
601	436	4	0
601	185	4	0
601	928	1	0
601	406	2	0
601	208	4	0
602	343	2	0
602	895	3	0
603	288	3	0
603	183	4	0
604	200	1	0
604	447	4	0
604	183	3	0
604	672	1	0
604	413	3	0
604	234	5	0
604	184	3	0
604	637	4	0
604	288	3	0
604	201	3	0
604	443	3	0
604	670	5	0
604	185	2	0
604	448	5	0
604	567	5	0
604	444	2	0
604	441	2	0
605	288	5	0
606	816	2	0
606	208	3	0
606	1199	3	0
606	185	3	0
606	184	5	0
606	201	4	0
606	307	4	0
606	637	3	0
606	123	3	0
606	288	4	0
606	441	4	0
606	183	5	0
606	234	4	0
606	200	5	0
606	928	4	0
608	448	5	0
608	185	5	0
608	288	5	0
608	234	5	0
608	443	5	0
609	288	2	0
610	185	5	0
610	288	3	0
610	183	4	0
611	307	4	0
611	353	3	0
611	288	3	0
611	1243	3	0
613	1157	2	0
614	288	2	0
615	208	4	0
615	666	2	0
616	895	3	0
616	288	4	0
616	307	2	0
616	343	4	0
617	669	1	0
617	859	3	0
617	452	1	0
617	573	4	0
617	816	1	0
617	441	3	0
617	444	4	0
617	670	1	0
617	440	4	0
617	217	1	0
617	424	1	0
617	635	4	0
617	854	1	0
617	637	3	0
617	860	1	0
617	590	1	0
617	569	1	0
617	200	5	0
617	17	1	0
617	447	4	0
617	563	1	0
617	288	1	0
617	453	1	0
617	436	3	0
617	234	3	0
617	396	1	0
617	219	4	0
617	565	4	0
617	567	2	0
617	201	1	0
617	668	4	0
617	183	4	0
617	675	4	0
617	184	1	0
617	446	2	0
617	672	3	0
617	767	3	0
617	667	2	0
617	559	1	0
617	448	3	0
617	671	4	0
617	774	1	0
617	443	4	0
617	674	3	0
617	185	5	0
617	413	1	0
618	183	4	0
618	443	4	0
618	123	2	0
618	200	5	0
618	895	3	0
618	559	3	0
618	234	4	0
618	288	3	0
618	185	5	0
619	183	5	0
619	665	5	0
619	307	2	0
619	288	3	0
619	17	1	0
619	406	2	0
620	565	4	0
620	859	4	0
620	895	3	0
620	406	4	0
620	674	3	0
620	928	5	0
620	706	3	0
620	101	2	0
620	834	2	0
620	452	3	0
620	682	2	0
620	444	3	0
620	234	3	0
620	123	3	0
620	379	4	0
620	288	4	0
620	563	5	0
621	208	4	0
621	200	4	0
621	561	4	0
621	17	4	0
621	123	4	0
621	559	5	0
621	184	3	0
621	567	3	0
621	183	4	0
622	185	3	0
622	217	4	0
622	183	4	0
622	101	5	0
622	674	2	0
622	184	5	0
622	665	2	0
622	396	1	0
623	185	4	0
623	288	1	0
623	183	3	0
623	234	4	0
624	123	3	0
624	288	4	0
624	307	3	0
624	928	3	0
625	200	3	0
625	183	3	0
625	208	3	0
626	288	3	0
626	681	1	0
626	682	3	0
627	288	3	0
627	17	2	0
627	123	3	0
627	665	3	0
627	184	4	0
627	183	5	0
628	288	5	0
629	288	4	0
629	307	5	0
629	200	4	0
629	234	4	0
630	123	4	0
630	288	4	0
630	895	4	0
631	307	4	0
631	288	3	0
631	682	2	0
632	17	3	0
632	234	3	0
632	288	3	0
632	201	4	0
632	183	4	0
632	184	5	0
633	665	3	0
633	234	4	0
633	183	4	0
633	288	2	0
634	1199	1	0
634	288	3	0
635	682	2	0
635	307	4	0
638	234	4	0
638	183	4	0
638	185	5	0
640	184	5	0
640	201	4	0
642	447	4	0
642	565	4	0
642	444	1	0
642	217	2	0
642	441	1	0
642	559	5	0
642	208	5	0
642	569	2	0
642	234	1	0
642	443	2	0
642	452	1	0
642	928	5	0
642	288	1	0
643	443	4	0
643	200	3	0
643	288	4	0
643	671	4	0
643	219	5	0
643	183	5	0
643	928	4	0
643	436	4	0
643	447	4	0
643	665	3	0
643	448	3	0
643	234	4	0
643	208	5	0
643	185	5	0
643	674	3	0
644	307	4	0
645	447	3	0
645	208	5	0
645	200	5	0
645	183	4	0
645	674	3	0
645	185	5	0
645	616	3	0
645	288	3	0
645	675	4	0
645	184	3	0
646	288	3	0
646	895	3	0
646	307	3	0
646	682	3	0
648	443	2	0
648	665	2	0
648	444	3	0
648	452	3	0
648	288	4	0
648	448	3	0
648	183	5	0
648	413	2	0
648	635	2	0
648	217	2	0
648	219	4	0
648	569	3	0
648	561	2	0
648	17	2	0
648	816	1	0
648	671	3	0
648	123	4	0
648	234	5	0
648	564	1	0
648	200	2	0
648	406	3	0
648	184	5	0
648	559	2	0
648	928	4	0
648	563	5	0
648	447	5	0
648	565	3	0
648	185	5	0
648	379	1	0
648	674	3	0
648	675	2	0
648	441	3	0
648	436	5	0
648	208	5	0
648	637	2	0
650	447	3	0
650	208	5	0
650	635	3	0
650	674	4	0
650	928	2	0
650	444	2	0
650	565	3	0
650	637	3	0
650	452	2	0
650	561	3	0
650	551	3	0
650	443	5	0
650	670	3	0
650	665	2	0
650	559	3	0
650	219	3	0
650	217	3	0
650	234	4	0
650	445	4	0
650	183	4	0
650	185	3	0
650	200	4	0
650	671	3	0
650	288	3	0
650	563	3	0
652	288	2	0
652	307	4	0
653	208	3	0
653	573	1	0
653	447	2	0
653	444	1	0
653	200	4	0
653	441	3	0
653	674	3	0
653	448	4	0
653	307	4	0
653	436	1	0
653	670	1	0
653	234	3	0
653	563	1	0
653	183	3	0
653	185	2	0
653	219	1	0
653	101	3	0
654	288	3	0
655	183	4	0
655	670	3	0
655	559	2	0
655	800	2	0
655	208	3	0
655	219	2	0
655	234	3	0
655	307	3	0
655	185	4	0
655	396	2	0
655	895	3	0
655	860	3	0
655	672	2	0
655	443	4	0
655	674	3	0
655	288	3	0
655	448	4	0
655	200	4	0
655	447	4	0
658	201	3	0
659	616	4	0
659	675	4	0
659	447	3	0
659	448	4	0
659	443	5	0
659	185	4	0
659	234	4	0
659	559	1	0
659	670	2	0
659	569	2	0
659	183	4	0
660	559	2	0
660	184	3	0
660	101	3	0
660	569	2	0
660	219	1	0
660	17	1	0
660	307	3	0
660	444	2	0
660	201	3	0
660	123	2	0
660	183	2	0
660	217	2	0
660	208	4	0
660	774	3	0
660	800	2	0
660	84	2	0
660	675	3	0
661	443	4	0
661	200	3	0
661	185	5	0
661	436	4	0
661	219	2	0
661	665	3	0
661	573	3	0
661	183	4	0
663	928	3	0
663	351	2	0
663	895	4	0
663	288	4	0
663	682	3	0
663	183	4	0
663	123	3	0
663	307	4	0
664	183	3	0
664	234	3	0
665	200	4	0
665	234	3	0
665	307	3	0
665	183	4	0
665	343	3	0
665	185	4	0
666	443	4	0
666	288	3	0
666	208	3	0
666	183	5	0
666	185	4	0
666	436	3	0
666	616	3	0
666	200	5	0
666	234	3	0
667	234	2	0
668	895	3	0
668	307	4	0
668	288	4	0
669	208	2	0
669	183	3	0
671	443	3	0
671	234	4	0
671	184	3	0
671	123	5	0
671	379	3	0
671	219	3	0
671	559	4	0
671	452	4	0
671	288	5	0
671	17	4	0
671	201	3	0
673	895	3	0
673	288	4	0
673	307	3	0
674	288	3	0
676	682	1	0
676	288	1	0
676	895	1	0
677	351	2	0
677	307	5	0
677	288	5	0
677	101	5	0
679	288	4	0
679	184	4	0
681	288	1	0
681	682	1	0
682	234	3	0
682	184	4	0
682	559	4	0
682	447	2	0
682	183	3	0
682	185	4	0
682	672	2	0
682	201	4	0
682	288	4	0
682	551	2	0
682	217	4	0
682	379	4	0
682	351	4	0
682	834	3	0
682	17	3	0
682	573	4	0
682	219	2	0
682	443	3	0
682	774	4	0
682	895	4	0
683	307	3	0
683	682	1	0
683	895	2	0
683	288	3	0
684	217	2	0
684	208	3	0
685	288	2	0
686	185	5	0
686	208	5	0
686	234	4	0
687	288	4	0
687	895	4	0
688	682	5	0
688	307	4	0
688	288	5	0
690	208	5	0
690	396	2	0
690	234	4	0
690	443	3	0
691	672	1	0
691	185	5	0
692	208	4	0
693	234	2	0
693	183	2	0
693	185	5	0
693	288	2	0
693	443	2	0
694	185	4	0
694	200	4	0
694	671	3	0
694	183	5	0
694	665	4	0
694	448	3	0
695	895	1	0
695	682	1	0
695	288	4	0
695	343	4	0
695	307	4	0
696	234	4	0
696	307	5	0
697	895	2	0
697	343	4	0
697	123	5	0
697	928	3	0
697	682	2	0
697	288	2	0
697	307	4	0
698	183	3	0
698	307	4	0
699	185	4	0
699	307	3	0
699	288	3	0
699	413	3	0
699	234	3	0
702	288	1	0
702	895	1	0
702	343	2	0
702	307	2	0
703	288	4	0
703	123	4	0
704	185	4	0
704	208	3	0
705	183	2	0
706	288	3	0
706	682	2	0
707	200	2	0
707	443	3	0
707	185	3	0
707	208	5	0
709	17	4	0
709	183	5	0
709	567	2	0
709	860	3	0
709	234	5	0
709	816	2	0
709	637	3	0
709	200	4	0
709	288	5	0
709	441	4	0
709	219	4	0
709	564	1	0
709	559	3	0
709	413	2	0
709	452	3	0
709	672	2	0
709	379	3	0
709	217	5	0
709	569	3	0
709	665	3	0
709	561	3	0
709	859	3	0
709	447	2	0
710	185	4	0
710	343	3	0
710	234	4	0
710	200	4	0
711	559	3	0
711	288	1	0
711	219	2	0
711	200	4	0
711	217	4	0
711	447	4	0
711	343	3	0
711	185	4	0
712	234	2	0
713	307	3	0
715	101	3	0
715	208	3	0
715	288	4	0
715	17	3	0
715	564	2	0
715	234	4	0
715	447	3	0
715	217	2	0
715	183	3	0
716	559	2	0
716	208	5	0
716	234	5	0
716	443	4	0
716	185	5	0
716	183	2	0
716	200	4	0
716	445	3	0
716	675	2	0
717	307	5	0
717	288	1	0
717	343	4	0
719	185	4	0
721	288	3	0
721	406	1	0
721	682	3	0
721	84	3	0
721	681	3	0
722	928	3	0
722	307	4	0
724	288	4	0
724	343	1	0
724	351	1	0
724	307	3	0
724	895	4	0
724	682	1	0
725	288	3	0
727	441	2	0
727	343	3	0
727	616	2	0
727	559	2	0
727	569	2	0
727	201	4	0
727	665	3	0
727	440	1	0
727	424	1	0
727	219	3	0
727	413	2	0
727	635	2	0
727	17	1	0
727	183	3	0
727	234	2	0
727	208	4	0
727	774	3	0
727	217	3	0
727	567	2	0
727	184	3	0
727	123	3	0
727	379	2	0
727	101	2	0
727	928	3	0
727	444	2	0
727	447	3	0
729	288	2	0
731	183	1	0
732	288	4	0
733	288	2	0
734	288	4	0
735	123	3	0
735	288	4	0
738	343	3	0
738	183	5	0
738	234	4	0
738	208	4	0
738	665	2	0
738	200	3	0
739	288	1	0
740	288	4	0
741	234	4	0
741	682	3	0
741	288	4	0
741	17	2	0
743	288	2	0
744	307	4	0
745	183	3	0
746	184	4	0
746	208	4	0
746	183	4	0
747	208	5	0
747	234	5	0
747	675	2	0
747	288	4	0
747	672	4	0
747	17	4	0
747	443	5	0
747	183	5	0
747	185	5	0
748	208	4	0
748	183	4	0
748	234	4	0
748	200	3	0
749	635	1	0
749	448	2	0
749	406	4	0
749	184	2	0
749	200	4	0
749	208	5	0
749	234	4	0
749	637	1	0
749	101	4	0
749	183	5	0
749	443	4	0
749	444	2	0
749	616	3	0
749	185	4	0
750	288	4	0
751	101	4	0
751	559	4	0
751	436	4	0
752	288	5	0
752	307	5	0
752	351	3	0
752	1243	4	0
753	183	1	0
753	185	3	0
754	307	3	0
755	343	3	0
755	288	1	0
756	183	4	0
756	234	3	0
756	123	2	0
756	860	1	0
757	217	3	0
757	561	2	0
757	559	4	0
757	665	3	0
757	17	3	0
757	288	4	0
757	343	3	0
757	895	4	0
757	569	3	0
757	183	4	0
757	101	4	0
758	1052	5	0
758	447	4	0
758	307	3	0
758	288	4	0
758	665	2	0
758	567	4	0
758	353	4	0
758	208	4	0
758	184	5	0
758	569	3	0
758	895	4	0
758	234	4	0
758	448	4	0
758	200	5	0
758	183	5	0
758	217	2	0
758	185	4	0
758	441	3	0
758	436	3	0
758	123	1	0
758	343	2	0
758	452	3	0
758	616	4	0
760	928	1	0
760	682	3	0
760	183	2	0
760	288	4	0
760	185	2	0
761	1157	5	0
761	201	2	0
761	123	3	0
761	288	4	0
763	234	3	0
763	200	4	0
764	200	4	0
766	219	3	0
766	185	4	0
766	443	3	0
766	234	4	0
766	672	3	0
766	183	4	0
766	396	2	0
766	217	4	0
766	448	3	0
766	208	5	0
766	616	3	0
766	674	3	0
766	675	3	0
766	559	4	0
766	447	3	0
766	436	4	0
767	183	4	0
768	288	4	0
768	895	2	0
768	682	3	0
770	288	4	0
770	123	3	0
772	307	4	0
772	288	2	0
773	217	3	0
773	183	4	0
773	343	1	0
773	200	4	0
773	895	2	0
773	675	5	0
773	559	2	0
773	288	2	0
773	234	2	0
773	184	2	0
773	665	2	0
773	185	4	0
773	567	2	0
774	452	1	0
774	573	2	0
774	561	1	0
774	183	4	0
774	774	1	0
774	448	2	0
774	219	4	0
774	674	2	0
774	559	1	0
774	569	2	0
774	563	1	0
774	447	1	0
774	185	2	0
774	307	1	0
774	208	2	0
774	200	2	0
774	672	1	0
774	567	1	0
774	406	1	0
774	101	2	0
774	444	1	0
774	834	1	0
774	413	1	0
774	436	2	0
774	453	2	0
774	217	2	0
774	201	2	0
774	234	2	0
775	343	4	0
775	307	4	0
776	440	2	0
776	674	3	0
776	551	3	0
776	559	4	0
776	675	3	0
776	706	3	0
776	816	2	0
776	590	1	0
776	219	3	0
776	569	3	0
776	564	3	0
776	185	4	0
776	217	4	0
776	438	2	0
776	667	2	0
776	184	4	0
776	670	3	0
776	439	1	0
776	441	2	0
776	444	2	0
776	437	1	0
776	443	3	0
776	637	3	0
776	436	4	0
776	567	2	0
776	442	2	0
776	200	4	0
776	234	5	0
776	672	3	0
776	860	3	0
776	635	4	0
777	288	4	0
778	616	4	0
778	200	5	0
778	219	3	0
778	441	3	0
778	234	3	0
779	447	4	0
780	208	3	0
780	183	2	0
781	288	2	0
782	288	4	0
782	307	4	0
782	343	2	0
782	1477	3	0
782	681	3	0
782	1243	3	0
782	351	3	0
782	682	4	0
782	885	3	0
782	895	4	0
783	288	3	0
783	307	5	0
783	895	4	0
783	343	5	0
784	307	4	0
785	288	3	0
785	183	5	0
786	200	5	0
786	208	5	0
786	183	4	0
786	234	3	0
787	307	4	0
787	288	1	0
787	351	3	0
787	681	3	0
788	637	2	0
788	670	3	0
788	234	3	0
788	447	3	0
788	200	4	0
788	448	2	0
788	443	4	0
788	665	2	0
788	444	3	0
788	445	4	0
788	183	5	0
788	185	4	0
788	436	3	0
788	561	3	0
789	288	3	0
790	774	4	0
790	208	3	0
790	217	4	0
790	559	3	0
790	184	3	0
790	561	3	0
790	436	4	0
790	183	4	0
790	123	3	0
790	17	2	0
790	288	4	0
790	928	3	0
790	665	3	0
791	288	3	0
793	406	2	0
793	928	3	0
793	288	4	0
795	201	4	0
795	234	4	0
795	184	4	0
795	208	4	0
795	1199	3	0
795	436	3	0
795	17	2	0
795	200	3	0
795	559	2	0
795	217	1	0
795	567	2	0
795	675	3	0
795	219	3	0
795	928	1	0
795	564	1	0
795	123	4	0
795	1052	3	0
796	183	5	0
796	573	4	0
796	443	2	0
796	234	2	0
796	200	5	0
796	559	3	0
796	672	3	0
796	307	4	0
796	185	4	0
796	447	3	0
796	928	2	0
796	859	2	0
796	184	1	0
796	217	4	0
796	665	2	0
796	219	4	0
796	448	4	0
796	564	1	0
796	565	3	0
796	396	2	0
797	307	2	0
798	444	2	0
798	443	3	0
798	671	2	0
798	839	4	0
798	563	2	0
798	208	3	0
799	307	3	0
801	682	5	0
801	288	5	0
801	343	4	0
801	895	5	0
801	307	4	0
801	681	1	0
802	424	2	0
802	567	4	0
802	441	3	0
802	201	4	0
802	452	4	0
802	445	3	0
802	219	5	0
802	440	3	0
802	288	3	0
802	573	4	0
802	559	2	0
802	563	3	0
802	217	3	0
802	674	2	0
802	448	3	0
802	436	4	0
802	672	3	0
802	670	4	0
802	665	4	0
802	669	1	0
802	565	3	0
802	444	4	0
802	183	5	0
802	681	4	0
802	234	5	0
802	396	2	0
802	379	4	0
802	413	4	0
802	200	4	0
802	185	3	0
802	569	3	0
802	447	2	0
802	443	4	0
802	184	4	0
803	307	4	0
804	123	4	0
804	208	5	0
804	928	4	0
804	443	5	0
804	637	3	0
804	573	3	0
804	184	5	0
804	200	3	0
804	219	3	0
804	675	3	0
804	447	3	0
804	448	3	0
804	288	1	0
804	436	5	0
804	444	4	0
804	445	4	0
804	234	4	0
804	185	4	0
804	671	3	0
804	84	3	0
804	413	4	0
804	183	4	0
804	396	3	0
804	674	4	0
804	379	3	0
804	559	3	0
804	616	3	0
804	406	3	0
804	307	4	0
804	1056	4	0
804	670	4	0
805	183	5	0
805	17	4	0
805	447	4	0
805	443	5	0
805	200	5	0
805	569	1	0
805	343	5	0
805	101	2	0
805	396	4	0
805	288	1	0
805	559	3	0
805	123	4	0
805	413	2	0
805	217	2	0
805	436	3	0
805	665	4	0
805	452	3	0
805	928	3	0
805	234	5	0
805	1157	5	0
805	406	1	0
805	185	5	0
806	288	3	0
806	200	4	0
806	234	4	0
806	675	3	0
806	17	4	0
806	343	3	0
807	208	4	0
807	234	3	0
807	101	4	0
808	288	3	0
809	307	5	0
810	288	3	0
811	307	4	0
811	895	5	0
812	682	4	0
812	288	4	0
813	307	4	0
814	444	2	0
814	184	3	0
814	565	3	0
814	448	3	0
814	675	3	0
814	288	4	0
814	674	3	0
814	443	3	0
814	635	2	0
814	559	3	0
814	413	2	0
814	447	3	0
814	665	4	0
814	219	4	0
814	441	2	0
814	17	3	0
814	234	3	0
814	201	2	0
814	185	3	0
814	436	3	0
814	672	3	0
814	669	3	0
814	590	2	0
814	200	4	0
814	667	2	0
815	444	2	0
815	665	2	0
815	185	3	0
815	671	4	0
815	217	3	0
815	200	5	0
815	183	5	0
815	675	2	0
815	1157	2	0
815	559	3	0
815	616	1	0
815	436	3	0
815	443	3	0
816	288	4	0
816	343	4	0
817	288	4	0
817	928	3	0
818	288	5	0
820	288	5	0
820	343	4	0
820	895	2	0
821	234	5	0
822	101	2	0
823	17	4	0
823	219	2	0
823	183	4	0
823	184	3	0
823	217	3	0
823	101	3	0
823	234	4	0
824	288	3	0
825	1199	4	0
825	928	3	0
825	406	2	0
825	288	1	0
825	307	4	0
825	413	3	0
826	288	3	0
826	665	5	0
826	343	5	0
826	101	5	0
826	183	5	0
826	184	3	0
827	288	3	0
827	343	4	0
828	288	3	0
828	895	2	0
828	1056	1	0
830	413	1	0
830	288	1	0
830	183	4	0
830	424	1	0
830	834	1	0
831	288	1	0
831	208	2	0
831	307	2	0
832	307	4	0
832	288	3	0
832	895	2	0
832	681	2	0
833	445	4	0
833	671	5	0
833	234	3	0
833	441	1	0
833	667	1	0
833	861	3	0
833	183	5	0
833	447	5	0
833	443	3	0
833	184	3	0
833	201	4	0
833	452	1	0
833	665	3	0
833	185	5	0
833	208	3	0
833	379	2	0
833	616	5	0
833	670	1	0
833	396	3	0
833	288	2	0
833	860	2	0
833	854	4	0
833	217	2	0
833	573	1	0
833	448	3	0
833	444	3	0
833	436	2	0
833	675	4	0
833	219	4	0
833	200	4	0
833	928	2	0
834	343	4	0
834	307	4	0
834	288	5	0
835	288	2	0
835	185	4	0
835	183	4	0
835	616	4	0
835	928	3	0
835	234	5	0
835	200	4	0
836	185	5	0
836	288	1	0
839	123	3	0
840	637	3	0
840	234	5	0
840	616	5	0
840	185	5	0
840	671	3	0
840	208	4	0
840	675	4	0
840	183	5	0
840	443	5	0
841	288	3	0
841	353	1	0
841	307	5	0
842	288	3	0
843	667	2	0
843	413	2	0
843	569	1	0
843	447	2	0
843	444	2	0
843	219	2	0
843	675	5	0
843	208	3	0
843	288	4	0
843	379	2	0
843	446	3	0
843	561	4	0
843	563	2	0
843	234	4	0
843	800	4	0
843	551	3	0
843	1157	3	0
843	101	3	0
843	200	3	0
843	443	4	0
843	637	2	0
843	440	1	0
843	672	3	0
843	590	3	0
843	616	3	0
843	860	3	0
843	185	3	0
843	635	2	0
843	441	2	0
843	436	2	0
843	671	3	0
843	217	4	0
843	448	4	0
843	665	3	0
843	452	2	0
843	674	2	0
843	183	5	0
844	184	3	0
846	219	4	0
846	234	5	0
846	183	4	0
846	452	3	0
846	101	4	0
846	569	3	0
846	616	3	0
846	565	2	0
846	396	5	0
846	200	4	0
846	208	5	0
846	448	5	0
846	559	5	0
846	185	5	0
846	217	4	0
846	436	4	0
846	441	4	0
846	561	3	0
846	674	4	0
846	665	4	0
846	288	4	0
846	675	2	0
846	184	5	0
846	672	4	0
846	443	4	0
847	448	4	0
847	928	3	0
847	288	4	0
847	567	3	0
847	444	3	0
847	183	4	0
847	185	2	0
847	219	4	0
847	234	2	0
847	200	3	0
847	447	3	0
848	185	3	0
848	234	4	0
848	443	5	0
848	183	3	0
848	200	2	0
849	234	5	0
849	406	4	0
849	288	5	0
849	928	5	0
850	208	5	0
851	123	4	0
851	307	4	0
851	343	2	0
851	564	3	0
851	895	3	0
851	406	2	0
851	17	5	0
851	682	1	0
851	681	1	0
851	353	3	0
851	234	4	0
852	681	4	0
852	1052	4	0
853	307	1	0
853	288	4	0
853	682	4	0
854	616	4	0
854	928	3	0
854	185	4	0
854	288	5	0
854	123	1	0
854	343	3	0
854	200	5	0
856	307	4	0
858	307	3	0
859	288	4	0
859	928	3	0
860	307	3	0
862	767	4	0
862	559	4	0
862	200	5	0
862	436	4	0
862	928	4	0
862	288	5	0
862	185	5	0
862	184	2	0
862	413	4	0
862	406	4	0
862	201	3	0
862	183	5	0
862	208	2	0
862	1199	2	0
863	885	1	0
863	682	3	0
863	895	5	0
863	288	4	0
863	1243	4	0
863	343	5	0
863	307	5	0
864	234	4	0
864	183	4	0
864	569	3	0
864	561	4	0
864	184	4	0
864	563	3	0
864	219	4	0
864	217	4	0
864	443	4	0
864	288	5	0
864	800	1	0
864	343	5	0
864	665	3	0
864	672	2	0
864	200	4	0
864	123	4	0
864	208	4	0
864	201	5	0
864	559	4	0
865	101	1	0
865	928	1	0
867	183	3	0
868	183	5	0
868	234	4	0
868	436	3	0
868	208	3	0
868	101	4	0
868	201	2	0
868	219	2	0
868	452	2	0
868	447	2	0
868	184	3	0
868	448	2	0
868	200	3	0
868	854	4	0
868	567	1	0
868	217	2	0
869	288	3	0
870	185	4	0
870	559	2	0
870	17	4	0
870	569	2	0
870	219	2	0
870	447	4	0
870	288	4	0
870	208	4	0
870	443	3	0
870	396	3	0
871	307	3	0
871	183	3	0
871	895	3	0
871	17	3	0
872	895	5	0
872	682	3	0
872	928	2	0
872	288	5	0
873	307	3	0
875	183	5	0
875	288	4	0
875	185	4	0
876	288	3	0
877	307	3	0
877	288	3	0
877	185	4	0
878	234	1	0
880	1052	1	0
880	928	2	0
880	288	4	0
880	184	4	0
880	201	4	0
880	1157	4	0
880	379	4	0
880	396	2	0
880	208	5	0
880	123	4	0
880	307	4	0
880	185	5	0
880	17	3	0
880	217	4	0
880	200	4	0
880	234	5	0
881	185	5	0
881	443	5	0
881	183	4	0
881	217	3	0
881	441	2	0
881	234	3	0
881	561	4	0
881	573	3	0
881	671	3	0
881	200	2	0
881	208	3	0
881	559	2	0
881	447	4	0
882	185	5	0
882	559	3	0
882	183	4	0
882	208	5	0
882	288	3	0
882	1052	2	0
882	616	4	0
882	101	3	0
883	183	5	0
883	185	5	0
883	208	4	0
883	561	3	0
883	559	3	0
883	396	2	0
883	234	4	0
883	665	4	0
885	208	3	0
886	396	2	0
886	288	4	0
886	559	2	0
886	101	4	0
886	217	2	0
886	184	4	0
886	200	3	0
886	17	4	0
886	208	3	0
886	183	5	0
886	234	3	0
886	201	3	0
887	928	5	0
887	443	4	0
887	200	1	0
887	288	4	0
887	559	4	0
887	84	4	0
887	839	4	0
887	183	1	0
889	436	3	0
889	217	4	0
889	208	4	0
889	183	3	0
889	219	2	0
889	17	4	0
889	185	4	0
889	234	4	0
890	208	5	0
890	444	4	0
890	667	2	0
890	447	3	0
890	452	2	0
890	234	5	0
890	675	5	0
890	637	3	0
890	185	5	0
890	436	3	0
890	671	5	0
890	200	4	0
890	101	2	0
890	183	3	0
890	448	2	0
890	443	4	0
890	674	3	0
892	208	4	0
892	671	5	0
892	441	3	0
892	183	5	0
892	288	4	0
892	436	3	0
892	447	3	0
892	184	4	0
893	288	3	0
893	928	3	0
894	343	2	0
894	307	3	0
894	885	2	0
894	288	3	0
895	885	2	0
896	637	2	0
896	379	2	0
896	183	4	0
896	674	2	0
896	569	2	0
896	800	3	0
896	928	3	0
896	101	3	0
896	217	2	0
896	774	3	0
896	343	1	0
896	307	3	0
896	895	2	0
896	184	3	0
896	616	3	0
896	201	3	0
896	219	3	0
896	672	2	0
896	436	3	0
896	123	3	0
896	559	3	0
896	665	1	0
896	288	3	0
896	234	4	0
896	200	4	0
896	452	3	0
897	928	5	0
897	234	5	0
897	670	3	0
897	208	5	0
897	200	5	0
897	406	3	0
897	201	5	0
897	183	5	0
897	443	5	0
897	436	4	0
897	288	5	0
897	185	5	0
897	184	4	0
897	616	5	0
898	288	4	0
898	343	3	0
899	200	4	0
899	208	3	0
899	234	4	0
900	200	2	0
900	834	1	0
900	183	3	0
900	288	2	0
901	436	4	0
901	447	3	0
901	234	4	0
901	443	3	0
902	307	3	0
903	288	4	0
903	185	5	0
903	443	5	0
903	183	4	0
903	928	2	0
903	234	4	0
904	682	4	0
904	288	4	0
906	307	3	0
907	1157	5	0
907	928	5	0
907	185	4	0
907	288	5	0
907	123	4	0
908	123	3	0
908	447	3	0
908	185	4	0
908	288	4	0
908	200	2	0
908	183	4	0
909	682	3	0
910	183	4	0
910	307	2	0
910	288	3	0
911	208	4	0
911	185	5	0
911	183	4	0
911	443	4	0
912	443	4	0
912	616	3	0
912	185	3	0
913	185	4	0
913	288	2	0
913	183	4	0
913	234	4	0
913	184	3	0
913	200	5	0
913	436	3	0
913	343	1	0
915	307	3	0
915	288	2	0
916	217	4	0
916	101	3	0
916	234	4	0
916	123	3	0
916	219	3	0
916	559	3	0
916	569	2	0
916	767	4	0
916	674	3	0
916	183	4	0
916	561	3	0
916	17	4	0
918	208	3	0
918	443	3	0
919	681	2	0
919	406	3	0
919	447	4	0
919	217	4	0
919	201	4	0
919	288	4	0
919	183	3	0
919	564	2	0
919	200	4	0
919	343	4	0
919	307	4	0
919	895	4	0
920	307	3	0
920	682	3	0
920	288	3	0
921	185	3	0
921	288	3	0
922	217	3	0
922	219	1	0
922	406	4	0
922	200	3	0
922	183	3	0
922	834	1	0
922	184	3	0
922	1157	2	0
922	447	1	0
922	288	2	0
923	928	4	0
923	288	5	0
923	307	4	0
924	288	3	0
924	200	4	0
925	217	2	0
925	563	2	0
925	288	5	0
925	200	2	0
925	672	3	0
925	682	4	0
925	816	3	0
925	185	4	0
925	567	3	0
925	561	3	0
925	559	3	0
925	447	4	0
925	788	3	0
925	219	3	0
926	288	3	0
927	928	4	0
927	217	1	0
927	288	5	0
928	288	3	0
929	185	5	0
930	288	1	0
932	101	3	0
932	616	5	0
932	447	3	0
932	441	2	0
932	448	2	0
932	443	4	0
932	183	4	0
932	675	4	0
932	234	3	0
932	1573	4	0
932	665	2	0
932	671	3	0
932	185	4	0
932	208	5	0
932	436	3	0
932	379	2	0
933	184	1	0
933	219	1	0
933	561	3	0
933	447	2	0
933	559	2	0
933	665	1	0
933	424	1	0
933	441	2	0
933	453	1	0
933	452	1	0
933	569	1	0
933	834	1	0
933	234	3	0
933	183	4	0
933	200	4	0
934	436	3	0
934	674	4	0
934	675	4	0
934	573	2	0
934	234	2	0
934	183	2	0
934	208	5	0
936	928	3	0
936	343	3	0
936	1199	4	0
938	343	4	0
938	928	5	0
938	406	3	0
938	288	5	0
939	424	3	0
940	343	2	0
940	183	3	0
940	200	3	0
940	436	4	0
942	183	3	0
942	200	4	0
942	234	4	0
943	559	4	0
943	234	3	0
943	184	5	0
943	201	5	0
943	928	5	0
943	406	3	0
943	816	4	0
943	443	2	0
943	219	4	0
943	217	3	0
943	672	5	0
943	569	2	0
943	185	2	0
943	200	4	0
