1	209	4	0
1	143	1	0
1	99	3	0
1	71	3	0
1	142	2	0
1	155	2	0
1	21	1	0
1	95	4	0
1	132	4	0
1	214	4	0
1	186	4	0
1	91	5	0
1	103	1	0
2	289	3	0
3	352	2	0
3	319	2	0
4	362	5	0
5	21	3	0
5	214	3	0
5	99	3	0
5	419	3	0
5	209	5	0
5	95	4	0
5	420	3	0
5	432	4	0
5	143	3	0
5	186	5	0
5	418	3	0
5	451	1	0
6	501	5	0
6	21	3	0
6	432	4	0
6	209	4	0
6	419	4	0
6	143	2	0
6	95	2	0
6	132	5	0
6	538	2	0
6	186	4	0
6	71	4	0
6	473	2	0
6	485	5	0
7	610	5	0
7	542	4	0
7	432	4	0
7	624	4	0
7	132	5	0
7	186	4	0
7	543	3	0
7	557	4	0
7	629	3	0
7	419	3	0
7	142	3	0
7	420	5	0
7	451	5	0
7	214	5	0
7	143	3	0
7	596	5	0
7	418	4	0
7	605	4	0
7	99	5	0
7	630	5	0
7	501	5	0
7	602	3	0
7	485	5	0
7	71	5	0
7	588	4	0
7	91	3	0
10	132	5	0
10	319	3	0
10	155	4	0
10	602	5	0
10	705	4	0
10	610	4	0
10	289	4	0
10	629	4	0
10	99	5	0
10	418	4	0
10	588	4	0
10	186	4	0
10	420	4	0
10	432	4	0
11	451	2	0
12	132	5	0
12	71	4	0
12	143	5	0
13	155	2	0
13	91	2	0
13	602	4	0
13	588	4	0
13	186	4	0
13	835	3	0
13	420	4	0
13	610	2	0
13	629	1	0
13	432	4	0
13	418	2	0
13	473	4	0
13	596	3	0
13	624	5	0
13	485	1	0
13	451	1	0
13	289	2	0
13	538	1	0
13	501	5	0
13	99	4	0
13	71	4	0
13	705	5	0
13	630	2	0
13	143	1	0
13	209	3	0
13	95	5	0
13	419	3	0
13	319	4	0
13	21	3	0
13	132	4	0
13	362	4	0
14	186	4	0
14	588	4	0
14	473	5	0
14	319	1	0
14	596	3	0
15	473	1	0
15	289	3	0
16	95	5	0
16	143	5	0
16	418	5	0
16	209	5	0
16	602	5	0
16	155	3	0
16	71	5	0
16	705	5	0
16	629	4	0
16	99	5	0
18	968	3	0
18	588	4	0
18	610	4	0
18	630	3	0
18	418	3	0
18	132	5	0
18	209	4	0
18	319	4	0
18	705	3	0
18	629	3	0
18	91	3	0
18	142	4	0
18	214	4	0
18	432	4	0
18	965	4	0
18	602	3	0
18	485	5	0
18	143	4	0
18	99	5	0
18	95	4	0
18	419	3	0
18	71	4	0
18	451	3	0
18	186	4	0
19	319	4	0
20	143	3	0
20	588	4	0
20	95	3	0
20	186	3	0
21	473	3	0
21	993	4	0
21	596	3	0
21	319	2	0
21	103	1	0
21	989	3	0
21	289	3	0
22	21	4	0
22	209	4	0
22	451	4	0
22	186	5	0
23	132	4	0
23	71	3	0
23	91	4	0
23	419	3	0
23	629	4	0
23	209	5	0
23	432	4	0
23	95	4	0
23	588	4	0
23	143	3	0
23	214	3	0
23	418	4	0
23	99	4	0
23	155	3	0
23	705	4	0
23	451	2	0
24	289	3	0
24	132	3	0
24	71	5	0
25	143	3	0
25	419	4	0
25	432	2	0
25	501	3	0
25	968	4	0
25	186	4	0
27	596	2	0
28	588	3	0
28	143	4	0
28	95	3	0
28	209	4	0
30	538	4	0
30	319	4	0
30	289	2	0
31	705	5	0
31	319	4	0
34	289	1	0
36	319	2	0
36	289	2	0
38	432	1	0
38	501	5	0
38	95	5	0
38	419	5	0
38	588	5	0
38	1037	4	0
38	71	5	0
38	420	5	0
38	99	5	0
38	451	5	0
38	155	5	0
38	418	5	0
39	319	4	0
39	352	5	0
41	209	4	0
41	289	2	0
42	432	3	0
42	451	2	0
42	418	5	0
42	95	5	0
42	71	4	0
42	132	5	0
42	143	4	0
42	142	4	0
42	501	5	0
42	103	3	0
42	588	5	0
42	419	5	0
42	99	5	0
43	143	4	0
43	95	4	0
43	155	4	0
43	501	4	0
43	418	4	0
43	91	3	0
43	588	4	0
43	596	3	0
43	473	3	0
43	542	3	0
43	993	3	0
43	71	4	0
43	186	3	0
43	705	4	0
43	289	4	0
43	432	3	0
44	99	4	0
44	214	5	0
44	143	4	0
44	542	3	0
44	95	4	0
44	432	5	0
44	132	4	0
44	21	2	0
44	91	2	0
44	419	4	0
44	71	3	0
44	155	3	0
44	588	4	0
44	209	5	0
45	993	4	0
45	596	3	0
45	21	3	0
45	473	3	0
46	538	3	0
47	289	4	0
48	132	5	0
48	289	1	0
48	71	3	0
48	209	5	0
49	542	2	0
49	432	5	0
49	71	3	0
49	501	3	0
49	420	4	0
49	209	5	0
49	91	5	0
49	419	4	0
49	1079	1	0
49	588	4	0
49	473	3	0
49	143	3	0
49	557	3	0
49	289	4	0
49	95	2	0
49	418	3	0
49	99	4	0
50	319	5	0
51	132	4	0
51	485	1	0
51	705	1	0
52	588	4	0
52	473	4	0
52	95	4	0
56	588	4	0
56	451	3	0
56	186	3	0
56	71	4	0
56	95	4	0
56	1091	2	0
56	432	5	0
56	143	3	0
56	91	4	0
56	473	2	0
56	596	4	0
56	501	3	0
56	993	3	0
57	588	4	0
57	473	3	0
57	419	3	0
58	214	2	0
58	501	2	0
58	209	5	0
59	95	2	0
59	602	2	0
59	485	2	0
59	451	5	0
59	418	2	0
59	705	4	0
59	588	2	0
59	143	1	0
59	132	5	0
59	91	4	0
59	501	1	0
59	610	4	0
59	432	4	0
59	99	4	0
59	473	3	0
59	209	5	0
59	142	1	0
59	1110	4	0
59	419	2	0
59	186	5	0
59	71	3	0
60	209	5	0
60	420	4	0
60	501	3	0
60	71	3	0
60	419	3	0
60	835	4	0
60	186	4	0
60	1121	3	0
60	132	4	0
60	485	4	0
60	143	3	0
60	418	3	0
60	605	3	0
60	95	4	0
60	21	3	0
60	705	4	0
60	602	4	0
60	629	3	0
62	155	1	0
62	1135	2	0
62	71	4	0
62	132	5	0
62	21	3	0
62	91	4	0
62	605	3	0
62	473	4	0
62	451	3	0
62	209	4	0
62	1091	3	0
63	289	2	0
63	596	2	0
63	473	2	0
63	993	2	0
64	419	2	0
64	95	4	0
64	588	4	0
64	705	5	0
64	91	4	0
64	209	5	0
64	132	4	0
64	186	4	0
64	214	3	0
64	420	3	0
64	143	4	0
64	71	3	0
64	451	2	0
66	21	1	0
68	596	2	0
69	289	4	0
70	143	5	0
70	91	3	0
70	289	3	0
70	596	3	0
70	542	2	0
70	432	3	0
70	993	3	0
70	142	3	0
70	186	4	0
70	538	2	0
70	451	4	0
70	588	5	0
70	419	5	0
70	71	3	0
70	473	3	0
70	132	4	0
70	418	3	0
70	95	4	0
70	501	4	0
70	214	3	0
70	99	4	0
71	289	2	0
72	1110	3	0
73	289	2	0
73	588	2	0
75	473	3	0
75	289	1	0
76	1153	2	0
77	209	4	0
77	91	3	0
77	132	3	0
78	289	4	0
79	319	4	0
81	289	3	0
81	432	2	0
81	186	5	0
81	596	3	0
82	705	3	0
82	103	2	0
82	418	4	0
82	473	2	0
82	596	3	0
82	432	4	0
82	71	4	0
82	289	1	0
82	99	4	0
82	588	5	0
82	21	1	0
83	186	4	0
83	993	2	0
83	543	2	0
83	319	1	0
83	95	4	0
83	71	3	0
84	95	4	0
84	289	5	0
84	543	5	0
85	485	5	0
85	432	4	0
85	209	4	0
85	289	3	0
85	588	3	0
85	1121	3	0
85	451	4	0
85	418	3	0
85	420	4	0
85	596	3	0
85	143	4	0
85	186	3	0
85	610	3	0
85	71	4	0
85	501	3	0
85	99	5	0
85	419	5	0
85	95	4	0
85	1153	4	0
85	132	5	0
85	630	3	0
85	629	3	0
85	319	4	0
85	705	5	0
86	319	3	0
86	289	3	0
87	209	5	0
87	1079	2	0
87	186	5	0
87	705	4	0
87	629	4	0
87	21	3	0
87	132	5	0
87	451	4	0
88	319	3	0
89	451	3	0
90	965	5	0
90	543	3	0
90	602	5	0
90	1203	5	0
90	610	5	0
90	143	5	0
90	705	5	0
90	501	5	0
90	132	5	0
90	289	3	0
90	209	5	0
90	155	5	0
90	485	5	0
91	418	2	0
91	143	4	0
91	289	4	0
91	501	2	0
91	132	3	0
91	99	2	0
92	993	4	0
92	451	3	0
92	432	3	0
92	132	3	0
92	91	3	0
92	418	3	0
92	1037	2	0
92	95	3	0
92	1079	3	0
92	143	3	0
92	186	4	0
92	209	5	0
92	71	5	0
92	596	2	0
92	155	2	0
92	289	3	0
92	501	2	0
92	214	4	0
94	91	5	0
94	432	4	0
94	142	3	0
94	71	4	0
94	132	4	0
94	1135	4	0
94	209	5	0
94	214	5	0
94	143	4	0
94	501	4	0
94	420	4	0
94	99	3	0
94	418	3	0
94	993	4	0
94	588	4	0
94	451	4	0
94	1091	3	0
94	419	3	0
94	629	4	0
94	624	2	0
94	186	4	0
94	1110	4	0
94	155	2	0
94	1153	4	0
95	71	5	0
95	432	3	0
95	91	5	0
95	542	2	0
95	420	4	0
95	596	2	0
95	705	5	0
95	968	5	0
95	99	4	0
95	143	4	0
95	451	3	0
95	1091	3	0
95	588	3	0
95	209	4	0
95	485	5	0
95	473	4	0
95	289	2	0
95	419	4	0
95	186	5	0
95	95	3	0
95	142	4	0
95	132	3	0
96	91	5	0
97	132	5	0
97	432	4	0
97	186	3	0
98	209	2	0
98	629	5	0
99	1079	3	0
99	473	4	0
100	289	3	0
101	596	3	0
102	319	4	0
102	501	2	0
102	432	3	0
102	99	2	0
102	95	4	0
102	993	2	0
102	418	3	0
102	596	2	0
102	186	4	0
102	91	3	0
102	588	4	0
102	629	3	0
104	289	4	0
108	319	5	0
108	21	3	0
109	209	1	0
109	214	1	0
109	451	5	0
109	1135	4	0
109	91	4	0
109	542	3	0
109	186	3	0
109	588	4	0
109	71	4	0
109	95	4	0
110	451	4	0
112	289	5	0
113	289	2	0
113	319	2	0
114	485	3	0
114	186	3	0
115	543	2	0
115	596	1	0
116	289	4	0
116	993	2	0
116	596	5	0
117	588	3	0
117	143	1	0
117	132	4	0
117	214	5	0
117	596	3	0
118	1079	4	0
118	132	4	0
119	451	5	0
119	209	4	0
119	473	3	0
119	1153	5	0
119	132	5	0
122	214	2	0
123	289	1	0
123	319	4	0
123	132	3	0
123	485	5	0
123	432	5	0
123	143	5	0
124	209	3	0
125	209	4	0
125	95	5	0
125	485	5	0
125	1037	2	0
125	451	4	0
125	289	5	0
125	186	3	0
125	21	3	0
125	705	5	0
125	143	5	0
126	319	2	0
126	289	3	0
128	99	4	0
128	132	3	0
128	71	4	0
128	143	5	0
128	186	5	0
128	418	4	0
128	209	4	0
128	602	4	0
128	432	2	0
128	501	3	0
128	419	3	0
128	588	5	0
128	965	3	0
128	485	3	0
128	319	5	0
128	451	4	0
128	605	3	0
128	705	3	0
130	99	5	0
130	596	4	0
130	420	5	0
130	542	3	0
130	95	5	0
130	501	5	0
130	538	5	0
130	418	5	0
130	1079	3	0
130	588	4	0
130	71	5	0
130	1278	5	0
130	419	5	0
130	993	5	0
130	132	5	0
130	289	5	0
130	143	5	0
137	289	3	0
138	602	4	0
138	209	4	0
140	289	4	0
140	319	4	0
142	362	3	0
142	91	5	0
142	186	4	0
144	588	4	0
144	91	2	0
144	1286	4	0
144	319	3	0
144	209	2	0
145	993	3	0
145	352	4	0
145	209	4	0
145	155	2	0
146	319	4	0
147	319	4	0
148	214	5	0
148	132	4	0
148	501	4	0
148	432	5	0
148	209	5	0
148	596	5	0
148	993	4	0
148	588	4	0
148	71	5	0
148	473	5	0
148	418	3	0
149	319	2	0
150	319	4	0
151	418	3	0
151	432	5	0
151	91	2	0
151	209	4	0
151	143	5	0
151	451	5	0
151	605	4	0
151	132	5	0
151	1286	5	0
151	420	5	0
151	186	4	0
151	835	5	0
151	610	5	0
151	629	4	0
151	705	5	0
151	602	4	0
151	1203	5	0
151	473	4	0
151	485	5	0
151	1298	4	0
151	419	3	0
151	965	5	0
152	143	5	0
152	132	5	0
152	451	5	0
152	71	5	0
152	155	5	0
152	21	3	0
152	596	2	0
152	319	2	0
154	289	2	0
154	143	3	0
155	319	3	0
157	289	4	0
158	209	5	0
158	186	3	0
159	103	1	0
159	319	1	0
159	289	2	0
159	588	2	0
159	451	5	0
159	1037	2	0
159	1278	3	0
160	21	1	0
160	209	4	0
160	432	3	0
161	473	1	0
161	132	1	0
161	186	4	0
165	432	5	0
165	91	4	0
165	419	4	0
167	99	4	0
168	596	4	0
168	1278	3	0
168	473	2	0
169	705	5	0
169	538	4	0
172	485	3	0
173	319	4	0
173	289	4	0
174	99	3	0
174	155	4	0
174	451	5	0
174	1091	3	0
174	143	5	0
174	132	2	0
174	21	1	0
175	419	5	0
175	186	4	0
175	132	3	0
175	629	3	0
175	71	4	0
176	319	3	0
176	289	3	0
177	209	4	0
177	289	2	0
177	1110	3	0
177	186	4	0
178	71	4	0
178	143	4	0
178	95	5	0
178	596	3	0
178	588	4	0
178	155	4	0
178	993	5	0
178	99	4	0
178	319	1	0
178	209	4	0
178	214	1	0
179	362	1	0
179	538	4	0
180	186	4	0
181	289	4	0
181	989	1	0
181	473	2	0
181	319	3	0
181	21	1	0
181	1079	1	0
181	596	4	0
181	103	1	0
182	596	5	0
183	485	5	0
184	485	4	0
184	473	4	0
184	132	5	0
184	602	4	0
184	143	3	0
184	155	3	0
184	91	3	0
184	588	5	0
184	1121	4	0
184	451	4	0
184	596	4	0
184	95	4	0
184	71	4	0
184	629	3	0
186	596	4	0
186	588	4	0
186	95	3	0
186	71	5	0
187	214	4	0
187	186	4	0
187	209	4	0
188	209	2	0
188	629	4	0
188	143	5	0
188	419	5	0
188	485	3	0
189	473	5	0
189	186	2	0
189	209	1	0
189	214	1	0
189	705	4	0
189	21	2	0
189	418	3	0
189	91	3	0
189	143	5	0
189	99	5	0
189	588	4	0
189	485	4	0
189	501	4	0
189	132	5	0
189	630	4	0
189	596	3	0
190	989	3	0
192	289	4	0
193	485	5	0
193	362	3	0
193	352	1	0
193	155	4	0
194	91	3	0
194	155	3	0
194	432	4	0
194	95	3	0
194	485	3	0
194	186	5	0
194	705	2	0
194	501	3	0
194	451	2	0
194	132	3	0
194	143	3	0
194	209	3	0
194	624	2	0
194	419	2	0
194	289	1	0
194	629	3	0
194	99	3	0
194	71	4	0
194	1091	3	0
194	542	3	0
194	588	4	0
195	143	5	0
195	132	5	0
195	186	3	0
195	99	3	0
195	451	5	0
197	289	4	0
197	538	3	0
197	362	4	0
198	132	4	0
198	143	3	0
198	629	4	0
198	71	3	0
198	186	5	0
198	501	4	0
198	95	3	0
198	214	4	0
199	473	4	0
199	989	1	0
200	95	5	0
200	419	4	0
200	588	5	0
200	451	4	0
200	143	5	0
200	1091	4	0
200	501	4	0
200	542	3	0
200	71	4	0
200	432	5	0
200	132	5	0
200	91	4	0
200	596	4	0
200	420	5	0
200	103	2	0
200	99	5	0
200	473	4	0
201	289	2	0
201	596	4	0
201	473	3	0
201	71	3	0
201	95	3	0
201	432	3	0
201	99	3	0
201	1135	5	0
201	186	3	0
201	319	2	0
201	705	3	0
201	1153	2	0
201	209	3	0
201	588	4	0
203	993	3	0
205	289	4	0
206	362	1	0
207	538	2	0
207	319	3	0
207	186	4	0
207	143	4	0
207	993	3	0
208	186	4	0
210	419	4	0
210	420	4	0
210	132	4	0
210	501	4	0
210	186	4	0
210	629	3	0
210	451	3	0
210	99	4	0
211	596	3	0
211	705	4	0
213	132	5	0
213	214	5	0
213	432	4	0
213	143	5	0
214	209	5	0
214	319	3	0
214	705	4	0
214	132	5	0
215	99	4	0
215	432	5	0
215	132	5	0
215	451	3	0
215	186	4	0
216	143	2	0
216	95	3	0
216	91	4	0
218	209	5	0
218	186	3	0
219	132	5	0
219	71	1	0
220	319	4	0
220	289	4	0
221	186	4	0
221	485	2	0
221	588	3	0
222	432	3	0
222	419	2	0
222	71	4	0
222	1079	1	0
222	95	4	0
222	155	4	0
222	596	3	0
222	542	2	0
222	588	4	0
222	132	2	0
222	501	2	0
222	214	4	0
222	473	1	0
222	91	2	0
222	451	3	0
222	186	5	0
222	99	3	0
222	418	2	0
222	209	4	0
222	142	2	0
223	71	5	0
223	95	5	0
223	596	3	0
223	155	5	0
223	993	4	0
223	143	4	0
223	289	1	0
225	1203	5	0
225	143	2	0
225	418	5	0
225	705	5	0
226	596	3	0
226	209	3	0
227	319	4	0
230	420	5	0
230	588	5	0
230	418	5	0
230	71	5	0
230	186	4	0
230	451	4	0
230	501	3	0
230	419	4	0
230	91	3	0
230	142	4	0
230	432	4	0
230	99	3	0
230	132	5	0
230	209	1	0
230	95	5	0
230	143	5	0
230	214	4	0
230	485	5	0
231	289	4	0
232	630	3	0
232	289	4	0
232	705	5	0
232	132	5	0
232	186	4	0
232	209	3	0
232	419	4	0
232	91	5	0
233	501	3	0
233	588	5	0
233	71	5	0
233	91	3	0
233	99	3	0
233	143	4	0
233	95	5	0
233	418	4	0
233	432	3	0
234	451	3	0
234	1298	3	0
234	605	3	0
234	418	3	0
234	835	3	0
234	432	4	0
234	142	2	0
234	965	3	0
234	602	4	0
234	557	1	0
234	21	3	0
234	186	3	0
234	588	3	0
234	99	5	0
234	610	4	0
234	132	4	0
234	501	4	0
234	91	5	0
234	209	4	0
234	630	2	0
234	143	3	0
234	1458	4	0
234	319	3	0
234	705	5	0
234	71	3	0
234	1459	3	0
234	485	3	0
234	1121	5	0
234	989	2	0
234	419	4	0
234	596	2	0
234	95	3	0
234	289	4	0
234	473	5	0
234	629	4	0
234	1203	4	0
235	705	5	0
235	419	5	0
235	319	4	0
236	419	5	0
236	71	3	0
236	705	4	0
236	132	4	0
236	432	5	0
236	596	4	0
236	143	4	0
236	289	4	0
236	420	4	0
237	705	3	0
237	485	4	0
238	538	4	0
239	705	4	0
239	132	5	0
239	432	5	0
239	605	4	0
239	419	3	0
239	91	4	0
239	1203	5	0
239	209	5	0
239	186	1	0
240	289	4	0
244	1079	2	0
244	629	4	0
244	214	5	0
244	95	4	0
244	71	4	0
244	209	4	0
244	155	3	0
244	186	3	0
244	596	4	0
244	451	4	0
245	21	3	0
245	473	2	0
245	596	4	0
246	289	2	0
246	132	4	0
246	432	3	0
246	99	3	0
246	420	3	0
246	155	1	0
246	596	3	0
246	95	3	0
246	993	3	0
246	418	3	0
246	1135	1	0
246	588	4	0
246	451	2	0
248	186	5	0
249	186	4	0
249	209	5	0
249	588	3	0
249	993	3	0
250	629	4	0
250	501	5	0
250	485	4	0
250	95	5	0
250	91	5	0
250	596	5	0
250	418	5	0
250	993	5	0
250	71	5	0
250	588	5	0
251	596	3	0
251	418	4	0
251	132	5	0
253	485	5	0
253	132	5	0
253	588	5	0
253	705	5	0
253	95	4	0
254	419	4	0
254	432	2	0
254	99	3	0
254	142	3	0
254	451	2	0
254	588	3	0
254	501	3	0
254	71	3	0
254	624	2	0
254	418	3	0
254	1091	3	0
254	596	4	0
254	214	1	0
254	143	4	0
254	132	4	0
254	629	2	0
254	186	3	0
254	610	2	0
254	103	2	0
254	542	3	0
254	21	3	0
256	538	5	0
256	451	4	0
256	989	5	0
256	319	2	0
256	21	4	0
256	473	5	0
257	289	4	0
258	289	2	0
259	1135	5	0
260	538	1	0
260	362	5	0
260	319	2	0
261	596	2	0
262	71	4	0
262	596	4	0
262	99	3	0
262	432	3	0
262	473	2	0
262	132	3	0
262	419	3	0
262	1135	3	0
262	485	4	0
262	588	4	0
262	1278	4	0
262	451	4	0
262	418	3	0
262	91	3	0
262	143	3	0
262	95	3	0
262	420	3	0
263	143	5	0
263	186	4	0
263	602	4	0
263	588	3	0
263	99	3	0
263	95	5	0
263	132	5	0
263	419	5	0
263	543	5	0
263	432	2	0
264	186	5	0
264	602	4	0
264	451	4	0
264	209	5	0
266	319	2	0
266	289	3	0
267	214	4	0
267	155	3	0
267	209	5	0
267	1110	3	0
267	186	5	0
267	143	4	0
268	71	3	0
268	186	3	0
268	91	3	0
268	1079	3	0
268	209	4	0
268	99	3	0
268	143	2	0
268	432	3	0
268	1110	3	0
268	1091	2	0
268	1037	2	0
268	630	4	0
268	21	3	0
268	588	3	0
268	95	4	0
269	186	2	0
269	1091	2	0
269	214	3	0
269	1135	2	0
269	142	1	0
269	143	3	0
269	1110	2	0
269	705	2	0
269	209	4	0
269	602	4	0
269	132	5	0
269	451	1	0
269	629	2	0
269	432	4	0
270	319	5	0
270	155	5	0
270	596	5	0
271	451	3	0
271	485	4	0
271	95	4	0
271	605	4	0
271	624	2	0
271	186	4	0
271	705	4	0
271	132	5	0
271	602	3	0
271	630	2	0
271	289	4	0
271	610	3	0
271	1091	4	0
271	419	3	0
273	319	4	0
274	319	5	0
274	596	3	0
274	71	4	0
274	629	5	0
275	588	3	0
275	542	3	0
275	418	3	0
275	142	2	0
275	419	3	0
275	186	3	0
275	95	3	0
275	1091	2	0
275	630	3	0
275	132	3	0
275	501	3	0
275	99	3	0
275	473	3	0
275	420	2	0
275	432	4	0
275	624	3	0
275	451	3	0
275	71	3	0
276	451	3	0
276	95	5	0
276	1091	3	0
276	473	4	0
276	99	4	0
276	501	4	0
276	71	4	0
276	993	3	0
276	143	5	0
276	91	5	0
276	186	5	0
276	289	2	0
276	1110	3	0
276	419	5	0
276	588	4	0
276	420	4	0
276	1135	4	0
276	214	5	0
276	432	5	0
276	142	3	0
276	418	4	0
276	21	3	0
276	624	2	0
276	209	4	0
276	1079	2	0
277	473	2	0
278	538	4	0
279	209	5	0
279	21	3	0
279	1121	4	0
279	71	3	0
279	1037	1	0
279	132	3	0
279	1110	3	0
279	95	3	0
279	451	1	0
279	99	3	0
279	319	4	0
279	186	5	0
279	418	3	0
279	630	4	0
279	501	3	0
279	624	4	0
279	432	3	0
279	214	3	0
280	420	3	0
280	95	5	0
280	451	5	0
280	538	5	0
280	103	3	0
280	1459	4	0
280	71	4	0
280	142	4	0
280	588	5	0
280	629	4	0
280	542	3	0
280	99	2	0
280	419	3	0
280	132	4	0
280	155	5	0
281	538	4	0
281	989	2	0
281	289	3	0
282	319	4	0
283	21	3	0
283	186	5	0
283	1079	4	0
283	432	5	0
283	71	4	0
283	588	4	0
283	91	5	0
283	209	4	0
283	95	5	0
284	319	3	0
284	289	3	0
285	319	3	0
285	538	5	0
286	142	4	0
286	596	3	0
286	588	5	0
286	629	5	0
286	91	4	0
286	432	3	0
286	473	3	0
286	419	5	0
286	186	5	0
286	289	5	0
286	209	4	0
286	1286	5	0
286	214	1	0
286	132	5	0
286	99	4	0
286	1091	4	0
286	143	4	0
286	155	4	0
286	1079	3	0
286	95	5	0
286	451	5	0
286	993	2	0
288	289	3	0
288	214	2	0
288	132	3	0
289	473	1	0
289	21	1	0
290	132	3	0
290	99	4	0
290	21	3	0
290	71	5	0
290	432	5	0
290	1079	2	0
290	419	4	0
290	1091	2	0
290	418	3	0
290	993	4	0
290	588	4	0
290	629	3	0
290	95	4	0
290	473	1	0
290	143	5	0
290	596	4	0
290	91	2	0
291	95	4	0
291	214	4	0
291	420	4	0
291	501	4	0
291	1079	2	0
291	155	3	0
291	71	4	0
291	99	4	0
291	418	4	0
291	21	2	0
291	588	4	0
291	143	3	0
292	419	4	0
292	132	4	0
292	214	3	0
292	209	5	0
292	705	4	0
292	602	4	0
293	143	4	0
293	485	3	0
293	186	2	0
293	132	4	0
293	629	3	0
293	71	4	0
293	1286	4	0
293	1298	3	0
293	432	5	0
293	501	4	0
293	588	3	0
293	419	3	0
293	155	2	0
293	1135	3	0
293	99	3	0
293	91	2	0
293	605	3	0
293	451	3	0
293	705	5	0
293	420	4	0
293	209	3	0
294	1079	2	0
294	538	5	0
294	21	3	0
295	186	5	0
295	143	4	0
295	155	4	0
295	420	4	0
295	705	4	0
295	965	4	0
295	451	4	0
295	1459	5	0
295	91	5	0
295	419	4	0
295	132	5	0
295	588	4	0
295	95	4	0
295	71	5	0
295	602	5	0
295	1135	4	0
295	99	4	0
295	142	4	0
295	624	5	0
295	485	4	0
295	209	5	0
295	629	5	0
296	186	3	0
296	289	3	0
296	209	4	0
296	485	5	0
296	705	5	0
297	588	4	0
297	705	2	0
297	485	3	0
297	629	3	0
297	419	3	0
297	95	3	0
297	596	3	0
297	432	4	0
297	143	5	0
297	209	4	0
298	71	5	0
298	91	2	0
298	473	3	0
298	588	4	0
298	186	4	0
298	418	4	0
298	432	4	0
298	705	4	0
298	485	3	0
298	596	3	0
298	99	3	0
298	419	5	0
298	143	5	0
298	993	4	0
298	132	5	0
299	99	3	0
299	319	3	0
299	588	4	0
299	209	3	0
299	289	3	0
299	418	4	0
299	71	3	0
299	95	3	0
299	538	3	0
299	432	3	0
299	143	3	0
299	186	3	0
299	91	4	0
299	965	4	0
299	602	3	0
299	501	3	0
299	473	3	0
299	543	5	0
299	485	4	0
301	501	3	0
301	420	3	0
301	91	3	0
301	451	4	0
301	143	4	0
301	142	3	0
301	155	1	0
301	99	4	0
301	21	2	0
301	71	4	0
301	95	5	0
301	186	4	0
301	588	5	0
301	1135	3	0
301	418	3	0
301	1091	3	0
301	610	3	0
301	132	4	0
301	419	3	0
302	289	3	0
303	209	5	0
303	1135	2	0
303	1037	3	0
303	1286	4	0
303	95	5	0
303	21	2	0
303	132	5	0
303	432	3	0
303	418	4	0
303	588	5	0
303	473	4	0
303	705	5	0
303	420	4	0
303	186	4	0
303	99	4	0
303	143	4	0
303	71	3	0
303	501	4	0
303	542	2	0
303	419	4	0
303	91	5	0
303	1110	1	0
303	596	4	0
303	155	3	0
303	1153	3	0
303	451	5	0
303	289	2	0
303	319	5	0
303	993	2	0
305	451	3	0
305	602	3	0
305	289	4	0
305	91	2	0
305	485	2	0
305	1286	5	0
305	214	2	0
305	209	5	0
305	186	4	0
305	557	4	0
305	610	3	0
305	71	3	0
305	143	3	0
306	289	3	0
306	319	4	0
307	1110	4	0
307	71	5	0
307	588	4	0
307	91	4	0
307	419	4	0
307	132	4	0
307	21	4	0
307	186	5	0
307	209	5	0
307	214	5	0
307	99	4	0
307	143	3	0
308	485	3	0
308	21	3	0
308	588	5	0
308	143	4	0
308	473	3	0
308	610	4	0
308	432	4	0
308	965	4	0
308	605	4	0
308	705	5	0
308	1121	3	0
308	629	4	0
308	419	4	0
308	968	4	0
308	501	4	0
308	132	3	0
308	71	4	0
308	214	2	0
308	186	4	0
308	602	4	0
308	1286	3	0
308	209	4	0
308	319	4	0
308	1135	4	0
308	95	4	0
308	91	4	0
308	99	4	0
308	420	4	0
309	989	3	0
309	319	4	0
311	588	4	0
311	186	3	0
311	71	4	0
311	501	5	0
311	965	3	0
311	209	2	0
311	419	3	0
311	705	3	0
311	451	3	0
311	91	3	0
311	143	3	0
311	485	1	0
311	432	4	0
311	630	5	0
311	99	5	0
311	132	4	0
311	420	1	0
311	418	4	0
312	557	5	0
312	602	4	0
312	143	4	0
312	835	5	0
312	485	4	0
312	71	4	0
312	1298	5	0
312	610	5	0
312	432	5	0
312	419	3	0
312	596	5	0
312	705	5	0
312	1203	5	0
312	209	3	0
312	214	3	0
312	543	5	0
312	968	5	0
312	186	3	0
312	91	3	0
312	588	5	0
312	132	5	0
313	473	3	0
313	629	3	0
313	155	2	0
313	485	3	0
313	432	5	0
313	418	3	0
313	1091	2	0
313	142	3	0
313	538	2	0
313	419	3	0
313	143	3	0
313	501	5	0
313	420	5	0
313	542	3	0
313	132	5	0
313	71	4	0
313	99	4	0
313	186	3	0
313	624	4	0
313	95	3	0
313	588	4	0
314	542	4	0
314	95	5	0
314	418	5	0
314	501	4	0
314	99	4	0
314	132	4	0
314	588	5	0
314	71	5	0
314	993	5	0
314	419	4	0
314	143	5	0
314	155	5	0
315	209	5	0
315	186	4	0
316	132	4	0
316	71	1	0
316	289	2	0
316	588	1	0
318	629	4	0
318	142	4	0
318	419	5	0
318	968	3	0
318	289	3	0
318	485	5	0
318	451	4	0
318	186	5	0
318	143	5	0
318	501	4	0
318	605	4	0
318	132	4	0
318	610	5	0
320	71	3	0
320	99	4	0
320	501	3	0
320	588	3	0
320	95	3	0
320	1091	4	0
321	132	5	0
321	419	4	0
321	143	3	0
321	705	3	0
321	186	4	0
321	485	4	0
321	432	5	0
323	993	4	0
323	319	2	0
323	186	4	0
323	289	2	0
324	538	4	0
324	289	5	0
325	143	1	0
325	99	5	0
325	186	4	0
325	1203	5	0
325	71	3	0
325	319	3	0
325	132	3	0
325	835	5	0
325	432	5	0
325	542	2	0
325	95	2	0
325	485	3	0
326	419	3	0
326	186	4	0
326	132	4	0
326	588	3	0
326	501	3	0
326	451	2	0
326	705	3	0
326	485	5	0
327	143	4	0
327	209	4	0
327	186	2	0
327	132	5	0
327	418	3	0
327	99	4	0
327	95	3	0
327	451	4	0
327	419	4	0
327	588	4	0
328	186	4	0
328	289	4	0
328	132	5	0
328	1135	1	0
328	432	1	0
328	451	4	0
328	155	4	0
328	71	4	0
328	610	3	0
329	186	3	0
329	705	3	0
330	596	5	0
330	71	5	0
330	418	5	0
330	473	4	0
330	588	5	0
330	419	5	0
330	95	5	0
330	91	4	0
330	132	5	0
330	99	4	0
330	451	5	0
330	485	5	0
330	501	5	0
330	432	4	0
330	989	5	0
330	993	4	0
330	209	3	0
330	143	5	0
330	21	5	0
331	705	2	0
331	214	3	0
331	132	3	0
332	451	5	0
332	95	5	0
333	186	4	0
334	71	3	0
334	485	3	0
334	289	3	0
334	214	3	0
334	209	3	0
334	186	3	0
334	143	2	0
334	95	3	0
334	91	4	0
334	419	3	0
334	155	2	0
334	99	4	0
334	132	3	0
334	319	3	0
334	629	4	0
334	142	3	0
336	186	4	0
336	1079	1	0
336	1037	1	0
336	451	2	0
338	143	2	0
338	132	2	0
339	485	5	0
339	214	3	0
339	91	5	0
339	99	4	0
339	1135	2	0
339	451	3	0
339	1110	4	0
339	132	5	0
339	209	5	0
339	143	5	0
339	186	4	0
339	1153	4	0
340	95	5	0
340	71	5	0
340	143	5	0
340	418	5	0
340	186	4	0
340	588	5	0
342	209	5	0
342	132	5	0
342	289	2	0
342	95	4	0
342	143	5	0
342	965	4	0
342	319	4	0
343	473	3	0
343	143	4	0
343	214	4	0
343	186	4	0
343	155	1	0
343	132	5	0
344	132	4	0
344	588	5	0
344	451	4	0
344	473	4	0
344	319	1	0
344	71	3	0
344	95	4	0
345	91	4	0
345	71	3	0
345	451	5	0
345	132	5	0
345	289	3	0
345	588	3	0
345	485	4	0
345	473	2	0
345	143	5	0
346	1110	1	0
346	132	4	0
346	186	3	0
346	91	1	0
346	1135	4	0
346	143	3	0
347	99	3	0
347	186	5	0
347	418	4	0
347	95	4	0
347	588	3	0
347	91	1	0
347	132	5	0
347	432	4	0
347	501	4	0
348	596	4	0
348	473	3	0
349	596	2	0
350	214	3	0
350	132	5	0
351	289	5	0
351	538	4	0
351	989	4	0
354	209	3	0
354	602	3	0
354	705	4	0
354	485	4	0
354	319	3	0
354	629	3	0
354	419	4	0
354	186	4	0
354	610	4	0
354	605	3	0
354	155	2	0
354	143	4	0
354	473	3	0
354	432	3	0
354	451	3	0
355	319	5	0
357	473	3	0
358	132	5	0
360	588	3	0
361	186	3	0
361	319	5	0
361	451	3	0
361	155	3	0
361	705	5	0
363	186	3	0
363	95	3	0
363	71	3	0
363	155	2	0
363	451	2	0
363	557	1	0
363	91	4	0
363	588	2	0
363	473	4	0
363	143	2	0
363	705	2	0
364	319	3	0
364	289	3	0
365	319	4	0
365	473	4	0
365	352	1	0
365	289	3	0
370	705	3	0
370	209	5	0
370	835	5	0
371	186	5	0
373	209	4	0
373	132	3	0
373	143	3	0
373	588	3	0
373	1079	4	0
373	596	3	0
373	451	5	0
373	99	5	0
373	705	4	0
373	485	4	0
373	71	5	0
373	432	5	0
373	142	3	0
373	1110	4	0
373	155	4	0
373	1135	3	0
373	214	4	0
373	186	5	0
373	418	5	0
373	420	4	0
373	95	5	0
374	143	2	0
374	186	5	0
374	71	5	0
374	95	4	0
374	289	1	0
376	289	3	0
376	705	3	0
378	132	4	0
378	289	5	0
378	473	3	0
378	143	4	0
378	485	4	0
378	432	4	0
378	596	5	0
378	542	4	0
378	1135	2	0
378	451	4	0
378	155	4	0
378	419	4	0
378	629	5	0
378	319	3	0
378	420	4	0
378	186	3	0
378	99	4	0
378	1091	2	0
378	543	4	0
378	71	4	0
378	588	5	0
378	418	3	0
378	501	4	0
378	91	3	0
378	95	4	0
378	1037	2	0
378	21	3	0
379	705	4	0
379	186	5	0
379	419	4	0
379	451	4	0
379	143	4	0
380	630	2	0
380	610	2	0
380	132	4	0
380	419	3	0
380	71	4	0
380	186	3	0
380	629	2	0
380	95	4	0
381	473	5	0
381	214	2	0
381	485	4	0
381	95	4	0
381	419	5	0
381	132	5	0
381	432	5	0
381	501	4	0
381	418	3	0
381	596	3	0
381	705	5	0
381	142	3	0
381	99	5	0
381	588	3	0
383	132	5	0
383	319	2	0
384	989	4	0
384	289	5	0
385	965	4	0
385	186	1	0
385	1037	1	0
385	451	1	0
385	557	2	0
385	705	3	0
385	485	4	0
385	143	3	0
385	99	2	0
385	473	3	0
385	132	4	0
385	629	2	0
385	1121	4	0
385	419	2	0
385	1286	3	0
385	1110	2	0
385	209	4	0
385	1135	1	0
387	71	2	0
387	91	4	0
387	588	3	0
387	1110	2	0
387	432	4	0
387	214	5	0
387	473	4	0
387	501	4	0
387	186	2	0
387	99	5	0
387	418	3	0
387	1091	1	0
387	289	1	0
387	209	5	0
387	319	1	0
387	95	2	0
388	596	4	0
389	95	3	0
389	71	4	0
389	451	2	0
389	630	3	0
389	143	3	0
389	420	3	0
389	1121	4	0
389	1298	5	0
389	1203	5	0
389	965	5	0
389	588	5	0
389	132	5	0
389	186	2	0
389	629	2	0
389	705	5	0
389	418	4	0
389	419	3	0
389	209	4	0
389	155	2	0
389	602	4	0
389	605	5	0
389	485	5	0
389	1286	5	0
389	142	3	0
389	835	5	0
389	99	5	0
389	610	5	0
389	501	5	0
390	989	5	0
390	289	3	0
390	319	5	0
391	71	3	0
391	705	5	0
391	132	4	0
391	186	5	0
391	209	5	0
392	99	5	0
392	705	5	0
392	319	5	0
392	538	2	0
392	209	5	0
392	289	5	0
393	99	3	0
393	473	3	0
393	451	3	0
393	21	3	0
393	71	3	0
393	596	4	0
393	132	2	0
393	630	4	0
393	1091	2	0
393	588	4	0
393	419	4	0
393	362	3	0
393	142	4	0
393	186	3	0
393	420	3	0
393	705	4	0
393	501	3	0
393	95	4	0
393	538	3	0
393	143	5	0
393	485	2	0
393	418	3	0
394	1079	3	0
394	91	4	0
394	132	4	0
394	419	5	0
394	418	4	0
394	186	5	0
395	596	2	0
395	186	5	0
395	21	3	0
397	989	1	0
397	186	5	0
397	588	4	0
397	705	5	0
397	1298	3	0
397	95	4	0
397	289	3	0
398	132	5	0
398	432	3	0
398	610	4	0
398	95	5	0
398	602	4	0
398	588	4	0
398	485	5	0
398	501	3	0
398	186	4	0
398	705	5	0
398	993	3	0
398	71	5	0
399	588	5	0
399	419	3	0
399	95	3	0
399	432	3	0
399	155	2	0
399	451	3	0
399	542	3	0
399	91	4	0
399	289	4	0
399	214	4	0
399	501	2	0
399	143	5	0
399	418	3	0
399	99	3	0
399	543	3	0
399	186	4	0
399	420	3	0
399	132	3	0
399	71	3	0
399	1135	2	0
399	1459	3	0
401	630	4	0
401	588	2	0
401	473	1	0
401	71	2	0
401	501	2	0
401	485	4	0
401	610	4	0
401	143	4	0
401	451	2	0
401	99	4	0
402	95	5	0
404	289	1	0
405	1110	1	0
405	209	3	0
405	132	5	0
405	501	3	0
405	451	5	0
405	1091	1	0
405	1037	3	0
405	432	3	0
405	418	5	0
405	95	3	0
405	71	1	0
405	588	2	0
405	186	5	0
405	143	5	0
405	542	1	0
405	419	4	0
405	543	1	0
405	557	1	0
405	99	5	0
405	214	4	0
405	91	2	0
405	420	5	0
405	624	4	0
405	142	1	0
406	705	4	0
406	596	3	0
406	420	4	0
406	451	2	0
406	624	5	0
406	99	5	0
406	209	1	0
406	501	5	0
406	186	3	0
406	610	1	0
406	1203	2	0
406	1153	2	0
406	419	1	0
406	432	5	0
406	143	1	0
406	543	4	0
406	485	3	0
406	289	3	0
406	1079	2	0
406	629	3	0
406	132	5	0
406	95	4	0
406	605	5	0
406	602	3	0
406	418	5	0
406	71	3	0
406	588	4	0
407	418	4	0
407	132	4	0
407	588	4	0
407	214	4	0
407	71	3	0
407	143	4	0
407	289	3	0
407	99	4	0
407	432	4	0
407	209	5	0
407	705	4	0
407	91	4	0
407	993	4	0
407	186	4	0
407	95	3	0
407	629	3	0
408	319	5	0
409	209	5	0
409	705	2	0
409	99	3	0
409	965	2	0
409	485	2	0
409	538	3	0
409	186	5	0
409	289	1	0
409	214	4	0
410	289	1	0
410	538	3	0
410	352	3	0
411	451	4	0
411	209	4	0
411	186	5	0
411	485	4	0
412	186	5	0
412	214	3	0
413	289	4	0
415	432	4	0
416	538	4	0
416	21	3	0
416	420	3	0
416	209	5	0
416	289	3	0
416	103	3	0
416	418	4	0
416	432	2	0
416	419	4	0
416	451	5	0
416	99	4	0
416	1037	2	0
416	624	3	0
416	542	1	0
416	501	5	0
416	95	3	0
416	473	2	0
416	319	5	0
416	1286	5	0
416	132	4	0
416	155	5	0
416	143	5	0
416	71	4	0
416	1091	3	0
416	588	5	0
416	142	4	0
416	1135	2	0
417	501	3	0
417	209	4	0
417	91	2	0
417	420	4	0
417	132	4	0
417	1091	3	0
417	596	3	0
417	142	3	0
417	99	4	0
417	95	5	0
417	1135	4	0
417	485	3	0
417	588	3	0
417	214	5	0
417	993	3	0
417	186	5	0
417	473	2	0
417	418	4	0
417	419	4	0
417	451	4	0
418	362	1	0
419	705	5	0
420	319	4	0
424	289	5	0
424	538	5	0
424	989	2	0
425	289	1	0
425	319	1	0
425	362	3	0
425	209	2	0
425	1110	1	0
425	538	2	0
426	289	2	0
426	143	3	0
426	418	3	0
426	610	4	0
426	605	4	0
426	99	4	0
426	835	3	0
426	132	4	0
426	1079	3	0
426	968	3	0
426	432	3	0
426	705	5	0
427	289	5	0
427	319	3	0
427	989	5	0
428	538	4	0
428	289	4	0
428	352	4	0
429	629	3	0
429	418	3	0
429	602	5	0
429	432	4	0
429	21	2	0
429	1110	2	0
429	485	3	0
429	419	4	0
429	99	3	0
429	132	3	0
429	186	4	0
429	1079	2	0
429	319	3	0
429	71	3	0
429	705	4	0
429	596	3	0
429	1203	4	0
429	91	3	0
429	143	3	0
429	95	3	0
429	473	3	0
429	214	3	0
429	209	4	0
429	155	2	0
431	538	4	0
433	95	3	0
435	214	4	0
435	420	4	0
435	473	3	0
435	542	1	0
435	95	3	0
435	21	4	0
435	132	3	0
435	588	4	0
435	432	3	0
435	91	4	0
435	596	4	0
435	451	4	0
435	501	3	0
435	71	3	0
435	155	3	0
435	186	4	0
436	99	3	0
436	143	2	0
436	1135	4	0
436	21	3	0
436	132	1	0
436	95	4	0
436	186	3	0
437	602	3	0
437	473	5	0
437	485	4	0
437	155	3	0
437	629	3	0
437	186	3	0
437	432	3	0
437	143	5	0
437	501	4	0
437	1091	3	0
437	95	4	0
437	420	3	0
437	319	5	0
437	1121	5	0
437	1153	5	0
437	418	3	0
437	588	3	0
437	99	4	0
437	91	3	0
437	132	5	0
437	419	5	0
437	71	3	0
437	705	4	0
437	451	5	0
437	214	4	0
438	21	2	0
440	319	2	0
441	538	3	0
442	209	4	0
442	186	4	0
445	289	1	0
445	209	4	0
446	289	3	0
447	132	4	0
447	209	4	0
447	629	3	0
447	91	4	0
448	319	5	0
449	473	3	0
450	602	4	0
450	99	4	0
450	1153	5	0
450	143	5	0
450	1135	4	0
450	501	4	0
450	1091	4	0
450	155	4	0
450	419	5	0
450	132	5	0
450	1286	3	0
450	142	5	0
450	968	4	0
450	705	4	0
450	91	4	0
450	95	3	0
450	610	4	0
450	1037	2	0
450	451	4	0
450	186	3	0
450	214	1	0
450	557	5	0
450	485	5	0
450	71	3	0
450	630	3	0
450	1203	3	0
450	629	4	0
450	418	4	0
450	965	4	0
450	432	4	0
450	588	4	0
451	989	1	0
451	319	2	0
451	289	1	0
452	186	1	0
452	143	3	0
452	419	4	0
452	71	3	0
452	501	3	0
452	418	4	0
452	132	2	0
452	485	2	0
452	99	3	0
452	624	2	0
452	420	3	0
452	432	2	0
452	588	3	0
453	214	3	0
453	132	3	0
453	1079	1	0
453	186	4	0
453	99	3	0
453	1037	1	0
453	143	2	0
453	451	2	0
454	132	2	0
454	419	4	0
454	588	3	0
454	968	2	0
454	485	4	0
454	71	3	0
454	289	3	0
454	1203	2	0
454	143	4	0
454	602	2	0
454	605	2	0
454	705	3	0
454	610	3	0
454	99	3	0
454	418	3	0
454	451	4	0
454	95	2	0
455	71	3	0
455	95	4	0
455	214	3	0
455	629	3	0
455	289	3	0
456	432	4	0
456	419	4	0
456	143	3	0
456	209	3	0
456	91	2	0
456	485	4	0
456	71	3	0
456	186	4	0
456	289	4	0
456	99	3	0
456	214	4	0
456	588	3	0
456	95	4	0
457	209	5	0
457	485	4	0
457	186	5	0
457	91	4	0
457	451	4	0
457	1037	2	0
457	629	4	0
457	143	5	0
457	132	5	0
457	155	4	0
457	214	5	0
457	588	5	0
457	473	4	0
458	209	4	0
458	319	4	0
458	473	4	0
458	588	5	0
458	143	4	0
458	99	4	0
458	21	2	0
458	596	4	0
458	289	2	0
459	596	3	0
459	993	3	0
459	289	4	0
459	989	5	0
459	473	4	0
459	186	4	0
460	289	4	0
461	319	3	0
462	289	5	0
463	596	3	0
463	21	1	0
463	362	1	0
463	319	1	0
463	103	1	0
463	473	4	0
463	993	2	0
464	289	4	0
464	705	5	0
465	705	4	0
465	132	4	0
465	835	3	0
465	588	4	0
465	143	4	0
465	319	3	0
466	95	2	0
468	143	5	0
468	91	5	0
468	214	5	0
468	132	5	0
468	95	4	0
468	432	5	0
468	71	5	0
468	209	5	0
469	605	4	0
469	610	4	0
469	705	5	0
470	319	3	0
471	588	1	0
471	596	1	0
471	99	2	0
471	95	4	0
471	501	3	0
471	418	3	0
471	432	1	0
471	71	3	0
471	420	1	0
472	362	5	0
472	485	3	0
472	588	3	0
472	432	5	0
472	473	4	0
472	1110	5	0
472	214	4	0
472	21	3	0
472	501	3	0
472	132	5	0
472	71	2	0
472	99	3	0
472	91	5	0
472	95	3	0
472	143	4	0
472	1079	4	0
472	1091	4	0
472	418	3	0
472	420	3	0
472	186	5	0
472	419	4	0
473	319	3	0
474	630	3	0
474	605	3	0
474	602	3	0
474	132	4	0
474	209	5	0
474	705	3	0
474	99	4	0
474	186	4	0
474	419	4	0
474	143	4	0
474	418	3	0
474	485	4	0
474	71	5	0
474	610	3	0
474	1286	2	0
474	289	3	0
476	319	1	0
476	209	4	0
476	451	3	0
476	1037	1	0
476	186	5	0
477	289	5	0
477	451	5	0
478	143	5	0
478	451	5	0
478	71	3	0
479	588	1	0
479	143	1	0
479	71	1	0
479	602	4	0
479	209	4	0
479	485	3	0
479	95	4	0
479	629	3	0
480	485	4	0
480	209	4	0
480	705	4	0
480	319	3	0
480	1121	4	0
481	596	4	0
482	289	3	0
483	473	3	0
483	538	2	0
483	432	3	0
483	91	3	0
483	99	3	0
484	451	4	0
484	186	4	0
484	419	4	0
484	95	4	0
484	71	2	0
484	588	5	0
484	143	4	0
485	289	3	0
485	319	3	0
485	538	3	0
486	1079	2	0
486	319	3	0
486	473	3	0
486	289	3	0
486	21	3	0
487	71	3	0
487	289	2	0
487	143	3	0
487	501	4	0
487	95	4	0
487	419	3	0
487	588	5	0
487	99	4	0
487	596	5	0
487	432	3	0
488	186	4	0
488	289	1	0
488	71	3	0
488	418	3	0
488	605	3	0
488	132	3	0
488	419	3	0
488	705	4	0
488	485	3	0
489	538	4	0
489	289	2	0
489	989	3	0
489	319	3	0
490	596	1	0
490	473	2	0
490	289	1	0
490	993	1	0
491	319	1	0
492	186	3	0
492	1121	2	0
493	186	5	0
493	91	3	0
493	1278	5	0
493	95	5	0
493	209	5	0
493	71	5	0
494	143	5	0
494	289	1	0
495	432	5	0
495	501	3	0
495	132	4	0
495	419	1	0
495	418	4	0
495	143	1	0
495	1110	4	0
495	1135	5	0
495	629	3	0
495	1079	5	0
495	91	2	0
495	214	5	0
495	451	4	0
495	155	3	0
495	186	5	0
495	705	4	0
495	1091	4	0
495	71	5	0
495	95	3	0
496	1091	1	0
496	143	3	0
496	419	2	0
496	705	2	0
496	186	4	0
496	1286	2	0
496	99	3	0
496	1459	4	0
496	155	1	0
496	485	3	0
496	432	4	0
496	142	2	0
496	420	3	0
496	418	3	0
496	132	3	0
497	588	4	0
497	99	3	0
497	420	3	0
497	91	2	0
497	629	2	0
497	71	4	0
497	451	2	0
497	186	4	0
497	95	4	0
497	155	3	0
497	418	3	0
497	501	2	0
497	432	3	0
498	538	1	0
498	186	4	0
498	1286	3	0
499	132	4	0
499	624	2	0
499	588	4	0
499	605	1	0
499	143	3	0
500	1135	3	0
500	143	3	0
500	319	4	0
500	557	3	0
500	289	4	0
501	1278	3	0
503	319	3	0
503	432	5	0
503	451	4	0
503	485	4	0
503	132	5	0
503	186	5	0
504	214	4	0
504	71	5	0
504	155	3	0
504	186	3	0
504	629	4	0
504	132	5	0
504	451	1	0
504	705	4	0
504	143	4	0
504	1037	1	0
504	543	4	0
504	99	3	0
504	485	4	0
504	418	3	0
504	1135	4	0
504	142	3	0
504	419	3	0
504	420	3	0
504	1110	2	0
505	99	4	0
505	501	2	0
505	989	1	0
505	71	4	0
505	419	3	0
505	705	3	0
505	588	5	0
505	95	4	0
505	132	5	0
506	538	3	0
506	186	4	0
506	95	5	0
506	418	4	0
506	1110	1	0
506	71	5	0
506	432	4	0
506	542	3	0
506	209	4	0
506	705	5	0
506	132	4	0
507	352	1	0
507	538	4	0
507	319	3	0
508	1135	3	0
508	186	3	0
508	132	5	0
508	451	3	0
508	1153	4	0
508	91	4	0
508	209	5	0
508	214	3	0
508	629	4	0
509	319	2	0
509	705	4	0
509	289	2	0
510	289	2	0
512	186	5	0
512	1459	4	0
514	209	3	0
514	132	4	0
514	419	4	0
514	214	5	0
514	473	3	0
514	432	4	0
514	95	4	0
514	186	4	0
515	289	1	0
515	538	3	0
515	362	4	0
516	214	3	0
517	538	4	0
518	1079	1	0
518	289	4	0
519	352	5	0
520	289	4	0
521	132	3	0
521	99	3	0
521	186	4	0
521	95	3	0
522	543	4	0
523	289	4	0
523	432	5	0
523	155	4	0
523	1121	5	0
523	95	4	0
523	186	3	0
523	451	5	0
523	629	5	0
524	965	4	0
524	501	2	0
524	432	1	0
524	209	4	0
524	289	4	0
524	485	2	0
524	451	3	0
524	419	1	0
524	705	3	0
524	605	1	0
524	71	3	0
524	132	4	0
524	319	4	0
524	418	1	0
524	95	3	0
524	143	3	0
524	186	3	0
525	596	4	0
525	289	3	0
527	543	4	0
527	99	3	0
527	588	4	0
527	143	2	0
527	214	4	0
527	209	4	0
527	91	2	0
528	485	2	0
528	588	2	0
529	319	4	0
530	319	3	0
530	214	2	0
531	289	3	0
532	485	5	0
532	419	5	0
532	186	4	0
532	95	5	0
532	451	4	0
532	143	4	0
532	420	4	0
532	132	5	0
532	155	4	0
532	352	3	0
532	588	5	0
532	538	4	0
532	501	5	0
532	99	5	0
533	289	2	0
533	596	2	0
533	186	3	0
533	103	3	0
533	71	4	0
533	319	3	0
533	132	5	0
533	21	3	0
533	91	2	0
533	451	2	0
533	143	4	0
534	21	4	0
535	629	4	0
535	419	3	0
535	132	5	0
535	630	2	0
535	319	5	0
535	209	5	0
535	186	4	0
535	71	4	0
536	596	3	0
536	209	2	0
536	71	5	0
536	214	2	0
536	419	3	0
536	95	5	0
536	588	3	0
536	143	5	0
536	993	3	0
536	132	4	0
536	432	4	0
536	501	3	0
536	21	3	0
536	542	1	0
537	501	3	0
537	186	4	0
537	99	2	0
537	352	1	0
537	965	2	0
537	602	3	0
537	557	3	0
537	610	4	0
537	419	2	0
537	485	3	0
537	289	1	0
537	91	2	0
537	705	3	0
537	132	3	0
537	543	5	0
537	588	1	0
537	95	1	0
537	209	4	0
537	319	4	0
537	143	1	0
538	143	3	0
538	289	1	0
539	610	4	0
539	155	4	0
539	319	5	0
539	289	4	0
539	132	5	0
540	473	3	0
540	596	4	0
541	596	4	0
541	142	5	0
541	432	4	0
541	95	4	0
541	99	4	0
541	993	4	0
541	418	5	0
541	588	4	0
541	143	4	0
541	542	1	0
541	543	4	0
541	501	4	0
541	420	4	0
541	91	5	0
541	1091	3	0
541	419	5	0
541	71	5	0
542	588	4	0
542	420	3	0
542	99	5	0
542	214	3	0
542	95	3	0
542	132	3	0
542	432	5	0
542	186	4	0
542	501	4	0
542	451	3	0
542	418	4	0
542	209	4	0
542	71	3	0
542	319	3	0
543	432	4	0
543	214	3	0
543	186	3	0
543	95	3	0
543	71	4	0
545	419	3	0
545	95	4	0
545	1091	3	0
545	993	2	0
545	155	3	0
545	968	5	0
545	588	4	0
545	142	3	0
545	542	2	0
545	451	3	0
545	99	4	0
545	132	4	0
545	71	5	0
547	289	3	0
547	319	4	0
548	1278	4	0
550	993	4	0
550	538	5	0
550	596	2	0
551	1079	1	0
551	186	5	0
551	1135	5	0
551	155	4	0
551	95	5	0
551	209	5	0
551	91	1	0
551	451	1	0
551	71	4	0
551	143	4	0
551	132	5	0
551	596	5	0
552	1278	3	0
553	99	5	0
553	132	4	0
553	186	3	0
553	485	3	0
553	605	4	0
554	71	4	0
554	596	3	0
554	95	4	0
554	542	3	0
554	432	4	0
554	132	4	0
554	21	1	0
554	289	4	0
554	209	4	0
555	21	4	0
555	319	5	0
556	132	5	0
556	209	5	0
556	319	3	0
557	289	4	0
560	132	3	0
560	319	4	0
561	143	1	0
561	95	2	0
561	214	3	0
561	432	5	0
561	588	2	0
561	209	4	0
561	91	4	0
561	186	3	0
561	451	2	0
561	362	2	0
561	132	2	0
561	1153	3	0
561	319	2	0
561	1110	2	0
561	155	2	0
561	501	3	0
561	596	2	0
561	705	3	0
561	542	1	0
561	99	3	0
561	71	2	0
561	473	3	0
561	629	3	0
562	143	5	0
562	501	5	0
562	432	5	0
562	418	5	0
562	485	5	0
562	132	4	0
564	289	4	0
566	186	3	0
566	485	3	0
566	289	1	0
566	155	2	0
566	71	2	0
566	705	4	0
566	95	2	0
566	143	3	0
566	419	2	0
567	1298	5	0
567	705	5	0
567	132	3	0
567	209	4	0
568	132	2	0
568	1203	5	0
568	319	2	0
568	1286	4	0
568	835	4	0
569	473	4	0
570	289	1	0
572	319	4	0
572	289	3	0
573	143	2	0
574	319	5	0
574	289	4	0
576	319	3	0
577	71	5	0
577	99	3	0
577	143	3	0
577	132	4	0
577	95	5	0
577	588	4	0
577	186	4	0
579	1110	1	0
579	289	2	0
579	186	3	0
579	209	4	0
580	289	5	0
582	473	3	0
583	209	4	0
583	602	4	0
585	1121	4	0
585	557	4	0
585	543	3	0
586	186	2	0
586	451	4	0
586	155	3	0
587	289	3	0
587	319	3	0
587	989	2	0
588	419	5	0
588	95	4	0
588	186	4	0
588	143	5	0
588	99	5	0
588	485	5	0
588	289	2	0
588	71	4	0
588	91	5	0
588	588	4	0
588	1091	4	0
588	432	4	0
588	132	5	0
588	451	5	0
588	602	3	0
588	142	5	0
588	21	5	0
588	542	3	0
588	155	5	0
588	362	3	0
589	289	3	0
589	538	5	0
591	451	3	0
592	289	4	0
592	132	5	0
592	432	1	0
592	501	4	0
592	71	4	0
592	99	5	0
592	705	5	0
592	319	4	0
592	95	4	0
592	1079	1	0
592	418	4	0
593	155	5	0
593	501	2	0
593	451	3	0
593	143	4	0
593	71	4	0
594	319	3	0
595	289	4	0
596	289	3	0
597	289	5	0
598	538	4	0
599	1278	5	0
599	319	2	0
600	1110	3	0
601	588	3	0
601	418	2	0
601	71	1	0
601	186	4	0
601	1079	3	0
601	473	3	0
601	419	4	0
601	132	5	0
601	1135	2	0
601	21	3	0
601	91	5	0
601	143	3	0
601	99	3	0
602	538	4	0
603	21	3	0
603	419	2	0
605	132	5	0
605	143	1	0
606	1110	2	0
606	99	4	0
606	209	4	0
606	993	5	0
606	103	3	0
606	95	4	0
606	132	5	0
606	596	4	0
606	186	5	0
606	71	5	0
606	419	4	0
606	501	4	0
606	432	5	0
606	214	4	0
606	473	4	0
606	588	5	0
606	451	3	0
606	418	5	0
606	91	5	0
607	485	3	0
608	319	4	0
608	132	2	0
608	419	4	0
608	1153	3	0
608	418	1	0
609	352	1	0
609	319	1	0
609	538	1	0
610	95	2	0
610	71	4	0
610	352	1	0
610	485	5	0
610	143	5	0
610	705	3	0
610	419	5	0
614	289	2	0
615	209	5	0
615	319	4	0
615	629	4	0
615	289	2	0
616	289	4	0
616	362	3	0
617	132	1	0
618	501	4	0
618	91	4	0
618	432	5	0
618	186	4	0
618	143	4	0
618	214	2	0
618	71	4	0
618	95	3	0
618	99	3	0
618	418	3	0
618	132	4	0
618	596	4	0
618	420	3	0
618	705	3	0
618	588	4	0
618	419	4	0
618	485	3	0
620	419	2	0
620	418	3	0
620	588	5	0
620	1091	4	0
620	91	2	0
620	501	4	0
620	71	5	0
620	420	3	0
620	99	3	0
620	432	4	0
620	95	4	0
620	596	2	0
620	993	5	0
621	624	5	0
621	95	4	0
621	91	3	0
621	588	3	0
621	143	2	0
621	419	4	0
621	418	3	0
621	542	2	0
621	501	3	0
621	420	4	0
621	451	1	0
621	432	4	0
621	71	3	0
621	142	3	0
622	588	4	0
622	501	3	0
622	99	4	0
622	142	3	0
622	1203	3	0
622	132	4	0
622	432	5	0
622	451	4	0
622	419	4	0
622	209	5	0
622	418	3	0
622	214	4	0
622	95	4	0
622	705	3	0
622	143	4	0
622	542	2	0
622	993	4	0
622	1079	2	0
623	451	4	0
623	629	3	0
623	186	3	0
624	473	3	0
624	993	4	0
624	319	3	0
625	91	4	0
625	214	4	0
625	602	3	0
625	588	4	0
625	209	3	0
625	95	3	0
625	705	3	0
626	289	1	0
627	289	2	0
627	1135	3	0
627	214	3	0
629	319	4	0
629	132	5	0
630	71	3	0
630	1079	1	0
631	289	4	0
632	705	5	0
632	432	3	0
632	71	4	0
632	419	4	0
632	91	3	0
632	143	5	0
632	95	5	0
632	485	4	0
632	132	5	0
632	451	4	0
632	186	5	0
632	99	5	0
632	588	2	0
633	143	4	0
633	71	3	0
633	289	3	0
634	596	3	0
634	21	2	0
634	473	2	0
636	596	5	0
637	289	2	0
637	596	2	0
638	186	5	0
639	155	3	0
639	835	4	0
639	451	4	0
639	1121	2	0
640	214	5	0
640	209	5	0
640	91	4	0
640	186	5	0
641	209	4	0
641	432	5	0
642	71	5	0
642	501	2	0
642	432	2	0
642	143	5	0
642	155	3	0
642	132	3	0
642	1037	2	0
642	1079	5	0
642	186	5	0
642	588	5	0
642	624	3	0
642	542	5	0
642	419	4	0
642	21	5	0
642	485	5	0
642	596	5	0
642	95	5	0
642	993	4	0
642	91	4	0
642	473	1	0
642	99	2	0
642	451	5	0
642	1091	4	0
642	418	5	0
642	142	4	0
642	420	4	0
643	501	4	0
643	143	4	0
643	155	2	0
643	209	5	0
643	132	5	0
643	418	4	0
643	630	3	0
643	99	4	0
643	186	4	0
643	629	3	0
643	420	4	0
643	451	2	0
643	419	4	0
643	432	5	0
644	289	1	0
645	91	3	0
645	209	5	0
645	186	4	0
645	214	4	0
645	319	3	0
646	319	3	0
646	352	1	0
647	705	4	0
647	993	4	0
647	71	4	0
647	588	4	0
648	629	4	0
648	1110	3	0
648	432	5	0
648	71	3	0
648	143	4	0
648	103	1	0
648	186	5	0
648	473	3	0
648	596	3	0
648	21	3	0
648	95	3	0
650	485	3	0
650	99	4	0
650	588	3	0
650	629	3	0
650	630	5	0
650	143	5	0
650	91	4	0
650	186	4	0
650	968	4	0
650	1135	2	0
650	602	4	0
650	95	3	0
650	432	4	0
650	155	2	0
650	705	4	0
650	420	3	0
650	21	2	0
650	501	3	0
650	214	3	0
650	209	3	0
650	132	4	0
650	419	4	0
650	71	3	0
650	451	2	0
650	1110	4	0
652	538	4	0
653	143	3	0
653	451	2	0
653	214	3	0
653	142	2	0
653	186	5	0
653	132	3	0
653	1135	2	0
654	418	4	0
654	473	2	0
654	95	4	0
654	588	4	0
654	596	3	0
654	143	5	0
654	71	3	0
655	1153	3	0
655	319	3	0
655	1121	3	0
655	1278	2	0
655	209	3	0
655	155	4	0
655	543	3	0
655	132	3	0
655	289	3	0
655	143	4	0
655	451	3	0
655	629	3	0
655	605	3	0
655	21	2	0
655	610	4	0
655	214	3	0
655	186	3	0
655	1135	3	0
658	1079	2	0
659	319	3	0
659	214	3	0
659	705	5	0
659	155	3	0
659	602	4	0
659	186	3	0
659	451	5	0
659	419	5	0
659	610	3	0
659	143	5	0
659	629	4	0
659	1203	4	0
660	362	2	0
660	186	3	0
660	473	2	0
660	21	3	0
660	1135	2	0
660	542	2	0
660	99	2	0
660	485	3	0
660	432	4	0
660	419	2	0
660	1110	2	0
660	209	4	0
660	132	3	0
660	71	2	0
660	91	4	0
660	95	2	0
661	95	5	0
661	209	4	0
661	132	5	0
661	501	4	0
661	418	4	0
661	71	4	0
661	538	3	0
662	319	3	0
663	289	1	0
663	319	1	0
663	588	4	0
663	473	3	0
664	186	5	0
664	209	4	0
664	588	3	0
664	705	4	0
664	95	4	0
664	132	4	0
664	71	4	0
664	319	4	0
665	186	4	0
665	143	4	0
665	418	4	0
665	588	4	0
665	319	4	0
665	432	4	0
665	419	4	0
665	71	4	0
665	538	4	0
665	473	4	0
665	214	4	0
666	186	2	0
666	91	3	0
666	132	4	0
666	1110	3	0
666	319	4	0
666	432	3	0
666	143	2	0
666	209	4	0
667	186	4	0
668	538	5	0
668	993	4	0
668	289	2	0
668	596	3	0
669	132	4	0
670	186	4	0
670	705	5	0
670	419	4	0
670	485	5	0
671	451	4	0
674	289	2	0
676	352	1	0
676	132	5	0
676	538	4	0
676	993	5	0
677	289	1	0
677	91	5	0
679	588	3	0
679	432	4	0
679	95	3	0
679	143	2	0
679	419	3	0
679	132	4	0
680	143	4	0
681	289	5	0
681	538	3	0
682	186	4	0
682	451	3	0
682	352	1	0
682	542	2	0
682	143	3	0
682	1079	3	0
682	1091	3	0
682	1153	3	0
682	71	5	0
682	209	3	0
682	1135	2	0
682	420	3	0
682	95	5	0
682	362	2	0
682	21	4	0
682	419	3	0
683	289	4	0
683	588	4	0
683	132	5	0
684	596	3	0
684	186	4	0
685	289	2	0
685	319	2	0
686	451	4	0
686	99	5	0
686	209	5	0
686	214	5	0
686	542	1	0
686	588	4	0
687	319	4	0
689	596	3	0
690	629	1	0
690	451	4	0
690	993	3	0
690	705	1	0
690	186	4	0
693	132	4	0
693	99	3	0
693	1135	3	0
693	432	4	0
693	289	3	0
693	186	2	0
693	143	4	0
693	419	2	0
694	451	4	0
694	610	4	0
694	71	4	0
694	143	4	0
694	419	4	0
694	965	4	0
694	605	4	0
694	630	3	0
694	705	5	0
694	485	4	0
694	132	5	0
694	432	4	0
694	1203	4	0
695	289	2	0
695	319	5	0
695	989	3	0
697	596	4	0
697	473	5	0
697	989	2	0
698	143	3	0
698	132	4	0
698	968	1	0
698	588	4	0
698	95	3	0
698	485	4	0
698	419	3	0
698	705	4	0
698	214	1	0
699	319	3	0
699	95	3	0
699	989	4	0
699	21	3	0
699	596	3	0
699	473	3	0
701	289	4	0
702	538	4	0
702	289	2	0
702	352	1	0
703	993	4	0
703	596	3	0
704	214	2	0
704	289	3	0
704	432	5	0
704	209	3	0
705	99	3	0
705	419	3	0
705	71	5	0
705	142	2	0
705	143	3	0
705	588	3	0
705	95	4	0
707	473	4	0
707	319	5	0
707	602	4	0
707	155	3	0
707	630	3	0
707	420	3	0
707	419	3	0
707	485	4	0
707	186	3	0
707	705	4	0
708	21	1	0
708	289	4	0
708	538	2	0
708	993	4	0
708	596	4	0
708	473	1	0
708	362	1	0
708	319	5	0
708	352	1	0
708	1079	1	0
709	451	1	0
709	155	2	0
709	209	3	0
709	214	1	0
710	432	5	0
710	501	3	0
710	420	4	0
710	418	3	0
710	99	4	0
710	95	3	0
710	142	3	0
710	419	4	0
711	485	4	0
711	132	5	0
711	419	5	0
711	95	4	0
711	214	4	0
711	432	4	0
711	186	3	0
711	143	5	0
711	542	1	0
711	420	5	0
711	451	5	0
711	155	4	0
711	99	3	0
711	71	3	0
711	588	4	0
711	91	4	0
712	418	3	0
712	1091	3	0
712	501	3	0
712	432	4	0
712	451	5	0
712	1037	4	0
712	142	4	0
712	99	4	0
712	95	4	0
712	419	3	0
712	588	4	0
712	71	5	0
712	420	3	0
712	143	5	0
712	542	4	0
713	362	1	0
714	289	3	0
715	588	4	0
715	155	4	0
715	95	4	0
715	143	3	0
715	629	2	0
715	71	3	0
716	99	5	0
716	588	4	0
716	451	4	0
716	432	5	0
716	420	4	0
716	473	4	0
716	501	5	0
716	965	2	0
716	95	4	0
716	602	5	0
716	1203	2	0
716	630	4	0
716	186	3	0
716	419	5	0
716	610	4	0
716	143	5	0
716	605	3	0
716	418	4	0
716	132	5	0
716	91	5	0
716	209	3	0
716	705	5	0
716	142	3	0
716	1286	2	0
716	485	5	0
717	289	4	0
718	289	3	0
719	214	2	0
719	289	2	0
719	71	3	0
720	319	3	0
721	319	3	0
721	989	3	0
721	289	3	0
721	209	3	0
723	289	2	0
724	538	2	0
724	989	1	0
724	352	1	0
724	289	1	0
727	596	4	0
727	155	3	0
727	91	4	0
727	186	5	0
727	132	2	0
727	71	3	0
727	209	3	0
727	419	2	0
727	542	2	0
727	95	4	0
727	993	4	0
727	451	5	0
727	432	2	0
727	588	4	0
727	538	3	0
728	319	3	0
728	289	3	0
729	362	4	0
731	132	3	0
731	588	3	0
731	95	3	0
731	705	5	0
731	419	4	0
731	143	5	0
731	485	4	0
732	289	3	0
734	485	5	0
734	605	4	0
734	132	3	0
734	143	5	0
734	705	4	0
734	419	4	0
734	99	4	0
734	95	4	0
735	289	1	0
735	319	4	0
736	1278	1	0
736	993	4	0
737	186	5	0
737	501	1	0
738	186	4	0
738	214	4	0
738	71	3	0
738	418	3	0
738	209	4	0
738	95	4	0
738	91	4	0
739	132	4	0
740	289	4	0
740	319	3	0
741	209	3	0
741	95	2	0
741	186	5	0
741	451	3	0
743	289	3	0
746	132	4	0
746	186	4	0
747	588	5	0
747	1203	5	0
747	432	5	0
747	21	2	0
747	705	5	0
747	91	5	0
747	71	5	0
747	209	3	0
747	473	3	0
747	95	3	0
747	835	3	0
747	132	4	0
747	418	5	0
747	501	5	0
747	419	5	0
747	99	5	0
747	989	3	0
747	485	5	0
747	596	5	0
748	186	5	0
748	319	3	0
748	143	3	0
748	451	1	0
748	588	4	0
748	71	3	0
748	132	3	0
748	209	4	0
749	485	4	0
749	186	4	0
749	968	3	0
749	418	5	0
749	214	3	0
749	209	4	0
749	99	5	0
749	132	4	0
749	142	4	0
749	95	3	0
749	501	4	0
749	419	5	0
749	155	2	0
749	420	4	0
749	705	4	0
749	71	4	0
749	143	4	0
751	418	5	0
751	419	4	0
751	432	4	0
751	95	5	0
751	485	4	0
751	538	4	0
751	588	5	0
751	142	4	0
751	91	4	0
751	143	5	0
751	214	4	0
751	596	4	0
751	21	5	0
751	99	4	0
751	209	4	0
752	289	1	0
753	71	5	0
755	319	3	0
755	538	4	0
755	289	1	0
756	419	3	0
756	432	4	0
756	91	3	0
756	143	5	0
756	588	4	0
756	418	3	0
756	95	3	0
756	289	4	0
756	501	3	0
756	473	3	0
756	99	3	0
756	420	4	0
756	155	4	0
756	71	3	0
757	432	3	0
757	143	3	0
757	91	4	0
757	588	3	0
757	71	4	0
757	95	4	0
757	155	2	0
758	968	5	0
758	705	5	0
758	289	2	0
758	186	5	0
758	99	3	0
758	95	3	0
758	155	1	0
758	362	5	0
758	352	4	0
758	143	5	0
758	420	3	0
758	91	4	0
758	319	4	0
758	629	4	0
758	542	2	0
758	605	3	0
758	1135	2	0
758	209	5	0
758	419	4	0
760	451	5	0
760	1037	5	0
760	1135	4	0
760	71	4	0
761	214	1	0
761	289	2	0
763	629	5	0
763	99	4	0
763	209	4	0
763	432	5	0
763	588	4	0
763	132	3	0
763	143	3	0
763	418	4	0
764	21	2	0
764	418	4	0
764	95	5	0
764	71	5	0
764	99	4	0
764	143	5	0
764	596	3	0
764	132	5	0
764	432	5	0
764	588	5	0
764	289	5	0
766	588	3	0
766	630	3	0
766	968	4	0
766	71	3	0
766	705	4	0
766	1203	3	0
766	451	2	0
766	132	4	0
766	485	3	0
766	419	3	0
766	432	3	0
766	99	3	0
766	95	3	0
766	209	3	0
766	91	5	0
766	186	3	0
766	605	3	0
766	965	3	0
766	602	4	0
766	1298	3	0
766	214	2	0
767	432	5	0
767	1121	5	0
769	473	3	0
770	596	4	0
770	289	5	0
770	473	5	0
771	588	5	0
771	95	4	0
771	542	4	0
771	596	4	0
771	993	4	0
771	71	5	0
771	91	4	0
771	289	4	0
773	91	4	0
773	588	1	0
773	432	4	0
773	209	5	0
774	501	1	0
774	1110	1	0
774	418	2	0
774	186	3	0
774	214	3	0
774	1079	1	0
774	1091	1	0
774	91	1	0
774	451	1	0
776	132	3	0
776	21	3	0
776	95	4	0
776	91	4	0
776	485	2	0
776	588	4	0
776	432	1	0
777	1079	2	0
778	132	2	0
778	629	2	0
778	451	1	0
778	186	4	0
778	209	4	0
778	143	1	0
779	95	5	0
779	21	5	0
779	71	4	0
779	596	4	0
780	186	4	0
780	419	4	0
780	485	4	0
780	705	5	0
781	289	3	0
782	352	1	0
782	1278	4	0
782	538	4	0
782	993	3	0
782	289	3	0
782	989	3	0
785	209	3	0
786	132	5	0
786	451	2	0
786	99	4	0
786	419	4	0
786	418	4	0
786	501	4	0
786	95	5	0
786	71	5	0
786	186	4	0
786	588	5	0
786	289	4	0
786	143	4	0
787	319	3	0
787	352	2	0
787	362	3	0
788	289	4	0
788	451	4	0
788	1459	2	0
788	1135	2	0
788	630	2	0
788	186	3	0
788	132	5	0
788	71	3	0
788	629	1	0
788	432	1	0
790	91	3	0
790	143	3	0
790	451	3	0
790	214	3	0
790	209	1	0
790	1091	1	0
790	186	3	0
790	155	3	0
790	485	3	0
791	319	2	0
791	289	4	0
792	21	3	0
792	596	3	0
794	557	4	0
794	473	4	0
794	420	4	0
795	132	3	0
795	95	4	0
795	419	3	0
795	214	4	0
795	209	5	0
795	21	3	0
795	432	3	0
795	705	4	0
795	319	4	0
795	588	5	0
795	91	5	0
795	473	2	0
795	1110	3	0
795	143	3	0
795	186	3	0
796	95	4	0
796	705	4	0
796	155	5	0
796	91	2	0
796	588	5	0
796	432	2	0
796	542	3	0
796	186	3	0
796	99	3	0
796	419	5	0
796	451	5	0
796	418	4	0
796	209	3	0
796	1037	2	0
796	71	4	0
796	143	5	0
796	132	4	0
796	485	4	0
798	432	4	0
798	588	4	0
798	155	3	0
798	142	3	0
798	610	3	0
798	143	5	0
798	132	4	0
798	602	3	0
798	289	3	0
798	21	5	0
798	71	3	0
798	420	3	0
798	473	2	0
798	419	4	0
798	451	2	0
798	993	3	0
798	705	4	0
798	485	5	0
798	418	4	0
798	95	5	0
799	319	4	0
799	289	3	0
800	289	4	0
803	538	4	0
803	289	3	0
804	95	2	0
804	1079	4	0
804	629	3	0
804	209	3	0
804	993	2	0
804	588	4	0
804	143	3	0
804	132	4	0
804	186	4	0
804	99	4	0
804	432	3	0
804	155	3	0
804	91	4	0
804	451	2	0
804	473	4	0
804	71	4	0
804	624	2	0
804	419	3	0
805	501	5	0
805	1110	5	0
805	352	5	0
805	319	2	0
805	21	2	0
805	473	4	0
805	629	3	0
805	451	5	0
805	214	2	0
805	418	2	0
805	71	3	0
805	91	5	0
805	420	4	0
805	142	4	0
805	209	4	0
805	99	2	0
805	155	1	0
805	95	3	0
805	419	4	0
805	1091	2	0
805	432	5	0
805	143	3	0
805	588	2	0
806	629	3	0
806	143	5	0
806	155	3	0
806	419	5	0
806	705	4	0
806	186	4	0
806	209	3	0
806	95	5	0
806	485	5	0
806	588	4	0
807	420	3	0
807	968	4	0
807	473	3	0
807	21	4	0
807	610	3	0
807	432	5	0
807	95	4	0
807	71	5	0
807	705	4	0
807	588	5	0
807	142	3	0
807	542	5	0
807	630	4	0
807	543	2	0
807	99	5	0
807	605	3	0
807	91	5	0
807	418	4	0
807	132	4	0
807	485	5	0
807	1091	3	0
807	186	4	0
807	143	4	0
807	624	3	0
807	602	5	0
807	451	5	0
807	501	3	0
807	419	5	0
807	289	4	0
807	596	4	0
809	319	3	0
809	289	1	0
810	289	5	0
811	289	2	0
812	289	1	0
813	289	4	0
813	538	3	0
815	602	3	0
815	132	5	0
815	214	5	0
815	485	4	0
815	99	4	0
815	418	4	0
815	588	5	0
815	432	5	0
815	95	3	0
815	143	5	0
815	451	3	0
815	629	4	0
815	542	4	0
815	993	2	0
815	501	3	0
815	91	3	0
815	71	5	0
815	596	5	0
815	705	5	0
815	835	3	0
815	419	3	0
817	289	2	0
819	319	4	0
820	538	3	0
820	289	2	0
821	95	5	0
821	705	5	0
821	71	5	0
821	132	5	0
821	993	4	0
821	473	3	0
822	588	2	0
822	1091	1	0
822	95	4	0
822	91	3	0
822	71	4	0
822	1110	4	0
822	432	3	0
823	155	3	0
823	588	3	0
823	209	4	0
823	473	3	0
823	143	4	0
823	91	3	0
823	95	4	0
823	71	3	0
823	186	4	0
823	419	4	0
823	1135	3	0
823	418	4	0
824	989	2	0
824	289	2	0
824	319	2	0
825	289	1	0
826	588	4	0
826	91	4	0
826	624	4	0
826	99	3	0
826	501	3	0
826	95	5	0
826	71	5	0
826	432	3	0
826	1091	3	0
826	1110	4	0
826	420	3	0
827	289	3	0
828	1153	3	0
828	557	2	0
829	319	4	0
829	1121	4	0
829	705	4	0
830	501	3	0
830	588	5	0
830	968	4	0
830	71	4	0
830	418	3	0
830	432	3	0
830	451	4	0
830	99	3	0
830	95	3	0
833	186	1	0
833	289	1	0
833	209	5	0
833	432	4	0
833	451	1	0
835	610	5	0
835	543	5	0
835	143	5	0
835	186	4	0
835	1278	5	0
835	588	3	0
835	132	5	0
835	485	5	0
835	1153	4	0
836	419	2	0
836	289	1	0
837	596	3	0
837	289	5	0
838	143	5	0
838	993	3	0
838	71	3	0
838	289	5	0
838	419	5	0
838	705	5	0
838	596	5	0
839	319	1	0
840	99	5	0
840	501	4	0
840	209	4	0
840	186	4	0
840	588	4	0
840	473	5	0
840	71	3	0
840	132	4	0
840	143	4	0
840	432	5	0
840	91	5	0
840	705	4	0
840	419	5	0
842	362	3	0
843	419	2	0
843	214	3	0
843	596	3	0
843	542	2	0
843	99	2	0
843	132	3	0
843	143	2	0
843	95	2	0
843	186	2	0
843	432	2	0
843	209	3	0
843	485	2	0
843	473	2	0
843	588	2	0
843	501	2	0
843	420	3	0
843	142	2	0
843	91	3	0
843	71	2	0
843	1135	3	0
843	21	2	0
844	95	4	0
844	418	3	0
844	588	4	0
844	432	5	0
844	71	3	0
844	99	3	0
846	142	3	0
846	451	4	0
846	99	4	0
846	485	5	0
846	186	5	0
846	132	5	0
846	419	5	0
846	95	3	0
846	630	3	0
846	143	5	0
846	588	4	0
846	602	4	0
846	209	4	0
846	705	3	0
846	610	4	0
846	71	4	0
846	542	3	0
846	91	4	0
846	1286	4	0
846	289	4	0
846	432	3	0
846	1110	3	0
847	95	4	0
847	602	3	0
847	596	3	0
847	419	3	0
847	71	4	0
847	705	3	0
847	142	3	0
847	485	3	0
847	289	5	0
847	99	2	0
847	501	3	0
847	473	2	0
848	588	3	0
848	214	5	0
848	71	5	0
848	610	5	0
848	501	3	0
848	419	5	0
848	451	4	0
848	132	5	0
848	95	5	0
848	432	2	0
848	186	5	0
848	209	5	0
848	485	5	0
848	99	3	0
849	143	5	0
849	588	5	0
850	485	5	0
850	419	5	0
850	705	5	0
850	71	5	0
850	95	5	0
850	132	5	0
851	473	4	0
851	95	4	0
851	588	4	0
851	352	1	0
851	132	4	0
851	71	4	0
852	289	2	0
852	473	3	0
854	705	4	0
854	132	5	0
854	186	3	0
854	289	2	0
856	289	1	0
858	289	3	0
860	289	3	0
860	629	3	0
861	319	5	0
861	289	5	0
862	186	3	0
862	1110	5	0
862	99	4	0
862	432	5	0
862	91	5	0
862	214	3	0
862	143	5	0
862	485	5	0
862	132	5	0
863	538	2	0
863	362	1	0
863	319	2	0
863	352	1	0
863	289	4	0
864	91	5	0
864	418	3	0
864	588	3	0
864	186	4	0
864	629	3	0
864	99	3	0
864	596	4	0
864	419	4	0
864	209	3	0
864	501	3	0
864	432	2	0
864	71	3	0
864	132	5	0
864	451	4	0
864	143	4	0
864	214	2	0
864	1135	3	0
864	473	4	0
864	95	5	0
864	542	4	0
864	993	4	0
865	432	1	0
865	588	2	0
865	473	3	0
865	21	2	0
865	418	1	0
865	91	3	0
865	95	1	0
865	99	1	0
865	501	1	0
865	71	1	0
866	319	4	0
867	289	5	0
867	588	3	0
867	186	5	0
867	132	3	0
868	132	4	0
868	451	2	0
868	95	2	0
868	142	1	0
868	588	1	0
868	209	4	0
868	419	3	0
868	155	2	0
868	91	3	0
868	214	3	0
868	432	2	0
868	186	2	0
868	501	3	0
868	1037	1	0
869	596	3	0
869	1079	2	0
870	289	2	0
870	21	3	0
870	186	4	0
870	209	4	0
870	95	4	0
870	132	4	0
871	289	3	0
871	352	3	0
871	989	3	0
873	289	2	0
874	289	4	0
875	71	2	0
875	501	4	0
875	418	4	0
875	289	4	0
876	289	3	0
877	557	4	0
877	155	2	0
877	451	4	0
877	538	4	0
878	432	3	0
878	451	2	0
878	485	3	0
878	99	4	0
878	71	4	0
878	588	2	0
878	418	3	0
878	155	3	0
878	1121	2	0
879	596	2	0
880	418	4	0
880	209	3	0
880	186	4	0
880	71	4	0
880	99	3	0
880	21	2	0
880	473	3	0
880	91	3	0
880	451	2	0
880	95	3	0
880	588	4	0
881	21	3	0
881	451	1	0
881	473	2	0
881	630	4	0
881	289	1	0
881	542	1	0
881	705	1	0
881	143	5	0
881	596	3	0
881	420	3	0
881	99	3	0
881	103	1	0
881	588	3	0
881	132	3	0
881	95	4	0
881	214	4	0
881	209	3	0
881	432	3	0
881	71	4	0
881	419	5	0
881	186	3	0
882	99	5	0
882	143	4	0
882	473	3	0
882	420	5	0
882	186	5	0
882	71	5	0
882	95	4	0
882	21	2	0
882	501	5	0
882	432	5	0
882	419	5	0
882	132	5	0
882	588	4	0
883	209	3	0
883	289	5	0
883	1121	3	0
883	319	3	0
883	989	5	0
885	418	4	0
885	501	3	0
885	588	4	0
885	143	4	0
885	91	3	0
885	142	2	0
885	209	2	0
885	538	4	0
885	71	4	0
885	95	4	0
885	419	4	0
885	186	4	0
885	99	4	0
885	432	4	0
885	420	4	0
885	451	2	0
885	596	4	0
886	95	5	0
886	451	3	0
886	419	3	0
886	214	3	0
886	71	4	0
886	132	3	0
886	186	4	0
886	209	4	0
887	132	4	0
887	419	2	0
887	432	5	0
887	1278	2	0
887	993	5	0
887	588	4	0
887	420	5	0
887	289	5	0
887	142	1	0
887	99	5	0
887	596	5	0
887	1079	1	0
887	473	4	0
887	71	5	0
887	91	5	0
887	95	4	0
887	501	4	0
887	418	4	0
887	143	5	0
889	451	3	0
889	186	5	0
889	91	4	0
889	209	2	0
889	71	3	0
889	95	4	0
889	473	4	0
889	132	4	0
889	1079	2	0
889	155	3	0
889	1153	4	0
889	705	4	0
889	1110	3	0
890	451	2	0
890	214	4	0
890	501	4	0
890	132	5	0
890	186	2	0
890	142	3	0
891	1278	5	0
892	501	3	0
892	420	2	0
892	432	4	0
892	155	2	0
892	542	1	0
892	143	2	0
892	186	3	0
892	1091	2	0
892	99	3	0
892	95	4	0
892	596	3	0
892	214	2	0
892	132	5	0
892	71	3	0
892	419	3	0
892	588	5	0
892	705	4	0
892	418	4	0
892	473	3	0
894	319	4	0
894	289	2	0
894	1153	3	0
896	132	3	0
896	557	3	0
896	588	5	0
896	91	2	0
896	473	2	0
896	186	4	0
896	71	5	0
896	705	5	0
896	95	4	0
896	143	4	0
896	993	4	0
896	209	3	0
896	420	4	0
896	596	2	0
896	542	3	0
897	501	5	0
897	71	5	0
897	419	4	0
897	99	5	0
897	214	5	0
897	473	3	0
897	186	5	0
897	132	5	0
897	418	4	0
897	95	3	0
897	143	5	0
897	451	4	0
897	485	3	0
897	705	3	0
897	588	4	0
898	319	5	0
899	214	4	0
899	209	5	0
899	588	3	0
899	95	5	0
899	71	4	0
899	186	4	0
900	186	2	0
900	602	1	0
900	1298	2	0
901	451	4	0
901	155	5	0
901	142	4	0
901	419	5	0
901	71	4	0
901	95	4	0
901	91	1	0
902	289	3	0
902	989	2	0
902	993	3	0
902	95	4	0
903	214	4	0
903	91	5	0
903	186	5	0
904	155	4	0
904	289	5	0
904	451	4	0
905	319	2	0
906	473	4	0
907	596	4	0
907	485	5	0
907	71	5	0
907	143	5	0
908	419	4	0
908	209	3	0
909	1121	5	0
909	289	3	0
910	289	3	0
911	451	2	0
911	420	4	0
911	432	3	0
911	142	4	0
911	209	5	0
911	485	3	0
911	186	5	0
911	419	5	0
911	501	3	0
911	1203	4	0
911	588	4	0
911	473	3	0
911	835	3	0
911	143	5	0
911	21	4	0
911	99	3	0
912	602	5	0
912	610	4	0
912	143	5	0
912	501	4	0
912	419	4	0
912	132	5	0
912	186	3	0
912	418	4	0
913	95	4	0
913	209	2	0
913	418	3	0
913	186	3	0
913	432	3	0
913	143	5	0
913	588	3	0
913	132	3	0
913	99	4	0
913	419	5	0
913	289	5	0
913	596	1	0
914	451	2	0
914	155	5	0
916	451	3	0
916	1135	3	0
916	91	4	0
916	132	3	0
916	214	3	0
916	71	3	0
916	1079	2	0
916	209	3	0
916	557	4	0
916	155	2	0
916	143	3	0
916	186	3	0
917	473	3	0
917	289	4	0
918	419	3	0
918	132	4	0
918	289	2	0
918	965	4	0
918	143	4	0
918	485	3	0
918	630	3	0
919	289	3	0
919	99	4	0
919	419	5	0
919	319	3	0
919	95	4	0
919	418	4	0
919	432	4	0
919	989	2	0
919	1278	4	0
919	21	2	0
919	596	3	0
921	538	4	0
921	419	5	0
921	132	3	0
921	71	4	0
921	143	5	0
922	596	4	0
922	95	3	0
922	451	4	0
922	71	4	0
922	1110	4	0
922	91	4	0
922	588	4	0
922	1079	1	0
922	432	5	0
922	99	4	0
922	155	2	0
922	214	2	0
922	418	4	0
922	143	4	0
924	71	5	0
924	605	3	0
924	705	5	0
926	289	3	0
927	501	4	0
927	420	5	0
927	542	2	0
927	91	4	0
927	588	5	0
927	99	2	0
927	155	4	0
927	95	5	0
927	143	3	0
927	71	5	0
927	132	2	0
929	419	4	0
929	209	3	0
930	705	2	0
930	143	2	0
931	362	3	0
932	99	4	0
932	705	4	0
932	209	5	0
932	968	4	0
932	155	3	0
932	1121	5	0
932	432	4	0
933	95	3	0
933	21	1	0
933	132	3	0
933	186	4	0
933	214	3	0
933	1037	1	0
933	209	2	0
933	451	1	0
933	1110	3	0
934	705	4	0
934	965	4	0
934	419	4	0
934	1203	5	0
934	602	3	0
934	501	4	0
934	420	4	0
934	630	4	0
934	605	4	0
934	186	2	0
934	99	3	0
934	209	1	0
934	432	5	0
934	629	4	0
934	1037	1	0
934	624	4	0
934	451	4	0
934	1135	3	0
934	132	4	0
936	1079	1	0
936	319	4	0
936	289	5	0
938	993	5	0
938	596	5	0
938	289	1	0
938	473	3	0
939	993	4	0
940	209	4	0
940	629	3	0
940	420	4	0
940	95	5	0
940	319	2	0
940	610	1	0
940	289	3	0
941	993	4	0
942	71	5	0
942	705	4	0
942	362	3	0
942	95	5	0
942	99	5	0
943	186	5	0
943	419	2	0
943	132	3	0
943	485	5	0
