1	6	5	0
9	6	5	0
18	6	5	0
63	6	3	0
71	6	3	0
76	6	5	0
79	6	4	0
90	6	4	0
181	6	1	0
198	6	2	0
409	6	4	0
486	6	4	0
524	6	5	0
537	6	2	0
568	6	3	0
590	6	5	0
655	6	4	0
662	6	5	0
707	6	3	0
758	6	2	0
773	6	3	0
806	6	2	0
828	6	1	0
870	6	4	0
924	6	4	0
936	6	5	0
1	10	3	0
2	10	2	0
7	10	4	0
49	10	3	0
59	10	4	0
63	10	4	0
64	10	5	0
79	10	5	0
85	10	4	0
90	10	5	0
104	10	2	0
108	10	5	0
151	10	5	0
158	10	4	0
181	10	2	0
189	10	5	0
201	10	3	0
230	10	3	0
234	10	3	0
239	10	5	0
243	10	4	0
268	10	4	0
279	10	4	0
292	10	5	0
294	10	3	0
296	10	2	0
299	10	5	0
312	10	5	0
327	10	4	0
328	10	4	0
334	10	4	0
343	10	4	0
349	10	5	0
354	10	5	0
357	10	5	0
360	10	5	0
378	10	3	0
387	10	4	0
402	10	2	0
406	10	3	0
416	10	3	0
423	10	4	0
430	10	4	0
435	10	5	0
450	10	4	0
460	10	3	0
463	10	1	0
467	10	4	0
469	10	5	0
473	10	3	0
486	10	4	0
496	10	5	0
498	10	5	0
500	10	3	0
503	10	5	0
506	10	2	0
514	10	4	0
518	10	3	0
533	10	2	0
536	10	4	0
537	10	4	0
561	10	3	0
565	10	5	0
567	10	4	0
573	10	4	0
585	10	3	0
636	10	5	0
662	10	4	0
698	10	4	0
699	10	4	0
707	10	5	0
711	10	5	0
733	10	3	0
745	10	5	0
765	10	4	0
788	10	4	0
790	10	1	0
795	10	4	0
804	10	4	0
828	10	3	0
829	10	3	0
851	10	3	0
861	10	3	0
862	10	5	0
870	10	4	0
883	10	5	0
886	10	3	0
894	10	4	0
906	10	4	0
1	19	5	0
2	19	3	0
6	19	4	0
14	19	5	0
18	19	3	0
23	19	4	0
52	19	5	0
79	19	5	0
90	19	3	0
131	19	4	0
136	19	4	0
144	19	4	0
181	19	1	0
227	19	4	0
264	19	5	0
296	19	5	0
299	19	1	0
306	19	5	0
308	19	3	0
316	19	5	0
321	19	4	0
334	19	4	0
344	19	4	0
354	19	5	0
383	19	4	0
402	19	4	0
420	19	3	0
430	19	5	0
459	19	3	0
460	19	5	0
463	19	5	0
468	19	4	0
470	19	4	0
491	19	4	0
497	19	4	0
503	19	5	0
514	19	4	0
527	19	3	0
533	19	3	0
537	19	4	0
539	19	5	0
558	19	5	0
561	19	3	0
569	19	5	0
585	19	3	0
590	19	5	0
594	19	3	0
607	19	3	0
639	19	4	0
655	19	2	0
699	19	4	0
701	19	5	0
725	19	5	0
733	19	5	0
794	19	4	0
828	19	5	0
837	19	4	0
854	19	3	0
857	19	4	0
876	19	5	0
878	19	4	0
883	19	2	0
894	19	4	0
896	19	2	0
907	19	5	0
913	19	5	0
919	19	4	0
936	19	5	0
937	19	1	0
1	30	3	0
59	30	5	0
60	30	5	0
85	30	3	0
90	30	5	0
189	30	4	0
194	30	3	0
234	30	4	0
279	30	2	0
308	30	4	0
321	30	4	0
339	30	3	0
381	30	4	0
385	30	5	0
405	30	1	0
406	30	4	0
409	30	4	0
437	30	4	0
500	30	4	0
535	30	4	0
537	30	3	0
565	30	5	0
568	30	4	0
585	30	4	0
607	30	4	0
622	30	4	0
641	30	4	0
645	30	4	0
655	30	5	0
747	30	5	0
756	30	4	0
833	30	4	0
883	30	4	0
894	30	4	0
903	30	5	0
916	30	4	0
932	30	4	0
1	45	5	0
13	45	3	0
18	45	5	0
58	45	5	0
59	45	5	0
72	45	5	0
80	45	4	0
85	45	3	0
90	45	3	0
94	45	5	0
106	45	3	0
138	45	5	0
189	45	3	0
200	45	3	0
201	45	2	0
204	45	5	0
207	45	3	0
214	45	4	0
234	45	4	0
239	45	5	0
251	45	5	0
293	45	5	0
296	45	5	0
299	45	3	0
305	45	5	0
308	45	4	0
321	45	4	0
339	45	5	0
344	45	5	0
354	45	5	0
358	45	3	0
360	45	4	0
405	45	1	0
407	45	4	0
409	45	4	0
429	45	3	0
435	45	5	0
452	45	4	0
457	45	5	0
474	45	5	0
487	45	5	0
491	45	5	0
492	45	3	0
500	45	4	0
503	45	5	0
514	45	4	0
535	45	3	0
537	45	3	0
539	45	4	0
553	45	4	0
561	45	3	0
571	45	4	0
585	45	5	0
591	45	5	0
607	45	4	0
633	45	3	0
655	45	3	0
658	45	5	0
664	45	4	0
707	45	4	0
773	45	4	0
796	45	3	0
799	45	4	0
805	45	4	0
806	45	4	0
828	45	4	0
838	45	4	0
840	45	4	0
844	45	4	0
855	45	3	0
861	45	5	0
862	45	4	0
870	45	5	0
875	45	3	0
878	45	3	0
883	45	5	0
894	45	4	0
918	45	4	0
930	45	4	0
932	45	5	0
1	46	4	0
92	46	4	0
122	46	5	0
195	46	3	0
201	46	4	0
239	46	4	0
276	46	3	0
291	46	4	0
303	46	3	0
315	46	4	0
328	46	2	0
385	46	5	0
387	46	3	0
405	46	1	0
456	46	3	0
506	46	3	0
537	46	3	0
561	46	4	0
622	46	4	0
645	46	5	0
655	46	4	0
666	46	4	0
788	46	3	0
846	46	4	0
896	46	2	0
903	46	4	0
916	46	4	0
1	57	5	0
11	57	2	0
18	57	4	0
49	57	4	0
85	57	5	0
90	57	5	0
121	57	5	0
122	57	2	0
184	57	5	0
201	57	4	0
233	57	5	0
236	57	5	0
257	57	5	0
276	57	3	0
286	57	5	0
297	57	5	0
312	57	5	0
342	57	3	0
343	57	5	0
354	57	5	0
370	57	5	0
399	57	4	0
405	57	1	0
406	57	4	0
440	57	5	0
455	57	4	0
456	57	4	0
457	57	4	0
458	57	1	0
639	57	3	0
655	57	3	0
664	57	4	0
707	57	4	0
815	57	5	0
828	57	3	0
846	57	2	0
878	57	4	0
894	57	4	0
913	57	4	0
919	57	5	0
1	59	5	0
6	59	5	0
10	59	4	0
13	59	4	0
18	59	4	0
23	59	4	0
59	59	5	0
60	59	5	0
62	59	4	0
73	59	5	0
76	59	4	0
90	59	5	0
106	59	4	0
144	59	4	0
145	59	1	0
160	59	4	0
177	59	4	0
189	59	3	0
195	59	3	0
201	59	4	0
207	59	4	0
221	59	2	0
257	59	5	0
268	59	5	0
269	59	4	0
279	59	4	0
299	59	5	0
305	59	3	0
308	59	4	0
321	59	4	0
331	59	5	0
334	59	5	0
354	59	5	0
358	59	4	0
361	59	4	0
378	59	4	0
380	59	4	0
381	59	3	0
382	59	5	0
385	59	2	0
389	59	5	0
391	59	5	0
392	59	4	0
405	59	1	0
409	59	5	0
433	59	5	0
449	59	5	0
450	59	4	0
453	59	2	0
456	59	4	0
457	59	5	0
474	59	3	0
493	59	5	0
498	59	4	0
500	59	4	0
527	59	5	0
535	59	3	0
537	59	3	0
539	59	5	0
543	59	4	0
567	59	5	0
568	59	1	0
585	59	4	0
592	59	4	0
608	59	5	0
639	59	3	0
641	59	4	0
645	59	5	0
655	59	4	0
712	59	2	0
763	59	5	0
773	59	5	0
828	59	5	0
846	59	4	0
855	59	3	0
862	59	5	0
868	59	4	0
877	59	5	0
878	59	3	0
883	59	5	0
889	59	4	0
894	59	5	0
903	59	4	0
1	60	5	0
10	60	3	0
13	60	4	0
18	60	4	0
59	60	5	0
60	60	5	0
76	60	4	0
90	60	4	0
177	60	4	0
189	60	3	0
195	60	3	0
207	60	3	0
251	60	4	0
257	60	5	0
268	60	5	0
270	60	5	0
279	60	4	0
295	60	5	0
299	60	5	0
305	60	3	0
308	60	3	0
321	60	4	0
354	60	5	0
361	60	4	0
380	60	4	0
391	60	5	0
405	60	1	0
409	60	5	0
433	60	5	0
449	60	5	0
450	60	3	0
452	60	1	0
456	60	4	0
474	60	3	0
493	60	2	0
500	60	5	0
524	60	5	0
527	60	4	0
530	60	5	0
535	60	5	0
537	60	3	0
543	60	5	0
567	60	5	0
585	60	4	0
592	60	4	0
639	60	3	0
645	60	5	0
655	60	3	0
712	60	1	0
763	60	5	0
773	60	5	0
828	60	4	0
838	60	4	0
846	60	4	0
855	60	3	0
862	60	5	0
877	60	5	0
878	60	4	0
883	60	5	0
889	60	3	0
894	60	5	0
903	60	4	0
913	60	3	0
916	60	4	0
1	61	4	0
13	61	4	0
18	61	4	0
58	61	5	0
59	61	4	0
60	61	4	0
76	61	4	0
94	61	5	0
144	61	3	0
154	61	4	0
160	61	4	0
189	61	3	0
195	61	3	0
201	61	2	0
257	61	5	0
268	61	4	0
279	61	4	0
296	61	3	0
299	61	4	0
305	61	4	0
308	61	3	0
321	61	5	0
334	61	3	0
354	61	5	0
380	61	4	0
385	61	2	0
387	61	3	0
391	61	5	0
405	61	1	0
409	61	4	0
449	61	5	0
450	61	4	0
452	61	1	0
456	61	4	0
474	61	3	0
493	61	4	0
498	61	4	0
500	61	4	0
535	61	3	0
537	61	4	0
543	61	4	0
585	61	4	0
592	61	4	0
608	61	5	0
639	61	3	0
645	61	5	0
655	61	3	0
712	61	3	0
758	61	3	0
763	61	5	0
773	61	5	0
828	61	5	0
846	61	3	0
862	61	5	0
868	61	5	0
877	61	5	0
883	61	5	0
894	61	4	0
903	61	4	0
1	113	5	0
18	113	5	0
257	113	4	0
387	113	4	0
585	113	3	0
655	113	3	0
883	113	4	0
894	113	4	0
930	113	5	0
1	114	5	0
25	114	5	0
43	114	5	0
56	114	4	0
62	114	4	0
75	114	4	0
148	114	5	0
151	114	5	0
185	114	4	0
210	114	4	0
214	114	4	0
219	114	5	0
239	114	3	0
244	114	4	0
248	114	5	0
249	114	5	0
267	114	5	0
268	114	5	0
279	114	5	0
296	114	5	0
297	114	5	0
299	114	4	0
307	114	5	0
312	114	5	0
313	114	4	0
325	114	5	0
342	114	5	0
358	114	5	0
363	114	5	0
369	114	5	0
370	114	3	0
373	114	5	0
380	114	3	0
385	114	5	0
387	114	5	0
392	114	4	0
399	114	4	0
412	114	4	0
429	114	5	0
450	114	5	0
454	114	3	0
457	114	5	0
465	114	4	0
480	114	4	0
497	114	4	0
514	114	5	0
523	114	5	0
543	114	4	0
562	114	1	0
571	114	4	0
584	114	4	0
643	114	4	0
654	114	5	0
666	114	4	0
669	114	5	0
676	114	5	0
711	114	5	0
727	114	5	0
748	114	4	0
771	114	4	0
815	114	5	0
838	114	4	0
864	114	5	0
868	114	5	0
924	114	3	0
928	114	5	0
932	114	5	0
1	115	5	0
92	115	3	0
97	115	5	0
292	115	4	0
295	115	5	0
299	115	3	0
325	115	3	0
334	115	5	0
406	115	4	0
409	115	2	0
424	115	1	0
435	115	4	0
493	115	4	0
508	115	3	0
887	115	5	0
1	165	5	0
6	165	5	0
13	165	3	0
18	165	4	0
106	165	5	0
121	165	4	0
123	165	5	0
144	165	4	0
184	165	4	0
189	165	5	0
194	165	4	0
232	165	4	0
234	165	5	0
239	165	5	0
257	165	4	0
279	165	4	0
292	165	4	0
293	165	3	0
299	165	4	0
305	165	4	0
308	165	3	0
312	165	5	0
342	165	3	0
354	165	4	0
360	165	4	0
361	165	5	0
373	165	5	0
392	165	5	0
409	165	4	0
429	165	5	0
430	165	4	0
437	165	4	0
480	165	5	0
499	165	5	0
535	165	4	0
543	165	4	0
557	165	5	0
565	165	4	0
566	165	5	0
568	165	4	0
584	165	1	0
585	165	4	0
588	165	2	0
622	165	5	0
625	165	3	0
639	165	3	0
642	165	4	0
655	165	3	0
661	165	5	0
707	165	3	0
734	165	3	0
836	165	4	0
840	165	5	0
848	165	5	0
855	165	4	0
878	165	4	0
884	165	3	0
889	165	3	0
894	165	4	0
909	165	5	0
918	165	4	0
928	165	5	0
930	165	5	0
932	165	4	0
1	166	5	0
6	166	4	0
7	166	3	0
13	166	5	0
18	166	4	0
60	166	4	0
90	166	4	0
124	166	5	0
184	166	3	0
189	166	4	0
214	166	4	0
232	166	4	0
234	166	5	0
257	166	4	0
279	166	4	0
293	166	3	0
299	166	4	0
305	166	4	0
308	166	3	0
312	166	5	0
354	166	4	0
360	166	5	0
361	166	4	0
369	166	4	0
373	166	5	0
383	166	4	0
392	166	5	0
409	166	4	0
429	166	5	0
437	166	4	0
450	166	5	0
480	166	5	0
499	166	5	0
503	166	5	0
523	166	4	0
535	166	4	0
557	166	4	0
565	166	4	0
566	166	4	0
585	166	4	0
608	166	3	0
622	166	5	0
625	166	3	0
639	166	3	0
642	166	5	0
655	166	3	0
661	166	5	0
707	166	3	0
734	166	3	0
840	166	5	0
848	166	5	0
855	166	4	0
878	166	4	0
884	166	3	0
894	166	4	0
909	166	5	0
918	166	4	0
933	166	3	0
1	169	5	0
5	169	5	0
6	169	4	0
18	169	5	0
25	169	5	0
43	169	5	0
56	169	4	0
58	169	4	0
59	169	4	0
70	169	4	0
81	169	4	0
82	169	4	0
92	169	5	0
97	169	5	0
142	169	5	0
148	169	5	0
151	169	5	0
160	169	4	0
165	169	5	0
167	169	1	0
200	169	5	0
214	169	4	0
216	169	3	0
226	169	5	0
237	169	5	0
244	169	5	0
249	169	5	0
262	169	3	0
267	169	5	0
268	169	5	0
271	169	5	0
275	169	3	0
276	169	5	0
279	169	5	0
286	169	3	0
292	169	5	0
299	169	4	0
305	169	5	0
307	169	5	0
308	169	5	0
312	169	5	0
327	169	2	0
329	169	4	0
334	169	4	0
338	169	5	0
342	169	5	0
343	169	5	0
344	169	5	0
354	169	3	0
363	169	5	0
373	169	5	0
385	169	5	0
387	169	5	0
392	169	4	0
393	169	3	0
405	169	1	0
407	169	5	0
412	169	4	0
417	169	3	0
435	169	5	0
450	169	5	0
454	169	4	0
457	169	5	0
458	169	5	0
465	169	4	0
479	169	5	0
480	169	5	0
497	169	4	0
514	169	5	0
516	169	5	0
523	169	5	0
527	169	4	0
533	169	4	0
536	169	5	0
543	169	4	0
555	169	5	0
579	169	4	0
592	169	5	0
622	169	5	0
625	169	5	0
640	169	5	0
643	169	4	0
648	169	5	0
654	169	5	0
658	169	5	0
661	169	5	0
664	169	5	0
666	169	4	0
669	169	3	0
676	169	5	0
679	169	3	0
680	169	5	0
700	169	3	0
711	169	5	0
723	169	4	0
727	169	5	0
737	169	4	0
738	169	5	0
745	169	4	0
747	169	5	0
748	169	4	0
771	169	5	0
773	169	5	0
795	169	5	0
805	169	4	0
806	169	5	0
822	169	4	0
838	169	4	0
840	169	5	0
864	169	5	0
865	169	5	0
868	169	5	0
870	169	4	0
875	169	5	0
885	169	5	0
889	169	5	0
913	169	4	0
932	169	5	0
1	171	5	0
7	171	3	0
23	171	5	0
49	171	4	0
58	171	5	0
62	171	4	0
73	171	5	0
90	171	2	0
92	171	4	0
114	171	4	0
118	171	5	0
151	171	5	0
201	171	3	0
207	171	3	0
214	171	4	0
239	171	5	0
244	171	5	0
269	171	5	0
276	171	4	0
286	171	4	0
299	171	4	0
303	171	4	0
305	171	5	0
308	171	4	0
334	171	4	0
354	171	4	0
363	171	5	0
382	171	3	0
385	171	3	0
397	171	5	0
405	171	1	0
409	171	4	0
417	171	3	0
425	171	3	0
435	171	5	0
440	171	5	0
449	171	4	0
452	171	4	0
474	171	4	0
493	171	5	0
498	171	3	0
535	171	3	0
537	171	3	0
561	171	5	0
565	171	5	0
585	171	3	0
655	171	2	0
658	171	4	0
737	171	4	0
756	171	4	0
758	171	5	0
763	171	3	0
773	171	5	0
828	171	3	0
854	171	4	0
855	171	3	0
870	171	4	0
875	171	5	0
886	171	4	0
889	171	4	0
894	171	3	0
913	171	3	0
916	171	4	0
930	171	1	0
940	171	2	0
1	189	3	0
5	189	5	0
6	189	3	0
18	189	5	0
23	189	5	0
25	189	5	0
29	189	4	0
43	189	5	0
56	189	4	0
58	189	3	0
70	189	4	0
92	189	4	0
97	189	4	0
142	189	4	0
148	189	4	0
151	189	5	0
216	189	3	0
267	189	4	0
268	189	4	0
276	189	4	0
279	189	5	0
286	189	3	0
305	189	5	0
307	189	4	0
312	189	5	0
338	189	4	0
342	189	5	0
343	189	4	0
354	189	3	0
363	189	5	0
373	189	5	0
385	189	5	0
387	189	5	0
392	189	4	0
393	189	4	0
405	189	1	0
407	189	4	0
437	189	2	0
458	189	4	0
479	189	2	0
497	189	4	0
514	189	5	0
523	189	5	0
536	189	5	0
592	189	5	0
640	189	5	0
643	189	4	0
654	189	4	0
661	189	4	0
711	189	5	0
723	189	3	0
738	189	4	0
747	189	4	0
748	189	4	0
771	189	5	0
773	189	5	0
774	189	2	0
795	189	3	0
822	189	4	0
829	189	4	0
864	189	4	0
865	189	4	0
868	189	5	0
885	189	5	0
913	189	3	0
932	189	5	0
1	207	5	0
7	207	4	0
60	207	3	0
62	207	3	0
95	207	5	0
184	207	4	0
189	207	5	0
201	207	3	0
234	207	2	0
235	207	4	0
236	207	3	0
239	207	5	0
276	207	4	0
279	207	5	0
292	207	5	0
299	207	3	0
305	207	5	0
312	207	5	0
321	207	3	0
334	207	4	0
360	207	4	0
361	207	4	0
378	207	4	0
385	207	4	0
405	207	1	0
406	207	2	0
409	207	3	0
417	207	4	0
425	207	2	0
429	207	4	0
437	207	4	0
450	207	4	0
452	207	4	0
474	207	4	0
481	207	3	0
488	207	3	0
499	207	5	0
505	207	3	0
527	207	4	0
535	207	4	0
537	207	4	0
543	207	5	0
561	207	3	0
565	207	4	0
566	207	5	0
585	207	5	0
588	207	2	0
608	207	5	0
622	207	5	0
629	207	4	0
655	207	3	0
660	207	4	0
727	207	5	0
731	207	4	0
745	207	2	0
757	207	2	0
767	207	5	0
828	207	4	0
844	207	4	0
848	207	5	0
849	207	5	0
867	207	5	0
868	207	3	0
877	207	3	0
883	207	3	0
889	207	3	0
1	221	5	0
6	221	4	0
10	221	4	0
17	221	2	0
18	221	5	0
85	221	2	0
89	221	1	0
90	221	4	0
116	221	4	0
131	221	3	0
144	221	3	0
150	221	4	0
158	221	2	0
174	221	4	0
177	221	3	0
181	221	1	0
184	221	5	0
199	221	4	0
201	221	3	0
214	221	5	0
216	221	4	0
224	221	2	0
227	221	4	0
234	221	2	0
239	221	5	0
243	221	5	0
257	221	3	0
271	221	3	0
277	221	4	0
296	221	5	0
303	221	5	0
321	221	5	0
331	221	4	0
334	221	5	0
345	221	5	0
354	221	4	0
358	221	5	0
385	221	5	0
397	221	4	0
430	221	5	0
437	221	5	0
445	221	1	0
450	221	4	0
460	221	4	0
463	221	5	0
470	221	4	0
474	221	4	0
486	221	4	0
492	221	3	0
501	221	3	0
503	221	5	0
524	221	4	0
533	221	3	0
535	221	3	0
537	221	3	0
567	221	5	0
581	221	2	0
590	221	4	0
592	221	5	0
594	221	4	0
634	221	1	0
655	221	3	0
699	221	4	0
707	221	4	0
733	221	4	0
758	221	3	0
773	221	2	0
794	221	4	0
840	221	4	0
894	221	4	0
906	221	4	0
916	221	4	0
919	221	4	0
936	221	4	0
1	224	5	0
13	224	4	0
18	224	5	0
23	224	5	0
63	224	4	0
114	224	3	0
151	224	5	0
181	224	1	0
207	224	3	0
226	224	4	0
234	224	4	0
252	224	4	0
257	224	4	0
271	224	4	0
279	224	4	0
286	224	5	0
321	224	3	0
334	224	2	0
363	224	4	0
385	224	2	0
387	224	5	0
449	224	4	0
460	224	4	0
463	224	3	0
490	224	2	0
503	224	3	0
506	224	1	0
537	224	3	0
568	224	4	0
581	224	4	0
585	224	2	0
592	224	5	0
655	224	3	0
699	224	3	0
707	224	4	0
733	224	4	0
743	224	5	0
758	224	4	0
763	224	5	0
794	224	4	0
828	224	3	0
883	224	4	0
909	224	5	0
937	224	4	0
1	242	5	0
2	242	5	0
6	242	4	0
9	242	4	0
12	242	5	0
13	242	2	0
14	242	4	0
18	242	5	0
21	242	3	0
30	242	5	0
34	242	5	0
35	242	2	0
40	242	4	0
63	242	3	0
86	242	4	0
90	242	4	0
111	242	4	0
113	242	2	0
123	242	5	0
129	242	4	0
131	242	5	0
139	242	3	0
144	242	4	0
145	242	5	0
154	242	3	0
173	242	5	0
181	242	1	0
195	242	4	0
196	242	3	0
199	242	5	0
201	242	4	0
202	242	3	0
204	242	5	0
205	242	4	0
206	242	3	0
207	242	4	0
209	242	4	0
226	242	5	0
234	242	4	0
239	242	5	0
240	242	5	0
249	242	5	0
270	242	5	0
271	242	4	0
279	242	3	0
296	242	4	0
305	242	5	0
306	242	5	0
309	242	4	0
331	242	4	0
354	242	5	0
355	242	4	0
360	242	4	0
408	242	4	0
416	242	4	0
417	242	3	0
428	242	4	0
439	242	5	0
440	242	5	0
451	242	1	0
460	242	4	0
461	242	3	0
463	242	2	0
473	242	3	0
485	242	5	0
486	242	4	0
492	242	5	0
497	242	1	0
500	242	3	0
520	242	5	0
523	242	5	0
532	242	4	0
533	242	4	0
537	242	3	0
539	242	5	0
566	242	5	0
568	242	4	0
574	242	5	0
592	242	5	0
594	242	4	0
597	242	4	0
617	242	3	0
624	242	4	0
628	242	5	0
639	242	4	0
641	242	5	0
651	242	5	0
655	242	4	0
673	242	4	0
675	242	4	0
680	242	4	0
695	242	5	0
697	242	5	0
707	242	4	0
720	242	4	0
721	242	3	0
724	242	1	0
733	242	4	0
735	242	5	0
740	242	4	0
743	242	4	0
753	242	4	0
758	242	3	0
765	242	5	0
767	242	4	0
771	242	4	0
794	242	5	0
803	242	5	0
845	242	4	0
861	242	5	0
863	242	4	0
866	242	3	0
869	242	2	0
871	242	3	0
894	242	4	0
898	242	4	0
937	242	3	0
1	251	4	0
2	251	5	0
15	251	2	0
63	251	4	0
79	251	5	0
131	251	5	0
132	251	4	0
144	251	4	0
181	251	1	0
196	251	3	0
209	251	5	0
247	251	4	0
270	251	5	0
286	251	5	0
293	251	4	0
296	251	5	0
299	251	5	0
303	251	4	0
305	251	5	0
310	251	5	0
342	251	5	0
344	251	5	0
345	251	5	0
354	251	5	0
360	251	5	0
379	251	5	0
385	251	2	0
416	251	5	0
420	251	5	0
444	251	5	0
449	251	3	0
468	251	4	0
486	251	5	0
498	251	3	0
499	251	5	0
532	251	4	0
592	251	5	0
655	251	3	0
707	251	5	0
756	251	4	0
771	251	5	0
773	251	3	0
782	251	3	0
844	251	4	0
883	251	5	0
936	251	4	0
1	253	5	0
50	253	5	0
116	253	3	0
189	253	4	0
214	253	5	0
270	253	5	0
385	253	3	0
416	253	3	0
430	253	1	0
437	253	1	0
460	253	3	0
463	253	5	0
557	253	3	0
558	253	5	0
581	253	5	0
592	253	1	0
622	253	3	0
733	253	3	0
736	253	5	0
758	253	5	0
770	253	5	0
782	253	2	0
869	253	4	0
870	253	4	0
919	253	3	0
936	253	5	0
1	256	4	0
49	256	4	0
69	256	5	0
181	256	1	0
296	256	5	0
363	256	3	0
385	256	4	0
473	256	4	0
655	256	3	0
707	256	4	0
756	256	4	0
762	256	3	0
782	256	2	0
883	256	5	0
894	256	3	0
916	256	3	0
2	297	4	0
6	297	3	0
15	297	3	0
87	297	3	0
116	297	3	0
131	297	4	0
139	297	5	0
144	297	4	0
176	297	3	0
189	297	3	0
204	297	5	0
293	297	4	0
296	297	4	0
299	297	3	0
329	297	4	0
334	297	5	0
342	297	3	0
343	297	5	0
344	297	4	0
345	297	4	0
354	297	4	0
360	297	4	0
392	297	4	0
413	297	5	0
416	297	4	0
430	297	4	0
460	297	3	0
468	297	4	0
486	297	4	0
503	297	5	0
533	297	4	0
567	297	3	0
592	297	5	0
613	297	5	0
655	297	4	0
701	297	4	0
707	297	3	0
733	297	3	0
743	297	5	0
758	297	4	0
770	297	5	0
782	297	3	0
840	297	5	0
854	297	4	0
889	297	3	0
894	297	4	0
919	297	4	0
931	297	4	0
934	297	5	0
937	297	4	0
2	306	4	0
6	306	4	0
13	306	3	0
15	306	5	0
29	306	4	0
31	306	3	0
39	306	3	0
47	306	4	0
48	306	4	0
62	306	4	0
63	306	3	0
79	306	5	0
90	306	4	0
112	306	5	0
116	306	3	0
133	306	4	0
155	306	5	0
171	306	3	0
173	306	5	0
181	306	1	0
186	306	4	0
196	306	4	0
197	306	2	0
220	306	4	0
242	306	5	0
243	306	4	0
270	306	5	0
278	306	5	0
284	306	4	0
306	306	5	0
309	306	2	0
311	306	4	0
316	306	4	0
319	306	4	0
331	306	5	0
334	306	4	0
338	306	4	0
343	306	4	0
344	306	5	0
354	306	5	0
355	306	4	0
360	306	4	0
379	306	3	0
380	306	4	0
400	306	3	0
413	306	4	0
419	306	5	0
444	306	5	0
446	306	3	0
451	306	2	0
460	306	4	0
463	306	4	0
466	306	5	0
469	306	4	0
475	306	5	0
486	306	1	0
503	306	5	0
507	306	5	0
514	306	4	0
523	306	5	0
537	306	3	0
539	306	4	0
567	306	3	0
591	306	5	0
592	306	5	0
608	306	4	0
611	306	5	0
615	306	4	0
639	306	4	0
651	306	5	0
655	306	3	0
664	306	4	0
675	306	5	0
683	306	3	0
711	306	5	0
720	306	4	0
721	306	3	0
750	306	4	0
752	306	5	0
787	306	3	0
791	306	5	0
798	306	3	0
799	306	4	0
803	306	4	0
828	306	3	0
841	306	4	0
842	306	4	0
845	306	2	0
863	306	5	0
866	306	4	0
874	306	4	0
877	306	3	0
883	306	3	0
894	306	4	0
902	306	4	0
931	306	4	0
2	316	5	0
13	316	5	0
26	316	3	0
40	316	3	0
43	316	5	0
85	316	3	0
90	316	5	0
100	316	5	0
102	316	3	0
104	316	4	0
112	316	5	0
119	316	4	0
126	316	4	0
130	316	4	0
133	316	4	0
134	316	4	0
144	316	5	0
145	316	5	0
161	316	5	0
163	316	5	0
178	316	4	0
179	316	5	0
191	316	5	0
197	316	4	0
204	316	4	0
205	316	4	0
207	316	5	0
229	316	1	0
234	316	4	0
263	316	5	0
269	316	4	0
273	316	4	0
276	316	4	0
280	316	5	0
286	316	5	0
293	316	3	0
328	316	5	0
333	316	5	0
334	316	4	0
344	316	4	0
353	316	5	0
356	316	4	0
363	316	3	0
365	316	4	0
369	316	5	0
377	316	4	0
383	316	5	0
384	316	5	0
392	316	5	0
393	316	5	0
401	316	5	0
407	316	4	0
410	316	4	0
416	316	3	0
423	316	4	0
425	316	4	0
428	316	4	0
448	316	1	0
450	316	4	0
454	316	4	0
474	316	5	0
475	316	5	0
489	316	5	0
500	316	3	0
507	316	5	0
532	316	4	0
547	316	5	0
548	316	4	0
551	316	5	0
574	316	4	0
587	316	4	0
588	316	5	0
616	316	4	0
624	316	4	0
650	316	3	0
655	316	4	0
656	316	3	0
659	316	4	0
660	316	4	0
663	316	4	0
667	316	4	0
676	316	4	0
683	316	4	0
701	316	5	0
704	316	4	0
711	316	4	0
720	316	4	0
747	316	4	0
751	316	4	0
752	316	3	0
753	316	4	0
758	316	5	0
782	316	4	0
796	316	5	0
818	316	4	0
820	316	3	0
827	316	3	0
828	316	5	0
831	316	3	0
834	316	5	0
841	316	4	0
856	316	5	0
860	316	3	0
863	316	5	0
880	316	5	0
883	316	5	0
894	316	4	0
898	316	5	0
931	316	5	0
934	316	4	0
940	316	4	0
942	316	4	0
3	320	5	0
13	320	1	0
21	320	3	0
49	320	5	0
118	320	5	0
264	320	4	0
292	320	5	0
342	320	5	0
368	320	5	0
385	320	3	0
387	320	4	0
399	320	3	0
592	320	5	0
617	320	5	0
655	320	5	0
731	320	1	0
747	320	5	0
758	320	5	0
833	320	4	0
896	320	3	0
4	361	5	0
206	361	1	0
242	361	5	0
405	361	2	0
440	361	5	0
628	361	5	0
724	361	1	0
782	361	3	0
787	361	3	0
863	361	5	0
5	408	5	0
6	408	4	0
14	408	5	0
18	408	5	0
21	408	5	0
23	408	5	0
25	408	5	0
32	408	3	0
43	408	5	0
56	408	4	0
58	408	5	0
63	408	4	0
70	408	4	0
75	408	4	0
84	408	5	0
92	408	4	0
97	408	5	0
142	408	4	0
148	408	5	0
151	408	5	0
158	408	5	0
160	408	4	0
181	408	1	0
199	408	5	0
201	408	4	0
209	408	4	0
214	408	4	0
216	408	3	0
226	408	5	0
237	408	5	0
249	408	5	0
267	408	5	0
268	408	5	0
275	408	3	0
276	408	5	0
279	408	5	0
286	408	4	0
292	408	4	0
299	408	4	0
303	408	4	0
305	408	5	0
307	408	5	0
308	408	5	0
312	408	4	0
325	408	5	0
327	408	2	0
334	408	4	0
338	408	5	0
342	408	5	0
343	408	5	0
344	408	5	0
359	408	5	0
363	408	5	0
385	408	5	0
387	408	4	0
402	408	5	0
407	408	4	0
412	408	4	0
420	408	4	0
445	408	3	0
458	408	5	0
465	408	5	0
479	408	5	0
486	408	3	0
491	408	5	0
497	408	4	0
514	408	5	0
523	408	5	0
526	408	5	0
533	408	4	0
536	408	5	0
579	408	3	0
592	408	5	0
605	408	5	0
609	408	5	0
622	408	5	0
625	408	4	0
634	408	3	0
637	408	5	0
643	408	4	0
654	408	5	0
658	408	5	0
661	408	5	0
664	408	5	0
669	408	5	0
680	408	5	0
684	408	5	0
711	408	5	0
727	408	4	0
738	408	5	0
743	408	4	0
747	408	5	0
748	408	5	0
771	408	5	0
773	408	5	0
806	408	5	0
807	408	3	0
822	408	5	0
823	408	5	0
829	408	4	0
838	408	4	0
852	408	5	0
864	408	5	0
865	408	5	0
868	408	5	0
883	408	5	0
889	408	3	0
906	408	4	0
913	408	5	0
924	408	3	0
937	408	5	0
941	408	5	0
6	459	2	0
15	459	5	0
119	459	4	0
181	459	1	0
189	459	4	0
312	459	4	0
344	459	4	0
349	459	4	0
373	459	4	0
381	459	4	0
393	459	4	0
399	459	4	0
449	459	4	0
486	459	2	0
537	459	3	0
541	459	5	0
655	459	2	0
733	459	4	0
754	459	4	0
821	459	5	0
823	459	4	0
891	459	5	0
931	459	4	0
932	459	4	0
6	463	4	0
7	463	4	0
10	463	4	0
13	463	5	0
18	463	4	0
23	463	4	0
25	463	4	0
52	463	5	0
58	463	3	0
62	463	4	0
64	463	4	0
92	463	4	0
95	463	5	0
106	463	3	0
142	463	3	0
151	463	5	0
160	463	4	0
172	463	4	0
213	463	5	0
234	463	4	0
235	463	4	0
239	463	5	0
276	463	4	0
293	463	4	0
307	463	5	0
308	463	4	0
312	463	5	0
316	463	5	0
321	463	3	0
343	463	4	0
344	463	4	0
354	463	4	0
374	463	1	0
380	463	4	0
387	463	4	0
392	463	3	0
393	463	4	0
405	463	1	0
406	463	5	0
416	463	4	0
437	463	5	0
454	463	2	0
455	463	4	0
474	463	5	0
479	463	4	0
484	463	4	0
499	463	5	0
503	463	1	0
506	463	3	0
537	463	3	0
543	463	3	0
585	463	5	0
588	463	4	0
592	463	4	0
629	463	4	0
642	463	3	0
675	463	5	0
711	463	5	0
747	463	3	0
798	463	3	0
828	463	2	0
840	463	5	0
846	463	5	0
854	463	3	0
861	463	3	0
877	463	4	0
878	463	2	0
883	463	3	0
884	463	5	0
894	463	4	0
899	463	4	0
6	464	2	0
62	464	4	0
85	464	5	0
90	464	5	0
94	464	5	0
122	464	5	0
151	464	4	0
201	464	1	0
234	464	4	0
267	464	5	0
269	464	3	0
279	464	4	0
293	464	3	0
305	464	3	0
327	464	4	0
345	464	3	0
354	464	4	0
383	464	4	0
405	464	1	0
429	464	3	0
498	464	4	0
500	464	4	0
537	464	4	0
655	464	3	0
763	464	3	0
846	464	2	0
883	464	5	0
6	467	4	0
10	467	4	0
13	467	5	0
16	467	5	0
42	467	3	0
94	467	4	0
194	467	5	0
201	467	2	0
221	467	4	0
249	467	4	0
293	467	4	0
308	467	4	0
323	467	5	0
331	467	3	0
374	467	4	0
389	467	3	0
405	467	4	0
429	467	4	0
450	467	4	0
452	467	3	0
458	467	4	0
474	467	4	0
478	467	5	0
524	467	4	0
527	467	3	0
537	467	3	0
566	467	3	0
586	467	4	0
592	467	5	0
627	467	5	0
629	467	5	0
655	467	3	0
658	467	4	0
659	467	3	0
666	467	4	0
682	467	3	0
686	467	5	0
707	467	4	0
747	467	4	0
780	467	3	0
796	467	3	0
833	467	2	0
862	467	4	0
880	467	4	0
886	467	4	0
903	467	3	0
916	467	3	0
933	467	3	0
6	469	5	0
16	469	3	0
42	469	4	0
94	469	4	0
122	469	5	0
130	469	5	0
151	469	1	0
177	469	4	0
178	469	3	0
180	469	5	0
195	469	3	0
201	469	4	0
221	469	3	0
224	469	1	0
246	469	3	0
249	469	4	0
250	469	4	0
269	469	4	0
272	469	5	0
276	469	4	0
279	469	4	0
291	469	5	0
293	469	4	0
296	469	5	0
305	469	2	0
308	469	5	0
311	469	5	0
325	469	4	0
327	469	4	0
339	469	5	0
345	469	5	0
358	469	4	0
363	469	2	0
378	469	5	0
405	469	1	0
406	469	4	0
416	469	4	0
429	469	4	0
436	469	3	0
447	469	4	0
450	469	4	0
457	469	4	0
458	469	4	0
468	469	4	0
474	469	4	0
478	469	3	0
496	469	3	0
500	469	4	0
524	469	4	0
535	469	3	0
537	469	3	0
543	469	4	0
561	469	4	0
567	469	4	0
592	469	4	0
608	469	3	0
645	469	5	0
655	469	3	0
659	469	4	0
664	469	3	0
763	469	4	0
805	469	4	0
846	469	2	0
854	469	5	0
870	469	4	0
889	469	4	0
913	469	3	0
6	487	5	0
7	487	3	0
9	487	5	0
18	487	4	0
103	487	4	0
123	487	3	0
128	487	5	0
138	487	3	0
151	487	5	0
152	487	5	0
161	487	3	0
184	487	4	0
189	487	5	0
193	487	5	0
234	487	3	0
253	487	4	0
256	487	5	0
271	487	4	0
279	487	3	0
299	487	5	0
308	487	4	0
311	487	4	0
312	487	5	0
313	487	3	0
316	487	3	0
342	487	5	0
344	487	5	0
354	487	3	0
373	487	4	0
381	487	5	0
385	487	4	0
389	487	5	0
406	487	3	0
412	487	3	0
450	487	4	0
454	487	4	0
469	487	5	0
474	487	4	0
530	487	4	0
536	487	4	0
539	487	3	0
553	487	5	0
567	487	4	0
591	487	4	0
607	487	4	0
608	487	4	0
618	487	4	0
639	487	5	0
667	487	5	0
698	487	2	0
707	487	2	0
716	487	5	0
731	487	4	0
734	487	4	0
751	487	5	0
766	487	3	0
796	487	5	0
830	487	5	0
838	487	4	0
846	487	4	0
854	487	4	0
870	487	4	0
883	487	5	0
892	487	5	0
918	487	4	0
928	487	5	0
932	487	3	0
942	487	4	0
6	489	5	0
7	489	3	0
10	489	4	0
18	489	4	0
59	489	4	0
60	489	5	0
90	489	5	0
151	489	5	0
189	489	5	0
234	489	3	0
237	489	4	0
239	489	5	0
279	489	2	0
312	489	5	0
313	489	4	0
322	489	3	0
350	489	4	0
354	489	4	0
385	489	5	0
389	489	4	0
409	489	5	0
426	489	5	0
450	489	4	0
474	489	4	0
479	489	5	0
498	489	3	0
503	489	4	0
506	489	4	0
533	489	4	0
535	489	4	0
536	489	4	0
537	489	3	0
555	489	5	0
560	489	3	0
561	489	4	0
567	489	5	0
608	489	5	0
610	489	4	0
650	489	3	0
659	489	4	0
666	489	4	0
694	489	4	0
698	489	3	0
716	489	4	0
758	489	5	0
840	489	3	0
846	489	4	0
848	489	5	0
870	489	4	0
890	489	4	0
896	489	5	0
932	489	4	0
6	490	5	0
31	490	4	0
58	490	4	0
59	490	4	0
60	490	4	0
90	490	5	0
128	490	5	0
151	490	5	0
234	490	4	0
253	490	5	0
271	490	4	0
279	490	3	0
308	490	4	0
312	490	5	0
313	490	4	0
338	490	5	0
389	490	3	0
391	490	4	0
401	490	3	0
406	490	3	0
426	490	4	0
450	490	5	0
452	490	4	0
454	490	2	0
456	490	4	0
469	490	5	0
474	490	5	0
479	490	4	0
504	490	4	0
506	490	3	0
524	490	3	0
537	490	4	0
553	490	4	0
567	490	4	0
608	490	4	0
647	490	4	0
659	490	4	0
669	490	5	0
694	490	4	0
698	490	3	0
707	490	2	0
716	490	4	0
751	490	4	0
846	490	4	0
848	490	5	0
850	490	5	0
870	490	3	0
881	490	4	0
883	490	4	0
932	490	4	0
6	493	5	0
10	493	4	0
13	493	5	0
18	493	5	0
31	493	5	0
60	493	5	0
72	493	5	0
90	493	5	0
125	493	4	0
138	493	4	0
167	493	4	0
232	493	4	0
234	493	3	0
239	493	5	0
271	493	4	0
295	493	5	0
308	493	3	0
311	493	4	0
312	493	5	0
313	493	3	0
321	493	4	0
325	493	4	0
326	493	5	0
370	493	5	0
381	493	4	0
389	493	5	0
392	493	4	0
398	493	5	0
401	493	4	0
407	493	3	0
409	493	4	0
420	493	3	0
426	493	4	0
429	493	4	0
450	493	4	0
454	493	2	0
474	493	4	0
488	493	3	0
491	493	4	0
524	493	4	0
536	493	4	0
537	493	4	0
556	493	5	0
567	493	4	0
568	493	3	0
650	493	4	0
666	493	5	0
704	493	4	0
716	493	5	0
747	493	5	0
766	493	4	0
796	493	3	0
798	493	3	0
840	493	5	0
846	493	5	0
854	493	5	0
889	493	3	0
896	493	5	0
900	493	2	0
932	493	5	0
6	494	4	0
13	494	4	0
18	494	3	0
60	494	4	0
90	494	5	0
128	494	4	0
151	494	4	0
234	494	4	0
235	494	4	0
237	494	4	0
253	494	5	0
271	494	4	0
308	494	5	0
311	494	4	0
312	494	5	0
313	494	3	0
321	494	4	0
327	494	4	0
334	494	4	0
338	494	3	0
344	494	4	0
354	494	4	0
370	494	3	0
373	494	4	0
389	494	5	0
393	494	4	0
398	494	3	0
419	494	3	0
426	494	3	0
450	494	3	0
452	494	5	0
506	494	5	0
524	494	4	0
537	494	4	0
561	494	4	0
567	494	5	0
568	494	4	0
607	494	5	0
650	494	3	0
659	494	4	0
664	494	5	0
666	494	4	0
704	494	5	0
716	494	5	0
731	494	3	0
747	494	5	0
751	494	4	0
766	494	3	0
815	494	5	0
838	494	4	0
846	494	5	0
850	494	3	0
870	494	3	0
889	494	3	0
908	494	3	0
932	494	4	0
6	500	4	0
90	500	4	0
92	500	4	0
144	500	4	0
165	500	3	0
178	500	4	0
189	500	5	0
195	500	4	0
234	500	3	0
326	500	3	0
334	500	3	0
378	500	4	0
385	500	4	0
393	500	4	0
416	500	5	0
429	500	1	0
450	500	4	0
457	500	5	0
479	500	4	0
481	500	4	0
488	500	4	0
532	500	5	0
536	500	4	0
541	500	4	0
648	500	5	0
655	500	2	0
691	500	3	0
747	500	4	0
796	500	4	0
892	500	5	0
942	500	5	0
6	512	4	0
18	512	5	0
23	512	5	0
58	512	3	0
62	512	4	0
85	512	3	0
90	512	4	0
151	512	5	0
167	512	5	0
184	512	4	0
189	512	4	0
214	512	5	0
235	512	5	0
239	512	5	0
269	512	5	0
286	512	2	0
299	512	4	0
305	512	4	0
308	512	5	0
312	512	3	0
329	512	4	0
334	512	4	0
354	512	3	0
358	512	5	0
380	512	3	0
381	512	4	0
385	512	5	0
405	512	1	0
437	512	4	0
440	512	3	0
498	512	5	0
537	512	3	0
561	512	4	0
565	512	3	0
566	512	4	0
568	512	1	0
592	512	5	0
639	512	2	0
645	512	5	0
655	512	3	0
659	512	3	0
698	512	4	0
758	512	5	0
828	512	5	0
829	512	4	0
833	512	4	0
840	512	5	0
848	512	5	0
854	512	3	0
855	512	4	0
875	512	5	0
878	512	5	0
883	512	5	0
886	512	1	0
889	512	5	0
894	512	5	0
916	512	5	0
6	513	4	0
7	513	4	0
10	513	4	0
18	513	4	0
59	513	4	0
60	513	5	0
76	513	5	0
82	513	4	0
85	513	4	0
118	513	5	0
122	513	4	0
125	513	4	0
138	513	5	0
167	513	4	0
189	513	4	0
201	513	3	0
226	513	3	0
234	513	5	0
237	513	5	0
239	513	5	0
293	513	5	0
295	513	4	0
299	513	4	0
308	513	3	0
312	513	5	0
315	513	5	0
321	513	4	0
322	513	4	0
333	513	4	0
338	513	5	0
354	513	5	0
361	513	5	0
383	513	5	0
387	513	5	0
392	513	5	0
397	513	5	0
405	513	1	0
406	513	5	0
417	513	5	0
420	513	5	0
452	513	4	0
458	513	4	0
465	513	5	0
469	513	5	0
474	513	5	0
491	513	5	0
524	513	4	0
527	513	4	0
537	513	4	0
543	513	4	0
553	513	4	0
556	513	4	0
559	513	5	0
561	513	3	0
567	513	4	0
573	513	4	0
583	513	5	0
639	513	4	0
641	513	5	0
645	513	5	0
655	513	3	0
664	513	4	0
666	513	4	0
683	513	5	0
698	513	2	0
804	513	5	0
840	513	5	0
846	513	5	0
870	513	4	0
883	513	5	0
889	513	4	0
932	513	5	0
6	522	5	0
13	522	5	0
23	522	4	0
48	522	2	0
102	522	3	0
114	522	5	0
151	522	5	0
184	522	3	0
187	522	3	0
214	522	4	0
235	522	5	0
269	522	5	0
299	522	3	0
308	522	3	0
339	522	5	0
379	522	5	0
385	522	4	0
397	522	5	0
405	522	1	0
425	522	3	0
498	522	3	0
500	522	4	0
592	522	5	0
625	522	3	0
655	522	3	0
664	522	3	0
669	522	4	0
765	522	5	0
773	522	4	0
777	522	5	0
804	522	3	0
805	522	5	0
806	522	3	0
833	522	2	0
854	522	2	0
6	524	3	0
11	524	4	0
13	524	4	0
14	524	5	0
18	524	4	0
48	524	3	0
59	524	3	0
60	524	4	0
102	524	3	0
144	524	5	0
207	524	4	0
208	524	4	0
234	524	3	0
235	524	5	0
264	524	3	0
312	524	5	0
318	524	3	0
361	524	4	0
379	524	4	0
385	524	5	0
389	524	5	0
405	524	1	0
406	524	4	0
426	524	4	0
481	524	5	0
499	524	4	0
508	524	5	0
545	524	4	0
553	524	5	0
559	524	3	0
561	524	4	0
568	524	2	0
583	524	5	0
659	524	4	0
691	524	5	0
747	524	5	0
767	524	5	0
776	524	5	0
815	524	4	0
846	524	3	0
867	524	5	0
868	524	3	0
881	524	4	0
889	524	4	0
890	524	4	0
932	524	5	0
6	533	4	0
144	533	4	0
327	533	4	0
354	533	5	0
385	533	4	0
523	533	4	0
592	533	4	0
655	533	2	0
707	533	5	0
736	533	3	0
758	533	4	0
782	533	2	0
819	533	4	0
889	533	3	0
934	533	3	0
6	537	4	0
7	537	3	0
94	537	4	0
119	537	5	0
201	537	3	0
222	537	4	0
244	537	5	0
269	537	5	0
286	537	4	0
308	537	4	0
312	537	5	0
327	537	4	0
334	537	4	0
344	537	4	0
363	537	1	0
401	537	4	0
405	537	1	0
417	537	4	0
429	537	4	0
436	537	4	0
504	537	3	0
561	537	4	0
606	537	2	0
655	537	3	0
669	537	3	0
751	537	4	0
774	537	2	0
805	537	5	0
854	537	3	0
916	537	4	0
7	543	3	0
83	543	2	0
84	543	5	0
90	543	3	0
115	543	2	0
263	543	5	0
299	543	5	0
312	543	5	0
378	543	4	0
399	543	3	0
405	543	1	0
406	543	4	0
504	543	4	0
522	543	4	0
527	543	4	0
537	543	5	0
541	543	4	0
585	543	3	0
655	543	3	0
807	543	2	0
835	543	5	0
7	587	4	0
92	587	3	0
94	587	4	0
201	587	4	0
312	587	3	0
380	587	4	0
399	587	3	0
429	587	3	0
435	587	3	0
514	587	4	0
551	587	4	0
559	587	4	0
758	587	4	0
896	587	3	0
7	589	5	0
10	589	5	0
13	589	3	0
85	589	3	0
94	589	5	0
130	589	4	0
160	589	3	0
201	589	3	0
232	589	3	0
234	589	3	0
239	589	3	0
248	589	4	0
292	589	4	0
293	589	4	0
308	589	4	0
312	589	5	0
327	589	3	0
328	589	4	0
339	589	5	0
350	589	5	0
363	589	3	0
392	589	4	0
398	589	3	0
406	589	5	0
450	589	3	0
454	589	2	0
458	589	4	0
488	589	3	0
553	589	5	0
561	589	3	0
567	589	5	0
592	589	5	0
752	589	4	0
788	589	5	0
833	589	5	0
868	589	4	0
870	589	4	0
883	589	5	0
886	589	3	0
890	589	5	0
900	589	5	0
929	589	5	0
932	589	5	0
7	601	5	0
13	601	4	0
60	601	4	0
91	601	4	0
234	601	3	0
312	601	5	0
328	601	4	0
406	601	3	0
426	601	3	0
450	601	3	0
474	601	5	0
532	601	3	0
605	601	5	0
650	601	3	0
659	601	3	0
716	601	4	0
788	601	4	0
846	601	5	0
881	601	5	0
892	601	5	0
7	608	4	0
59	608	4	0
60	608	5	0
214	608	4	0
234	608	3	0
269	608	4	0
312	608	5	0
313	608	4	0
322	608	3	0
326	608	4	0
334	608	4	0
370	608	4	0
389	608	3	0
406	608	4	0
409	608	4	0
426	608	4	0
450	608	4	0
456	608	4	0
474	608	4	0
506	608	4	0
535	608	4	0
561	608	3	0
567	608	4	0
650	608	4	0
731	608	4	0
747	608	4	0
758	608	5	0
796	608	3	0
846	608	4	0
870	608	4	0
7	611	3	0
10	611	5	0
31	611	4	0
59	611	3	0
90	611	5	0
151	611	4	0
234	611	5	0
308	611	4	0
312	611	5	0
321	611	4	0
326	611	3	0
361	611	4	0
397	611	5	0
406	611	3	0
429	611	4	0
450	611	5	0
454	611	2	0
469	611	5	0
474	611	4	0
500	611	5	0
506	611	5	0
553	611	5	0
561	611	5	0
567	611	4	0
568	611	3	0
608	611	3	0
617	611	4	0
655	611	3	0
659	611	4	0
664	611	5	0
670	611	5	0
693	611	4	0
704	611	3	0
716	611	5	0
731	611	3	0
796	611	4	0
836	611	5	0
840	611	4	0
912	611	3	0
932	611	5	0
7	612	5	0
13	612	4	0
18	612	4	0
25	612	4	0
59	612	3	0
91	612	4	0
102	612	4	0
172	612	3	0
234	612	3	0
239	612	5	0
251	612	5	0
254	612	3	0
312	612	5	0
326	612	2	0
389	612	4	0
406	612	5	0
450	612	4	0
454	612	3	0
468	612	4	0
483	612	3	0
488	612	4	0
504	612	4	0
524	612	3	0
535	612	4	0
567	612	4	0
568	612	3	0
650	612	4	0
655	612	3	0
807	612	5	0
830	612	4	0
835	612	4	0
846	612	5	0
892	612	5	0
932	612	5	0
7	613	4	0
13	613	4	0
18	613	5	0
60	613	4	0
90	613	4	0
234	613	4	0
308	613	4	0
312	613	5	0
326	613	5	0
338	613	3	0
370	613	2	0
389	613	5	0
393	613	4	0
426	613	3	0
450	613	4	0
524	613	4	0
537	613	3	0
567	613	4	0
666	613	5	0
698	613	5	0
731	613	2	0
766	613	3	0
815	613	5	0
830	613	4	0
892	613	5	0
913	613	5	0
932	613	4	0
7	615	4	0
9	615	4	0
10	615	4	0
13	615	4	0
25	615	5	0
59	615	4	0
60	615	5	0
114	615	2	0
125	615	3	0
167	615	5	0
195	615	4	0
234	615	5	0
299	615	4	0
303	615	4	0
308	615	3	0
312	615	4	0
313	615	4	0
321	615	5	0
326	615	4	0
389	615	4	0
392	615	5	0
397	615	5	0
409	615	5	0
419	615	5	0
452	615	3	0
465	615	3	0
474	615	4	0
480	615	4	0
503	615	5	0
524	615	2	0
527	615	4	0
528	615	4	0
537	615	3	0
553	615	5	0
561	615	4	0
567	615	4	0
568	615	5	0
591	615	4	0
617	615	3	0
639	615	5	0
648	615	4	0
661	615	4	0
670	615	3	0
716	615	3	0
747	615	5	0
767	615	4	0
796	615	4	0
804	615	5	0
815	615	2	0
840	615	5	0
843	615	3	0
846	615	5	0
848	615	5	0
868	615	4	0
881	615	4	0
889	615	3	0
892	615	5	0
932	615	5	0
942	615	3	0
7	617	5	0
10	617	5	0
13	617	3	0
60	617	4	0
90	617	4	0
138	617	4	0
234	617	3	0
262	617	3	0
419	617	4	0
426	617	3	0
474	617	3	0
553	617	4	0
560	617	3	0
561	617	4	0
567	617	4	0
694	617	4	0
932	617	4	0
934	617	4	0
7	618	4	0
59	618	4	0
60	618	3	0
90	618	5	0
91	618	3	0
189	618	2	0
234	618	3	0
308	618	4	0
312	618	5	0
318	618	3	0
389	618	4	0
409	618	4	0
450	618	4	0
474	618	4	0
524	618	3	0
707	618	3	0
776	618	3	0
900	618	4	0
7	632	5	0
13	632	3	0
85	632	3	0
90	632	5	0
144	632	4	0
151	632	4	0
152	632	4	0
184	632	5	0
188	632	5	0
189	632	5	0
224	632	2	0
234	632	2	0
236	632	3	0
239	632	5	0
243	632	5	0
269	632	4	0
288	632	4	0
293	632	3	0
296	632	5	0
308	632	3	0
312	632	3	0
313	632	4	0
339	632	4	0
373	632	3	0
378	632	5	0
392	632	5	0
395	632	5	0
401	632	4	0
406	632	4	0
409	632	3	0
450	632	5	0
454	632	3	0
457	632	5	0
458	632	4	0
479	632	5	0
504	632	3	0
535	632	4	0
573	632	4	0
613	632	3	0
615	632	5	0
629	632	3	0
655	632	3	0
666	632	4	0
693	632	5	0
694	632	4	0
704	632	3	0
707	632	4	0
716	632	4	0
721	632	4	0
804	632	3	0
835	632	5	0
840	632	3	0
843	632	2	0
854	632	4	0
890	632	5	0
896	632	2	0
924	632	4	0
932	632	4	0
7	633	5	0
18	633	5	0
20	633	4	0
25	633	4	0
44	633	3	0
59	633	3	0
60	633	4	0
64	633	5	0
128	633	4	0
151	633	5	0
194	633	3	0
221	633	3	0
230	633	4	0
233	633	5	0
239	633	5	0
246	633	3	0
308	633	4	0
312	633	5	0
313	633	5	0
316	633	4	0
321	633	5	0
326	633	4	0
373	633	4	0
393	633	2	0
398	633	4	0
399	633	3	0
406	633	5	0
409	633	4	0
416	633	4	0
426	633	4	0
429	633	3	0
450	633	5	0
454	633	2	0
472	633	4	0
474	633	4	0
488	633	5	0
495	633	5	0
496	633	3	0
503	633	5	0
504	633	3	0
532	633	5	0
537	633	3	0
545	633	3	0
593	633	5	0
618	633	3	0
632	633	4	0
648	633	3	0
650	633	4	0
704	633	5	0
709	633	3	0
716	633	4	0
748	633	4	0
749	633	4	0
764	633	5	0
766	633	4	0
786	633	4	0
796	633	5	0
807	633	4	0
830	633	4	0
835	633	5	0
843	633	3	0
846	633	3	0
848	633	3	0
849	633	5	0
862	633	5	0
887	633	5	0
892	633	4	0
897	633	5	0
907	633	5	0
7	634	5	0
54	634	1	0
189	634	3	0
234	634	4	0
239	634	4	0
249	634	5	0
276	634	4	0
299	634	2	0
303	634	3	0
307	634	3	0
308	634	4	0
327	634	5	0
331	634	3	0
334	634	4	0
381	634	3	0
401	634	1	0
406	634	4	0
412	634	5	0
523	634	5	0
527	634	5	0
585	634	4	0
747	634	5	0
758	634	5	0
883	634	3	0
7	638	4	0
13	638	3	0
60	638	5	0
151	638	5	0
185	638	4	0
189	638	5	0
232	638	5	0
234	638	4	0
279	638	4	0
293	638	4	0
305	638	5	0
312	638	5	0
354	638	4	0
358	638	3	0
401	638	4	0
405	638	1	0
406	638	4	0
417	638	4	0
465	638	3	0
523	638	4	0
524	638	2	0
535	638	4	0
537	638	3	0
553	638	3	0
565	638	4	0
568	638	3	0
585	638	4	0
588	638	4	0
615	638	5	0
639	638	4	0
653	638	1	0
654	638	4	0
655	638	4	0
666	638	3	0
707	638	4	0
757	638	3	0
840	638	3	0
846	638	4	0
848	638	5	0
855	638	4	0
884	638	4	0
894	638	3	0
911	638	4	0
918	638	4	0
7	639	5	0
13	639	3	0
18	639	4	0
85	639	3	0
90	639	5	0
184	639	3	0
189	639	4	0
269	639	4	0
311	639	4	0
312	639	5	0
328	639	2	0
339	639	4	0
345	639	4	0
358	639	4	0
361	639	4	0
382	639	3	0
383	639	4	0
405	639	1	0
406	639	4	0
449	639	5	0
500	639	4	0
535	639	4	0
537	639	2	0
561	639	3	0
565	639	5	0
585	639	4	0
643	639	4	0
650	639	3	0
655	639	3	0
704	639	2	0
747	639	5	0
766	639	3	0
773	639	4	0
788	639	3	0
804	639	4	0
815	639	2	0
829	639	4	0
840	639	4	0
894	639	5	0
932	639	5	0
7	641	5	0
60	641	5	0
77	641	5	0
85	641	4	0
118	641	5	0
154	641	5	0
156	641	5	0
167	641	4	0
234	641	4	0
299	641	4	0
308	641	4	0
312	641	5	0
383	641	4	0
387	641	5	0
397	641	5	0
405	641	1	0
406	641	5	0
415	641	3	0
426	641	4	0
452	641	3	0
469	641	4	0
474	641	4	0
506	641	5	0
537	641	4	0
553	641	4	0
567	641	5	0
568	641	5	0
645	641	5	0
694	641	4	0
707	641	1	0
833	641	4	0
870	641	4	0
892	641	5	0
7	644	5	0
44	644	3	0
59	644	4	0
72	644	4	0
90	644	5	0
94	644	5	0
115	644	3	0
121	644	4	0
184	644	4	0
201	644	3	0
233	644	5	0
269	644	5	0
271	644	3	0
279	644	1	0
312	644	5	0
327	644	3	0
339	644	5	0
379	644	5	0
393	644	3	0
405	644	3	0
443	644	3	0
445	644	3	0
458	644	4	0
537	644	5	0
561	644	3	0
615	644	4	0
617	644	4	0
650	644	3	0
655	644	3	0
666	644	3	0
747	644	5	0
774	644	4	0
840	644	4	0
870	644	2	0
888	644	4	0
7	645	4	0
58	645	5	0
96	645	5	0
184	645	3	0
212	645	3	0
264	645	4	0
269	645	4	0
299	645	4	0
311	645	5	0
315	645	4	0
327	645	4	0
328	645	4	0
373	645	5	0
405	645	1	0
406	645	5	0
497	645	3	0
535	645	4	0
561	645	3	0
588	645	5	0
655	645	3	0
694	645	4	0
788	645	3	0
805	645	5	0
833	645	3	0
840	645	3	0
847	645	3	0
918	645	4	0
7	646	5	0
11	646	3	0
13	646	4	0
28	646	4	0
94	646	5	0
114	646	4	0
156	646	4	0
234	646	3	0
263	646	5	0
293	646	3	0
308	646	5	0
326	646	2	0
328	646	3	0
391	646	4	0
405	646	2	0
426	646	3	0
474	646	4	0
506	646	4	0
524	646	5	0
527	646	5	0
537	646	2	0
553	646	4	0
567	646	5	0
617	646	4	0
659	646	4	0
666	646	3	0
745	646	4	0
766	646	4	0
788	646	3	0
802	646	4	0
804	646	4	0
833	646	5	0
868	646	5	0
870	646	4	0
889	646	3	0
897	646	5	0
912	646	3	0
932	646	4	0
7	648	5	0
22	648	4	0
43	648	5	0
87	648	5	0
90	648	4	0
95	648	3	0
125	648	4	0
158	648	5	0
174	648	5	0
194	648	4	0
218	648	4	0
234	648	3	0
235	648	4	0
263	648	5	0
271	648	4	0
295	648	4	0
308	648	4	0
311	648	4	0
312	648	5	0
318	648	5	0
326	648	5	0
373	648	4	0
391	648	5	0
398	648	5	0
405	648	1	0
407	648	3	0
426	648	3	0
450	648	5	0
452	648	4	0
458	648	4	0
474	648	4	0
476	648	4	0
481	648	5	0
505	648	4	0
514	648	3	0
536	648	3	0
537	648	4	0
542	648	4	0
545	648	3	0
553	648	4	0
567	648	4	0
617	648	3	0
623	648	5	0
639	648	3	0
650	648	3	0
659	648	3	0
694	648	5	0
698	648	4	0
704	648	5	0
707	648	4	0
716	648	4	0
731	648	4	0
747	648	5	0
766	648	3	0
767	648	4	0
776	648	3	0
798	648	3	0
805	648	4	0
830	648	5	0
846	648	5	0
850	648	5	0
883	648	4	0
892	648	4	0
908	648	4	0
912	648	3	0
932	648	5	0
934	648	3	0
7	652	3	0
10	652	3	0
11	652	4	0
13	652	5	0
23	652	4	0
49	652	5	0
58	652	5	0
62	652	4	0
64	652	2	0
90	652	4	0
94	652	4	0
102	652	2	0
128	652	3	0
145	652	5	0
151	652	5	0
158	652	4	0
189	652	5	0
198	652	3	0
200	652	2	0
214	652	4	0
216	652	4	0
226	652	3	0
235	652	4	0
239	652	5	0
244	652	5	0
246	652	5	0
268	652	4	0
276	652	4	0
279	652	4	0
286	652	4	0
287	652	4	0
296	652	4	0
297	652	3	0
298	652	3	0
299	652	3	0
327	652	4	0
334	652	5	0
354	652	4	0
361	652	4	0
363	652	4	0
380	652	3	0
381	652	5	0
385	652	5	0
391	652	4	0
393	652	3	0
397	652	3	0
405	652	1	0
406	652	2	0
416	652	4	0
429	652	4	0
435	652	4	0
437	652	4	0
453	652	3	0
474	652	4	0
487	652	5	0
493	652	5	0
496	652	5	0
497	652	5	0
498	652	5	0
514	652	4	0
523	652	2	0
527	652	4	0
537	652	3	0
559	652	4	0
561	652	5	0
565	652	5	0
585	652	4	0
588	652	2	0
592	652	4	0
606	652	3	0
625	652	4	0
660	652	4	0
661	652	2	0
663	652	4	0
711	652	4	0
712	652	3	0
751	652	4	0
758	652	5	0
771	652	4	0
773	652	3	0
777	652	5	0
828	652	5	0
847	652	5	0
854	652	3	0
867	652	5	0
875	652	5	0
889	652	5	0
916	652	4	0
932	652	3	0
933	652	3	0
7	653	4	0
135	653	4	0
234	653	3	0
276	653	5	0
292	653	4	0
293	653	5	0
303	653	4	0
308	653	5	0
312	653	5	0
322	653	4	0
331	653	3	0
352	653	3	0
363	653	3	0
385	653	4	0
405	653	1	0
421	653	3	0
426	653	4	0
474	653	4	0
527	653	4	0
537	653	4	0
560	653	4	0
567	653	5	0
568	653	4	0
617	653	4	0
645	653	5	0
655	653	3	0
666	653	4	0
747	653	5	0
753	653	4	0
758	653	3	0
833	653	4	0
840	653	5	0
870	653	4	0
912	653	3	0
7	656	3	0
10	656	5	0
13	656	5	0
21	656	5	0
48	656	4	0
60	656	4	0
90	656	5	0
189	656	4	0
201	656	4	0
234	656	4	0
237	656	4	0
264	656	4	0
308	656	3	0
312	656	5	0
322	656	5	0
325	656	4	0
342	656	5	0
381	656	4	0
385	656	5	0
389	656	5	0
405	656	1	0
407	656	4	0
430	656	4	0
465	656	3	0
469	656	5	0
498	656	3	0
543	656	4	0
561	656	4	0
568	656	3	0
617	656	4	0
643	656	4	0
645	656	4	0
655	656	3	0
666	656	4	0
698	656	1	0
710	656	5	0
758	656	5	0
776	656	5	0
814	656	3	0
833	656	4	0
840	656	4	0
883	656	5	0
913	656	3	0
918	656	4	0
8	686	3	0
10	686	4	0
13	686	5	0
43	686	3	0
94	686	4	0
102	686	3	0
128	686	4	0
151	686	3	0
158	686	5	0
201	686	2	0
224	686	4	0
234	686	3	0
236	686	3	0
249	686	5	0
276	686	3	0
291	686	5	0
293	686	3	0
301	686	4	0
305	686	3	0
308	686	4	0
327	686	4	0
347	686	5	0
378	686	4	0
379	686	4	0
389	686	3	0
393	686	4	0
416	686	5	0
425	686	3	0
429	686	2	0
450	686	4	0
454	686	2	0
487	686	4	0
506	686	3	0
535	686	5	0
551	686	3	0
592	686	5	0
621	686	5	0
642	686	5	0
653	686	2	0
655	686	2	0
671	686	3	0
682	686	4	0
749	686	4	0
758	686	3	0
815	686	5	0
823	686	4	0
886	686	4	0
889	686	3	0
896	686	3	0
907	686	4	0
10	694	5	0
13	694	4	0
23	694	4	0
89	694	5	0
99	694	1	0
158	694	5	0
180	694	5	0
184	694	5	0
187	694	5	0
189	694	4	0
234	694	3	0
243	694	4	0
270	694	5	0
330	694	5	0
331	694	4	0
344	694	5	0
354	694	5	0
361	694	4	0
373	694	5	0
378	694	3	0
381	694	4	0
405	694	1	0
454	694	2	0
455	694	4	0
458	694	4	0
503	694	5	0
523	694	5	0
536	694	5	0
537	694	4	0
543	694	4	0
608	694	3	0
639	694	5	0
655	694	3	0
667	694	4	0
707	694	4	0
711	694	5	0
731	694	5	0
771	694	3	0
798	694	3	0
828	694	2	0
883	694	5	0
899	694	5	0
904	694	3	0
908	694	4	0
10	701	4	0
185	701	3	0
235	701	4	0
239	701	5	0
326	701	4	0
379	701	4	0
406	701	5	0
561	701	3	0
908	701	4	0
924	701	4	0
10	703	5	0
90	703	3	0
94	703	3	0
106	703	4	0
151	703	4	0
185	703	4	0
270	703	4	0
271	703	3	0
286	703	2	0
343	703	4	0
378	703	4	0
405	703	2	0
537	703	3	0
707	703	4	0
763	703	5	0
786	703	3	0
798	703	4	0
883	703	3	0
934	703	4	0
10	707	5	0
11	707	5	0
18	707	3	0
59	707	3	0
85	707	4	0
89	707	5	0
90	707	5	0
92	707	4	0
95	707	3	0
123	707	5	0
144	707	3	0
151	707	4	0
184	707	4	0
187	707	5	0
198	707	2	0
244	707	4	0
269	707	2	0
270	707	5	0
271	707	4	0
286	707	5	0
316	707	4	0
334	707	4	0
344	707	4	0
354	707	4	0
361	707	4	0
363	707	3	0
373	707	4	0
376	707	4	0
378	707	3	0
379	707	5	0
401	707	2	0
405	707	1	0
416	707	4	0
437	707	3	0
450	707	5	0
454	707	3	0
474	707	5	0
488	707	2	0
494	707	4	0
503	707	5	0
523	707	5	0
524	707	4	0
535	707	4	0
536	707	5	0
537	707	4	0
556	707	3	0
565	707	5	0
566	707	4	0
585	707	5	0
607	707	4	0
615	707	3	0
639	707	5	0
655	707	3	0
661	707	5	0
666	707	5	0
698	707	2	0
707	707	5	0
711	707	5	0
716	707	4	0
771	707	4	0
796	707	3	0
798	707	2	0
821	707	5	0
840	707	5	0
875	707	4	0
878	707	2	0
883	707	3	0
894	707	4	0
909	707	5	0
918	707	5	0
10	711	4	0
11	718	5	0
64	718	4	0
108	718	4	0
119	718	5	0
181	718	1	0
268	718	4	0
327	718	4	0
387	718	4	0
486	718	3	0
537	718	4	0
658	718	3	0
707	718	5	0
838	718	5	0
887	718	1	0
889	718	4	0
894	718	3	0
11	745	5	0
60	745	5	0
85	745	3	0
98	745	3	0
158	745	4	0
234	745	4	0
239	745	5	0
264	745	5	0
313	745	3	0
385	745	4	0
405	745	1	0
406	745	4	0
537	745	2	0
833	745	4	0
883	745	5	0
932	745	5	0
12	753	5	0
18	753	4	0
90	753	4	0
195	753	3	0
239	753	5	0
279	753	2	0
299	753	5	0
327	753	4	0
334	753	4	0
354	753	5	0
380	753	4	0
405	753	1	0
420	753	5	0
437	753	4	0
449	753	5	0
458	753	4	0
503	753	1	0
537	753	2	0
608	753	5	0
655	753	3	0
756	753	2	0
828	753	4	0
875	753	3	0
894	753	5	0
13	793	5	0
269	793	4	0
305	793	5	0
378	793	3	0
405	793	1	0
456	793	3	0
655	793	3	0
836	793	2	0
870	793	5	0
880	793	4	0
13	805	4	0
18	805	4	0
151	805	4	0
184	805	3	0
207	805	3	0
269	805	2	0
279	805	3	0
286	805	3	0
303	805	4	0
308	805	4	0
327	805	4	0
363	805	4	0
393	805	2	0
429	805	3	0
452	805	4	0
497	805	3	0
561	805	3	0
655	805	2	0
659	805	5	0
664	805	5	0
666	805	4	0
798	805	4	0
848	805	5	0
864	805	4	0
883	805	4	0
932	805	4	0
934	805	4	0
13	811	5	0
31	811	4	0
76	811	4	0
90	811	4	0
299	811	4	0
308	811	4	0
327	811	4	0
331	811	4	0
354	811	5	0
385	811	4	0
561	811	3	0
567	811	4	0
666	811	4	0
707	811	4	0
747	811	3	0
854	811	3	0
932	811	4	0
934	811	4	0
13	813	1	0
14	813	2	0
49	813	3	0
58	813	5	0
63	813	5	0
78	813	2	0
79	813	5	0
85	813	4	0
89	813	5	0
90	813	4	0
94	813	5	0
119	813	4	0
125	813	1	0
131	813	3	0
151	813	4	0
181	813	2	0
184	813	4	0
192	813	4	0
199	813	3	0
209	813	5	0
226	813	4	0
243	813	4	0
250	813	5	0
251	813	3	0
264	813	4	0
299	813	4	0
303	813	4	0
312	813	5	0
342	813	5	0
361	813	4	0
365	813	5	0
392	813	3	0
399	813	3	0
406	813	4	0
463	813	4	0
470	813	3	0
473	813	3	0
486	813	5	0
535	813	5	0
560	813	4	0
572	813	4	0
581	813	5	0
592	813	4	0
636	813	5	0
655	813	3	0
662	813	3	0
735	813	4	0
748	813	4	0
770	813	5	0
839	813	4	0
870	813	4	0
871	813	3	0
886	813	4	0
907	813	5	0
919	813	4	0
936	813	5	0
13	835	3	0
60	835	4	0
151	835	5	0
234	835	3	0
312	835	5	0
325	835	5	0
370	835	5	0
389	835	5	0
426	835	3	0
465	835	3	0
568	835	4	0
639	835	4	0
747	835	3	0
815	835	3	0
911	835	3	0
13	836	2	0
90	836	5	0
151	836	4	0
184	836	4	0
234	836	4	0
239	836	5	0
312	836	5	0
389	836	4	0
393	836	4	0
426	836	3	0
454	836	2	0
465	836	3	0
474	836	3	0
500	836	5	0
506	836	4	0
524	836	2	0
535	836	5	0
567	836	3	0
573	836	3	0
659	836	4	0
694	836	4	0
716	836	4	0
846	836	5	0
896	836	3	0
924	836	3	0
932	836	5	0
13	837	4	0
25	837	4	0
90	837	5	0
151	837	4	0
184	837	3	0
194	837	4	0
234	837	3	0
312	837	4	0
313	837	4	0
326	837	4	0
392	837	5	0
398	837	4	0
450	837	4	0
454	837	2	0
524	837	2	0
537	837	3	0
659	837	3	0
716	837	4	0
749	837	5	0
758	837	4	0
766	837	3	0
815	837	5	0
830	837	5	0
846	837	5	0
892	837	5	0
13	847	4	0
43	847	5	0
64	847	3	0
90	847	5	0
104	847	2	0
115	847	4	0
123	847	4	0
136	847	4	0
144	847	4	0
151	847	5	0
181	847	1	0
189	847	4	0
201	847	2	0
207	847	3	0
221	847	4	0
234	847	4	0
252	847	4	0
271	847	4	0
299	847	4	0
303	847	4	0
312	847	3	0
323	847	3	0
349	847	4	0
354	847	3	0
381	847	4	0
387	847	3	0
389	847	4	0
392	847	4	0
429	847	3	0
450	847	4	0
458	847	5	0
460	847	3	0
470	847	3	0
490	847	3	0
518	847	5	0
533	847	3	0
558	847	4	0
560	847	4	0
567	847	4	0
581	847	3	0
592	847	5	0
607	847	4	0
637	847	3	0
655	847	2	0
707	847	5	0
708	847	3	0
733	847	3	0
748	847	4	0
765	847	4	0
794	847	5	0
865	847	5	0
883	847	4	0
889	847	4	0
894	847	4	0
937	847	4	0
13	848	5	0
234	848	3	0
308	848	4	0
426	848	4	0
474	848	4	0
535	848	3	0
537	848	3	0
608	848	4	0
776	848	2	0
13	850	4	0
58	850	5	0
234	850	2	0
312	850	5	0
13	851	5	0
76	851	4	0
385	851	5	0
405	851	1	0
13	853	1	0
21	853	5	0
118	853	5	0
201	853	4	0
246	853	5	0
249	853	4	0
276	853	5	0
279	853	1	0
308	853	5	0
366	853	5	0
397	853	4	0
405	853	1	0
425	853	4	0
592	853	5	0
13	856	5	0
18	856	5	0
23	856	4	0
62	856	4	0
102	856	2	0
201	856	3	0
214	856	4	0
244	856	5	0
264	856	3	0
269	856	5	0
286	856	2	0
293	856	3	0
299	856	3	0
305	856	5	0
308	856	4	0
327	856	4	0
334	856	4	0
339	856	5	0
370	856	3	0
373	856	3	0
380	856	3	0
387	856	5	0
405	856	1	0
436	856	4	0
452	856	4	0
468	856	4	0
566	856	5	0
591	856	4	0
666	856	5	0
751	856	2	0
805	856	4	0
806	856	5	0
870	856	3	0
883	856	5	0
889	856	4	0
918	856	4	0
13	863	4	0
18	863	3	0
90	863	4	0
189	863	4	0
212	863	2	0
234	863	5	0
305	863	4	0
308	863	3	0
312	863	5	0
321	863	3	0
354	863	3	0
358	863	5	0
452	863	5	0
480	863	4	0
523	863	4	0
559	863	5	0
585	863	5	0
639	863	4	0
655	863	3	0
707	863	4	0
883	863	3	0
894	863	5	0
916	863	3	0
932	863	4	0
13	867	5	0
234	867	4	0
303	867	3	0
422	867	3	0
655	867	4	0
883	867	5	0
13	868	5	0
331	868	4	0
465	868	2	0
527	868	4	0
617	868	4	0
13	896	5	0
40	896	4	0
90	896	3	0
111	896	2	0
116	896	2	0
145	896	2	0
149	896	4	0
191	896	3	0
201	896	3	0
206	896	4	0
214	896	4	0
229	896	4	0
273	896	4	0
327	896	5	0
334	896	5	0
344	896	4	0
354	896	4	0
358	896	4	0
378	896	4	0
385	896	5	0
397	896	4	0
428	896	4	0
448	896	5	0
458	896	5	0
537	896	3	0
574	896	2	0
611	896	3	0
655	896	4	0
656	896	5	0
668	896	4	0
673	896	5	0
675	896	5	0
720	896	5	0
752	896	3	0
758	896	5	0
828	896	4	0
836	896	3	0
845	896	3	0
866	896	2	0
871	896	3	0
883	896	5	0
915	896	2	0
924	896	4	0
931	896	3	0
13	900	5	0
39	900	3	0
59	900	4	0
79	900	4	0
90	900	4	0
100	900	4	0
116	900	4	0
144	900	4	0
191	900	4	0
206	900	1	0
232	900	5	0
273	900	3	0
284	900	4	0
288	900	5	0
354	900	4	0
369	900	4	0
385	900	4	0
448	900	3	0
450	900	5	0
483	900	3	0
491	900	5	0
503	900	5	0
515	900	4	0
574	900	4	0
592	900	4	0
655	900	3	0
675	900	4	0
683	900	1	0
707	900	4	0
747	900	5	0
752	900	4	0
775	900	3	0
782	900	3	0
828	900	2	0
836	900	2	0
845	900	3	0
860	900	3	0
863	900	3	0
866	900	4	0
883	900	5	0
894	900	3	0
931	900	4	0
13	902	3	0
79	902	3	0
107	902	5	0
116	902	2	0
133	902	3	0
174	902	3	0
179	902	1	0
269	902	5	0
273	902	5	0
276	902	4	0
285	902	4	0
294	902	4	0
334	902	4	0
335	902	5	0
445	902	4	0
448	902	4	0
450	902	4	0
466	902	5	0
475	902	5	0
489	902	4	0
499	902	5	0
516	902	5	0
559	902	4	0
587	902	2	0
655	902	2	0
668	902	2	0
669	902	2	0
676	902	4	0
707	902	5	0
720	902	4	0
752	902	5	0
758	902	4	0
782	902	2	0
810	902	5	0
822	902	4	0
828	902	4	0
842	902	5	0
863	902	5	0
880	902	4	0
883	902	4	0
894	902	3	0
934	902	4	0
13	909	5	0
46	909	5	0
466	909	5	0
519	909	5	0
655	909	3	0
711	909	4	0
724	909	1	0
752	909	3	0
845	909	4	0
863	909	3	0
871	909	3	0
894	909	3	0
931	909	5	0
13	915	5	0
276	915	4	0
299	915	4	0
328	915	3	0
416	915	5	0
421	915	4	0
479	915	4	0
499	915	4	0
532	915	4	0
655	915	4	0
669	915	3	0
683	915	2	0
851	915	5	0
14	921	5	0
18	921	5	0
62	921	2	0
85	921	3	0
94	921	5	0
195	921	3	0
232	921	4	0
234	921	4	0
239	921	5	0
257	921	5	0
263	921	3	0
299	921	3	0
305	921	5	0
308	921	4	0
311	921	4	0
312	921	5	0
327	921	4	0
343	921	4	0
378	921	4	0
405	921	1	0
406	921	4	0
429	921	2	0
440	921	5	0
450	921	4	0
474	921	3	0
487	921	5	0
496	921	5	0
533	921	2	0
535	921	4	0
537	921	3	0
561	921	3	0
591	921	4	0
601	921	5	0
633	921	3	0
642	921	5	0
655	921	3	0
707	921	4	0
711	921	5	0
767	921	5	0
828	921	4	0
844	921	5	0
875	921	5	0
877	921	4	0
878	921	4	0
884	921	5	0
918	921	4	0
14	922	4	0
92	922	1	0
115	922	3	0
132	922	5	0
151	922	4	0
160	922	5	0
181	922	1	0
269	922	5	0
276	922	4	0
279	922	3	0
334	922	4	0
354	922	4	0
385	922	4	0
393	922	4	0
422	922	4	0
456	922	4	0
498	922	5	0
501	922	4	0
537	922	3	0
581	922	5	0
592	922	3	0
595	922	4	0
634	922	4	0
637	922	1	0
657	922	4	0
682	922	3	0
733	922	3	0
754	922	3	0
758	922	5	0
805	922	5	0
854	922	5	0
868	922	5	0
883	922	5	0
894	922	4	0
14	923	5	0
18	923	5	0
58	923	5	0
71	923	5	0
73	923	3	0
85	923	4	0
90	923	5	0
94	923	5	0
106	923	4	0
198	923	3	0
201	923	3	0
233	923	4	0
234	923	4	0
235	923	4	0
239	923	5	0
262	923	4	0
269	923	4	0
278	923	5	0
296	923	5	0
305	923	5	0
316	923	5	0
370	923	4	0
380	923	3	0
389	923	5	0
405	923	2	0
406	923	3	0
409	923	5	0
417	923	3	0
440	923	5	0
450	923	5	0
469	923	5	0
474	923	4	0
492	923	5	0
535	923	4	0
537	923	3	0
565	923	4	0
568	923	3	0
585	923	5	0
591	923	4	0
603	923	4	0
626	923	5	0
639	923	4	0
655	923	3	0
658	923	3	0
707	923	5	0
711	923	5	0
745	923	3	0
747	923	5	0
806	923	3	0
828	923	3	0
833	923	5	0
875	923	5	0
878	923	3	0
884	923	3	0
894	923	5	0
911	923	4	0
918	923	4	0
924	923	5	0
15	936	5	0
26	936	4	0
89	936	5	0
219	936	4	0
257	936	4	0
299	936	4	0
334	936	3	0
354	936	4	0
360	936	4	0
413	936	4	0
416	936	5	0
429	936	4	0
449	936	5	0
450	936	5	0
463	936	2	0
486	936	3	0
526	936	5	0
533	936	4	0
543	936	4	0
558	936	5	0
581	936	3	0
592	936	4	0
597	936	3	0
637	936	4	0
655	936	3	0
707	936	4	0
745	936	1	0
770	936	5	0
782	936	3	0
794	936	5	0
840	936	4	0
894	936	4	0
16	945	4	0
90	945	5	0
125	945	5	0
151	945	5	0
154	945	3	0
184	945	4	0
234	945	3	0
279	945	5	0
308	945	4	0
312	945	5	0
334	945	4	0
338	945	4	0
385	945	5	0
389	945	4	0
406	945	3	0
409	945	3	0
452	945	4	0
454	945	3	0
474	945	4	0
479	945	5	0
506	945	4	0
625	945	3	0
655	945	2	0
666	945	4	0
670	945	4	0
698	945	2	0
731	945	4	0
741	945	5	0
747	945	4	0
751	945	3	0
796	945	5	0
798	945	3	0
815	945	4	0
838	945	4	0
840	945	3	0
848	945	5	0
854	945	3	0
870	945	4	0
883	945	4	0
942	945	5	0
18	954	3	0
90	954	4	0
239	954	5	0
299	954	3	0
385	954	4	0
389	954	4	0
405	954	4	0
523	954	5	0
568	954	2	0
591	954	3	0
655	954	2	0
18	958	5	0
90	958	4	0
233	958	5	0
331	958	5	0
354	958	4	0
405	958	1	0
537	958	2	0
633	958	3	0
639	958	4	0
655	958	3	0
711	958	5	0
773	958	4	0
828	958	5	0
918	958	3	0
18	961	3	0
23	961	5	0
92	961	4	0
94	961	4	0
144	961	3	0
180	961	5	0
239	961	5	0
269	961	5	0
295	961	5	0
296	961	5	0
305	961	3	0
325	961	4	0
334	961	4	0
339	961	3	0
343	961	4	0
378	961	3	0
381	961	3	0
385	961	4	0
429	961	3	0
435	961	1	0
437	961	5	0
454	961	1	0
496	961	2	0
504	961	4	0
608	961	4	0
625	961	4	0
655	961	3	0
711	961	5	0
763	961	5	0
798	961	1	0
828	961	2	0
894	961	4	0
916	961	3	0
934	961	4	0
18	963	5	0
59	963	5	0
92	963	5	0
99	963	3	0
144	963	4	0
177	963	4	0
230	963	5	0
234	963	3	0
271	963	5	0
296	963	5	0
305	963	4	0
330	963	5	0
343	963	5	0
360	963	5	0
374	963	5	0
391	963	5	0
417	963	4	0
447	963	5	0
453	963	4	0
456	963	4	0
468	963	5	0
474	963	5	0
503	963	5	0
527	963	4	0
535	963	5	0
537	963	3	0
538	963	4	0
539	963	4	0
575	963	1	0
592	963	5	0
606	963	5	0
645	963	4	0
654	963	4	0
655	963	3	0
666	963	3	0
744	963	5	0
788	963	4	0
875	963	4	0
908	963	4	0
913	963	4	0
934	963	5	0
18	965	4	0
90	965	5	0
128	965	3	0
151	965	5	0
234	965	3	0
295	965	4	0
299	965	4	0
308	965	4	0
311	965	3	0
342	965	4	0
385	965	4	0
389	965	5	0
409	965	2	0
450	965	4	0
524	965	4	0
537	965	2	0
694	965	4	0
716	965	2	0
766	965	3	0
918	965	4	0
934	965	4	0
18	966	2	0
43	966	4	0
90	966	5	0
128	966	4	0
151	966	4	0
152	966	5	0
234	966	4	0
253	966	5	0
295	966	5	0
308	966	3	0
311	966	4	0
330	966	5	0
416	966	5	0
450	966	4	0
474	966	4	0
487	966	5	0
537	966	2	0
593	966	5	0
606	966	5	0
618	966	4	0
642	966	5	0
655	966	3	0
711	966	5	0
768	966	4	0
864	966	4	0
896	966	4	0
18	968	3	0
25	968	4	0
95	968	5	0
308	968	4	0
312	968	5	0
318	968	3	0
426	968	3	0
450	968	4	0
454	968	2	0
545	968	5	0
650	968	4	0
698	968	1	0
749	968	3	0
758	968	5	0
766	968	4	0
807	968	4	0
830	968	4	0
932	968	4	0
18	969	3	0
25	969	3	0
41	969	4	0
42	969	5	0
43	969	5	0
56	969	3	0
59	969	3	0
64	969	3	0
94	969	4	0
115	969	1	0
148	969	4	0
151	969	5	0
160	969	1	0
210	969	4	0
223	969	5	0
230	969	4	0
250	969	5	0
275	969	2	0
276	969	4	0
279	969	3	0
286	969	5	0
313	969	4	0
326	969	4	0
330	969	5	0
334	969	4	0
340	969	5	0
378	969	4	0
387	969	3	0
389	969	4	0
398	969	4	0
399	969	3	0
405	969	3	0
407	969	4	0
412	969	3	0
424	969	1	0
437	969	4	0
450	969	4	0
452	969	2	0
458	969	4	0
459	969	3	0
471	969	2	0
495	969	4	0
504	969	4	0
588	969	5	0
592	969	4	0
606	969	5	0
608	969	5	0
618	969	3	0
620	969	4	0
641	969	4	0
642	969	2	0
643	969	4	0
650	969	3	0
654	969	5	0
670	969	2	0
686	969	5	0
711	969	5	0
712	969	4	0
716	969	4	0
738	969	4	0
739	969	1	0
749	969	4	0
757	969	3	0
804	969	4	0
807	969	4	0
815	969	5	0
850	969	5	0
852	969	5	0
862	969	5	0
864	969	4	0
882	969	5	0
887	969	5	0
892	969	4	0
911	969	5	0
942	969	4	0
18	971	4	0
85	971	3	0
90	971	4	0
95	971	3	0
151	971	5	0
194	971	3	0
235	971	4	0
279	971	4	0
299	971	2	0
305	971	4	0
354	971	3	0
405	971	1	0
406	971	3	0
440	971	5	0
449	971	4	0
452	971	4	0
474	971	4	0
500	971	5	0
535	971	2	0
537	971	4	0
561	971	3	0
565	971	5	0
585	971	3	0
592	971	4	0
639	971	4	0
765	971	4	0
828	971	4	0
840	971	4	0
848	971	5	0
877	971	4	0
883	971	3	0
894	971	3	0
916	971	4	0
918	971	4	0
18	973	3	0
504	973	4	0
653	973	2	0
848	973	5	0
23	1005	3	0
59	1005	5	0
90	1005	2	0
189	1005	4	0
269	1005	4	0
299	1005	5	0
358	1005	4	0
383	1005	3	0
405	1005	1	0
433	1005	5	0
449	1005	5	0
537	1005	3	0
566	1005	5	0
568	1005	1	0
585	1005	4	0
639	1005	2	0
655	1005	4	0
828	1005	3	0
838	1005	4	0
883	1005	5	0
894	1005	5	0
916	1005	4	0
24	1007	5	0
30	1007	5	0
63	1007	5	0
76	1007	4	0
94	1007	4	0
196	1007	4	0
227	1007	4	0
270	1007	5	0
279	1007	4	0
294	1007	4	0
296	1007	4	0
297	1007	4	0
303	1007	5	0
327	1007	4	0
342	1007	4	0
344	1007	4	0
345	1007	5	0
354	1007	4	0
363	1007	5	0
385	1007	3	0
387	1007	5	0
389	1007	4	0
392	1007	5	0
416	1007	5	0
422	1007	4	0
430	1007	3	0
437	1007	5	0
463	1007	3	0
473	1007	4	0
479	1007	4	0
480	1007	4	0
498	1007	3	0
501	1007	4	0
526	1007	3	0
655	1007	3	0
675	1007	4	0
707	1007	4	0
751	1007	4	0
758	1007	5	0
782	1007	3	0
789	1007	4	0
847	1007	4	0
894	1007	3	0
928	1007	5	0
936	1007	5	0
937	1007	4	0
941	1007	4	0
29	1019	4	0
31	1019	5	0
58	1019	4	0
76	1019	3	0
130	1019	4	0
132	1019	3	0
160	1019	5	0
162	1019	4	0
276	1019	5	0
308	1019	4	0
322	1019	4	0
327	1019	3	0
363	1019	5	0
387	1019	4	0
397	1019	3	0
405	1019	1	0
456	1019	4	0
487	1019	5	0
506	1019	5	0
537	1019	1	0
560	1019	4	0
567	1019	5	0
617	1019	4	0
633	1019	4	0
682	1019	5	0
710	1019	4	0
758	1019	4	0
833	1019	5	0
870	1019	3	0
883	1019	5	0
886	1019	4	0
31	1020	3	0
60	1020	4	0
90	1020	5	0
116	1020	3	0
184	1020	4	0
185	1020	4	0
189	1020	4	0
234	1020	4	0
239	1020	3	0
263	1020	3	0
269	1020	4	0
299	1020	4	0
312	1020	5	0
334	1020	4	0
344	1020	5	0
398	1020	3	0
409	1020	5	0
416	1020	5	0
426	1020	4	0
429	1020	4	0
450	1020	4	0
456	1020	4	0
474	1020	3	0
506	1020	4	0
567	1020	3	0
625	1020	3	0
639	1020	4	0
654	1020	4	0
660	1020	4	0
694	1020	4	0
698	1020	2	0
716	1020	5	0
747	1020	4	0
870	1020	3	0
932	1020	5	0
31	1021	3	0
49	1021	5	0
59	1021	4	0
60	1021	5	0
85	1021	3	0
189	1021	5	0
234	1021	4	0
235	1021	5	0
299	1021	3	0
303	1021	4	0
308	1021	4	0
312	1021	3	0
328	1021	3	0
358	1021	5	0
385	1021	5	0
405	1021	1	0
406	1021	5	0
409	1021	4	0
492	1021	3	0
553	1021	2	0
560	1021	4	0
561	1021	4	0
567	1021	4	0
585	1021	3	0
615	1021	5	0
617	1021	4	0
659	1021	5	0
666	1021	5	0
698	1021	1	0
707	1021	3	0
747	1021	5	0
766	1021	2	0
773	1021	5	0
848	1021	5	0
855	1021	3	0
870	1021	2	0
883	1021	5	0
932	1021	4	0
34	1024	5	0
46	1024	5	0
111	1024	3	0
206	1024	1	0
351	1024	4	0
428	1024	4	0
561	1024	3	0
655	1024	3	0
695	1024	5	0
707	1024	5	0
711	1024	5	0
752	1024	3	0
787	1024	2	0
863	1024	3	0
871	1024	3	0
41	1039	3	0
85	1039	4	0
90	1039	5	0
109	1039	2	0
116	1039	4	0
128	1039	4	0
130	1039	4	0
144	1039	4	0
148	1039	2	0
151	1039	4	0
177	1039	3	0
201	1039	3	0
214	1039	4	0
215	1039	5	0
224	1039	5	0
234	1039	3	0
236	1039	2	0
243	1039	4	0
244	1039	4	0
246	1039	4	0
249	1039	5	0
253	1039	4	0
279	1039	4	0
286	1039	5	0
288	1039	2	0
292	1039	4	0
295	1039	4	0
299	1039	4	0
303	1039	5	0
312	1039	5	0
316	1039	5	0
339	1039	4	0
343	1039	5	0
346	1039	2	0
347	1039	5	0
350	1039	4	0
354	1039	4	0
360	1039	5	0
373	1039	4	0
380	1039	3	0
393	1039	3	0
417	1039	3	0
429	1039	5	0
435	1039	4	0
437	1039	2	0
450	1039	5	0
457	1039	5	0
458	1039	5	0
459	1039	3	0
479	1039	4	0
481	1039	4	0
488	1039	4	0
495	1039	5	0
505	1039	4	0
514	1039	5	0
532	1039	4	0
535	1039	4	0
536	1039	5	0
551	1039	4	0
561	1039	3	0
562	1039	4	0
571	1039	3	0
588	1039	4	0
592	1039	4	0
601	1039	4	0
606	1039	4	0
608	1039	5	0
618	1039	4	0
622	1039	5	0
641	1039	4	0
642	1039	5	0
650	1039	3	0
682	1039	4	0
710	1039	4	0
716	1039	5	0
721	1039	5	0
731	1039	4	0
758	1039	5	0
763	1039	4	0
790	1039	3	0
796	1039	4	0
807	1039	4	0
815	1039	5	0
838	1039	5	0
843	1039	3	0
844	1039	4	0
867	1039	5	0
878	1039	3	0
890	1039	4	0
911	1039	4	0
42	1050	3	0
59	1050	2	0
60	1050	3	0
91	1050	3	0
151	1050	4	0
230	1050	3	0
234	1050	3	0
254	1050	3	0
292	1050	4	0
295	1050	5	0
299	1050	4	0
311	1050	3	0
312	1050	5	0
313	1050	4	0
318	1050	4	0
321	1050	3	0
323	1050	5	0
344	1050	3	0
389	1050	4	0
409	1050	4	0
450	1050	4	0
474	1050	4	0
488	1050	4	0
504	1050	4	0
524	1050	2	0
536	1050	5	0
537	1050	2	0
568	1050	4	0
648	1050	4	0
650	1050	3	0
660	1050	4	0
694	1050	3	0
716	1050	4	0
747	1050	3	0
766	1050	3	0
785	1050	3	0
804	1050	3	0
807	1050	5	0
846	1050	4	0
847	1050	3	0
862	1050	5	0
932	1050	4	0
942	1050	5	0
46	1062	5	0
206	1062	3	0
405	1062	1	0
448	1062	5	0
519	1062	5	0
574	1062	5	0
655	1062	3	0
696	1062	4	0
720	1062	5	0
724	1062	1	0
828	1062	4	0
863	1062	4	0
48	1063	3	0
58	1063	1	0
64	1063	3	0
82	1063	3	0
128	1063	2	0
201	1063	3	0
215	1063	5	0
234	1063	3	0
274	1063	4	0
280	1063	3	0
314	1063	5	0
318	1063	3	0
354	1063	3	0
378	1063	4	0
383	1063	5	0
393	1063	4	0
405	1063	5	0
437	1063	5	0
454	1063	4	0
474	1063	5	0
496	1063	3	0
505	1063	3	0
506	1063	5	0
535	1063	4	0
536	1063	5	0
601	1063	3	0
608	1063	5	0
612	1063	5	0
618	1063	3	0
642	1063	3	0
647	1063	3	0
655	1063	3	0
698	1063	2	0
790	1063	5	0
798	1063	3	0
799	1063	4	0
807	1063	4	0
831	1063	4	0
835	1063	4	0
848	1063	5	0
887	1063	1	0
48	1064	4	0
234	1064	4	0
426	1064	4	0
659	1064	5	0
49	1070	3	0
58	1070	4	0
85	1070	4	0
151	1070	4	0
201	1070	5	0
239	1070	5	0
264	1070	4	0
279	1070	3	0
327	1070	4	0
342	1070	3	0
385	1070	5	0
405	1070	1	0
409	1070	4	0
458	1070	4	0
468	1070	5	0
498	1070	3	0
537	1070	3	0
557	1070	2	0
561	1070	4	0
592	1070	5	0
655	1070	4	0
823	1070	4	0
833	1070	5	0
889	1070	3	0
903	1070	4	0
916	1070	4	0
933	1070	2	0
49	1073	5	0
57	1073	3	0
62	1073	4	0
73	1073	4	0
92	1073	5	0
94	1073	5	0
115	1073	5	0
145	1073	5	0
160	1073	4	0
200	1073	3	0
201	1073	2	0
214	1073	5	0
218	1073	5	0
221	1073	4	0
246	1073	4	0
249	1073	4	0
250	1073	5	0
267	1073	5	0
268	1073	4	0
269	1073	3	0
270	1073	5	0
276	1073	3	0
291	1073	5	0
292	1073	5	0
296	1073	5	0
297	1073	3	0
299	1073	4	0
303	1073	4	0
305	1073	1	0
308	1073	3	0
323	1073	4	0
327	1073	2	0
334	1073	4	0
342	1073	1	0
343	1073	4	0
363	1073	4	0
375	1073	2	0
405	1073	1	0
406	1073	3	0
409	1073	4	0
440	1073	4	0
449	1073	5	0
498	1073	3	0
506	1073	4	0
524	1073	5	0
537	1073	3	0
543	1073	3	0
548	1073	4	0
560	1073	3	0
592	1073	5	0
601	1073	2	0
617	1073	3	0
640	1073	5	0
663	1073	3	0
671	1073	3	0
757	1073	4	0
828	1073	4	0
870	1073	5	0
875	1073	5	0
884	1073	4	0
886	1073	4	0
889	1073	5	0
894	1073	4	0
903	1073	3	0
916	1073	4	0
919	1073	4	0
49	1080	4	0
894	1080	4	0
50	1084	5	0
58	1084	4	0
74	1084	3	0
181	1084	2	0
195	1084	4	0
315	1084	4	0
316	1084	4	0
330	1084	5	0
424	1084	5	0
470	1084	3	0
504	1084	4	0
526	1084	5	0
537	1084	3	0
541	1084	4	0
601	1084	5	0
634	1084	2	0
655	1084	3	0
682	1084	2	0
807	1084	4	0
821	1084	5	0
887	1084	5	0
58	1098	4	0
85	1098	4	0
151	1098	1	0
158	1098	4	0
189	1098	4	0
201	1098	2	0
207	1098	4	0
221	1098	4	0
239	1098	5	0
244	1098	5	0
251	1098	3	0
268	1098	3	0
276	1098	4	0
291	1098	4	0
293	1098	2	0
303	1098	4	0
327	1098	4	0
336	1098	3	0
381	1098	4	0
389	1098	4	0
416	1098	3	0
437	1098	3	0
442	1098	4	0
492	1098	4	0
535	1098	5	0
542	1098	4	0
578	1098	2	0
588	1098	4	0
643	1098	4	0
655	1098	3	0
664	1098	3	0
666	1098	4	0
747	1098	4	0
758	1098	5	0
763	1098	3	0
805	1098	3	0
806	1098	4	0
868	1098	5	0
870	1098	4	0
896	1098	3	0
903	1098	5	0
916	1098	4	0
58	1103	5	0
85	1103	3	0
201	1103	3	0
249	1103	5	0
264	1103	5	0
269	1103	5	0
299	1103	4	0
327	1103	4	0
342	1103	3	0
361	1103	4	0
385	1103	3	0
405	1103	2	0
435	1103	4	0
498	1103	4	0
537	1103	4	0
561	1103	4	0
655	1103	3	0
875	1103	5	0
889	1103	2	0
59	1116	3	0
95	1116	4	0
254	1116	3	0
311	1116	3	0
312	1116	3	0
380	1116	4	0
426	1116	4	0
450	1116	3	0
495	1116	3	0
601	1116	4	0
882	1116	4	0
887	1116	5	0
932	1116	4	0
60	1121	3	0
85	1121	3	0
184	1121	4	0
234	1121	5	0
279	1121	4	0
308	1121	3	0
385	1121	4	0
389	1121	4	0
437	1121	5	0
480	1121	4	0
492	1121	2	0
523	1121	5	0
585	1121	4	0
639	1121	2	0
655	1121	3	0
767	1121	5	0
829	1121	4	0
878	1121	2	0
883	1121	3	0
909	1121	5	0
932	1121	5	0
60	1123	4	0
234	1123	3	0
474	1123	4	0
60	1124	4	0
312	1124	4	0
338	1124	4	0
474	1124	4	0
524	1124	3	0
535	1124	4	0
553	1124	4	0
608	1124	4	0
716	1124	3	0
846	1124	4	0
881	1124	4	0
892	1124	4	0
60	1125	4	0
90	1125	4	0
167	1125	5	0
568	1125	4	0
62	1129	5	0
65	1129	4	0
76	1129	5	0
181	1129	1	0
214	1129	4	0
257	1129	5	0
276	1129	4	0
277	1129	3	0
327	1129	2	0
385	1129	5	0
387	1129	4	0
425	1129	3	0
445	1129	4	0
456	1129	4	0
473	1129	4	0
486	1129	4	0
524	1129	2	0
537	1129	1	0
590	1129	3	0
592	1129	5	0
655	1129	3	0
678	1129	1	0
699	1129	3	0
733	1129	4	0
763	1129	4	0
771	1129	5	0
806	1129	3	0
936	1129	5	0
62	1130	4	0
62	1131	3	0
85	1131	4	0
180	1131	5	0
201	1131	5	0
276	1131	3	0
327	1131	4	0
385	1131	3	0
498	1131	3	0
561	1131	4	0
567	1131	4	0
655	1131	5	0
883	1131	5	0
894	1131	4	0
63	1137	5	0
85	1137	4	0
90	1137	2	0
119	1137	5	0
181	1137	1	0
184	1137	5	0
192	1137	4	0
201	1137	4	0
209	1137	4	0
242	1137	5	0
250	1137	5	0
257	1137	5	0
334	1137	4	0
344	1137	3	0
354	1137	4	0
365	1137	5	0
399	1137	4	0
455	1137	3	0
460	1137	3	0
486	1137	5	0
568	1137	4	0
572	1137	3	0
655	1137	3	0
717	1137	5	0
847	1137	5	0
871	1137	3	0
918	1137	5	0
919	1137	4	0
940	1137	3	0
65	1142	4	0
69	1142	4	0
92	1142	4	0
116	1142	4	0
130	1142	4	0
136	1142	4	0
141	1142	1	0
144	1142	5	0
160	1142	5	0
198	1142	5	0
279	1142	1	0
292	1142	4	0
296	1142	5	0
298	1142	4	0
303	1142	4	0
310	1142	5	0
344	1142	5	0
360	1142	4	0
382	1142	3	0
392	1142	5	0
437	1142	4	0
447	1142	5	0
449	1142	4	0
460	1142	4	0
467	1142	5	0
473	1142	5	0
479	1142	5	0
486	1142	5	0
498	1142	4	0
533	1142	4	0
592	1142	5	0
595	1142	5	0
614	1142	3	0
634	1142	3	0
655	1142	2	0
707	1142	1	0
733	1142	4	0
747	1142	4	0
758	1142	5	0
782	1142	3	0
793	1142	5	0
889	1142	4	0
894	1142	4	0
903	1142	5	0
69	1143	5	0
227	1143	4	0
385	1143	4	0
387	1143	5	0
392	1143	4	0
445	1143	4	0
473	1143	4	0
486	1143	3	0
592	1143	5	0
655	1143	3	0
699	1143	3	0
758	1143	5	0
782	1143	2	0
833	1143	4	0
851	1143	5	0
69	1144	5	0
655	1144	3	0
782	1144	3	0
72	1147	5	0
94	1147	4	0
144	1147	4	0
167	1147	4	0
207	1147	4	0
262	1147	4	0
293	1147	4	0
308	1147	4	0
373	1147	4	0
378	1147	4	0
389	1147	4	0
405	1147	2	0
406	1147	4	0
416	1147	4	0
450	1147	4	0
492	1147	1	0
504	1147	4	0
533	1147	3	0
537	1147	3	0
577	1147	4	0
655	1147	3	0
73	1149	4	0
85	1149	3	0
148	1149	5	0
232	1149	5	0
234	1149	3	0
235	1149	4	0
325	1149	4	0
358	1149	3	0
360	1149	4	0
527	1149	4	0
535	1149	4	0
561	1149	4	0
585	1149	4	0
606	1149	4	0
622	1149	3	0
643	1149	3	0
650	1149	4	0
655	1149	3	0
698	1149	3	0
756	1149	5	0
805	1149	4	0
833	1149	4	0
878	1149	4	0
890	1149	5	0
924	1149	3	0
932	1149	4	0
76	1158	4	0
385	1158	5	0
585	1158	4	0
655	1158	3	0
76	1159	3	0
183	1159	3	0
358	1159	5	0
385	1159	4	0
405	1159	1	0
409	1159	2	0
543	1159	5	0
645	1159	4	0
747	1159	2	0
758	1159	5	0
867	1159	5	0
78	1160	5	0
119	1160	5	0
184	1160	5	0
192	1160	4	0
257	1160	4	0
296	1160	4	0
303	1160	2	0
318	1160	5	0
342	1160	3	0
345	1160	3	0
385	1160	2	0
392	1160	2	0
407	1160	1	0
416	1160	4	0
450	1160	5	0
455	1160	4	0
500	1160	5	0
514	1160	4	0
560	1160	3	0
655	1160	3	0
697	1160	1	0
711	1160	5	0
782	1160	2	0
819	1160	4	0
847	1160	4	0
936	1160	5	0
85	1167	3	0
184	1167	5	0
249	1167	4	0
312	1167	4	0
342	1167	1	0
405	1167	1	0
455	1167	4	0
655	1167	3	0
847	1167	5	0
907	1167	5	0
940	1167	4	0
85	1169	4	0
144	1169	4	0
178	1169	4	0
198	1169	4	0
201	1169	4	0
234	1169	4	0
308	1169	5	0
393	1169	5	0
551	1169	4	0
655	1169	3	0
85	1172	4	0
172	1172	3	0
234	1172	3	0
276	1172	4	0
312	1172	5	0
334	1172	3	0
344	1172	4	0
450	1172	5	0
474	1172	4	0
608	1172	5	0
659	1172	4	0
691	1172	5	0
776	1172	2	0
847	1172	1	0
918	1172	3	0
90	1193	4	0
195	1193	4	0
201	1193	4	0
235	1193	4	0
405	1193	1	0
566	1193	5	0
585	1193	5	0
639	1193	4	0
655	1193	3	0
829	1193	4	0
90	1194	4	0
92	1194	4	0
121	1194	4	0
201	1194	4	0
204	1194	4	0
233	1194	5	0
276	1194	3	0
286	1194	4	0
321	1194	5	0
331	1194	3	0
343	1194	4	0
354	1194	4	0
374	1194	4	0
405	1194	1	0
406	1194	4	0
409	1194	5	0
440	1194	5	0
449	1194	4	0
503	1194	5	0
537	1194	3	0
543	1194	4	0
553	1194	5	0
627	1194	4	0
639	1194	5	0
641	1194	3	0
655	1194	5	0
747	1194	5	0
889	1194	4	0
894	1194	5	0
896	1194	3	0
916	1194	4	0
90	1202	5	0
119	1202	4	0
181	1202	1	0
286	1202	3	0
334	1202	4	0
406	1202	3	0
486	1202	4	0
936	1202	4	0
90	1203	5	0
151	1203	5	0
225	1203	5	0
234	1203	4	0
239	1203	5	0
312	1203	5	0
325	1203	5	0
389	1203	5	0
406	1203	2	0
429	1203	4	0
450	1203	3	0
454	1203	2	0
568	1203	5	0
622	1203	3	0
659	1203	4	0
694	1203	4	0
716	1203	2	0
747	1203	5	0
766	1203	3	0
911	1203	4	0
934	1203	5	0
90	1204	4	0
125	1204	3	0
234	1204	3	0
239	1204	4	0
318	1204	2	0
389	1204	4	0
426	1204	4	0
435	1204	3	0
452	1204	4	0
524	1204	3	0
567	1204	5	0
608	1204	2	0
707	1204	3	0
747	1204	4	0
815	1204	5	0
847	1204	3	0
932	1204	5	0
942	1204	4	0
94	1223	4	0
160	1223	4	0
299	1223	3	0
655	1223	3	0
100	1233	3	0
139	1233	5	0
206	1233	1	0
355	1233	4	0
637	1233	5	0
655	1233	3	0
100	1235	4	0
100	1237	3	0
261	1237	3	0
507	1237	5	0
646	1237	3	0
782	1237	3	0
863	1237	4	0
102	1240	2	0
267	1240	5	0
276	1240	4	0
279	1240	1	0
339	1240	5	0
387	1240	5	0
405	1240	1	0
430	1240	3	0
435	1240	4	0
456	1240	3	0
497	1240	5	0
521	1240	3	0
532	1240	2	0
588	1240	5	0
603	1240	5	0
660	1240	3	0
677	1240	5	0
756	1240	4	0
757	1240	3	0
773	1240	3	0
822	1240	3	0
826	1240	5	0
865	1240	5	0
868	1240	5	0
896	1240	4	0
913	1240	2	0
107	1243	3	0
260	1243	5	0
489	1243	4	0
611	1243	3	0
752	1243	4	0
782	1243	3	0
863	1243	4	0
113	1251	5	0
296	1251	5	0
306	1251	5	0
460	1251	3	0
707	1251	4	0
782	1251	3	0
794	1251	4	0
894	1251	4	0
119	1262	3	0
174	1262	5	0
416	1262	5	0
437	1262	3	0
543	1262	2	0
608	1262	5	0
655	1262	3	0
889	1262	3	0
123	1269	2	0
151	1269	5	0
234	1269	3	0
450	1269	4	0
454	1269	3	0
694	1269	5	0
716	1269	4	0
731	1269	3	0
796	1269	5	0
892	1269	5	0
130	1278	5	0
159	1278	3	0
168	1278	3	0
262	1278	4	0
493	1278	5	0
501	1278	3	0
548	1278	4	0
552	1278	3	0
599	1278	5	0
655	1278	2	0
736	1278	1	0
782	1278	4	0
835	1278	5	0
887	1278	2	0
891	1278	5	0
919	1278	4	0
144	1286	4	0
151	1286	5	0
286	1286	5	0
293	1286	4	0
303	1286	4	0
305	1286	5	0
308	1286	3	0
385	1286	3	0
389	1286	5	0
416	1286	5	0
450	1286	3	0
474	1286	2	0
496	1286	2	0
498	1286	3	0
568	1286	4	0
716	1286	2	0
846	1286	4	0
151	1298	4	0
234	1298	3	0
293	1298	3	0
312	1298	5	0
389	1298	5	0
397	1298	3	0
567	1298	5	0
766	1298	3	0
900	1298	2	0
152	1301	5	0
276	1301	4	0
339	1301	3	0
429	1301	4	0
684	1301	3	0
181	1367	2	0
385	1367	5	0
449	1367	4	0
581	1367	5	0
773	1367	5	0
181	1368	1	0
243	1368	2	0
342	1368	5	0
655	1368	5	0
858	1368	4	0
936	1368	5	0
181	1375	1	0
286	1375	5	0
430	1375	4	0
486	1375	3	0
581	1375	5	0
655	1375	3	0
699	1375	3	0
733	1375	3	0
747	1375	4	0
936	1375	5	0
184	1396	4	0
358	1396	4	0
399	1396	4	0
535	1396	4	0
565	1396	5	0
195	1418	4	0
429	1418	3	0
655	1418	4	0
201	1428	4	0
244	1428	4	0
269	1428	5	0
279	1428	3	0
385	1428	4	0
416	1428	3	0
532	1428	4	0
588	1428	5	0
682	1428	3	0
833	1428	3	0
889	1428	3	0
916	1428	3	0
225	1443	4	0
254	1443	4	0
429	1443	2	0
551	1443	5	0
234	1448	3	0
655	1448	3	0
883	1448	5	0
234	1450	3	0
398	1450	5	0
234	1451	3	0
235	1451	4	0
263	1451	4	0
312	1451	4	0
389	1451	5	0
419	1451	4	0
426	1451	4	0
537	1451	3	0
553	1451	4	0
567	1451	3	0
666	1451	3	0
840	1451	5	0
846	1451	4	0
870	1451	3	0
932	1451	5	0
234	1452	4	0
234	1456	4	0
305	1456	4	0
308	1456	4	0
385	1456	4	0
524	1456	3	0
747	1456	3	0
932	1456	4	0
234	1458	4	0
234	1459	3	0
280	1459	4	0
295	1459	5	0
399	1459	3	0
496	1459	4	0
512	1459	4	0
788	1459	2	0
234	1462	3	0
257	1462	5	0
385	1462	4	0
655	1462	3	0
828	1462	3	0
883	1462	5	0
894	1462	3	0
243	1466	3	0
280	1466	5	0
354	1466	5	0
655	1466	3	0
711	1466	4	0
828	1466	4	0
257	1472	2	0
523	1472	5	0
263	1473	5	0
280	1473	3	0
295	1473	4	0
314	1473	4	0
496	1473	3	0
642	1473	4	0
655	1473	3	0
846	1473	5	0
887	1473	1	0
276	1482	4	0
279	1485	4	0
305	1485	3	0
363	1485	4	0
585	1485	3	0
279	1492	4	0
279	1495	4	0
363	1495	5	0
385	1495	3	0
416	1495	3	0
498	1495	3	0
279	1498	4	0
286	1504	4	0
334	1504	3	0
440	1504	4	0
291	1505	4	0
299	1506	4	0
385	1506	4	0
655	1506	3	0
305	1512	3	0
363	1512	1	0
409	1512	5	0
561	1512	5	0
585	1512	5	0
932	1512	5	0
308	1515	4	0
312	1516	4	0
416	1516	5	0
655	1516	3	0
334	1524	4	0
358	1524	5	0
385	1524	5	0
409	1524	4	0
415	1524	5	0
543	1524	4	0
561	1524	4	0
585	1524	3	0
334	1525	4	0
339	1526	4	0
381	1533	4	0
387	1537	4	0
409	1537	4	0
782	1537	3	0
819	1537	5	0
399	1541	3	0
409	1541	4	0
405	1558	1	0
409	1558	5	0
469	1558	5	0
585	1558	5	0
610	1558	3	0
761	1558	1	0
932	1558	5	0
405	1592	1	0
519	1592	5	0
845	1592	3	0
883	1592	5	0
894	1592	4	0
409	1593	4	0
439	1600	5	0
514	1600	4	0
655	1600	3	0
782	1600	3	0
456	1604	4	0
489	1612	5	0
519	1612	5	0
617	1612	1	0
920	1612	4	0
489	1613	4	0
500	1616	4	0
585	1623	4	0
592	1623	4	0
655	1623	4	0
587	1625	4	0
655	1628	2	0
675	1628	5	0
707	1628	5	0
833	1628	3	0
655	1629	3	0
805	1629	5	0
655	1631	4	0
747	1631	3	0
655	1636	4	0
655	1643	5	0
699	1643	3	0
782	1643	2	0
901	1643	5	0
655	1645	4	0
655	1646	3	0
828	1646	4	0
655	1650	4	0
655	1651	4	0
713	1656	2	0
883	1656	5	0
840	1674	4	0
