1	21	1	0
5	21	3	0
6	21	3	0
13	21	3	0
22	21	4	0
44	21	2	0
45	21	3	0
60	21	3	0
62	21	3	0
66	21	1	0
82	21	1	0
87	21	3	0
108	21	3	0
125	21	3	0
152	21	3	0
160	21	1	0
174	21	1	0
181	21	1	0
189	21	2	0
234	21	3	0
245	21	3	0
254	21	3	0
256	21	4	0
268	21	3	0
276	21	3	0
279	21	3	0
283	21	3	0
289	21	1	0
290	21	3	0
291	21	2	0
294	21	3	0
301	21	2	0
303	21	2	0
307	21	4	0
308	21	3	0
330	21	5	0
378	21	3	0
393	21	3	0
395	21	3	0
416	21	3	0
429	21	2	0
435	21	4	0
436	21	3	0
438	21	2	0
458	21	2	0
463	21	1	0
472	21	3	0
486	21	3	0
533	21	3	0
534	21	4	0
536	21	3	0
554	21	1	0
555	21	4	0
588	21	5	0
601	21	3	0
603	21	3	0
634	21	2	0
642	21	5	0
648	21	3	0
650	21	2	0
655	21	2	0
660	21	3	0
682	21	4	0
699	21	3	0
708	21	1	0
747	21	2	0
751	21	5	0
764	21	2	0
776	21	3	0
779	21	5	0
792	21	3	0
795	21	3	0
798	21	5	0
805	21	2	0
807	21	4	0
843	21	2	0
865	21	2	0
870	21	3	0
880	21	2	0
881	21	3	0
882	21	2	0
911	21	4	0
919	21	2	0
933	21	1	0
1	29	1	0
5	29	4	0
7	29	3	0
11	29	3	0
13	29	2	0
22	29	1	0
30	29	3	0
56	29	3	0
92	29	3	0
94	29	2	0
102	29	1	0
109	29	3	0
110	29	3	0
130	29	3	0
158	29	3	0
174	29	2	0
184	29	3	0
193	29	3	0
194	29	2	0
197	29	3	0
200	29	4	0
201	29	3	0
217	29	2	0
221	29	3	0
222	29	3	0
224	29	3	0
246	29	1	0
254	29	2	0
256	29	4	0
267	29	3	0
268	29	1	0
276	29	3	0
279	29	2	0
280	29	3	0
286	29	2	0
293	29	1	0
301	29	4	0
303	29	2	0
313	29	2	0
314	29	5	0
328	29	3	0
334	29	2	0
339	29	3	0
346	29	4	0
363	29	1	0
374	29	3	0
378	29	3	0
385	29	1	0
387	29	1	0
389	29	2	0
393	29	4	0
394	29	3	0
399	29	3	0
405	29	4	0
407	29	3	0
416	29	2	0
417	29	2	0
435	29	3	0
442	29	3	0
450	29	3	0
472	29	5	0
484	29	3	0
495	29	2	0
497	29	4	0
506	29	2	0
524	29	3	0
532	29	3	0
541	29	2	0
543	29	2	0
545	29	3	0
577	29	3	0
586	29	5	0
588	29	3	0
600	29	2	0
619	29	1	0
622	29	4	0
638	29	2	0
642	29	5	0
643	29	2	0
647	29	4	0
648	29	2	0
650	29	2	0
660	29	2	0
668	29	3	0
671	29	3	0
682	29	2	0
705	29	5	0
709	29	3	0
727	29	3	0
747	29	1	0
757	29	2	0
758	29	3	0
773	29	2	0
774	29	1	0
788	29	3	0
790	29	2	0
796	29	3	0
798	29	4	0
806	29	4	0
807	29	4	0
826	29	3	0
830	29	1	0
846	29	2	0
864	29	4	0
880	29	2	0
881	29	2	0
885	29	1	0
886	29	1	0
889	29	3	0
892	29	2	0
896	29	2	0
899	29	2	0
922	29	3	0
927	29	5	0
1	35	1	0
38	35	5	0
83	35	1	0
222	35	1	0
254	35	2	0
405	35	2	0
450	35	2	0
620	35	3	0
642	35	2	0
778	35	1	0
901	35	4	0
1	36	2	0
184	36	3	0
201	36	1	0
256	36	3	0
293	36	1	0
314	36	2	0
393	36	3	0
405	36	2	0
416	36	2	0
477	36	4	0
655	36	2	0
796	36	1	0
846	36	2	0
1	37	2	0
13	37	1	0
201	37	2	0
268	37	3	0
363	37	2	0
385	37	4	0
405	37	1	0
773	37	3	0
1	78	1	0
7	78	3	0
13	78	1	0
38	78	5	0
56	78	3	0
62	78	2	0
83	78	2	0
92	78	3	0
95	78	3	0
148	78	1	0
194	78	1	0
222	78	1	0
254	78	3	0
276	78	4	0
303	78	2	0
314	78	4	0
378	78	3	0
393	78	2	0
399	78	3	0
405	78	2	0
416	78	2	0
417	78	2	0
450	78	2	0
472	78	1	0
545	78	2	0
566	78	1	0
620	78	4	0
642	78	3	0
712	78	4	0
749	78	3	0
778	78	1	0
796	78	3	0
901	78	4	0
1	105	2	0
5	105	3	0
22	105	1	0
38	105	3	0
57	105	3	0
67	105	4	0
83	105	2	0
99	105	2	0
119	105	2	0
125	105	3	0
130	105	4	0
144	105	2	0
145	105	2	0
162	105	2	0
181	105	1	0
189	105	2	0
210	105	3	0
244	105	2	0
268	105	2	0
279	105	4	0
290	105	2	0
294	105	3	0
295	105	4	0
301	105	3	0
314	105	4	0
318	105	1	0
325	105	3	0
330	105	4	0
332	105	2	0
336	105	4	0
347	105	2	0
349	105	2	0
357	105	4	0
373	105	3	0
389	105	3	0
393	105	3	0
416	105	2	0
435	105	3	0
449	105	1	0
457	105	3	0
459	105	4	0
472	105	3	0
497	105	2	0
517	105	1	0
532	105	3	0
534	105	4	0
622	105	3	0
642	105	5	0
648	105	3	0
653	105	3	0
665	105	2	0
716	105	2	0
727	105	1	0
749	105	1	0
758	105	2	0
774	105	1	0
790	105	2	0
795	105	1	0
798	105	3	0
804	105	3	0
805	105	2	0
825	105	3	0
829	105	3	0
862	105	3	0
880	105	3	0
881	105	3	0
882	105	3	0
887	105	3	0
903	105	3	0
923	105	4	0
927	105	1	0
932	105	2	0
933	105	2	0
938	105	1	0
1	110	1	0
5	110	1	0
11	110	3	0
13	110	3	0
22	110	1	0
83	110	4	0
95	110	2	0
196	110	1	0
346	110	2	0
373	110	3	0
378	110	3	0
393	110	2	0
399	110	2	0
405	110	1	0
450	110	4	0
541	110	4	0
543	110	2	0
566	110	1	0
577	110	4	0
588	110	3	0
591	110	2	0
633	110	3	0
642	110	2	0
648	110	3	0
712	110	5	0
749	110	2	0
798	110	4	0
846	110	3	0
880	110	3	0
892	110	3	0
933	110	1	0
1	112	1	0
38	112	5	0
82	112	1	0
181	112	1	0
200	112	3	0
245	112	4	0
254	112	2	0
280	112	3	0
450	112	2	0
463	112	1	0
620	112	4	0
648	112	2	0
699	112	3	0
708	112	1	0
788	112	3	0
796	112	4	0
798	112	3	0
851	112	1	0
881	112	2	0
919	112	3	0
1	130	3	0
104	130	1	0
159	130	1	0
181	130	1	0
234	130	1	0
257	130	2	0
271	130	1	0
279	130	1	0
334	130	4	0
339	130	4	0
343	130	3	0
406	130	3	0
503	130	5	0
561	130	4	0
590	130	1	0
693	130	1	0
717	130	2	0
722	130	4	0
733	130	2	0
788	130	2	0
825	130	2	0
839	130	3	0
900	130	1	0
1	138	1	0
13	138	1	0
60	138	2	0
62	138	1	0
174	138	1	0
230	138	3	0
246	138	1	0
254	138	1	0
301	138	2	0
314	138	5	0
318	138	4	0
393	138	3	0
606	138	3	0
620	138	5	0
642	138	4	0
694	138	3	0
756	138	2	0
798	138	3	0
927	138	4	0
1	145	2	0
5	145	1	0
7	145	1	0
13	145	2	0
21	145	1	0
23	145	3	0
28	145	3	0
38	145	1	0
49	145	1	0
92	145	2	0
116	145	2	0
201	145	3	0
222	145	2	0
244	145	3	0
246	145	1	0
262	145	1	0
267	145	4	0
268	145	1	0
270	145	3	0
276	145	3	0
280	145	3	0
301	145	3	0
303	145	1	0
307	145	4	0
320	145	4	0
339	145	3	0
363	145	1	0
367	145	3	0
368	145	2	0
385	145	1	0
393	145	3	0
417	145	3	0
425	145	3	0
437	145	1	0
450	145	3	0
457	145	3	0
478	145	1	0
495	145	4	0
497	145	4	0
546	145	4	0
617	145	1	0
620	145	5	0
648	145	4	0
650	145	3	0
653	145	2	0
660	145	2	0
661	145	1	0
709	145	3	0
715	145	2	0
721	145	4	0
749	145	4	0
757	145	3	0
773	145	3	0
776	145	2	0
790	145	2	0
796	145	2	0
804	145	3	0
805	145	2	0
814	145	2	0
843	145	3	0
864	145	4	0
868	145	1	0
896	145	1	0
922	145	3	0
934	145	3	0
1	146	4	0
181	146	1	0
201	146	1	0
204	146	3	0
279	146	1	0
460	146	4	0
486	146	2	0
654	146	3	0
733	146	3	0
884	146	3	0
1	158	3	0
13	158	1	0
16	158	4	0
56	158	3	0
87	158	3	0
109	158	1	0
125	158	4	0
130	158	5	0
174	158	2	0
207	158	3	0
222	158	3	0
244	158	3	0
246	158	1	0
267	158	4	0
268	158	2	0
276	158	3	0
279	158	3	0
280	158	2	0
286	158	3	0
290	158	5	0
291	158	2	0
293	158	2	0
295	158	4	0
303	158	3	0
314	158	3	0
318	158	5	0
336	158	3	0
346	158	2	0
347	158	3	0
379	158	1	0
394	158	3	0
398	158	3	0
406	158	2	0
407	158	2	0
416	158	3	0
417	158	2	0
447	158	3	0
450	158	3	0
453	158	2	0
461	158	2	0
495	158	3	0
496	158	2	0
504	158	3	0
593	158	3	0
650	158	2	0
682	158	2	0
684	158	3	0
690	158	4	0
715	158	2	0
727	158	2	0
749	158	3	0
790	158	2	0
798	158	2	0
806	158	2	0
815	158	2	0
843	158	2	0
868	158	1	0
880	158	2	0
916	158	2	0
927	158	2	0
1	231	1	0
5	231	2	0
7	231	3	0
13	231	3	0
22	231	2	0
30	231	2	0
37	231	2	0
43	231	4	0
44	231	2	0
49	231	3	0
56	231	3	0
64	231	3	0
70	231	3	0
82	231	2	0
85	231	2	0
87	231	3	0
92	231	3	0
102	231	2	0
109	231	3	0
110	231	1	0
130	231	3	0
151	231	1	0
158	231	2	0
184	231	3	0
197	231	3	0
200	231	4	0
201	231	2	0
216	231	2	0
217	231	5	0
221	231	4	0
222	231	2	0
246	231	1	0
254	231	3	0
267	231	4	0
268	231	4	0
269	231	1	0
276	231	3	0
279	231	2	0
280	231	3	0
286	231	3	0
291	231	3	0
297	231	3	0
301	231	2	0
303	231	4	0
308	231	3	0
311	231	4	0
313	231	2	0
320	231	2	0
328	231	2	0
330	231	5	0
334	231	2	0
339	231	2	0
343	231	5	0
363	231	1	0
373	231	3	0
374	231	2	0
378	231	3	0
385	231	2	0
387	231	3	0
395	231	4	0
398	231	2	0
399	231	3	0
405	231	3	0
407	231	3	0
416	231	3	0
417	231	4	0
425	231	3	0
429	231	2	0
442	231	3	0
447	231	2	0
450	231	3	0
453	231	2	0
456	231	2	0
457	231	4	0
466	231	1	0
472	231	5	0
478	231	1	0
484	231	2	0
487	231	1	0
495	231	3	0
497	231	3	0
506	231	3	0
521	231	2	0
537	231	3	0
543	231	3	0
545	231	4	0
561	231	2	0
562	231	1	0
566	231	1	0
586	231	3	0
588	231	4	0
600	231	3	0
619	231	4	0
621	231	4	0
622	231	4	0
640	231	5	0
642	231	3	0
643	231	2	0
647	231	4	0
648	231	2	0
650	231	2	0
660	231	2	0
668	231	2	0
671	231	3	0
682	231	1	0
705	231	3	0
709	231	3	0
715	231	3	0
727	231	3	0
738	231	3	0
746	231	2	0
747	231	3	0
749	231	4	0
757	231	2	0
758	231	3	0
764	231	3	0
766	231	2	0
773	231	2	0
774	231	1	0
786	231	2	0
788	231	3	0
790	231	4	0
795	231	4	0
796	231	3	0
798	231	2	0
804	231	4	0
805	231	3	0
806	231	3	0
807	231	4	0
823	231	3	0
826	231	3	0
830	231	2	0
846	231	2	0
851	231	4	0
864	231	3	0
880	231	2	0
886	231	2	0
889	231	3	0
896	231	1	0
899	231	1	0
933	231	1	0
943	231	2	0
1	245	2	0
3	245	1	0
10	245	4	0
17	245	2	0
21	245	1	0
29	245	3	0
32	245	2	0
33	245	3	0
34	245	4	0
40	245	3	0
44	245	4	0
46	245	3	0
54	245	4	0
57	245	4	0
62	245	2	0
68	245	3	0
69	245	1	0
74	245	3	0
83	245	2	0
84	245	4	0
90	245	3	0
92	245	4	0
94	245	1	0
99	245	3	0
102	245	3	0
104	245	2	0
109	245	3	0
110	245	3	0
112	245	4	0
113	245	3	0
119	245	4	0
120	245	3	0
126	245	3	0
128	245	2	0
129	245	2	0
130	245	1	0
133	245	3	0
140	245	3	0
141	245	3	0
146	245	5	0
149	245	3	0
155	245	2	0
159	245	5	0
164	245	5	0
170	245	5	0
171	245	3	0
173	245	4	0
177	245	3	0
178	245	3	0
181	245	2	0
190	245	4	0
197	245	4	0
200	245	3	0
204	245	3	0
206	245	1	0
207	245	3	0
222	245	3	0
224	245	3	0
225	245	2	0
229	245	3	0
240	245	4	0
249	245	2	0
255	245	1	0
256	245	4	0
257	245	4	0
261	245	4	0
263	245	4	0
265	245	4	0
266	245	1	0
276	245	3	0
278	245	3	0
280	245	3	0
291	245	2	0
293	245	3	0
294	245	3	0
297	245	3	0
302	245	2	0
303	245	3	0
305	245	1	0
313	245	3	0
317	245	4	0
323	245	2	0
327	245	1	0
328	245	4	0
329	245	3	0
332	245	4	0
334	245	2	0
335	245	4	0
344	245	3	0
345	245	2	0
346	245	4	0
347	245	5	0
348	245	4	0
351	245	3	0
353	245	4	0
357	245	4	0
362	245	4	0
378	245	3	0
393	245	3	0
396	245	3	0
402	245	1	0
404	245	3	0
413	245	2	0
416	245	2	0
417	245	4	0
423	245	4	0
427	245	5	0
428	245	5	0
431	245	4	0
433	245	3	0
435	245	2	0
438	245	5	0
440	245	4	0
443	245	3	0
444	245	4	0
445	245	2	0
446	245	4	0
450	245	4	0
451	245	2	0
452	245	2	0
454	245	3	0
455	245	3	0
458	245	2	0
459	245	3	0
460	245	3	0
476	245	4	0
482	245	4	0
485	245	3	0
486	245	3	0
488	245	3	0
489	245	3	0
494	245	3	0
500	245	2	0
501	245	3	0
504	245	4	0
505	245	4	0
507	245	5	0
509	245	2	0
510	245	3	0
526	245	2	0
529	245	3	0
531	245	4	0
533	245	3	0
540	245	3	0
548	245	4	0
551	245	3	0
554	245	3	0
564	245	4	0
570	245	1	0
574	245	5	0
578	245	3	0
579	245	2	0
587	245	1	0
592	245	1	0
593	245	3	0
594	245	3	0
599	245	3	0
605	245	3	0
616	245	3	0
619	245	4	0
624	245	3	0
627	245	4	0
629	245	3	0
634	245	3	0
637	245	3	0
642	245	4	0
652	245	4	0
653	245	4	0
656	245	1	0
663	245	4	0
666	245	3	0
670	245	4	0
674	245	4	0
676	245	4	0
677	245	5	0
682	245	3	0
683	245	2	0
687	245	3	0
696	245	4	0
697	245	3	0
706	245	3	0
717	245	4	0
721	245	3	0
724	245	2	0
725	245	4	0
732	245	4	0
733	245	3	0
735	245	3	0
749	245	4	0
750	245	3	0
755	245	4	0
756	245	3	0
759	245	3	0
761	245	5	0
764	245	4	0
768	245	2	0
772	245	5	0
775	245	3	0
777	245	5	0
781	245	2	0
782	245	4	0
787	245	3	0
791	245	4	0
796	245	3	0
801	245	3	0
803	245	4	0
804	245	4	0
808	245	4	0
809	245	3	0
812	245	2	0
817	245	2	0
818	245	4	0
819	245	3	0
824	245	2	0
825	245	5	0
827	245	3	0
831	245	2	0
832	245	3	0
834	245	4	0
853	245	3	0
860	245	3	0
864	245	4	0
865	245	3	0
871	245	3	0
880	245	2	0
885	245	2	0
894	245	4	0
896	245	4	0
905	245	3	0
907	245	4	0
910	245	2	0
919	245	2	0
920	245	2	0
921	245	1	0
923	245	3	0
925	245	3	0
926	245	3	0
930	245	3	0
931	245	4	0
938	245	3	0
1	254	1	0
43	254	3	0
55	254	2	0
83	254	2	0
87	254	4	0
119	254	2	0
130	254	2	0
159	254	3	0
162	254	3	0
184	254	2	0
246	254	1	0
269	254	1	0
276	254	2	0
279	254	3	0
289	254	1	0
294	254	3	0
308	254	2	0
374	254	3	0
378	254	1	0
385	254	1	0
416	254	2	0
435	254	3	0
437	254	3	0
450	254	3	0
453	254	2	0
472	254	4	0
541	254	3	0
545	254	4	0
548	254	1	0
550	254	1	0
557	254	4	0
563	254	3	0
586	254	4	0
625	254	3	0
642	254	4	0
648	254	3	0
649	254	4	0
660	254	1	0
682	254	2	0
697	254	2	0
711	254	2	0
715	254	1	0
719	254	1	0
736	254	1	0
738	254	2	0
749	254	2	0
757	254	2	0
774	254	1	0
782	254	2	0
798	254	5	0
804	254	4	0
806	254	3	0
807	254	4	0
838	254	3	0
880	254	2	0
887	254	4	0
899	254	2	0
903	254	2	0
910	254	1	0
921	254	3	0
934	254	4	0
939	254	3	0
1	259	1	0
5	259	1	0
6	259	1	0
7	259	3	0
8	259	1	0
11	259	3	0
21	259	2	0
29	259	4	0
30	259	4	0
32	259	2	0
34	259	2	0
35	259	4	0
38	259	3	0
40	259	2	0
48	259	4	0
63	259	3	0
83	259	2	0
85	259	2	0
86	259	4	0
90	259	2	0
107	259	2	0
116	259	4	0
119	259	4	0
134	259	2	0
141	259	1	0
142	259	3	0
145	259	3	0
159	259	4	0
168	259	2	0
170	259	3	0
173	259	3	0
178	259	1	0
181	259	1	0
184	259	3	0
188	259	3	0
193	259	2	0
194	259	2	0
197	259	1	0
199	259	1	0
204	259	2	0
221	259	4	0
223	259	3	0
234	259	2	0
247	259	3	0
250	259	1	0
253	259	2	0
254	259	2	0
255	259	3	0
261	259	4	0
268	259	3	0
279	259	3	0
281	259	3	0
284	259	2	0
296	259	1	0
299	259	3	0
303	259	3	0
304	259	1	0
308	259	3	0
319	259	2	0
324	259	5	0
341	259	3	0
346	259	2	0
373	259	5	0
381	259	2	0
388	259	3	0
393	259	4	0
400	259	3	0
404	259	5	0
416	259	2	0
424	259	2	0
425	259	1	0
428	259	4	0
441	259	3	0
450	259	3	0
451	259	4	0
452	259	2	0
454	259	4	0
455	259	2	0
459	259	4	0
461	259	2	0
462	259	3	0
464	259	4	0
474	259	1	0
475	259	5	0
487	259	2	0
488	259	1	0
489	259	2	0
502	259	3	0
505	259	3	0
510	259	2	0
514	259	4	0
515	259	3	0
519	259	1	0
524	259	3	0
531	259	1	0
532	259	3	0
537	259	1	0
541	259	1	0
544	259	1	0
550	259	2	0
559	259	3	0
576	259	2	0
587	259	4	0
589	259	5	0
592	259	2	0
598	259	3	0
601	259	1	0
602	259	4	0
609	259	1	0
612	259	3	0
615	259	1	0
642	259	5	0
644	259	4	0
646	259	3	0
652	259	2	0
660	259	4	0
663	259	2	0
676	259	4	0
681	259	2	0
682	259	3	0
683	259	3	0
688	259	5	0
702	259	3	0
703	259	1	0
704	259	2	0
721	259	3	0
724	259	2	0
727	259	4	0
743	259	3	0
752	259	5	0
755	259	3	0
772	259	2	0
782	259	1	0
787	259	4	0
790	259	2	0
791	259	3	0
797	259	3	0
798	259	5	0
801	259	3	0
802	259	2	0
803	259	2	0
804	259	4	0
805	259	1	0
813	259	2	0
816	259	2	0
824	259	4	0
829	259	2	0
852	259	4	0
853	259	3	0
857	259	4	0
863	259	1	0
871	259	3	0
873	259	1	0
881	259	3	0
893	259	3	0
901	259	2	0
919	259	4	0
921	259	4	0
936	259	3	0
938	259	2	0
940	259	4	0
942	259	4	0
1	260	1	0
3	260	4	0
4	260	4	0
7	260	1	0
8	260	3	0
11	260	1	0
13	260	1	0
21	260	2	0
33	260	4	0
44	260	4	0
54	260	4	0
70	260	2	0
80	260	1	0
92	260	1	0
94	260	2	0
102	260	2	0
116	260	2	0
126	260	1	0
133	260	1	0
135	260	3	0
137	260	3	0
145	260	4	0
151	260	1	0
159	260	2	0
165	260	3	0
169	260	1	0
173	260	4	0
177	260	2	0
178	260	1	0
181	260	1	0
193	260	1	0
201	260	4	0
206	260	3	0
229	260	1	0
246	260	5	0
250	260	4	0
263	260	2	0
268	260	3	0
276	260	3	0
294	260	4	0
303	260	3	0
317	260	4	0
324	260	5	0
327	260	1	0
328	260	2	0
335	260	3	0
343	260	1	0
347	260	1	0
353	260	1	0
355	260	4	0
363	260	2	0
392	260	1	0
396	260	3	0
413	260	1	0
414	260	3	0
417	260	3	0
422	260	3	0
435	260	3	0
443	260	1	0
447	260	2	0
450	260	2	0
451	260	5	0
454	260	1	0
459	260	2	0
464	260	2	0
466	260	4	0
472	260	4	0
487	260	2	0
488	260	2	0
489	260	3	0
493	260	1	0
497	260	4	0
509	260	2	0
511	260	4	0
526	260	1	0
529	260	4	0
551	260	5	0
560	260	1	0
566	260	2	0
587	260	4	0
588	260	2	0
592	260	4	0
598	260	3	0
599	260	1	0
601	260	4	0
605	260	4	0
606	260	3	0
616	260	3	0
620	260	5	0
624	260	2	0
663	260	2	0
689	260	3	0
695	260	4	0
697	260	3	0
716	260	1	0
717	260	1	0
721	260	3	0
727	260	1	0
738	260	2	0
752	260	3	0
757	260	3	0
773	260	2	0
782	260	2	0
783	260	4	0
784	260	4	0
802	260	4	0
803	260	3	0
804	260	2	0
816	260	3	0
826	260	3	0
831	260	2	0
832	260	3	0
836	260	2	0
839	260	2	0
844	260	1	0
852	260	3	0
854	260	3	0
862	260	5	0
880	260	4	0
893	260	2	0
894	260	2	0
896	260	2	0
907	260	2	0
913	260	1	0
919	260	4	0
925	260	3	0
938	260	4	0
1	261	1	0
6	261	3	0
13	261	1	0
21	261	1	0
35	261	3	0
36	261	5	0
88	261	5	0
130	261	4	0
137	261	5	0
141	261	1	0
181	261	1	0
222	261	1	0
233	261	5	0
298	261	4	0
300	261	3	0
319	261	3	0
364	261	2	0
397	261	1	0
424	261	3	0
451	261	2	0
462	261	2	0
479	261	1	0
489	261	2	0
502	261	2	0
506	261	3	0
510	261	2	0
559	261	3	0
587	261	3	0
592	261	1	0
602	261	3	0
644	261	4	0
721	261	3	0
761	261	1	0
782	261	2	0
802	261	3	0
803	261	1	0
812	261	1	0
847	261	1	0
851	261	3	0
853	261	3	0
909	261	5	0
919	261	3	0
942	261	4	0
1	264	2	0
3	264	2	0
4	264	3	0
7	264	4	0
13	264	4	0
21	264	3	0
29	264	3	0
35	264	2	0
57	264	2	0
70	264	4	0
76	264	3	0
91	264	4	0
102	264	2	0
105	264	2	0
107	264	3	0
116	264	3	0
181	264	2	0
195	264	3	0
220	264	3	0
250	264	3	0
255	264	2	0
268	264	3	0
276	264	3	0
292	264	3	0
293	264	3	0
294	264	2	0
299	264	2	0
300	264	1	0
303	264	3	0
308	264	2	0
317	264	4	0
327	264	2	0
332	264	3	0
355	264	4	0
362	264	1	0
363	264	3	0
372	264	4	0
391	264	1	0
399	264	3	0
409	264	1	0
414	264	3	0
416	264	3	0
417	264	2	0
429	264	3	0
430	264	2	0
435	264	3	0
436	264	2	0
450	264	3	0
451	264	3	0
459	264	4	0
464	264	4	0
467	264	2	0
472	264	3	0
479	264	3	0
486	264	3	0
489	264	4	0
493	264	3	0
502	264	3	0
519	264	2	0
529	264	2	0
548	264	4	0
551	264	3	0
560	264	3	0
587	264	4	0
592	264	2	0
597	264	4	0
626	264	1	0
630	264	2	0
666	264	3	0
683	264	2	0
687	264	3	0
695	264	1	0
710	264	2	0
721	264	1	0
724	264	3	0
725	264	1	0
755	264	2	0
772	264	4	0
773	264	2	0
775	264	4	0
782	264	4	0
783	264	4	0
802	264	4	0
803	264	2	0
808	264	5	0
816	264	4	0
820	264	3	0
832	264	3	0
833	264	2	0
839	264	3	0
851	264	2	0
852	264	3	0
853	264	3	0
854	264	1	0
863	264	3	0
893	264	3	0
894	264	3	0
908	264	3	0
919	264	3	0
923	264	3	0
940	264	1	0
1	271	2	0
3	271	3	0
4	271	4	0
13	271	1	0
26	271	3	0
28	271	4	0
31	271	4	0
32	271	3	0
33	271	4	0
40	271	2	0
43	271	3	0
57	271	3	0
61	271	1	0
62	271	1	0
64	271	3	0
72	271	1	0
73	271	2	0
75	271	5	0
92	271	2	0
100	271	3	0
102	271	2	0
104	271	1	0
105	271	2	0
107	271	2	0
116	271	4	0
117	271	4	0
119	271	4	0
127	271	5	0
130	271	5	0
133	271	5	0
143	271	4	0
144	271	2	0
145	271	4	0
146	271	3	0
158	271	4	0
177	271	2	0
178	271	4	0
179	271	1	0
195	271	4	0
197	271	2	0
201	271	4	0
203	271	3	0
209	271	2	0
215	271	4	0
222	271	4	0
247	271	2	0
249	271	4	0
250	271	4	0
255	271	4	0
259	271	3	0
263	271	1	0
276	271	4	0
281	271	5	0
282	271	3	0
290	271	3	0
294	271	5	0
297	271	2	0
299	271	3	0
301	271	4	0
302	271	4	0
303	271	2	0
304	271	4	0
315	271	3	0
317	271	3	0
325	271	3	0
327	271	3	0
328	271	3	0
332	271	4	0
334	271	3	0
335	271	4	0
347	271	1	0
350	271	3	0
353	271	2	0
355	271	3	0
360	271	2	0
363	271	4	0
365	271	4	0
369	271	5	0
377	271	4	0
379	271	3	0
384	271	4	0
392	271	1	0
393	271	3	0
396	271	4	0
408	271	3	0
413	271	4	0
422	271	3	0
425	271	5	0
428	271	2	0
435	271	4	0
440	271	5	0
443	271	4	0
444	271	3	0
445	271	1	0
448	271	4	0
459	271	4	0
462	271	1	0
463	271	1	0
472	271	5	0
479	271	3	0
483	271	3	0
489	271	4	0
493	271	1	0
498	271	2	0
499	271	3	0
502	271	5	0
505	271	4	0
506	271	4	0
507	271	5	0
509	271	4	0
511	271	5	0
515	271	4	0
521	271	3	0
526	271	3	0
529	271	4	0
536	271	3	0
537	271	2	0
544	271	3	0
545	271	3	0
546	271	5	0
548	271	3	0
550	271	5	0
555	271	3	0
557	271	4	0
560	271	4	0
567	271	4	0
570	271	4	0
580	271	5	0
582	271	4	0
587	271	4	0
589	271	3	0
592	271	4	0
603	271	2	0
610	271	1	0
615	271	2	0
621	271	5	0
624	271	3	0
627	271	5	0
629	271	4	0
650	271	3	0
655	271	3	0
660	271	3	0
665	271	2	0
668	271	4	0
669	271	2	0
676	271	3	0
682	271	4	0
683	271	3	0
697	271	4	0
699	271	3	0
702	271	1	0
708	271	1	0
710	271	3	0
717	271	2	0
724	271	2	0
727	271	4	0
738	271	3	0
740	271	2	0
748	271	3	0
749	271	5	0
750	271	4	0
752	271	5	0
755	271	1	0
757	271	3	0
758	271	4	0
772	271	4	0
782	271	2	0
783	271	5	0
784	271	3	0
787	271	1	0
788	271	3	0
796	271	5	0
801	271	5	0
803	271	2	0
805	271	3	0
806	271	3	0
807	271	3	0
808	271	3	0
813	271	4	0
816	271	4	0
818	271	4	0
820	271	2	0
826	271	4	0
828	271	2	0
831	271	2	0
833	271	5	0
838	271	4	0
841	271	4	0
843	271	5	0
846	271	5	0
851	271	5	0
853	271	3	0
854	271	4	0
862	271	5	0
863	271	4	0
865	271	1	0
871	271	5	0
877	271	4	0
883	271	2	0
889	271	3	0
890	271	3	0
894	271	2	0
896	271	1	0
898	271	3	0
902	271	2	0
907	271	5	0
916	271	3	0
919	271	4	0
922	271	3	0
929	271	2	0
940	271	2	0
2	289	3	0
10	289	4	0
13	289	2	0
15	289	3	0
21	289	3	0
24	289	3	0
30	289	2	0
34	289	1	0
36	289	2	0
41	289	2	0
43	289	4	0
47	289	4	0
48	289	1	0
49	289	4	0
63	289	2	0
69	289	4	0
70	289	3	0
71	289	2	0
73	289	2	0
75	289	1	0
78	289	4	0
81	289	3	0
82	289	1	0
84	289	5	0
85	289	3	0
86	289	3	0
90	289	3	0
91	289	4	0
92	289	3	0
95	289	2	0
100	289	3	0
104	289	4	0
112	289	5	0
113	289	2	0
116	289	4	0
123	289	1	0
125	289	5	0
126	289	3	0
130	289	5	0
137	289	3	0
140	289	4	0
154	289	2	0
157	289	4	0
159	289	2	0
173	289	4	0
176	289	3	0
177	289	2	0
181	289	4	0
192	289	4	0
194	289	1	0
197	289	4	0
201	289	2	0
205	289	4	0
220	289	4	0
223	289	1	0
231	289	4	0
232	289	4	0
234	289	4	0
236	289	4	0
240	289	4	0
246	289	2	0
257	289	4	0
258	289	2	0
266	289	3	0
271	289	4	0
276	289	2	0
281	289	3	0
284	289	3	0
286	289	5	0
288	289	3	0
296	289	3	0
299	289	3	0
302	289	3	0
303	289	2	0
305	289	4	0
306	289	3	0
316	289	2	0
318	289	3	0
323	289	2	0
324	289	5	0
328	289	4	0
334	289	3	0
342	289	2	0
345	289	3	0
351	289	5	0
364	289	3	0
365	289	3	0
374	289	1	0
376	289	3	0
378	289	5	0
384	289	5	0
387	289	1	0
390	289	3	0
392	289	5	0
397	289	3	0
399	289	4	0
404	289	1	0
406	289	3	0
407	289	3	0
409	289	1	0
410	289	1	0
413	289	4	0
416	289	3	0
424	289	5	0
425	289	1	0
426	289	2	0
427	289	5	0
428	289	4	0
445	289	1	0
446	289	3	0
451	289	1	0
454	289	3	0
455	289	3	0
456	289	4	0
458	289	2	0
459	289	4	0
460	289	4	0
462	289	5	0
464	289	4	0
474	289	3	0
477	289	5	0
482	289	3	0
485	289	3	0
486	289	3	0
487	289	2	0
488	289	1	0
489	289	2	0
490	289	1	0
494	289	1	0
500	289	4	0
509	289	2	0
510	289	2	0
515	289	1	0
518	289	4	0
520	289	4	0
523	289	4	0
524	289	4	0
525	289	3	0
531	289	3	0
533	289	2	0
537	289	1	0
538	289	1	0
539	289	4	0
547	289	3	0
554	289	4	0
557	289	4	0
564	289	4	0
566	289	1	0
570	289	1	0
572	289	3	0
574	289	4	0
579	289	2	0
580	289	5	0
587	289	3	0
588	289	2	0
589	289	3	0
592	289	4	0
595	289	4	0
596	289	3	0
597	289	5	0
614	289	2	0
615	289	2	0
616	289	4	0
626	289	1	0
627	289	2	0
631	289	4	0
633	289	3	0
637	289	2	0
644	289	1	0
655	289	3	0
663	289	1	0
668	289	2	0
674	289	2	0
677	289	1	0
681	289	5	0
683	289	4	0
685	289	2	0
693	289	3	0
695	289	2	0
701	289	4	0
702	289	2	0
704	289	3	0
708	289	4	0
714	289	3	0
717	289	4	0
718	289	3	0
719	289	2	0
721	289	3	0
723	289	2	0
724	289	1	0
728	289	3	0
732	289	3	0
735	289	1	0
740	289	4	0
743	289	3	0
752	289	1	0
755	289	1	0
756	289	4	0
758	289	2	0
761	289	2	0
764	289	5	0
770	289	5	0
771	289	4	0
781	289	3	0
782	289	3	0
786	289	4	0
788	289	4	0
791	289	4	0
798	289	3	0
799	289	3	0
800	289	4	0
803	289	3	0
807	289	4	0
809	289	1	0
810	289	5	0
811	289	2	0
812	289	1	0
813	289	4	0
817	289	2	0
820	289	2	0
824	289	2	0
825	289	1	0
827	289	3	0
833	289	1	0
836	289	1	0
837	289	5	0
838	289	5	0
846	289	4	0
847	289	5	0
852	289	2	0
854	289	2	0
856	289	1	0
858	289	3	0
860	289	3	0
861	289	5	0
863	289	4	0
867	289	5	0
870	289	2	0
871	289	3	0
873	289	2	0
874	289	4	0
875	289	4	0
876	289	3	0
881	289	1	0
883	289	5	0
887	289	5	0
894	289	2	0
902	289	3	0
904	289	5	0
909	289	3	0
910	289	3	0
913	289	5	0
917	289	4	0
918	289	2	0
919	289	3	0
926	289	3	0
936	289	5	0
938	289	1	0
940	289	3	0
2	301	4	0
4	301	5	0
6	301	2	0
8	301	4	0
11	301	4	0
13	301	1	0
15	301	4	0
21	301	4	0
30	301	4	0
39	301	3	0
43	301	5	0
47	301	4	0
49	301	3	0
61	301	1	0
63	301	5	0
74	301	3	0
75	301	4	0
78	301	5	0
79	301	3	0
83	301	2	0
85	301	4	0
88	301	4	0
89	301	5	0
90	301	4	0
102	301	3	0
103	301	4	0
104	301	2	0
110	301	2	0
111	301	4	0
112	301	3	0
116	301	3	0
119	301	4	0
134	301	2	0
140	301	3	0
145	301	4	0
146	301	2	0
147	301	5	0
149	301	3	0
151	301	4	0
152	301	3	0
159	301	2	0
163	301	3	0
169	301	4	0
173	301	5	0
179	301	4	0
181	301	2	0
184	301	3	0
191	301	4	0
192	301	4	0
193	301	4	0
204	301	4	0
209	301	3	0
210	301	4	0
220	301	4	0
224	301	3	0
234	301	3	0
238	301	3	0
240	301	5	0
244	301	2	0
257	301	3	0
261	301	4	0
276	301	4	0
278	301	2	0
279	301	4	0
281	301	3	0
284	301	5	0
286	301	5	0
287	301	3	0
294	301	4	0
296	301	5	0
297	301	4	0
302	301	4	0
315	301	2	0
318	301	4	0
319	301	4	0
324	301	5	0
327	301	3	0
328	301	2	0
334	301	2	0
338	301	4	0
342	301	5	0
344	301	4	0
345	301	4	0
351	301	3	0
353	301	3	0
363	301	3	0
365	301	5	0
376	301	3	0
378	301	3	0
388	301	4	0
389	301	4	0
391	301	4	0
399	301	4	0
400	301	4	0
404	301	3	0
413	301	3	0
414	301	3	0
416	301	5	0
418	301	2	0
420	301	3	0
425	301	4	0
428	301	4	0
429	301	3	0
437	301	3	0
438	301	4	0
439	301	3	0
446	301	3	0
448	301	1	0
450	301	4	0
451	301	4	0
455	301	2	0
458	301	1	0
459	301	2	0
460	301	3	0
463	301	5	0
464	301	4	0
482	301	4	0
485	301	2	0
486	301	4	0
487	301	4	0
489	301	3	0
499	301	4	0
500	301	2	0
502	301	1	0
509	301	2	0
514	301	4	0
523	301	4	0
524	301	4	0
526	301	2	0
529	301	4	0
532	301	4	0
535	301	4	0
537	301	2	0
539	301	5	0
544	301	2	0
547	301	3	0
550	301	2	0
552	301	4	0
555	301	4	0
560	301	3	0
563	301	4	0
568	301	1	0
569	301	4	0
570	301	3	0
572	301	4	0
587	301	3	0
588	301	5	0
589	301	2	0
592	301	1	0
593	301	4	0
605	301	3	0
608	301	1	0
611	301	4	0
616	301	3	0
621	301	4	0
624	301	3	0
628	301	4	0
629	301	3	0
631	301	4	0
635	301	3	0
637	301	1	0
640	301	2	0
641	301	4	0
645	301	2	0
650	301	2	0
651	301	3	0
652	301	1	0
655	301	2	0
656	301	3	0
657	301	3	0
660	301	3	0
665	301	4	0
666	301	4	0
667	301	1	0
672	301	4	0
673	301	3	0
683	301	2	0
695	301	3	0
697	301	5	0
710	301	3	0
711	301	4	0
717	301	4	0
721	301	4	0
724	301	4	0
725	301	4	0
730	301	1	0
735	301	3	0
739	301	5	0
743	301	4	0
744	301	3	0
747	301	1	0
750	301	4	0
751	301	5	0
752	301	4	0
755	301	3	0
758	301	3	0
768	301	5	0
770	301	4	0
782	301	3	0
783	301	4	0
785	301	4	0
788	301	2	0
791	301	3	0
796	301	1	0
801	301	5	0
810	301	5	0
811	301	5	0
820	301	2	0
827	301	4	0
828	301	2	0
831	301	2	0
847	301	5	0
851	301	3	0
853	301	1	0
860	301	2	0
861	301	4	0
863	301	4	0
871	301	4	0
880	301	4	0
895	301	4	0
902	301	2	0
905	301	4	0
907	301	4	0
913	301	1	0
915	301	2	0
919	301	3	0
920	301	2	0
936	301	3	0
937	301	1	0
940	301	3	0
3	322	3	0
13	322	3	0
15	322	3	0
21	322	3	0
26	322	3	0
28	322	2	0
35	322	3	0
47	322	2	0
63	322	2	0
75	322	1	0
83	322	3	0
84	322	3	0
90	322	4	0
91	322	4	0
92	322	3	0
98	322	3	0
99	322	3	0
102	322	3	0
107	322	1	0
109	322	2	0
112	322	4	0
113	322	3	0
116	322	2	0
119	322	4	0
126	322	3	0
128	322	2	0
130	322	4	0
133	322	2	0
140	322	3	0
141	322	4	0
142	322	2	0
143	322	4	0
151	322	2	0
153	322	3	0
155	322	2	0
159	322	5	0
164	322	4	0
166	322	5	0
170	322	5	0
173	322	4	0
177	322	2	0
178	322	3	0
181	322	1	0
186	322	5	0
197	322	3	0
199	322	2	0
204	322	3	0
205	322	3	0
207	322	3	0
223	322	4	0
224	322	2	0
227	322	3	0
234	322	2	0
250	322	3	0
255	322	2	0
256	322	4	0
260	322	4	0
261	322	4	0
263	322	3	0
276	322	3	0
280	322	4	0
281	322	4	0
284	322	3	0
293	322	2	0
294	322	1	0
300	322	4	0
302	322	2	0
304	322	4	0
308	322	2	0
311	322	4	0
313	322	3	0
314	322	4	0
317	322	3	0
323	322	2	0
324	322	4	0
328	322	3	0
329	322	3	0
332	322	4	0
334	322	3	0
335	322	4	0
344	322	2	0
346	322	3	0
351	322	5	0
356	322	3	0
357	322	3	0
362	322	3	0
363	322	2	0
370	322	3	0
372	322	3	0
374	322	4	0
391	322	3	0
393	322	4	0
396	322	4	0
397	322	1	0
401	322	2	0
409	322	2	0
415	322	4	0
416	322	3	0
417	322	3	0
423	322	3	0
425	322	3	0
427	322	3	0
428	322	4	0
431	322	4	0
432	322	3	0
433	322	2	0
446	322	3	0
450	322	4	0
451	322	4	0
454	322	2	0
459	322	4	0
460	322	3	0
462	322	5	0
464	322	3	0
474	322	4	0
481	322	4	0
486	322	2	0
488	322	3	0
489	322	5	0
494	322	2	0
504	322	4	0
510	322	3	0
511	322	3	0
515	322	3	0
524	322	4	0
525	322	2	0
529	322	4	0
530	322	4	0
533	322	4	0
534	322	4	0
537	322	1	0
546	322	4	0
548	322	4	0
552	322	3	0
557	322	3	0
559	322	4	0
575	322	3	0
587	322	3	0
589	322	3	0
591	322	2	0
592	322	1	0
593	322	2	0
612	322	3	0
616	322	4	0
629	322	3	0
630	322	3	0
633	322	3	0
634	322	3	0
637	322	3	0
644	322	5	0
651	322	3	0
656	322	1	0
663	322	4	0
673	322	4	0
677	322	4	0
679	322	3	0
683	322	2	0
691	322	3	0
699	322	3	0
703	322	3	0
704	322	2	0
708	322	3	0
717	322	5	0
721	322	4	0
722	322	3	0
723	322	2	0
724	322	1	0
725	322	4	0
728	322	4	0
729	322	4	0
730	322	1	0
732	322	3	0
733	322	2	0
740	322	3	0
743	322	3	0
749	322	4	0
750	322	2	0
752	322	1	0
753	322	3	0
755	322	3	0
772	322	4	0
781	322	2	0
782	322	4	0
786	322	3	0
788	322	4	0
791	322	4	0
796	322	3	0
803	322	2	0
804	322	5	0
805	322	2	0
809	322	3	0
816	322	4	0
818	322	2	0
824	322	4	0
825	322	5	0
828	322	3	0
832	322	3	0
836	322	2	0
841	322	4	0
853	322	3	0
854	322	1	0
856	322	4	0
863	322	1	0
881	322	4	0
883	322	5	0
884	322	3	0
889	322	3	0
894	322	3	0
901	322	4	0
905	322	3	0
907	322	5	0
908	322	2	0
919	322	3	0
921	322	3	0
923	322	4	0
924	322	2	0
926	322	2	0
942	322	3	0
3	323	2	0
13	323	3	0
15	323	1	0
17	323	1	0
20	323	4	0
21	323	2	0
23	323	2	0
26	323	2	0
28	323	3	0
33	323	4	0
43	323	3	0
47	323	2	0
48	323	3	0
56	323	3	0
57	323	3	0
59	323	4	0
61	323	3	0
63	323	1	0
75	323	2	0
78	323	1	0
83	323	4	0
87	323	3	0
90	323	3	0
91	323	2	0
100	323	3	0
107	323	1	0
109	323	3	0
112	323	3	0
113	323	4	0
116	323	3	0
119	323	4	0
125	323	3	0
126	323	3	0
129	323	1	0
134	323	4	0
141	323	4	0
143	323	3	0
149	323	2	0
153	323	2	0
155	323	2	0
159	323	4	0
164	323	4	0
166	323	5	0
168	323	3	0
170	323	3	0
173	323	5	0
174	323	1	0
178	323	3	0
181	323	2	0
197	323	3	0
198	323	2	0
199	323	3	0
200	323	3	0
203	323	3	0
206	323	1	0
222	323	3	0
223	323	2	0
224	323	3	0
248	323	1	0
250	323	2	0
254	323	3	0
255	323	2	0
256	323	5	0
258	323	4	0
263	323	1	0
265	323	3	0
276	323	3	0
280	323	2	0
281	323	3	0
290	323	3	0
294	323	3	0
301	323	4	0
302	323	2	0
303	323	1	0
304	323	3	0
311	323	3	0
316	323	1	0
317	323	2	0
324	323	4	0
328	323	3	0
329	323	2	0
332	323	5	0
335	323	4	0
345	323	3	0
347	323	1	0
348	323	5	0
351	323	5	0
359	323	3	0
362	323	2	0
370	323	2	0
374	323	3	0
377	323	2	0
378	323	3	0
386	323	4	0
388	323	4	0
392	323	3	0
393	323	2	0
396	323	4	0
399	323	1	0
400	323	4	0
404	323	3	0
410	323	3	0
415	323	2	0
416	323	3	0
417	323	3	0
422	323	3	0
423	323	3	0
424	323	5	0
425	323	2	0
428	323	3	0
431	323	3	0
433	323	1	0
440	323	1	0
443	323	2	0
451	323	4	0
454	323	2	0
455	323	3	0
459	323	3	0
462	323	2	0
472	323	4	0
474	323	2	0
488	323	1	0
489	323	5	0
493	323	4	0
494	323	3	0
502	323	4	0
504	323	4	0
506	323	3	0
507	323	5	0
510	323	4	0
513	323	5	0
515	323	3	0
526	323	2	0
529	323	4	0
531	323	5	0
537	323	1	0
540	323	3	0
544	323	2	0
548	323	4	0
549	323	2	0
550	323	5	0
552	323	2	0
556	323	2	0
562	323	2	0
564	323	3	0
576	323	3	0
578	323	3	0
580	323	2	0
587	323	4	0
589	323	2	0
592	323	1	0
596	323	4	0
597	323	3	0
598	323	4	0
606	323	4	0
616	323	4	0
619	323	3	0
620	323	5	0
624	323	2	0
626	323	1	0
630	323	4	0
631	323	2	0
634	323	4	0
635	323	3	0
637	323	1	0
639	323	1	0
644	323	4	0
646	323	3	0
648	323	5	0
649	323	3	0
650	323	3	0
652	323	3	0
663	323	2	0
668	323	4	0
669	323	1	0
673	323	2	0
674	323	3	0
677	323	4	0
682	323	2	0
683	323	3	0
687	323	2	0
695	323	2	0
697	323	4	0
699	323	4	0
703	323	2	0
706	323	4	0
714	323	4	0
721	323	3	0
724	323	2	0
726	323	3	0
728	323	3	0
736	323	1	0
748	323	4	0
750	323	3	0
751	323	1	0
752	323	1	0
755	323	4	0
756	323	3	0
757	323	3	0
759	323	4	0
764	323	3	0
770	323	5	0
772	323	4	0
782	323	3	0
784	323	4	0
788	323	3	0
796	323	2	0
798	323	4	0
802	323	5	0
804	323	4	0
805	323	5	0
810	323	4	0
811	323	5	0
816	323	4	0
824	323	2	0
825	323	4	0
831	323	2	0
832	323	3	0
834	323	2	0
839	323	4	0
841	323	3	0
852	323	3	0
853	323	3	0
856	323	2	0
858	323	2	0
867	323	3	0
872	323	2	0
881	323	2	0
883	323	5	0
884	323	2	0
891	323	3	0
893	323	2	0
894	323	2	0
897	323	4	0
919	323	4	0
921	323	4	0
925	323	4	0
936	323	3	0
938	323	3	0
942	323	3	0
3	325	1	0
19	325	4	0
21	325	4	0
27	325	2	0
49	325	3	0
50	325	1	0
54	325	3	0
63	325	2	0
76	325	2	0
79	325	5	0
85	325	2	0
104	325	1	0
107	325	3	0
110	325	3	0
112	325	1	0
113	325	4	0
116	325	3	0
135	325	4	0
140	325	3	0
143	325	5	0
149	325	2	0
150	325	1	0
153	325	2	0
155	325	2	0
158	325	4	0
160	325	3	0
165	325	4	0
168	325	1	0
176	325	3	0
181	325	2	0
195	325	2	0
200	325	5	0
201	325	5	0
214	325	3	0
220	325	1	0
224	325	1	0
250	325	4	0
255	325	1	0
266	325	1	0
268	325	3	0
276	325	3	0
282	325	1	0
286	325	1	0
291	325	4	0
293	325	2	0
294	325	3	0
303	325	1	0
325	325	1	0
345	325	1	0
346	325	1	0
349	325	3	0
363	325	1	0
364	325	4	0
372	325	4	0
385	325	4	0
387	325	2	0
392	325	4	0
397	325	3	0
409	325	4	0
414	325	3	0
417	325	2	0
422	325	2	0
425	325	3	0
433	325	2	0
436	325	3	0
445	325	1	0
451	325	3	0
456	325	3	0
476	325	1	0
479	325	1	0
486	325	2	0
489	325	5	0
491	325	1	0
497	325	2	0
500	325	3	0
510	325	1	0
512	325	2	0
519	325	1	0
526	325	3	0
529	325	3	0
534	325	4	0
537	325	1	0
544	325	1	0
556	325	2	0
557	325	3	0
569	325	1	0
578	325	1	0
587	325	5	0
592	325	2	0
595	325	3	0
601	325	4	0
605	325	2	0
615	325	2	0
630	325	3	0
634	325	1	0
637	325	1	0
643	325	2	0
655	325	2	0
682	325	4	0
683	325	2	0
685	325	3	0
697	325	4	0
699	325	5	0
706	325	1	0
721	325	3	0
735	325	1	0
750	325	1	0
752	325	2	0
756	325	3	0
770	325	4	0
782	325	2	0
803	325	4	0
808	325	1	0
824	325	4	0
825	325	5	0
828	325	2	0
833	325	4	0
835	325	5	0
841	325	3	0
857	325	1	0
874	325	2	0
896	325	1	0
900	325	1	0
919	325	4	0
923	325	4	0
925	325	4	0
926	325	1	0
936	325	5	0
3	328	5	0
4	328	3	0
12	328	4	0
13	328	3	0
15	328	3	0
21	328	3	0
26	328	2	0
31	328	2	0
33	328	4	0
35	328	3	0
38	328	4	0
40	328	3	0
43	328	4	0
44	328	4	0
46	328	4	0
49	328	2	0
54	328	4	0
61	328	5	0
62	328	3	0
63	328	2	0
65	328	4	0
74	328	4	0
85	328	3	0
86	328	2	0
90	328	3	0
91	328	4	0
92	328	3	0
94	328	3	0
95	328	5	0
99	328	4	0
100	328	4	0
102	328	2	0
104	328	3	0
111	328	4	0
112	328	4	0
113	328	5	0
116	328	3	0
119	328	4	0
126	328	5	0
128	328	2	0
130	328	4	0
133	328	3	0
134	328	4	0
141	328	4	0
143	328	4	0
144	328	3	0
145	328	5	0
146	328	3	0
149	328	2	0
151	328	3	0
155	328	2	0
159	328	3	0
160	328	3	0
164	328	5	0
165	328	3	0
166	328	5	0
170	328	3	0
173	328	5	0
176	328	4	0
178	328	3	0
181	328	3	0
190	328	3	0
191	328	3	0
193	328	3	0
195	328	4	0
197	328	4	0
205	328	3	0
207	328	2	0
222	328	5	0
223	328	3	0
224	328	4	0
229	328	1	0
234	328	2	0
236	328	5	0
250	328	3	0
253	328	4	0
255	328	2	0
258	328	3	0
263	328	4	0
265	328	4	0
268	328	1	0
271	328	2	0
273	328	3	0
276	328	4	0
284	328	4	0
292	328	3	0
293	328	2	0
294	328	4	0
300	328	3	0
302	328	3	0
303	328	3	0
304	328	3	0
313	328	4	0
314	328	4	0
317	328	4	0
323	328	3	0
324	328	4	0
327	328	2	0
328	328	4	0
332	328	5	0
334	328	3	0
335	328	3	0
347	328	4	0
351	328	4	0
353	328	2	0
355	328	4	0
356	328	4	0
360	328	3	0
362	328	2	0
363	328	3	0
373	328	4	0
376	328	3	0
378	328	3	0
384	328	4	0
388	328	4	0
390	328	4	0
391	328	3	0
392	328	3	0
393	328	5	0
395	328	4	0
396	328	4	0
399	328	4	0
400	328	3	0
401	328	4	0
404	328	4	0
408	328	2	0
410	328	3	0
413	328	3	0
415	328	5	0
416	328	5	0
418	328	1	0
423	328	1	0
427	328	4	0
430	328	4	0
431	328	4	0
440	328	3	0
444	328	5	0
446	328	3	0
450	328	4	0
451	328	5	0
459	328	3	0
462	328	5	0
464	328	3	0
466	328	4	0
476	328	4	0
479	328	4	0
482	328	4	0
485	328	2	0
486	328	2	0
488	328	4	0
489	328	4	0
493	328	4	0
499	328	5	0
500	328	3	0
502	328	4	0
505	328	4	0
506	328	4	0
507	328	5	0
509	328	1	0
514	328	3	0
515	328	2	0
517	328	3	0
519	328	2	0
526	328	2	0
529	328	4	0
530	328	4	0
533	328	4	0
537	328	2	0
544	328	3	0
545	328	4	0
547	328	4	0
548	328	4	0
550	328	5	0
551	328	5	0
554	328	4	0
555	328	4	0
569	328	4	0
574	328	3	0
579	328	3	0
582	328	3	0
587	328	1	0
589	328	5	0
592	328	1	0
596	328	5	0
597	328	4	0
608	328	4	0
616	328	3	0
619	328	1	0
624	328	4	0
626	328	1	0
627	328	4	0
629	328	3	0
633	328	4	0
635	328	3	0
637	328	4	0
644	328	4	0
646	328	3	0
647	328	3	0
652	328	4	0
653	328	4	0
655	328	2	0
660	328	3	0
663	328	4	0
664	328	3	0
665	328	4	0
668	328	4	0
673	328	4	0
676	328	5	0
681	328	3	0
682	328	3	0
683	328	2	0
689	328	5	0
692	328	4	0
695	328	3	0
697	328	5	0
699	328	2	0
701	328	4	0
703	328	3	0
708	328	3	0
717	328	4	0
721	328	5	0
722	328	5	0
724	328	4	0
725	328	4	0
727	328	4	0
729	328	3	0
730	328	2	0
740	328	3	0
748	328	4	0
749	328	4	0
750	328	4	0
753	328	3	0
754	328	3	0
755	328	4	0
757	328	3	0
758	328	1	0
759	328	5	0
770	328	3	0
772	328	5	0
779	328	4	0
782	328	5	0
783	328	4	0
784	328	3	0
787	328	3	0
788	328	4	0
790	328	3	0
791	328	4	0
796	328	5	0
797	328	2	0
801	328	5	0
804	328	4	0
809	328	5	0
810	328	5	0
812	328	4	0
816	328	4	0
817	328	4	0
818	328	4	0
820	328	2	0
828	328	3	0
831	328	3	0
832	328	3	0
833	328	2	0
837	328	4	0
842	328	2	0
851	328	3	0
853	328	3	0
854	328	1	0
856	328	3	0
857	328	3	0
863	328	5	0
864	328	5	0
865	328	3	0
867	328	5	0
870	328	3	0
872	328	4	0
873	328	4	0
877	328	2	0
880	328	4	0
886	328	3	0
894	328	4	0
895	328	4	0
896	328	1	0
898	328	2	0
902	328	3	0
904	328	2	0
905	328	3	0
915	328	2	0
917	328	2	0
919	328	2	0
920	328	2	0
921	328	5	0
927	328	4	0
928	328	3	0
938	328	2	0
942	328	3	0
3	336	1	0
8	336	3	0
13	336	2	0
43	336	4	0
146	336	5	0
177	336	2	0
181	336	2	0
203	336	3	0
204	336	1	0
206	336	1	0
240	336	3	0
262	336	3	0
286	336	5	0
327	336	2	0
355	336	4	0
362	336	2	0
363	336	4	0
450	336	3	0
451	336	4	0
459	336	2	0
486	336	2	0
514	336	1	0
519	336	5	0
552	336	3	0
589	336	1	0
592	336	1	0
595	336	2	0
611	336	5	0
626	336	1	0
640	336	3	0
641	336	3	0
654	336	3	0
687	336	2	0
688	336	2	0
697	336	3	0
708	336	2	0
724	336	1	0
797	336	2	0
826	336	4	0
833	336	2	0
851	336	4	0
863	336	2	0
894	336	3	0
3	338	2	0
8	338	4	0
13	338	1	0
54	338	3	0
70	338	2	0
82	338	1	0
83	338	4	0
86	338	1	0
91	338	4	0
94	338	4	0
99	338	4	0
102	338	2	0
110	338	1	0
117	338	3	0
119	338	1	0
134	338	4	0
142	338	2	0
145	338	3	0
149	338	2	0
177	338	3	0
186	338	3	0
222	338	1	0
235	338	1	0
250	338	4	0
262	338	4	0
271	338	1	0
273	338	3	0
281	338	2	0
282	338	3	0
297	338	2	0
305	338	3	0
319	338	2	0
327	338	1	0
329	338	2	0
334	338	1	0
377	338	3	0
393	338	2	0
395	338	4	0
397	338	4	0
399	338	1	0
409	338	3	0
416	338	3	0
425	338	1	0
428	338	4	0
429	338	3	0
435	338	2	0
441	338	4	0
446	338	2	0
448	338	1	0
458	338	3	0
472	338	4	0
479	338	1	0
489	338	3	0
493	338	4	0
502	338	4	0
507	338	5	0
509	338	3	0
531	338	1	0
532	338	3	0
535	338	3	0
537	338	1	0
544	338	2	0
547	338	2	0
577	338	3	0
587	338	4	0
589	338	3	0
592	338	2	0
605	338	2	0
628	338	5	0
631	338	2	0
637	338	4	0
640	338	5	0
641	338	3	0
656	338	3	0
688	338	5	0
695	338	2	0
724	338	3	0
729	338	1	0
743	338	1	0
750	338	3	0
752	338	3	0
758	338	4	0
782	338	2	0
803	338	2	0
805	338	1	0
810	338	4	0
851	338	3	0
883	338	4	0
885	338	3	0
889	338	1	0
923	338	4	0
3	353	1	0
13	353	4	0
126	353	5	0
130	353	1	0
179	353	1	0
240	353	1	0
416	353	2	0
489	353	4	0
532	353	2	0
587	353	2	0
611	353	3	0
758	353	4	0
841	353	1	0
851	353	3	0
4	358	2	0
8	358	2	0
13	358	3	0
21	358	3	0
22	358	5	0
24	358	3	0
29	358	2	0
35	358	1	0
36	358	5	0
40	358	3	0
49	358	1	0
74	358	2	0
76	358	2	0
99	358	2	0
102	358	3	0
109	358	2	0
116	358	2	0
117	358	4	0
130	358	4	0
142	358	2	0
145	358	4	0
159	358	1	0
162	358	3	0
177	358	2	0
178	358	1	0
181	358	2	0
195	358	2	0
200	358	5	0
201	358	1	0
221	358	3	0
222	358	2	0
229	358	1	0
234	358	1	0
240	358	2	0
262	358	3	0
268	358	3	0
276	358	3	0
282	358	3	0
294	358	2	0
302	358	3	0
303	358	2	0
319	358	3	0
320	358	4	0
341	358	1	0
343	358	1	0
346	358	4	0
353	358	1	0
355	358	4	0
369	358	3	0
377	358	3	0
394	358	3	0
397	358	2	0
408	358	4	0
417	358	2	0
422	358	2	0
425	358	4	0
429	358	3	0
431	358	2	0
433	358	2	0
435	358	4	0
443	358	1	0
451	358	1	0
459	358	2	0
462	358	1	0
464	358	3	0
472	358	5	0
479	358	1	0
488	358	3	0
489	358	5	0
493	358	4	0
494	358	3	0
497	358	4	0
500	358	4	0
502	358	4	0
505	358	3	0
510	358	1	0
511	358	1	0
528	358	2	0
531	358	1	0
548	358	2	0
560	358	3	0
570	358	2	0
574	358	2	0
580	358	4	0
586	358	4	0
587	358	3	0
592	358	1	0
595	358	2	0
602	358	4	0
624	358	3	0
626	358	1	0
627	358	3	0
635	358	1	0
660	358	2	0
668	358	3	0
677	358	5	0
682	358	3	0
683	358	2	0
689	358	4	0
695	358	5	0
708	358	2	0
717	358	2	0
721	358	1	0
724	358	1	0
725	358	3	0
727	358	2	0
749	358	3	0
750	358	3	0
752	358	4	0
757	358	3	0
761	358	3	0
770	358	3	0
782	358	4	0
790	358	2	0
801	358	4	0
802	358	3	0
804	358	3	0
805	358	3	0
807	358	3	0
812	358	3	0
813	358	3	0
814	358	2	0
817	358	4	0
820	358	1	0
822	358	3	0
827	358	2	0
831	358	2	0
841	358	1	0
852	358	3	0
853	358	1	0
854	358	2	0
868	358	2	0
873	358	2	0
875	358	3	0
893	358	2	0
896	358	1	0
898	358	4	0
919	358	3	0
928	358	5	0
936	358	4	0
938	358	4	0
940	358	1	0
941	358	2	0
5	369	1	0
26	369	2	0
42	369	4	0
49	369	1	0
59	369	2	0
92	369	3	0
94	369	1	0
99	369	4	0
101	369	2	0
125	369	3	0
174	369	1	0
181	369	3	0
198	369	1	0
223	369	1	0
244	369	4	0
246	369	3	0
262	369	2	0
268	369	1	0
291	369	3	0
303	369	1	0
320	369	4	0
332	369	4	0
346	369	3	0
347	369	4	0
348	369	3	0
374	369	1	0
393	369	3	0
416	369	2	0
434	369	4	0
435	369	1	0
453	369	2	0
456	369	3	0
477	369	4	0
478	369	3	0
493	369	2	0
501	369	4	0
517	369	5	0
532	369	3	0
582	369	1	0
595	369	3	0
640	369	3	0
642	369	2	0
665	369	4	0
697	369	5	0
714	369	3	0
727	369	2	0
825	369	3	0
847	369	1	0
880	369	1	0
882	369	3	0
887	369	5	0
897	369	4	0
903	369	4	0
916	369	2	0
921	369	1	0
5	374	3	0
130	374	4	0
268	374	2	0
279	374	1	0
393	374	3	0
405	374	1	0
472	374	2	0
807	374	3	0
823	374	1	0
911	374	1	0
927	374	4	0
5	377	1	0
13	377	1	0
22	377	1	0
222	377	1	0
314	377	3	0
393	377	3	0
405	377	1	0
468	377	2	0
642	377	3	0
648	377	3	0
705	377	4	0
798	377	3	0
846	377	2	0
5	388	2	0
109	388	5	0
125	388	2	0
174	388	1	0
222	388	2	0
268	388	1	0
276	388	2	0
279	388	3	0
280	388	2	0
303	388	2	0
336	388	1	0
399	388	2	0
405	388	4	0
407	388	2	0
416	388	2	0
417	388	3	0
450	388	3	0
457	388	2	0
497	388	4	0
545	388	3	0
566	388	3	0
653	388	2	0
712	388	3	0
758	388	3	0
846	388	3	0
886	388	1	0
933	388	1	0
934	388	3	0
5	395	2	0
11	395	2	0
38	395	3	0
56	395	3	0
95	395	3	0
109	395	3	0
125	395	3	0
174	395	1	0
222	395	1	0
268	395	2	0
276	395	2	0
279	395	4	0
291	395	3	0
295	395	4	0
301	395	1	0
303	395	2	0
307	395	3	0
314	395	2	0
336	395	2	0
346	395	1	0
379	395	2	0
389	395	2	0
393	395	3	0
399	395	3	0
405	395	3	0
407	395	1	0
416	395	2	0
417	395	4	0
450	395	3	0
456	395	2	0
457	395	2	0
465	395	1	0
472	395	3	0
495	395	1	0
497	395	4	0
541	395	2	0
545	395	4	0
566	395	1	0
588	395	4	0
621	395	4	0
622	395	2	0
642	395	5	0
652	395	3	0
653	395	1	0
682	395	3	0
684	395	2	0
712	395	4	0
727	395	3	0
795	395	2	0
798	395	3	0
870	395	3	0
881	395	3	0
901	395	3	0
921	395	3	0
922	395	4	0
927	395	3	0
5	397	2	0
110	397	3	0
268	397	2	0
276	397	1	0
279	397	4	0
303	397	1	0
326	397	3	0
405	397	4	0
543	397	3	0
586	397	3	0
727	397	2	0
826	397	3	0
5	406	1	0
13	406	1	0
21	406	1	0
38	406	2	0
49	406	2	0
54	406	2	0
83	406	2	0
92	406	2	0
99	406	3	0
117	406	3	0
145	406	3	0
164	406	2	0
181	406	1	0
186	406	1	0
201	406	1	0
246	406	3	0
255	406	1	0
256	406	3	0
262	406	3	0
276	406	2	0
294	406	2	0
314	406	3	0
332	406	3	0
348	406	4	0
367	406	4	0
374	406	3	0
396	406	2	0
434	406	3	0
435	406	3	0
501	406	3	0
601	406	2	0
619	406	2	0
620	406	4	0
648	406	3	0
721	406	1	0
749	406	4	0
774	406	1	0
793	406	2	0
804	406	3	0
805	406	1	0
825	406	2	0
849	406	4	0
851	406	2	0
862	406	4	0
897	406	3	0
919	406	3	0
922	406	4	0
938	406	3	0
943	406	3	0
5	407	3	0
22	407	3	0
83	407	1	0
104	407	2	0
119	407	3	0
125	407	2	0
130	407	2	0
141	407	2	0
145	407	2	0
157	407	4	0
164	407	2	0
174	407	1	0
181	407	2	0
193	407	4	0
195	407	2	0
221	407	2	0
222	407	2	0
249	407	3	0
268	407	1	0
276	407	2	0
279	407	4	0
283	407	3	0
301	407	2	0
336	407	1	0
357	407	3	0
389	407	1	0
399	407	3	0
497	407	2	0
500	407	3	0
523	407	4	0
532	407	2	0
577	407	4	0
642	407	5	0
648	407	4	0
653	407	1	0
795	407	3	0
806	407	3	0
825	407	3	0
852	407	3	0
862	407	3	0
880	407	1	0
882	407	2	0
883	407	3	0
5	412	3	0
44	412	1	0
63	412	3	0
67	412	1	0
78	412	4	0
81	412	1	0
82	412	1	0
83	412	1	0
85	412	3	0
92	412	2	0
93	412	2	0
94	412	2	0
101	412	2	0
104	412	3	0
119	412	4	0
125	412	3	0
130	412	4	0
145	412	4	0
152	412	2	0
159	412	3	0
160	412	3	0
174	412	1	0
181	412	2	0
184	412	2	0
193	412	3	0
216	412	2	0
222	412	1	0
234	412	2	0
246	412	1	0
269	412	3	0
279	412	3	0
283	412	5	0
291	412	3	0
293	412	1	0
295	412	2	0
301	412	4	0
303	412	3	0
314	412	3	0
342	412	3	0
345	412	3	0
348	412	2	0
349	412	1	0
357	412	2	0
374	412	4	0
378	412	2	0
389	412	3	0
393	412	3	0
399	412	2	0
416	412	2	0
429	412	4	0
435	412	3	0
437	412	3	0
453	412	2	0
457	412	2	0
478	412	4	0
487	412	1	0
497	412	1	0
500	412	1	0
518	412	1	0
523	412	3	0
525	412	2	0
532	412	2	0
533	412	1	0
552	412	2	0
563	412	2	0
630	412	1	0
642	412	2	0
648	412	1	0
682	412	1	0
692	412	4	0
708	412	1	0
715	412	2	0
716	412	2	0
722	412	2	0
758	412	5	0
774	412	3	0
790	412	4	0
795	412	3	0
804	412	2	0
805	412	3	0
851	412	2	0
865	412	1	0
868	412	5	0
869	412	5	0
880	412	3	0
881	412	1	0
882	412	1	0
887	412	5	0
893	412	3	0
903	412	2	0
919	412	2	0
927	412	1	0
943	412	2	0
5	413	3	0
13	413	1	0
21	413	2	0
26	413	2	0
38	413	1	0
42	413	1	0
49	413	1	0
75	413	2	0
82	413	1	0
83	413	1	0
99	413	3	0
109	413	3	0
118	413	4	0
130	413	3	0
145	413	3	0
181	413	2	0
195	413	3	0
201	413	3	0
222	413	3	0
246	413	4	0
255	413	2	0
256	413	4	0
276	413	3	0
279	413	4	0
286	413	3	0
291	413	4	0
294	413	3	0
303	413	2	0
320	413	3	0
366	413	4	0
367	413	4	0
368	413	1	0
399	413	2	0
417	413	3	0
435	413	2	0
495	413	5	0
497	413	3	0
545	413	4	0
546	413	4	0
548	413	3	0
604	413	3	0
617	413	1	0
648	413	2	0
699	413	3	0
709	413	2	0
727	413	2	0
774	413	1	0
802	413	4	0
804	413	4	0
805	413	2	0
814	413	2	0
825	413	3	0
830	413	1	0
843	413	2	0
862	413	4	0
5	441	1	0
7	441	2	0
13	441	1	0
21	441	3	0
28	441	2	0
56	441	4	0
109	441	2	0
201	441	1	0
222	441	2	0
246	441	3	0
254	441	3	0
255	441	2	0
269	441	1	0
270	441	5	0
271	441	3	0
313	441	3	0
326	441	2	0
367	441	3	0
368	441	3	0
372	441	4	0
378	441	3	0
387	441	1	0
405	441	1	0
417	441	3	0
422	441	4	0
429	441	3	0
435	441	3	0
436	441	3	0
442	441	3	0
495	441	3	0
497	441	2	0
504	441	4	0
536	441	2	0
604	441	2	0
606	441	4	0
617	441	3	0
642	441	1	0
648	441	3	0
653	441	3	0
709	441	4	0
727	441	2	0
758	441	3	0
776	441	2	0
778	441	3	0
802	441	3	0
814	441	2	0
833	441	1	0
843	441	2	0
846	441	4	0
881	441	2	0
892	441	3	0
932	441	2	0
933	441	2	0
5	446	4	0
7	446	2	0
13	446	1	0
222	446	3	0
372	446	4	0
387	446	2	0
405	446	1	0
617	446	2	0
843	446	3	0
5	450	1	0
7	450	4	0
13	450	3	0
28	450	1	0
38	450	1	0
44	450	2	0
56	450	3	0
70	450	1	0
92	450	2	0
95	450	2	0
102	450	1	0
127	450	5	0
130	450	2	0
145	450	3	0
158	450	3	0
183	450	3	0
194	450	1	0
215	450	2	0
222	450	3	0
267	450	2	0
268	450	1	0
275	450	3	0
276	450	1	0
279	450	4	0
290	450	2	0
295	450	4	0
303	450	3	0
307	450	2	0
332	450	5	0
334	450	1	0
337	450	2	0
374	450	4	0
378	450	3	0
394	450	3	0
399	450	2	0
405	450	1	0
417	450	2	0
437	450	3	0
442	450	3	0
457	450	4	0
483	450	4	0
497	450	2	0
532	450	2	0
533	450	5	0
536	450	2	0
545	450	2	0
584	450	2	0
600	450	4	0
603	450	3	0
622	450	1	0
638	450	1	0
650	450	1	0
664	450	3	0
702	450	1	0
757	450	2	0
774	450	2	0
796	450	3	0
807	450	4	0
823	450	1	0
843	450	2	0
896	450	1	0
922	450	4	0
943	450	1	0
5	452	1	0
7	452	5	0
13	452	3	0
21	452	4	0
38	452	5	0
83	452	3	0
92	452	2	0
109	452	2	0
130	452	4	0
135	452	2	0
145	452	3	0
201	452	1	0
222	452	1	0
255	452	3	0
256	452	4	0
268	452	1	0
270	452	4	0
276	452	3	0
280	452	2	0
303	452	2	0
308	452	2	0
313	452	3	0
320	452	3	0
326	452	3	0
332	452	4	0
367	452	4	0
371	452	2	0
372	452	4	0
379	452	3	0
399	452	3	0
405	452	5	0
406	452	2	0
416	452	3	0
417	452	2	0
422	452	3	0
425	452	2	0
442	452	3	0
453	452	2	0
456	452	2	0
457	452	3	0
495	452	2	0
497	452	2	0
503	452	1	0
504	452	2	0
532	452	5	0
541	452	3	0
577	452	3	0
586	452	3	0
617	452	1	0
620	452	3	0
642	452	1	0
648	452	3	0
650	452	2	0
671	452	4	0
709	452	3	0
758	452	3	0
774	452	1	0
802	452	4	0
805	452	3	0
833	452	1	0
843	452	2	0
846	452	3	0
868	452	2	0
890	452	2	0
896	452	3	0
933	452	1	0
5	456	1	0
22	456	1	0
26	456	1	0
42	456	3	0
57	456	3	0
81	456	1	0
82	456	1	0
92	456	2	0
99	456	3	0
104	456	3	0
159	456	3	0
174	456	1	0
181	456	1	0
194	456	1	0
244	456	3	0
249	456	3	0
268	456	2	0
276	456	2	0
279	456	3	0
291	456	3	0
300	456	4	0
301	456	3	0
320	456	3	0
332	456	4	0
357	456	3	0
393	456	3	0
452	456	1	0
453	456	3	0
457	456	2	0
501	456	3	0
534	456	5	0
648	456	2	0
660	456	1	0
665	456	4	0
697	456	3	0
699	456	1	0
719	456	1	0
793	456	3	0
804	456	3	0
825	456	3	0
847	456	1	0
851	456	2	0
865	456	1	0
880	456	3	0
881	456	1	0
923	456	4	0
927	456	2	0
938	456	1	0
6	539	2	0
13	539	1	0
29	539	2	0
30	539	3	0
43	539	3	0
64	539	1	0
74	539	3	0
82	539	3	0
95	539	4	0
116	539	2	0
133	539	1	0
134	539	4	0
190	539	2	0
199	539	1	0
271	539	1	0
284	539	2	0
294	539	4	0
311	539	4	0
393	539	3	0
408	539	1	0
462	539	3	0
463	539	1	0
475	539	3	0
489	539	4	0
499	539	1	0
502	539	3	0
506	539	4	0
537	539	1	0
548	539	2	0
561	539	1	0
587	539	3	0
621	539	1	0
674	539	1	0
676	539	4	0
677	539	3	0
681	539	4	0
713	539	3	0
727	539	2	0
752	539	4	0
782	539	3	0
822	539	2	0
898	539	3	0
919	539	3	0
942	539	3	0
7	540	3	0
13	540	3	0
37	540	2	0
92	540	2	0
110	540	3	0
178	540	3	0
186	540	4	0
194	540	1	0
207	540	3	0
217	540	1	0
222	540	3	0
268	540	1	0
276	540	1	0
280	540	3	0
291	540	3	0
303	540	1	0
314	540	3	0
318	540	4	0
328	540	3	0
374	540	3	0
393	540	3	0
394	540	4	0
399	540	2	0
405	540	1	0
425	540	2	0
429	540	3	0
457	540	3	0
472	540	3	0
487	540	2	0
497	540	2	0
600	540	3	0
621	540	3	0
640	540	3	0
682	540	2	0
709	540	3	0
749	540	3	0
758	540	3	0
788	540	3	0
796	540	2	0
826	540	3	0
833	540	1	0
846	540	2	0
889	540	2	0
7	542	4	0
43	542	3	0
44	542	3	0
49	542	2	0
70	542	2	0
95	542	2	0
109	542	3	0
130	542	3	0
194	542	3	0
200	542	3	0
222	542	2	0
254	542	3	0
275	542	3	0
280	542	3	0
303	542	2	0
313	542	3	0
314	542	4	0
325	542	2	0
378	542	4	0
399	542	3	0
405	542	1	0
416	542	1	0
435	542	1	0
506	542	3	0
536	542	1	0
541	542	1	0
545	542	2	0
554	542	3	0
561	542	1	0
588	542	3	0
621	542	2	0
622	542	2	0
642	542	5	0
660	542	2	0
682	542	2	0
686	542	1	0
711	542	1	0
712	542	4	0
727	542	2	0
758	542	2	0
771	542	4	0
796	542	3	0
807	542	5	0
815	542	4	0
843	542	2	0
846	542	3	0
864	542	4	0
881	542	1	0
892	542	1	0
896	542	3	0
927	542	2	0
7	548	5	0
13	548	3	0
102	548	2	0
254	548	2	0
325	548	3	0
405	548	1	0
472	548	1	0
498	548	2	0
504	548	2	0
774	548	1	0
887	548	1	0
911	548	3	0
7	551	1	0
13	551	1	0
21	551	3	0
92	551	2	0
118	551	5	0
201	551	1	0
255	551	1	0
270	551	4	0
276	551	3	0
291	551	2	0
303	551	2	0
367	551	3	0
368	551	4	0
387	551	2	0
399	551	1	0
405	551	1	0
417	551	3	0
422	551	2	0
545	551	4	0
586	551	2	0
650	551	3	0
682	551	2	0
776	551	3	0
843	551	3	0
7	554	3	0
13	554	2	0
22	554	1	0
56	554	4	0
62	554	1	0
70	554	3	0
87	554	4	0
92	554	2	0
95	554	3	0
102	554	2	0
130	554	4	0
135	554	3	0
145	554	3	0
167	554	1	0
186	554	1	0
188	554	2	0
193	554	3	0
197	554	4	0
207	554	2	0
217	554	3	0
222	554	2	0
244	554	3	0
254	554	3	0
256	554	4	0
267	554	3	0
268	554	3	0
270	554	1	0
276	554	2	0
279	554	1	0
280	554	1	0
286	554	4	0
293	554	1	0
301	554	3	0
303	554	2	0
320	554	4	0
325	554	1	0
326	554	3	0
328	554	3	0
330	554	3	0
332	554	3	0
363	554	1	0
374	554	2	0
378	554	3	0
379	554	4	0
380	554	2	0
393	554	4	0
394	554	4	0
399	554	3	0
405	554	1	0
416	554	3	0
435	554	3	0
442	554	2	0
452	554	3	0
457	554	4	0
472	554	5	0
484	554	4	0
496	554	2	0
498	554	3	0
500	554	3	0
506	554	3	0
524	554	4	0
532	554	4	0
533	554	1	0
545	554	3	0
551	554	5	0
588	554	3	0
600	554	4	0
619	554	3	0
621	554	4	0
627	554	2	0
638	554	3	0
642	554	4	0
647	554	4	0
648	554	4	0
650	554	2	0
668	554	3	0
671	554	4	0
682	554	3	0
690	554	3	0
705	554	2	0
709	554	4	0
749	554	3	0
756	554	1	0
757	554	3	0
758	554	3	0
774	554	1	0
788	554	3	0
795	554	3	0
796	554	2	0
798	554	2	0
804	554	2	0
805	554	1	0
807	554	4	0
826	554	4	0
830	554	5	0
846	554	4	0
870	554	2	0
880	554	3	0
881	554	1	0
889	554	4	0
896	554	2	0
934	554	4	0
7	556	3	0
94	556	3	0
201	556	4	0
224	556	1	0
279	556	3	0
328	556	3	0
405	556	1	0
682	556	2	0
727	556	2	0
788	556	2	0
868	556	3	0
880	556	3	0
7	563	2	0
13	563	1	0
21	563	2	0
145	563	3	0
201	563	1	0
270	563	3	0
276	563	3	0
291	563	3	0
326	563	3	0
367	563	4	0
379	563	2	0
387	563	2	0
405	563	1	0
406	563	1	0
417	563	2	0
422	563	3	0
504	563	3	0
545	563	3	0
617	563	1	0
620	563	5	0
648	563	5	0
650	563	3	0
653	563	1	0
774	563	1	0
798	563	2	0
802	563	3	0
843	563	2	0
864	563	3	0
925	563	2	0
7	569	4	0
13	569	2	0
21	569	3	0
49	569	3	0
59	569	4	0
62	569	1	0
64	569	3	0
94	569	1	0
110	569	4	0
130	569	3	0
145	569	4	0
216	569	3	0
222	569	2	0
224	569	3	0
255	569	1	0
268	569	3	0
270	569	4	0
276	569	4	0
286	569	4	0
291	569	3	0
303	569	3	0
308	569	3	0
328	569	4	0
334	569	2	0
343	569	3	0
346	569	3	0
363	569	2	0
368	569	3	0
378	569	3	0
387	569	2	0
388	569	5	0
393	569	4	0
405	569	1	0
406	569	3	0
407	569	3	0
429	569	2	0
435	569	3	0
442	569	2	0
457	569	3	0
472	569	4	0
497	569	2	0
500	569	4	0
537	569	2	0
545	569	3	0
546	569	4	0
586	569	3	0
617	569	1	0
642	569	2	0
648	569	3	0
659	569	2	0
660	569	2	0
709	569	3	0
727	569	2	0
757	569	3	0
758	569	3	0
774	569	2	0
776	569	3	0
802	569	3	0
805	569	1	0
843	569	1	0
846	569	3	0
864	569	3	0
870	569	2	0
896	569	2	0
916	569	2	0
933	569	1	0
943	569	2	0
7	571	3	0
125	571	3	0
174	571	1	0
222	571	2	0
234	571	2	0
276	571	2	0
279	571	4	0
280	571	3	0
291	571	2	0
293	571	2	0
336	571	1	0
346	571	3	0
363	571	1	0
373	571	1	0
393	571	3	0
405	571	5	0
416	571	3	0
435	571	2	0
450	571	2	0
642	571	3	0
643	571	3	0
650	571	3	0
653	571	1	0
749	571	3	0
758	571	4	0
798	571	3	0
880	571	2	0
927	571	3	0
7	574	5	0
145	574	2	0
268	574	2	0
270	574	3	0
286	574	4	0
291	574	1	0
297	574	1	0
303	574	1	0
342	574	1	0
372	574	4	0
405	574	1	0
417	574	2	0
655	574	2	0
757	574	3	0
870	574	1	0
7	575	3	0
56	575	3	0
83	575	4	0
87	575	3	0
92	575	2	0
110	575	3	0
174	575	1	0
194	575	1	0
222	575	3	0
254	575	3	0
267	575	3	0
276	575	2	0
280	575	2	0
291	575	2	0
303	575	4	0
318	575	2	0
330	575	4	0
336	575	3	0
363	575	1	0
378	575	3	0
379	575	2	0
393	575	2	0
399	575	1	0
405	575	5	0
406	575	1	0
453	575	2	0
461	575	2	0
495	575	3	0
497	575	3	0
504	575	3	0
523	575	4	0
545	575	3	0
566	575	1	0
642	575	3	0
648	575	3	0
653	575	1	0
712	575	3	0
846	575	2	0
871	575	5	0
880	575	3	0
881	575	2	0
889	575	3	0
896	575	2	0
933	575	1	0
7	577	2	0
11	577	3	0
49	577	1	0
87	577	4	0
92	577	3	0
102	577	3	0
125	577	2	0
174	577	1	0
216	577	1	0
222	577	1	0
254	577	1	0
276	577	2	0
279	577	1	0
286	577	2	0
291	577	1	0
299	577	3	0
303	577	3	0
334	577	2	0
336	577	1	0
373	577	1	0
378	577	2	0
379	577	4	0
393	577	4	0
394	577	2	0
405	577	3	0
435	577	3	0
472	577	3	0
495	577	1	0
497	577	2	0
621	577	3	0
622	577	2	0
642	577	4	0
766	577	3	0
774	577	2	0
790	577	2	0
795	577	3	0
798	577	2	0
833	577	1	0
864	577	3	0
880	577	3	0
933	577	1	0
7	585	4	0
13	585	4	0
56	585	3	0
87	585	4	0
94	585	3	0
110	585	2	0
125	585	4	0
222	585	3	0
246	585	1	0
280	585	3	0
314	585	2	0
336	585	3	0
393	585	2	0
405	585	1	0
416	585	1	0
435	585	3	0
436	585	3	0
476	585	1	0
504	585	2	0
541	585	2	0
542	585	2	0
606	585	4	0
621	585	4	0
642	585	5	0
648	585	3	0
650	585	1	0
653	585	2	0
682	585	4	0
684	585	2	0
690	585	2	0
712	585	4	0
727	585	2	0
774	585	1	0
790	585	2	0
798	585	3	0
846	585	2	0
880	585	1	0
933	585	1	0
943	585	1	0
7	594	3	0
49	594	3	0
279	594	1	0
498	594	2	0
655	594	3	0
7	598	3	0
87	598	2	0
181	598	1	0
373	598	3	0
7	666	4	0
279	666	2	0
358	666	3	0
405	666	1	0
615	666	2	0
7	667	5	0
13	667	1	0
102	667	3	0
201	667	2	0
405	667	1	0
504	667	3	0
617	667	2	0
776	667	2	0
814	667	2	0
833	667	1	0
843	667	2	0
890	667	2	0
7	668	4	0
13	668	1	0
21	668	1	0
405	668	1	0
417	668	2	0
617	668	4	0
7	678	3	0
13	678	3	0
15	678	1	0
20	678	4	0
21	678	2	0
26	678	2	0
28	678	2	0
29	678	3	0
30	678	2	0
33	678	4	0
35	678	3	0
38	678	5	0
44	678	3	0
55	678	3	0
56	678	4	0
57	678	3	0
61	678	3	0
63	678	2	0
70	678	3	0
75	678	3	0
82	678	1	0
92	678	2	0
99	678	2	0
100	678	3	0
104	678	2	0
112	678	3	0
113	678	2	0
116	678	3	0
117	678	4	0
126	678	3	0
129	678	1	0
130	678	4	0
134	678	4	0
141	678	4	0
145	678	2	0
149	678	2	0
153	678	2	0
159	678	5	0
164	678	4	0
168	678	1	0
170	678	4	0
173	678	3	0
177	678	3	0
178	678	3	0
181	678	2	0
188	678	3	0
195	678	3	0
197	678	2	0
199	678	1	0
205	678	1	0
206	678	1	0
211	678	3	0
213	678	4	0
222	678	3	0
224	678	3	0
248	678	3	0
250	678	2	0
254	678	3	0
255	678	2	0
256	678	5	0
263	678	2	0
276	678	3	0
280	678	2	0
293	678	2	0
294	678	2	0
297	678	3	0
301	678	2	0
303	678	1	0
308	678	3	0
316	678	1	0
317	678	2	0
320	678	3	0
323	678	2	0
324	678	3	0
327	678	3	0
332	678	4	0
334	678	3	0
335	678	3	0
339	678	2	0
344	678	2	0
345	678	2	0
351	678	4	0
362	678	2	0
363	678	1	0
364	678	4	0
370	678	4	0
372	678	4	0
377	678	2	0
387	678	3	0
388	678	4	0
391	678	2	0
396	678	3	0
401	678	3	0
404	678	4	0
414	678	1	0
416	678	2	0
423	678	3	0
425	678	1	0
432	678	4	0
443	678	2	0
444	678	3	0
447	678	3	0
451	678	5	0
454	678	2	0
455	678	3	0
459	678	4	0
462	678	3	0
464	678	3	0
472	678	4	0
474	678	2	0
481	678	3	0
486	678	1	0
488	678	2	0
489	678	4	0
493	678	3	0
501	678	3	0
502	678	3	0
504	678	4	0
506	678	3	0
507	678	5	0
510	678	4	0
511	678	2	0
520	678	2	0
526	678	1	0
528	678	3	0
537	678	1	0
541	678	5	0
548	678	4	0
549	678	3	0
554	678	3	0
561	678	2	0
563	678	2	0
576	678	3	0
578	678	3	0
587	678	2	0
588	678	2	0
589	678	4	0
592	678	2	0
595	678	1	0
596	678	3	0
597	678	1	0
602	678	4	0
605	678	1	0
606	678	3	0
615	678	1	0
616	678	2	0
620	678	3	0
624	678	3	0
625	678	3	0
626	678	1	0
634	678	2	0
646	678	3	0
648	678	3	0
649	678	3	0
654	678	4	0
663	678	2	0
664	678	2	0
674	678	3	0
677	678	4	0
682	678	1	0
683	678	1	0
687	678	4	0
688	678	5	0
695	678	4	0
699	678	3	0
708	678	2	0
717	678	3	0
721	678	3	0
722	678	3	0
724	678	2	0
727	678	3	0
728	678	4	0
736	678	1	0
748	678	2	0
749	678	2	0
752	678	3	0
757	678	2	0
759	678	2	0
761	678	2	0
770	678	2	0
772	678	4	0
782	678	3	0
784	678	4	0
790	678	3	0
802	678	4	0
804	678	4	0
805	678	4	0
807	678	3	0
809	678	2	0
810	678	4	0
811	678	5	0
812	678	4	0
816	678	4	0
824	678	3	0
825	678	4	0
826	678	4	0
832	678	2	0
841	678	4	0
852	678	3	0
853	678	4	0
856	678	3	0
858	678	1	0
860	678	3	0
862	678	4	0
864	678	4	0
867	678	3	0
880	678	3	0
881	678	2	0
889	678	3	0
894	678	3	0
916	678	2	0
919	678	2	0
921	678	5	0
925	678	3	0
931	678	3	0
936	678	3	0
938	678	3	0
940	678	4	0
942	678	3	0
7	680	4	0
21	680	1	0
35	680	4	0
48	680	3	0
137	680	5	0
145	680	3	0
181	680	1	0
230	680	4	0
302	680	2	0
388	680	5	0
397	680	1	0
409	680	1	0
416	680	3	0
427	680	5	0
451	680	1	0
479	680	3	0
489	680	5	0
502	680	3	0
509	680	1	0
514	680	1	0
519	680	5	0
545	680	2	0
587	680	1	0
592	680	1	0
611	680	4	0
626	680	1	0
660	680	2	0
721	680	3	0
724	680	1	0
727	680	3	0
782	680	1	0
813	680	2	0
851	680	3	0
939	680	2	0
7	681	1	0
38	681	5	0
126	681	5	0
130	681	3	0
181	681	1	0
304	681	2	0
355	681	4	0
393	681	3	0
424	681	3	0
427	681	5	0
451	681	1	0
489	681	3	0
502	681	1	0
510	681	1	0
537	681	1	0
587	681	2	0
592	681	1	0
626	681	1	0
721	681	3	0
782	681	3	0
787	681	3	0
801	681	1	0
802	681	4	0
832	681	2	0
851	681	1	0
852	681	4	0
919	681	2	0
7	683	4	0
13	683	1	0
22	683	1	0
26	683	3	0
30	683	3	0
47	683	3	0
73	683	2	0
86	683	5	0
91	683	3	0
95	683	4	0
145	683	3	0
169	683	3	0
181	683	1	0
206	683	1	0
264	683	2	0
286	683	5	0
290	683	2	0
313	683	3	0
317	683	2	0
362	683	1	0
393	683	4	0
404	683	4	0
408	683	3	0
424	683	3	0
437	683	2	0
441	683	2	0
451	683	1	0
489	683	2	0
502	683	3	0
548	683	4	0
592	683	1	0
615	683	1	0
620	683	3	0
646	683	3	0
651	683	3	0
682	683	2	0
683	683	3	0
697	683	1	0
699	683	3	0
702	683	1	0
724	683	1	0
729	683	2	0
750	683	1	0
752	683	4	0
782	683	1	0
803	683	1	0
863	683	1	0
898	683	3	0
940	683	3	0
11	719	3	0
160	719	3	0
167	719	1	0
222	719	1	0
246	719	4	0
268	719	1	0
276	719	3	0
279	719	4	0
301	719	4	0
339	719	3	0
363	719	3	0
385	719	2	0
405	719	1	0
497	719	3	0
504	719	3	0
551	719	1	0
561	719	1	0
622	719	2	0
650	719	3	0
653	719	3	0
682	719	2	0
707	719	3	0
795	719	2	0
798	719	1	0
804	719	3	0
805	719	4	0
846	719	2	0
880	719	3	0
896	719	1	0
11	726	3	0
81	726	4	0
167	726	1	0
311	726	3	0
328	726	4	0
405	726	1	0
429	726	2	0
642	726	2	0
648	726	3	0
655	726	2	0
747	726	2	0
788	726	4	0
868	726	2	0
886	726	1	0
11	734	3	0
102	734	2	0
110	734	2	0
125	734	3	0
222	734	2	0
276	734	1	0
286	734	2	0
303	734	1	0
336	734	1	0
373	734	3	0
378	734	3	0
405	734	2	0
416	734	3	0
450	734	2	0
476	734	4	0
532	734	3	0
542	734	3	0
642	734	3	0
655	734	3	0
684	734	3	0
712	734	4	0
751	734	1	0
798	734	3	0
864	734	3	0
880	734	3	0
889	734	3	0
933	734	2	0
13	759	2	0
110	759	3	0
276	759	1	0
279	759	4	0
303	759	1	0
405	759	1	0
425	759	2	0
532	759	2	0
600	759	2	0
642	759	3	0
893	759	3	0
13	760	1	0
21	760	1	0
26	760	1	0
28	760	3	0
57	760	2	0
59	760	2	0
102	760	1	0
116	760	3	0
144	760	2	0
145	760	2	0
181	760	1	0
200	760	4	0
255	760	1	0
279	760	3	0
291	760	2	0
320	760	3	0
357	760	3	0
363	760	1	0
367	760	4	0
399	760	1	0
403	760	1	0
422	760	3	0
435	760	1	0
447	760	4	0
472	760	5	0
534	760	2	0
546	760	5	0
548	760	3	0
551	760	3	0
552	760	3	0
582	760	3	0
606	760	3	0
620	760	3	0
634	760	3	0
636	760	5	0
666	760	3	0
699	760	3	0
727	760	1	0
776	760	3	0
802	760	3	0
851	760	4	0
887	760	5	0
892	760	3	0
896	760	2	0
897	760	5	0
921	760	2	0
13	767	1	0
21	767	1	0
145	767	2	0
181	767	1	0
201	767	4	0
363	767	2	0
385	767	1	0
417	767	1	0
617	767	3	0
862	767	4	0
916	767	4	0
13	769	3	0
21	769	1	0
56	769	4	0
76	769	1	0
130	769	3	0
145	769	2	0
188	769	2	0
222	769	2	0
256	769	5	0
276	769	1	0
280	769	3	0
291	769	1	0
320	769	3	0
332	769	3	0
367	769	3	0
387	769	1	0
388	769	3	0
393	769	4	0
399	769	3	0
405	769	1	0
406	769	1	0
417	769	1	0
442	769	1	0
457	769	2	0
497	769	3	0
532	769	2	0
541	769	1	0
546	769	4	0
620	769	4	0
621	769	3	0
622	769	1	0
642	769	5	0
648	769	1	0
682	769	2	0
709	769	3	0
773	769	1	0
776	769	3	0
796	769	4	0
798	769	2	0
802	769	5	0
805	769	2	0
880	769	3	0
13	771	3	0
92	771	1	0
102	771	2	0
130	771	2	0
145	771	2	0
195	771	2	0
200	771	4	0
256	771	2	0
267	771	3	0
269	771	1	0
276	771	2	0
280	771	3	0
286	771	2	0
301	771	2	0
320	771	3	0
325	771	1	0
381	771	2	0
393	771	3	0
394	771	4	0
405	771	1	0
417	771	3	0
450	771	3	0
472	771	4	0
496	771	2	0
497	771	4	0
532	771	3	0
600	771	3	0
642	771	3	0
653	771	2	0
660	771	2	0
727	771	3	0
757	771	2	0
790	771	4	0
795	771	3	0
804	771	3	0
805	771	5	0
826	771	3	0
880	771	3	0
889	771	2	0
893	771	3	0
934	771	3	0
13	779	3	0
95	779	3	0
110	779	3	0
130	779	4	0
195	779	2	0
197	779	2	0
217	779	1	0
256	779	4	0
276	779	2	0
279	779	3	0
293	779	1	0
303	779	1	0
374	779	3	0
393	779	3	0
399	779	4	0
405	779	1	0
417	779	2	0
487	779	2	0
506	779	2	0
551	779	4	0
586	779	3	0
600	779	2	0
621	779	3	0
642	779	3	0
653	779	1	0
671	779	3	0
682	779	3	0
727	779	2	0
796	779	3	0
826	779	3	0
880	779	3	0
13	791	5	0
22	791	1	0
87	791	2	0
95	791	3	0
110	791	2	0
314	791	4	0
405	791	1	0
416	791	2	0
504	791	3	0
880	791	2	0
13	795	2	0
83	795	3	0
314	795	4	0
318	795	2	0
394	795	2	0
405	795	2	0
416	795	2	0
450	795	3	0
497	795	1	0
532	795	2	0
577	795	3	0
620	795	4	0
621	795	1	0
622	795	2	0
642	795	4	0
774	795	1	0
796	795	3	0
798	795	3	0
880	795	2	0
881	795	2	0
901	795	3	0
13	798	2	0
130	798	1	0
158	798	4	0
246	798	2	0
291	798	4	0
328	798	2	0
405	798	1	0
788	798	2	0
896	798	2	0
13	803	3	0
158	803	3	0
201	803	2	0
276	803	2	0
378	803	3	0
416	803	3	0
487	803	2	0
655	803	3	0
886	803	2	0
13	816	1	0
21	816	1	0
118	816	3	0
130	816	5	0
145	816	5	0
222	816	1	0
246	816	4	0
276	816	2	0
291	816	3	0
363	816	1	0
388	816	4	0
405	816	1	0
429	816	2	0
546	816	3	0
606	816	2	0
617	816	1	0
648	816	1	0
709	816	2	0
776	816	2	0
925	816	3	0
943	816	4	0
13	820	4	0
14	820	3	0
20	820	2	0
21	820	3	0
43	820	2	0
45	820	4	0
49	820	1	0
54	820	3	0
56	820	3	0
57	820	3	0
70	820	1	0
75	820	3	0
82	820	3	0
83	820	2	0
92	820	1	0
93	820	3	0
94	820	1	0
101	820	3	0
109	820	3	0
130	820	5	0
145	820	2	0
181	820	1	0
186	820	2	0
189	820	1	0
194	820	1	0
198	820	1	0
200	820	3	0
223	820	4	0
276	820	3	0
279	820	4	0
283	820	4	0
291	820	4	0
293	820	2	0
298	820	4	0
299	820	3	0
301	820	3	0
303	820	3	0
313	820	2	0
314	820	5	0
332	820	4	0
347	820	2	0
357	820	4	0
374	820	4	0
389	820	3	0
393	820	3	0
399	820	4	0
429	820	3	0
435	820	1	0
487	820	3	0
518	820	2	0
533	820	2	0
534	820	3	0
540	820	3	0
545	820	3	0
554	820	2	0
586	820	4	0
592	820	3	0
595	820	2	0
601	820	1	0
620	820	4	0
630	820	4	0
643	820	3	0
648	820	2	0
682	820	3	0
697	820	3	0
699	820	2	0
705	820	3	0
718	820	2	0
727	820	2	0
733	820	2	0
758	820	4	0
764	820	3	0
795	820	3	0
804	820	4	0
807	820	3	0
826	820	3	0
830	820	1	0
847	820	1	0
851	820	3	0
852	820	4	0
862	820	4	0
872	820	3	0
880	820	3	0
881	820	2	0
882	820	3	0
889	820	2	0
892	820	3	0
893	820	3	0
896	820	2	0
903	820	4	0
916	820	2	0
921	820	3	0
927	820	4	0
13	826	5	0
42	826	3	0
45	826	3	0
57	826	2	0
82	826	3	0
92	826	2	0
101	826	3	0
109	826	3	0
119	826	4	0
141	826	2	0
145	826	2	0
151	826	1	0
162	826	3	0
164	826	4	0
181	826	1	0
190	826	3	0
193	826	2	0
200	826	4	0
207	826	2	0
222	826	2	0
223	826	1	0
249	826	1	0
255	826	1	0
267	826	3	0
268	826	1	0
275	826	2	0
279	826	4	0
290	826	2	0
294	826	1	0
308	826	3	0
357	826	3	0
393	826	3	0
399	826	2	0
406	826	3	0
429	826	3	0
435	826	2	0
453	826	1	0
468	826	3	0
472	826	3	0
497	826	3	0
507	826	5	0
521	826	2	0
541	826	3	0
552	826	2	0
569	826	3	0
577	826	4	0
582	826	3	0
595	826	1	0
642	826	5	0
648	826	3	0
660	826	3	0
705	826	4	0
715	826	2	0
716	826	2	0
717	826	2	0
727	826	2	0
749	826	3	0
758	826	3	0
768	826	1	0
774	826	2	0
790	826	1	0
795	826	3	0
796	826	2	0
798	826	5	0
804	826	3	0
807	826	3	0
833	826	2	0
847	826	3	0
851	826	4	0
852	826	3	0
854	826	2	0
872	826	3	0
880	826	3	0
881	826	1	0
886	826	1	0
887	826	1	0
892	826	2	0
897	826	4	0
901	826	2	0
927	826	4	0
13	829	3	0
54	829	2	0
94	829	2	0
99	829	4	0
101	829	3	0
117	829	3	0
119	829	5	0
159	829	4	0
181	829	1	0
186	829	4	0
222	829	3	0
255	829	1	0
256	829	4	0
291	829	2	0
294	829	3	0
303	829	2	0
347	829	4	0
374	829	2	0
396	829	3	0
445	829	1	0
484	829	2	0
501	829	3	0
518	829	3	0
521	829	2	0
525	829	2	0
532	829	3	0
552	829	3	0
577	829	3	0
580	829	2	0
637	829	2	0
711	829	2	0
854	829	2	0
923	829	4	0
938	829	1	0
13	831	3	0
26	831	2	0
37	831	2	0
57	831	1	0
75	831	3	0
92	831	2	0
101	831	3	0
102	831	2	0
109	831	2	0
119	831	2	0
141	831	2	0
144	831	3	0
145	831	1	0
159	831	2	0
167	831	3	0
181	831	1	0
195	831	2	0
200	831	4	0
213	831	4	0
246	831	1	0
255	831	4	0
256	831	4	0
268	831	3	0
269	831	2	0
276	831	3	0
279	831	5	0
293	831	3	0
294	831	3	0
301	831	4	0
303	831	4	0
307	831	1	0
313	831	3	0
332	831	3	0
337	831	1	0
346	831	3	0
347	831	1	0
348	831	4	0
357	831	3	0
359	831	3	0
363	831	1	0
393	831	1	0
406	831	2	0
417	831	2	0
425	831	3	0
435	831	2	0
445	831	1	0
457	831	2	0
472	831	5	0
479	831	2	0
486	831	3	0
495	831	1	0
500	831	3	0
524	831	3	0
532	831	2	0
543	831	2	0
564	831	3	0
582	831	2	0
605	831	1	0
624	831	3	0
637	831	1	0
647	831	3	0
648	831	1	0
655	831	2	0
666	831	2	0
699	831	2	0
717	831	3	0
718	831	3	0
727	831	3	0
758	831	4	0
769	831	1	0
774	831	2	0
792	831	2	0
795	831	2	0
796	831	2	0
804	831	3	0
805	831	4	0
807	831	4	0
817	831	1	0
825	831	3	0
833	831	1	0
843	831	4	0
851	831	5	0
862	831	3	0
865	831	1	0
880	831	4	0
881	831	2	0
889	831	2	0
910	831	1	0
916	831	1	0
923	831	4	0
943	831	2	0
13	832	4	0
83	832	3	0
159	832	3	0
160	832	1	0
181	832	1	0
207	832	3	0
210	832	3	0
234	832	2	0
279	832	3	0
290	832	3	0
310	832	1	0
374	832	1	0
450	832	2	0
459	832	3	0
588	832	1	0
630	832	2	0
642	832	3	0
726	832	5	0
798	832	4	0
825	832	3	0
887	832	2	0
919	832	3	0
13	834	1	0
21	834	1	0
42	834	1	0
82	834	1	0
92	834	1	0
109	834	3	0
181	834	3	0
255	834	4	0
256	834	3	0
291	834	3	0
348	834	4	0
416	834	3	0
435	834	5	0
442	834	2	0
472	834	3	0
504	834	2	0
532	834	4	0
601	834	1	0
620	834	2	0
682	834	3	0
774	834	1	0
830	834	1	0
900	834	1	0
922	834	1	0
933	834	1	0
13	839	1	0
21	839	1	0
798	839	4	0
887	839	4	0
13	840	3	0
22	840	4	0
26	840	2	0
101	840	3	0
102	840	2	0
104	840	1	0
116	840	1	0
181	840	1	0
200	840	4	0
217	840	1	0
222	840	3	0
246	840	4	0
255	840	1	0
267	840	4	0
268	840	2	0
276	840	3	0
294	840	3	0
303	840	2	0
313	840	2	0
332	840	4	0
334	840	4	0
386	840	5	0
393	840	4	0
396	840	3	0
416	840	4	0
424	840	4	0
436	840	3	0
445	840	1	0
479	840	1	0
497	840	3	0
501	840	4	0
503	840	1	0
532	840	4	0
601	840	2	0
634	840	2	0
648	840	1	0
653	840	4	0
727	840	2	0
761	840	4	0
773	840	1	0
774	840	2	0
792	840	2	0
817	840	2	0
825	840	4	0
833	840	2	0
851	840	3	0
852	840	3	0
854	840	2	0
896	840	2	0
897	840	3	0
933	840	3	0
938	840	2	0
943	840	4	0
13	860	1	0
21	860	2	0
94	860	2	0
255	860	2	0
268	860	1	0
270	860	5	0
366	860	2	0
405	860	1	0
546	860	4	0
617	860	1	0
655	860	3	0
709	860	3	0
756	860	1	0
776	860	3	0
833	860	2	0
843	860	3	0
13	861	3	0
405	861	1	0
833	861	3	0
13	871	2	0
22	871	3	0
26	871	2	0
44	871	3	0
54	871	5	0
56	871	2	0
57	871	3	0
59	871	2	0
67	871	3	0
78	871	3	0
83	871	2	0
87	871	4	0
99	871	2	0
104	871	2	0
109	871	2	0
141	871	3	0
152	871	3	0
159	871	4	0
168	871	3	0
174	871	1	0
181	871	2	0
193	871	3	0
194	871	2	0
198	871	1	0
207	871	5	0
244	871	3	0
254	871	2	0
276	871	2	0
279	871	4	0
293	871	1	0
301	871	4	0
303	871	1	0
332	871	3	0
336	871	2	0
347	871	4	0
385	871	1	0
388	871	2	0
393	871	3	0
396	871	2	0
417	871	2	0
432	871	2	0
442	871	1	0
445	871	2	0
453	871	1	0
457	871	1	0
520	871	1	0
533	871	2	0
542	871	2	0
563	871	2	0
580	871	4	0
595	871	2	0
602	871	3	0
614	871	2	0
621	871	3	0
630	871	2	0
633	871	3	0
642	871	3	0
644	871	4	0
708	871	1	0
714	871	3	0
722	871	2	0
728	871	2	0
774	871	1	0
786	871	1	0
796	871	1	0
815	871	1	0
825	871	3	0
872	871	3	0
887	871	5	0
897	871	3	0
900	871	1	0
903	871	3	0
905	871	2	0
930	871	3	0
938	871	2	0
13	877	2	0
21	877	2	0
35	877	2	0
66	877	1	0
145	877	2	0
159	877	3	0
178	877	2	0
181	877	2	0
188	877	2	0
195	877	3	0
258	877	3	0
274	877	3	0
281	877	4	0
284	877	2	0
293	877	2	0
324	877	1	0
334	877	3	0
341	877	3	0
405	877	1	0
409	877	2	0
413	877	3	0
425	877	3	0
428	877	5	0
451	877	4	0
472	877	3	0
541	877	1	0
544	877	2	0
550	877	4	0
579	877	1	0
587	877	2	0
589	877	4	0
592	877	2	0
609	877	5	0
631	877	2	0
632	877	1	0
635	877	3	0
646	877	3	0
688	877	5	0
721	877	3	0
724	877	1	0
761	877	2	0
782	877	3	0
784	877	4	0
787	877	2	0
813	877	1	0
831	877	2	0
845	877	2	0
853	877	2	0
863	877	1	0
894	877	3	0
919	877	3	0
928	877	5	0
13	878	1	0
21	878	2	0
22	878	1	0
36	878	5	0
49	878	2	0
95	878	1	0
126	878	5	0
177	878	1	0
181	878	1	0
234	878	2	0
384	878	4	0
397	878	1	0
450	878	2	0
451	878	1	0
471	878	4	0
489	878	2	0
506	878	3	0
519	878	5	0
527	878	1	0
587	878	2	0
609	878	1	0
612	878	2	0
648	878	3	0
699	878	3	0
721	878	3	0
781	878	1	0
782	878	3	0
798	878	4	0
810	878	4	0
876	878	2	0
919	878	2	0
928	878	5	0
942	878	4	0
13	885	1	0
36	885	5	0
100	885	2	0
181	885	1	0
435	885	3	0
451	885	1	0
466	885	2	0
489	885	4	0
592	885	2	0
782	885	3	0
863	885	1	0
894	885	2	0
895	885	2	0
13	893	3	0
179	893	2	0
224	893	3	0
258	893	1	0
304	893	3	0
393	893	3	0
502	893	2	0
515	893	1	0
520	893	2	0
592	893	1	0
646	893	3	0
724	893	3	0
813	893	3	0
872	893	4	0
13	908	1	0
100	908	1	0
223	908	1	0
341	908	3	0
365	908	3	0
428	908	4	0
445	908	1	0
450	908	1	0
466	908	4	0
489	908	5	0
511	908	4	0
519	908	5	0
531	908	1	0
609	908	1	0
646	908	3	0
677	908	4	0
724	908	1	0
782	908	3	0
863	908	1	0
871	908	3	0
13	911	2	0
328	911	3	0
655	911	2	0
683	911	3	0
13	913	1	0
655	913	4	0
14	920	4	0
181	920	1	0
405	920	1	0
518	920	3	0
774	920	2	0
15	926	1	0
22	926	1	0
26	926	2	0
42	926	3	0
43	926	2	0
45	926	3	0
49	926	1	0
57	926	3	0
59	926	1	0
68	926	1	0
75	926	3	0
81	926	3	0
87	926	4	0
92	926	3	0
99	926	3	0
101	926	3	0
104	926	1	0
125	926	3	0
141	926	4	0
145	926	3	0
160	926	2	0
164	926	2	0
178	926	4	0
181	926	1	0
210	926	2	0
223	926	4	0
230	926	3	0
238	926	3	0
244	926	2	0
267	926	2	0
268	926	2	0
279	926	4	0
287	926	4	0
289	926	3	0
290	926	3	0
294	926	3	0
303	926	2	0
336	926	1	0
344	926	2	0
347	926	1	0
348	926	3	0
357	926	4	0
378	926	1	0
389	926	3	0
393	926	4	0
399	926	2	0
416	926	2	0
422	926	2	0
435	926	3	0
447	926	3	0
450	926	4	0
459	926	4	0
463	926	1	0
468	926	2	0
484	926	4	0
486	926	2	0
490	926	2	0
497	926	2	0
532	926	3	0
534	926	4	0
551	926	2	0
552	926	2	0
586	926	4	0
595	926	1	0
606	926	3	0
612	926	2	0
621	926	3	0
637	926	2	0
640	926	3	0
642	926	5	0
648	926	3	0
650	926	3	0
654	926	4	0
660	926	2	0
665	926	3	0
703	926	4	0
708	926	3	0
715	926	4	0
718	926	2	0
727	926	3	0
738	926	3	0
774	926	1	0
779	926	4	0
790	926	2	0
792	926	3	0
795	926	2	0
798	926	4	0
804	926	4	0
822	926	2	0
825	926	4	0
837	926	1	0
847	926	1	0
852	926	3	0
865	926	1	0
872	926	4	0
880	926	3	0
887	926	5	0
897	926	4	0
923	926	4	0
936	926	4	0
938	926	3	0
15	930	2	0
21	930	1	0
26	930	2	0
27	930	2	0
37	930	3	0
54	930	1	0
56	930	3	0
57	930	2	0
92	930	2	0
94	930	2	0
102	930	2	0
109	930	3	0
119	930	3	0
130	930	3	0
141	930	4	0
145	930	2	0
159	930	4	0
164	930	4	0
168	930	3	0
181	930	1	0
188	930	4	0
190	930	2	0
200	930	3	0
223	930	2	0
246	930	2	0
249	930	2	0
255	930	1	0
256	930	3	0
268	930	2	0
275	930	3	0
276	930	2	0
286	930	2	0
290	930	3	0
294	930	3	0
343	930	1	0
347	930	2	0
359	930	4	0
374	930	2	0
378	930	2	0
393	930	3	0
396	930	3	0
407	930	2	0
416	930	3	0
435	930	3	0
463	930	1	0
472	930	5	0
484	930	3	0
500	930	3	0
506	930	1	0
524	930	3	0
534	930	4	0
546	930	5	0
564	930	3	0
586	930	2	0
595	930	2	0
605	930	2	0
620	930	2	0
630	930	3	0
648	930	3	0
653	930	4	0
655	930	2	0
660	930	2	0
699	930	2	0
708	930	3	0
727	930	3	0
738	930	3	0
749	930	3	0
756	930	3	0
798	930	5	0
804	930	3	0
807	930	5	0
825	930	5	0
844	930	2	0
851	930	3	0
852	930	3	0
862	930	5	0
864	930	3	0
872	930	3	0
880	930	2	0
916	930	2	0
15	933	1	0
145	933	1	0
160	933	3	0
181	933	1	0
250	933	3	0
291	933	4	0
293	933	2	0
323	933	3	0
331	933	3	0
360	933	3	0
363	933	2	0
445	933	1	0
456	933	3	0
498	933	3	0
634	933	3	0
699	933	3	0
727	933	1	0
733	933	1	0
833	933	4	0
891	933	3	0
894	933	3	0
16	940	2	0
38	940	1	0
109	940	3	0
125	940	2	0
130	940	3	0
221	940	4	0
268	940	2	0
269	940	1	0
279	940	5	0
291	940	3	0
303	940	2	0
363	940	2	0
385	940	3	0
393	940	2	0
394	940	3	0
405	940	1	0
417	940	2	0
450	940	2	0
472	940	4	0
476	940	3	0
497	940	2	0
621	940	3	0
642	940	2	0
682	940	2	0
727	940	2	0
773	940	2	0
790	940	3	0
798	940	1	0
833	940	2	0
880	940	3	0
886	940	2	0
933	940	1	0
21	978	1	0
27	978	2	0
99	978	3	0
158	978	3	0
178	978	2	0
181	978	1	0
207	978	3	0
251	978	2	0
268	978	2	0
279	978	1	0
332	978	4	0
374	978	2	0
459	978	2	0
487	978	1	0
524	978	3	0
534	978	4	0
537	978	2	0
548	978	2	0
586	978	2	0
622	978	2	0
663	978	4	0
699	978	4	0
862	978	3	0
891	978	4	0
894	978	3	0
907	978	5	0
916	978	1	0
21	983	2	0
145	983	1	0
181	983	2	0
186	983	3	0
314	983	4	0
328	983	3	0
332	983	2	0
374	983	2	0
435	983	2	0
449	983	2	0
630	983	3	0
699	983	3	0
756	983	2	0
788	983	3	0
851	983	2	0
21	986	1	0
92	986	2	0
102	986	1	0
109	986	2	0
119	986	3	0
181	986	2	0
207	986	3	0
256	986	5	0
294	986	3	0
374	986	3	0
396	986	4	0
399	986	3	0
436	986	3	0
442	986	1	0
479	986	1	0
534	986	5	0
595	986	2	0
671	986	2	0
697	986	1	0
749	986	3	0
774	986	1	0
825	986	5	0
880	986	3	0
21	987	3	0
490	987	3	0
782	987	3	0
851	987	1	0
21	991	2	0
34	991	4	0
181	991	1	0
194	991	2	0
201	991	4	0
224	991	1	0
250	991	2	0
397	991	1	0
398	991	2	0
451	991	2	0
489	991	3	0
519	991	2	0
529	991	1	0
548	991	1	0
551	991	2	0
629	991	1	0
634	991	3	0
682	991	2	0
685	991	1	0
695	991	5	0
699	991	3	0
721	991	3	0
782	991	2	0
824	991	3	0
906	991	3	0
21	994	2	0
405	994	1	0
445	994	1	0
486	994	3	0
595	994	4	0
782	994	2	0
903	994	3	0
22	996	1	0
87	996	3	0
125	996	3	0
208	996	3	0
314	996	4	0
393	996	3	0
405	996	1	0
474	996	3	0
500	996	1	0
577	996	3	0
642	996	2	0
660	996	1	0
712	996	4	0
798	996	3	0
22	998	1	0
49	998	2	0
92	998	2	0
268	998	1	0
269	998	5	0
279	998	5	0
291	998	1	0
299	998	2	0
303	998	3	0
336	998	1	0
642	998	3	0
795	998	3	0
798	998	3	0
805	998	4	0
807	998	3	0
868	998	2	0
22	1003	1	0
49	1003	2	0
234	1003	2	0
325	1003	3	0
454	1003	2	0
648	1003	4	0
747	1003	1	0
798	1003	3	0
26	1013	1	0
30	1013	3	0
109	1013	3	0
116	1013	3	0
130	1013	4	0
141	1013	1	0
144	1013	1	0
159	1013	4	0
195	1013	3	0
236	1013	2	0
262	1013	2	0
276	1013	3	0
290	1013	2	0
294	1013	2	0
301	1013	3	0
303	1013	1	0
332	1013	3	0
363	1013	3	0
374	1013	2	0
425	1013	1	0
452	1013	1	0
459	1013	3	0
479	1013	1	0
493	1013	1	0
521	1013	1	0
548	1013	3	0
555	1013	4	0
621	1013	2	0
666	1013	3	0
699	1013	3	0
749	1013	1	0
782	1013	3	0
825	1013	2	0
851	1013	2	0
854	1013	1	0
880	1013	3	0
887	1013	4	0
938	1013	2	0
32	1023	3	0
43	1023	3	0
92	1023	2	0
109	1023	2	0
141	1023	4	0
145	1023	1	0
159	1023	2	0
207	1023	3	0
303	1023	2	0
318	1023	2	0
345	1023	2	0
417	1023	4	0
592	1023	1	0
595	1023	1	0
630	1023	4	0
642	1023	3	0
653	1023	3	0
672	1023	2	0
692	1023	2	0
708	1023	3	0
733	1023	1	0
749	1023	3	0
758	1023	4	0
782	1023	3	0
797	1023	3	0
798	1023	3	0
851	1023	3	0
880	1023	2	0
894	1023	3	0
936	1023	2	0
939	1023	4	0
36	1026	5	0
181	1026	1	0
451	1026	1	0
721	1026	3	0
38	1030	5	0
70	1030	2	0
102	1030	1	0
195	1030	2	0
279	1030	4	0
318	1030	2	0
339	1030	1	0
405	1030	1	0
450	1030	1	0
457	1030	2	0
497	1030	1	0
504	1030	3	0
536	1030	3	0
541	1030	3	0
642	1030	4	0
648	1030	2	0
795	1030	3	0
880	1030	2	0
885	1030	1	0
932	1030	2	0
38	1031	5	0
276	1031	2	0
405	1031	1	0
650	1031	3	0
756	1031	2	0
847	1031	2	0
868	1031	1	0
38	1034	1	0
101	1034	2	0
119	1034	3	0
130	1034	2	0
181	1034	1	0
200	1034	3	0
217	1034	3	0
255	1034	1	0
279	1034	4	0
303	1034	1	0
357	1034	2	0
393	1034	2	0
435	1034	2	0
447	1034	2	0
455	1034	2	0
472	1034	3	0
507	1034	5	0
534	1034	3	0
564	1034	3	0
727	1034	2	0
749	1034	2	0
758	1034	4	0
798	1034	2	0
807	1034	5	0
825	1034	4	0
851	1034	1	0
921	1034	3	0
42	1040	3	0
84	1040	3	0
92	1040	3	0
141	1040	3	0
145	1040	1	0
181	1040	1	0
256	1040	3	0
269	1040	1	0
295	1040	2	0
303	1040	1	0
393	1040	3	0
417	1040	2	0
459	1040	2	0
518	1040	3	0
605	1040	2	0
630	1040	4	0
665	1040	4	0
692	1040	2	0
708	1040	2	0
712	1040	4	0
790	1040	2	0
796	1040	3	0
872	1040	3	0
891	1040	3	0
907	1040	5	0
42	1049	3	0
83	1049	3	0
87	1049	3	0
92	1049	1	0
130	1049	3	0
159	1049	4	0
181	1049	1	0
200	1049	3	0
203	1049	2	0
207	1049	3	0
280	1049	2	0
374	1049	1	0
393	1049	4	0
432	1049	2	0
634	1049	2	0
642	1049	3	0
677	1049	3	0
708	1049	2	0
727	1049	1	0
796	1049	4	0
798	1049	3	0
825	1049	3	0
837	1049	1	0
880	1049	3	0
901	1049	3	0
43	1052	1	0
67	1052	3	0
92	1052	2	0
99	1052	1	0
102	1052	2	0
119	1052	4	0
125	1052	2	0
181	1052	2	0
195	1052	1	0
223	1052	1	0
246	1052	1	0
276	1052	2	0
279	1052	4	0
301	1052	1	0
303	1052	2	0
320	1052	2	0
363	1052	3	0
389	1052	2	0
497	1052	2	0
534	1052	4	0
758	1052	5	0
795	1052	3	0
852	1052	4	0
880	1052	1	0
882	1052	2	0
43	1054	3	0
145	1054	1	0
152	1054	1	0
181	1054	2	0
222	1054	1	0
244	1054	3	0
262	1054	2	0
268	1054	1	0
314	1054	1	0
336	1054	1	0
416	1054	3	0
450	1054	2	0
534	1054	5	0
555	1054	3	0
577	1054	3	0
640	1054	1	0
642	1054	3	0
692	1054	3	0
708	1054	3	0
792	1054	1	0
805	1054	3	0
907	1054	3	0
939	1054	4	0
43	1057	2	0
56	1057	3	0
101	1057	2	0
117	1057	2	0
145	1057	1	0
181	1057	2	0
222	1057	4	0
244	1057	4	0
256	1057	2	0
293	1057	2	0
314	1057	2	0
336	1057	4	0
342	1057	2	0
417	1057	2	0
452	1057	1	0
456	1057	3	0
500	1057	3	0
699	1057	3	0
764	1057	1	0
796	1057	2	0
881	1057	1	0
907	1057	3	0
49	1072	1	0
87	1072	3	0
279	1072	4	0
405	1072	1	0
648	1072	2	0
871	1072	3	0
889	1072	3	0
49	1076	2	0
102	1076	2	0
393	1076	3	0
405	1076	2	0
429	1076	2	0
642	1076	2	0
727	1076	2	0
796	1076	2	0
798	1076	3	0
804	1076	3	0
807	1076	3	0
868	1076	1	0
49	1079	1	0
87	1079	2	0
92	1079	3	0
99	1079	3	0
118	1079	4	0
130	1079	3	0
181	1079	1	0
222	1079	1	0
244	1079	2	0
268	1079	3	0
276	1079	2	0
283	1079	4	0
286	1079	3	0
290	1079	2	0
291	1079	2	0
294	1079	2	0
336	1079	1	0
373	1079	4	0
394	1079	3	0
406	1079	2	0
426	1079	3	0
429	1079	2	0
453	1079	1	0
472	1079	4	0
486	1079	2	0
495	1079	5	0
518	1079	1	0
551	1079	1	0
592	1079	1	0
601	1079	3	0
622	1079	2	0
630	1079	1	0
642	1079	5	0
658	1079	2	0
682	1079	3	0
708	1079	1	0
774	1079	1	0
777	1079	2	0
804	1079	4	0
869	1079	2	0
887	1079	1	0
889	1079	2	0
916	1079	2	0
922	1079	1	0
936	1079	1	0
49	1083	2	0
186	1083	1	0
276	1083	3	0
291	1083	3	0
372	1083	3	0
498	1083	3	0
54	1088	3	0
130	1088	2	0
223	1088	4	0
279	1088	4	0
294	1088	1	0
303	1088	2	0
347	1088	1	0
493	1088	2	0
715	1088	1	0
727	1088	2	0
749	1088	2	0
758	1088	3	0
782	1088	2	0
56	1090	3	0
92	1090	3	0
95	1090	1	0
110	1090	2	0
145	1090	2	0
183	1090	2	0
193	1090	2	0
221	1090	3	0
256	1090	2	0
267	1090	3	0
268	1090	2	0
276	1090	1	0
291	1090	2	0
303	1090	1	0
320	1090	3	0
332	1090	5	0
346	1090	2	0
372	1090	5	0
399	1090	2	0
405	1090	1	0
407	1090	2	0
417	1090	3	0
437	1090	1	0
472	1090	5	0
504	1090	4	0
586	1090	3	0
655	1090	3	0
664	1090	1	0
682	1090	2	0
690	1090	3	0
693	1090	4	0
741	1090	1	0
757	1090	2	0
758	1090	1	0
774	1090	1	0
796	1090	4	0
870	1090	2	0
56	1092	3	0
159	1092	2	0
303	1092	1	0
378	1092	3	0
393	1092	3	0
416	1092	3	0
450	1092	3	0
497	1092	3	0
532	1092	2	0
648	1092	1	0
749	1092	3	0
878	1092	3	0
57	1094	2	0
181	1094	1	0
198	1094	1	0
300	1094	5	0
314	1094	1	0
324	1094	5	0
336	1094	1	0
342	1094	3	0
374	1094	4	0
486	1094	2	0
595	1094	3	0
851	1094	1	0
57	1095	2	0
67	1095	4	0
92	1095	2	0
117	1095	3	0
130	1095	3	0
159	1095	5	0
181	1095	1	0
244	1095	2	0
262	1095	2	0
268	1095	2	0
276	1095	1	0
279	1095	1	0
303	1095	2	0
314	1095	3	0
357	1095	3	0
393	1095	2	0
417	1095	3	0
434	1095	5	0
472	1095	4	0
552	1095	3	0
599	1095	4	0
624	1095	2	0
642	1095	2	0
795	1095	3	0
851	1095	3	0
859	1095	2	0
880	1095	3	0
886	1095	2	0
927	1095	2	0
58	1102	1	0
145	1102	1	0
181	1102	1	0
207	1102	3	0
236	1102	4	0
637	1102	3	0
798	1102	4	0
59	1108	3	0
279	1108	1	0
334	1108	4	0
405	1108	1	0
655	1108	3	0
62	1132	2	0
99	1132	4	0
101	1132	3	0
145	1132	3	0
157	1132	3	0
159	1132	5	0
181	1132	1	0
193	1132	3	0
244	1132	4	0
279	1132	1	0
293	1132	3	0
294	1132	4	0
299	1132	1	0
334	1132	2	0
343	1132	4	0
416	1132	2	0
447	1132	3	0
463	1132	1	0
633	1132	2	0
653	1132	1	0
665	1132	2	0
666	1132	3	0
682	1132	3	0
692	1132	4	0
733	1132	4	0
790	1132	2	0
792	1132	3	0
851	1132	3	0
859	1132	3	0
869	1132	1	0
900	1132	1	0
903	1132	3	0
64	1139	1	0
109	1139	2	0
174	1139	2	0
200	1139	3	0
222	1139	3	0
246	1139	2	0
271	1139	3	0
291	1139	3	0
314	1139	5	0
328	1139	1	0
339	1139	3	0
393	1139	3	0
399	1139	4	0
405	1139	1	0
416	1139	3	0
417	1139	3	0
429	1139	2	0
472	1139	5	0
496	1139	2	0
537	1139	2	0
551	1139	4	0
561	1139	1	0
643	1139	3	0
653	1139	3	0
660	1139	2	0
727	1139	3	0
749	1139	3	0
788	1139	1	0
798	1139	3	0
804	1139	3	0
880	1139	4	0
889	1139	1	0
932	1139	2	0
64	1140	1	0
94	1140	2	0
276	1140	2	0
286	1140	3	0
307	1140	2	0
308	1140	4	0
325	1140	3	0
343	1140	3	0
450	1140	2	0
457	1140	2	0
536	1140	1	0
642	1140	4	0
653	1140	1	0
655	1140	3	0
751	1140	2	0
804	1140	3	0
864	1140	1	0
75	1151	2	0
130	1151	3	0
181	1151	1	0
279	1151	2	0
435	1151	1	0
606	1151	3	0
880	1151	3	0
82	1164	2	0
181	1164	3	0
463	1164	1	0
792	1164	3	0
798	1164	3	0
881	1164	1	0
85	1173	4	0
181	1173	1	0
533	1173	4	0
655	1173	2	0
733	1173	2	0
782	1173	2	0
919	1173	3	0
87	1178	3	0
222	1178	2	0
244	1178	3	0
268	1178	1	0
279	1178	4	0
291	1178	4	0
303	1178	2	0
314	1178	2	0
393	1178	3	0
399	1178	3	0
405	1178	1	0
436	1178	3	0
642	1178	3	0
660	1178	1	0
682	1178	1	0
712	1178	4	0
804	1178	3	0
846	1178	2	0
927	1178	2	0
87	1180	3	0
125	1180	3	0
276	1180	2	0
279	1180	2	0
378	1180	3	0
393	1180	4	0
405	1180	1	0
476	1180	3	0
588	1180	2	0
763	1180	2	0
87	1181	3	0
279	1181	4	0
280	1181	2	0
378	1181	2	0
393	1181	3	0
622	1181	4	0
642	1181	2	0
660	1181	1	0
833	1181	1	0
880	1181	3	0
87	1182	3	0
110	1182	2	0
279	1182	3	0
280	1182	3	0
286	1182	2	0
303	1182	2	0
393	1182	3	0
405	1182	1	0
417	1182	3	0
495	1182	3	0
642	1182	2	0
774	1182	1	0
846	1182	2	0
87	1183	3	0
125	1183	2	0
194	1183	2	0
254	1183	4	0
336	1183	1	0
393	1183	3	0
417	1183	4	0
442	1183	3	0
495	1183	4	0
608	1183	1	0
632	1183	2	0
653	1183	1	0
660	1183	1	0
788	1183	2	0
790	1183	2	0
798	1183	1	0
868	1183	1	0
896	1183	2	0
933	1183	3	0
87	1184	3	0
234	1184	2	0
399	1184	3	0
405	1184	1	0
450	1184	1	0
524	1184	3	0
592	1184	5	0
686	1184	1	0
880	1184	3	0
932	1184	3	0
87	1185	4	0
125	1185	3	0
221	1185	3	0
234	1185	3	0
267	1185	2	0
279	1185	1	0
393	1185	3	0
435	1185	1	0
497	1185	1	0
541	1185	2	0
618	1185	2	0
621	1185	3	0
642	1185	4	0
690	1185	1	0
727	1185	1	0
749	1185	4	0
790	1185	2	0
880	1185	1	0
92	1207	3	0
130	1207	1	0
194	1207	1	0
222	1207	2	0
256	1207	3	0
280	1207	4	0
334	1207	2	0
399	1207	3	0
405	1207	1	0
417	1207	3	0
495	1207	5	0
532	1207	2	0
551	1207	1	0
586	1207	2	0
622	1207	2	0
653	1207	1	0
690	1207	3	0
92	1209	1	0
94	1209	2	0
244	1209	3	0
279	1209	4	0
291	1209	1	0
293	1209	2	0
303	1209	2	0
405	1209	3	0
417	1209	3	0
429	1209	3	0
487	1209	4	0
577	1209	4	0
642	1209	3	0
846	1209	1	0
886	1209	2	0
92	1213	2	0
186	1213	3	0
188	1213	2	0
276	1213	1	0
291	1213	3	0
655	1213	2	0
95	1227	2	0
201	1227	1	0
299	1227	1	0
405	1227	3	0
436	1227	2	0
437	1227	3	0
861	1227	4	0
883	1227	3	0
95	1228	3	0
102	1228	1	0
109	1228	3	0
110	1228	3	0
130	1228	3	0
195	1228	1	0
197	1228	4	0
200	1228	4	0
217	1228	2	0
246	1228	1	0
256	1228	1	0
268	1228	1	0
276	1228	1	0
279	1228	4	0
293	1228	1	0
301	1228	4	0
303	1228	2	0
346	1228	4	0
363	1228	2	0
373	1228	2	0
393	1228	3	0
399	1228	3	0
405	1228	1	0
417	1228	2	0
429	1228	3	0
435	1228	2	0
472	1228	4	0
497	1228	2	0
532	1228	3	0
545	1228	3	0
600	1228	2	0
621	1228	3	0
622	1228	1	0
640	1228	4	0
648	1228	3	0
653	1228	2	0
682	1228	1	0
705	1228	2	0
749	1228	4	0
774	1228	1	0
796	1228	4	0
804	1228	3	0
826	1228	3	0
864	1228	3	0
881	1228	3	0
886	1228	2	0
933	1228	1	0
943	1228	3	0
95	1229	2	0
110	1229	3	0
201	1229	3	0
291	1229	2	0
293	1229	1	0
314	1229	2	0
382	1229	5	0
405	1229	1	0
416	1229	2	0
496	1229	1	0
561	1229	1	0
727	1229	2	0
927	1229	3	0
95	1231	1	0
110	1231	2	0
130	1231	4	0
256	1231	3	0
268	1231	2	0
279	1231	4	0
326	1231	3	0
346	1231	3	0
399	1231	3	0
405	1231	1	0
435	1231	2	0
600	1231	2	0
619	1231	2	0
622	1231	2	0
653	1231	2	0
682	1231	2	0
727	1231	3	0
826	1231	3	0
833	1231	4	0
886	1231	3	0
889	1231	3	0
896	1231	1	0
96	1232	5	0
184	1232	3	0
246	1232	1	0
276	1232	3	0
303	1232	3	0
311	1232	4	0
325	1232	1	0
346	1232	1	0
378	1232	3	0
399	1232	3	0
405	1232	1	0
417	1232	2	0
566	1232	2	0
655	1232	3	0
682	1232	2	0
693	1232	2	0
805	1232	3	0
100	1234	1	0
179	1234	1	0
223	1234	3	0
676	1234	1	0
688	1234	5	0
724	1234	1	0
845	1234	4	0
863	1234	3	0
102	1239	2	0
222	1239	2	0
276	1239	1	0
279	1239	1	0
286	1239	3	0
291	1239	2	0
303	1239	1	0
393	1239	3	0
405	1239	1	0
472	1239	5	0
600	1239	2	0
642	1239	4	0
671	1239	3	0
798	1239	4	0
826	1239	4	0
846	1239	2	0
887	1239	3	0
889	1239	1	0
116	1253	2	0
186	1253	4	0
276	1253	1	0
291	1253	3	0
314	1253	4	0
405	1253	1	0
551	1253	2	0
116	1255	2	0
181	1255	1	0
452	1255	2	0
655	1255	3	0
675	1255	1	0
707	1255	3	0
782	1255	2	0
894	1255	4	0
116	1258	2	0
141	1258	4	0
157	1258	5	0
159	1258	1	0
178	1258	4	0
193	1258	3	0
238	1258	1	0
299	1258	2	0
303	1258	2	0
339	1258	3	0
346	1258	4	0
392	1258	1	0
393	1258	3	0
592	1258	1	0
637	1258	1	0
640	1258	3	0
648	1258	2	0
782	1258	2	0
851	1258	3	0
880	1258	3	0
894	1258	3	0
919	1258	3	0
936	1258	2	0
125	1270	3	0
264	1270	2	0
303	1270	1	0
393	1270	3	0
478	1270	1	0
798	1270	3	0
880	1270	3	0
130	1275	5	0
405	1275	1	0
592	1275	3	0
731	1275	1	0
130	1276	4	0
181	1276	1	0
314	1276	4	0
487	1276	2	0
592	1276	1	0
663	1276	3	0
851	1276	2	0
880	1276	3	0
145	1289	1	0
181	1289	1	0
256	1289	4	0
314	1289	2	0
401	1289	2	0
624	1289	3	0
711	1289	2	0
145	1291	3	0
181	1291	1	0
222	1291	2	0
223	1291	3	0
279	1291	4	0
314	1291	1	0
320	1291	3	0
347	1291	1	0
435	1291	1	0
533	1291	1	0
577	1291	3	0
804	1291	3	0
825	1291	2	0
851	1291	2	0
880	1291	3	0
149	1295	3	0
181	1295	1	0
409	1295	1	0
451	1295	2	0
519	1295	5	0
721	1295	3	0
894	1295	3	0
152	1300	4	0
178	1300	3	0
223	1300	1	0
299	1300	2	0
342	1300	1	0
416	1300	3	0
530	1300	2	0
532	1300	3	0
782	1300	2	0
158	1303	3	0
217	1303	2	0
268	1303	1	0
291	1303	3	0
303	1303	3	0
450	1303	4	0
453	1303	2	0
497	1303	2	0
551	1303	1	0
622	1303	2	0
671	1303	3	0
682	1303	2	0
727	1303	2	0
788	1303	3	0
796	1303	2	0
864	1303	2	0
886	1303	1	0
896	1303	4	0
167	1304	4	0
551	1304	1	0
167	1305	1	0
279	1305	4	0
291	1305	3	0
405	1305	1	0
682	1305	3	0
774	1305	3	0
932	1305	2	0
174	1311	3	0
293	1311	3	0
314	1311	5	0
378	1311	4	0
405	1311	1	0
450	1311	4	0
500	1311	1	0
588	1311	1	0
642	1311	3	0
655	1311	3	0
682	1311	3	0
693	1311	1	0
707	1311	3	0
846	1311	2	0
885	1311	2	0
934	1311	1	0
178	1314	3	0
221	1314	3	0
268	1314	2	0
276	1314	3	0
393	1314	3	0
399	1314	3	0
425	1314	3	0
487	1314	1	0
551	1314	2	0
619	1314	3	0
851	1314	1	0
181	1321	1	0
279	1321	4	0
181	1322	1	0
299	1322	3	0
374	1322	3	0
486	1322	3	0
655	1322	2	0
769	1322	2	0
181	1324	1	0
456	1324	4	0
500	1324	2	0
663	1324	3	0
886	1324	2	0
181	1327	1	0
534	1327	2	0
663	1327	4	0
181	1330	1	0
211	1330	3	0
234	1330	3	0
943	1330	3	0
181	1337	1	0
303	1337	1	0
393	1337	3	0
416	1337	1	0
532	1337	3	0
648	1337	3	0
749	1337	3	0
798	1337	3	0
851	1337	3	0
181	1338	1	0
405	1338	1	0
458	1338	3	0
733	1338	4	0
181	1342	1	0
662	1342	4	0
181	1346	1	0
298	1346	3	0
405	1346	1	0
409	1346	3	0
424	1346	4	0
181	1376	1	0
279	1376	4	0
291	1376	3	0
551	1376	1	0
648	1376	2	0
851	1376	2	0
872	1376	2	0
181	1378	1	0
207	1378	3	0
445	1378	2	0
655	1378	3	0
782	1378	2	0
181	1380	1	0
460	1380	3	0
655	1380	4	0
662	1380	2	0
733	1380	2	0
782	1380	2	0
181	1394	1	0
206	1394	1	0
405	1394	1	0
451	1394	1	0
681	1394	5	0
782	1394	4	0
845	1394	4	0
181	1395	1	0
206	1395	1	0
451	1395	1	0
655	1395	3	0
842	1395	4	0
863	1395	4	0
186	1399	2	0
396	1399	3	0
405	1399	1	0
515	1399	4	0
564	1399	2	0
782	1399	2	0
845	1399	3	0
193	1407	3	0
195	1407	2	0
221	1407	3	0
276	1407	1	0
303	1407	1	0
374	1407	2	0
378	1407	3	0
381	1407	3	0
393	1407	3	0
405	1407	1	0
416	1407	2	0
497	1407	3	0
506	1407	2	0
532	1407	2	0
586	1407	3	0
600	1407	2	0
622	1407	1	0
655	1407	2	0
788	1407	3	0
796	1407	3	0
194	1411	1	0
200	1411	3	0
246	1411	2	0
269	1411	3	0
271	1411	2	0
279	1411	3	0
286	1411	2	0
303	1411	2	0
305	1411	3	0
307	1411	4	0
308	1411	4	0
325	1411	4	0
334	1411	1	0
385	1411	3	0
417	1411	3	0
435	1411	1	0
588	1411	1	0
622	1411	4	0
660	1411	2	0
727	1411	2	0
798	1411	1	0
804	1411	3	0
807	1411	1	0
843	1411	3	0
846	1411	4	0
881	1411	2	0
932	1411	4	0
934	1411	4	0
195	1415	1	0
405	1415	1	0
497	1415	2	0
504	1415	3	0
532	1415	2	0
642	1415	4	0
796	1415	3	0
880	1415	2	0
927	1415	4	0
195	1416	2	0
276	1416	3	0
417	1416	2	0
425	1416	3	0
543	1416	2	0
195	1417	3	0
782	1417	2	0
201	1422	2	0
405	1422	1	0
498	1422	3	0
875	1422	3	0
201	1423	3	0
405	1423	1	0
880	1423	3	0
896	1423	2	0
201	1424	3	0
256	1424	3	0
405	1424	1	0
206	1430	1	0
515	1430	3	0
871	1430	3	0
206	1434	1	0
405	1434	1	0
425	1434	4	0
519	1434	5	0
713	1434	3	0
724	1434	1	0
787	1434	1	0
845	1434	4	0
863	1434	2	0
871	1434	3	0
207	1435	2	0
279	1435	3	0
393	1435	3	0
405	1435	1	0
450	1435	4	0
798	1435	2	0
886	1435	3	0
207	1436	3	0
655	1436	2	0
222	1438	4	0
269	1438	3	0
378	1438	3	0
405	1438	1	0
429	1438	1	0
224	1441	3	0
393	1441	3	0
405	1441	1	0
416	1441	3	0
450	1441	3	0
500	1441	2	0
543	1441	3	0
224	1442	3	0
405	1442	1	0
504	1442	3	0
541	1442	1	0
721	1442	4	0
230	1444	2	0
254	1444	3	0
263	1444	3	0
269	1444	1	0
279	1444	3	0
373	1444	3	0
380	1444	1	0
389	1444	3	0
405	1444	2	0
450	1444	4	0
479	1444	1	0
495	1444	2	0
496	1444	1	0
504	1444	3	0
653	1444	3	0
766	1444	2	0
807	1444	3	0
882	1444	4	0
892	1444	3	0
234	1455	2	0
694	1455	3	0
235	1464	4	0
405	1464	1	0
425	1464	2	0
243	1465	3	0
639	1465	2	0
655	1465	2	0
256	1471	3	0
267	1471	2	0
270	1471	4	0
276	1471	2	0
291	1471	3	0
314	1471	4	0
405	1471	1	0
790	1471	2	0
896	1471	1	0
268	1477	2	0
782	1477	3	0
269	1480	1	0
279	1480	3	0
399	1480	3	0
405	1480	2	0
450	1480	3	0
620	1480	3	0
642	1480	1	0
712	1480	4	0
843	1480	2	0
868	1480	1	0
881	1480	2	0
279	1489	3	0
291	1489	2	0
436	1489	2	0
804	1489	3	0
886	1489	1	0
303	1508	1	0
504	1508	3	0
588	1508	3	0
320	1522	3	0
405	1522	1	0
436	1522	2	0
504	1522	3	0
693	1522	3	0
796	1522	3	0
896	1522	2	0
341	1527	4	0
511	1527	4	0
631	1527	2	0
676	1527	1	0
752	1527	1	0
758	1527	3	0
782	1527	2	0
342	1528	3	0
445	1528	2	0
782	1528	2	0
382	1534	4	0
445	1534	1	0
452	1534	1	0
501	1534	4	0
597	1534	1	0
782	1534	2	0
405	1545	2	0
429	1545	2	0
707	1545	2	0
799	1545	4	0
405	1573	1	0
932	1573	4	0
405	1585	1	0
655	1585	4	0
433	1598	1	0
445	1598	1	0
464	1598	3	0
486	1598	5	0
782	1598	2	0
851	1598	3	0
479	1608	2	0
506	1608	2	0
782	1608	3	0
867	1608	2	0
565	1622	4	0
828	1622	1	0
896	1622	2	0
762	1662	1	0
782	1662	4	0
