1	21	1	0
5	21	3	0
6	21	3	0
13	21	3	0
22	21	4	0
44	21	2	0
45	21	3	0
60	21	3	0
62	21	3	0
66	21	1	0
82	21	1	0
87	21	3	0
108	21	3	0
125	21	3	0
152	21	3	0
160	21	1	0
174	21	1	0
181	21	1	0
189	21	2	0
234	21	3	0
245	21	3	0
254	21	3	0
256	21	4	0
268	21	3	0
276	21	3	0
279	21	3	0
283	21	3	0
289	21	1	0
290	21	3	0
291	21	2	0
294	21	3	0
301	21	2	0
303	21	2	0
307	21	4	0
308	21	3	0
330	21	5	0
378	21	3	0
393	21	3	0
395	21	3	0
416	21	3	0
429	21	2	0
435	21	4	0
436	21	3	0
438	21	2	0
458	21	2	0
463	21	1	0
472	21	3	0
486	21	3	0
533	21	3	0
534	21	4	0
536	21	3	0
554	21	1	0
555	21	4	0
588	21	5	0
601	21	3	0
603	21	3	0
634	21	2	0
642	21	5	0
648	21	3	0
650	21	2	0
655	21	2	0
660	21	3	0
682	21	4	0
699	21	3	0
708	21	1	0
747	21	2	0
751	21	5	0
764	21	2	0
776	21	3	0
779	21	5	0
792	21	3	0
795	21	3	0
798	21	5	0
805	21	2	0
807	21	4	0
843	21	2	0
865	21	2	0
870	21	3	0
880	21	2	0
881	21	3	0
882	21	2	0
911	21	4	0
919	21	2	0
933	21	1	0
1	37	2	0
13	37	1	0
201	37	2	0
268	37	3	0
363	37	2	0
385	37	4	0
405	37	1	0
773	37	3	0
1	78	1	0
7	78	3	0
13	78	1	0
38	78	5	0
56	78	3	0
62	78	2	0
83	78	2	0
92	78	3	0
95	78	3	0
148	78	1	0
194	78	1	0
222	78	1	0
254	78	3	0
276	78	4	0
303	78	2	0
314	78	4	0
378	78	3	0
393	78	2	0
399	78	3	0
405	78	2	0
416	78	2	0
417	78	2	0
450	78	2	0
472	78	1	0
545	78	2	0
566	78	1	0
620	78	4	0
642	78	3	0
712	78	4	0
749	78	3	0
778	78	1	0
796	78	3	0
901	78	4	0
1	80	4	0
5	80	2	0
7	80	4	0
22	80	4	0
49	80	1	0
87	80	4	0
92	80	2	0
94	80	2	0
125	80	4	0
152	80	5	0
174	80	1	0
222	80	2	0
244	80	3	0
246	80	2	0
267	80	4	0
268	80	3	0
276	80	3	0
279	80	4	0
280	80	3	0
291	80	4	0
301	80	3	0
303	80	4	0
330	80	2	0
339	80	3	0
363	80	4	0
373	80	3	0
389	80	3	0
393	80	3	0
399	80	3	0
405	80	1	0
416	80	2	0
417	80	4	0
429	80	3	0
435	80	2	0
450	80	3	0
453	80	2	0
456	80	2	0
472	80	3	0
476	80	3	0
495	80	3	0
497	80	3	0
536	80	2	0
542	80	3	0
545	80	3	0
551	80	1	0
561	80	2	0
566	80	3	0
586	80	2	0
621	80	4	0
622	80	3	0
642	80	5	0
650	80	2	0
660	80	1	0
682	80	1	0
690	80	3	0
727	80	4	0
749	80	1	0
790	80	2	0
795	80	3	0
846	80	4	0
868	80	2	0
880	80	2	0
886	80	3	0
896	80	2	0
916	80	3	0
922	80	3	0
933	80	2	0
943	80	2	0
1	105	2	0
5	105	3	0
22	105	1	0
38	105	3	0
57	105	3	0
67	105	4	0
83	105	2	0
99	105	2	0
119	105	2	0
125	105	3	0
130	105	4	0
144	105	2	0
145	105	2	0
162	105	2	0
181	105	1	0
189	105	2	0
210	105	3	0
244	105	2	0
268	105	2	0
279	105	4	0
290	105	2	0
294	105	3	0
295	105	4	0
301	105	3	0
314	105	4	0
318	105	1	0
325	105	3	0
330	105	4	0
332	105	2	0
336	105	4	0
347	105	2	0
349	105	2	0
357	105	4	0
373	105	3	0
389	105	3	0
393	105	3	0
416	105	2	0
435	105	3	0
449	105	1	0
457	105	3	0
459	105	4	0
472	105	3	0
497	105	2	0
517	105	1	0
532	105	3	0
534	105	4	0
622	105	3	0
642	105	5	0
648	105	3	0
653	105	3	0
665	105	2	0
716	105	2	0
727	105	1	0
749	105	1	0
758	105	2	0
774	105	1	0
790	105	2	0
795	105	1	0
798	105	3	0
804	105	3	0
805	105	2	0
825	105	3	0
829	105	3	0
862	105	3	0
880	105	3	0
881	105	3	0
882	105	3	0
887	105	3	0
903	105	3	0
923	105	4	0
927	105	1	0
932	105	2	0
933	105	2	0
938	105	1	0
1	110	1	0
5	110	1	0
11	110	3	0
13	110	3	0
22	110	1	0
83	110	4	0
95	110	2	0
196	110	1	0
346	110	2	0
373	110	3	0
378	110	3	0
393	110	2	0
399	110	2	0
405	110	1	0
450	110	4	0
541	110	4	0
543	110	2	0
566	110	1	0
577	110	4	0
588	110	3	0
591	110	2	0
633	110	3	0
642	110	2	0
648	110	3	0
712	110	5	0
749	110	2	0
798	110	4	0
846	110	3	0
880	110	3	0
892	110	3	0
933	110	1	0
1	112	1	0
38	112	5	0
82	112	1	0
181	112	1	0
200	112	3	0
245	112	4	0
254	112	2	0
280	112	3	0
450	112	2	0
463	112	1	0
620	112	4	0
648	112	2	0
699	112	3	0
708	112	1	0
788	112	3	0
796	112	4	0
798	112	3	0
851	112	1	0
881	112	2	0
919	112	3	0
1	138	1	0
13	138	1	0
60	138	2	0
62	138	1	0
174	138	1	0
230	138	3	0
246	138	1	0
254	138	1	0
301	138	2	0
314	138	5	0
318	138	4	0
393	138	3	0
606	138	3	0
620	138	5	0
642	138	4	0
694	138	3	0
756	138	2	0
798	138	3	0
927	138	4	0
1	139	3	0
5	139	3	0
7	139	3	0
38	139	2	0
70	139	3	0
83	139	3	0
95	139	4	0
174	139	3	0
200	139	3	0
268	139	2	0
269	139	1	0
276	139	4	0
279	139	3	0
286	139	3	0
290	139	2	0
293	139	3	0
303	139	3	0
308	139	3	0
313	139	3	0
339	139	3	0
373	139	3	0
380	139	1	0
381	139	3	0
393	139	4	0
399	139	3	0
405	139	3	0
417	139	3	0
435	139	2	0
437	139	3	0
450	139	5	0
495	139	2	0
497	139	3	0
504	139	3	0
532	139	5	0
536	139	4	0
541	139	3	0
545	139	3	0
642	139	1	0
653	139	2	0
660	139	2	0
749	139	4	0
758	139	4	0
790	139	2	0
804	139	3	0
807	139	2	0
846	139	2	0
868	139	1	0
881	139	3	0
896	139	2	0
943	139	1	0
1	145	2	0
5	145	1	0
7	145	1	0
13	145	2	0
21	145	1	0
23	145	3	0
28	145	3	0
38	145	1	0
49	145	1	0
92	145	2	0
116	145	2	0
201	145	3	0
222	145	2	0
244	145	3	0
246	145	1	0
262	145	1	0
267	145	4	0
268	145	1	0
270	145	3	0
276	145	3	0
280	145	3	0
301	145	3	0
303	145	1	0
307	145	4	0
320	145	4	0
339	145	3	0
363	145	1	0
367	145	3	0
368	145	2	0
385	145	1	0
393	145	3	0
417	145	3	0
425	145	3	0
437	145	1	0
450	145	3	0
457	145	3	0
478	145	1	0
495	145	4	0
497	145	4	0
546	145	4	0
617	145	1	0
620	145	5	0
648	145	4	0
650	145	3	0
653	145	2	0
660	145	2	0
661	145	1	0
709	145	3	0
715	145	2	0
721	145	4	0
749	145	4	0
757	145	3	0
773	145	3	0
776	145	2	0
790	145	2	0
796	145	2	0
804	145	3	0
805	145	2	0
814	145	2	0
843	145	3	0
864	145	4	0
868	145	1	0
896	145	1	0
922	145	3	0
934	145	3	0
1	146	4	0
181	146	1	0
201	146	1	0
204	146	3	0
279	146	1	0
460	146	4	0
486	146	2	0
654	146	3	0
733	146	3	0
884	146	3	0
1	158	3	0
13	158	1	0
16	158	4	0
56	158	3	0
87	158	3	0
109	158	1	0
125	158	4	0
130	158	5	0
174	158	2	0
207	158	3	0
222	158	3	0
244	158	3	0
246	158	1	0
267	158	4	0
268	158	2	0
276	158	3	0
279	158	3	0
280	158	2	0
286	158	3	0
290	158	5	0
291	158	2	0
293	158	2	0
295	158	4	0
303	158	3	0
314	158	3	0
318	158	5	0
336	158	3	0
346	158	2	0
347	158	3	0
379	158	1	0
394	158	3	0
398	158	3	0
406	158	2	0
407	158	2	0
416	158	3	0
417	158	2	0
447	158	3	0
450	158	3	0
453	158	2	0
461	158	2	0
495	158	3	0
496	158	2	0
504	158	3	0
593	158	3	0
650	158	2	0
682	158	2	0
684	158	3	0
690	158	4	0
715	158	2	0
727	158	2	0
749	158	3	0
790	158	2	0
798	158	2	0
806	158	2	0
815	158	2	0
843	158	2	0
868	158	1	0
880	158	2	0
916	158	2	0
927	158	2	0
1	225	2	0
5	225	2	0
13	225	2	0
15	225	3	0
38	225	5	0
43	225	2	0
45	225	4	0
49	225	2	0
56	225	2	0
57	225	3	0
60	225	3	0
62	225	3	0
63	225	2	0
70	225	3	0
75	225	2	0
82	225	3	0
83	225	3	0
84	225	4	0
92	225	3	0
94	225	3	0
101	225	3	0
141	225	3	0
159	225	4	0
161	225	1	0
167	225	3	0
168	225	5	0
181	225	3	0
183	225	1	0
186	225	4	0
189	225	4	0
194	225	3	0
200	225	4	0
222	225	1	0
223	225	3	0
236	225	3	0
243	225	3	0
254	225	3	0
256	225	4	0
276	225	3	0
280	225	4	0
313	225	4	0
330	225	4	0
332	225	3	0
334	225	3	0
348	225	3	0
373	225	4	0
374	225	3	0
378	225	3	0
381	225	3	0
399	225	3	0
401	225	1	0
416	225	1	0
429	225	2	0
434	225	4	0
435	225	3	0
450	225	4	0
457	225	4	0
459	225	3	0
463	225	3	0
471	225	5	0
495	225	4	0
497	225	3	0
504	225	4	0
541	225	4	0
549	225	3	0
552	225	3	0
569	225	3	0
577	225	4	0
588	225	5	0
597	225	4	0
601	225	1	0
606	225	1	0
620	225	3	0
634	225	3	0
637	225	3	0
642	225	4	0
648	225	1	0
653	225	1	0
672	225	2	0
684	225	3	0
697	225	3	0
699	225	3	0
705	225	4	0
708	225	2	0
716	225	3	0
738	225	3	0
756	225	1	0
779	225	4	0
798	225	4	0
805	225	1	0
830	225	3	0
835	225	2	0
837	225	3	0
843	225	2	0
847	225	1	0
854	225	1	0
864	225	3	0
868	225	1	0
878	225	3	0
881	225	2	0
882	225	5	0
885	225	3	0
887	225	4	0
896	225	1	0
907	225	5	0
932	225	2	0
934	225	2	0
937	225	2	0
938	225	4	0
1	254	1	0
43	254	3	0
55	254	2	0
83	254	2	0
87	254	4	0
119	254	2	0
130	254	2	0
159	254	3	0
162	254	3	0
184	254	2	0
246	254	1	0
269	254	1	0
276	254	2	0
279	254	3	0
289	254	1	0
294	254	3	0
308	254	2	0
374	254	3	0
378	254	1	0
385	254	1	0
416	254	2	0
435	254	3	0
437	254	3	0
450	254	3	0
453	254	2	0
472	254	4	0
541	254	3	0
545	254	4	0
548	254	1	0
550	254	1	0
557	254	4	0
563	254	3	0
586	254	4	0
625	254	3	0
642	254	4	0
648	254	3	0
649	254	4	0
660	254	1	0
682	254	2	0
697	254	2	0
711	254	2	0
715	254	1	0
719	254	1	0
736	254	1	0
738	254	2	0
749	254	2	0
757	254	2	0
774	254	1	0
782	254	2	0
798	254	5	0
804	254	4	0
806	254	3	0
807	254	4	0
838	254	3	0
880	254	2	0
887	254	4	0
899	254	2	0
903	254	2	0
910	254	1	0
921	254	3	0
934	254	4	0
939	254	3	0
1	259	1	0
5	259	1	0
6	259	1	0
7	259	3	0
8	259	1	0
11	259	3	0
21	259	2	0
29	259	4	0
30	259	4	0
32	259	2	0
34	259	2	0
35	259	4	0
38	259	3	0
40	259	2	0
48	259	4	0
63	259	3	0
83	259	2	0
85	259	2	0
86	259	4	0
90	259	2	0
107	259	2	0
116	259	4	0
119	259	4	0
134	259	2	0
141	259	1	0
142	259	3	0
145	259	3	0
159	259	4	0
168	259	2	0
170	259	3	0
173	259	3	0
178	259	1	0
181	259	1	0
184	259	3	0
188	259	3	0
193	259	2	0
194	259	2	0
197	259	1	0
199	259	1	0
204	259	2	0
221	259	4	0
223	259	3	0
234	259	2	0
247	259	3	0
250	259	1	0
253	259	2	0
254	259	2	0
255	259	3	0
261	259	4	0
268	259	3	0
279	259	3	0
281	259	3	0
284	259	2	0
296	259	1	0
299	259	3	0
303	259	3	0
304	259	1	0
308	259	3	0
319	259	2	0
324	259	5	0
341	259	3	0
346	259	2	0
373	259	5	0
381	259	2	0
388	259	3	0
393	259	4	0
400	259	3	0
404	259	5	0
416	259	2	0
424	259	2	0
425	259	1	0
428	259	4	0
441	259	3	0
450	259	3	0
451	259	4	0
452	259	2	0
454	259	4	0
455	259	2	0
459	259	4	0
461	259	2	0
462	259	3	0
464	259	4	0
474	259	1	0
475	259	5	0
487	259	2	0
488	259	1	0
489	259	2	0
502	259	3	0
505	259	3	0
510	259	2	0
514	259	4	0
515	259	3	0
519	259	1	0
524	259	3	0
531	259	1	0
532	259	3	0
537	259	1	0
541	259	1	0
544	259	1	0
550	259	2	0
559	259	3	0
576	259	2	0
587	259	4	0
589	259	5	0
592	259	2	0
598	259	3	0
601	259	1	0
602	259	4	0
609	259	1	0
612	259	3	0
615	259	1	0
642	259	5	0
644	259	4	0
646	259	3	0
652	259	2	0
660	259	4	0
663	259	2	0
676	259	4	0
681	259	2	0
682	259	3	0
683	259	3	0
688	259	5	0
702	259	3	0
703	259	1	0
704	259	2	0
721	259	3	0
724	259	2	0
727	259	4	0
743	259	3	0
752	259	5	0
755	259	3	0
772	259	2	0
782	259	1	0
787	259	4	0
790	259	2	0
791	259	3	0
797	259	3	0
798	259	5	0
801	259	3	0
802	259	2	0
803	259	2	0
804	259	4	0
805	259	1	0
813	259	2	0
816	259	2	0
824	259	4	0
829	259	2	0
852	259	4	0
853	259	3	0
857	259	4	0
863	259	1	0
871	259	3	0
873	259	1	0
881	259	3	0
893	259	3	0
901	259	2	0
919	259	4	0
921	259	4	0
936	259	3	0
938	259	2	0
940	259	4	0
942	259	4	0
1	260	1	0
3	260	4	0
4	260	4	0
7	260	1	0
8	260	3	0
11	260	1	0
13	260	1	0
21	260	2	0
33	260	4	0
44	260	4	0
54	260	4	0
70	260	2	0
80	260	1	0
92	260	1	0
94	260	2	0
102	260	2	0
116	260	2	0
126	260	1	0
133	260	1	0
135	260	3	0
137	260	3	0
145	260	4	0
151	260	1	0
159	260	2	0
165	260	3	0
169	260	1	0
173	260	4	0
177	260	2	0
178	260	1	0
181	260	1	0
193	260	1	0
201	260	4	0
206	260	3	0
229	260	1	0
246	260	5	0
250	260	4	0
263	260	2	0
268	260	3	0
276	260	3	0
294	260	4	0
303	260	3	0
317	260	4	0
324	260	5	0
327	260	1	0
328	260	2	0
335	260	3	0
343	260	1	0
347	260	1	0
353	260	1	0
355	260	4	0
363	260	2	0
392	260	1	0
396	260	3	0
413	260	1	0
414	260	3	0
417	260	3	0
422	260	3	0
435	260	3	0
443	260	1	0
447	260	2	0
450	260	2	0
451	260	5	0
454	260	1	0
459	260	2	0
464	260	2	0
466	260	4	0
472	260	4	0
487	260	2	0
488	260	2	0
489	260	3	0
493	260	1	0
497	260	4	0
509	260	2	0
511	260	4	0
526	260	1	0
529	260	4	0
551	260	5	0
560	260	1	0
566	260	2	0
587	260	4	0
588	260	2	0
592	260	4	0
598	260	3	0
599	260	1	0
601	260	4	0
605	260	4	0
606	260	3	0
616	260	3	0
620	260	5	0
624	260	2	0
663	260	2	0
689	260	3	0
695	260	4	0
697	260	3	0
716	260	1	0
717	260	1	0
721	260	3	0
727	260	1	0
738	260	2	0
752	260	3	0
757	260	3	0
773	260	2	0
782	260	2	0
783	260	4	0
784	260	4	0
802	260	4	0
803	260	3	0
804	260	2	0
816	260	3	0
826	260	3	0
831	260	2	0
832	260	3	0
836	260	2	0
839	260	2	0
844	260	1	0
852	260	3	0
854	260	3	0
862	260	5	0
880	260	4	0
893	260	2	0
894	260	2	0
896	260	2	0
907	260	2	0
913	260	1	0
919	260	4	0
925	260	3	0
938	260	4	0
1	261	1	0
6	261	3	0
13	261	1	0
21	261	1	0
35	261	3	0
36	261	5	0
88	261	5	0
130	261	4	0
137	261	5	0
141	261	1	0
181	261	1	0
222	261	1	0
233	261	5	0
298	261	4	0
300	261	3	0
319	261	3	0
364	261	2	0
397	261	1	0
424	261	3	0
451	261	2	0
462	261	2	0
479	261	1	0
489	261	2	0
502	261	2	0
506	261	3	0
510	261	2	0
559	261	3	0
587	261	3	0
592	261	1	0
602	261	3	0
644	261	4	0
721	261	3	0
761	261	1	0
782	261	2	0
802	261	3	0
803	261	1	0
812	261	1	0
847	261	1	0
851	261	3	0
853	261	3	0
909	261	5	0
919	261	3	0
942	261	4	0
1	264	2	0
3	264	2	0
4	264	3	0
7	264	4	0
13	264	4	0
21	264	3	0
29	264	3	0
35	264	2	0
57	264	2	0
70	264	4	0
76	264	3	0
91	264	4	0
102	264	2	0
105	264	2	0
107	264	3	0
116	264	3	0
181	264	2	0
195	264	3	0
220	264	3	0
250	264	3	0
255	264	2	0
268	264	3	0
276	264	3	0
292	264	3	0
293	264	3	0
294	264	2	0
299	264	2	0
300	264	1	0
303	264	3	0
308	264	2	0
317	264	4	0
327	264	2	0
332	264	3	0
355	264	4	0
362	264	1	0
363	264	3	0
372	264	4	0
391	264	1	0
399	264	3	0
409	264	1	0
414	264	3	0
416	264	3	0
417	264	2	0
429	264	3	0
430	264	2	0
435	264	3	0
436	264	2	0
450	264	3	0
451	264	3	0
459	264	4	0
464	264	4	0
467	264	2	0
472	264	3	0
479	264	3	0
486	264	3	0
489	264	4	0
493	264	3	0
502	264	3	0
519	264	2	0
529	264	2	0
548	264	4	0
551	264	3	0
560	264	3	0
587	264	4	0
592	264	2	0
597	264	4	0
626	264	1	0
630	264	2	0
666	264	3	0
683	264	2	0
687	264	3	0
695	264	1	0
710	264	2	0
721	264	1	0
724	264	3	0
725	264	1	0
755	264	2	0
772	264	4	0
773	264	2	0
775	264	4	0
782	264	4	0
783	264	4	0
802	264	4	0
803	264	2	0
808	264	5	0
816	264	4	0
820	264	3	0
832	264	3	0
833	264	2	0
839	264	3	0
851	264	2	0
852	264	3	0
853	264	3	0
854	264	1	0
863	264	3	0
893	264	3	0
894	264	3	0
908	264	3	0
919	264	3	0
923	264	3	0
940	264	1	0
1	266	1	0
7	266	4	0
35	266	3	0
48	266	3	0
100	266	2	0
126	266	5	0
137	266	5	0
145	266	3	0
181	266	1	0
230	266	4	0
302	266	2	0
388	266	5	0
409	266	1	0
416	266	3	0
451	266	2	0
479	266	3	0
489	266	5	0
502	266	3	0
509	266	1	0
519	266	5	0
532	266	4	0
545	266	2	0
587	266	1	0
592	266	1	0
626	266	1	0
660	266	2	0
721	266	3	0
724	266	1	0
782	266	1	0
802	266	3	0
813	266	2	0
831	266	3	0
851	266	3	0
928	266	5	0
939	266	2	0
3	321	5	0
6	321	3	0
10	321	4	0
13	321	2	0
16	321	3	0
21	321	3	0
26	321	3	0
30	321	4	0
31	321	4	0
35	321	3	0
40	321	4	0
43	321	3	0
47	321	4	0
57	321	4	0
59	321	4	0
63	321	3	0
69	321	4	0
87	321	2	0
88	321	1	0
89	321	4	0
98	321	3	0
100	321	1	0
107	321	2	0
111	321	3	0
112	321	3	0
113	321	3	0
123	321	4	0
130	321	5	0
135	321	4	0
140	321	4	0
149	321	2	0
151	321	4	0
153	321	3	0
155	321	4	0
169	321	3	0
173	321	4	0
176	321	4	0
177	321	2	0
179	321	1	0
181	321	2	0
184	321	5	0
185	321	5	0
194	321	3	0
197	321	3	0
201	321	3	0
203	321	3	0
204	321	1	0
209	321	4	0
223	321	1	0
224	321	2	0
227	321	3	0
234	321	2	0
250	321	5	0
261	321	3	0
266	321	3	0
273	321	4	0
279	321	5	0
303	321	3	0
306	321	3	0
308	321	3	0
311	321	3	0
318	321	4	0
324	321	3	0
327	321	3	0
354	321	2	0
360	321	3	0
362	321	2	0
364	321	2	0
365	321	5	0
370	321	2	0
376	321	3	0
378	321	3	0
383	321	5	0
387	321	3	0
392	321	5	0
393	321	3	0
400	321	4	0
401	321	2	0
409	321	2	0
413	321	3	0
429	321	3	0
435	321	3	0
438	321	5	0
446	321	4	0
448	321	4	0
451	321	3	0
455	321	2	0
458	321	3	0
460	321	3	0
461	321	3	0
462	321	5	0
464	321	4	0
466	321	2	0
468	321	3	0
473	321	2	0
482	321	3	0
485	321	3	0
486	321	3	0
488	321	3	0
489	321	3	0
503	321	2	0
524	321	3	0
529	321	4	0
537	321	3	0
542	321	4	0
547	321	4	0
556	321	4	0
560	321	3	0
563	321	5	0
569	321	4	0
570	321	1	0
574	321	1	0
575	321	3	0
582	321	3	0
587	321	2	0
608	321	2	0
624	321	4	0
655	321	3	0
663	321	5	0
664	321	3	0
672	321	4	0
673	321	3	0
675	321	2	0
683	321	5	0
687	321	4	0
692	321	3	0
699	321	3	0
720	321	4	0
721	321	3	0
725	321	2	0
732	321	3	0
735	321	3	0
742	321	3	0
743	321	2	0
752	321	3	0
764	321	1	0
772	321	5	0
782	321	2	0
784	321	3	0
796	321	2	0
798	321	3	0
799	321	4	0
803	321	4	0
805	321	3	0
810	321	5	0
811	321	3	0
819	321	4	0
824	321	2	0
825	321	3	0
839	321	1	0
854	321	3	0
857	321	4	0
860	321	3	0
861	321	1	0
863	321	4	0
866	321	3	0
873	321	1	0
874	321	3	0
875	321	3	0
878	321	2	0
892	321	5	0
901	321	1	0
905	321	4	0
906	321	4	0
915	321	3	0
919	321	2	0
926	321	3	0
936	321	3	0
940	321	4	0
3	336	1	0
8	336	3	0
13	336	2	0
43	336	4	0
146	336	5	0
177	336	2	0
181	336	2	0
203	336	3	0
204	336	1	0
206	336	1	0
240	336	3	0
262	336	3	0
286	336	5	0
327	336	2	0
355	336	4	0
362	336	2	0
363	336	4	0
450	336	3	0
451	336	4	0
459	336	2	0
486	336	2	0
514	336	1	0
519	336	5	0
552	336	3	0
589	336	1	0
592	336	1	0
595	336	2	0
611	336	5	0
626	336	1	0
640	336	3	0
641	336	3	0
654	336	3	0
687	336	2	0
688	336	2	0
697	336	3	0
708	336	2	0
724	336	1	0
797	336	2	0
826	336	4	0
833	336	2	0
851	336	4	0
863	336	2	0
894	336	3	0
3	338	2	0
8	338	4	0
13	338	1	0
54	338	3	0
70	338	2	0
82	338	1	0
83	338	4	0
86	338	1	0
91	338	4	0
94	338	4	0
99	338	4	0
102	338	2	0
110	338	1	0
117	338	3	0
119	338	1	0
134	338	4	0
142	338	2	0
145	338	3	0
149	338	2	0
177	338	3	0
186	338	3	0
222	338	1	0
235	338	1	0
250	338	4	0
262	338	4	0
271	338	1	0
273	338	3	0
281	338	2	0
282	338	3	0
297	338	2	0
305	338	3	0
319	338	2	0
327	338	1	0
329	338	2	0
334	338	1	0
377	338	3	0
393	338	2	0
395	338	4	0
397	338	4	0
399	338	1	0
409	338	3	0
416	338	3	0
425	338	1	0
428	338	4	0
429	338	3	0
435	338	2	0
441	338	4	0
446	338	2	0
448	338	1	0
458	338	3	0
472	338	4	0
479	338	1	0
489	338	3	0
493	338	4	0
502	338	4	0
507	338	5	0
509	338	3	0
531	338	1	0
532	338	3	0
535	338	3	0
537	338	1	0
544	338	2	0
547	338	2	0
577	338	3	0
587	338	4	0
589	338	3	0
592	338	2	0
605	338	2	0
628	338	5	0
631	338	2	0
637	338	4	0
640	338	5	0
641	338	3	0
656	338	3	0
688	338	5	0
695	338	2	0
724	338	3	0
729	338	1	0
743	338	1	0
750	338	3	0
752	338	3	0
758	338	4	0
782	338	2	0
803	338	2	0
805	338	1	0
810	338	4	0
851	338	3	0
883	338	4	0
885	338	3	0
889	338	1	0
923	338	4	0
3	351	3	0
13	351	1	0
74	351	3	0
91	351	4	0
209	351	2	0
317	351	3	0
363	351	2	0
405	351	1	0
435	351	2	0
489	351	5	0
519	351	5	0
551	351	3	0
587	351	2	0
663	351	2	0
677	351	2	0
682	351	4	0
724	351	1	0
752	351	3	0
782	351	3	0
787	351	3	0
3	353	1	0
13	353	4	0
126	353	5	0
130	353	1	0
179	353	1	0
240	353	1	0
416	353	2	0
489	353	4	0
532	353	2	0
587	353	2	0
611	353	3	0
758	353	4	0
841	353	1	0
851	353	3	0
4	358	2	0
8	358	2	0
13	358	3	0
21	358	3	0
22	358	5	0
24	358	3	0
29	358	2	0
35	358	1	0
36	358	5	0
40	358	3	0
49	358	1	0
74	358	2	0
76	358	2	0
99	358	2	0
102	358	3	0
109	358	2	0
116	358	2	0
117	358	4	0
130	358	4	0
142	358	2	0
145	358	4	0
159	358	1	0
162	358	3	0
177	358	2	0
178	358	1	0
181	358	2	0
195	358	2	0
200	358	5	0
201	358	1	0
221	358	3	0
222	358	2	0
229	358	1	0
234	358	1	0
240	358	2	0
262	358	3	0
268	358	3	0
276	358	3	0
282	358	3	0
294	358	2	0
302	358	3	0
303	358	2	0
319	358	3	0
320	358	4	0
341	358	1	0
343	358	1	0
346	358	4	0
353	358	1	0
355	358	4	0
369	358	3	0
377	358	3	0
394	358	3	0
397	358	2	0
408	358	4	0
417	358	2	0
422	358	2	0
425	358	4	0
429	358	3	0
431	358	2	0
433	358	2	0
435	358	4	0
443	358	1	0
451	358	1	0
459	358	2	0
462	358	1	0
464	358	3	0
472	358	5	0
479	358	1	0
488	358	3	0
489	358	5	0
493	358	4	0
494	358	3	0
497	358	4	0
500	358	4	0
502	358	4	0
505	358	3	0
510	358	1	0
511	358	1	0
528	358	2	0
531	358	1	0
548	358	2	0
560	358	3	0
570	358	2	0
574	358	2	0
580	358	4	0
586	358	4	0
587	358	3	0
592	358	1	0
595	358	2	0
602	358	4	0
624	358	3	0
626	358	1	0
627	358	3	0
635	358	1	0
660	358	2	0
668	358	3	0
677	358	5	0
682	358	3	0
683	358	2	0
689	358	4	0
695	358	5	0
708	358	2	0
717	358	2	0
721	358	1	0
724	358	1	0
725	358	3	0
727	358	2	0
749	358	3	0
750	358	3	0
752	358	4	0
757	358	3	0
761	358	3	0
770	358	3	0
782	358	4	0
790	358	2	0
801	358	4	0
802	358	3	0
804	358	3	0
805	358	3	0
807	358	3	0
812	358	3	0
813	358	3	0
814	358	2	0
817	358	4	0
820	358	1	0
822	358	3	0
827	358	2	0
831	358	2	0
841	358	1	0
852	358	3	0
853	358	1	0
854	358	2	0
868	358	2	0
873	358	2	0
875	358	3	0
893	358	2	0
896	358	1	0
898	358	4	0
919	358	3	0
928	358	5	0
936	358	4	0
938	358	4	0
940	358	1	0
941	358	2	0
5	363	3	0
13	363	3	0
37	363	3	0
92	363	3	0
99	363	4	0
102	363	2	0
130	363	3	0
145	363	4	0
178	363	3	0
181	363	1	0
190	363	2	0
200	363	3	0
217	363	1	0
222	363	2	0
256	363	3	0
268	363	1	0
279	363	5	0
289	363	3	0
294	363	1	0
301	363	4	0
303	363	1	0
346	363	3	0
347	363	1	0
374	363	3	0
393	363	3	0
425	363	1	0
497	363	2	0
506	363	3	0
551	363	4	0
619	363	2	0
622	363	4	0
637	363	2	0
650	363	2	0
655	363	3	0
663	363	2	0
682	363	2	0
705	363	2	0
709	363	3	0
727	363	3	0
788	363	2	0
792	363	3	0
804	363	4	0
817	363	3	0
825	363	4	0
851	363	4	0
872	363	4	0
880	363	4	0
5	364	1	0
83	364	1	0
92	364	3	0
110	364	3	0
125	364	3	0
152	364	4	0
159	364	1	0
167	364	3	0
174	364	1	0
216	364	2	0
222	364	1	0
267	364	2	0
268	364	3	0
276	364	3	0
279	364	4	0
280	364	3	0
291	364	3	0
303	364	2	0
393	364	2	0
394	364	3	0
399	364	4	0
405	364	1	0
416	364	2	0
417	364	3	0
453	364	3	0
497	364	3	0
504	364	2	0
532	364	3	0
621	364	3	0
622	364	1	0
642	364	5	0
648	364	5	0
690	364	3	0
758	364	4	0
773	364	4	0
790	364	2	0
886	364	3	0
5	369	1	0
26	369	2	0
42	369	4	0
49	369	1	0
59	369	2	0
92	369	3	0
94	369	1	0
99	369	4	0
101	369	2	0
125	369	3	0
174	369	1	0
181	369	3	0
198	369	1	0
223	369	1	0
244	369	4	0
246	369	3	0
262	369	2	0
268	369	1	0
291	369	3	0
303	369	1	0
320	369	4	0
332	369	4	0
346	369	3	0
347	369	4	0
348	369	3	0
374	369	1	0
393	369	3	0
416	369	2	0
434	369	4	0
435	369	1	0
453	369	2	0
456	369	3	0
477	369	4	0
478	369	3	0
493	369	2	0
501	369	4	0
517	369	5	0
532	369	3	0
582	369	1	0
595	369	3	0
640	369	3	0
642	369	2	0
665	369	4	0
697	369	5	0
714	369	3	0
727	369	2	0
825	369	3	0
847	369	1	0
880	369	1	0
882	369	3	0
887	369	5	0
897	369	4	0
903	369	4	0
916	369	2	0
921	369	1	0
5	374	3	0
130	374	4	0
268	374	2	0
279	374	1	0
393	374	3	0
405	374	1	0
472	374	2	0
807	374	3	0
823	374	1	0
911	374	1	0
927	374	4	0
5	384	3	0
7	384	3	0
13	384	2	0
22	384	3	0
38	384	5	0
64	384	2	0
87	384	4	0
102	384	2	0
110	384	2	0
125	384	3	0
174	384	1	0
195	384	2	0
221	384	3	0
246	384	2	0
254	384	1	0
267	384	3	0
268	384	3	0
271	384	3	0
276	384	3	0
279	384	4	0
280	384	4	0
291	384	4	0
299	384	3	0
301	384	5	0
303	384	3	0
318	384	3	0
330	384	2	0
363	384	1	0
385	384	1	0
389	384	2	0
393	384	3	0
399	384	2	0
405	384	3	0
417	384	4	0
435	384	3	0
450	384	3	0
452	384	2	0
453	384	2	0
472	384	3	0
476	384	4	0
497	384	2	0
504	384	2	0
514	384	3	0
523	384	3	0
542	384	3	0
545	384	3	0
551	384	1	0
566	384	3	0
588	384	1	0
621	384	3	0
642	384	5	0
648	384	4	0
682	384	2	0
690	384	3	0
727	384	2	0
758	384	5	0
773	384	2	0
790	384	2	0
798	384	2	0
807	384	4	0
833	384	3	0
870	384	3	0
880	384	3	0
883	384	3	0
886	384	3	0
896	384	2	0
922	384	4	0
933	384	1	0
934	384	4	0
5	388	2	0
109	388	5	0
125	388	2	0
174	388	1	0
222	388	2	0
268	388	1	0
276	388	2	0
279	388	3	0
280	388	2	0
303	388	2	0
336	388	1	0
399	388	2	0
405	388	4	0
407	388	2	0
416	388	2	0
417	388	3	0
450	388	3	0
457	388	2	0
497	388	4	0
545	388	3	0
566	388	3	0
653	388	2	0
712	388	3	0
758	388	3	0
846	388	3	0
886	388	1	0
933	388	1	0
934	388	3	0
5	391	4	0
7	391	3	0
13	391	3	0
56	391	3	0
83	391	2	0
94	391	3	0
95	391	2	0
102	391	2	0
109	391	2	0
200	391	4	0
217	391	4	0
221	391	3	0
222	391	3	0
267	391	3	0
268	391	3	0
276	391	2	0
279	391	5	0
291	391	1	0
303	391	1	0
313	391	3	0
326	391	4	0
346	391	2	0
363	391	2	0
379	391	4	0
393	391	3	0
394	391	4	0
405	391	1	0
417	391	2	0
472	391	2	0
495	391	3	0
497	391	3	0
506	391	2	0
543	391	3	0
545	391	2	0
600	391	3	0
619	391	3	0
621	391	3	0
622	391	2	0
640	391	3	0
642	391	4	0
648	391	3	0
650	391	2	0
655	391	2	0
660	391	2	0
749	391	3	0
758	391	3	0
774	391	1	0
788	391	2	0
790	391	2	0
796	391	4	0
798	391	3	0
815	391	2	0
826	391	4	0
846	391	3	0
864	391	4	0
901	391	5	0
922	391	3	0
933	391	1	0
943	391	2	0
5	395	2	0
11	395	2	0
38	395	3	0
56	395	3	0
95	395	3	0
109	395	3	0
125	395	3	0
174	395	1	0
222	395	1	0
268	395	2	0
276	395	2	0
279	395	4	0
291	395	3	0
295	395	4	0
301	395	1	0
303	395	2	0
307	395	3	0
314	395	2	0
336	395	2	0
346	395	1	0
379	395	2	0
389	395	2	0
393	395	3	0
399	395	3	0
405	395	3	0
407	395	1	0
416	395	2	0
417	395	4	0
450	395	3	0
456	395	2	0
457	395	2	0
465	395	1	0
472	395	3	0
495	395	1	0
497	395	4	0
541	395	2	0
545	395	4	0
566	395	1	0
588	395	4	0
621	395	4	0
622	395	2	0
642	395	5	0
652	395	3	0
653	395	1	0
682	395	3	0
684	395	2	0
712	395	4	0
727	395	3	0
795	395	2	0
798	395	3	0
870	395	3	0
881	395	3	0
901	395	3	0
921	395	3	0
922	395	4	0
927	395	3	0
5	396	5	0
7	396	4	0
13	396	3	0
21	396	2	0
49	396	4	0
87	396	1	0
92	396	3	0
102	396	2	0
118	396	5	0
174	396	1	0
184	396	3	0
201	396	3	0
216	396	3	0
222	396	1	0
269	396	4	0
276	396	4	0
279	396	3	0
286	396	4	0
291	396	4	0
299	396	4	0
303	396	4	0
308	396	4	0
318	396	1	0
327	396	3	0
334	396	4	0
339	396	4	0
368	396	2	0
378	396	4	0
389	396	3	0
393	396	1	0
405	396	1	0
406	396	3	0
416	396	2	0
417	396	2	0
422	396	4	0
450	396	2	0
500	396	3	0
504	396	2	0
542	396	4	0
617	396	1	0
622	396	1	0
655	396	2	0
690	396	2	0
766	396	2	0
796	396	2	0
802	396	2	0
804	396	3	0
805	396	4	0
833	396	3	0
846	396	5	0
870	396	3	0
880	396	2	0
883	396	2	0
886	396	2	0
5	397	2	0
110	397	3	0
268	397	2	0
276	397	1	0
279	397	4	0
303	397	1	0
326	397	3	0
405	397	4	0
543	397	3	0
586	397	3	0
727	397	2	0
826	397	3	0
5	401	5	0
7	401	4	0
11	401	3	0
13	401	1	0
38	401	3	0
49	401	2	0
62	401	3	0
87	401	2	0
92	401	3	0
94	401	4	0
110	401	3	0
125	401	4	0
152	401	3	0
174	401	1	0
184	401	3	0
200	401	2	0
222	401	2	0
234	401	2	0
244	401	3	0
246	401	1	0
264	401	5	0
269	401	3	0
276	401	3	0
279	401	5	0
286	401	1	0
291	401	4	0
293	401	1	0
295	401	3	0
301	401	4	0
303	401	3	0
307	401	1	0
314	401	3	0
318	401	3	0
336	401	1	0
373	401	4	0
378	401	4	0
379	401	3	0
389	401	3	0
399	401	3	0
405	401	1	0
416	401	2	0
435	401	3	0
437	401	5	0
442	401	2	0
450	401	3	0
453	401	3	0
457	401	3	0
472	401	4	0
476	401	3	0
504	401	2	0
542	401	3	0
563	401	4	0
621	401	1	0
642	401	4	0
682	401	1	0
684	401	3	0
711	401	3	0
712	401	3	0
727	401	2	0
741	401	3	0
749	401	1	0
774	401	2	0
790	401	4	0
796	401	3	0
804	401	2	0
805	401	4	0
823	401	4	0
833	401	2	0
846	401	5	0
864	401	4	0
870	401	3	0
880	401	3	0
881	401	1	0
892	401	3	0
927	401	2	0
943	401	1	0
5	406	1	0
13	406	1	0
21	406	1	0
38	406	2	0
49	406	2	0
54	406	2	0
83	406	2	0
92	406	2	0
99	406	3	0
117	406	3	0
145	406	3	0
164	406	2	0
181	406	1	0
186	406	1	0
201	406	1	0
246	406	3	0
255	406	1	0
256	406	3	0
262	406	3	0
276	406	2	0
294	406	2	0
314	406	3	0
332	406	3	0
348	406	4	0
367	406	4	0
374	406	3	0
396	406	2	0
434	406	3	0
435	406	3	0
501	406	3	0
601	406	2	0
619	406	2	0
620	406	4	0
648	406	3	0
721	406	1	0
749	406	4	0
774	406	1	0
793	406	2	0
804	406	3	0
805	406	1	0
825	406	2	0
849	406	4	0
851	406	2	0
862	406	4	0
897	406	3	0
919	406	3	0
922	406	4	0
938	406	3	0
943	406	3	0
5	407	3	0
22	407	3	0
83	407	1	0
104	407	2	0
119	407	3	0
125	407	2	0
130	407	2	0
141	407	2	0
145	407	2	0
157	407	4	0
164	407	2	0
174	407	1	0
181	407	2	0
193	407	4	0
195	407	2	0
221	407	2	0
222	407	2	0
249	407	3	0
268	407	1	0
276	407	2	0
279	407	4	0
283	407	3	0
301	407	2	0
336	407	1	0
357	407	3	0
389	407	1	0
399	407	3	0
497	407	2	0
500	407	3	0
523	407	4	0
532	407	2	0
577	407	4	0
642	407	5	0
648	407	4	0
653	407	1	0
795	407	3	0
806	407	3	0
825	407	3	0
852	407	3	0
862	407	3	0
880	407	1	0
882	407	2	0
883	407	3	0
5	413	3	0
13	413	1	0
21	413	2	0
26	413	2	0
38	413	1	0
42	413	1	0
49	413	1	0
75	413	2	0
82	413	1	0
83	413	1	0
99	413	3	0
109	413	3	0
118	413	4	0
130	413	3	0
145	413	3	0
181	413	2	0
195	413	3	0
201	413	3	0
222	413	3	0
246	413	4	0
255	413	2	0
256	413	4	0
276	413	3	0
279	413	4	0
286	413	3	0
291	413	4	0
294	413	3	0
303	413	2	0
320	413	3	0
366	413	4	0
367	413	4	0
368	413	1	0
399	413	2	0
417	413	3	0
435	413	2	0
495	413	5	0
497	413	3	0
545	413	4	0
546	413	4	0
548	413	3	0
604	413	3	0
617	413	1	0
648	413	2	0
699	413	3	0
709	413	2	0
727	413	2	0
774	413	1	0
802	413	4	0
804	413	4	0
805	413	2	0
814	413	2	0
825	413	3	0
830	413	1	0
843	413	2	0
862	413	4	0
5	441	1	0
7	441	2	0
13	441	1	0
21	441	3	0
28	441	2	0
56	441	4	0
109	441	2	0
201	441	1	0
222	441	2	0
246	441	3	0
254	441	3	0
255	441	2	0
269	441	1	0
270	441	5	0
271	441	3	0
313	441	3	0
326	441	2	0
367	441	3	0
368	441	3	0
372	441	4	0
378	441	3	0
387	441	1	0
405	441	1	0
417	441	3	0
422	441	4	0
429	441	3	0
435	441	3	0
436	441	3	0
442	441	3	0
495	441	3	0
497	441	2	0
504	441	4	0
536	441	2	0
604	441	2	0
606	441	4	0
617	441	3	0
642	441	1	0
648	441	3	0
653	441	3	0
709	441	4	0
727	441	2	0
758	441	3	0
776	441	2	0
778	441	3	0
802	441	3	0
814	441	2	0
833	441	1	0
843	441	2	0
846	441	4	0
881	441	2	0
892	441	3	0
932	441	2	0
933	441	2	0
5	444	2	0
7	444	5	0
13	444	4	0
21	444	3	0
28	444	3	0
38	444	1	0
102	444	1	0
130	444	4	0
246	444	4	0
255	444	3	0
269	444	3	0
279	444	3	0
311	444	2	0
326	444	4	0
363	444	4	0
385	444	1	0
387	444	4	0
399	444	1	0
405	444	3	0
406	444	3	0
417	444	4	0
435	444	3	0
495	444	3	0
545	444	3	0
604	444	2	0
617	444	4	0
620	444	3	0
642	444	1	0
648	444	3	0
650	444	2	0
653	444	1	0
660	444	2	0
727	444	2	0
749	444	2	0
774	444	1	0
776	444	2	0
788	444	3	0
798	444	2	0
802	444	4	0
804	444	4	0
814	444	2	0
815	444	2	0
833	444	3	0
843	444	2	0
847	444	3	0
890	444	4	0
5	446	4	0
7	446	2	0
13	446	1	0
222	446	3	0
372	446	4	0
387	446	2	0
405	446	1	0
617	446	2	0
843	446	3	0
5	450	1	0
7	450	4	0
13	450	3	0
28	450	1	0
38	450	1	0
44	450	2	0
56	450	3	0
70	450	1	0
92	450	2	0
95	450	2	0
102	450	1	0
127	450	5	0
130	450	2	0
145	450	3	0
158	450	3	0
183	450	3	0
194	450	1	0
215	450	2	0
222	450	3	0
267	450	2	0
268	450	1	0
275	450	3	0
276	450	1	0
279	450	4	0
290	450	2	0
295	450	4	0
303	450	3	0
307	450	2	0
332	450	5	0
334	450	1	0
337	450	2	0
374	450	4	0
378	450	3	0
394	450	3	0
399	450	2	0
405	450	1	0
417	450	2	0
437	450	3	0
442	450	3	0
457	450	4	0
483	450	4	0
497	450	2	0
532	450	2	0
533	450	5	0
536	450	2	0
545	450	2	0
584	450	2	0
600	450	4	0
603	450	3	0
622	450	1	0
638	450	1	0
650	450	1	0
664	450	3	0
702	450	1	0
757	450	2	0
774	450	2	0
796	450	3	0
807	450	4	0
823	450	1	0
843	450	2	0
896	450	1	0
922	450	4	0
943	450	1	0
5	452	1	0
7	452	5	0
13	452	3	0
21	452	4	0
38	452	5	0
83	452	3	0
92	452	2	0
109	452	2	0
130	452	4	0
135	452	2	0
145	452	3	0
201	452	1	0
222	452	1	0
255	452	3	0
256	452	4	0
268	452	1	0
270	452	4	0
276	452	3	0
280	452	2	0
303	452	2	0
308	452	2	0
313	452	3	0
320	452	3	0
326	452	3	0
332	452	4	0
367	452	4	0
371	452	2	0
372	452	4	0
379	452	3	0
399	452	3	0
405	452	5	0
406	452	2	0
416	452	3	0
417	452	2	0
422	452	3	0
425	452	2	0
442	452	3	0
453	452	2	0
456	452	2	0
457	452	3	0
495	452	2	0
497	452	2	0
503	452	1	0
504	452	2	0
532	452	5	0
541	452	3	0
577	452	3	0
586	452	3	0
617	452	1	0
620	452	3	0
642	452	1	0
648	452	3	0
650	452	2	0
671	452	4	0
709	452	3	0
758	452	3	0
774	452	1	0
802	452	4	0
805	452	3	0
833	452	1	0
843	452	2	0
846	452	3	0
868	452	2	0
890	452	2	0
896	452	3	0
933	452	1	0
6	539	2	0
13	539	1	0
29	539	2	0
30	539	3	0
43	539	3	0
64	539	1	0
74	539	3	0
82	539	3	0
95	539	4	0
116	539	2	0
133	539	1	0
134	539	4	0
190	539	2	0
199	539	1	0
271	539	1	0
284	539	2	0
294	539	4	0
311	539	4	0
393	539	3	0
408	539	1	0
462	539	3	0
463	539	1	0
475	539	3	0
489	539	4	0
499	539	1	0
502	539	3	0
506	539	4	0
537	539	1	0
548	539	2	0
561	539	1	0
587	539	3	0
621	539	1	0
674	539	1	0
676	539	4	0
677	539	3	0
681	539	4	0
713	539	3	0
727	539	2	0
752	539	4	0
782	539	3	0
822	539	2	0
898	539	3	0
919	539	3	0
942	539	3	0
7	540	3	0
13	540	3	0
37	540	2	0
92	540	2	0
110	540	3	0
178	540	3	0
186	540	4	0
194	540	1	0
207	540	3	0
217	540	1	0
222	540	3	0
268	540	1	0
276	540	1	0
280	540	3	0
291	540	3	0
303	540	1	0
314	540	3	0
318	540	4	0
328	540	3	0
374	540	3	0
393	540	3	0
394	540	4	0
399	540	2	0
405	540	1	0
425	540	2	0
429	540	3	0
457	540	3	0
472	540	3	0
487	540	2	0
497	540	2	0
600	540	3	0
621	540	3	0
640	540	3	0
682	540	2	0
709	540	3	0
749	540	3	0
758	540	3	0
788	540	3	0
796	540	2	0
826	540	3	0
833	540	1	0
846	540	2	0
889	540	2	0
7	542	4	0
43	542	3	0
44	542	3	0
49	542	2	0
70	542	2	0
95	542	2	0
109	542	3	0
130	542	3	0
194	542	3	0
200	542	3	0
222	542	2	0
254	542	3	0
275	542	3	0
280	542	3	0
303	542	2	0
313	542	3	0
314	542	4	0
325	542	2	0
378	542	4	0
399	542	3	0
405	542	1	0
416	542	1	0
435	542	1	0
506	542	3	0
536	542	1	0
541	542	1	0
545	542	2	0
554	542	3	0
561	542	1	0
588	542	3	0
621	542	2	0
622	542	2	0
642	542	5	0
660	542	2	0
682	542	2	0
686	542	1	0
711	542	1	0
712	542	4	0
727	542	2	0
758	542	2	0
771	542	4	0
796	542	3	0
807	542	5	0
815	542	4	0
843	542	2	0
846	542	3	0
864	542	4	0
881	542	1	0
892	542	1	0
896	542	3	0
927	542	2	0
7	551	1	0
13	551	1	0
21	551	3	0
92	551	2	0
118	551	5	0
201	551	1	0
255	551	1	0
270	551	4	0
276	551	3	0
291	551	2	0
303	551	2	0
367	551	3	0
368	551	4	0
387	551	2	0
399	551	1	0
405	551	1	0
417	551	3	0
422	551	2	0
545	551	4	0
586	551	2	0
650	551	3	0
682	551	2	0
776	551	3	0
843	551	3	0
7	556	3	0
94	556	3	0
201	556	4	0
224	556	1	0
279	556	3	0
328	556	3	0
405	556	1	0
682	556	2	0
727	556	2	0
788	556	2	0
868	556	3	0
880	556	3	0
7	563	2	0
13	563	1	0
21	563	2	0
145	563	3	0
201	563	1	0
270	563	3	0
276	563	3	0
291	563	3	0
326	563	3	0
367	563	4	0
379	563	2	0
387	563	2	0
405	563	1	0
406	563	1	0
417	563	2	0
422	563	3	0
504	563	3	0
545	563	3	0
617	563	1	0
620	563	5	0
648	563	5	0
650	563	3	0
653	563	1	0
774	563	1	0
798	563	2	0
802	563	3	0
843	563	2	0
864	563	3	0
925	563	2	0
7	565	4	0
13	565	1	0
21	565	3	0
102	565	2	0
130	565	3	0
255	565	1	0
291	565	2	0
313	565	1	0
326	565	3	0
367	565	2	0
405	565	2	0
406	565	3	0
407	565	3	0
617	565	4	0
620	565	4	0
642	565	4	0
648	565	3	0
650	565	3	0
796	565	3	0
802	565	3	0
814	565	3	0
846	565	2	0
7	569	4	0
13	569	2	0
21	569	3	0
49	569	3	0
59	569	4	0
62	569	1	0
64	569	3	0
94	569	1	0
110	569	4	0
130	569	3	0
145	569	4	0
216	569	3	0
222	569	2	0
224	569	3	0
255	569	1	0
268	569	3	0
270	569	4	0
276	569	4	0
286	569	4	0
291	569	3	0
303	569	3	0
308	569	3	0
328	569	4	0
334	569	2	0
343	569	3	0
346	569	3	0
363	569	2	0
368	569	3	0
378	569	3	0
387	569	2	0
388	569	5	0
393	569	4	0
405	569	1	0
406	569	3	0
407	569	3	0
429	569	2	0
435	569	3	0
442	569	2	0
457	569	3	0
472	569	4	0
497	569	2	0
500	569	4	0
537	569	2	0
545	569	3	0
546	569	4	0
586	569	3	0
617	569	1	0
642	569	2	0
648	569	3	0
659	569	2	0
660	569	2	0
709	569	3	0
727	569	2	0
757	569	3	0
758	569	3	0
774	569	2	0
776	569	3	0
802	569	3	0
805	569	1	0
843	569	1	0
846	569	3	0
864	569	3	0
870	569	2	0
896	569	2	0
916	569	2	0
933	569	1	0
943	569	2	0
7	571	3	0
125	571	3	0
174	571	1	0
222	571	2	0
234	571	2	0
276	571	2	0
279	571	4	0
280	571	3	0
291	571	2	0
293	571	2	0
336	571	1	0
346	571	3	0
363	571	1	0
373	571	1	0
393	571	3	0
405	571	5	0
416	571	3	0
435	571	2	0
450	571	2	0
642	571	3	0
643	571	3	0
650	571	3	0
653	571	1	0
749	571	3	0
758	571	4	0
798	571	3	0
880	571	2	0
927	571	3	0
7	575	3	0
56	575	3	0
83	575	4	0
87	575	3	0
92	575	2	0
110	575	3	0
174	575	1	0
194	575	1	0
222	575	3	0
254	575	3	0
267	575	3	0
276	575	2	0
280	575	2	0
291	575	2	0
303	575	4	0
318	575	2	0
330	575	4	0
336	575	3	0
363	575	1	0
378	575	3	0
379	575	2	0
393	575	2	0
399	575	1	0
405	575	5	0
406	575	1	0
453	575	2	0
461	575	2	0
495	575	3	0
497	575	3	0
504	575	3	0
523	575	4	0
545	575	3	0
566	575	1	0
642	575	3	0
648	575	3	0
653	575	1	0
712	575	3	0
846	575	2	0
871	575	5	0
880	575	3	0
881	575	2	0
889	575	3	0
896	575	2	0
933	575	1	0
7	579	4	0
267	579	3	0
268	579	1	0
308	579	3	0
328	579	3	0
336	579	3	0
389	579	1	0
405	579	1	0
417	579	2	0
476	579	2	0
504	579	4	0
577	579	4	0
642	579	4	0
650	579	3	0
788	579	3	0
868	579	1	0
870	579	2	0
880	579	3	0
922	579	3	0
7	585	4	0
13	585	4	0
56	585	3	0
87	585	4	0
94	585	3	0
110	585	2	0
125	585	4	0
222	585	3	0
246	585	1	0
280	585	3	0
314	585	2	0
336	585	3	0
393	585	2	0
405	585	1	0
416	585	1	0
435	585	3	0
436	585	3	0
476	585	1	0
504	585	2	0
541	585	2	0
542	585	2	0
606	585	4	0
621	585	4	0
642	585	5	0
648	585	3	0
650	585	1	0
653	585	2	0
682	585	4	0
684	585	2	0
690	585	2	0
712	585	4	0
727	585	2	0
774	585	1	0
790	585	2	0
798	585	3	0
846	585	2	0
880	585	1	0
933	585	1	0
943	585	1	0
7	586	3	0
13	586	3	0
94	586	1	0
95	586	2	0
110	586	3	0
197	586	3	0
200	586	4	0
217	586	2	0
276	586	3	0
279	586	4	0
280	586	4	0
303	586	2	0
313	586	2	0
320	586	3	0
328	586	1	0
393	586	3	0
405	586	4	0
453	586	2	0
487	586	2	0
506	586	2	0
532	586	4	0
543	586	3	0
586	586	2	0
600	586	2	0
622	586	3	0
627	586	3	0
648	586	3	0
682	586	1	0
749	586	4	0
788	586	2	0
796	586	3	0
798	586	2	0
826	586	4	0
846	586	2	0
7	594	3	0
49	594	3	0
279	594	1	0
498	594	2	0
655	594	3	0
7	598	3	0
87	598	2	0
181	598	1	0
373	598	3	0
7	666	4	0
279	666	2	0
358	666	3	0
405	666	1	0
615	666	2	0
7	672	1	0
13	672	1	0
21	672	3	0
28	672	3	0
38	672	3	0
59	672	5	0
92	672	3	0
102	672	1	0
109	672	2	0
118	672	4	0
130	672	5	0
145	672	3	0
201	672	2	0
222	672	1	0
246	672	4	0
255	672	2	0
264	672	3	0
268	672	2	0
270	672	5	0
276	672	3	0
291	672	3	0
314	672	5	0
327	672	2	0
366	672	5	0
367	672	4	0
368	672	2	0
372	672	5	0
387	672	2	0
388	672	4	0
393	672	3	0
394	672	3	0
405	672	1	0
406	672	2	0
421	672	3	0
422	672	3	0
425	672	2	0
429	672	2	0
435	672	1	0
437	672	1	0
442	672	3	0
456	672	1	0
472	672	4	0
487	672	4	0
546	672	3	0
551	672	1	0
586	672	2	0
604	672	1	0
617	672	3	0
655	672	2	0
682	672	2	0
691	672	1	0
709	672	2	0
747	672	4	0
766	672	3	0
774	672	1	0
776	672	3	0
796	672	3	0
802	672	3	0
814	672	3	0
843	672	3	0
846	672	4	0
864	672	2	0
896	672	2	0
925	672	3	0
943	672	5	0
7	680	4	0
21	680	1	0
35	680	4	0
48	680	3	0
137	680	5	0
145	680	3	0
181	680	1	0
230	680	4	0
302	680	2	0
388	680	5	0
397	680	1	0
409	680	1	0
416	680	3	0
427	680	5	0
451	680	1	0
479	680	3	0
489	680	5	0
502	680	3	0
509	680	1	0
514	680	1	0
519	680	5	0
545	680	2	0
587	680	1	0
592	680	1	0
611	680	4	0
626	680	1	0
660	680	2	0
721	680	3	0
724	680	1	0
727	680	3	0
782	680	1	0
813	680	2	0
851	680	3	0
939	680	2	0
7	681	1	0
38	681	5	0
126	681	5	0
130	681	3	0
181	681	1	0
304	681	2	0
355	681	4	0
393	681	3	0
424	681	3	0
427	681	5	0
451	681	1	0
489	681	3	0
502	681	1	0
510	681	1	0
537	681	1	0
587	681	2	0
592	681	1	0
626	681	1	0
721	681	3	0
782	681	3	0
787	681	3	0
801	681	1	0
802	681	4	0
832	681	2	0
851	681	1	0
852	681	4	0
919	681	2	0
7	683	4	0
13	683	1	0
22	683	1	0
26	683	3	0
30	683	3	0
47	683	3	0
73	683	2	0
86	683	5	0
91	683	3	0
95	683	4	0
145	683	3	0
169	683	3	0
181	683	1	0
206	683	1	0
264	683	2	0
286	683	5	0
290	683	2	0
313	683	3	0
317	683	2	0
362	683	1	0
393	683	4	0
404	683	4	0
408	683	3	0
424	683	3	0
437	683	2	0
441	683	2	0
451	683	1	0
489	683	2	0
502	683	3	0
548	683	4	0
592	683	1	0
615	683	1	0
620	683	3	0
646	683	3	0
651	683	3	0
682	683	2	0
683	683	3	0
697	683	1	0
699	683	3	0
702	683	1	0
724	683	1	0
729	683	2	0
750	683	1	0
752	683	4	0
782	683	1	0
803	683	1	0
863	683	1	0
898	683	3	0
940	683	3	0
10	700	4	0
94	700	2	0
222	700	3	0
303	700	3	0
311	700	3	0
389	700	2	0
398	700	2	0
405	700	1	0
429	700	3	0
450	700	1	0
524	700	5	0
543	700	2	0
655	700	3	0
846	700	2	0
889	700	3	0
11	717	2	0
21	717	1	0
38	717	1	0
44	717	3	0
49	717	2	0
57	717	4	0
59	717	2	0
81	717	2	0
82	717	1	0
83	717	4	0
92	717	3	0
101	717	3	0
119	717	3	0
121	717	5	0
130	717	3	0
141	717	4	0
145	717	3	0
164	717	3	0
181	717	1	0
186	717	3	0
188	717	4	0
190	717	3	0
200	717	4	0
222	717	1	0
223	717	1	0
236	717	3	0
245	717	4	0
268	717	1	0
269	717	1	0
291	717	3	0
314	717	3	0
332	717	3	0
374	717	3	0
382	717	3	0
393	717	3	0
396	717	3	0
416	717	2	0
422	717	3	0
435	717	3	0
450	717	4	0
453	717	2	0
457	717	3	0
458	717	1	0
486	717	2	0
504	717	4	0
518	717	5	0
534	717	5	0
546	717	5	0
548	717	4	0
551	717	3	0
552	717	3	0
554	717	3	0
595	717	2	0
606	717	3	0
614	717	4	0
630	717	3	0
634	717	4	0
637	717	3	0
648	717	4	0
655	717	1	0
664	717	1	0
682	717	3	0
689	717	3	0
699	717	1	0
718	717	4	0
764	717	3	0
796	717	3	0
825	717	4	0
837	717	1	0
851	717	3	0
864	717	3	0
872	717	4	0
891	717	4	0
897	717	1	0
899	717	1	0
905	717	1	0
919	717	3	0
935	717	4	0
936	717	2	0
938	717	2	0
939	717	4	0
943	717	4	0
11	719	3	0
160	719	3	0
167	719	1	0
222	719	1	0
246	719	4	0
268	719	1	0
276	719	3	0
279	719	4	0
301	719	4	0
339	719	3	0
363	719	3	0
385	719	2	0
405	719	1	0
497	719	3	0
504	719	3	0
551	719	1	0
561	719	1	0
622	719	2	0
650	719	3	0
653	719	3	0
682	719	2	0
707	719	3	0
795	719	2	0
798	719	1	0
804	719	3	0
805	719	4	0
846	719	2	0
880	719	3	0
896	719	1	0
11	726	3	0
81	726	4	0
167	726	1	0
311	726	3	0
328	726	4	0
405	726	1	0
429	726	2	0
642	726	2	0
648	726	3	0
655	726	2	0
747	726	2	0
788	726	4	0
868	726	2	0
886	726	1	0
11	734	3	0
102	734	2	0
110	734	2	0
125	734	3	0
222	734	2	0
276	734	1	0
286	734	2	0
303	734	1	0
336	734	1	0
373	734	3	0
378	734	3	0
405	734	2	0
416	734	3	0
450	734	2	0
476	734	4	0
532	734	3	0
542	734	3	0
642	734	3	0
655	734	3	0
684	734	3	0
712	734	4	0
751	734	1	0
798	734	3	0
864	734	3	0
880	734	3	0
889	734	3	0
933	734	2	0
13	760	1	0
21	760	1	0
26	760	1	0
28	760	3	0
57	760	2	0
59	760	2	0
102	760	1	0
116	760	3	0
144	760	2	0
145	760	2	0
181	760	1	0
200	760	4	0
255	760	1	0
279	760	3	0
291	760	2	0
320	760	3	0
357	760	3	0
363	760	1	0
367	760	4	0
399	760	1	0
403	760	1	0
422	760	3	0
435	760	1	0
447	760	4	0
472	760	5	0
534	760	2	0
546	760	5	0
548	760	3	0
551	760	3	0
552	760	3	0
582	760	3	0
606	760	3	0
620	760	3	0
634	760	3	0
636	760	5	0
666	760	3	0
699	760	3	0
727	760	1	0
776	760	3	0
802	760	3	0
851	760	4	0
887	760	5	0
892	760	3	0
896	760	2	0
897	760	5	0
921	760	2	0
13	769	3	0
21	769	1	0
56	769	4	0
76	769	1	0
130	769	3	0
145	769	2	0
188	769	2	0
222	769	2	0
256	769	5	0
276	769	1	0
280	769	3	0
291	769	1	0
320	769	3	0
332	769	3	0
367	769	3	0
387	769	1	0
388	769	3	0
393	769	4	0
399	769	3	0
405	769	1	0
406	769	1	0
417	769	1	0
442	769	1	0
457	769	2	0
497	769	3	0
532	769	2	0
541	769	1	0
546	769	4	0
620	769	4	0
621	769	3	0
622	769	1	0
642	769	5	0
648	769	1	0
682	769	2	0
709	769	3	0
773	769	1	0
776	769	3	0
796	769	4	0
798	769	2	0
802	769	5	0
805	769	2	0
880	769	3	0
13	771	3	0
92	771	1	0
102	771	2	0
130	771	2	0
145	771	2	0
195	771	2	0
200	771	4	0
256	771	2	0
267	771	3	0
269	771	1	0
276	771	2	0
280	771	3	0
286	771	2	0
301	771	2	0
320	771	3	0
325	771	1	0
381	771	2	0
393	771	3	0
394	771	4	0
405	771	1	0
417	771	3	0
450	771	3	0
472	771	4	0
496	771	2	0
497	771	4	0
532	771	3	0
600	771	3	0
642	771	3	0
653	771	2	0
660	771	2	0
727	771	3	0
757	771	2	0
790	771	4	0
795	771	3	0
804	771	3	0
805	771	5	0
826	771	3	0
880	771	3	0
889	771	2	0
893	771	3	0
934	771	3	0
13	779	3	0
95	779	3	0
110	779	3	0
130	779	4	0
195	779	2	0
197	779	2	0
217	779	1	0
256	779	4	0
276	779	2	0
279	779	3	0
293	779	1	0
303	779	1	0
374	779	3	0
393	779	3	0
399	779	4	0
405	779	1	0
417	779	2	0
487	779	2	0
506	779	2	0
551	779	4	0
586	779	3	0
600	779	2	0
621	779	3	0
642	779	3	0
653	779	1	0
671	779	3	0
682	779	3	0
727	779	2	0
796	779	3	0
826	779	3	0
880	779	3	0
13	782	3	0
85	782	2	0
151	782	4	0
234	782	3	0
405	782	1	0
537	782	3	0
592	782	2	0
655	782	3	0
707	782	3	0
889	782	2	0
13	783	3	0
83	783	4	0
87	783	4	0
92	783	3	0
94	783	2	0
110	783	3	0
152	783	4	0
178	783	4	0
194	783	2	0
222	783	2	0
256	783	4	0
269	783	1	0
276	783	1	0
291	783	2	0
303	783	2	0
311	783	3	0
314	783	3	0
393	783	3	0
405	783	2	0
416	783	3	0
417	783	3	0
450	783	3	0
457	783	3	0
487	783	4	0
497	783	3	0
588	783	4	0
621	783	3	0
642	783	4	0
682	783	2	0
712	783	3	0
727	783	3	0
741	783	3	0
747	783	1	0
796	783	4	0
868	783	1	0
880	783	1	0
886	783	1	0
13	786	3	0
94	786	3	0
262	786	3	0
276	786	3	0
343	786	4	0
405	786	1	0
429	786	2	0
435	786	4	0
639	786	3	0
655	786	2	0
660	786	1	0
790	786	3	0
846	786	4	0
934	786	1	0
13	791	5	0
22	791	1	0
87	791	2	0
95	791	3	0
110	791	2	0
314	791	4	0
405	791	1	0
416	791	2	0
504	791	3	0
880	791	2	0
13	795	2	0
83	795	3	0
314	795	4	0
318	795	2	0
394	795	2	0
405	795	2	0
416	795	2	0
450	795	3	0
497	795	1	0
532	795	2	0
577	795	3	0
620	795	4	0
621	795	1	0
622	795	2	0
642	795	4	0
774	795	1	0
796	795	3	0
798	795	3	0
880	795	2	0
881	795	2	0
901	795	3	0
13	802	2	0
87	802	4	0
92	802	2	0
110	802	3	0
130	802	5	0
135	802	2	0
197	802	4	0
200	802	4	0
246	802	1	0
256	802	3	0
268	802	3	0
276	802	3	0
279	802	4	0
301	802	2	0
308	802	3	0
346	802	4	0
363	802	2	0
393	802	3	0
394	802	1	0
405	802	1	0
487	802	4	0
497	802	2	0
506	802	4	0
551	802	4	0
561	802	1	0
600	802	2	0
627	802	2	0
640	802	3	0
653	802	2	0
671	802	3	0
682	802	2	0
727	802	2	0
749	802	3	0
758	802	3	0
826	802	4	0
833	802	1	0
846	802	2	0
870	802	3	0
880	802	3	0
896	802	2	0
13	803	3	0
158	803	3	0
201	803	2	0
276	803	2	0
378	803	3	0
416	803	3	0
487	803	2	0
655	803	3	0
886	803	2	0
13	816	1	0
21	816	1	0
118	816	3	0
130	816	5	0
145	816	5	0
222	816	1	0
246	816	4	0
276	816	2	0
291	816	3	0
363	816	1	0
388	816	4	0
405	816	1	0
429	816	2	0
546	816	3	0
606	816	2	0
617	816	1	0
648	816	1	0
709	816	2	0
776	816	2	0
925	816	3	0
943	816	4	0
13	819	1	0
101	819	1	0
130	819	3	0
168	819	4	0
178	819	2	0
181	819	3	0
222	819	2	0
223	819	3	0
256	819	4	0
286	819	3	0
314	819	4	0
347	819	1	0
348	819	4	0
357	819	4	0
374	819	3	0
393	819	3	0
416	819	3	0
434	819	3	0
457	819	2	0
463	819	1	0
554	819	3	0
577	819	3	0
630	819	3	0
634	819	2	0
653	819	3	0
703	819	2	0
708	819	3	0
726	819	3	0
754	819	3	0
760	819	1	0
763	819	2	0
764	819	3	0
798	819	3	0
833	819	1	0
886	819	4	0
889	819	2	0
893	819	3	0
907	819	4	0
919	819	3	0
927	819	3	0
13	820	4	0
14	820	3	0
20	820	2	0
21	820	3	0
43	820	2	0
45	820	4	0
49	820	1	0
54	820	3	0
56	820	3	0
57	820	3	0
70	820	1	0
75	820	3	0
82	820	3	0
83	820	2	0
92	820	1	0
93	820	3	0
94	820	1	0
101	820	3	0
109	820	3	0
130	820	5	0
145	820	2	0
181	820	1	0
186	820	2	0
189	820	1	0
194	820	1	0
198	820	1	0
200	820	3	0
223	820	4	0
276	820	3	0
279	820	4	0
283	820	4	0
291	820	4	0
293	820	2	0
298	820	4	0
299	820	3	0
301	820	3	0
303	820	3	0
313	820	2	0
314	820	5	0
332	820	4	0
347	820	2	0
357	820	4	0
374	820	4	0
389	820	3	0
393	820	3	0
399	820	4	0
429	820	3	0
435	820	1	0
487	820	3	0
518	820	2	0
533	820	2	0
534	820	3	0
540	820	3	0
545	820	3	0
554	820	2	0
586	820	4	0
592	820	3	0
595	820	2	0
601	820	1	0
620	820	4	0
630	820	4	0
643	820	3	0
648	820	2	0
682	820	3	0
697	820	3	0
699	820	2	0
705	820	3	0
718	820	2	0
727	820	2	0
733	820	2	0
758	820	4	0
764	820	3	0
795	820	3	0
804	820	4	0
807	820	3	0
826	820	3	0
830	820	1	0
847	820	1	0
851	820	3	0
852	820	4	0
862	820	4	0
872	820	3	0
880	820	3	0
881	820	2	0
882	820	3	0
889	820	2	0
892	820	3	0
893	820	3	0
896	820	2	0
903	820	4	0
916	820	2	0
921	820	3	0
927	820	4	0
13	824	3	0
75	824	1	0
81	824	3	0
87	824	3	0
94	824	4	0
130	824	3	0
181	824	1	0
198	824	2	0
216	824	3	0
221	824	3	0
267	824	4	0
268	824	2	0
279	824	4	0
286	824	1	0
291	824	4	0
293	824	3	0
301	824	3	0
303	824	3	0
308	824	3	0
332	824	3	0
336	824	3	0
374	824	4	0
389	824	3	0
393	824	3	0
399	824	2	0
416	824	2	0
435	824	1	0
456	824	3	0
470	824	4	0
532	824	4	0
533	824	1	0
534	824	4	0
551	824	1	0
595	824	3	0
597	824	3	0
624	824	2	0
643	824	3	0
682	824	1	0
769	824	2	0
793	824	3	0
804	824	3	0
833	824	1	0
851	824	4	0
880	824	4	0
886	824	4	0
896	824	1	0
903	824	3	0
916	824	3	0
943	824	4	0
13	826	5	0
42	826	3	0
45	826	3	0
57	826	2	0
82	826	3	0
92	826	2	0
101	826	3	0
109	826	3	0
119	826	4	0
141	826	2	0
145	826	2	0
151	826	1	0
162	826	3	0
164	826	4	0
181	826	1	0
190	826	3	0
193	826	2	0
200	826	4	0
207	826	2	0
222	826	2	0
223	826	1	0
249	826	1	0
255	826	1	0
267	826	3	0
268	826	1	0
275	826	2	0
279	826	4	0
290	826	2	0
294	826	1	0
308	826	3	0
357	826	3	0
393	826	3	0
399	826	2	0
406	826	3	0
429	826	3	0
435	826	2	0
453	826	1	0
468	826	3	0
472	826	3	0
497	826	3	0
507	826	5	0
521	826	2	0
541	826	3	0
552	826	2	0
569	826	3	0
577	826	4	0
582	826	3	0
595	826	1	0
642	826	5	0
648	826	3	0
660	826	3	0
705	826	4	0
715	826	2	0
716	826	2	0
717	826	2	0
727	826	2	0
749	826	3	0
758	826	3	0
768	826	1	0
774	826	2	0
790	826	1	0
795	826	3	0
796	826	2	0
798	826	5	0
804	826	3	0
807	826	3	0
833	826	2	0
847	826	3	0
851	826	4	0
852	826	3	0
854	826	2	0
872	826	3	0
880	826	3	0
881	826	1	0
886	826	1	0
887	826	1	0
892	826	2	0
897	826	4	0
901	826	2	0
927	826	4	0
13	827	3	0
37	827	3	0
54	827	3	0
62	827	2	0
67	827	3	0
99	827	3	0
102	827	2	0
104	827	2	0
119	827	3	0
120	827	2	0
130	827	4	0
145	827	2	0
181	827	2	0
193	827	2	0
207	827	3	0
217	827	2	0
246	827	1	0
255	827	2	0
256	827	3	0
279	827	1	0
294	827	1	0
314	827	4	0
320	827	4	0
324	827	4	0
332	827	4	0
347	827	1	0
348	827	4	0
416	827	4	0
417	827	2	0
425	827	1	0
432	827	3	0
459	827	3	0
500	827	2	0
507	827	5	0
521	827	1	0
551	827	5	0
564	827	3	0
605	827	3	0
606	827	3	0
619	827	3	0
640	827	3	0
642	827	1	0
648	827	3	0
663	827	2	0
674	827	4	0
705	827	4	0
727	827	3	0
757	827	3	0
758	827	3	0
798	827	4	0
805	827	4	0
825	827	4	0
852	827	2	0
894	827	3	0
899	827	2	0
923	827	3	0
936	827	2	0
13	829	3	0
54	829	2	0
94	829	2	0
99	829	4	0
101	829	3	0
117	829	3	0
119	829	5	0
159	829	4	0
181	829	1	0
186	829	4	0
222	829	3	0
255	829	1	0
256	829	4	0
291	829	2	0
294	829	3	0
303	829	2	0
347	829	4	0
374	829	2	0
396	829	3	0
445	829	1	0
484	829	2	0
501	829	3	0
518	829	3	0
521	829	2	0
525	829	2	0
532	829	3	0
552	829	3	0
577	829	3	0
580	829	2	0
637	829	2	0
711	829	2	0
854	829	2	0
923	829	4	0
938	829	1	0
13	831	3	0
26	831	2	0
37	831	2	0
57	831	1	0
75	831	3	0
92	831	2	0
101	831	3	0
102	831	2	0
109	831	2	0
119	831	2	0
141	831	2	0
144	831	3	0
145	831	1	0
159	831	2	0
167	831	3	0
181	831	1	0
195	831	2	0
200	831	4	0
213	831	4	0
246	831	1	0
255	831	4	0
256	831	4	0
268	831	3	0
269	831	2	0
276	831	3	0
279	831	5	0
293	831	3	0
294	831	3	0
301	831	4	0
303	831	4	0
307	831	1	0
313	831	3	0
332	831	3	0
337	831	1	0
346	831	3	0
347	831	1	0
348	831	4	0
357	831	3	0
359	831	3	0
363	831	1	0
393	831	1	0
406	831	2	0
417	831	2	0
425	831	3	0
435	831	2	0
445	831	1	0
457	831	2	0
472	831	5	0
479	831	2	0
486	831	3	0
495	831	1	0
500	831	3	0
524	831	3	0
532	831	2	0
543	831	2	0
564	831	3	0
582	831	2	0
605	831	1	0
624	831	3	0
637	831	1	0
647	831	3	0
648	831	1	0
655	831	2	0
666	831	2	0
699	831	2	0
717	831	3	0
718	831	3	0
727	831	3	0
758	831	4	0
769	831	1	0
774	831	2	0
792	831	2	0
795	831	2	0
796	831	2	0
804	831	3	0
805	831	4	0
807	831	4	0
817	831	1	0
825	831	3	0
833	831	1	0
843	831	4	0
851	831	5	0
862	831	3	0
865	831	1	0
880	831	4	0
881	831	2	0
889	831	2	0
910	831	1	0
916	831	1	0
923	831	4	0
943	831	2	0
13	832	4	0
83	832	3	0
159	832	3	0
160	832	1	0
181	832	1	0
207	832	3	0
210	832	3	0
234	832	2	0
279	832	3	0
290	832	3	0
310	832	1	0
374	832	1	0
450	832	2	0
459	832	3	0
588	832	1	0
630	832	2	0
642	832	3	0
726	832	5	0
798	832	4	0
825	832	3	0
887	832	2	0
919	832	3	0
13	839	1	0
21	839	1	0
798	839	4	0
887	839	4	0
13	840	3	0
22	840	4	0
26	840	2	0
101	840	3	0
102	840	2	0
104	840	1	0
116	840	1	0
181	840	1	0
200	840	4	0
217	840	1	0
222	840	3	0
246	840	4	0
255	840	1	0
267	840	4	0
268	840	2	0
276	840	3	0
294	840	3	0
303	840	2	0
313	840	2	0
332	840	4	0
334	840	4	0
386	840	5	0
393	840	4	0
396	840	3	0
416	840	4	0
424	840	4	0
436	840	3	0
445	840	1	0
479	840	1	0
497	840	3	0
501	840	4	0
503	840	1	0
532	840	4	0
601	840	2	0
634	840	2	0
648	840	1	0
653	840	4	0
727	840	2	0
761	840	4	0
773	840	1	0
774	840	2	0
792	840	2	0
817	840	2	0
825	840	4	0
833	840	2	0
851	840	3	0
852	840	3	0
854	840	2	0
896	840	2	0
897	840	3	0
933	840	3	0
938	840	2	0
943	840	4	0
13	841	1	0
26	841	2	0
37	841	3	0
63	841	1	0
92	841	3	0
101	841	2	0
102	841	2	0
181	841	1	0
195	841	2	0
200	841	3	0
207	841	3	0
213	841	4	0
246	841	1	0
255	841	1	0
256	841	2	0
279	841	4	0
332	841	4	0
347	841	3	0
357	841	3	0
393	841	3	0
396	841	4	0
425	841	1	0
435	841	2	0
457	841	4	0
487	841	2	0
507	841	5	0
513	841	4	0
582	841	2	0
586	841	3	0
606	841	3	0
614	841	2	0
671	841	2	0
709	841	4	0
718	841	4	0
727	841	3	0
749	841	3	0
758	841	3	0
760	841	3	0
804	841	4	0
825	841	4	0
851	841	3	0
852	841	4	0
870	841	2	0
880	841	3	0
882	841	1	0
932	841	2	0
938	841	3	0
939	841	4	0
13	849	1	0
56	849	2	0
87	849	5	0
109	849	2	0
110	849	3	0
178	849	3	0
197	849	3	0
207	849	3	0
222	849	4	0
246	849	1	0
256	849	2	0
289	849	4	0
293	849	2	0
301	849	4	0
303	849	3	0
311	849	3	0
313	849	3	0
320	849	4	0
326	849	1	0
327	849	2	0
328	849	3	0
363	849	2	0
373	849	3	0
405	849	1	0
416	849	3	0
417	849	1	0
484	849	3	0
497	849	2	0
551	849	5	0
561	849	2	0
586	849	3	0
619	849	2	0
627	849	4	0
650	849	2	0
671	849	3	0
682	849	2	0
705	849	3	0
709	849	4	0
727	849	2	0
751	849	2	0
774	849	1	0
786	849	2	0
790	849	4	0
796	849	4	0
826	849	4	0
846	849	3	0
880	849	3	0
881	849	2	0
892	849	2	0
893	849	3	0
896	849	2	0
897	849	4	0
924	849	3	0
13	859	1	0
21	859	2	0
28	859	3	0
145	859	3	0
255	859	3	0
336	859	2	0
363	859	4	0
405	859	1	0
407	859	3	0
422	859	3	0
442	859	3	0
617	859	3	0
620	859	4	0
709	859	3	0
796	859	2	0
13	861	3	0
405	861	1	0
833	861	3	0
13	871	2	0
22	871	3	0
26	871	2	0
44	871	3	0
54	871	5	0
56	871	2	0
57	871	3	0
59	871	2	0
67	871	3	0
78	871	3	0
83	871	2	0
87	871	4	0
99	871	2	0
104	871	2	0
109	871	2	0
141	871	3	0
152	871	3	0
159	871	4	0
168	871	3	0
174	871	1	0
181	871	2	0
193	871	3	0
194	871	2	0
198	871	1	0
207	871	5	0
244	871	3	0
254	871	2	0
276	871	2	0
279	871	4	0
293	871	1	0
301	871	4	0
303	871	1	0
332	871	3	0
336	871	2	0
347	871	4	0
385	871	1	0
388	871	2	0
393	871	3	0
396	871	2	0
417	871	2	0
432	871	2	0
442	871	1	0
445	871	2	0
453	871	1	0
457	871	1	0
520	871	1	0
533	871	2	0
542	871	2	0
563	871	2	0
580	871	4	0
595	871	2	0
602	871	3	0
614	871	2	0
621	871	3	0
630	871	2	0
633	871	3	0
642	871	3	0
644	871	4	0
708	871	1	0
714	871	3	0
722	871	2	0
728	871	2	0
774	871	1	0
786	871	1	0
796	871	1	0
815	871	1	0
825	871	3	0
872	871	3	0
887	871	5	0
897	871	3	0
900	871	1	0
903	871	3	0
905	871	2	0
930	871	3	0
938	871	2	0
13	875	1	0
21	875	4	0
31	875	4	0
36	875	3	0
62	875	4	0
89	875	3	0
90	875	1	0
176	875	4	0
181	875	3	0
205	875	2	0
207	875	2	0
229	875	1	0
261	875	5	0
303	875	4	0
323	875	3	0
324	875	3	0
327	875	4	0
342	875	1	0
364	875	3	0
372	875	4	0
378	875	3	0
392	875	3	0
416	875	2	0
428	875	4	0
451	875	2	0
454	875	1	0
489	875	2	0
526	875	3	0
529	875	4	0
537	875	1	0
551	875	4	0
557	875	4	0
587	875	1	0
592	875	4	0
635	875	2	0
655	875	3	0
656	875	2	0
685	875	3	0
721	875	3	0
730	875	2	0
732	875	1	0
747	875	3	0
755	875	1	0
762	875	5	0
770	875	4	0
806	875	3	0
808	875	4	0
818	875	1	0
836	875	1	0
851	875	5	0
873	875	1	0
894	875	3	0
919	875	1	0
13	876	2	0
21	876	2	0
35	876	2	0
40	876	3	0
130	876	4	0
159	876	2	0
170	876	3	0
176	876	3	0
178	876	2	0
181	876	1	0
211	876	2	0
276	876	3	0
294	876	3	0
300	876	5	0
323	876	2	0
341	876	4	0
367	876	3	0
393	876	3	0
404	876	2	0
409	876	2	0
451	876	4	0
482	876	3	0
489	876	2	0
493	876	1	0
510	876	2	0
529	876	3	0
587	876	2	0
592	876	1	0
621	876	2	0
624	876	3	0
629	876	3	0
663	876	3	0
682	876	3	0
697	876	3	0
721	876	3	0
724	876	1	0
750	876	2	0
782	876	2	0
783	876	4	0
810	876	3	0
817	876	4	0
832	876	3	0
863	876	2	0
871	876	3	0
880	876	4	0
925	876	3	0
928	876	5	0
13	877	2	0
21	877	2	0
35	877	2	0
66	877	1	0
145	877	2	0
159	877	3	0
178	877	2	0
181	877	2	0
188	877	2	0
195	877	3	0
258	877	3	0
274	877	3	0
281	877	4	0
284	877	2	0
293	877	2	0
324	877	1	0
334	877	3	0
341	877	3	0
405	877	1	0
409	877	2	0
413	877	3	0
425	877	3	0
428	877	5	0
451	877	4	0
472	877	3	0
541	877	1	0
544	877	2	0
550	877	4	0
579	877	1	0
587	877	2	0
589	877	4	0
592	877	2	0
609	877	5	0
631	877	2	0
632	877	1	0
635	877	3	0
646	877	3	0
688	877	5	0
721	877	3	0
724	877	1	0
761	877	2	0
782	877	3	0
784	877	4	0
787	877	2	0
813	877	1	0
831	877	2	0
845	877	2	0
853	877	2	0
863	877	1	0
894	877	3	0
919	877	3	0
928	877	5	0
13	878	1	0
21	878	2	0
22	878	1	0
36	878	5	0
49	878	2	0
95	878	1	0
126	878	5	0
177	878	1	0
181	878	1	0
234	878	2	0
384	878	4	0
397	878	1	0
450	878	2	0
451	878	1	0
471	878	4	0
489	878	2	0
506	878	3	0
519	878	5	0
527	878	1	0
587	878	2	0
609	878	1	0
612	878	2	0
648	878	3	0
699	878	3	0
721	878	3	0
781	878	1	0
782	878	3	0
798	878	4	0
810	878	4	0
876	878	2	0
919	878	2	0
928	878	5	0
942	878	4	0
13	892	3	0
30	892	4	0
43	892	3	0
83	892	2	0
95	892	3	0
100	892	2	0
102	892	2	0
130	892	3	0
134	892	2	0
137	892	3	0
145	892	2	0
199	892	1	0
200	892	4	0
254	892	3	0
261	892	5	0
263	892	3	0
313	892	4	0
318	892	3	0
320	892	3	0
329	892	2	0
356	892	1	0
393	892	3	0
395	892	3	0
401	892	1	0
404	892	2	0
428	892	4	0
463	892	2	0
489	892	3	0
502	892	2	0
506	892	1	0
507	892	5	0
509	892	1	0
531	892	3	0
546	892	4	0
550	892	2	0
557	892	3	0
587	892	3	0
589	892	4	0
592	892	1	0
646	892	2	0
676	892	4	0
758	892	2	0
771	892	5	0
811	892	4	0
813	892	1	0
841	892	3	0
851	892	2	0
857	892	3	0
864	892	3	0
872	892	3	0
919	892	3	0
921	892	3	0
942	892	3	0
13	893	3	0
179	893	2	0
224	893	3	0
258	893	1	0
304	893	3	0
393	893	3	0
502	893	2	0
515	893	1	0
520	893	2	0
592	893	1	0
646	893	3	0
724	893	3	0
813	893	3	0
872	893	4	0
13	908	1	0
100	908	1	0
223	908	1	0
341	908	3	0
365	908	3	0
428	908	4	0
445	908	1	0
450	908	1	0
466	908	4	0
489	908	5	0
511	908	4	0
519	908	5	0
531	908	1	0
609	908	1	0
646	908	3	0
677	908	4	0
724	908	1	0
782	908	3	0
863	908	1	0
871	908	3	0
13	911	2	0
328	911	3	0
655	911	2	0
683	911	3	0
13	913	1	0
655	913	4	0
15	926	1	0
22	926	1	0
26	926	2	0
42	926	3	0
43	926	2	0
45	926	3	0
49	926	1	0
57	926	3	0
59	926	1	0
68	926	1	0
75	926	3	0
81	926	3	0
87	926	4	0
92	926	3	0
99	926	3	0
101	926	3	0
104	926	1	0
125	926	3	0
141	926	4	0
145	926	3	0
160	926	2	0
164	926	2	0
178	926	4	0
181	926	1	0
210	926	2	0
223	926	4	0
230	926	3	0
238	926	3	0
244	926	2	0
267	926	2	0
268	926	2	0
279	926	4	0
287	926	4	0
289	926	3	0
290	926	3	0
294	926	3	0
303	926	2	0
336	926	1	0
344	926	2	0
347	926	1	0
348	926	3	0
357	926	4	0
378	926	1	0
389	926	3	0
393	926	4	0
399	926	2	0
416	926	2	0
422	926	2	0
435	926	3	0
447	926	3	0
450	926	4	0
459	926	4	0
463	926	1	0
468	926	2	0
484	926	4	0
486	926	2	0
490	926	2	0
497	926	2	0
532	926	3	0
534	926	4	0
551	926	2	0
552	926	2	0
586	926	4	0
595	926	1	0
606	926	3	0
612	926	2	0
621	926	3	0
637	926	2	0
640	926	3	0
642	926	5	0
648	926	3	0
650	926	3	0
654	926	4	0
660	926	2	0
665	926	3	0
703	926	4	0
708	926	3	0
715	926	4	0
718	926	2	0
727	926	3	0
738	926	3	0
774	926	1	0
779	926	4	0
790	926	2	0
792	926	3	0
795	926	2	0
798	926	4	0
804	926	4	0
822	926	2	0
825	926	4	0
837	926	1	0
847	926	1	0
852	926	3	0
865	926	1	0
872	926	4	0
880	926	3	0
887	926	5	0
897	926	4	0
923	926	4	0
936	926	4	0
938	926	3	0
15	929	1	0
25	929	4	0
59	929	2	0
63	929	3	0
83	929	3	0
130	929	4	0
145	929	2	0
151	929	3	0
161	929	1	0
181	929	1	0
200	929	4	0
222	929	1	0
223	929	3	0
234	929	1	0
262	929	3	0
286	929	4	0
314	929	3	0
354	929	4	0
393	929	3	0
416	929	4	0
435	929	2	0
465	929	3	0
474	929	3	0
532	929	3	0
595	929	2	0
630	929	4	0
634	929	3	0
648	929	4	0
674	929	3	0
699	929	3	0
747	929	3	0
770	929	4	0
798	929	3	0
804	929	3	0
865	929	2	0
882	929	1	0
887	929	1	0
901	929	4	0
921	929	1	0
938	929	2	0
15	930	2	0
21	930	1	0
26	930	2	0
27	930	2	0
37	930	3	0
54	930	1	0
56	930	3	0
57	930	2	0
92	930	2	0
94	930	2	0
102	930	2	0
109	930	3	0
119	930	3	0
130	930	3	0
141	930	4	0
145	930	2	0
159	930	4	0
164	930	4	0
168	930	3	0
181	930	1	0
188	930	4	0
190	930	2	0
200	930	3	0
223	930	2	0
246	930	2	0
249	930	2	0
255	930	1	0
256	930	3	0
268	930	2	0
275	930	3	0
276	930	2	0
286	930	2	0
290	930	3	0
294	930	3	0
343	930	1	0
347	930	2	0
359	930	4	0
374	930	2	0
378	930	2	0
393	930	3	0
396	930	3	0
407	930	2	0
416	930	3	0
435	930	3	0
463	930	1	0
472	930	5	0
484	930	3	0
500	930	3	0
506	930	1	0
524	930	3	0
534	930	4	0
546	930	5	0
564	930	3	0
586	930	2	0
595	930	2	0
605	930	2	0
620	930	2	0
630	930	3	0
648	930	3	0
653	930	4	0
655	930	2	0
660	930	2	0
699	930	2	0
708	930	3	0
727	930	3	0
738	930	3	0
749	930	3	0
756	930	3	0
798	930	5	0
804	930	3	0
807	930	5	0
825	930	5	0
844	930	2	0
851	930	3	0
852	930	3	0
862	930	5	0
864	930	3	0
872	930	3	0
880	930	2	0
916	930	2	0
15	933	1	0
145	933	1	0
160	933	3	0
181	933	1	0
250	933	3	0
291	933	4	0
293	933	2	0
323	933	3	0
331	933	3	0
360	933	3	0
363	933	2	0
445	933	1	0
456	933	3	0
498	933	3	0
634	933	3	0
699	933	3	0
727	933	1	0
733	933	1	0
833	933	4	0
891	933	3	0
894	933	3	0
16	940	2	0
38	940	1	0
109	940	3	0
125	940	2	0
130	940	3	0
221	940	4	0
268	940	2	0
269	940	1	0
279	940	5	0
291	940	3	0
303	940	2	0
363	940	2	0
385	940	3	0
393	940	2	0
394	940	3	0
405	940	1	0
417	940	2	0
450	940	2	0
472	940	4	0
476	940	3	0
497	940	2	0
621	940	3	0
642	940	2	0
682	940	2	0
727	940	2	0
773	940	2	0
790	940	3	0
798	940	1	0
833	940	2	0
880	940	3	0
886	940	2	0
933	940	1	0
21	977	2	0
42	977	2	0
83	977	3	0
92	977	2	0
117	977	3	0
119	977	3	0
145	977	3	0
181	977	1	0
186	977	3	0
190	977	2	0
223	977	2	0
224	977	2	0
256	977	4	0
276	977	2	0
279	977	4	0
280	977	3	0
291	977	2	0
293	977	2	0
346	977	3	0
347	977	5	0
357	977	5	0
374	977	1	0
378	977	3	0
393	977	4	0
396	977	3	0
399	977	3	0
423	977	1	0
435	977	2	0
472	977	3	0
546	977	5	0
552	977	3	0
593	977	3	0
622	977	2	0
634	977	3	0
644	977	4	0
682	977	3	0
693	977	3	0
699	977	2	0
715	977	2	0
727	977	2	0
749	977	4	0
758	977	2	0
790	977	1	0
796	977	2	0
833	977	2	0
851	977	3	0
862	977	4	0
872	977	3	0
903	977	1	0
21	978	1	0
27	978	2	0
99	978	3	0
158	978	3	0
178	978	2	0
181	978	1	0
207	978	3	0
251	978	2	0
268	978	2	0
279	978	1	0
332	978	4	0
374	978	2	0
459	978	2	0
487	978	1	0
524	978	3	0
534	978	4	0
537	978	2	0
548	978	2	0
586	978	2	0
622	978	2	0
663	978	4	0
699	978	4	0
862	978	3	0
891	978	4	0
894	978	3	0
907	978	5	0
916	978	1	0
21	983	2	0
145	983	1	0
181	983	2	0
186	983	3	0
314	983	4	0
328	983	3	0
332	983	2	0
374	983	2	0
435	983	2	0
449	983	2	0
630	983	3	0
699	983	3	0
756	983	2	0
788	983	3	0
851	983	2	0
21	986	1	0
92	986	2	0
102	986	1	0
109	986	2	0
119	986	3	0
181	986	2	0
207	986	3	0
256	986	5	0
294	986	3	0
374	986	3	0
396	986	4	0
399	986	3	0
436	986	3	0
442	986	1	0
479	986	1	0
534	986	5	0
595	986	2	0
671	986	2	0
697	986	1	0
749	986	3	0
774	986	1	0
825	986	5	0
880	986	3	0
21	987	3	0
490	987	3	0
782	987	3	0
851	987	1	0
21	994	2	0
405	994	1	0
445	994	1	0
486	994	3	0
595	994	4	0
782	994	2	0
903	994	3	0
22	996	1	0
87	996	3	0
125	996	3	0
208	996	3	0
314	996	4	0
393	996	3	0
405	996	1	0
474	996	3	0
500	996	1	0
577	996	3	0
642	996	2	0
660	996	1	0
712	996	4	0
798	996	3	0
22	998	1	0
49	998	2	0
92	998	2	0
268	998	1	0
269	998	5	0
279	998	5	0
291	998	1	0
299	998	2	0
303	998	3	0
336	998	1	0
642	998	3	0
795	998	3	0
798	998	3	0
805	998	4	0
807	998	3	0
868	998	2	0
22	1003	1	0
49	1003	2	0
234	1003	2	0
325	1003	3	0
454	1003	2	0
648	1003	4	0
747	1003	1	0
798	1003	3	0
32	1023	3	0
43	1023	3	0
92	1023	2	0
109	1023	2	0
141	1023	4	0
145	1023	1	0
159	1023	2	0
207	1023	3	0
303	1023	2	0
318	1023	2	0
345	1023	2	0
417	1023	4	0
592	1023	1	0
595	1023	1	0
630	1023	4	0
642	1023	3	0
653	1023	3	0
672	1023	2	0
692	1023	2	0
708	1023	3	0
733	1023	1	0
749	1023	3	0
758	1023	4	0
782	1023	3	0
797	1023	3	0
798	1023	3	0
851	1023	3	0
880	1023	2	0
894	1023	3	0
936	1023	2	0
939	1023	4	0
36	1026	5	0
181	1026	1	0
451	1026	1	0
721	1026	3	0
38	1031	5	0
276	1031	2	0
405	1031	1	0
650	1031	3	0
756	1031	2	0
847	1031	2	0
868	1031	1	0
38	1034	1	0
101	1034	2	0
119	1034	3	0
130	1034	2	0
181	1034	1	0
200	1034	3	0
217	1034	3	0
255	1034	1	0
279	1034	4	0
303	1034	1	0
357	1034	2	0
393	1034	2	0
435	1034	2	0
447	1034	2	0
455	1034	2	0
472	1034	3	0
507	1034	5	0
534	1034	3	0
564	1034	3	0
727	1034	2	0
749	1034	2	0
758	1034	4	0
798	1034	2	0
807	1034	5	0
825	1034	4	0
851	1034	1	0
921	1034	3	0
42	1040	3	0
84	1040	3	0
92	1040	3	0
141	1040	3	0
145	1040	1	0
181	1040	1	0
256	1040	3	0
269	1040	1	0
295	1040	2	0
303	1040	1	0
393	1040	3	0
417	1040	2	0
459	1040	2	0
518	1040	3	0
605	1040	2	0
630	1040	4	0
665	1040	4	0
692	1040	2	0
708	1040	2	0
712	1040	4	0
790	1040	2	0
796	1040	3	0
872	1040	3	0
891	1040	3	0
907	1040	5	0
42	1049	3	0
83	1049	3	0
87	1049	3	0
92	1049	1	0
130	1049	3	0
159	1049	4	0
181	1049	1	0
200	1049	3	0
203	1049	2	0
207	1049	3	0
280	1049	2	0
374	1049	1	0
393	1049	4	0
432	1049	2	0
634	1049	2	0
642	1049	3	0
677	1049	3	0
708	1049	2	0
727	1049	1	0
796	1049	4	0
798	1049	3	0
825	1049	3	0
837	1049	1	0
880	1049	3	0
901	1049	3	0
43	1052	1	0
67	1052	3	0
92	1052	2	0
99	1052	1	0
102	1052	2	0
119	1052	4	0
125	1052	2	0
181	1052	2	0
195	1052	1	0
223	1052	1	0
246	1052	1	0
276	1052	2	0
279	1052	4	0
301	1052	1	0
303	1052	2	0
320	1052	2	0
363	1052	3	0
389	1052	2	0
497	1052	2	0
534	1052	4	0
758	1052	5	0
795	1052	3	0
852	1052	4	0
880	1052	1	0
882	1052	2	0
43	1054	3	0
145	1054	1	0
152	1054	1	0
181	1054	2	0
222	1054	1	0
244	1054	3	0
262	1054	2	0
268	1054	1	0
314	1054	1	0
336	1054	1	0
416	1054	3	0
450	1054	2	0
534	1054	5	0
555	1054	3	0
577	1054	3	0
640	1054	1	0
642	1054	3	0
692	1054	3	0
708	1054	3	0
792	1054	1	0
805	1054	3	0
907	1054	3	0
939	1054	4	0
43	1057	2	0
56	1057	3	0
101	1057	2	0
117	1057	2	0
145	1057	1	0
181	1057	2	0
222	1057	4	0
244	1057	4	0
256	1057	2	0
293	1057	2	0
314	1057	2	0
336	1057	4	0
342	1057	2	0
417	1057	2	0
452	1057	1	0
456	1057	3	0
500	1057	3	0
699	1057	3	0
764	1057	1	0
796	1057	2	0
881	1057	1	0
907	1057	3	0
49	1072	1	0
87	1072	3	0
279	1072	4	0
405	1072	1	0
648	1072	2	0
871	1072	3	0
889	1072	3	0
49	1076	2	0
102	1076	2	0
393	1076	3	0
405	1076	2	0
429	1076	2	0
642	1076	2	0
727	1076	2	0
796	1076	2	0
798	1076	3	0
804	1076	3	0
807	1076	3	0
868	1076	1	0
49	1082	3	0
116	1082	3	0
344	1082	2	0
345	1082	2	0
486	1082	2	0
592	1082	3	0
655	1082	3	0
782	1082	3	0
49	1083	2	0
186	1083	1	0
276	1083	3	0
291	1083	3	0
372	1083	3	0
498	1083	3	0
56	1090	3	0
92	1090	3	0
95	1090	1	0
110	1090	2	0
145	1090	2	0
183	1090	2	0
193	1090	2	0
221	1090	3	0
256	1090	2	0
267	1090	3	0
268	1090	2	0
276	1090	1	0
291	1090	2	0
303	1090	1	0
320	1090	3	0
332	1090	5	0
346	1090	2	0
372	1090	5	0
399	1090	2	0
405	1090	1	0
407	1090	2	0
417	1090	3	0
437	1090	1	0
472	1090	5	0
504	1090	4	0
586	1090	3	0
655	1090	3	0
664	1090	1	0
682	1090	2	0
690	1090	3	0
693	1090	4	0
741	1090	1	0
757	1090	2	0
758	1090	1	0
774	1090	1	0
796	1090	4	0
870	1090	2	0
56	1091	2	0
62	1091	3	0
94	1091	3	0
95	1091	3	0
174	1091	3	0
194	1091	3	0
200	1091	4	0
254	1091	3	0
268	1091	2	0
269	1091	2	0
271	1091	4	0
275	1091	2	0
276	1091	3	0
286	1091	4	0
290	1091	2	0
301	1091	3	0
313	1091	2	0
320	1091	4	0
378	1091	2	0
387	1091	1	0
393	1091	2	0
405	1091	1	0
416	1091	3	0
417	1091	3	0
437	1091	3	0
450	1091	4	0
472	1091	4	0
495	1091	4	0
496	1091	1	0
541	1091	3	0
545	1091	3	0
588	1091	4	0
620	1091	4	0
642	1091	4	0
682	1091	3	0
712	1091	3	0
774	1091	1	0
790	1091	1	0
805	1091	2	0
807	1091	3	0
822	1091	1	0
826	1091	3	0
892	1091	2	0
56	1092	3	0
159	1092	2	0
303	1092	1	0
378	1092	3	0
393	1092	3	0
416	1092	3	0
450	1092	3	0
497	1092	3	0
532	1092	2	0
648	1092	1	0
749	1092	3	0
878	1092	3	0
57	1094	2	0
181	1094	1	0
198	1094	1	0
300	1094	5	0
314	1094	1	0
324	1094	5	0
336	1094	1	0
342	1094	3	0
374	1094	4	0
486	1094	2	0
595	1094	3	0
851	1094	1	0
57	1095	2	0
67	1095	4	0
92	1095	2	0
117	1095	3	0
130	1095	3	0
159	1095	5	0
181	1095	1	0
244	1095	2	0
262	1095	2	0
268	1095	2	0
276	1095	1	0
279	1095	1	0
303	1095	2	0
314	1095	3	0
357	1095	3	0
393	1095	2	0
417	1095	3	0
434	1095	5	0
472	1095	4	0
552	1095	3	0
599	1095	4	0
624	1095	2	0
642	1095	2	0
795	1095	3	0
851	1095	3	0
859	1095	2	0
880	1095	3	0
886	1095	2	0
927	1095	2	0
58	1100	2	0
201	1100	4	0
234	1100	2	0
327	1100	4	0
331	1100	2	0
405	1100	1	0
655	1100	3	0
878	1100	3	0
58	1102	1	0
145	1102	1	0
181	1102	1	0
207	1102	3	0
236	1102	4	0
637	1102	3	0
798	1102	4	0
59	1108	3	0
279	1108	1	0
334	1108	4	0
405	1108	1	0
655	1108	3	0
62	1132	2	0
99	1132	4	0
101	1132	3	0
145	1132	3	0
157	1132	3	0
159	1132	5	0
181	1132	1	0
193	1132	3	0
244	1132	4	0
279	1132	1	0
293	1132	3	0
294	1132	4	0
299	1132	1	0
334	1132	2	0
343	1132	4	0
416	1132	2	0
447	1132	3	0
463	1132	1	0
633	1132	2	0
653	1132	1	0
665	1132	2	0
666	1132	3	0
682	1132	3	0
692	1132	4	0
733	1132	4	0
790	1132	2	0
792	1132	3	0
851	1132	3	0
859	1132	3	0
869	1132	1	0
900	1132	1	0
903	1132	3	0
64	1139	1	0
109	1139	2	0
174	1139	2	0
200	1139	3	0
222	1139	3	0
246	1139	2	0
271	1139	3	0
291	1139	3	0
314	1139	5	0
328	1139	1	0
339	1139	3	0
393	1139	3	0
399	1139	4	0
405	1139	1	0
416	1139	3	0
417	1139	3	0
429	1139	2	0
472	1139	5	0
496	1139	2	0
537	1139	2	0
551	1139	4	0
561	1139	1	0
643	1139	3	0
653	1139	3	0
660	1139	2	0
727	1139	3	0
749	1139	3	0
788	1139	1	0
798	1139	3	0
804	1139	3	0
880	1139	4	0
889	1139	1	0
932	1139	2	0
64	1140	1	0
94	1140	2	0
276	1140	2	0
286	1140	3	0
307	1140	2	0
308	1140	4	0
325	1140	3	0
343	1140	3	0
450	1140	2	0
457	1140	2	0
536	1140	1	0
642	1140	4	0
653	1140	1	0
655	1140	3	0
751	1140	2	0
804	1140	3	0
864	1140	1	0
70	1145	3	0
222	1145	3	0
267	1145	3	0
276	1145	2	0
303	1145	2	0
314	1145	4	0
378	1145	3	0
453	1145	2	0
693	1145	2	0
82	1163	2	0
181	1163	2	0
201	1163	1	0
224	1163	2	0
274	1163	2	0
334	1163	4	0
342	1163	3	0
391	1163	2	0
450	1163	3	0
463	1163	4	0
500	1163	1	0
537	1163	1	0
560	1163	3	0
618	1163	2	0
639	1163	1	0
699	1163	5	0
707	1163	4	0
711	1163	4	0
733	1163	2	0
761	1163	2	0
796	1163	3	0
825	1163	3	0
869	1163	2	0
907	1163	4	0
936	1163	5	0
85	1173	4	0
181	1173	1	0
533	1173	4	0
655	1173	2	0
733	1173	2	0
782	1173	2	0
919	1173	3	0
87	1178	3	0
222	1178	2	0
244	1178	3	0
268	1178	1	0
279	1178	4	0
291	1178	4	0
303	1178	2	0
314	1178	2	0
393	1178	3	0
399	1178	3	0
405	1178	1	0
436	1178	3	0
642	1178	3	0
660	1178	1	0
682	1178	1	0
712	1178	4	0
804	1178	3	0
846	1178	2	0
927	1178	2	0
87	1180	3	0
125	1180	3	0
276	1180	2	0
279	1180	2	0
378	1180	3	0
393	1180	4	0
405	1180	1	0
476	1180	3	0
588	1180	2	0
763	1180	2	0
87	1181	3	0
279	1181	4	0
280	1181	2	0
378	1181	2	0
393	1181	3	0
622	1181	4	0
642	1181	2	0
660	1181	1	0
833	1181	1	0
880	1181	3	0
87	1182	3	0
110	1182	2	0
279	1182	3	0
280	1182	3	0
286	1182	2	0
303	1182	2	0
393	1182	3	0
405	1182	1	0
417	1182	3	0
495	1182	3	0
642	1182	2	0
774	1182	1	0
846	1182	2	0
87	1184	3	0
234	1184	2	0
399	1184	3	0
405	1184	1	0
450	1184	1	0
524	1184	3	0
592	1184	5	0
686	1184	1	0
880	1184	3	0
932	1184	3	0
87	1185	4	0
125	1185	3	0
221	1185	3	0
234	1185	3	0
267	1185	2	0
279	1185	1	0
393	1185	3	0
435	1185	1	0
497	1185	1	0
541	1185	2	0
618	1185	2	0
621	1185	3	0
642	1185	4	0
690	1185	1	0
727	1185	1	0
749	1185	4	0
790	1185	2	0
880	1185	1	0
87	1188	2	0
94	1188	3	0
95	1188	2	0
110	1188	4	0
222	1188	3	0
244	1188	4	0
246	1188	3	0
268	1188	3	0
269	1188	1	0
291	1188	4	0
295	1188	3	0
303	1188	4	0
320	1188	4	0
332	1188	5	0
336	1188	3	0
346	1188	1	0
373	1188	3	0
405	1188	3	0
407	1188	2	0
416	1188	3	0
425	1188	3	0
442	1188	3	0
476	1188	2	0
487	1188	3	0
495	1188	5	0
532	1188	4	0
545	1188	3	0
600	1188	3	0
653	1188	1	0
682	1188	3	0
709	1188	4	0
715	1188	2	0
727	1188	2	0
749	1188	3	0
757	1188	3	0
773	1188	2	0
790	1188	3	0
804	1188	2	0
846	1188	2	0
868	1188	1	0
880	1188	2	0
889	1188	2	0
933	1188	1	0
943	1188	3	0
90	1206	2	0
94	1206	3	0
95	1206	4	0
110	1206	3	0
194	1206	1	0
222	1206	2	0
279	1206	5	0
291	1206	3	0
374	1206	2	0
379	1206	2	0
393	1206	3	0
405	1206	1	0
436	1206	3	0
437	1206	4	0
653	1206	3	0
727	1206	2	0
846	1206	3	0
868	1206	3	0
916	1206	2	0
92	1207	3	0
130	1207	1	0
194	1207	1	0
222	1207	2	0
256	1207	3	0
280	1207	4	0
334	1207	2	0
399	1207	3	0
405	1207	1	0
417	1207	3	0
495	1207	5	0
532	1207	2	0
551	1207	1	0
586	1207	2	0
622	1207	2	0
653	1207	1	0
690	1207	3	0
92	1209	1	0
94	1209	2	0
244	1209	3	0
279	1209	4	0
291	1209	1	0
293	1209	2	0
303	1209	2	0
405	1209	3	0
417	1209	3	0
429	1209	3	0
487	1209	4	0
577	1209	4	0
642	1209	3	0
846	1209	1	0
886	1209	2	0
92	1210	1	0
94	1210	3	0
109	1210	3	0
110	1210	3	0
130	1210	2	0
145	1210	1	0
221	1210	3	0
256	1210	5	0
270	1210	5	0
276	1210	2	0
291	1210	4	0
303	1210	1	0
313	1210	4	0
314	1210	4	0
320	1210	4	0
332	1210	3	0
346	1210	3	0
374	1210	4	0
393	1210	3	0
394	1210	3	0
399	1210	2	0
405	1210	1	0
417	1210	2	0
457	1210	4	0
472	1210	3	0
497	1210	4	0
504	1210	3	0
532	1210	4	0
561	1210	1	0
653	1210	2	0
690	1210	3	0
757	1210	2	0
804	1210	2	0
833	1210	1	0
846	1210	2	0
864	1210	2	0
870	1210	1	0
880	1210	4	0
94	1222	3	0
95	1222	2	0
109	1222	4	0
110	1222	2	0
197	1222	3	0
217	1222	1	0
246	1222	3	0
268	1222	2	0
303	1222	3	0
311	1222	3	0
346	1222	4	0
405	1222	1	0
425	1222	2	0
429	1222	3	0
450	1222	3	0
456	1222	2	0
671	1222	3	0
682	1222	3	0
715	1222	2	0
727	1222	1	0
804	1222	3	0
826	1222	3	0
880	1222	4	0
883	1222	5	0
896	1222	2	0
94	1224	3	0
201	1224	2	0
279	1224	3	0
303	1224	2	0
393	1224	3	0
405	1224	1	0
429	1224	2	0
642	1224	4	0
727	1224	3	0
798	1224	2	0
880	1224	3	0
892	1224	4	0
94	1225	3	0
167	1225	3	0
207	1225	3	0
244	1225	2	0
264	1225	3	0
314	1225	3	0
393	1225	3	0
405	1225	1	0
435	1225	3	0
618	1225	2	0
665	1225	2	0
682	1225	4	0
747	1225	3	0
880	1225	2	0
95	1227	2	0
201	1227	1	0
299	1227	1	0
405	1227	3	0
436	1227	2	0
437	1227	3	0
861	1227	4	0
883	1227	3	0
95	1228	3	0
102	1228	1	0
109	1228	3	0
110	1228	3	0
130	1228	3	0
195	1228	1	0
197	1228	4	0
200	1228	4	0
217	1228	2	0
246	1228	1	0
256	1228	1	0
268	1228	1	0
276	1228	1	0
279	1228	4	0
293	1228	1	0
301	1228	4	0
303	1228	2	0
346	1228	4	0
363	1228	2	0
373	1228	2	0
393	1228	3	0
399	1228	3	0
405	1228	1	0
417	1228	2	0
429	1228	3	0
435	1228	2	0
472	1228	4	0
497	1228	2	0
532	1228	3	0
545	1228	3	0
600	1228	2	0
621	1228	3	0
622	1228	1	0
640	1228	4	0
648	1228	3	0
653	1228	2	0
682	1228	1	0
705	1228	2	0
749	1228	4	0
774	1228	1	0
796	1228	4	0
804	1228	3	0
826	1228	3	0
864	1228	3	0
881	1228	3	0
886	1228	2	0
933	1228	1	0
943	1228	3	0
95	1231	1	0
110	1231	2	0
130	1231	4	0
256	1231	3	0
268	1231	2	0
279	1231	4	0
326	1231	3	0
346	1231	3	0
399	1231	3	0
405	1231	1	0
435	1231	2	0
600	1231	2	0
619	1231	2	0
622	1231	2	0
653	1231	2	0
682	1231	2	0
727	1231	3	0
826	1231	3	0
833	1231	4	0
886	1231	3	0
889	1231	3	0
896	1231	1	0
96	1232	5	0
184	1232	3	0
246	1232	1	0
276	1232	3	0
303	1232	3	0
311	1232	4	0
325	1232	1	0
346	1232	1	0
378	1232	3	0
399	1232	3	0
405	1232	1	0
417	1232	2	0
566	1232	2	0
655	1232	3	0
682	1232	2	0
693	1232	2	0
805	1232	3	0
100	1234	1	0
179	1234	1	0
223	1234	3	0
676	1234	1	0
688	1234	5	0
724	1234	1	0
845	1234	4	0
863	1234	3	0
102	1239	2	0
222	1239	2	0
276	1239	1	0
279	1239	1	0
286	1239	3	0
291	1239	2	0
303	1239	1	0
393	1239	3	0
405	1239	1	0
472	1239	5	0
600	1239	2	0
642	1239	4	0
671	1239	3	0
798	1239	4	0
826	1239	4	0
846	1239	2	0
887	1239	3	0
889	1239	1	0
106	1242	4	0
181	1242	1	0
207	1242	5	0
279	1242	1	0
409	1242	2	0
116	1253	2	0
186	1253	4	0
276	1253	1	0
291	1253	3	0
314	1253	4	0
405	1253	1	0
551	1253	2	0
116	1255	2	0
181	1255	1	0
452	1255	2	0
655	1255	3	0
675	1255	1	0
707	1255	3	0
782	1255	2	0
894	1255	4	0
116	1258	2	0
141	1258	4	0
157	1258	5	0
159	1258	1	0
178	1258	4	0
193	1258	3	0
238	1258	1	0
299	1258	2	0
303	1258	2	0
339	1258	3	0
346	1258	4	0
392	1258	1	0
393	1258	3	0
592	1258	1	0
637	1258	1	0
640	1258	3	0
648	1258	2	0
782	1258	2	0
851	1258	3	0
880	1258	3	0
894	1258	3	0
919	1258	3	0
936	1258	2	0
125	1270	3	0
264	1270	2	0
303	1270	1	0
393	1270	3	0
478	1270	1	0
798	1270	3	0
880	1270	3	0
130	1275	5	0
405	1275	1	0
592	1275	3	0
731	1275	1	0
130	1276	4	0
181	1276	1	0
314	1276	4	0
487	1276	2	0
592	1276	1	0
663	1276	3	0
851	1276	2	0
880	1276	3	0
130	1280	4	0
141	1280	1	0
181	1280	1	0
286	1280	5	0
341	1280	2	0
428	1280	3	0
451	1280	1	0
489	1280	3	0
519	1280	5	0
544	1280	3	0
606	1280	2	0
683	1280	3	0
708	1280	1	0
750	1280	1	0
851	1280	4	0
853	1280	4	0
141	1283	3	0
145	1283	1	0
157	1283	2	0
178	1283	3	0
207	1283	4	0
277	1283	2	0
301	1283	4	0
344	1283	2	0
347	1283	1	0
649	1283	2	0
654	1283	1	0
665	1283	3	0
684	1283	3	0
758	1283	4	0
782	1283	2	0
798	1283	4	0
854	1283	2	0
887	1283	5	0
938	1283	3	0
149	1295	3	0
181	1295	1	0
409	1295	1	0
451	1295	2	0
519	1295	5	0
721	1295	3	0
894	1295	3	0
152	1300	4	0
178	1300	3	0
223	1300	1	0
299	1300	2	0
342	1300	1	0
416	1300	3	0
530	1300	2	0
532	1300	3	0
782	1300	2	0
158	1303	3	0
217	1303	2	0
268	1303	1	0
291	1303	3	0
303	1303	3	0
450	1303	4	0
453	1303	2	0
497	1303	2	0
551	1303	1	0
622	1303	2	0
671	1303	3	0
682	1303	2	0
727	1303	2	0
788	1303	3	0
796	1303	2	0
864	1303	2	0
886	1303	1	0
896	1303	4	0
167	1304	4	0
551	1304	1	0
167	1305	1	0
279	1305	4	0
291	1305	3	0
405	1305	1	0
682	1305	3	0
774	1305	3	0
932	1305	2	0
174	1311	3	0
293	1311	3	0
314	1311	5	0
378	1311	4	0
405	1311	1	0
450	1311	4	0
500	1311	1	0
588	1311	1	0
642	1311	3	0
655	1311	3	0
682	1311	3	0
693	1311	1	0
707	1311	3	0
846	1311	2	0
885	1311	2	0
934	1311	1	0
178	1314	3	0
221	1314	3	0
268	1314	2	0
276	1314	3	0
393	1314	3	0
399	1314	3	0
425	1314	3	0
487	1314	1	0
551	1314	2	0
619	1314	3	0
851	1314	1	0
181	1321	1	0
279	1321	4	0
181	1322	1	0
299	1322	3	0
374	1322	3	0
486	1322	3	0
655	1322	2	0
769	1322	2	0
181	1324	1	0
456	1324	4	0
500	1324	2	0
663	1324	3	0
886	1324	2	0
181	1327	1	0
534	1327	2	0
663	1327	4	0
181	1330	1	0
211	1330	3	0
234	1330	3	0
943	1330	3	0
181	1335	1	0
303	1335	3	0
458	1335	1	0
518	1335	3	0
537	1335	3	0
634	1335	2	0
792	1335	4	0
833	1335	2	0
854	1335	2	0
916	1335	4	0
936	1335	4	0
181	1337	1	0
303	1337	1	0
393	1337	3	0
416	1337	1	0
532	1337	3	0
648	1337	3	0
749	1337	3	0
798	1337	3	0
851	1337	3	0
181	1338	1	0
405	1338	1	0
458	1338	3	0
733	1338	4	0
181	1342	1	0
662	1342	4	0
181	1346	1	0
298	1346	3	0
405	1346	1	0
409	1346	3	0
424	1346	4	0
181	1353	1	0
385	1353	4	0
405	1353	1	0
581	1353	4	0
833	1353	3	0
181	1380	1	0
460	1380	3	0
655	1380	4	0
662	1380	2	0
733	1380	2	0
782	1380	2	0
181	1394	1	0
206	1394	1	0
405	1394	1	0
451	1394	1	0
681	1394	5	0
782	1394	4	0
845	1394	4	0
181	1395	1	0
206	1395	1	0
451	1395	1	0
655	1395	3	0
842	1395	4	0
863	1395	4	0
186	1399	2	0
396	1399	3	0
405	1399	1	0
515	1399	4	0
564	1399	2	0
782	1399	2	0
845	1399	3	0
194	1411	1	0
200	1411	3	0
246	1411	2	0
269	1411	3	0
271	1411	2	0
279	1411	3	0
286	1411	2	0
303	1411	2	0
305	1411	3	0
307	1411	4	0
308	1411	4	0
325	1411	4	0
334	1411	1	0
385	1411	3	0
417	1411	3	0
435	1411	1	0
588	1411	1	0
622	1411	4	0
660	1411	2	0
727	1411	2	0
798	1411	1	0
804	1411	3	0
807	1411	1	0
843	1411	3	0
846	1411	4	0
881	1411	2	0
932	1411	4	0
934	1411	4	0
195	1415	1	0
405	1415	1	0
497	1415	2	0
504	1415	3	0
532	1415	2	0
642	1415	4	0
796	1415	3	0
880	1415	2	0
927	1415	4	0
195	1416	2	0
276	1416	3	0
417	1416	2	0
425	1416	3	0
543	1416	2	0
195	1417	3	0
782	1417	2	0
201	1422	2	0
405	1422	1	0
498	1422	3	0
875	1422	3	0
201	1423	3	0
405	1423	1	0
880	1423	3	0
896	1423	2	0
201	1424	3	0
256	1424	3	0
405	1424	1	0
201	1425	3	0
378	1425	2	0
405	1425	1	0
429	1425	3	0
450	1425	4	0
487	1425	4	0
642	1425	2	0
798	1425	4	0
864	1425	2	0
934	1425	1	0
206	1430	1	0
515	1430	3	0
871	1430	3	0
206	1434	1	0
405	1434	1	0
425	1434	4	0
519	1434	5	0
713	1434	3	0
724	1434	1	0
787	1434	1	0
845	1434	4	0
863	1434	2	0
871	1434	3	0
207	1435	2	0
279	1435	3	0
393	1435	3	0
405	1435	1	0
450	1435	4	0
798	1435	2	0
886	1435	3	0
207	1436	3	0
655	1436	2	0
222	1438	4	0
269	1438	3	0
378	1438	3	0
405	1438	1	0
429	1438	1	0
224	1441	3	0
393	1441	3	0
405	1441	1	0
416	1441	3	0
450	1441	3	0
500	1441	2	0
543	1441	3	0
224	1442	3	0
405	1442	1	0
504	1442	3	0
541	1442	1	0
721	1442	4	0
230	1444	2	0
254	1444	3	0
263	1444	3	0
269	1444	1	0
279	1444	3	0
373	1444	3	0
380	1444	1	0
389	1444	3	0
405	1444	2	0
450	1444	4	0
479	1444	1	0
495	1444	2	0
496	1444	1	0
504	1444	3	0
653	1444	3	0
766	1444	2	0
807	1444	3	0
882	1444	4	0
892	1444	3	0
234	1455	2	0
694	1455	3	0
235	1464	4	0
405	1464	1	0
425	1464	2	0
243	1465	3	0
639	1465	2	0
655	1465	2	0
254	1470	2	0
313	1470	1	0
405	1470	2	0
411	1470	3	0
532	1470	5	0
256	1471	3	0
267	1471	2	0
270	1471	4	0
276	1471	2	0
291	1471	3	0
314	1471	4	0
405	1471	1	0
790	1471	2	0
896	1471	1	0
268	1477	2	0
782	1477	3	0
269	1480	1	0
279	1480	3	0
399	1480	3	0
405	1480	2	0
450	1480	3	0
620	1480	3	0
642	1480	1	0
712	1480	4	0
843	1480	2	0
868	1480	1	0
881	1480	2	0
303	1508	1	0
504	1508	3	0
588	1508	3	0
320	1522	3	0
405	1522	1	0
436	1522	2	0
504	1522	3	0
693	1522	3	0
796	1522	3	0
896	1522	2	0
341	1527	4	0
511	1527	4	0
631	1527	2	0
676	1527	1	0
752	1527	1	0
758	1527	3	0
782	1527	2	0
342	1528	3	0
445	1528	2	0
782	1528	2	0
405	1545	2	0
429	1545	2	0
707	1545	2	0
799	1545	4	0
405	1555	1	0
497	1555	2	0
543	1555	3	0
773	1555	4	0
795	1555	3	0
405	1573	1	0
932	1573	4	0
405	1585	1	0
655	1585	4	0
433	1598	1	0
445	1598	1	0
464	1598	3	0
486	1598	5	0
782	1598	2	0
851	1598	3	0
479	1608	2	0
506	1608	2	0
782	1608	3	0
867	1608	2	0
565	1622	4	0
828	1622	1	0
896	1622	2	0
762	1662	1	0
782	1662	4	0
