1	8	1	0
6	8	4	0
7	8	5	0
11	8	4	0
13	8	4	0
16	8	5	0
18	8	5	0
19	8	5	0
23	8	4	0
24	8	5	0
25	8	4	0
43	8	4	0
49	8	3	0
57	8	4	0
58	8	4	0
60	8	3	0
62	8	5	0
64	8	4	0
70	8	4	0
82	8	4	0
85	8	4	0
87	8	5	0
90	8	5	0
92	8	5	0
94	8	5	0
95	8	5	0
96	8	5	0
106	8	4	0
109	8	3	0
115	8	5	0
125	8	4	0
144	8	4	0
148	8	4	0
152	8	5	0
158	8	5	0
167	8	5	0
178	8	4	0
187	8	5	0
189	8	5	0
194	8	3	0
196	8	5	0
200	8	4	0
201	8	3	0
207	8	3	0
213	8	3	0
214	8	4	0
215	8	2	0
218	8	3	0
222	8	1	0
223	8	2	0
230	8	5	0
232	8	2	0
233	8	3	0
234	8	5	0
239	8	5	0
243	8	5	0
246	8	3	0
253	8	4	0
254	8	5	0
269	8	2	0
271	8	4	0
272	8	4	0
276	8	4	0
280	8	5	0
291	8	4	0
293	8	3	0
297	8	5	0
298	8	5	0
301	8	4	0
303	8	5	0
308	8	5	0
311	8	4	0
312	8	5	0
313	8	3	0
314	8	4	0
315	8	3	0
318	8	4	0
321	8	4	0
326	8	4	0
327	8	4	0
328	8	3	0
329	8	2	0
330	8	5	0
331	8	3	0
332	8	5	0
334	8	4	0
342	8	4	0
343	8	5	0
344	8	5	0
354	8	5	0
358	8	5	0
363	8	5	0
378	8	4	0
379	8	5	0
385	8	5	0
387	8	4	0
389	8	4	0
391	8	3	0
392	8	5	0
393	8	3	0
397	8	4	0
398	8	3	0
399	8	3	0
405	8	4	0
406	8	4	0
407	8	5	0
409	8	3	0
411	8	3	0
416	8	5	0
429	8	3	0
435	8	3	0
437	8	4	0
452	8	4	0
454	8	5	0
455	8	4	0
457	8	5	0
458	8	4	0
459	8	5	0
465	8	4	0
468	8	4	0
471	8	5	0
474	8	5	0
479	8	5	0
480	8	5	0
481	8	3	0
488	8	3	0
499	8	5	0
500	8	4	0
503	8	5	0
506	8	5	0
521	8	3	0
523	8	5	0
532	8	5	0
533	8	3	0
535	8	4	0
536	8	5	0
541	8	5	0
542	8	3	0
543	8	4	0
553	8	3	0
554	8	4	0
557	8	5	0
561	8	3	0
566	8	4	0
577	8	4	0
588	8	5	0
591	8	3	0
592	8	5	0
593	8	3	0
601	8	3	0
606	8	2	0
608	8	2	0
610	8	4	0
618	8	3	0
620	8	3	0
621	8	5	0
622	8	4	0
628	8	2	0
642	8	5	0
654	8	5	0
655	8	3	0
658	8	5	0
660	8	2	0
661	8	5	0
670	8	4	0
679	8	2	0
682	8	3	0
684	8	5	0
690	8	4	0
691	8	2	0
705	8	3	0
707	8	5	0
711	8	5	0
721	8	4	0
731	8	2	0
745	8	4	0
746	8	4	0
747	8	5	0
748	8	4	0
756	8	4	0
758	8	5	0
766	8	5	0
771	8	5	0
774	8	1	0
778	8	1	0
795	8	5	0
796	8	5	0
805	8	3	0
807	8	4	0
823	8	5	0
838	8	4	0
840	8	5	0
846	8	4	0
847	8	4	0
850	8	5	0
851	8	4	0
854	8	5	0
864	8	5	0
875	8	3	0
878	8	3	0
880	8	4	0
881	8	4	0
882	8	5	0
883	8	4	0
887	8	4	0
889	8	3	0
892	8	5	0
896	8	5	0
897	8	3	0
899	8	4	0
901	8	3	0
902	8	5	0
907	8	3	0
913	8	2	0
921	8	3	0
927	8	4	0
928	8	5	0
930	8	3	0
940	8	5	0
1	91	5	0
7	91	3	0
13	91	2	0
18	91	3	0
23	91	4	0
43	91	3	0
44	91	2	0
49	91	5	0
56	91	4	0
59	91	4	0
62	91	4	0
64	91	4	0
70	91	3	0
77	91	3	0
92	91	3	0
94	91	5	0
95	91	5	0
96	91	5	0
102	91	3	0
109	91	4	0
142	91	5	0
144	91	2	0
151	91	2	0
165	91	4	0
184	91	3	0
189	91	3	0
194	91	3	0
200	91	4	0
216	91	4	0
222	91	2	0
230	91	3	0
232	91	5	0
233	91	3	0
234	91	5	0
239	91	4	0
250	91	5	0
262	91	3	0
268	91	3	0
276	91	5	0
283	91	5	0
286	91	4	0
290	91	2	0
293	91	2	0
295	91	5	0
298	91	2	0
299	91	4	0
301	91	3	0
303	91	5	0
305	91	2	0
307	91	4	0
308	91	4	0
311	91	3	0
312	91	3	0
330	91	4	0
334	91	4	0
339	91	5	0
345	91	4	0
346	91	1	0
347	91	1	0
363	91	4	0
378	91	3	0
387	91	4	0
394	91	4	0
399	91	4	0
405	91	2	0
407	91	4	0
417	91	2	0
429	91	3	0
435	91	4	0
437	91	3	0
447	91	4	0
450	91	4	0
456	91	2	0
457	91	4	0
468	91	5	0
472	91	5	0
483	91	3	0
493	91	3	0
495	91	2	0
497	91	2	0
508	91	4	0
527	91	2	0
533	91	2	0
537	91	2	0
541	91	5	0
551	91	1	0
561	91	4	0
588	91	5	0
601	91	5	0
606	91	5	0
618	91	4	0
620	91	2	0
621	91	3	0
625	91	4	0
632	91	3	0
640	91	4	0
642	91	4	0
645	91	3	0
650	91	4	0
660	91	4	0
666	91	3	0
677	91	5	0
711	91	4	0
716	91	5	0
727	91	4	0
738	91	4	0
747	91	5	0
751	91	4	0
756	91	3	0
757	91	4	0
758	91	4	0
766	91	5	0
771	91	4	0
773	91	4	0
774	91	1	0
776	91	4	0
790	91	3	0
795	91	5	0
796	91	2	0
804	91	4	0
805	91	5	0
807	91	5	0
815	91	3	0
822	91	3	0
823	91	3	0
826	91	4	0
840	91	5	0
843	91	3	0
846	91	4	0
862	91	5	0
864	91	5	0
865	91	3	0
868	91	3	0
880	91	3	0
885	91	3	0
887	91	5	0
889	91	4	0
896	91	2	0
901	91	1	0
903	91	5	0
916	91	4	0
922	91	4	0
927	91	4	0
1	99	3	0
5	99	3	0
7	99	5	0
10	99	5	0
13	99	4	0
16	99	5	0
18	99	5	0
23	99	4	0
38	99	5	0
42	99	5	0
44	99	4	0
49	99	4	0
59	99	4	0
70	99	4	0
82	99	4	0
85	99	5	0
91	99	2	0
94	99	3	0
95	99	4	0
102	99	2	0
128	99	4	0
130	99	5	0
167	99	4	0
174	99	3	0
178	99	4	0
189	99	5	0
194	99	3	0
195	99	3	0
200	99	5	0
201	99	3	0
210	99	4	0
215	99	4	0
222	99	3	0
230	99	3	0
233	99	3	0
234	99	5	0
246	99	3	0
254	99	3	0
262	99	3	0
263	99	3	0
268	99	3	0
275	99	3	0
276	99	4	0
279	99	3	0
280	99	2	0
286	99	4	0
290	99	4	0
291	99	4	0
293	99	3	0
295	99	4	0
298	99	3	0
299	99	3	0
301	99	4	0
303	99	4	0
307	99	4	0
308	99	4	0
311	99	5	0
313	99	4	0
314	99	4	0
320	99	4	0
325	99	5	0
327	99	4	0
330	99	4	0
334	99	4	0
339	99	4	0
347	99	3	0
373	99	5	0
378	99	4	0
381	99	5	0
385	99	2	0
387	99	5	0
389	99	5	0
392	99	5	0
393	99	3	0
399	99	3	0
401	99	4	0
405	99	5	0
406	99	5	0
407	99	4	0
409	99	3	0
416	99	4	0
417	99	4	0
426	99	4	0
429	99	3	0
436	99	3	0
437	99	4	0
450	99	4	0
452	99	3	0
453	99	3	0
454	99	3	0
456	99	3	0
458	99	4	0
471	99	2	0
472	99	3	0
474	99	4	0
483	99	3	0
487	99	4	0
496	99	3	0
497	99	3	0
504	99	3	0
505	99	4	0
521	99	3	0
527	99	3	0
532	99	5	0
537	99	2	0
541	99	4	0
542	99	5	0
545	99	4	0
553	99	5	0
561	99	3	0
577	99	3	0
588	99	5	0
592	99	5	0
601	99	3	0
606	99	4	0
618	99	3	0
620	99	3	0
622	99	4	0
632	99	5	0
642	99	2	0
643	99	4	0
650	99	4	0
660	99	2	0
686	99	5	0
693	99	3	0
705	99	3	0
710	99	4	0
711	99	3	0
712	99	4	0
716	99	5	0
734	99	4	0
747	99	5	0
749	99	5	0
751	99	4	0
756	99	3	0
758	99	3	0
763	99	4	0
764	99	4	0
766	99	3	0
786	99	4	0
796	99	3	0
804	99	4	0
805	99	2	0
807	99	5	0
815	99	4	0
826	99	3	0
830	99	3	0
840	99	5	0
843	99	2	0
844	99	3	0
846	99	4	0
847	99	2	0
848	99	3	0
862	99	4	0
864	99	3	0
865	99	1	0
878	99	4	0
880	99	3	0
881	99	3	0
882	99	5	0
885	99	4	0
887	99	5	0
892	99	3	0
897	99	5	0
911	99	3	0
913	99	4	0
919	99	4	0
922	99	4	0
927	99	2	0
932	99	4	0
934	99	3	0
942	99	5	0
1	133	4	0
6	133	4	0
7	133	5	0
10	133	5	0
12	133	4	0
18	133	5	0
23	133	4	0
25	133	3	0
38	133	2	0
43	133	4	0
44	133	4	0
59	133	3	0
60	133	4	0
77	133	2	0
82	133	4	0
85	133	4	0
90	133	5	0
94	133	4	0
95	133	3	0
97	133	1	0
128	133	5	0
138	133	4	0
148	133	5	0
151	133	5	0
152	133	5	0
161	133	2	0
167	133	5	0
169	133	4	0
175	133	4	0
178	133	4	0
189	133	5	0
194	133	3	0
207	133	4	0
213	133	3	0
222	133	1	0
232	133	4	0
233	133	5	0
234	133	3	0
236	133	5	0
239	133	3	0
245	133	2	0
246	133	3	0
254	133	5	0
263	133	5	0
269	133	3	0
271	133	4	0
272	133	1	0
286	133	4	0
290	133	3	0
293	133	3	0
295	133	4	0
297	133	4	0
298	133	3	0
301	133	4	0
308	133	3	0
311	133	3	0
312	133	5	0
313	133	5	0
318	133	4	0
321	133	5	0
325	133	3	0
327	133	4	0
328	133	5	0
330	133	5	0
331	133	3	0
338	133	4	0
339	133	4	0
342	133	4	0
346	133	5	0
350	133	5	0
354	133	3	0
378	133	5	0
379	133	4	0
381	133	5	0
385	133	1	0
387	133	2	0
389	133	5	0
391	133	4	0
398	133	3	0
401	133	4	0
406	133	5	0
409	133	4	0
416	133	2	0
426	133	5	0
429	133	3	0
436	133	3	0
437	133	5	0
447	133	4	0
450	133	5	0
454	133	4	0
456	133	3	0
457	133	4	0
479	133	2	0
487	133	4	0
488	133	4	0
495	133	3	0
496	133	5	0
500	133	3	0
503	133	5	0
504	133	5	0
505	133	5	0
522	133	3	0
524	133	5	0
533	133	5	0
535	133	5	0
536	133	4	0
537	133	4	0
539	133	4	0
554	133	4	0
556	133	5	0
561	133	3	0
562	133	2	0
566	133	4	0
567	133	4	0
577	133	4	0
588	133	5	0
593	133	4	0
601	133	4	0
605	133	5	0
608	133	4	0
610	133	4	0
618	133	4	0
632	133	4	0
642	133	5	0
648	133	4	0
650	133	4	0
655	133	4	0
665	133	3	0
666	133	3	0
669	133	4	0
683	133	5	0
694	133	5	0
698	133	2	0
707	133	2	0
711	133	5	0
716	133	5	0
731	133	1	0
747	133	5	0
748	133	3	0
749	133	4	0
763	133	3	0
766	133	3	0
780	133	5	0
786	133	5	0
788	133	5	0
798	133	3	0
804	133	3	0
806	133	5	0
807	133	5	0
815	133	5	0
835	133	5	0
843	133	3	0
846	133	4	0
847	133	3	0
848	133	4	0
849	133	5	0
854	133	3	0
864	133	5	0
868	133	2	0
875	133	4	0
881	133	4	0
882	133	5	0
890	133	5	0
892	133	3	0
896	133	2	0
897	133	4	0
899	133	3	0
908	133	5	0
918	133	1	0
921	133	5	0
932	133	4	0
1	141	3	0
7	141	5	0
13	141	2	0
25	141	4	0
42	141	3	0
59	141	4	0
60	141	3	0
64	141	4	0
85	141	3	0
90	141	5	0
95	141	4	0
200	141	4	0
230	141	4	0
234	141	3	0
254	141	3	0
263	141	5	0
267	141	4	0
268	141	3	0
271	141	4	0
276	141	4	0
290	141	4	0
303	141	3	0
308	141	3	0
311	141	4	0
313	141	4	0
326	141	3	0
346	141	4	0
378	141	3	0
379	141	4	0
393	141	2	0
394	141	3	0
405	141	2	0
417	141	3	0
429	141	3	0
435	141	2	0
450	141	3	0
472	141	4	0
474	141	4	0
484	141	4	0
496	141	3	0
497	141	3	0
504	141	3	0
536	141	4	0
537	141	3	0
561	141	2	0
562	141	4	0
601	141	4	0
642	141	4	0
650	141	4	0
694	141	5	0
712	141	3	0
716	141	4	0
738	141	3	0
749	141	4	0
756	141	3	0
758	141	4	0
767	141	4	0
788	141	3	0
804	141	3	0
805	141	2	0
807	141	3	0
815	141	4	0
823	141	4	0
843	141	4	0
846	141	4	0
847	141	3	0
848	141	4	0
862	141	4	0
881	141	3	0
896	141	3	0
897	141	4	0
932	141	4	0
1	162	4	0
5	162	1	0
7	162	5	0
10	162	4	0
18	162	4	0
23	162	3	0
38	162	5	0
60	162	4	0
62	162	4	0
64	162	3	0
85	162	2	0
90	162	5	0
106	162	5	0
109	162	2	0
151	162	5	0
152	162	5	0
161	162	2	0
174	162	5	0
188	162	4	0
189	162	3	0
194	162	3	0
222	162	2	0
224	162	4	0
230	162	4	0
234	162	3	0
239	162	5	0
243	162	4	0
244	162	4	0
254	162	3	0
263	162	5	0
269	162	3	0
275	162	3	0
280	162	3	0
290	162	3	0
293	162	3	0
295	162	4	0
301	162	3	0
308	162	4	0
313	162	3	0
316	162	3	0
318	162	5	0
328	162	4	0
354	162	3	0
373	162	3	0
374	162	2	0
378	162	4	0
398	162	5	0
401	162	5	0
407	162	4	0
409	162	4	0
417	162	3	0
429	162	4	0
435	162	1	0
437	162	4	0
450	162	5	0
452	162	3	0
454	162	3	0
457	162	5	0
488	162	3	0
495	162	3	0
504	162	4	0
535	162	3	0
538	162	3	0
551	162	5	0
561	162	3	0
568	162	2	0
573	162	4	0
588	162	5	0
593	162	5	0
608	162	3	0
610	162	5	0
622	162	3	0
627	162	3	0
629	162	5	0
639	162	3	0
643	162	3	0
650	162	3	0
655	162	3	0
659	162	3	0
664	162	4	0
666	162	4	0
693	162	3	0
707	162	5	0
711	162	5	0
716	162	4	0
719	162	4	0
721	162	2	0
734	162	3	0
747	162	5	0
749	162	3	0
760	162	3	0
763	162	4	0
788	162	3	0
798	162	3	0
804	162	2	0
805	162	2	0
806	162	3	0
835	162	5	0
843	162	2	0
848	162	2	0
850	162	3	0
868	162	3	0
890	162	4	0
892	162	4	0
932	162	4	0
934	162	3	0
1	163	4	0
5	163	5	0
7	163	4	0
13	163	3	0
22	163	1	0
44	163	4	0
60	163	4	0
85	163	3	0
87	163	4	0
98	163	3	0
102	163	2	0
125	163	5	0
148	163	4	0
151	163	4	0
158	163	4	0
210	163	3	0
234	163	3	0
254	163	2	0
263	163	5	0
268	163	2	0
269	163	2	0
279	163	5	0
293	163	4	0
301	163	3	0
305	163	3	0
307	163	3	0
308	163	4	0
313	163	2	0
315	163	3	0
334	163	4	0
339	163	4	0
343	163	5	0
347	163	4	0
363	163	3	0
373	163	4	0
379	163	4	0
380	163	2	0
395	163	5	0
398	163	3	0
406	163	3	0
407	163	3	0
417	163	4	0
429	163	4	0
435	163	3	0
450	163	4	0
452	163	4	0
481	163	4	0
495	163	5	0
497	163	2	0
504	163	4	0
508	163	3	0
521	163	3	0
523	163	5	0
530	163	3	0
536	163	5	0
539	163	4	0
543	163	4	0
559	163	4	0
561	163	3	0
566	163	5	0
593	163	4	0
601	163	4	0
608	163	1	0
623	163	3	0
643	163	4	0
650	163	3	0
653	163	4	0
660	163	2	0
666	163	3	0
682	163	3	0
690	163	3	0
694	163	4	0
707	163	2	0
716	163	4	0
727	163	4	0
747	163	4	0
758	163	5	0
767	163	4	0
798	163	3	0
804	163	3	0
815	163	4	0
833	163	3	0
836	163	5	0
840	163	4	0
848	163	5	0
864	163	4	0
890	163	3	0
911	163	4	0
916	163	3	0
932	163	4	0
933	163	2	0
934	163	4	0
5	378	1	0
7	378	5	0
18	378	3	0
20	378	3	0
44	378	3	0
60	378	4	0
65	378	5	0
85	378	4	0
95	378	4	0
122	378	4	0
128	378	5	0
151	378	4	0
184	378	4	0
189	378	4	0
200	378	5	0
222	378	1	0
224	378	4	0
230	378	5	0
233	378	4	0
234	378	4	0
250	378	4	0
254	378	3	0
263	378	5	0
269	378	3	0
271	378	4	0
290	378	3	0
295	378	4	0
299	378	3	0
308	378	3	0
311	378	5	0
314	378	5	0
318	378	4	0
326	378	4	0
340	378	5	0
342	378	4	0
345	378	4	0
373	378	5	0
381	378	4	0
385	378	1	0
389	378	5	0
391	378	3	0
393	378	4	0
395	378	5	0
399	378	3	0
405	378	4	0
416	378	5	0
429	378	3	0
437	378	4	0
450	378	5	0
454	378	3	0
457	378	4	0
472	378	4	0
474	378	4	0
487	378	5	0
495	378	5	0
496	378	1	0
505	378	5	0
508	378	5	0
533	378	4	0
536	378	5	0
537	378	2	0
541	378	5	0
545	378	3	0
553	378	3	0
554	378	4	0
566	378	4	0
588	378	3	0
601	378	2	0
610	378	5	0
618	378	4	0
642	378	3	0
650	378	3	0
653	378	3	0
655	378	1	0
665	378	3	0
682	378	3	0
693	378	2	0
694	378	3	0
707	378	3	0
711	378	4	0
712	378	4	0
719	378	4	0
727	378	3	0
731	378	1	0
749	378	5	0
766	378	4	0
790	378	3	0
796	378	4	0
798	378	4	0
804	378	4	0
833	378	3	0
835	378	4	0
843	378	2	0
846	378	4	0
868	378	2	0
870	378	3	0
882	378	5	0
887	378	5	0
892	378	4	0
897	378	5	0
901	378	5	0
5	404	2	0
7	404	5	0
10	404	4	0
13	404	5	0
16	404	5	0
18	404	4	0
23	404	4	0
25	404	3	0
38	404	5	0
42	404	5	0
49	404	3	0
59	404	3	0
60	404	3	0
70	404	4	0
85	404	3	0
94	404	4	0
95	404	5	0
128	404	3	0
130	404	5	0
167	404	3	0
194	404	3	0
210	404	5	0
234	404	4	0
246	404	3	0
250	404	4	0
268	404	4	0
276	404	4	0
280	404	3	0
286	404	5	0
290	404	3	0
291	404	4	0
293	404	4	0
295	404	4	0
301	404	3	0
303	404	4	0
308	404	3	0
311	404	3	0
313	404	4	0
318	404	3	0
339	404	4	0
347	404	4	0
373	404	4	0
378	404	4	0
389	404	5	0
393	404	3	0
399	404	3	0
401	404	2	0
405	404	4	0
406	404	5	0
409	404	2	0
416	404	3	0
417	404	3	0
426	404	3	0
429	404	4	0
435	404	2	0
437	404	5	0
452	404	4	0
454	404	3	0
465	404	2	0
471	404	2	0
472	404	3	0
487	404	4	0
493	404	4	0
495	404	4	0
504	404	4	0
506	404	5	0
532	404	5	0
536	404	4	0
537	404	3	0
541	404	4	0
545	404	4	0
588	404	3	0
606	404	4	0
618	404	5	0
620	404	4	0
621	404	3	0
622	404	3	0
632	404	5	0
642	404	3	0
643	404	4	0
650	404	3	0
660	404	2	0
698	404	1	0
711	404	3	0
712	404	3	0
716	404	4	0
747	404	5	0
749	404	5	0
756	404	3	0
786	404	4	0
807	404	3	0
815	404	4	0
823	404	4	0
846	404	4	0
847	404	3	0
864	404	4	0
887	404	4	0
890	404	4	0
897	404	4	0
911	404	3	0
927	404	4	0
5	416	1	0
7	416	5	0
12	416	3	0
13	416	3	0
18	416	5	0
59	416	3	0
60	416	4	0
85	416	3	0
95	416	4	0
128	416	3	0
216	416	3	0
234	416	4	0
246	416	3	0
254	416	4	0
263	416	5	0
275	416	3	0
280	416	5	0
291	416	4	0
293	416	4	0
295	416	4	0
303	416	3	0
311	416	4	0
345	416	4	0
347	416	3	0
380	416	2	0
389	416	4	0
394	416	5	0
405	416	2	0
407	416	3	0
416	416	4	0
450	416	5	0
453	416	2	0
472	416	3	0
474	416	4	0
495	416	5	0
496	416	1	0
497	416	2	0
503	416	2	0
504	416	4	0
524	416	4	0
536	416	4	0
562	416	5	0
601	416	3	0
618	416	4	0
620	416	4	0
629	416	4	0
642	416	5	0
650	416	3	0
653	416	1	0
679	416	3	0
705	416	3	0
711	416	3	0
712	416	3	0
716	416	3	0
747	416	5	0
786	416	4	0
807	416	3	0
843	416	2	0
862	416	3	0
878	416	5	0
882	416	4	0
887	416	2	0
897	416	5	0
932	416	3	0
5	418	3	0
7	418	4	0
10	418	4	0
13	418	2	0
16	418	5	0
18	418	3	0
23	418	4	0
38	418	5	0
42	418	5	0
43	418	4	0
49	418	3	0
59	418	2	0
60	418	3	0
70	418	3	0
82	418	4	0
85	418	3	0
91	418	2	0
92	418	3	0
94	418	3	0
102	418	3	0
128	418	4	0
130	418	5	0
148	418	3	0
151	418	3	0
189	418	3	0
222	418	2	0
225	418	5	0
230	418	5	0
233	418	4	0
234	418	3	0
246	418	3	0
250	418	5	0
251	418	4	0
254	418	3	0
262	418	3	0
275	418	3	0
276	418	4	0
279	418	3	0
290	418	3	0
291	418	4	0
298	418	4	0
299	418	4	0
301	418	3	0
303	418	4	0
311	418	4	0
313	418	3	0
314	418	5	0
327	418	3	0
330	418	5	0
340	418	5	0
347	418	4	0
373	418	5	0
378	418	3	0
381	418	3	0
387	418	3	0
389	418	4	0
393	418	3	0
394	418	4	0
399	418	3	0
405	418	5	0
406	418	5	0
407	418	4	0
416	418	4	0
417	418	4	0
426	418	3	0
429	418	3	0
437	418	3	0
450	418	4	0
452	418	4	0
454	418	3	0
471	418	3	0
472	418	3	0
474	418	3	0
488	418	3	0
495	418	4	0
496	418	3	0
497	418	3	0
504	418	3	0
506	418	4	0
524	418	1	0
541	418	5	0
542	418	4	0
562	418	5	0
592	418	4	0
601	418	2	0
606	418	5	0
608	418	1	0
618	418	3	0
620	418	3	0
621	418	3	0
622	418	3	0
642	418	5	0
643	418	4	0
654	418	4	0
661	418	4	0
665	418	4	0
710	418	3	0
712	418	3	0
716	418	4	0
738	418	3	0
747	418	5	0
749	418	5	0
751	418	5	0
756	418	3	0
763	418	4	0
764	418	4	0
774	418	2	0
786	418	4	0
796	418	4	0
798	418	4	0
805	418	2	0
807	418	4	0
815	418	4	0
823	418	4	0
830	418	3	0
844	418	3	0
864	418	3	0
865	418	1	0
875	418	4	0
878	418	3	0
880	418	4	0
885	418	4	0
887	418	4	0
892	418	4	0
897	418	4	0
912	418	4	0
913	418	3	0
919	418	4	0
922	418	4	0
5	419	3	0
6	419	4	0
7	419	3	0
13	419	3	0
18	419	3	0
23	419	3	0
25	419	4	0
38	419	5	0
42	419	5	0
44	419	4	0
49	419	4	0
57	419	3	0
59	419	2	0
60	419	3	0
64	419	2	0
70	419	5	0
85	419	5	0
94	419	3	0
95	419	4	0
128	419	3	0
130	419	5	0
151	419	3	0
165	419	4	0
175	419	5	0
188	419	5	0
194	419	2	0
200	419	4	0
210	419	4	0
222	419	2	0
230	419	4	0
232	419	4	0
234	419	4	0
235	419	5	0
236	419	5	0
239	419	3	0
254	419	4	0
262	419	3	0
263	419	5	0
271	419	3	0
275	419	3	0
276	419	5	0
280	419	3	0
286	419	5	0
290	419	4	0
292	419	4	0
293	419	3	0
295	419	4	0
297	419	3	0
298	419	5	0
301	419	3	0
303	419	4	0
307	419	4	0
308	419	4	0
311	419	3	0
312	419	3	0
313	419	3	0
314	419	4	0
318	419	5	0
321	419	4	0
326	419	3	0
327	419	4	0
330	419	5	0
334	419	3	0
354	419	4	0
378	419	4	0
379	419	4	0
380	419	3	0
381	419	5	0
385	419	2	0
389	419	3	0
393	419	4	0
394	419	5	0
399	419	3	0
405	419	4	0
406	419	1	0
416	419	4	0
417	419	4	0
429	419	4	0
437	419	5	0
450	419	5	0
452	419	4	0
454	419	4	0
456	419	4	0
472	419	4	0
474	419	4	0
484	419	4	0
487	419	3	0
488	419	3	0
495	419	1	0
496	419	2	0
504	419	3	0
505	419	3	0
514	419	4	0
524	419	1	0
532	419	5	0
535	419	3	0
536	419	3	0
537	419	2	0
541	419	5	0
545	419	3	0
566	419	2	0
588	419	5	0
601	419	4	0
603	419	2	0
606	419	4	0
608	419	4	0
610	419	5	0
618	419	4	0
620	419	2	0
621	419	4	0
622	419	4	0
632	419	4	0
642	419	4	0
643	419	4	0
650	419	4	0
659	419	5	0
660	419	2	0
665	419	4	0
670	419	4	0
679	419	3	0
682	419	3	0
693	419	2	0
694	419	4	0
698	419	3	0
705	419	3	0
707	419	3	0
710	419	4	0
711	419	5	0
712	419	3	0
716	419	5	0
727	419	2	0
731	419	4	0
734	419	4	0
747	419	5	0
749	419	5	0
751	419	4	0
756	419	3	0
758	419	4	0
766	419	3	0
780	419	4	0
786	419	4	0
795	419	3	0
796	419	5	0
798	419	4	0
804	419	3	0
805	419	4	0
806	419	5	0
807	419	5	0
815	419	3	0
823	419	4	0
836	419	2	0
838	419	5	0
840	419	5	0
843	419	2	0
846	419	5	0
847	419	3	0
848	419	5	0
850	419	5	0
864	419	4	0
868	419	3	0
881	419	5	0
882	419	5	0
885	419	4	0
886	419	3	0
887	419	2	0
892	419	3	0
897	419	4	0
901	419	5	0
908	419	4	0
911	419	5	0
912	419	4	0
913	419	5	0
918	419	3	0
919	419	5	0
921	419	5	0
929	419	4	0
934	419	4	0
943	419	2	0
5	420	3	0
7	420	5	0
10	420	4	0
13	420	4	0
38	420	5	0
49	420	4	0
60	420	4	0
64	420	3	0
85	420	4	0
94	420	4	0
95	420	4	0
130	420	5	0
151	420	5	0
200	420	5	0
210	420	4	0
230	420	5	0
236	420	4	0
246	420	3	0
262	420	3	0
275	420	2	0
276	420	4	0
280	420	3	0
291	420	4	0
293	420	4	0
295	420	4	0
301	420	3	0
303	420	4	0
308	420	4	0
311	420	1	0
313	420	5	0
373	420	4	0
378	420	4	0
389	420	3	0
393	420	3	0
399	420	3	0
405	420	5	0
406	420	4	0
416	420	3	0
417	420	4	0
435	420	4	0
437	420	3	0
452	420	3	0
471	420	1	0
472	420	3	0
496	420	3	0
497	420	3	0
504	420	3	0
532	420	4	0
541	420	4	0
542	420	3	0
618	420	3	0
620	420	3	0
621	420	4	0
642	420	4	0
643	420	4	0
650	420	3	0
682	420	3	0
707	420	3	0
710	420	4	0
711	420	5	0
712	420	3	0
716	420	4	0
749	420	4	0
756	420	4	0
758	420	3	0
794	420	4	0
798	420	3	0
805	420	4	0
807	420	3	0
826	420	3	0
843	420	3	0
881	420	3	0
882	420	5	0
885	420	4	0
887	420	5	0
892	420	2	0
896	420	4	0
911	420	4	0
927	420	5	0
934	420	4	0
940	420	4	0
5	432	4	0
6	432	4	0
7	432	4	0
10	432	4	0
13	432	4	0
18	432	4	0
23	432	4	0
25	432	2	0
38	432	1	0
42	432	3	0
43	432	3	0
44	432	5	0
49	432	5	0
56	432	5	0
59	432	4	0
70	432	3	0
81	432	2	0
82	432	4	0
85	432	4	0
92	432	3	0
94	432	4	0
95	432	3	0
97	432	4	0
102	432	3	0
123	432	5	0
128	432	2	0
148	432	5	0
151	432	5	0
160	432	3	0
165	432	5	0
194	432	4	0
200	432	5	0
201	432	3	0
213	432	4	0
215	432	5	0
222	432	3	0
230	432	4	0
233	432	3	0
234	432	4	0
236	432	5	0
239	432	5	0
246	432	3	0
254	432	2	0
262	432	3	0
263	432	2	0
268	432	3	0
269	432	4	0
275	432	4	0
276	432	5	0
279	432	3	0
283	432	5	0
286	432	3	0
290	432	5	0
293	432	5	0
297	432	4	0
298	432	4	0
299	432	3	0
303	432	3	0
308	432	4	0
311	432	4	0
312	432	5	0
313	432	5	0
321	432	5	0
325	432	5	0
328	432	1	0
330	432	4	0
347	432	4	0
354	432	3	0
373	432	5	0
378	432	4	0
381	432	5	0
387	432	4	0
398	432	3	0
399	432	3	0
405	432	3	0
406	432	5	0
407	432	4	0
415	432	4	0
416	432	2	0
426	432	3	0
429	432	4	0
435	432	3	0
437	432	3	0
450	432	4	0
452	432	2	0
456	432	4	0
468	432	5	0
471	432	1	0
472	432	5	0
483	432	3	0
487	432	3	0
495	432	5	0
496	432	4	0
497	432	3	0
503	432	5	0
506	432	4	0
514	432	4	0
523	432	5	0
524	432	1	0
536	432	4	0
541	432	4	0
542	432	5	0
543	432	4	0
554	432	4	0
561	432	5	0
562	432	5	0
588	432	4	0
592	432	1	0
606	432	5	0
618	432	5	0
620	432	4	0
621	432	4	0
622	432	5	0
632	432	3	0
641	432	5	0
642	432	2	0
643	432	5	0
648	432	5	0
650	432	4	0
660	432	4	0
665	432	4	0
666	432	3	0
679	432	4	0
693	432	4	0
694	432	4	0
704	432	5	0
710	432	5	0
711	432	4	0
712	432	4	0
716	432	5	0
727	432	2	0
747	432	5	0
751	432	4	0
756	432	4	0
757	432	3	0
763	432	5	0
764	432	5	0
766	432	3	0
767	432	5	0
773	432	4	0
776	432	1	0
788	432	1	0
795	432	3	0
796	432	2	0
798	432	4	0
804	432	3	0
805	432	5	0
807	432	5	0
815	432	5	0
822	432	3	0
826	432	3	0
830	432	3	0
833	432	4	0
840	432	5	0
843	432	2	0
844	432	5	0
846	432	3	0
848	432	2	0
862	432	5	0
864	432	2	0
865	432	1	0
868	432	2	0
878	432	3	0
881	432	3	0
882	432	5	0
885	432	4	0
887	432	5	0
892	432	4	0
911	432	3	0
913	432	3	0
919	432	4	0
922	432	5	0
932	432	4	0
934	432	5	0
5	443	4	0
7	443	5	0
13	443	4	0
16	443	5	0
18	443	3	0
21	443	4	0
28	443	4	0
42	443	3	0
44	443	5	0
56	443	4	0
59	443	5	0
60	443	4	0
62	443	3	0
72	443	3	0
85	443	4	0
90	443	4	0
94	443	4	0
95	443	3	0
102	443	3	0
115	443	4	0
130	443	5	0
135	443	4	0
145	443	3	0
151	443	5	0
169	443	4	0
184	443	3	0
188	443	4	0
193	443	4	0
194	443	3	0
200	443	5	0
201	443	3	0
210	443	4	0
211	443	1	0
215	443	4	0
230	443	4	0
234	443	3	0
236	443	4	0
239	443	5	0
254	443	3	0
255	443	1	0
256	443	3	0
262	443	3	0
263	443	5	0
264	443	5	0
270	443	3	0
271	443	3	0
276	443	4	0
293	443	4	0
297	443	2	0
301	443	4	0
303	443	4	0
308	443	3	0
311	443	3	0
312	443	4	0
313	443	5	0
325	443	4	0
326	443	5	0
328	443	4	0
330	443	4	0
334	443	3	0
338	443	5	0
345	443	5	0
361	443	3	0
363	443	4	0
366	443	5	0
367	443	4	0
370	443	5	0
371	443	4	0
372	443	4	0
374	443	5	0
375	443	4	0
377	443	4	0
378	443	4	0
379	443	4	0
380	443	4	0
381	443	5	0
385	443	3	0
393	443	3	0
405	443	4	0
406	443	4	0
407	443	3	0
416	443	5	0
421	443	5	0
425	443	2	0
429	443	4	0
435	443	3	0
437	443	4	0
450	443	4	0
452	443	5	0
456	443	4	0
457	443	4	0
472	443	4	0
480	443	4	0
496	443	2	0
498	443	3	0
500	443	4	0
503	443	5	0
504	443	3	0
506	443	4	0
508	443	4	0
524	443	4	0
530	443	4	0
533	443	3	0
536	443	3	0
537	443	3	0
543	443	4	0
548	443	4	0
561	443	4	0
562	443	5	0
566	443	4	0
577	443	4	0
588	443	3	0
592	443	5	0
601	443	4	0
604	443	3	0
608	443	5	0
617	443	4	0
618	443	4	0
642	443	2	0
643	443	4	0
648	443	2	0
650	443	5	0
655	443	4	0
659	443	5	0
661	443	4	0
666	443	4	0
671	443	3	0
682	443	3	0
690	443	3	0
693	443	2	0
707	443	3	0
716	443	4	0
747	443	5	0
749	443	4	0
766	443	3	0
776	443	3	0
788	443	4	0
796	443	2	0
798	443	3	0
802	443	4	0
804	443	5	0
805	443	5	0
814	443	3	0
815	443	3	0
833	443	3	0
840	443	5	0
843	443	4	0
846	443	4	0
848	443	5	0
864	443	4	0
870	443	3	0
881	443	5	0
887	443	4	0
890	443	4	0
897	443	5	0
901	443	3	0
903	443	5	0
911	443	4	0
912	443	4	0
918	443	3	0
932	443	4	0
943	443	2	0
6	465	1	0
7	465	4	0
38	465	5	0
49	465	3	0
59	465	2	0
83	465	4	0
85	465	4	0
94	465	5	0
95	465	3	0
128	465	4	0
130	465	5	0
167	465	5	0
178	465	3	0
193	465	3	0
194	465	3	0
200	465	4	0
210	465	4	0
222	465	2	0
234	465	2	0
253	465	5	0
254	465	3	0
263	465	4	0
279	465	5	0
280	465	3	0
286	465	5	0
290	465	3	0
295	465	4	0
297	465	3	0
298	465	4	0
301	465	4	0
311	465	4	0
313	465	3	0
330	465	5	0
347	465	3	0
373	465	4	0
374	465	5	0
378	465	3	0
380	465	4	0
393	465	4	0
399	465	3	0
405	465	1	0
417	465	4	0
435	465	2	0
450	465	4	0
452	465	5	0
454	465	3	0
455	465	3	0
471	465	5	0
472	465	3	0
495	465	5	0
497	465	3	0
504	465	3	0
506	465	4	0
541	465	4	0
566	465	2	0
577	465	4	0
620	465	4	0
630	465	1	0
642	465	4	0
682	465	3	0
698	465	3	0
712	465	4	0
716	465	5	0
727	465	2	0
734	465	4	0
739	465	1	0
749	465	4	0
766	465	3	0
786	465	4	0
795	465	3	0
798	465	4	0
807	465	4	0
815	465	5	0
835	465	3	0
840	465	4	0
843	465	2	0
864	465	3	0
881	465	3	0
882	465	3	0
887	465	5	0
892	465	4	0
897	465	5	0
901	465	4	0
911	465	5	0
913	465	2	0
6	485	5	0
7	485	5	0
13	485	1	0
18	485	5	0
51	485	1	0
59	485	2	0
60	485	4	0
85	485	5	0
90	485	5	0
95	485	5	0
114	485	3	0
123	485	5	0
125	485	5	0
128	485	3	0
151	485	5	0
172	485	3	0
183	485	5	0
184	485	4	0
188	485	3	0
189	485	4	0
193	485	5	0
194	485	3	0
221	485	2	0
230	485	5	0
234	485	3	0
237	485	4	0
250	485	4	0
253	485	5	0
262	485	4	0
271	485	4	0
293	485	3	0
295	485	4	0
296	485	5	0
297	485	3	0
298	485	3	0
299	485	4	0
305	485	2	0
308	485	3	0
311	485	1	0
312	485	4	0
313	485	3	0
318	485	5	0
321	485	4	0
325	485	3	0
326	485	5	0
330	485	5	0
334	485	3	0
339	485	5	0
345	485	4	0
354	485	4	0
373	485	4	0
378	485	4	0
381	485	4	0
385	485	4	0
389	485	5	0
393	485	2	0
398	485	5	0
401	485	4	0
406	485	3	0
409	485	2	0
411	485	4	0
417	485	3	0
429	485	3	0
437	485	4	0
450	485	5	0
452	485	2	0
454	485	4	0
456	485	4	0
457	485	4	0
472	485	3	0
474	485	4	0
479	485	3	0
480	485	4	0
488	485	3	0
496	485	3	0
503	485	4	0
504	485	4	0
524	485	2	0
528	485	2	0
532	485	5	0
537	485	3	0
553	485	3	0
562	485	5	0
566	485	3	0
588	485	5	0
607	485	3	0
610	485	5	0
618	485	3	0
632	485	4	0
642	485	5	0
650	485	3	0
660	485	3	0
670	485	5	0
694	485	4	0
698	485	4	0
707	485	4	0
711	485	4	0
716	485	5	0
731	485	4	0
734	485	5	0
747	485	5	0
749	485	4	0
751	485	4	0
766	485	3	0
776	485	2	0
780	485	4	0
790	485	3	0
796	485	4	0
798	485	5	0
806	485	5	0
807	485	5	0
815	485	4	0
835	485	5	0
843	485	2	0
846	485	5	0
847	485	3	0
848	485	5	0
850	485	5	0
862	485	5	0
878	485	3	0
897	485	3	0
907	485	5	0
911	485	3	0
918	485	3	0
943	485	5	0
6	496	4	0
7	496	5	0
10	496	5	0
16	496	5	0
18	496	5	0
20	496	5	0
42	496	5	0
43	496	5	0
44	496	4	0
48	496	5	0
51	496	4	0
57	496	4	0
58	496	2	0
59	496	4	0
60	496	4	0
64	496	5	0
70	496	4	0
75	496	5	0
82	496	4	0
85	496	4	0
87	496	5	0
90	496	4	0
94	496	3	0
95	496	4	0
97	496	2	0
114	496	4	0
115	496	1	0
124	496	1	0
125	496	5	0
128	496	5	0
130	496	5	0
138	496	4	0
148	496	3	0
151	496	4	0
154	496	3	0
161	496	3	0
175	496	5	0
184	496	5	0
189	496	5	0
194	496	4	0
195	496	4	0
200	496	5	0
214	496	4	0
215	496	5	0
216	496	5	0
221	496	3	0
230	496	5	0
234	496	4	0
235	496	4	0
236	496	3	0
250	496	4	0
253	496	5	0
254	496	4	0
262	496	4	0
263	496	5	0
269	496	5	0
271	496	5	0
274	496	5	0
275	496	3	0
276	496	4	0
280	496	5	0
290	496	4	0
291	496	5	0
293	496	5	0
295	496	5	0
298	496	5	0
299	496	3	0
301	496	5	0
308	496	3	0
311	496	5	0
312	496	5	0
313	496	5	0
314	496	4	0
321	496	4	0
326	496	5	0
330	496	5	0
334	496	3	0
339	496	5	0
342	496	4	0
343	496	5	0
344	496	4	0
346	496	5	0
354	496	3	0
360	496	3	0
363	496	4	0
371	496	4	0
373	496	5	0
378	496	3	0
379	496	5	0
380	496	4	0
382	496	3	0
383	496	5	0
385	496	2	0
387	496	3	0
389	496	4	0
393	496	5	0
394	496	5	0
398	496	5	0
399	496	3	0
406	496	4	0
407	496	5	0
409	496	5	0
416	496	5	0
417	496	3	0
426	496	3	0
429	496	4	0
435	496	4	0
437	496	4	0
450	496	5	0
452	496	5	0
453	496	4	0
454	496	4	0
458	496	3	0
465	496	3	0
472	496	4	0
474	496	4	0
478	496	5	0
479	496	3	0
488	496	4	0
495	496	5	0
496	496	1	0
498	496	3	0
503	496	5	0
505	496	5	0
506	496	5	0
521	496	2	0
524	496	2	0
527	496	4	0
532	496	5	0
533	496	5	0
535	496	5	0
536	496	5	0
537	496	4	0
538	496	5	0
539	496	3	0
542	496	4	0
553	496	3	0
556	496	5	0
560	496	3	0
561	496	3	0
566	496	5	0
567	496	5	0
571	496	3	0
577	496	5	0
586	496	3	0
588	496	3	0
593	496	5	0
601	496	4	0
605	496	5	0
617	496	1	0
618	496	4	0
622	496	4	0
630	496	3	0
640	496	4	0
641	496	2	0
642	496	4	0
643	496	4	0
645	496	3	0
647	496	4	0
648	496	4	0
650	496	4	0
653	496	2	0
654	496	4	0
659	496	5	0
660	496	3	0
661	496	5	0
664	496	5	0
665	496	3	0
666	496	4	0
690	496	4	0
691	496	5	0
694	496	4	0
698	496	3	0
704	496	5	0
707	496	3	0
710	496	4	0
711	496	5	0
716	496	5	0
731	496	5	0
734	496	5	0
738	496	4	0
741	496	5	0
747	496	5	0
748	496	4	0
749	496	5	0
758	496	3	0
764	496	5	0
766	496	5	0
771	496	5	0
776	496	3	0
778	496	1	0
780	496	4	0
785	496	4	0
786	496	5	0
790	496	3	0
796	496	5	0
804	496	5	0
806	496	5	0
807	496	5	0
815	496	5	0
836	496	4	0
840	496	5	0
846	496	3	0
847	496	4	0
848	496	2	0
850	496	5	0
862	496	5	0
864	496	5	0
867	496	5	0
868	496	2	0
870	496	5	0
875	496	4	0
878	496	5	0
882	496	5	0
883	496	2	0
886	496	4	0
887	496	4	0
890	496	5	0
892	496	5	0
896	496	4	0
897	496	5	0
899	496	5	0
907	496	4	0
908	496	5	0
911	496	3	0
912	496	4	0
924	496	5	0
928	496	5	0
929	496	3	0
932	496	4	0
942	496	5	0
6	501	5	0
7	501	5	0
13	501	5	0
25	501	3	0
38	501	5	0
42	501	5	0
43	501	4	0
49	501	3	0
56	501	3	0
58	501	2	0
59	501	1	0
60	501	3	0
70	501	4	0
85	501	3	0
90	501	5	0
91	501	2	0
92	501	2	0
94	501	4	0
102	501	2	0
128	501	3	0
130	501	5	0
148	501	4	0
189	501	4	0
194	501	3	0
198	501	4	0
200	501	4	0
210	501	4	0
222	501	2	0
230	501	3	0
233	501	3	0
234	501	4	0
250	501	5	0
254	501	3	0
275	501	3	0
276	501	4	0
279	501	3	0
291	501	4	0
293	501	4	0
299	501	3	0
301	501	3	0
303	501	4	0
308	501	4	0
311	501	5	0
313	501	5	0
314	501	4	0
318	501	4	0
320	501	3	0
326	501	3	0
330	501	5	0
347	501	4	0
378	501	4	0
381	501	4	0
387	501	4	0
389	501	5	0
393	501	3	0
398	501	3	0
399	501	2	0
401	501	2	0
405	501	3	0
406	501	5	0
416	501	5	0
417	501	3	0
435	501	3	0
437	501	4	0
450	501	4	0
452	501	3	0
471	501	3	0
472	501	3	0
487	501	4	0
495	501	3	0
497	501	2	0
505	501	2	0
524	501	2	0
532	501	5	0
536	501	3	0
537	501	3	0
541	501	4	0
542	501	4	0
561	501	3	0
562	501	5	0
592	501	4	0
593	501	2	0
606	501	4	0
618	501	4	0
620	501	4	0
621	501	3	0
622	501	3	0
642	501	2	0
643	501	4	0
650	501	3	0
661	501	4	0
710	501	3	0
712	501	3	0
716	501	5	0
737	501	1	0
747	501	5	0
749	501	4	0
756	501	3	0
774	501	1	0
786	501	4	0
805	501	5	0
807	501	3	0
815	501	3	0
826	501	3	0
830	501	3	0
840	501	4	0
843	501	2	0
847	501	3	0
848	501	3	0
864	501	3	0
865	501	1	0
868	501	3	0
875	501	4	0
882	501	5	0
885	501	3	0
887	501	4	0
890	501	4	0
892	501	3	0
897	501	5	0
911	501	3	0
912	501	4	0
927	501	4	0
934	501	4	0
7	584	4	0
58	584	5	0
59	584	4	0
70	584	3	0
83	584	4	0
94	584	4	0
106	584	4	0
109	584	2	0
151	584	3	0
184	584	3	0
200	584	4	0
233	584	4	0
234	584	3	0
244	584	5	0
254	584	3	0
270	584	5	0
280	584	4	0
308	584	4	0
311	584	3	0
312	584	5	0
330	584	3	0
340	584	3	0
342	584	4	0
354	584	5	0
358	584	4	0
389	584	4	0
401	584	3	0
405	584	1	0
429	584	4	0
435	584	3	0
437	584	3	0
450	584	5	0
455	584	4	0
457	584	4	0
465	584	3	0
468	584	4	0
472	584	1	0
474	584	5	0
479	584	3	0
497	584	4	0
500	584	1	0
505	584	4	0
524	584	1	0
536	584	5	0
537	584	2	0
541	584	3	0
561	584	3	0
585	584	3	0
588	584	3	0
593	584	3	0
601	584	4	0
621	584	5	0
625	584	3	0
639	584	2	0
642	584	4	0
655	584	3	0
694	584	4	0
712	584	4	0
747	584	5	0
749	584	3	0
766	584	3	0
790	584	4	0
798	584	3	0
804	584	4	0
807	584	4	0
815	584	3	0
838	584	4	0
848	584	3	0
850	584	4	0
861	584	5	0
877	584	4	0
878	584	4	0
880	584	3	0
883	584	3	0
885	584	3	0
886	584	4	0
911	584	3	0
934	584	4	0
942	584	4	0
7	609	3	0
18	609	4	0
28	609	3	0
48	609	4	0
59	609	2	0
60	609	3	0
83	609	4	0
90	609	5	0
128	609	4	0
151	609	4	0
200	609	3	0
207	609	4	0
213	609	4	0
230	609	3	0
234	609	3	0
244	609	3	0
262	609	3	0
280	609	4	0
308	609	4	0
312	609	3	0
313	609	3	0
314	609	4	0
326	609	3	0
347	609	4	0
401	609	3	0
409	609	3	0
426	609	3	0
435	609	4	0
450	609	5	0
452	609	4	0
472	609	5	0
474	609	4	0
479	609	5	0
514	609	4	0
533	609	4	0
535	609	4	0
537	609	3	0
553	609	4	0
593	609	3	0
608	609	5	0
618	609	4	0
632	609	3	0
642	609	3	0
659	609	4	0
683	609	3	0
716	609	3	0
727	609	3	0
749	609	4	0
763	609	4	0
766	609	3	0
790	609	2	0
804	609	3	0
835	609	4	0
840	609	4	0
846	609	5	0
847	609	2	0
864	609	3	0
887	609	4	0
897	609	5	0
943	609	2	0
10	699	4	0
11	699	4	0
18	699	5	0
24	699	3	0
43	699	4	0
59	699	4	0
60	699	4	0
62	699	4	0
72	699	3	0
80	699	3	0
90	699	4	0
95	699	2	0
106	699	4	0
122	699	5	0
144	699	4	0
151	699	4	0
152	699	5	0
174	699	5	0
184	699	5	0
201	699	3	0
224	699	4	0
230	699	4	0
234	699	3	0
236	699	4	0
243	699	4	0
253	699	4	0
254	699	3	0
262	699	5	0
263	699	4	0
268	699	3	0
271	699	4	0
280	699	4	0
290	699	3	0
297	699	4	0
308	699	4	0
311	699	4	0
314	699	5	0
328	699	4	0
330	699	5	0
342	699	4	0
347	699	1	0
354	699	3	0
363	699	2	0
373	699	4	0
378	699	4	0
380	699	3	0
389	699	5	0
405	699	2	0
406	699	4	0
416	699	5	0
437	699	4	0
450	699	4	0
457	699	4	0
468	699	3	0
474	699	4	0
484	699	4	0
492	699	3	0
496	699	3	0
500	699	3	0
504	699	4	0
506	699	4	0
535	699	4	0
536	699	3	0
537	699	4	0
541	699	4	0
588	699	4	0
593	699	4	0
601	699	3	0
608	699	5	0
610	699	2	0
615	699	3	0
618	699	3	0
620	699	5	0
627	699	1	0
629	699	3	0
642	699	5	0
652	699	5	0
655	699	2	0
659	699	3	0
665	699	4	0
666	699	3	0
682	699	3	0
694	699	4	0
705	699	5	0
711	699	5	0
712	699	5	0
721	699	3	0
734	699	4	0
741	699	4	0
748	699	3	0
786	699	4	0
788	699	3	0
796	699	4	0
798	699	3	0
807	699	4	0
846	699	3	0
870	699	3	0
878	699	1	0
887	699	1	0
897	699	4	0
907	699	5	0
922	699	3	0
18	969	3	0
25	969	3	0
41	969	4	0
42	969	5	0
43	969	5	0
56	969	3	0
59	969	3	0
64	969	3	0
94	969	4	0
115	969	1	0
148	969	4	0
151	969	5	0
160	969	1	0
210	969	4	0
223	969	5	0
230	969	4	0
250	969	5	0
275	969	2	0
276	969	4	0
279	969	3	0
286	969	5	0
313	969	4	0
326	969	4	0
330	969	5	0
334	969	4	0
340	969	5	0
378	969	4	0
387	969	3	0
389	969	4	0
398	969	4	0
399	969	3	0
405	969	3	0
407	969	4	0
412	969	3	0
424	969	1	0
437	969	4	0
450	969	4	0
452	969	2	0
458	969	4	0
459	969	3	0
471	969	2	0
495	969	4	0
504	969	4	0
588	969	5	0
592	969	4	0
606	969	5	0
608	969	5	0
618	969	3	0
620	969	4	0
641	969	4	0
642	969	2	0
643	969	4	0
650	969	3	0
654	969	5	0
670	969	2	0
686	969	5	0
711	969	5	0
712	969	4	0
716	969	4	0
738	969	4	0
739	969	1	0
749	969	4	0
757	969	3	0
804	969	4	0
807	969	4	0
815	969	5	0
850	969	5	0
852	969	5	0
862	969	5	0
864	969	4	0
882	969	5	0
887	969	5	0
892	969	4	0
911	969	5	0
942	969	4	0
