1	7	4	0
6	7	2	0
7	7	5	0
8	7	3	0
9	7	4	0
10	7	4	0
13	7	2	0
14	7	5	0
15	7	1	0
16	7	5	0
17	7	4	0
21	7	5	0
23	7	4	0
24	7	4	0
25	7	4	0
26	7	3	0
28	7	5	0
30	7	4	0
32	7	4	0
37	7	4	0
43	7	4	0
44	7	5	0
45	7	3	0
46	7	4	0
49	7	4	0
52	7	5	0
53	7	3	0
54	7	4	0
55	7	3	0
56	7	5	0
57	7	4	0
58	7	5	0
59	7	4	0
60	7	5	0
62	7	4	0
64	7	4	0
65	7	1	0
66	7	3	0
67	7	5	0
68	7	3	0
69	7	5	0
72	7	1	0
73	7	4	0
74	7	4	0
76	7	4	0
79	7	5	0
81	7	4	0
82	7	3	0
84	7	4	0
87	7	4	0
89	7	5	0
92	7	4	0
94	7	4	0
95	7	5	0
96	7	5	0
97	7	5	0
99	7	4	0
101	7	3	0
102	7	2	0
104	7	3	0
108	7	5	0
109	7	4	0
113	7	3	0
115	7	5	0
116	7	2	0
117	7	3	0
118	7	5	0
119	7	5	0
124	7	4	0
130	7	5	0
141	7	5	0
142	7	4	0
144	7	2	0
145	7	5	0
148	7	5	0
151	7	4	0
158	7	5	0
159	7	5	0
160	7	3	0
162	7	3	0
168	7	1	0
176	7	5	0
177	7	4	0
178	7	4	0
181	7	4	0
184	7	3	0
188	7	5	0
189	7	3	0
190	7	4	0
192	7	4	0
194	7	3	0
198	7	4	0
199	7	4	0
200	7	4	0
201	7	3	0
203	7	3	0
213	7	4	0
214	7	5	0
216	7	5	0
217	7	4	0
221	7	4	0
222	7	5	0
226	7	4	0
227	7	5	0
230	7	3	0
234	7	2	0
235	7	4	0
243	7	3	0
244	7	4	0
247	7	4	0
248	7	2	0
249	7	5	0
250	7	4	0
251	7	3	0
252	7	4	0
255	7	2	0
256	7	4	0
262	7	4	0
264	7	5	0
265	7	2	0
267	7	5	0
268	7	4	0
269	7	3	0
270	7	4	0
276	7	5	0
277	7	2	0
279	7	5	0
280	7	4	0
286	7	4	0
289	7	4	0
291	7	5	0
292	7	3	0
293	7	3	0
294	7	4	0
295	7	5	0
296	7	5	0
297	7	4	0
299	7	3	0
301	7	4	0
303	7	4	0
305	7	4	0
308	7	4	0
314	7	4	0
320	7	4	0
321	7	4	0
323	7	2	0
327	7	3	0
328	7	4	0
329	7	3	0
331	7	4	0
332	7	4	0
334	7	5	0
339	7	4	0
342	7	4	0
343	7	5	0
344	7	4	0
346	7	2	0
347	7	4	0
348	7	4	0
352	7	3	0
354	7	4	0
357	7	3	0
359	7	5	0
363	7	3	0
365	7	2	0
366	7	2	0
367	7	5	0
368	7	4	0
372	7	3	0
374	7	1	0
377	7	4	0
378	7	4	0
379	7	5	0
380	7	3	0
382	7	2	0
386	7	3	0
387	7	5	0
393	7	4	0
394	7	5	0
397	7	5	0
402	7	4	0
403	7	5	0
406	7	4	0
407	7	4	0
412	7	5	0
413	7	3	0
416	7	4	0
417	7	3	0
421	7	3	0
422	7	3	0
425	7	3	0
429	7	2	0
430	7	3	0
432	7	2	0
434	7	1	0
435	7	4	0
439	7	4	0
441	7	4	0
442	7	4	0
445	7	1	0
447	7	5	0
450	7	4	0
452	7	5	0
453	7	5	0
455	7	4	0
457	7	4	0
458	7	4	0
459	7	5	0
460	7	3	0
463	7	4	0
465	7	5	0
466	7	4	0
467	7	5	0
468	7	3	0
470	7	3	0
472	7	5	0
473	7	2	0
474	7	5	0
478	7	1	0
484	7	4	0
486	7	5	0
490	7	3	0
491	7	3	0
493	7	3	0
496	7	4	0
497	7	3	0
498	7	3	0
499	7	4	0
500	7	5	0
501	7	4	0
505	7	3	0
514	7	5	0
518	7	3	0
521	7	3	0
524	7	2	0
525	7	3	0
526	7	4	0
527	7	5	0
532	7	5	0
534	7	4	0
535	7	5	0
537	7	4	0
540	7	4	0
546	7	5	0
548	7	5	0
551	7	5	0
552	7	3	0
554	7	3	0
555	7	4	0
560	7	3	0
561	7	5	0
566	7	4	0
567	7	4	0
569	7	4	0
576	7	5	0
577	7	2	0
579	7	3	0
580	7	3	0
581	7	4	0
582	7	5	0
583	7	5	0
588	7	3	0
592	7	5	0
603	7	5	0
604	7	4	0
606	7	4	0
610	7	2	0
612	7	3	0
614	7	2	0
617	7	3	0
618	7	4	0
620	7	4	0
621	7	4	0
622	7	5	0
624	7	4	0
627	7	5	0
629	7	2	0
630	7	4	0
632	7	3	0
634	7	4	0
637	7	1	0
643	7	4	0
648	7	3	0
650	7	4	0
653	7	2	0
655	7	3	0
657	7	3	0
658	7	4	0
659	7	3	0
660	7	3	0
663	7	4	0
664	7	3	0
665	7	4	0
666	7	4	0
669	7	3	0
671	7	5	0
677	7	4	0
678	7	4	0
680	7	5	0
682	7	4	0
689	7	5	0
693	7	4	0
697	7	5	0
699	7	2	0
703	7	4	0
706	7	3	0
709	7	3	0
714	7	4	0
715	7	3	0
717	7	4	0
719	7	2	0
722	7	4	0
727	7	2	0
730	7	4	0
733	7	3	0
735	7	3	0
738	7	4	0
741	7	3	0
742	7	3	0
745	7	4	0
747	7	4	0
748	7	4	0
751	7	3	0
757	7	4	0
758	7	5	0
761	7	4	0
764	7	4	0
770	7	5	0
773	7	2	0
774	7	2	0
776	7	4	0
778	7	4	0
779	7	3	0
786	7	5	0
788	7	4	0
790	7	4	0
792	7	4	0
793	7	3	0
795	7	5	0
802	7	5	0
804	7	4	0
805	7	5	0
814	7	4	0
815	7	4	0
817	7	4	0
823	7	5	0
825	7	5	0
831	7	5	0
833	7	3	0
834	7	4	0
838	7	5	0
839	7	2	0
840	7	4	0
843	7	5	0
844	7	3	0
847	7	3	0
852	7	3	0
854	7	4	0
862	7	5	0
864	7	5	0
865	7	5	0
867	7	5	0
868	7	5	0
870	7	4	0
880	7	3	0
881	7	4	0
882	7	4	0
883	7	5	0
885	7	3	0
886	7	5	0
887	7	4	0
889	7	3	0
890	7	4	0
892	7	4	0
894	7	4	0
896	7	4	0
903	7	2	0
905	7	4	0
906	7	3	0
908	7	3	0
911	7	4	0
913	7	5	0
916	7	4	0
919	7	3	0
924	7	4	0
927	7	3	0
932	7	4	0
933	7	4	0
936	7	4	0
938	7	4	0
940	7	4	0
941	7	4	0
1	9	5	0
6	9	4	0
7	9	5	0
10	9	4	0
11	9	5	0
13	9	3	0
14	9	4	0
15	9	4	0
16	9	5	0
17	9	3	0
18	9	5	0
21	9	5	0
24	9	5	0
26	9	4	0
27	9	4	0
32	9	3	0
43	9	4	0
44	9	5	0
50	9	4	0
58	9	4	0
59	9	4	0
60	9	5	0
62	9	4	0
64	9	4	0
65	9	5	0
66	9	4	0
68	9	4	0
69	9	4	0
72	9	5	0
74	9	4	0
82	9	4	0
85	9	4	0
87	9	4	0
90	9	4	0
92	9	4	0
94	9	5	0
104	9	2	0
106	9	4	0
109	9	3	0
113	9	3	0
115	9	5	0
119	9	4	0
120	9	4	0
121	9	5	0
123	9	5	0
131	9	5	0
136	9	5	0
144	9	5	0
145	9	2	0
151	9	4	0
156	9	4	0
159	9	3	0
160	9	3	0
164	9	4	0
168	9	1	0
174	9	5	0
175	9	4	0
178	9	2	0
181	9	4	0
184	9	5	0
185	9	4	0
189	9	3	0
190	9	1	0
192	9	5	0
194	9	4	0
199	9	5	0
200	9	4	0
201	9	3	0
204	9	5	0
207	9	4	0
209	9	3	0
211	9	3	0
216	9	4	0
222	9	5	0
226	9	5	0
227	9	3	0
233	9	5	0
234	9	3	0
236	9	5	0
237	9	4	0
239	9	5	0
244	9	5	0
249	9	5	0
250	9	2	0
252	9	5	0
256	9	4	0
266	9	4	0
269	9	4	0
271	9	4	0
274	9	5	0
276	9	5	0
277	9	4	0
280	9	5	0
287	9	5	0
291	9	5	0
292	9	4	0
296	9	4	0
298	9	4	0
301	9	3	0
303	9	5	0
308	9	4	0
311	9	4	0
314	9	4	0
316	9	4	0
321	9	4	0
322	9	4	0
323	9	4	0
324	9	5	0
326	9	1	0
327	9	5	0
328	9	4	0
332	9	4	0
334	9	4	0
339	9	5	0
342	9	5	0
343	9	5	0
344	9	5	0
345	9	4	0
349	9	4	0
354	9	3	0
363	9	3	0
374	9	1	0
378	9	5	0
379	9	4	0
380	9	3	0
382	9	4	0
383	9	5	0
388	9	3	0
390	9	5	0
391	9	5	0
393	9	4	0
396	9	4	0
399	9	3	0
401	9	3	0
402	9	4	0
403	9	3	0
406	9	5	0
409	9	4	0
411	9	4	0
413	9	4	0
416	9	5	0
423	9	5	0
424	9	5	0
430	9	3	0
434	9	1	0
435	9	4	0
438	9	4	0
441	9	4	0
444	9	5	0
445	9	2	0
447	9	2	0
449	9	4	0
453	9	3	0
455	9	4	0
456	9	3	0
457	9	5	0
458	9	5	0
460	9	3	0
461	9	5	0
468	9	5	0
470	9	5	0
473	9	5	0
474	9	5	0
483	9	2	0
484	9	1	0
486	9	5	0
488	9	4	0
490	9	4	0
494	9	2	0
495	9	5	0
498	9	2	0
500	9	4	0
504	9	4	0
518	9	3	0
523	9	4	0
527	9	5	0
532	9	5	0
533	9	4	0
535	9	5	0
540	9	5	0
543	9	4	0
548	9	1	0
551	9	5	0
554	9	4	0
558	9	4	0
561	9	4	0
567	9	4	0
569	9	5	0
572	9	5	0
576	9	3	0
581	9	5	0
590	9	3	0
592	9	5	0
593	9	3	0
595	9	4	0
601	9	4	0
602	9	4	0
605	9	4	0
608	9	4	0
610	9	3	0
612	9	3	0
614	9	4	0
618	9	3	0
622	9	4	0
627	9	4	0
629	9	4	0
630	9	2	0
634	9	5	0
636	9	3	0
637	9	1	0
648	9	1	0
655	9	3	0
657	9	4	0
658	9	4	0
663	9	2	0
665	9	4	0
667	9	5	0
676	9	2	0
680	9	4	0
682	9	3	0
690	9	3	0
693	9	3	0
694	9	5	0
696	9	5	0
697	9	4	0
698	9	3	0
699	9	2	0
703	9	2	0
706	9	3	0
707	9	5	0
708	9	1	0
714	9	3	0
719	9	4	0
723	9	3	0
725	9	4	0
733	9	3	0
735	9	4	0
743	9	5	0
744	9	3	0
745	9	4	0
747	9	5	0
749	9	3	0
754	9	4	0
756	9	2	0
761	9	2	0
764	9	4	0
768	9	5	0
777	9	5	0
786	9	5	0
788	9	4	0
789	9	5	0
791	9	5	0
792	9	3	0
793	9	3	0
796	9	3	0
805	9	3	0
813	9	3	0
815	9	4	0
817	9	3	0
825	9	3	0
834	9	3	0
837	9	3	0
838	9	4	0
851	9	4	0
854	9	5	0
858	9	5	0
864	9	5	0
867	9	5	0
870	9	5	0
878	9	4	0
881	9	3	0
883	9	4	0
884	9	5	0
886	9	5	0
887	9	2	0
889	9	4	0
894	9	4	0
896	9	4	0
900	9	2	0
903	9	3	0
904	9	4	0
906	9	4	0
910	9	4	0
913	9	5	0
916	9	5	0
917	9	5	0
919	9	5	0
923	9	4	0
924	9	4	0
928	9	5	0
932	9	5	0
933	9	3	0
935	9	1	0
936	9	4	0
937	9	5	0
938	9	3	0
939	9	5	0
940	9	3	0
943	9	3	0
1	15	5	0
6	15	3	0
11	15	5	0
12	15	5	0
14	15	4	0
15	15	4	0
16	15	5	0
18	15	4	0
20	15	4	0
21	15	4	0
26	15	4	0
42	15	4	0
43	15	5	0
44	15	4	0
45	15	4	0
50	15	2	0
52	15	5	0
53	15	5	0
57	15	4	0
59	15	5	0
60	15	4	0
62	15	2	0
63	15	3	0
65	15	5	0
66	15	3	0
70	15	3	0
72	15	5	0
74	15	4	0
77	15	2	0
82	15	3	0
83	15	4	0
84	15	4	0
89	15	5	0
92	15	3	0
93	15	5	0
95	15	4	0
104	15	5	0
106	15	3	0
109	15	4	0
117	15	5	0
120	15	4	0
128	15	4	0
134	15	5	0
136	15	4	0
137	15	4	0
138	15	4	0
141	15	5	0
144	15	4	0
145	15	2	0
151	15	4	0
152	15	5	0
159	15	5	0
160	15	2	0
161	15	2	0
165	15	5	0
168	15	5	0
174	15	5	0
178	15	5	0
181	15	3	0
182	15	4	0
184	15	3	0
185	15	3	0
189	15	2	0
190	15	4	0
194	15	4	0
198	15	3	0
200	15	4	0
201	15	3	0
207	15	4	0
210	15	4	0
215	15	3	0
216	15	3	0
222	15	3	0
224	15	4	0
227	15	4	0
231	15	4	0
234	15	3	0
236	15	5	0
243	15	3	0
251	15	4	0
253	15	4	0
254	15	3	0
256	15	5	0
259	15	3	0
262	15	3	0
265	15	3	0
269	15	2	0
271	15	3	0
274	15	5	0
277	15	4	0
288	15	4	0
289	15	3	0
290	15	4	0
291	15	5	0
293	15	3	0
296	15	3	0
301	15	4	0
303	15	3	0
305	15	1	0
308	15	3	0
311	15	5	0
313	15	2	0
314	15	5	0
318	15	5	0
323	15	3	0
330	15	5	0
336	15	4	0
337	15	5	0
340	15	5	0
342	15	3	0
345	15	4	0
347	15	2	0
348	15	4	0
349	15	4	0
360	15	3	0
365	15	3	0
373	15	4	0
374	15	3	0
378	15	4	0
381	15	2	0
389	15	2	0
391	15	4	0
393	15	3	0
395	15	3	0
398	15	5	0
399	15	5	0
402	15	5	0
406	15	4	0
413	15	4	0
416	15	4	0
417	15	5	0
422	15	3	0
423	15	4	0
424	15	4	0
429	15	5	0
432	15	4	0
434	15	3	0
435	15	3	0
437	15	4	0
438	15	4	0
441	15	3	0
447	15	1	0
449	15	4	0
450	15	3	0
452	15	4	0
454	15	2	0
455	15	2	0
457	15	4	0
459	15	4	0
463	15	4	0
468	15	4	0
474	15	5	0
477	15	4	0
478	15	5	0
479	15	3	0
484	15	5	0
486	15	3	0
488	15	4	0
490	15	1	0
494	15	5	0
500	15	2	0
514	15	4	0
525	15	4	0
533	15	4	0
534	15	4	0
537	15	3	0
540	15	3	0
541	15	3	0
542	15	2	0
543	15	3	0
548	15	2	0
550	15	5	0
551	15	5	0
552	15	3	0
554	15	4	0
558	15	3	0
561	15	3	0
566	15	3	0
569	15	4	0
576	15	4	0
577	15	3	0
580	15	3	0
582	15	3	0
588	15	5	0
590	15	3	0
592	15	5	0
593	15	4	0
594	15	4	0
595	15	4	0
597	15	5	0
601	15	1	0
605	15	5	0
606	15	5	0
609	15	5	0
612	15	4	0
618	15	3	0
620	15	5	0
622	15	4	0
623	15	4	0
624	15	4	0
629	15	5	0
630	15	3	0
634	15	4	0
635	15	3	0
636	15	5	0
637	15	4	0
642	15	5	0
647	15	4	0
648	15	1	0
649	15	4	0
650	15	3	0
653	15	3	0
654	15	3	0
655	15	3	0
663	15	4	0
665	15	4	0
670	15	4	0
672	15	3	0
674	15	4	0
678	15	3	0
680	15	3	0
682	15	4	0
684	15	5	0
689	15	5	0
694	15	4	0
699	15	1	0
703	15	5	0
705	15	3	0
707	15	4	0
708	15	3	0
714	15	3	0
718	15	5	0
721	15	4	0
725	15	4	0
728	15	4	0
730	15	4	0
731	15	4	0
734	15	4	0
741	15	4	0
742	15	4	0
743	15	3	0
747	15	4	0
749	15	5	0
754	15	5	0
761	15	5	0
764	15	4	0
765	15	2	0
768	15	2	0
769	15	3	0
770	15	5	0
771	15	5	0
777	15	4	0
779	15	4	0
786	15	3	0
790	15	5	0
792	15	4	0
796	15	4	0
798	15	4	0
800	15	4	0
817	15	3	0
821	15	5	0
830	15	4	0
834	15	4	0
835	15	5	0
837	15	3	0
849	15	5	0
850	15	5	0
854	15	3	0
859	15	4	0
864	15	4	0
869	15	1	0
878	15	4	0
879	15	4	0
881	15	3	0
882	15	5	0
886	15	3	0
891	15	4	0
892	15	4	0
894	15	3	0
896	15	3	0
901	15	5	0
906	15	3	0
907	15	5	0
912	15	4	0
913	15	3	0
919	15	5	0
921	15	4	0
922	15	4	0
927	15	5	0
935	15	5	0
938	15	2	0
939	15	5	0
941	15	4	0
1	25	4	0
2	25	4	0
5	25	3	0
7	25	3	0
11	25	3	0
13	25	1	0
14	25	2	0
15	25	3	0
18	25	3	0
24	25	4	0
25	25	5	0
26	25	3	0
42	25	3	0
43	25	5	0
44	25	2	0
45	25	4	0
49	25	2	0
52	25	5	0
53	25	4	0
54	25	4	0
56	25	4	0
58	25	4	0
59	25	4	0
63	25	4	0
65	25	4	0
67	25	4	0
68	25	4	0
72	25	5	0
75	25	5	0
77	25	2	0
78	25	3	0
81	25	5	0
82	25	2	0
83	25	2	0
84	25	3	0
85	25	2	0
87	25	4	0
89	25	5	0
90	25	5	0
92	25	3	0
94	25	3	0
95	25	3	0
98	25	5	0
99	25	3	0
104	25	3	0
106	25	4	0
109	25	4	0
117	25	4	0
119	25	5	0
120	25	5	0
121	25	5	0
125	25	1	0
128	25	3	0
141	25	5	0
145	25	2	0
151	25	4	0
152	25	3	0
157	25	3	0
159	25	5	0
162	25	4	0
168	25	5	0
176	25	3	0
178	25	3	0
181	25	5	0
184	25	4	0
185	25	4	0
192	25	4	0
193	25	4	0
194	25	2	0
196	25	4	0
198	25	2	0
200	25	4	0
201	25	3	0
207	25	4	0
210	25	4	0
213	25	4	0
216	25	3	0
222	25	3	0
223	25	1	0
226	25	4	0
227	25	4	0
230	25	3	0
234	25	3	0
243	25	3	0
246	25	3	0
251	25	4	0
256	25	5	0
264	25	4	0
266	25	3	0
268	25	3	0
270	25	5	0
271	25	3	0
274	25	5	0
276	25	4	0
277	25	4	0
279	25	5	0
286	25	3	0
293	25	3	0
295	25	5	0
297	25	4	0
299	25	3	0
301	25	3	0
303	25	4	0
306	25	3	0
308	25	4	0
313	25	2	0
314	25	3	0
315	25	5	0
318	25	5	0
327	25	2	0
330	25	5	0
336	25	3	0
337	25	3	0
339	25	4	0
342	25	2	0
343	25	2	0
344	25	4	0
345	25	3	0
347	25	2	0
348	25	4	0
349	25	3	0
354	25	2	0
360	25	4	0
363	25	3	0
365	25	4	0
373	25	4	0
374	25	5	0
378	25	4	0
382	25	2	0
387	25	2	0
389	25	3	0
393	25	2	0
396	25	3	0
398	25	4	0
401	25	4	0
402	25	4	0
406	25	1	0
407	25	3	0
413	25	3	0
416	25	4	0
417	25	2	0
424	25	4	0
429	25	4	0
435	25	5	0
441	25	3	0
447	25	4	0
450	25	3	0
452	25	2	0
453	25	4	0
455	25	3	0
457	25	4	0
458	25	1	0
459	25	2	0
463	25	3	0
468	25	5	0
473	25	4	0
474	25	5	0
477	25	5	0
484	25	3	0
486	25	4	0
487	25	1	0
493	25	4	0
497	25	4	0
500	25	3	0
501	25	3	0
503	25	4	0
504	25	4	0
514	25	4	0
517	25	2	0
518	25	5	0
520	25	4	0
521	25	2	0
523	25	4	0
525	25	5	0
533	25	4	0
534	25	5	0
535	25	4	0
537	25	2	0
540	25	4	0
545	25	2	0
548	25	2	0
551	25	1	0
552	25	3	0
555	25	4	0
560	25	3	0
561	25	2	0
566	25	2	0
569	25	4	0
577	25	4	0
579	25	4	0
580	25	3	0
582	25	3	0
584	25	3	0
588	25	4	0
591	25	4	0
593	25	3	0
606	25	5	0
608	25	4	0
612	25	3	0
614	25	1	0
618	25	2	0
621	25	4	0
624	25	4	0
625	25	2	0
630	25	2	0
632	25	1	0
634	25	4	0
636	25	5	0
637	25	4	0
648	25	2	0
650	25	3	0
654	25	1	0
655	25	3	0
663	25	4	0
666	25	3	0
672	25	5	0
674	25	4	0
678	25	2	0
680	25	4	0
682	25	4	0
690	25	3	0
692	25	4	0
693	25	4	0
697	25	3	0
698	25	2	0
703	25	3	0
706	25	4	0
708	25	3	0
711	25	4	0
716	25	4	0
717	25	5	0
722	25	4	0
726	25	4	0
727	25	3	0
728	25	4	0
735	25	4	0
741	25	3	0
747	25	3	0
749	25	4	0
751	25	5	0
758	25	4	0
760	25	2	0
763	25	4	0
764	25	2	0
765	25	4	0
768	25	4	0
770	25	5	0
790	25	2	0
792	25	2	0
795	25	5	0
800	25	4	0
804	25	4	0
805	25	4	0
822	25	3	0
823	25	3	0
825	25	4	0
832	25	2	0
834	25	3	0
835	25	5	0
837	25	3	0
843	25	2	0
847	25	3	0
848	25	5	0
852	25	3	0
854	25	3	0
859	25	4	0
864	25	4	0
869	25	2	0
879	25	4	0
880	25	4	0
881	25	3	0
882	25	2	0
885	25	4	0
887	25	2	0
891	25	5	0
892	25	4	0
894	25	2	0
896	25	3	0
897	25	2	0
899	25	3	0
903	25	4	0
907	25	5	0
910	25	3	0
913	25	3	0
917	25	4	0
918	25	4	0
919	25	4	0
921	25	3	0
927	25	3	0
933	25	2	0
934	25	4	0
936	25	4	0
938	25	4	0
1	100	5	0
2	100	5	0
5	100	5	0
6	100	5	0
7	100	5	0
10	100	5	0
11	100	4	0
13	100	5	0
14	100	5	0
16	100	5	0
17	100	4	0
18	100	5	0
21	100	5	0
23	100	5	0
24	100	5	0
26	100	5	0
27	100	5	0
28	100	5	0
32	100	3	0
41	100	4	0
43	100	4	0
44	100	5	0
45	100	5	0
46	100	4	0
49	100	4	0
50	100	2	0
52	100	4	0
53	100	5	0
54	100	5	0
57	100	5	0
58	100	5	0
59	100	5	0
62	100	4	0
63	100	5	0
64	100	4	0
65	100	3	0
69	100	5	0
71	100	4	0
72	100	5	0
73	100	4	0
74	100	4	0
75	100	5	0
76	100	5	0
77	100	3	0
79	100	5	0
80	100	5	0
81	100	3	0
82	100	5	0
84	100	4	0
85	100	3	0
87	100	5	0
89	100	5	0
90	100	5	0
92	100	5	0
94	100	5	0
96	100	5	0
97	100	2	0
99	100	5	0
104	100	4	0
106	100	3	0
108	100	4	0
109	100	4	0
113	100	4	0
114	100	5	0
115	100	5	0
118	100	5	0
119	100	5	0
121	100	4	0
123	100	4	0
130	100	3	0
131	100	5	0
132	100	4	0
136	100	5	0
138	100	5	0
139	100	5	0
141	100	4	0
144	100	5	0
145	100	5	0
150	100	2	0
151	100	3	0
156	100	4	0
157	100	5	0
158	100	5	0
160	100	5	0
161	100	4	0
164	100	5	0
168	100	4	0
174	100	5	0
175	100	2	0
176	100	5	0
177	100	5	0
178	100	4	0
181	100	3	0
182	100	3	0
184	100	5	0
186	100	4	0
188	100	4	0
189	100	4	0
190	100	4	0
192	100	5	0
193	100	5	0
194	100	4	0
195	100	5	0
198	100	1	0
199	100	3	0
201	100	4	0
203	100	1	0
207	100	2	0
213	100	5	0
214	100	4	0
216	100	5	0
218	100	4	0
221	100	5	0
222	100	5	0
227	100	5	0
230	100	4	0
232	100	5	0
233	100	4	0
234	100	4	0
235	100	4	0
236	100	3	0
237	100	5	0
239	100	3	0
244	100	4	0
246	100	4	0
247	100	3	0
248	100	4	0
249	100	5	0
250	100	5	0
251	100	4	0
252	100	5	0
253	100	4	0
255	100	3	0
256	100	4	0
257	100	5	0
262	100	3	0
263	100	5	0
264	100	5	0
265	100	5	0
266	100	5	0
267	100	5	0
268	100	3	0
269	100	5	0
271	100	5	0
274	100	5	0
276	100	5	0
277	100	4	0
279	100	4	0
280	100	3	0
283	100	4	0
285	100	4	0
286	100	3	0
287	100	5	0
288	100	5	0
291	100	5	0
292	100	5	0
293	100	4	0
294	100	4	0
295	100	5	0
296	100	5	0
297	100	5	0
299	100	3	0
300	100	3	0
301	100	5	0
303	100	5	0
305	100	3	0
306	100	4	0
307	100	3	0
308	100	5	0
311	100	1	0
312	100	4	0
313	100	5	0
315	100	5	0
316	100	4	0
318	100	5	0
320	100	4	0
321	100	4	0
323	100	4	0
325	100	4	0
327	100	4	0
328	100	5	0
329	100	4	0
330	100	4	0
331	100	4	0
333	100	4	0
334	100	5	0
336	100	3	0
338	100	4	0
339	100	5	0
342	100	5	0
343	100	5	0
344	100	5	0
345	100	5	0
346	100	3	0
347	100	3	0
348	100	4	0
349	100	4	0
352	100	4	0
354	100	5	0
360	100	5	0
361	100	5	0
363	100	5	0
365	100	5	0
367	100	5	0
368	100	4	0
370	100	4	0
372	100	3	0
373	100	3	0
374	100	5	0
376	100	4	0
377	100	3	0
378	100	4	0
379	100	5	0
380	100	4	0
381	100	4	0
382	100	4	0
383	100	4	0
385	100	4	0
387	100	5	0
388	100	3	0
389	100	5	0
390	100	5	0
391	100	4	0
393	100	1	0
395	100	4	0
396	100	2	0
397	100	5	0
398	100	3	0
399	100	3	0
401	100	4	0
402	100	5	0
403	100	5	0
406	100	4	0
407	100	5	0
409	100	5	0
413	100	4	0
414	100	5	0
416	100	5	0
417	100	3	0
419	100	5	0
420	100	5	0
421	100	4	0
422	100	4	0
423	100	5	0
424	100	5	0
425	100	4	0
426	100	4	0
429	100	5	0
430	100	5	0
432	100	3	0
435	100	3	0
437	100	4	0
438	100	4	0
439	100	3	0
441	100	3	0
442	100	2	0
444	100	5	0
445	100	2	0
447	100	5	0
449	100	5	0
450	100	4	0
452	100	5	0
453	100	5	0
454	100	4	0
455	100	4	0
456	100	3	0
457	100	5	0
458	100	4	0
459	100	1	0
460	100	5	0
462	100	4	0
463	100	4	0
465	100	3	0
467	100	5	0
468	100	5	0
470	100	4	0
472	100	5	0
474	100	5	0
475	100	5	0
478	100	5	0
479	100	3	0
480	100	4	0
481	100	4	0
486	100	5	0
487	100	5	0
488	100	2	0
490	100	3	0
491	100	5	0
492	100	4	0
493	100	5	0
494	100	5	0
497	100	4	0
498	100	3	0
499	100	4	0
500	100	4	0
501	100	4	0
503	100	5	0
504	100	5	0
514	100	4	0
518	100	4	0
520	100	4	0
521	100	3	0
522	100	5	0
524	100	5	0
525	100	4	0
526	100	5	0
527	100	5	0
530	100	4	0
532	100	5	0
533	100	5	0
535	100	5	0
537	100	4	0
538	100	4	0
540	100	5	0
542	100	4	0
546	100	3	0
548	100	5	0
549	100	4	0
551	100	4	0
552	100	4	0
553	100	5	0
554	100	3	0
555	100	5	0
558	100	5	0
560	100	5	0
561	100	4	0
566	100	5	0
567	100	1	0
568	100	4	0
569	100	5	0
572	100	3	0
574	100	5	0
576	100	4	0
577	100	4	0
579	100	4	0
580	100	3	0
581	100	5	0
582	100	5	0
583	100	5	0
588	100	1	0
590	100	5	0
591	100	5	0
592	100	5	0
593	100	5	0
594	100	4	0
595	100	4	0
601	100	4	0
603	100	4	0
604	100	5	0
605	100	5	0
606	100	5	0
607	100	4	0
608	100	4	0
612	100	4	0
614	100	5	0
615	100	3	0
617	100	4	0
618	100	4	0
620	100	1	0
621	100	5	0
622	100	5	0
624	100	5	0
625	100	3	0
627	100	5	0
629	100	5	0
630	100	3	0
632	100	3	0
634	100	4	0
636	100	5	0
637	100	4	0
638	100	3	0
639	100	1	0
643	100	5	0
644	100	4	0
650	100	4	0
653	100	4	0
654	100	1	0
655	100	3	0
658	100	4	0
660	100	3	0
662	100	5	0
663	100	4	0
664	100	5	0
665	100	3	0
666	100	4	0
676	100	5	0
678	100	5	0
679	100	3	0
680	100	3	0
682	100	3	0
684	100	4	0
692	100	4	0
694	100	4	0
698	100	2	0
699	100	4	0
701	100	5	0
703	100	4	0
704	100	4	0
706	100	1	0
707	100	5	0
710	100	4	0
714	100	1	0
715	100	2	0
717	100	4	0
722	100	4	0
725	100	5	0
727	100	2	0
728	100	5	0
730	100	5	0
733	100	5	0
735	100	2	0
737	100	5	0
738	100	2	0
739	100	5	0
742	100	5	0
743	100	5	0
745	100	5	0
747	100	5	0
749	100	3	0
751	100	4	0
756	100	5	0
757	100	3	0
758	100	5	0
763	100	5	0
764	100	4	0
767	100	5	0
768	100	5	0
770	100	5	0
773	100	4	0
774	100	1	0
777	100	1	0
781	100	5	0
786	100	4	0
788	100	5	0
789	100	5	0
790	100	2	0
792	100	4	0
793	100	4	0
794	100	5	0
795	100	5	0
796	100	3	0
804	100	5	0
805	100	5	0
806	100	4	0
814	100	4	0
821	100	2	0
823	100	5	0
825	100	4	0
829	100	4	0
830	100	5	0
831	100	4	0
833	100	4	0
834	100	4	0
838	100	4	0
839	100	3	0
840	100	5	0
844	100	4	0
852	100	4	0
854	100	5	0
858	100	3	0
860	100	4	0
862	100	5	0
864	100	5	0
865	100	4	0
868	100	5	0
869	100	5	0
870	100	4	0
874	100	4	0
878	100	2	0
880	100	5	0
881	100	4	0
883	100	4	0
884	100	5	0
885	100	3	0
886	100	4	0
887	100	2	0
888	100	4	0
889	100	4	0
891	100	5	0
892	100	5	0
894	100	4	0
895	100	4	0
896	100	3	0
900	100	4	0
903	100	5	0
905	100	4	0
906	100	4	0
907	100	5	0
908	100	4	0
910	100	4	0
913	100	3	0
916	100	5	0
917	100	4	0
919	100	5	0
923	100	5	0
924	100	4	0
929	100	4	0
930	100	3	0
931	100	4	0
932	100	5	0
933	100	5	0
934	100	4	0
935	100	3	0
936	100	4	0
937	100	3	0
938	100	5	0
940	100	3	0
943	100	5	0
1	111	5	0
2	111	4	0
6	111	2	0
11	111	4	0
13	111	5	0
14	111	3	0
15	111	4	0
17	111	3	0
18	111	3	0
26	111	3	0
32	111	3	0
42	111	1	0
43	111	4	0
45	111	4	0
49	111	2	0
52	111	4	0
56	111	2	0
57	111	4	0
58	111	4	0
59	111	4	0
62	111	3	0
63	111	3	0
64	111	4	0
65	111	4	0
68	111	3	0
75	111	4	0
81	111	3	0
82	111	4	0
83	111	3	0
84	111	4	0
87	111	4	0
89	111	4	0
92	111	3	0
94	111	4	0
95	111	4	0
99	111	1	0
101	111	2	0
104	111	1	0
109	111	4	0
119	111	5	0
125	111	3	0
128	111	3	0
130	111	5	0
138	111	4	0
145	111	3	0
151	111	4	0
152	111	5	0
157	111	3	0
158	111	4	0
159	111	4	0
174	111	5	0
175	111	4	0
176	111	4	0
178	111	4	0
180	111	5	0
181	111	3	0
182	111	4	0
185	111	4	0
192	111	2	0
193	111	1	0
196	111	4	0
199	111	3	0
207	111	3	0
222	111	3	0
223	111	4	0
234	111	3	0
236	111	4	0
238	111	4	0
242	111	4	0
243	111	4	0
244	111	4	0
246	111	3	0
247	111	5	0
250	111	4	0
251	111	3	0
262	111	4	0
265	111	2	0
269	111	1	0
271	111	4	0
274	111	4	0
277	111	4	0
280	111	4	0
286	111	5	0
287	111	3	0
292	111	4	0
293	111	2	0
294	111	4	0
296	111	3	0
297	111	3	0
299	111	3	0
301	111	1	0
303	111	3	0
304	111	3	0
306	111	4	0
314	111	4	0
327	111	4	0
334	111	3	0
336	111	3	0
342	111	3	0
344	111	4	0
345	111	4	0
348	111	5	0
357	111	5	0
361	111	3	0
374	111	2	0
376	111	4	0
378	111	3	0
385	111	2	0
388	111	3	0
389	111	3	0
393	111	3	0
398	111	3	0
401	111	4	0
402	111	4	0
403	111	4	0
416	111	4	0
417	111	3	0
429	111	2	0
432	111	4	0
434	111	5	0
435	111	3	0
436	111	4	0
437	111	3	0
447	111	3	0
450	111	4	0
452	111	3	0
454	111	1	0
456	111	3	0
457	111	3	0
459	111	3	0
463	111	2	0
468	111	4	0
474	111	4	0
477	111	5	0
478	111	3	0
479	111	4	0
484	111	4	0
486	111	4	0
487	111	3	0
488	111	4	0
497	111	4	0
500	111	4	0
501	111	3	0
514	111	5	0
517	111	3	0
524	111	5	0
525	111	4	0
533	111	4	0
537	111	3	0
540	111	4	0
541	111	1	0
543	111	4	0
551	111	5	0
552	111	3	0
553	111	4	0
554	111	4	0
555	111	4	0
560	111	3	0
569	111	3	0
575	111	1	0
577	111	4	0
579	111	4	0
588	111	1	0
590	111	3	0
593	111	5	0
595	111	4	0
597	111	3	0
599	111	5	0
605	111	3	0
606	111	4	0
608	111	1	0
618	111	3	0
622	111	4	0
624	111	3	0
629	111	5	0
630	111	5	0
634	111	4	0
637	111	3	0
639	111	2	0
643	111	4	0
648	111	5	0
653	111	2	0
654	111	4	0
655	111	2	0
657	111	5	0
663	111	3	0
665	111	4	0
666	111	3	0
669	111	4	0
674	111	5	0
678	111	4	0
679	111	3	0
682	111	3	0
684	111	4	0
689	111	3	0
699	111	3	0
705	111	4	0
707	111	4	0
708	111	4	0
711	111	2	0
714	111	3	0
715	111	3	0
716	111	4	0
717	111	4	0
718	111	4	0
721	111	4	0
722	111	3	0
725	111	3	0
727	111	3	0
734	111	3	0
747	111	4	0
749	111	3	0
751	111	3	0
756	111	4	0
760	111	4	0
762	111	2	0
763	111	2	0
764	111	4	0
768	111	3	0
769	111	5	0
770	111	5	0
771	111	4	0
779	111	4	0
786	111	5	0
789	111	3	0
790	111	3	0
792	111	3	0
796	111	4	0
798	111	1	0
805	111	3	0
806	111	3	0
821	111	4	0
822	111	4	0
823	111	4	0
825	111	3	0
833	111	2	0
837	111	4	0
838	111	4	0
839	111	4	0
851	111	3	0
854	111	3	0
859	111	4	0
862	111	5	0
864	111	3	0
865	111	1	0
870	111	3	0
872	111	4	0
874	111	3	0
877	111	3	0
878	111	4	0
879	111	4	0
880	111	4	0
885	111	4	0
887	111	5	0
888	111	4	0
891	111	3	0
894	111	3	0
899	111	4	0
901	111	3	0
903	111	3	0
904	111	4	0
907	111	5	0
908	111	3	0
914	111	1	0
916	111	4	0
919	111	4	0
921	111	4	0
927	111	4	0
931	111	3	0
936	111	4	0
938	111	5	0
943	111	4	0
1	127	5	0
2	127	5	0
6	127	5	0
7	127	5	0
8	127	5	0
10	127	5	0
12	127	4	0
13	127	5	0
14	127	2	0
15	127	2	0
16	127	5	0
18	127	5	0
21	127	5	0
22	127	5	0
24	127	5	0
25	127	3	0
26	127	5	0
37	127	4	0
38	127	2	0
43	127	4	0
45	127	5	0
46	127	5	0
54	127	4	0
58	127	4	0
59	127	5	0
62	127	4	0
64	127	5	0
66	127	4	0
68	127	4	0
72	127	5	0
73	127	5	0
77	127	2	0
82	127	2	0
83	127	4	0
85	127	5	0
87	127	4	0
89	127	5	0
90	127	4	0
91	127	5	0
94	127	5	0
95	127	4	0
96	127	5	0
102	127	2	0
103	127	4	0
104	127	3	0
108	127	4	0
109	127	2	0
113	127	4	0
115	127	5	0
116	127	5	0
120	127	4	0
121	127	5	0
122	127	5	0
123	127	5	0
131	127	4	0
132	127	4	0
136	127	5	0
139	127	5	0
141	127	2	0
144	127	4	0
148	127	1	0
150	127	5	0
153	127	3	0
157	127	5	0
158	127	5	0
159	127	5	0
160	127	5	0
161	127	3	0
165	127	4	0
169	127	4	0
175	127	5	0
177	127	5	0
178	127	5	0
184	127	5	0
185	127	5	0
188	127	4	0
189	127	4	0
192	127	4	0
193	127	5	0
194	127	5	0
195	127	5	0
197	127	5	0
198	127	5	0
201	127	5	0
207	127	5	0
209	127	5	0
210	127	5	0
211	127	4	0
212	127	2	0
213	127	5	0
214	127	4	0
215	127	4	0
222	127	5	0
227	127	4	0
231	127	3	0
232	127	3	0
233	127	5	0
234	127	4	0
236	127	5	0
237	127	5	0
243	127	4	0
248	127	5	0
250	127	4	0
253	127	5	0
256	127	4	0
263	127	4	0
267	127	5	0
268	127	4	0
269	127	4	0
271	127	5	0
272	127	5	0
276	127	5	0
280	127	5	0
286	127	4	0
288	127	5	0
292	127	5	0
293	127	5	0
294	127	5	0
296	127	5	0
298	127	5	0
299	127	5	0
301	127	4	0
303	127	5	0
305	127	5	0
308	127	4	0
311	127	4	0
313	127	5	0
315	127	5	0
316	127	2	0
318	127	5	0
321	127	3	0
322	127	4	0
323	127	5	0
324	127	4	0
325	127	5	0
326	127	1	0
327	127	4	0
328	127	5	0
329	127	4	0
332	127	5	0
333	127	4	0
334	127	4	0
337	127	3	0
339	127	5	0
343	127	5	0
344	127	5	0
346	127	5	0
347	127	5	0
350	127	5	0
358	127	1	0
360	127	5	0
363	127	4	0
368	127	4	0
371	127	4	0
373	127	2	0
374	127	4	0
379	127	5	0
382	127	3	0
385	127	4	0
386	127	5	0
387	127	4	0
389	127	5	0
391	127	5	0
392	127	5	0
395	127	5	0
397	127	5	0
398	127	4	0
399	127	2	0
401	127	1	0
402	127	5	0
403	127	4	0
405	127	5	0
406	127	4	0
407	127	3	0
409	127	4	0
416	127	5	0
417	127	4	0
420	127	5	0
421	127	4	0
422	127	4	0
423	127	4	0
424	127	4	0
425	127	4	0
429	127	4	0
430	127	4	0
435	127	4	0
436	127	5	0
445	127	2	0
449	127	5	0
450	127	5	0
452	127	5	0
455	127	5	0
456	127	5	0
457	127	5	0
458	127	5	0
459	127	4	0
460	127	4	0
463	127	5	0
464	127	5	0
465	127	4	0
466	127	3	0
467	127	5	0
468	127	4	0
469	127	4	0
473	127	5	0
474	127	5	0
475	127	4	0
479	127	5	0
480	127	3	0
482	127	4	0
486	127	5	0
488	127	4	0
490	127	5	0
491	127	3	0
492	127	5	0
493	127	3	0
494	127	5	0
495	127	4	0
497	127	5	0
498	127	4	0
499	127	4	0
501	127	5	0
503	127	5	0
504	127	5	0
505	127	1	0
513	127	4	0
517	127	4	0
521	127	4	0
524	127	5	0
525	127	3	0
526	127	4	0
527	127	5	0
532	127	5	0
533	127	5	0
537	127	5	0
538	127	5	0
539	127	3	0
542	127	5	0
548	127	5	0
549	127	5	0
551	127	5	0
552	127	4	0
556	127	5	0
557	127	4	0
559	127	4	0
560	127	5	0
562	127	5	0
564	127	4	0
566	127	5	0
567	127	5	0
568	127	4	0
573	127	4	0
575	127	2	0
581	127	5	0
586	127	4	0
590	127	4	0
591	127	4	0
592	127	5	0
594	127	4	0
595	127	5	0
597	127	4	0
600	127	5	0
601	127	4	0
602	127	5	0
604	127	4	0
605	127	5	0
606	127	4	0
608	127	5	0
610	127	5	0
612	127	2	0
613	127	4	0
615	127	5	0
618	127	5	0
619	127	4	0
622	127	5	0
623	127	4	0
624	127	4	0
629	127	5	0
630	127	2	0
634	127	5	0
637	127	2	0
638	127	2	0
643	127	5	0
644	127	4	0
648	127	3	0
649	127	5	0
650	127	2	0
651	127	4	0
653	127	5	0
655	127	5	0
658	127	5	0
659	127	5	0
663	127	5	0
664	127	5	0
665	127	4	0
666	127	5	0
669	127	5	0
672	127	4	0
674	127	5	0
678	127	5	0
682	127	5	0
683	127	4	0
686	127	5	0
690	127	4	0
692	127	3	0
693	127	4	0
694	127	5	0
697	127	5	0
698	127	4	0
699	127	3	0
701	127	4	0
703	127	5	0
708	127	3	0
709	127	5	0
710	127	5	0
716	127	5	0
717	127	4	0
719	127	3	0
721	127	5	0
727	127	4	0
731	127	4	0
733	127	3	0
735	127	4	0
736	127	4	0
737	127	5	0
738	127	4	0
742	127	5	0
744	127	5	0
745	127	2	0
746	127	2	0
747	127	5	0
749	127	4	0
754	127	4	0
758	127	5	0
759	127	2	0
761	127	3	0
763	127	4	0
765	127	5	0
766	127	5	0
768	127	5	0
773	127	5	0
774	127	4	0
776	127	5	0
777	127	1	0
781	127	5	0
782	127	4	0
786	127	4	0
789	127	5	0
793	127	5	0
794	127	5	0
796	127	5	0
797	127	4	0
799	127	4	0
800	127	4	0
804	127	3	0
805	127	3	0
806	127	5	0
807	127	3	0
815	127	3	0
823	127	5	0
825	127	3	0
826	127	5	0
830	127	4	0
833	127	5	0
834	127	5	0
835	127	4	0
838	127	5	0
839	127	5	0
840	127	4	0
843	127	2	0
846	127	5	0
848	127	3	0
851	127	5	0
852	127	4	0
854	127	4	0
858	127	5	0
862	127	5	0
864	127	4	0
868	127	4	0
869	127	5	0
870	127	5	0
871	127	5	0
874	127	5	0
878	127	4	0
879	127	5	0
880	127	5	0
881	127	4	0
883	127	5	0
884	127	4	0
886	127	4	0
887	127	3	0
889	127	4	0
890	127	5	0
891	127	4	0
892	127	5	0
896	127	5	0
897	127	5	0
902	127	3	0
903	127	5	0
908	127	4	0
910	127	5	0
913	127	4	0
922	127	3	0
924	127	3	0
928	127	5	0
929	127	5	0
931	127	5	0
933	127	5	0
935	127	4	0
936	127	5	0
938	127	5	0
939	127	5	0
943	127	5	0
1	151	4	0
5	151	3	0
6	151	3	0
7	151	4	0
14	151	5	0
16	151	5	0
17	151	4	0
18	151	3	0
20	151	3	0
23	151	3	0
24	151	5	0
25	151	4	0
26	151	3	0
32	151	3	0
42	151	4	0
43	151	4	0
44	151	4	0
45	151	2	0
46	151	4	0
49	151	5	0
52	151	5	0
53	151	4	0
54	151	2	0
56	151	4	0
57	151	3	0
58	151	3	0
59	151	5	0
60	151	5	0
62	151	5	0
64	151	3	0
67	151	4	0
69	151	5	0
70	151	3	0
71	151	1	0
75	151	5	0
81	151	2	0
82	151	2	0
83	151	3	0
84	151	4	0
89	151	5	0
90	151	2	0
93	151	1	0
94	151	5	0
95	151	4	0
101	151	3	0
109	151	5	0
117	151	4	0
128	151	3	0
132	151	3	0
138	151	4	0
141	151	2	0
148	151	4	0
150	151	4	0
151	151	5	0
152	151	4	0
160	151	4	0
162	151	3	0
168	151	5	0
174	151	3	0
176	151	4	0
181	151	2	0
188	151	3	0
189	151	5	0
198	151	4	0
200	151	3	0
203	151	4	0
213	151	5	0
214	151	5	0
215	151	5	0
216	151	3	0
221	151	1	0
222	151	3	0
231	151	1	0
234	151	3	0
236	151	2	0
238	151	2	0
243	151	3	0
244	151	5	0
245	151	3	0
246	151	5	0
247	151	4	0
250	151	4	0
251	151	5	0
254	151	2	0
256	151	5	0
257	151	4	0
265	151	2	0
268	151	3	0
269	151	5	0
276	151	5	0
277	151	3	0
279	151	4	0
283	151	4	0
285	151	5	0
286	151	5	0
289	151	2	0
290	151	2	0
291	151	5	0
292	151	5	0
293	151	4	0
294	151	5	0
295	151	4	0
296	151	2	0
297	151	3	0
298	151	3	0
299	151	4	0
301	151	2	0
303	151	5	0
305	151	4	0
308	151	4	0
312	151	2	0
313	151	1	0
314	151	4	0
323	151	4	0
327	151	4	0
330	151	4	0
334	151	4	0
336	151	1	0
337	151	5	0
339	151	4	0
344	151	5	0
345	151	5	0
346	151	4	0
347	151	3	0
348	151	3	0
354	151	3	0
357	151	5	0
363	151	4	0
365	151	4	0
373	151	4	0
374	151	3	0
378	151	3	0
379	151	4	0
380	151	4	0
381	151	5	0
382	151	4	0
385	151	2	0
387	151	3	0
389	151	4	0
394	151	5	0
395	151	3	0
396	151	3	0
399	151	2	0
401	151	1	0
402	151	5	0
403	151	4	0
406	151	2	0
407	151	4	0
416	151	3	0
417	151	5	0
422	151	4	0
424	151	2	0
429	151	5	0
430	151	4	0
432	151	4	0
434	151	5	0
435	151	3	0
437	151	5	0
445	151	4	0
447	151	3	0
450	151	5	0
453	151	3	0
457	151	5	0
460	151	3	0
463	151	4	0
465	151	3	0
471	151	2	0
472	151	3	0
474	151	3	0
478	151	5	0
479	151	4	0
483	151	2	0
484	151	4	0
486	151	2	0
490	151	1	0
493	151	3	0
495	151	5	0
496	151	3	0
497	151	3	0
498	151	4	0
500	151	3	0
501	151	4	0
504	151	4	0
505	151	3	0
508	151	5	0
518	151	3	0
521	151	3	0
524	151	1	0
525	151	5	0
532	151	5	0
533	151	3	0
534	151	4	0
535	151	4	0
536	151	3	0
537	151	2	0
541	151	3	0
545	151	4	0
548	151	1	0
549	151	3	0
552	151	3	0
553	151	5	0
554	151	4	0
560	151	3	0
561	151	2	0
569	151	5	0
577	151	4	0
580	151	2	0
582	151	4	0
588	151	4	0
592	151	4	0
595	151	5	0
597	151	4	0
601	151	3	0
606	151	5	0
618	151	3	0
620	151	4	0
621	151	5	0
625	151	3	0
637	151	5	0
640	151	4	0
642	151	3	0
648	151	2	0
650	151	3	0
653	151	3	0
654	151	4	0
657	151	4	0
658	151	5	0
660	151	5	0
663	151	3	0
664	151	4	0
665	151	3	0
666	151	2	0
669	151	5	0
674	151	2	0
677	151	4	0
680	151	5	0
682	151	5	0
684	151	3	0
689	151	3	0
699	151	3	0
705	151	3	0
707	151	4	0
708	151	4	0
711	151	4	0
714	151	3	0
716	151	5	0
722	151	5	0
730	151	4	0
733	151	4	0
738	151	4	0
741	151	3	0
745	151	2	0
749	151	5	0
756	151	4	0
757	151	4	0
758	151	5	0
761	151	2	0
763	151	4	0
764	151	4	0
765	151	4	0
768	151	2	0
770	151	5	0
788	151	1	0
789	151	2	0
790	151	4	0
792	151	3	0
793	151	5	0
795	151	3	0
796	151	5	0
798	151	3	0
804	151	3	0
805	151	5	0
807	151	4	0
815	151	4	0
821	151	4	0
823	151	4	0
829	151	4	0
830	151	3	0
833	151	4	0
834	151	4	0
837	151	5	0
843	151	2	0
844	151	4	0
847	151	4	0
848	151	4	0
852	151	4	0
854	151	4	0
859	151	2	0
862	151	5	0
864	151	5	0
868	151	5	0
869	151	5	0
872	151	2	0
878	151	1	0
879	151	3	0
880	151	4	0
881	151	2	0
882	151	5	0
883	151	5	0
885	151	4	0
887	151	5	0
889	151	3	0
890	151	5	0
892	151	4	0
893	151	4	0
895	151	5	0
897	151	5	0
899	151	2	0
901	151	3	0
907	151	4	0
908	151	3	0
911	151	5	0
913	151	4	0
916	151	3	0
918	151	2	0
919	151	4	0
921	151	3	0
922	151	5	0
923	151	4	0
930	151	2	0
932	151	3	0
933	151	4	0
934	151	3	0
938	151	4	0
940	151	3	0
943	151	4	0
1	235	5	0
5	235	4	0
13	235	2	0
15	235	1	0
23	235	1	0
26	235	2	0
32	235	3	0
43	235	3	0
49	235	2	0
52	235	2	0
56	235	1	0
59	235	1	0
62	235	4	0
64	235	4	0
67	235	3	0
69	235	3	0
75	235	4	0
82	235	1	0
83	235	1	0
87	235	3	0
89	235	5	0
92	235	3	0
93	235	4	0
94	235	4	0
102	235	3	0
104	235	2	0
119	235	5	0
121	235	1	0
125	235	2	0
130	235	4	0
137	235	5	0
141	235	1	0
144	235	1	0
145	235	4	0
150	235	4	0
157	235	5	0
158	235	1	0
167	235	3	0
168	235	2	0
178	235	1	0
180	235	4	0
181	235	1	0
184	235	2	0
192	235	3	0
194	235	2	0
195	235	3	0
200	235	2	0
210	235	3	0
213	235	1	0
244	235	1	0
246	235	3	0
248	235	3	0
249	235	4	0
250	235	2	0
256	235	3	0
259	235	2	0
262	235	2	0
264	235	5	0
267	235	3	0
268	235	3	0
269	235	3	0
271	235	3	0
276	235	4	0
279	235	3	0
280	235	5	0
286	235	4	0
287	235	4	0
290	235	3	0
291	235	2	0
292	235	3	0
293	235	3	0
294	235	3	0
295	235	4	0
297	235	2	0
299	235	1	0
301	235	2	0
303	235	4	0
306	235	4	0
308	235	3	0
313	235	3	0
320	235	3	0
325	235	1	0
328	235	3	0
330	235	5	0
332	235	3	0
334	235	3	0
337	235	3	0
339	235	3	0
343	235	4	0
344	235	3	0
345	235	3	0
347	235	2	0
357	235	4	0
363	235	5	0
365	235	2	0
374	235	3	0
378	235	4	0
382	235	5	0
385	235	5	0
398	235	2	0
399	235	4	0
401	235	1	0
402	235	3	0
403	235	5	0
406	235	4	0
407	235	4	0
416	235	2	0
417	235	2	0
422	235	2	0
429	235	3	0
430	235	2	0
435	235	4	0
445	235	1	0
447	235	2	0
450	235	3	0
457	235	3	0
459	235	1	0
463	235	2	0
470	235	3	0
472	235	5	0
478	235	2	0
479	235	3	0
484	235	2	0
486	235	2	0
493	235	2	0
495	235	5	0
500	235	5	0
518	235	4	0
521	235	3	0
524	235	1	0
532	235	3	0
534	235	4	0
537	235	1	0
541	235	1	0
542	235	3	0
548	235	3	0
551	235	1	0
555	235	3	0
560	235	2	0
561	235	3	0
566	235	3	0
582	235	3	0
586	235	3	0
591	235	3	0
592	235	3	0
595	235	3	0
597	235	4	0
606	235	3	0
614	235	5	0
621	235	3	0
624	235	4	0
625	235	3	0
634	235	3	0
636	235	4	0
637	235	1	0
642	235	2	0
643	235	4	0
648	235	4	0
650	235	3	0
658	235	2	0
660	235	3	0
663	235	2	0
669	235	2	0
675	235	1	0
682	235	1	0
697	235	4	0
699	235	3	0
703	235	1	0
715	235	2	0
716	235	2	0
717	235	4	0
727	235	3	0
738	235	2	0
747	235	5	0
756	235	3	0
757	235	3	0
758	235	5	0
761	235	3	0
768	235	2	0
769	235	3	0
773	235	4	0
774	235	1	0
779	235	4	0
788	235	3	0
790	235	1	0
793	235	3	0
795	235	3	0
804	235	5	0
805	235	2	0
807	235	1	0
822	235	3	0
825	235	3	0
833	235	4	0
838	235	2	0
839	235	4	0
847	235	1	0
852	235	4	0
854	235	2	0
864	235	5	0
870	235	3	0
880	235	3	0
882	235	3	0
886	235	3	0
887	235	3	0
889	235	3	0
893	235	3	0
896	235	1	0
897	235	3	0
901	235	3	0
907	235	4	0
913	235	1	0
916	235	3	0
922	235	2	0
930	235	2	0
932	235	2	0
936	235	3	0
938	235	1	0
1	237	2	0
2	237	4	0
6	237	2	0
7	237	5	0
11	237	4	0
13	237	5	0
15	237	3	0
16	237	5	0
17	237	2	0
18	237	3	0
24	237	4	0
26	237	3	0
42	237	4	0
43	237	4	0
44	237	3	0
45	237	4	0
52	237	4	0
54	237	4	0
56	237	5	0
57	237	4	0
58	237	4	0
59	237	3	0
60	237	4	0
62	237	3	0
63	237	3	0
64	237	4	0
65	237	4	0
66	237	4	0
68	237	5	0
69	237	3	0
72	237	3	0
74	237	4	0
75	237	2	0
78	237	5	0
80	237	4	0
81	237	4	0
82	237	3	0
84	237	4	0
85	237	3	0
89	237	4	0
90	237	4	0
92	237	4	0
95	237	2	0
99	237	5	0
101	237	5	0
104	237	3	0
108	237	3	0
109	237	4	0
113	237	3	0
115	237	2	0
117	237	4	0
119	237	5	0
120	237	3	0
121	237	5	0
128	237	4	0
130	237	5	0
136	237	4	0
137	237	4	0
139	237	3	0
141	237	4	0
144	237	4	0
145	237	5	0
152	237	5	0
159	237	3	0
160	237	3	0
162	237	4	0
164	237	2	0
167	237	4	0
174	237	4	0
176	237	3	0
178	237	4	0
181	237	5	0
182	237	3	0
184	237	4	0
185	237	4	0
186	237	2	0
188	237	3	0
190	237	5	0
193	237	4	0
194	237	3	0
198	237	2	0
201	237	4	0
203	237	3	0
207	237	4	0
215	237	4	0
216	237	5	0
222	237	4	0
223	237	5	0
224	237	3	0
225	237	5	0
230	237	5	0
234	237	3	0
235	237	4	0
236	237	4	0
238	237	3	0
242	237	4	0
243	237	2	0
244	237	5	0
249	237	5	0
250	237	2	0
251	237	5	0
253	237	4	0
256	237	4	0
257	237	2	0
262	237	3	0
263	237	2	0
265	237	5	0
266	237	3	0
269	237	2	0
270	237	1	0
271	237	4	0
274	237	4	0
276	237	5	0
277	237	4	0
280	237	3	0
285	237	4	0
286	237	2	0
287	237	5	0
288	237	4	0
291	237	4	0
293	237	3	0
294	237	4	0
295	237	4	0
296	237	5	0
297	237	4	0
298	237	5	0
299	237	2	0
301	237	4	0
303	237	5	0
304	237	5	0
305	237	2	0
308	237	3	0
313	237	2	0
314	237	5	0
318	237	5	0
326	237	2	0
327	237	4	0
328	237	4	0
330	237	4	0
332	237	5	0
334	237	4	0
336	237	5	0
342	237	4	0
343	237	4	0
344	237	3	0
345	237	4	0
346	237	4	0
347	237	4	0
348	237	4	0
349	237	2	0
357	237	5	0
360	237	4	0
361	237	4	0
363	237	2	0
365	237	3	0
371	237	5	0
374	237	5	0
376	237	3	0
378	237	4	0
383	237	4	0
388	237	5	0
391	237	4	0
393	237	4	0
395	237	4	0
396	237	4	0
398	237	3	0
399	237	3	0
401	237	3	0
402	237	4	0
403	237	5	0
406	237	1	0
413	237	4	0
416	237	3	0
422	237	4	0
423	237	4	0
429	237	3	0
430	237	5	0
432	237	5	0
434	237	5	0
437	237	4	0
438	237	5	0
439	237	5	0
445	237	2	0
447	237	4	0
450	237	5	0
452	237	2	0
453	237	4	0
454	237	4	0
455	237	3	0
457	237	4	0
458	237	4	0
462	237	5	0
463	237	4	0
468	237	4	0
474	237	4	0
477	237	4	0
478	237	5	0
480	237	2	0
483	237	3	0
484	237	3	0
486	237	4	0
487	237	4	0
490	237	1	0
491	237	3	0
494	237	4	0
497	237	3	0
498	237	2	0
500	237	3	0
501	237	4	0
503	237	4	0
504	237	3	0
505	237	3	0
514	237	4	0
517	237	1	0
518	237	4	0
524	237	3	0
525	237	4	0
530	237	4	0
533	237	2	0
534	237	4	0
535	237	4	0
537	237	3	0
538	237	4	0
542	237	4	0
543	237	4	0
548	237	4	0
549	237	4	0
550	237	3	0
551	237	4	0
552	237	4	0
554	237	3	0
563	237	5	0
569	237	4	0
573	237	4	0
576	237	4	0
577	237	4	0
582	237	3	0
586	237	4	0
588	237	2	0
590	237	3	0
591	237	3	0
592	237	4	0
593	237	4	0
594	237	3	0
595	237	3	0
599	237	5	0
602	237	4	0
605	237	3	0
606	237	4	0
612	237	3	0
614	237	2	0
615	237	4	0
618	237	4	0
620	237	4	0
624	237	4	0
627	237	4	0
630	237	5	0
632	237	3	0
633	237	4	0
634	237	5	0
635	237	3	0
637	237	2	0
639	237	1	0
642	237	5	0
644	237	4	0
647	237	3	0
653	237	2	0
654	237	4	0
655	237	3	0
661	237	4	0
663	237	4	0
664	237	2	0
665	237	3	0
666	237	3	0
671	237	5	0
672	237	2	0
677	237	4	0
678	237	3	0
682	237	3	0
684	237	5	0
689	237	3	0
690	237	4	0
694	237	4	0
697	237	5	0
701	237	5	0
703	237	5	0
706	237	4	0
708	237	5	0
714	237	3	0
715	237	4	0
716	237	5	0
717	237	5	0
719	237	2	0
721	237	3	0
722	237	4	0
728	237	4	0
730	237	3	0
731	237	4	0
733	237	3	0
735	237	4	0
742	237	4	0
744	237	4	0
748	237	4	0
749	237	3	0
751	237	2	0
754	237	3	0
758	237	4	0
759	237	3	0
760	237	3	0
761	237	5	0
762	237	3	0
763	237	3	0
764	237	4	0
765	237	3	0
768	237	4	0
769	237	3	0
771	237	5	0
786	237	5	0
788	237	4	0
790	237	4	0
792	237	3	0
793	237	3	0
796	237	5	0
800	237	4	0
804	237	4	0
806	237	2	0
821	237	5	0
823	237	4	0
825	237	4	0
829	237	3	0
831	237	4	0
834	237	5	0
835	237	4	0
837	237	3	0
839	237	3	0
854	237	3	0
864	237	4	0
868	237	1	0
869	237	4	0
871	237	3	0
872	237	4	0
877	237	4	0
878	237	3	0
879	237	4	0
880	237	4	0
882	237	5	0
883	237	3	0
885	237	5	0
886	237	4	0
888	237	5	0
889	237	4	0
890	237	3	0
891	237	5	0
892	237	4	0
893	237	4	0
894	237	4	0
896	237	5	0
899	237	4	0
900	237	4	0
901	237	3	0
904	237	5	0
905	237	3	0
906	237	4	0
907	237	5	0
910	237	4	0
913	237	4	0
916	237	3	0
917	237	5	0
919	237	4	0
921	237	3	0
922	237	4	0
923	237	4	0
924	237	4	0
926	237	3	0
927	237	4	0
930	237	3	0
931	237	3	0
934	237	4	0
935	237	5	0
936	237	4	0
937	237	4	0
938	237	2	0
939	237	5	0
943	237	4	0
2	276	4	0
6	276	2	0
9	276	4	0
10	276	4	0
12	276	4	0
13	276	5	0
14	276	4	0
17	276	4	0
18	276	5	0
24	276	5	0
26	276	4	0
32	276	4	0
41	276	2	0
42	276	1	0
43	276	4	0
45	276	5	0
50	276	2	0
54	276	5	0
59	276	5	0
62	276	5	0
63	276	4	0
67	276	4	0
68	276	5	0
71	276	4	0
74	276	4	0
76	276	5	0
77	276	2	0
79	276	3	0
81	276	4	0
82	276	4	0
84	276	4	0
90	276	4	0
92	276	5	0
93	276	2	0
99	276	2	0
104	276	4	0
119	276	2	0
121	276	3	0
123	276	4	0
128	276	4	0
130	276	4	0
131	276	5	0
136	276	5	0
141	276	1	0
144	276	3	0
145	276	1	0
150	276	5	0
156	276	3	0
157	276	4	0
159	276	5	0
160	276	5	0
161	276	5	0
164	276	3	0
168	276	1	0
174	276	5	0
177	276	5	0
178	276	3	0
181	276	2	0
184	276	4	0
185	276	4	0
189	276	3	0
190	276	4	0
192	276	2	0
193	276	4	0
194	276	3	0
195	276	4	0
198	276	3	0
199	276	4	0
200	276	5	0
201	276	5	0
203	276	4	0
207	276	2	0
209	276	2	0
210	276	5	0
214	276	3	0
216	276	4	0
222	276	5	0
223	276	4	0
224	276	3	0
227	276	4	0
230	276	5	0
232	276	5	0
233	276	5	0
234	276	3	0
239	276	5	0
244	276	5	0
250	276	4	0
252	276	5	0
256	276	3	0
257	276	5	0
266	276	3	0
269	276	5	0
271	276	3	0
274	276	4	0
276	276	4	0
277	276	4	0
280	276	5	0
285	276	4	0
287	276	4	0
288	276	4	0
292	276	5	0
294	276	4	0
296	276	5	0
298	276	2	0
299	276	4	0
301	276	1	0
303	276	4	0
308	276	4	0
311	276	4	0
312	276	4	0
314	276	1	0
315	276	4	0
316	276	2	0
320	276	2	0
321	276	3	0
324	276	5	0
329	276	4	0
332	276	3	0
333	276	4	0
334	276	4	0
336	276	4	0
339	276	4	0
342	276	3	0
343	276	5	0
344	276	4	0
346	276	1	0
347	276	3	0
348	276	3	0
349	276	5	0
354	276	3	0
361	276	4	0
365	276	2	0
374	276	4	0
378	276	4	0
381	276	3	0
382	276	3	0
385	276	3	0
388	276	2	0
391	276	3	0
392	276	4	0
398	276	4	0
399	276	3	0
401	276	4	0
402	276	5	0
403	276	4	0
406	276	4	0
409	276	4	0
411	276	3	0
412	276	5	0
413	276	4	0
416	276	3	0
422	276	5	0
423	276	5	0
424	276	2	0
429	276	5	0
430	276	1	0
432	276	4	0
433	276	5	0
436	276	4	0
437	276	5	0
439	276	5	0
442	276	4	0
445	276	3	0
447	276	4	0
449	276	5	0
452	276	1	0
453	276	5	0
455	276	4	0
457	276	4	0
458	276	5	0
460	276	5	0
463	276	3	0
467	276	5	0
470	276	5	0
473	276	4	0
474	276	5	0
478	276	5	0
486	276	4	0
487	276	3	0
500	276	5	0
501	276	4	0
504	276	3	0
518	276	5	0
525	276	5	0
526	276	4	0
533	276	1	0
534	276	5	0
535	276	3	0
537	276	4	0
538	276	1	0
540	276	4	0
548	276	3	0
551	276	5	0
554	276	3	0
561	276	4	0
569	276	4	0
573	276	3	0
576	276	3	0
581	276	3	0
583	276	4	0
586	276	3	0
590	276	4	0
592	276	5	0
593	276	1	0
594	276	3	0
596	276	3	0
599	276	2	0
601	276	4	0
605	276	4	0
608	276	2	0
610	276	4	0
614	276	4	0
618	276	3	0
621	276	4	0
622	276	4	0
624	276	5	0
627	276	2	0
629	276	5	0
630	276	1	0
632	276	2	0
633	276	3	0
634	276	5	0
635	276	3	0
643	276	5	0
644	276	4	0
651	276	4	0
654	276	1	0
655	276	4	0
658	276	4	0
662	276	3	0
663	276	3	0
664	276	5	0
669	276	2	0
678	276	5	0
680	276	5	0
682	276	3	0
690	276	3	0
697	276	5	0
699	276	3	0
703	276	3	0
708	276	2	0
714	276	2	0
715	276	3	0
725	276	4	0
730	276	3	0
733	276	5	0
735	276	4	0
743	276	5	0
744	276	4	0
745	276	1	0
747	276	5	0
754	276	5	0
757	276	4	0
758	276	2	0
764	276	3	0
776	276	4	0
786	276	1	0
789	276	5	0
792	276	3	0
793	276	3	0
800	276	3	0
825	276	1	0
829	276	4	0
834	276	5	0
837	276	1	0
838	276	4	0
839	276	3	0
859	276	4	0
862	276	5	0
864	276	5	0
867	276	1	0
869	276	4	0
870	276	4	0
871	276	5	0
874	276	4	0
876	276	4	0
878	276	3	0
879	276	4	0
880	276	4	0
881	276	5	0
883	276	5	0
889	276	4	0
892	276	4	0
894	276	5	0
903	276	5	0
906	276	5	0
913	276	3	0
916	276	4	0
917	276	5	0
919	276	5	0
921	276	1	0
922	276	3	0
923	276	5	0
924	276	2	0
928	276	5	0
929	276	2	0
936	276	5	0
938	276	3	0
