1	135	4	0
5	135	4	0
6	135	5	0
7	135	5	0
10	135	5	0
11	135	4	0
13	135	5	0
16	135	4	0
18	135	3	0
25	135	3	0
30	135	5	0
31	135	4	0
41	135	4	0
42	135	4	0
44	135	5	0
58	135	4	0
59	135	5	0
60	135	5	0
62	135	4	0
64	135	4	0
65	135	4	0
70	135	4	0
71	135	4	0
72	135	4	0
73	135	5	0
76	135	5	0
82	135	3	0
85	135	5	0
87	135	5	0
90	135	5	0
91	135	4	0
92	135	4	0
94	135	4	0
95	135	3	0
97	135	5	0
114	135	4	0
118	135	5	0
121	135	5	0
122	135	4	0
123	135	5	0
144	135	5	0
145	135	5	0
148	135	5	0
151	135	5	0
154	135	5	0
160	135	4	0
161	135	2	0
177	135	5	0
178	135	2	0
187	135	4	0
189	135	4	0
194	135	3	0
195	135	5	0
198	135	5	0
200	135	4	0
207	135	2	0
210	135	5	0
213	135	5	0
214	135	3	0
222	135	5	0
224	135	1	0
230	135	2	0
233	135	4	0
234	135	4	0
235	135	4	0
236	135	2	0
239	135	5	0
244	135	4	0
249	135	5	0
250	135	5	0
254	135	5	0
263	135	5	0
267	135	5	0
268	135	4	0
269	135	4	0
271	135	4	0
275	135	3	0
276	135	5	0
280	135	4	0
290	135	4	0
292	135	4	0
293	135	5	0
297	135	4	0
299	135	4	0
305	135	3	0
307	135	4	0
308	135	5	0
311	135	4	0
313	135	5	0
321	135	4	0
325	135	5	0
326	135	3	0
328	135	3	0
330	135	3	0
334	135	4	0
337	135	5	0
338	135	5	0
339	135	5	0
342	135	3	0
343	135	5	0
354	135	3	0
370	135	4	0
373	135	1	0
374	135	4	0
378	135	2	0
379	135	4	0
380	135	3	0
381	135	5	0
382	135	3	0
383	135	5	0
385	135	3	0
387	135	5	0
389	135	2	0
393	135	1	0
397	135	5	0
398	135	3	0
401	135	1	0
402	135	4	0
405	135	5	0
406	135	5	0
407	135	3	0
409	135	5	0
412	135	4	0
417	135	3	0
426	135	3	0
435	135	3	0
437	135	4	0
447	135	5	0
450	135	3	0
452	135	3	0
454	135	2	0
455	135	5	0
456	135	4	0
457	135	5	0
465	135	3	0
468	135	5	0
472	135	4	0
474	135	5	0
479	135	4	0
484	135	4	0
488	135	4	0
495	135	3	0
496	135	2	0
498	135	5	0
500	135	5	0
506	135	5	0
514	135	4	0
521	135	4	0
522	135	5	0
524	135	3	0
527	135	2	0
532	135	3	0
533	135	3	0
535	135	3	0
536	135	5	0
537	135	5	0
543	135	5	0
545	135	4	0
551	135	5	0
553	135	4	0
556	135	2	0
561	135	4	0
562	135	5	0
566	135	5	0
567	135	3	0
568	135	4	0
573	135	4	0
592	135	5	0
601	135	4	0
605	135	5	0
606	135	5	0
610	135	3	0
615	135	4	0
618	135	4	0
621	135	5	0
622	135	4	0
625	135	5	0
627	135	4	0
629	135	5	0
639	135	4	0
642	135	3	0
645	135	5	0
650	135	4	0
653	135	5	0
655	135	4	0
659	135	3	0
660	135	4	0
661	135	5	0
665	135	4	0
666	135	4	0
670	135	3	0
682	135	4	0
686	135	5	0
693	135	4	0
694	135	5	0
698	135	3	0
704	135	5	0
707	135	2	0
710	135	5	0
711	135	4	0
715	135	2	0
716	135	3	0
721	135	3	0
727	135	2	0
738	135	5	0
746	135	1	0
747	135	5	0
748	135	4	0
749	135	4	0
756	135	2	0
758	135	5	0
763	135	5	0
766	135	4	0
774	135	3	0
776	135	4	0
777	135	3	0
781	135	5	0
788	135	3	0
790	135	3	0
795	135	3	0
802	135	4	0
804	135	3	0
805	135	4	0
807	135	5	0
815	135	2	0
823	135	4	0
833	135	4	0
835	135	5	0
840	135	5	0
843	135	5	0
846	135	4	0
847	135	4	0
848	135	4	0
854	135	4	0
862	135	5	0
867	135	5	0
868	135	5	0
870	135	3	0
875	135	4	0
881	135	4	0
882	135	5	0
883	135	4	0
885	135	2	0
889	135	2	0
890	135	5	0
892	135	5	0
896	135	3	0
897	135	3	0
899	135	4	0
901	135	4	0
916	135	4	0
918	135	1	0
922	135	2	0
928	135	4	0
929	135	5	0
932	135	5	0
933	135	4	0
934	135	4	0
942	135	3	0
1	153	3	0
5	153	5	0
6	153	4	0
7	153	5	0
10	153	4	0
13	153	4	0
18	153	4	0
19	153	4	0
22	153	5	0
23	153	4	0
24	153	4	0
28	153	3	0
31	153	4	0
38	153	5	0
41	153	4	0
43	153	5	0
44	153	4	0
56	153	4	0
58	153	5	0
60	153	3	0
62	153	4	0
64	153	3	0
71	153	4	0
73	153	3	0
77	153	5	0
85	153	3	0
87	153	5	0
90	153	5	0
92	153	4	0
94	153	5	0
95	153	5	0
96	153	4	0
97	153	5	0
102	153	2	0
114	153	3	0
125	153	2	0
144	153	5	0
151	153	3	0
152	153	4	0
160	153	3	0
177	153	4	0
178	153	4	0
180	153	1	0
184	153	3	0
188	153	5	0
193	153	4	0
194	153	3	0
196	153	5	0
198	153	4	0
207	153	5	0
210	153	5	0
216	153	4	0
218	153	4	0
222	153	4	0
230	153	5	0
234	153	3	0
235	153	4	0
236	153	2	0
237	153	3	0
244	153	4	0
248	153	3	0
250	153	2	0
253	153	3	0
262	153	3	0
263	153	3	0
264	153	5	0
267	153	5	0
268	153	5	0
269	153	3	0
276	153	4	0
279	153	5	0
280	153	5	0
286	153	5	0
290	153	3	0
291	153	4	0
292	153	4	0
293	153	4	0
295	153	5	0
296	153	4	0
297	153	5	0
298	153	3	0
299	153	3	0
301	153	3	0
303	153	5	0
305	153	3	0
307	153	5	0
308	153	5	0
312	153	2	0
313	153	3	0
321	153	4	0
326	153	4	0
327	153	4	0
328	153	2	0
330	153	5	0
333	153	4	0
334	153	4	0
336	153	5	0
339	153	4	0
342	153	4	0
343	153	5	0
346	153	3	0
350	153	3	0
354	153	3	0
363	153	3	0
370	153	2	0
373	153	5	0
374	153	5	0
378	153	4	0
379	153	4	0
385	153	4	0
387	153	4	0
389	153	3	0
393	153	3	0
398	153	4	0
399	153	2	0
401	153	2	0
406	153	3	0
407	153	4	0
409	153	4	0
416	153	4	0
417	153	5	0
429	153	4	0
435	153	3	0
437	153	5	0
442	153	3	0
447	153	4	0
450	153	5	0
452	153	4	0
454	153	3	0
468	153	5	0
469	153	4	0
478	153	3	0
479	153	4	0
481	153	5	0
484	153	5	0
488	153	2	0
492	153	4	0
495	153	5	0
497	153	4	0
499	153	4	0
503	153	2	0
504	153	3	0
508	153	3	0
514	153	4	0
521	153	4	0
523	153	4	0
527	153	5	0
532	153	4	0
535	153	4	0
536	153	4	0
538	153	4	0
539	153	5	0
543	153	3	0
551	153	3	0
553	153	5	0
559	153	3	0
561	153	3	0
562	153	4	0
563	153	4	0
566	153	2	0
579	153	4	0
586	153	2	0
593	153	5	0
601	153	4	0
605	153	4	0
606	153	3	0
610	153	5	0
615	153	4	0
622	153	4	0
623	153	3	0
629	153	5	0
630	153	3	0
638	153	3	0
639	153	3	0
642	153	3	0
643	153	4	0
648	153	4	0
650	153	4	0
653	153	2	0
654	153	4	0
655	153	2	0
659	153	4	0
660	153	4	0
664	153	4	0
666	153	4	0
679	153	2	0
682	153	3	0
690	153	5	0
694	153	4	0
698	153	2	0
707	153	3	0
716	153	4	0
721	153	4	0
727	153	4	0
731	153	3	0
738	153	4	0
747	153	4	0
748	153	4	0
749	153	4	0
751	153	4	0
757	153	3	0
758	153	5	0
763	153	4	0
773	153	5	0
777	153	1	0
788	153	3	0
790	153	3	0
795	153	3	0
796	153	5	0
804	153	4	0
805	153	4	0
806	153	4	0
815	153	4	0
823	153	4	0
829	153	4	0
833	153	3	0
838	153	4	0
840	153	3	0
843	153	3	0
847	153	4	0
848	153	5	0
850	153	4	0
851	153	3	0
854	153	4	0
860	153	4	0
864	153	5	0
868	153	2	0
878	153	5	0
883	153	5	0
885	153	2	0
886	153	3	0
888	153	4	0
889	153	5	0
890	153	3	0
892	153	5	0
896	153	4	0
899	153	5	0
911	153	5	0
916	153	3	0
918	153	1	0
922	153	4	0
924	153	4	0
930	153	2	0
932	153	4	0
933	153	3	0
934	153	5	0
940	153	2	0
1	154	5	0
5	154	3	0
6	154	3	0
7	154	5	0
13	154	5	0
18	154	4	0
22	154	4	0
23	154	3	0
49	154	5	0
56	154	2	0
64	154	4	0
71	154	3	0
73	154	5	0
77	154	5	0
80	154	3	0
85	154	4	0
87	154	4	0
90	154	5	0
92	154	4	0
94	154	5	0
102	154	3	0
109	154	2	0
119	154	5	0
124	154	5	0
132	154	4	0
151	154	4	0
158	154	4	0
177	154	4	0
194	154	3	0
195	154	3	0
198	154	4	0
207	154	2	0
210	154	4	0
213	154	5	0
214	154	3	0
218	154	4	0
221	154	3	0
222	154	3	0
230	154	4	0
234	154	3	0
244	154	5	0
250	154	4	0
259	154	5	0
268	154	4	0
269	154	3	0
275	154	2	0
276	154	4	0
279	154	5	0
286	154	4	0
291	154	4	0
295	154	5	0
297	154	5	0
299	154	4	0
301	154	4	0
305	154	4	0
307	154	5	0
308	154	4	0
312	154	4	0
313	154	2	0
315	154	5	0
325	154	3	0
326	154	2	0
327	154	4	0
334	154	4	0
336	154	5	0
339	154	4	0
343	154	5	0
354	154	4	0
363	154	4	0
373	154	5	0
376	154	4	0
377	154	5	0
380	154	3	0
389	154	3	0
393	154	2	0
394	154	3	0
395	154	5	0
398	154	2	0
399	154	3	0
401	154	1	0
406	154	5	0
407	154	5	0
409	154	5	0
412	154	3	0
415	154	4	0
416	154	4	0
417	154	4	0
429	154	3	0
435	154	4	0
437	154	4	0
442	154	4	0
450	154	3	0
452	154	5	0
453	154	3	0
457	154	5	0
465	154	2	0
479	154	3	0
488	154	3	0
493	154	4	0
495	154	4	0
496	154	2	0
504	154	4	0
505	154	1	0
508	154	5	0
514	154	4	0
521	154	2	0
523	154	4	0
527	154	3	0
561	154	4	0
566	154	3	0
588	154	4	0
601	154	5	0
606	154	3	0
618	154	3	0
621	154	5	0
622	154	4	0
625	154	3	0
643	154	4	0
648	154	5	0
650	154	3	0
653	154	3	0
654	154	3	0
660	154	4	0
664	154	5	0
665	154	3	0
666	154	3	0
679	154	4	0
682	154	5	0
690	154	3	0
704	154	3	0
707	154	3	0
711	154	4	0
716	154	5	0
727	154	3	0
737	154	4	0
738	154	3	0
747	154	3	0
748	154	3	0
749	154	5	0
751	154	3	0
758	154	5	0
771	154	2	0
773	154	5	0
778	154	5	0
790	154	4	0
795	154	3	0
796	154	3	0
804	154	3	0
805	154	5	0
807	154	2	0
815	154	5	0
823	154	5	0
833	154	5	0
840	154	3	0
843	154	3	0
844	154	3	0
848	154	5	0
868	154	3	0
870	154	4	0
878	154	3	0
883	154	4	0
885	154	3	0
889	154	4	0
896	154	3	0
899	154	5	0
903	154	4	0
911	154	4	0
912	154	4	0
916	154	4	0
918	154	2	0
927	154	3	0
932	154	5	0
933	154	2	0
934	154	3	0
1	168	5	0
5	168	3	0
6	168	4	0
7	168	5	0
10	168	4	0
11	168	3	0
12	168	4	0
13	168	4	0
14	168	4	0
16	168	4	0
18	168	3	0
22	168	5	0
41	168	5	0
42	168	3	0
43	168	4	0
44	168	5	0
49	168	5	0
56	168	2	0
57	168	3	0
58	168	5	0
59	168	5	0
60	168	5	0
62	168	5	0
64	168	5	0
65	168	4	0
70	168	4	0
71	168	5	0
77	168	4	0
82	168	5	0
85	168	4	0
92	168	4	0
94	168	5	0
95	168	4	0
97	168	4	0
98	168	2	0
99	168	5	0
102	168	3	0
109	168	3	0
114	168	3	0
117	168	5	0
119	168	5	0
124	168	5	0
125	168	5	0
128	168	4	0
130	168	3	0
148	168	5	0
151	168	5	0
158	168	5	0
160	168	4	0
161	168	1	0
174	168	1	0
177	168	4	0
178	168	4	0
187	168	5	0
194	168	5	0
198	168	4	0
210	168	5	0
214	168	3	0
215	168	5	0
216	168	4	0
218	168	4	0
222	168	4	0
230	168	4	0
233	168	5	0
234	168	3	0
239	168	4	0
244	168	5	0
248	168	4	0
249	168	4	0
253	168	3	0
254	168	1	0
259	168	5	0
263	168	5	0
264	168	5	0
267	168	4	0
268	168	4	0
269	168	4	0
271	168	2	0
276	168	5	0
279	168	5	0
283	168	5	0
285	168	4	0
286	168	4	0
287	168	5	0
290	168	3	0
291	168	5	0
292	168	5	0
293	168	4	0
295	168	5	0
297	168	5	0
298	168	5	0
299	168	4	0
301	168	4	0
303	168	5	0
305	168	4	0
307	168	5	0
308	168	4	0
311	168	4	0
313	168	3	0
315	168	4	0
316	168	3	0
325	168	3	0
326	168	3	0
327	168	4	0
330	168	3	0
333	168	4	0
334	168	5	0
336	168	5	0
338	168	3	0
339	168	4	0
343	168	4	0
346	168	4	0
347	168	5	0
350	168	5	0
354	168	5	0
361	168	4	0
363	168	4	0
369	168	3	0
373	168	5	0
374	168	1	0
377	168	5	0
379	168	4	0
380	168	4	0
382	168	4	0
385	168	3	0
387	168	5	0
389	168	5	0
391	168	4	0
393	168	4	0
394	168	5	0
398	168	3	0
399	168	3	0
401	168	1	0
402	168	5	0
405	168	1	0
406	168	3	0
407	168	5	0
409	168	5	0
411	168	5	0
416	168	5	0
417	168	4	0
425	168	5	0
426	168	3	0
429	168	5	0
430	168	4	0
435	168	5	0
436	168	3	0
437	168	3	0
442	168	4	0
450	168	5	0
452	168	4	0
453	168	4	0
456	168	4	0
457	168	5	0
469	168	4	0
472	168	5	0
474	168	3	0
476	168	5	0
478	168	4	0
479	168	5	0
484	168	4	0
488	168	4	0
493	168	5	0
495	168	5	0
496	168	3	0
497	168	5	0
498	168	4	0
500	168	4	0
503	168	5	0
504	168	5	0
506	168	5	0
508	168	4	0
514	168	4	0
521	168	4	0
522	168	5	0
523	168	4	0
524	168	3	0
527	168	5	0
528	168	4	0
532	168	5	0
533	168	4	0
535	168	5	0
536	168	5	0
537	168	4	0
538	168	3	0
541	168	4	0
542	168	4	0
543	168	3	0
545	168	4	0
551	168	5	0
555	168	4	0
560	168	4	0
561	168	4	0
566	168	4	0
567	168	5	0
575	168	5	0
577	168	5	0
579	168	4	0
588	168	5	0
591	168	3	0
592	168	5	0
601	168	5	0
606	168	5	0
608	168	1	0
615	168	5	0
618	168	5	0
622	168	4	0
625	168	3	0
628	168	4	0
632	168	4	0
638	168	4	0
639	168	1	0
640	168	5	0
642	168	5	0
643	168	5	0
645	168	4	0
648	168	5	0
650	168	4	0
653	168	3	0
654	168	4	0
658	168	3	0
660	168	5	0
661	168	5	0
664	168	4	0
666	168	4	0
667	168	3	0
669	168	4	0
670	168	3	0
676	168	5	0
679	168	5	0
682	168	5	0
684	168	4	0
686	168	5	0
690	168	3	0
692	168	2	0
698	168	3	0
700	168	3	0
707	168	3	0
711	168	4	0
712	168	2	0
715	168	4	0
716	168	5	0
723	168	5	0
727	168	5	0
731	168	1	0
738	168	3	0
739	168	1	0
745	168	3	0
746	168	3	0
747	168	4	0
748	168	3	0
749	168	5	0
751	168	5	0
757	168	4	0
758	168	5	0
763	168	5	0
766	168	5	0
773	168	5	0
774	168	1	0
776	168	5	0
777	168	5	0
778	168	5	0
785	168	4	0
790	168	4	0
795	168	5	0
796	168	5	0
798	168	4	0
804	168	5	0
805	168	5	0
806	168	4	0
807	168	4	0
815	168	3	0
823	168	5	0
833	168	5	0
838	168	5	0
840	168	5	0
843	168	3	0
844	168	4	0
846	168	5	0
847	168	4	0
850	168	5	0
854	168	4	0
862	168	4	0
864	168	4	0
867	168	4	0
868	168	3	0
870	168	4	0
878	168	4	0
880	168	3	0
881	168	3	0
882	168	5	0
883	168	5	0
886	168	4	0
887	168	4	0
889	168	4	0
890	168	5	0
892	168	4	0
896	168	4	0
897	168	3	0
899	168	4	0
901	168	4	0
911	168	4	0
912	168	5	0
913	168	4	0
916	168	4	0
918	168	3	0
919	168	1	0
922	168	3	0
923	168	5	0
927	168	4	0
928	168	5	0
932	168	5	0
933	168	3	0
934	168	4	0
940	168	3	0
943	168	2	0
1	175	5	0
6	175	4	0
7	175	5	0
10	175	3	0
11	175	3	0
13	175	4	0
14	175	5	0
18	175	4	0
22	175	4	0
23	175	5	0
31	175	5	0
41	175	5	0
42	175	2	0
43	175	2	0
44	175	4	0
49	175	5	0
58	175	5	0
59	175	4	0
60	175	5	0
64	175	5	0
69	175	3	0
70	175	3	0
71	175	4	0
73	175	5	0
76	175	4	0
77	175	4	0
82	175	4	0
85	175	4	0
90	175	3	0
92	175	4	0
94	175	4	0
95	175	5	0
97	175	5	0
102	175	4	0
109	175	1	0
114	175	5	0
118	175	5	0
122	175	5	0
125	175	2	0
132	175	3	0
148	175	4	0
151	175	5	0
154	175	5	0
158	175	4	0
160	175	4	0
177	175	5	0
184	175	3	0
187	175	2	0
189	175	5	0
194	175	3	0
198	175	3	0
201	175	2	0
207	175	1	0
213	175	4	0
214	175	5	0
218	175	3	0
222	175	3	0
232	175	5	0
234	175	2	0
235	175	4	0
239	175	5	0
246	175	4	0
249	175	4	0
250	175	5	0
253	175	2	0
264	175	5	0
267	175	5	0
269	175	5	0
272	175	5	0
276	175	5	0
279	175	5	0
283	175	4	0
286	175	5	0
288	175	1	0
291	175	2	0
293	175	2	0
297	175	4	0
299	175	5	0
305	175	4	0
307	175	4	0
308	175	5	0
312	175	3	0
313	175	4	0
315	175	5	0
321	175	3	0
325	175	5	0
326	175	1	0
327	175	2	0
331	175	4	0
334	175	4	0
338	175	4	0
339	175	5	0
342	175	5	0
343	175	5	0
344	175	5	0
346	175	4	0
352	175	1	0
354	175	5	0
360	175	3	0
370	175	3	0
371	175	1	0
373	175	3	0
378	175	4	0
379	175	5	0
381	175	5	0
385	175	4	0
387	175	5	0
399	175	3	0
405	175	1	0
406	175	5	0
407	175	4	0
409	175	4	0
412	175	4	0
421	175	2	0
435	175	4	0
443	175	2	0
447	175	3	0
456	175	3	0
457	175	5	0
465	175	5	0
472	175	5	0
474	175	4	0
476	175	4	0
479	175	4	0
480	175	3	0
493	175	4	0
497	175	4	0
498	175	5	0
500	175	5	0
506	175	5	0
508	175	4	0
514	175	4	0
524	175	3	0
527	175	3	0
537	175	4	0
542	175	3	0
543	175	3	0
545	175	4	0
561	175	4	0
567	175	5	0
583	175	5	0
606	175	4	0
615	175	5	0
617	175	4	0
622	175	4	0
627	175	1	0
638	175	4	0
640	175	5	0
645	175	5	0
648	175	3	0
650	175	4	0
653	175	2	0
655	175	3	0
659	175	5	0
660	175	3	0
661	175	2	0
664	175	4	0
666	175	4	0
669	175	4	0
670	175	2	0
682	175	3	0
698	175	3	0
704	175	3	0
715	175	3	0
716	175	2	0
721	175	5	0
737	175	5	0
738	175	4	0
747	175	4	0
748	175	5	0
749	175	3	0
757	175	3	0
758	175	4	0
766	175	3	0
773	175	4	0
774	175	3	0
788	175	3	0
795	175	5	0
804	175	4	0
805	175	5	0
806	175	5	0
815	175	3	0
823	175	4	0
833	175	4	0
838	175	3	0
840	175	4	0
843	175	4	0
844	175	3	0
846	175	5	0
854	175	4	0
862	175	5	0
867	175	5	0
878	175	2	0
881	175	2	0
883	175	5	0
886	175	4	0
889	175	4	0
892	175	4	0
896	175	2	0
903	175	4	0
913	175	5	0
916	175	4	0
918	175	3	0
922	175	3	0
930	175	2	0
932	175	4	0
933	175	4	0
934	175	4	0
1	179	3	0
7	179	5	0
10	179	5	0
13	179	2	0
18	179	4	0
49	179	5	0
56	179	3	0
59	179	5	0
60	179	4	0
62	179	4	0
64	179	5	0
65	179	3	0
73	179	5	0
77	179	5	0
85	179	4	0
87	179	4	0
90	179	5	0
92	179	5	0
94	179	5	0
95	179	3	0
109	179	4	0
114	179	5	0
117	179	5	0
118	179	5	0
128	179	3	0
130	179	4	0
162	179	3	0
177	179	5	0
178	179	2	0
187	179	5	0
189	179	5	0
194	179	4	0
198	179	4	0
200	179	4	0
201	179	5	0
202	179	1	0
207	179	4	0
210	179	3	0
212	179	1	0
214	179	5	0
215	179	4	0
219	179	5	0
226	179	4	0
234	179	3	0
235	179	5	0
236	179	1	0
237	179	4	0
239	179	5	0
244	179	5	0
248	179	3	0
249	179	5	0
250	179	4	0
259	179	4	0
262	179	4	0
264	179	5	0
267	179	5	0
268	179	4	0
269	179	4	0
271	179	4	0
276	179	5	0
286	179	5	0
291	179	5	0
293	179	4	0
296	179	4	0
299	179	4	0
301	179	3	0
303	179	5	0
305	179	1	0
308	179	4	0
311	179	2	0
312	179	5	0
318	179	4	0
322	179	5	0
323	179	4	0
325	179	5	0
327	179	2	0
334	179	4	0
339	179	5	0
340	179	1	0
342	179	5	0
343	179	5	0
350	179	5	0
358	179	4	0
361	179	4	0
363	179	4	0
367	179	5	0
369	179	4	0
371	179	3	0
373	179	3	0
374	179	1	0
378	179	2	0
379	179	5	0
380	179	3	0
387	179	5	0
389	179	4	0
392	179	5	0
394	179	5	0
399	179	3	0
405	179	1	0
406	179	5	0
407	179	3	0
409	179	5	0
416	179	2	0
417	179	4	0
420	179	5	0
429	179	3	0
435	179	5	0
436	179	3	0
437	179	4	0
449	179	4	0
450	179	5	0
452	179	5	0
456	179	5	0
457	179	4	0
458	179	4	0
465	179	3	0
474	179	5	0
479	179	1	0
487	179	3	0
495	179	5	0
498	179	4	0
500	179	4	0
504	179	1	0
508	179	4	0
514	179	4	0
521	179	4	0
522	179	5	0
523	179	3	0
524	179	5	0
527	179	3	0
535	179	4	0
536	179	2	0
537	179	4	0
542	179	4	0
543	179	4	0
554	179	3	0
561	179	4	0
565	179	5	0
567	179	5	0
568	179	2	0
573	179	4	0
577	179	2	0
579	179	3	0
592	179	5	0
593	179	5	0
601	179	5	0
606	179	5	0
615	179	4	0
617	179	4	0
625	179	4	0
627	179	5	0
639	179	1	0
643	179	4	0
645	179	5	0
648	179	4	0
650	179	2	0
653	179	4	0
655	179	4	0
659	179	1	0
660	179	4	0
661	179	4	0
664	179	4	0
666	179	5	0
682	179	4	0
686	179	5	0
694	179	4	0
710	179	4	0
715	179	4	0
721	179	5	0
727	179	3	0
738	179	3	0
747	179	5	0
748	179	4	0
749	179	4	0
751	179	4	0
753	179	2	0
757	179	4	0
758	179	5	0
766	179	4	0
773	179	5	0
774	179	5	0
776	179	4	0
781	179	5	0
786	179	4	0
805	179	4	0
806	179	5	0
815	179	2	0
828	179	4	0
833	179	5	0
835	179	5	0
838	179	5	0
840	179	5	0
843	179	4	0
844	179	3	0
846	179	5	0
848	179	5	0
855	179	3	0
861	179	1	0
862	179	5	0
868	179	4	0
870	179	4	0
875	179	5	0
878	179	4	0
880	179	4	0
881	179	5	0
884	179	5	0
885	179	1	0
886	179	2	0
889	179	3	0
890	179	5	0
894	179	5	0
896	179	2	0
897	179	3	0
899	179	2	0
903	179	5	0
913	179	3	0
916	179	3	0
918	179	2	0
932	179	5	0
933	179	5	0
934	179	2	0
1	185	4	0
5	185	3	0
6	185	5	0
7	185	5	0
10	185	5	0
11	185	4	0
13	185	3	0
18	185	3	0
21	185	5	0
23	185	4	0
28	185	5	0
38	185	2	0
42	185	4	0
44	185	4	0
48	185	4	0
49	185	5	0
58	185	2	0
59	185	5	0
60	185	4	0
64	185	4	0
65	185	4	0
70	185	4	0
82	185	3	0
90	185	5	0
94	185	5	0
95	185	3	0
96	185	5	0
102	185	3	0
115	185	5	0
116	185	3	0
118	185	5	0
123	185	4	0
130	185	5	0
135	185	4	0
138	185	4	0
145	185	4	0
148	185	1	0
151	185	4	0
154	185	5	0
160	185	5	0
184	185	4	0
188	185	4	0
189	185	5	0
194	185	4	0
198	185	3	0
201	185	5	0
207	185	4	0
210	185	4	0
213	185	5	0
214	185	5	0
215	185	4	0
217	185	3	0
222	185	4	0
223	185	2	0
230	185	4	0
234	185	3	0
235	185	4	0
236	185	5	0
237	185	4	0
239	185	4	0
246	185	5	0
248	185	3	0
251	185	5	0
255	185	4	0
256	185	5	0
259	185	4	0
262	185	3	0
264	185	5	0
268	185	3	0
269	185	5	0
270	185	5	0
271	185	3	0
276	185	4	0
285	185	3	0
293	185	5	0
297	185	5	0
298	185	3	0
299	185	3	0
303	185	5	0
307	185	3	0
308	185	4	0
311	185	2	0
312	185	5	0
313	185	5	0
315	185	4	0
316	185	2	0
320	185	4	0
322	185	5	0
325	185	5	0
326	185	5	0
328	185	4	0
329	185	3	0
330	185	4	0
334	185	4	0
339	185	4	0
350	185	5	0
354	185	3	0
361	185	5	0
363	185	5	0
366	185	5	0
367	185	5	0
371	185	3	0
372	185	5	0
374	185	5	0
375	185	5	0
379	185	5	0
380	185	4	0
383	185	5	0
385	185	5	0
389	185	5	0
398	185	5	0
401	185	4	0
405	185	4	0
406	185	5	0
407	185	5	0
415	185	4	0
416	185	4	0
417	185	3	0
421	185	4	0
422	185	4	0
425	185	2	0
426	185	5	0
429	185	4	0
435	185	4	0
437	185	5	0
450	185	5	0
452	185	5	0
454	185	2	0
456	185	4	0
457	185	5	0
472	185	5	0
474	185	5	0
479	185	4	0
480	185	2	0
488	185	4	0
492	185	3	0
495	185	5	0
497	185	3	0
498	185	4	0
503	185	5	0
504	185	5	0
508	185	5	0
514	185	3	0
524	185	4	0
527	185	5	0
528	185	4	0
535	185	4	0
537	185	4	0
539	185	4	0
543	185	4	0
546	185	4	0
548	185	5	0
551	185	5	0
561	185	4	0
562	185	5	0
567	185	5	0
568	185	4	0
573	185	3	0
586	185	2	0
592	185	5	0
601	185	4	0
604	185	2	0
606	185	3	0
608	185	5	0
610	185	5	0
617	185	5	0
618	185	5	0
622	185	3	0
623	185	4	0
638	185	5	0
643	185	5	0
645	185	5	0
648	185	5	0
650	185	3	0
653	185	2	0
655	185	4	0
659	185	4	0
661	185	5	0
665	185	4	0
666	185	4	0
682	185	4	0
686	185	5	0
691	185	5	0
693	185	5	0
694	185	4	0
699	185	4	0
704	185	4	0
707	185	3	0
710	185	4	0
711	185	4	0
716	185	5	0
719	185	4	0
747	185	5	0
749	185	4	0
753	185	3	0
758	185	4	0
760	185	2	0
766	185	4	0
773	185	4	0
774	185	2	0
776	185	4	0
788	185	4	0
796	185	4	0
802	185	3	0
804	185	4	0
805	185	5	0
814	185	3	0
815	185	3	0
833	185	5	0
835	185	4	0
836	185	5	0
840	185	5	0
843	185	3	0
846	185	5	0
847	185	2	0
848	185	3	0
854	185	4	0
862	185	5	0
870	185	4	0
875	185	4	0
877	185	4	0
880	185	5	0
881	185	5	0
882	185	5	0
883	185	5	0
889	185	4	0
890	185	5	0
897	185	5	0
903	185	5	0
907	185	4	0
908	185	4	0
911	185	5	0
912	185	3	0
913	185	4	0
921	185	3	0
925	185	4	0
929	185	5	0
932	185	4	0
943	185	2	0
1	186	4	0
5	186	5	0
6	186	4	0
7	186	4	0
10	186	4	0
13	186	4	0
14	186	4	0
18	186	4	0
20	186	3	0
22	186	5	0
25	186	4	0
43	186	3	0
56	186	3	0
59	186	5	0
60	186	4	0
64	186	4	0
70	186	4	0
81	186	5	0
83	186	4	0
85	186	3	0
87	186	5	0
92	186	4	0
94	186	4	0
95	186	5	0
97	186	3	0
102	186	4	0
109	186	3	0
114	186	3	0
125	186	3	0
128	186	5	0
142	186	4	0
151	186	4	0
158	186	3	0
161	186	4	0
175	186	4	0
177	186	4	0
180	186	4	0
187	186	4	0
189	186	2	0
194	186	5	0
195	186	3	0
198	186	5	0
201	186	3	0
207	186	4	0
208	186	4	0
210	186	4	0
215	186	4	0
218	186	3	0
221	186	4	0
222	186	5	0
230	186	4	0
232	186	4	0
234	186	3	0
239	186	1	0
244	186	3	0
248	186	5	0
249	186	4	0
254	186	3	0
263	186	4	0
264	186	5	0
267	186	5	0
268	186	3	0
269	186	2	0
271	186	4	0
275	186	3	0
276	186	5	0
279	186	5	0
283	186	5	0
286	186	5	0
293	186	2	0
295	186	5	0
296	186	3	0
298	186	4	0
299	186	3	0
301	186	4	0
303	186	4	0
305	186	4	0
307	186	5	0
308	186	4	0
311	186	3	0
312	186	3	0
313	186	3	0
315	186	4	0
318	186	5	0
321	186	4	0
323	186	4	0
325	186	4	0
326	186	4	0
327	186	2	0
328	186	4	0
329	186	3	0
333	186	4	0
334	186	3	0
336	186	4	0
339	186	4	0
340	186	4	0
343	186	4	0
346	186	3	0
347	186	5	0
354	186	4	0
361	186	3	0
363	186	3	0
371	186	5	0
373	186	5	0
374	186	5	0
378	186	3	0
379	186	5	0
380	186	3	0
385	186	1	0
387	186	2	0
389	186	2	0
391	186	5	0
393	186	3	0
394	186	5	0
395	186	5	0
397	186	5	0
398	186	4	0
399	186	4	0
405	186	5	0
406	186	3	0
407	186	4	0
409	186	5	0
411	186	5	0
412	186	5	0
417	186	5	0
429	186	4	0
435	186	4	0
436	186	3	0
437	186	3	0
442	186	4	0
450	186	3	0
452	186	1	0
453	186	4	0
456	186	4	0
457	186	5	0
459	186	4	0
472	186	5	0
474	186	4	0
476	186	5	0
484	186	4	0
488	186	4	0
492	186	3	0
493	186	5	0
495	186	5	0
496	186	4	0
497	186	4	0
498	186	4	0
503	186	5	0
504	186	3	0
506	186	4	0
508	186	3	0
512	186	5	0
514	186	4	0
521	186	4	0
523	186	3	0
524	186	3	0
532	186	4	0
533	186	3	0
535	186	4	0
537	186	4	0
542	186	4	0
543	186	3	0
551	186	5	0
553	186	3	0
561	186	3	0
566	186	3	0
577	186	4	0
579	186	3	0
586	186	2	0
588	186	4	0
601	186	4	0
606	186	5	0
618	186	4	0
623	186	3	0
632	186	5	0
638	186	5	0
640	186	5	0
642	186	5	0
643	186	4	0
645	186	4	0
648	186	5	0
650	186	4	0
653	186	5	0
655	186	3	0
659	186	3	0
660	186	3	0
664	186	5	0
665	186	4	0
666	186	2	0
667	186	4	0
670	186	4	0
682	186	4	0
684	186	4	0
690	186	4	0
693	186	2	0
707	186	3	0
711	186	3	0
716	186	3	0
727	186	5	0
737	186	5	0
738	186	4	0
741	186	5	0
746	186	4	0
748	186	5	0
749	186	4	0
758	186	5	0
766	186	3	0
774	186	3	0
778	186	4	0
780	186	4	0
786	186	4	0
788	186	3	0
790	186	3	0
795	186	3	0
796	186	3	0
804	186	4	0
806	186	4	0
807	186	4	0
823	186	4	0
833	186	1	0
835	186	4	0
840	186	4	0
843	186	2	0
846	186	5	0
848	186	5	0
854	186	3	0
862	186	3	0
864	186	4	0
867	186	5	0
868	186	2	0
870	186	4	0
880	186	4	0
881	186	3	0
882	186	5	0
885	186	4	0
886	186	4	0
889	186	5	0
890	186	2	0
892	186	3	0
896	186	4	0
897	186	5	0
899	186	4	0
900	186	2	0
903	186	5	0
911	186	5	0
912	186	3	0
913	186	3	0
916	186	3	0
933	186	4	0
934	186	2	0
943	186	5	0
1	208	5	0
5	208	4	0
6	208	4	0
7	208	5	0
11	208	4	0
13	208	5	0
16	208	5	0
18	208	4	0
20	208	2	0
22	208	5	0
25	208	4	0
43	208	5	0
44	208	4	0
49	208	4	0
59	208	5	0
60	208	5	0
70	208	4	0
80	208	5	0
82	208	3	0
85	208	5	0
87	208	5	0
90	208	3	0
92	208	4	0
94	208	4	0
95	208	4	0
97	208	5	0
102	208	4	0
125	208	3	0
151	208	4	0
158	208	5	0
162	208	3	0
184	208	4	0
194	208	3	0
198	208	3	0
200	208	5	0
207	208	4	0
208	208	4	0
210	208	5	0
214	208	5	0
215	208	4	0
218	208	3	0
222	208	3	0
233	208	4	0
234	208	4	0
239	208	3	0
243	208	4	0
244	208	5	0
246	208	4	0
264	208	5	0
268	208	4	0
269	208	2	0
271	208	4	0
272	208	4	0
274	208	4	0
275	208	3	0
279	208	5	0
283	208	5	0
286	208	4	0
287	208	4	0
290	208	3	0
293	208	3	0
295	208	5	0
297	208	4	0
298	208	5	0
299	208	4	0
303	208	5	0
308	208	4	0
311	208	4	0
312	208	5	0
313	208	3	0
318	208	4	0
325	208	3	0
326	208	3	0
330	208	5	0
334	208	5	0
336	208	2	0
338	208	3	0
339	208	4	0
342	208	4	0
343	208	4	0
344	208	5	0
347	208	2	0
354	208	4	0
358	208	2	0
363	208	4	0
373	208	4	0
379	208	4	0
380	208	2	0
385	208	3	0
387	208	3	0
389	208	5	0
394	208	5	0
398	208	5	0
405	208	5	0
406	208	2	0
407	208	4	0
411	208	4	0
412	208	4	0
417	208	3	0
421	208	2	0
426	208	4	0
429	208	4	0
435	208	4	0
437	208	5	0
445	208	2	0
450	208	5	0
456	208	4	0
457	208	4	0
458	208	4	0
472	208	5	0
474	208	3	0
476	208	5	0
480	208	2	0
488	208	4	0
493	208	4	0
495	208	5	0
497	208	3	0
499	208	4	0
500	208	4	0
504	208	4	0
506	208	4	0
508	208	5	0
514	208	4	0
521	208	3	0
522	208	5	0
523	208	5	0
524	208	5	0
527	208	4	0
533	208	4	0
537	208	4	0
538	208	3	0
542	208	4	0
545	208	3	0
576	208	3	0
577	208	4	0
588	208	3	0
601	208	4	0
606	208	3	0
615	208	4	0
621	208	4	0
625	208	3	0
642	208	5	0
643	208	5	0
645	208	5	0
648	208	5	0
650	208	5	0
653	208	3	0
655	208	3	0
660	208	4	0
666	208	3	0
669	208	2	0
684	208	3	0
686	208	5	0
690	208	5	0
692	208	4	0
704	208	3	0
707	208	5	0
715	208	3	0
716	208	5	0
727	208	4	0
738	208	4	0
746	208	4	0
747	208	5	0
748	208	4	0
749	208	5	0
758	208	4	0
766	208	5	0
774	208	2	0
780	208	3	0
786	208	5	0
790	208	3	0
795	208	4	0
798	208	3	0
804	208	5	0
807	208	4	0
831	208	2	0
833	208	3	0
840	208	4	0
843	208	3	0
846	208	5	0
850	208	5	0
862	208	2	0
864	208	4	0
868	208	3	0
870	208	4	0
880	208	5	0
881	208	3	0
882	208	5	0
883	208	4	0
885	208	3	0
886	208	3	0
889	208	4	0
890	208	5	0
892	208	4	0
897	208	5	0
899	208	3	0
911	208	4	0
918	208	3	0
932	208	5	0
934	208	5	0
1	209	4	0
5	209	5	0
6	209	4	0
13	209	3	0
16	209	5	0
18	209	4	0
22	209	4	0
23	209	5	0
28	209	4	0
41	209	4	0
44	209	5	0
48	209	5	0
49	209	5	0
58	209	5	0
59	209	5	0
60	209	5	0
62	209	4	0
64	209	5	0
77	209	4	0
85	209	4	0
87	209	5	0
90	209	5	0
92	209	5	0
94	209	5	0
95	209	4	0
98	209	2	0
109	209	1	0
119	209	4	0
124	209	3	0
125	209	4	0
128	209	4	0
138	209	4	0
144	209	2	0
145	209	4	0
148	209	5	0
151	209	4	0
158	209	5	0
160	209	4	0
177	209	4	0
178	209	4	0
187	209	4	0
188	209	2	0
189	209	1	0
194	209	3	0
201	209	3	0
214	209	5	0
218	209	5	0
222	209	4	0
226	209	3	0
230	209	1	0
232	209	3	0
234	209	4	0
239	209	5	0
244	209	4	0
249	209	5	0
264	209	5	0
267	209	5	0
268	209	4	0
269	209	4	0
276	209	4	0
279	209	5	0
283	209	4	0
286	209	4	0
292	209	5	0
293	209	3	0
295	209	5	0
296	209	4	0
297	209	4	0
299	209	3	0
303	209	5	0
305	209	5	0
307	209	5	0
308	209	4	0
311	209	2	0
312	209	3	0
315	209	5	0
327	209	4	0
330	209	3	0
334	209	3	0
339	209	5	0
342	209	5	0
354	209	3	0
370	209	5	0
373	209	4	0
385	209	4	0
387	209	5	0
389	209	4	0
391	209	5	0
392	209	5	0
405	209	3	0
406	209	1	0
407	209	5	0
409	209	5	0
411	209	4	0
416	209	5	0
417	209	4	0
425	209	2	0
429	209	4	0
442	209	4	0
445	209	4	0
447	209	4	0
456	209	3	0
457	209	5	0
458	209	4	0
468	209	5	0
474	209	5	0
476	209	4	0
479	209	4	0
480	209	4	0
493	209	5	0
506	209	4	0
508	209	5	0
514	209	3	0
524	209	4	0
527	209	4	0
535	209	5	0
536	209	2	0
537	209	4	0
542	209	4	0
551	209	5	0
554	209	4	0
556	209	5	0
561	209	4	0
567	209	4	0
579	209	4	0
583	209	4	0
606	209	4	0
615	209	5	0
622	209	5	0
625	209	3	0
640	209	5	0
641	209	4	0
643	209	5	0
645	209	5	0
650	209	3	0
655	209	3	0
660	209	4	0
661	209	4	0
664	209	4	0
666	209	4	0
682	209	3	0
686	209	5	0
704	209	3	0
709	209	3	0
716	209	3	0
721	209	3	0
727	209	3	0
738	209	4	0
741	209	3	0
747	209	3	0
748	209	4	0
749	209	4	0
751	209	4	0
758	209	5	0
763	209	4	0
766	209	3	0
773	209	5	0
778	209	4	0
785	209	3	0
790	209	1	0
795	209	5	0
796	209	3	0
804	209	3	0
805	209	4	0
806	209	3	0
823	209	4	0
833	209	5	0
840	209	4	0
843	209	3	0
846	209	4	0
848	209	5	0
864	209	3	0
868	209	4	0
870	209	4	0
880	209	3	0
881	209	3	0
883	209	3	0
885	209	2	0
886	209	4	0
889	209	2	0
896	209	3	0
899	209	5	0
908	209	3	0
911	209	5	0
913	209	2	0
916	209	3	0
929	209	3	0
932	209	5	0
933	209	2	0
934	209	1	0
940	209	4	0
1	234	4	0
5	234	2	0
7	234	5	0
10	234	4	0
13	234	5	0
16	234	5	0
18	234	3	0
21	234	5	0
23	234	2	0
28	234	4	0
38	234	5	0
42	234	4	0
56	234	4	0
59	234	5	0
60	234	4	0
64	234	4	0
69	234	5	0
72	234	4	0
80	234	3	0
83	234	4	0
85	234	4	0
90	234	4	0
91	234	5	0
92	234	4	0
94	234	5	0
95	234	2	0
96	234	4	0
102	234	3	0
103	234	3	0
109	234	4	0
115	234	5	0
118	234	5	0
130	234	5	0
135	234	4	0
144	234	4	0
145	234	5	0
148	234	3	0
151	234	4	0
152	234	4	0
160	234	5	0
163	234	3	0
169	234	4	0
175	234	5	0
178	234	4	0
188	234	4	0
189	234	5	0
193	234	3	0
194	234	3	0
195	234	5	0
198	234	3	0
200	234	4	0
201	234	5	0
210	234	4	0
213	234	4	0
215	234	4	0
216	234	4	0
222	234	2	0
230	234	4	0
232	234	3	0
233	234	4	0
234	234	4	0
239	234	3	0
244	234	3	0
248	234	4	0
250	234	3	0
253	234	4	0
254	234	4	0
255	234	5	0
256	234	5	0
262	234	3	0
263	234	4	0
264	234	4	0
268	234	4	0
269	234	1	0
270	234	5	0
271	234	5	0
272	234	4	0
274	234	5	0
276	234	5	0
279	234	2	0
280	234	3	0
286	234	3	0
288	234	4	0
290	234	3	0
291	234	4	0
292	234	5	0
293	234	5	0
297	234	3	0
303	234	5	0
308	234	3	0
311	234	4	0
312	234	5	0
313	234	4	0
315	234	3	0
316	234	1	0
322	234	4	0
325	234	3	0
326	234	3	0
327	234	5	0
328	234	4	0
331	234	4	0
332	234	5	0
339	234	4	0
343	234	1	0
345	234	4	0
346	234	2	0
352	234	4	0
361	234	4	0
363	234	3	0
366	234	1	0
367	234	4	0
368	234	3	0
371	234	5	0
372	234	5	0
374	234	4	0
375	234	5	0
377	234	5	0
378	234	4	0
379	234	5	0
380	234	2	0
385	234	1	0
389	234	4	0
391	234	4	0
398	234	4	0
399	234	3	0
402	234	4	0
405	234	5	0
406	234	4	0
407	234	3	0
416	234	5	0
417	234	4	0
421	234	5	0
422	234	4	0
425	234	3	0
429	234	4	0
430	234	4	0
435	234	4	0
436	234	3	0
437	234	4	0
442	234	4	0
447	234	4	0
450	234	3	0
452	234	3	0
453	234	3	0
454	234	3	0
455	234	4	0
456	234	3	0
457	234	5	0
458	234	4	0
472	234	4	0
474	234	5	0
479	234	5	0
480	234	4	0
484	234	4	0
488	234	4	0
493	234	5	0
495	234	5	0
497	234	2	0
498	234	4	0
500	234	3	0
503	234	5	0
504	234	3	0
506	234	5	0
508	234	4	0
514	234	3	0
524	234	4	0
527	234	5	0
532	234	5	0
533	234	2	0
536	234	4	0
537	234	3	0
538	234	3	0
541	234	5	0
543	234	4	0
545	234	3	0
546	234	4	0
548	234	4	0
551	234	4	0
561	234	3	0
562	234	5	0
566	234	3	0
567	234	3	0
568	234	3	0
577	234	3	0
579	234	3	0
586	234	3	0
588	234	5	0
592	234	5	0
593	234	2	0
601	234	1	0
604	234	5	0
606	234	4	0
608	234	5	0
617	234	3	0
618	234	4	0
620	234	3	0
623	234	4	0
629	234	4	0
632	234	3	0
633	234	4	0
638	234	4	0
642	234	1	0
643	234	4	0
648	234	5	0
650	234	4	0
653	234	3	0
655	234	3	0
659	234	4	0
664	234	3	0
665	234	3	0
666	234	3	0
667	234	2	0
671	234	4	0
682	234	3	0
686	234	4	0
690	234	4	0
693	234	2	0
696	234	4	0
699	234	3	0
709	234	5	0
710	234	4	0
712	234	2	0
715	234	4	0
716	234	5	0
727	234	2	0
738	234	4	0
741	234	4	0
747	234	5	0
748	234	4	0
749	234	4	0
756	234	3	0
758	234	4	0
763	234	3	0
766	234	4	0
773	234	2	0
774	234	2	0
776	234	5	0
778	234	3	0
786	234	3	0
788	234	3	0
795	234	4	0
796	234	2	0
802	234	5	0
804	234	4	0
805	234	5	0
806	234	4	0
807	234	3	0
814	234	3	0
821	234	5	0
823	234	4	0
833	234	3	0
835	234	5	0
840	234	5	0
843	234	4	0
846	234	5	0
847	234	2	0
848	234	4	0
849	234	5	0
851	234	4	0
864	234	4	0
868	234	4	0
878	234	1	0
880	234	5	0
881	234	3	0
883	234	4	0
886	234	3	0
889	234	4	0
890	234	5	0
896	234	4	0
897	234	5	0
899	234	4	0
901	234	4	0
903	234	4	0
913	234	4	0
916	234	4	0
932	234	3	0
933	234	3	0
934	234	2	0
942	234	4	0
943	234	3	0
1	238	4	0
6	238	5	0
7	238	5	0
10	238	4	0
11	238	3	0
12	238	5	0
13	238	3	0
14	238	5	0
18	238	5	0
22	238	5	0
23	238	5	0
24	238	5	0
25	238	4	0
41	238	5	0
43	238	2	0
44	238	4	0
49	238	4	0
56	238	5	0
58	238	5	0
59	238	5	0
62	238	5	0
64	238	4	0
65	238	3	0
77	238	5	0
82	238	3	0
85	238	2	0
87	238	3	0
92	238	5	0
94	238	5	0
95	238	5	0
96	238	4	0
99	238	4	0
109	238	2	0
110	238	3	0
125	238	3	0
128	238	4	0
138	238	5	0
145	238	4	0
148	238	4	0
151	238	5	0
154	238	5	0
158	238	5	0
167	238	4	0
174	238	5	0
177	238	3	0
178	238	4	0
184	238	4	0
189	238	5	0
194	238	5	0
196	238	4	0
198	238	4	0
201	238	3	0
207	238	2	0
210	238	3	0
213	238	5	0
214	238	4	0
215	238	2	0
216	238	5	0
222	238	5	0
230	238	1	0
234	238	3	0
237	238	4	0
239	238	5	0
244	238	5	0
246	238	5	0
249	238	5	0
250	238	4	0
254	238	3	0
262	238	4	0
264	238	5	0
267	238	4	0
268	238	3	0
269	238	5	0
271	238	4	0
272	238	5	0
276	238	5	0
279	238	4	0
283	238	5	0
291	238	5	0
293	238	4	0
295	238	4	0
296	238	4	0
297	238	5	0
299	238	4	0
303	238	4	0
305	238	3	0
308	238	5	0
311	238	4	0
312	238	3	0
313	238	4	0
315	238	5	0
318	238	3	0
320	238	4	0
323	238	4	0
327	238	4	0
330	238	5	0
331	238	4	0
334	238	4	0
336	238	3	0
339	238	5	0
342	238	4	0
343	238	4	0
345	238	5	0
354	238	4	0
360	238	4	0
361	238	4	0
363	238	4	0
370	238	4	0
373	238	4	0
378	238	3	0
379	238	5	0
380	238	3	0
383	238	5	0
385	238	5	0
387	238	5	0
389	238	5	0
391	238	5	0
394	238	5	0
399	238	1	0
405	238	5	0
406	238	2	0
407	238	5	0
411	238	3	0
416	238	4	0
417	238	4	0
421	238	5	0
429	238	5	0
436	238	3	0
437	238	5	0
450	238	5	0
453	238	4	0
454	238	3	0
456	238	4	0
457	238	5	0
458	238	4	0
468	238	3	0
469	238	4	0
474	238	4	0
476	238	3	0
478	238	3	0
479	238	4	0
481	238	4	0
488	238	1	0
493	238	3	0
494	238	5	0
498	238	4	0
499	238	2	0
500	238	4	0
504	238	3	0
508	238	4	0
521	238	3	0
524	238	4	0
527	238	5	0
528	238	3	0
535	238	4	0
537	238	4	0
538	238	5	0
539	238	3	0
542	238	4	0
543	238	3	0
551	238	5	0
553	238	5	0
554	238	3	0
559	238	1	0
561	238	4	0
579	238	3	0
586	238	2	0
591	238	5	0
592	238	5	0
593	238	4	0
601	238	2	0
605	238	1	0
606	238	4	0
607	238	4	0
608	238	5	0
615	238	3	0
617	238	3	0
618	238	1	0
625	238	4	0
629	238	5	0
638	238	4	0
643	238	3	0
648	238	3	0
650	238	4	0
653	238	1	0
654	238	4	0
655	238	3	0
660	238	3	0
661	238	4	0
665	238	4	0
666	238	4	0
667	238	3	0
682	238	3	0
684	238	3	0
690	238	5	0
692	238	4	0
694	238	3	0
707	238	4	0
711	238	4	0
712	238	3	0
716	238	4	0
727	238	2	0
738	238	4	0
744	238	4	0
747	238	3	0
749	238	3	0
751	238	3	0
758	238	5	0
763	238	4	0
766	238	4	0
773	238	4	0
774	238	5	0
776	238	4	0
777	238	4	0
778	238	3	0
786	238	4	0
794	238	5	0
795	238	3	0
796	238	3	0
804	238	4	0
805	238	5	0
806	238	4	0
823	238	5	0
833	238	2	0
836	238	4	0
838	238	4	0
840	238	5	0
843	238	3	0
846	238	5	0
847	238	2	0
848	238	4	0
851	238	5	0
854	238	5	0
862	238	4	0
864	238	5	0
868	238	4	0
870	238	4	0
876	238	4	0
880	238	4	0
881	238	1	0
883	238	4	0
886	238	3	0
892	238	4	0
896	238	3	0
897	238	4	0
899	238	2	0
903	238	5	0
911	238	2	0
912	238	4	0
913	238	3	0
916	238	4	0
919	238	3	0
930	238	4	0
932	238	3	0
933	238	2	0
940	238	4	0
5	433	5	0
7	433	5	0
11	433	4	0
13	433	4	0
22	433	3	0
23	433	5	0
38	433	5	0
42	433	2	0
44	433	4	0
48	433	3	0
49	433	5	0
56	433	4	0
58	433	5	0
59	433	5	0
60	433	4	0
62	433	5	0
64	433	2	0
73	433	4	0
85	433	3	0
87	433	3	0
90	433	3	0
92	433	5	0
94	433	4	0
95	433	4	0
99	433	4	0
118	433	5	0
128	433	4	0
130	433	3	0
151	433	3	0
158	433	3	0
163	433	1	0
174	433	5	0
177	433	4	0
178	433	4	0
180	433	5	0
187	433	4	0
189	433	5	0
194	433	3	0
195	433	3	0
198	433	2	0
207	433	3	0
215	433	3	0
216	433	3	0
219	433	5	0
222	433	4	0
234	433	2	0
235	433	4	0
239	433	5	0
244	433	5	0
246	433	5	0
253	433	3	0
262	433	4	0
264	433	5	0
267	433	5	0
268	433	4	0
269	433	3	0
276	433	4	0
279	433	4	0
283	433	4	0
286	433	5	0
293	433	3	0
299	433	5	0
303	433	4	0
305	433	2	0
307	433	5	0
308	433	5	0
311	433	3	0
314	433	3	0
315	433	4	0
320	433	4	0
326	433	2	0
327	433	4	0
328	433	2	0
334	433	5	0
339	433	4	0
342	433	5	0
344	433	4	0
345	433	4	0
354	433	3	0
363	433	4	0
370	433	3	0
373	433	3	0
378	433	4	0
379	433	4	0
380	433	3	0
385	433	4	0
394	433	4	0
399	433	3	0
405	433	4	0
406	433	3	0
407	433	4	0
409	433	4	0
414	433	5	0
416	433	4	0
417	433	4	0
429	433	3	0
435	433	5	0
436	433	5	0
437	433	3	0
442	433	4	0
445	433	2	0
450	433	3	0
456	433	4	0
457	433	5	0
458	433	4	0
476	433	4	0
478	433	3	0
495	433	4	0
496	433	4	0
497	433	3	0
514	433	5	0
524	433	5	0
527	433	4	0
535	433	5	0
537	433	4	0
542	433	3	0
551	433	5	0
561	433	1	0
567	433	4	0
579	433	3	0
588	433	5	0
592	433	5	0
618	433	2	0
622	433	4	0
625	433	3	0
645	433	4	0
655	433	2	0
658	433	4	0
661	433	5	0
664	433	3	0
666	433	3	0
682	433	3	0
698	433	4	0
711	433	4	0
712	433	3	0
715	433	2	0
723	433	3	0
727	433	5	0
747	433	3	0
749	433	3	0
751	433	3	0
757	433	4	0
758	433	5	0
766	433	3	0
773	433	3	0
780	433	1	0
788	433	2	0
795	433	4	0
796	433	2	0
804	433	4	0
805	433	4	0
806	433	4	0
815	433	3	0
823	433	4	0
833	433	3	0
846	433	4	0
848	433	3	0
862	433	4	0
864	433	3	0
868	433	4	0
870	433	3	0
886	433	2	0
889	433	4	0
897	433	4	0
899	433	4	0
916	433	3	0
918	433	2	0
922	433	4	0
924	433	5	0
929	433	2	0
933	433	1	0
