1	57	5	0
11	57	2	0
18	57	4	0
49	57	4	0
85	57	5	0
90	57	5	0
121	57	5	0
122	57	2	0
184	57	5	0
201	57	4	0
233	57	5	0
236	57	5	0
257	57	5	0
276	57	3	0
286	57	5	0
297	57	5	0
312	57	5	0
342	57	3	0
343	57	5	0
354	57	5	0
370	57	5	0
399	57	4	0
405	57	1	0
406	57	4	0
440	57	5	0
455	57	4	0
456	57	4	0
457	57	4	0
458	57	1	0
639	57	3	0
655	57	3	0
664	57	4	0
707	57	4	0
815	57	5	0
828	57	3	0
846	57	2	0
878	57	4	0
894	57	4	0
913	57	4	0
919	57	5	0
1	113	5	0
18	113	5	0
257	113	4	0
387	113	4	0
585	113	3	0
655	113	3	0
883	113	4	0
894	113	4	0
930	113	5	0
1	114	5	0
25	114	5	0
43	114	5	0
56	114	4	0
62	114	4	0
75	114	4	0
148	114	5	0
151	114	5	0
185	114	4	0
210	114	4	0
214	114	4	0
219	114	5	0
239	114	3	0
244	114	4	0
248	114	5	0
249	114	5	0
267	114	5	0
268	114	5	0
279	114	5	0
296	114	5	0
297	114	5	0
299	114	4	0
307	114	5	0
312	114	5	0
313	114	4	0
325	114	5	0
342	114	5	0
358	114	5	0
363	114	5	0
369	114	5	0
370	114	3	0
373	114	5	0
380	114	3	0
385	114	5	0
387	114	5	0
392	114	4	0
399	114	4	0
412	114	4	0
429	114	5	0
450	114	5	0
454	114	3	0
457	114	5	0
465	114	4	0
480	114	4	0
497	114	4	0
514	114	5	0
523	114	5	0
543	114	4	0
562	114	1	0
571	114	4	0
584	114	4	0
643	114	4	0
654	114	5	0
666	114	4	0
669	114	5	0
676	114	5	0
711	114	5	0
727	114	5	0
748	114	4	0
771	114	4	0
815	114	5	0
838	114	4	0
864	114	5	0
868	114	5	0
924	114	3	0
928	114	5	0
932	114	5	0
1	119	5	0
234	119	3	0
344	119	5	0
932	119	5	0
1	165	5	0
6	165	5	0
13	165	3	0
18	165	4	0
106	165	5	0
121	165	4	0
123	165	5	0
144	165	4	0
184	165	4	0
189	165	5	0
194	165	4	0
232	165	4	0
234	165	5	0
239	165	5	0
257	165	4	0
279	165	4	0
292	165	4	0
293	165	3	0
299	165	4	0
305	165	4	0
308	165	3	0
312	165	5	0
342	165	3	0
354	165	4	0
360	165	4	0
361	165	5	0
373	165	5	0
392	165	5	0
409	165	4	0
429	165	5	0
430	165	4	0
437	165	4	0
480	165	5	0
499	165	5	0
535	165	4	0
543	165	4	0
557	165	5	0
565	165	4	0
566	165	5	0
568	165	4	0
584	165	1	0
585	165	4	0
588	165	2	0
622	165	5	0
625	165	3	0
639	165	3	0
642	165	4	0
655	165	3	0
661	165	5	0
707	165	3	0
734	165	3	0
836	165	4	0
840	165	5	0
848	165	5	0
855	165	4	0
878	165	4	0
884	165	3	0
889	165	3	0
894	165	4	0
909	165	5	0
918	165	4	0
928	165	5	0
930	165	5	0
932	165	4	0
1	166	5	0
6	166	4	0
7	166	3	0
13	166	5	0
18	166	4	0
60	166	4	0
90	166	4	0
124	166	5	0
184	166	3	0
189	166	4	0
214	166	4	0
232	166	4	0
234	166	5	0
257	166	4	0
279	166	4	0
293	166	3	0
299	166	4	0
305	166	4	0
308	166	3	0
312	166	5	0
354	166	4	0
360	166	5	0
361	166	4	0
369	166	4	0
373	166	5	0
383	166	4	0
392	166	5	0
409	166	4	0
429	166	5	0
437	166	4	0
450	166	5	0
480	166	5	0
499	166	5	0
503	166	5	0
523	166	4	0
535	166	4	0
557	166	4	0
565	166	4	0
566	166	4	0
585	166	4	0
608	166	3	0
622	166	5	0
625	166	3	0
639	166	3	0
642	166	5	0
655	166	3	0
661	166	5	0
707	166	3	0
734	166	3	0
840	166	5	0
848	166	5	0
855	166	4	0
878	166	4	0
884	166	3	0
894	166	4	0
909	166	5	0
918	166	4	0
933	166	3	0
1	169	5	0
5	169	5	0
6	169	4	0
18	169	5	0
25	169	5	0
43	169	5	0
56	169	4	0
58	169	4	0
59	169	4	0
70	169	4	0
81	169	4	0
82	169	4	0
92	169	5	0
97	169	5	0
142	169	5	0
148	169	5	0
151	169	5	0
160	169	4	0
165	169	5	0
167	169	1	0
200	169	5	0
214	169	4	0
216	169	3	0
226	169	5	0
237	169	5	0
244	169	5	0
249	169	5	0
262	169	3	0
267	169	5	0
268	169	5	0
271	169	5	0
275	169	3	0
276	169	5	0
279	169	5	0
286	169	3	0
292	169	5	0
299	169	4	0
305	169	5	0
307	169	5	0
308	169	5	0
312	169	5	0
327	169	2	0
329	169	4	0
334	169	4	0
338	169	5	0
342	169	5	0
343	169	5	0
344	169	5	0
354	169	3	0
363	169	5	0
373	169	5	0
385	169	5	0
387	169	5	0
392	169	4	0
393	169	3	0
405	169	1	0
407	169	5	0
412	169	4	0
417	169	3	0
435	169	5	0
450	169	5	0
454	169	4	0
457	169	5	0
458	169	5	0
465	169	4	0
479	169	5	0
480	169	5	0
497	169	4	0
514	169	5	0
516	169	5	0
523	169	5	0
527	169	4	0
533	169	4	0
536	169	5	0
543	169	4	0
555	169	5	0
579	169	4	0
592	169	5	0
622	169	5	0
625	169	5	0
640	169	5	0
643	169	4	0
648	169	5	0
654	169	5	0
658	169	5	0
661	169	5	0
664	169	5	0
666	169	4	0
669	169	3	0
676	169	5	0
679	169	3	0
680	169	5	0
700	169	3	0
711	169	5	0
723	169	4	0
727	169	5	0
737	169	4	0
738	169	5	0
745	169	4	0
747	169	5	0
748	169	4	0
771	169	5	0
773	169	5	0
795	169	5	0
805	169	4	0
806	169	5	0
822	169	4	0
838	169	4	0
840	169	5	0
864	169	5	0
865	169	5	0
868	169	5	0
870	169	4	0
875	169	5	0
885	169	5	0
889	169	5	0
913	169	4	0
932	169	5	0
1	189	3	0
5	189	5	0
6	189	3	0
18	189	5	0
23	189	5	0
25	189	5	0
29	189	4	0
43	189	5	0
56	189	4	0
58	189	3	0
70	189	4	0
92	189	4	0
97	189	4	0
142	189	4	0
148	189	4	0
151	189	5	0
216	189	3	0
267	189	4	0
268	189	4	0
276	189	4	0
279	189	5	0
286	189	3	0
305	189	5	0
307	189	4	0
312	189	5	0
338	189	4	0
342	189	5	0
343	189	4	0
354	189	3	0
363	189	5	0
373	189	5	0
385	189	5	0
387	189	5	0
392	189	4	0
393	189	4	0
405	189	1	0
407	189	4	0
437	189	2	0
458	189	4	0
479	189	2	0
497	189	4	0
514	189	5	0
523	189	5	0
536	189	5	0
592	189	5	0
640	189	5	0
643	189	4	0
654	189	4	0
661	189	4	0
711	189	5	0
723	189	3	0
738	189	4	0
747	189	4	0
748	189	4	0
771	189	5	0
773	189	5	0
774	189	2	0
795	189	3	0
822	189	4	0
829	189	4	0
864	189	4	0
865	189	4	0
868	189	5	0
885	189	5	0
913	189	3	0
932	189	5	0
1	251	4	0
2	251	5	0
15	251	2	0
63	251	4	0
79	251	5	0
131	251	5	0
132	251	4	0
144	251	4	0
181	251	1	0
196	251	3	0
209	251	5	0
247	251	4	0
270	251	5	0
286	251	5	0
293	251	4	0
296	251	5	0
299	251	5	0
303	251	4	0
305	251	5	0
310	251	5	0
342	251	5	0
344	251	5	0
345	251	5	0
354	251	5	0
360	251	5	0
379	251	5	0
385	251	2	0
416	251	5	0
420	251	5	0
444	251	5	0
449	251	3	0
468	251	4	0
486	251	5	0
498	251	3	0
499	251	5	0
532	251	4	0
592	251	5	0
655	251	3	0
707	251	5	0
756	251	4	0
771	251	5	0
773	251	3	0
782	251	3	0
844	251	4	0
883	251	5	0
936	251	4	0
3	320	5	0
13	320	1	0
21	320	3	0
49	320	5	0
118	320	5	0
264	320	4	0
292	320	5	0
342	320	5	0
368	320	5	0
385	320	3	0
387	320	4	0
399	320	3	0
592	320	5	0
617	320	5	0
655	320	5	0
731	320	1	0
747	320	5	0
758	320	5	0
833	320	4	0
896	320	3	0
5	408	5	0
6	408	4	0
14	408	5	0
18	408	5	0
21	408	5	0
23	408	5	0
25	408	5	0
32	408	3	0
43	408	5	0
56	408	4	0
58	408	5	0
63	408	4	0
70	408	4	0
75	408	4	0
84	408	5	0
92	408	4	0
97	408	5	0
142	408	4	0
148	408	5	0
151	408	5	0
158	408	5	0
160	408	4	0
181	408	1	0
199	408	5	0
201	408	4	0
209	408	4	0
214	408	4	0
216	408	3	0
226	408	5	0
237	408	5	0
249	408	5	0
267	408	5	0
268	408	5	0
275	408	3	0
276	408	5	0
279	408	5	0
286	408	4	0
292	408	4	0
299	408	4	0
303	408	4	0
305	408	5	0
307	408	5	0
308	408	5	0
312	408	4	0
325	408	5	0
327	408	2	0
334	408	4	0
338	408	5	0
342	408	5	0
343	408	5	0
344	408	5	0
359	408	5	0
363	408	5	0
385	408	5	0
387	408	4	0
402	408	5	0
407	408	4	0
412	408	4	0
420	408	4	0
445	408	3	0
458	408	5	0
465	408	5	0
479	408	5	0
486	408	3	0
491	408	5	0
497	408	4	0
514	408	5	0
523	408	5	0
526	408	5	0
533	408	4	0
536	408	5	0
579	408	3	0
592	408	5	0
605	408	5	0
609	408	5	0
622	408	5	0
625	408	4	0
634	408	3	0
637	408	5	0
643	408	4	0
654	408	5	0
658	408	5	0
661	408	5	0
664	408	5	0
669	408	5	0
680	408	5	0
684	408	5	0
711	408	5	0
727	408	4	0
738	408	5	0
743	408	4	0
747	408	5	0
748	408	5	0
771	408	5	0
773	408	5	0
806	408	5	0
807	408	3	0
822	408	5	0
823	408	5	0
829	408	4	0
838	408	4	0
852	408	5	0
864	408	5	0
865	408	5	0
868	408	5	0
883	408	5	0
889	408	3	0
906	408	4	0
913	408	5	0
924	408	3	0
937	408	5	0
941	408	5	0
6	513	4	0
7	513	4	0
10	513	4	0
18	513	4	0
59	513	4	0
60	513	5	0
76	513	5	0
82	513	4	0
85	513	4	0
118	513	5	0
122	513	4	0
125	513	4	0
138	513	5	0
167	513	4	0
189	513	4	0
201	513	3	0
226	513	3	0
234	513	5	0
237	513	5	0
239	513	5	0
293	513	5	0
295	513	4	0
299	513	4	0
308	513	3	0
312	513	5	0
315	513	5	0
321	513	4	0
322	513	4	0
333	513	4	0
338	513	5	0
354	513	5	0
361	513	5	0
383	513	5	0
387	513	5	0
392	513	5	0
397	513	5	0
405	513	1	0
406	513	5	0
417	513	5	0
420	513	5	0
452	513	4	0
458	513	4	0
465	513	5	0
469	513	5	0
474	513	5	0
491	513	5	0
524	513	4	0
527	513	4	0
537	513	4	0
543	513	4	0
553	513	4	0
556	513	4	0
559	513	5	0
561	513	3	0
567	513	4	0
573	513	4	0
583	513	5	0
639	513	4	0
641	513	5	0
645	513	5	0
655	513	3	0
664	513	4	0
666	513	4	0
683	513	5	0
698	513	2	0
804	513	5	0
840	513	5	0
846	513	5	0
870	513	4	0
883	513	5	0
889	513	4	0
932	513	5	0
6	524	3	0
11	524	4	0
13	524	4	0
14	524	5	0
18	524	4	0
48	524	3	0
59	524	3	0
60	524	4	0
102	524	3	0
144	524	5	0
207	524	4	0
208	524	4	0
234	524	3	0
235	524	5	0
264	524	3	0
312	524	5	0
318	524	3	0
361	524	4	0
379	524	4	0
385	524	5	0
389	524	5	0
405	524	1	0
406	524	4	0
426	524	4	0
481	524	5	0
499	524	4	0
508	524	5	0
545	524	4	0
553	524	5	0
559	524	3	0
561	524	4	0
568	524	2	0
583	524	5	0
659	524	4	0
691	524	5	0
747	524	5	0
767	524	5	0
776	524	5	0
815	524	4	0
846	524	3	0
867	524	5	0
868	524	3	0
881	524	4	0
889	524	4	0
890	524	4	0
932	524	5	0
7	589	5	0
10	589	5	0
13	589	3	0
85	589	3	0
94	589	5	0
130	589	4	0
160	589	3	0
201	589	3	0
232	589	3	0
234	589	3	0
239	589	3	0
248	589	4	0
292	589	4	0
293	589	4	0
308	589	4	0
312	589	5	0
327	589	3	0
328	589	4	0
339	589	5	0
350	589	5	0
363	589	3	0
392	589	4	0
398	589	3	0
406	589	5	0
450	589	3	0
454	589	2	0
458	589	4	0
488	589	3	0
553	589	5	0
561	589	3	0
567	589	5	0
592	589	5	0
752	589	4	0
788	589	5	0
833	589	5	0
868	589	4	0
870	589	4	0
883	589	5	0
886	589	3	0
890	589	5	0
900	589	5	0
929	589	5	0
932	589	5	0
7	601	5	0
13	601	4	0
60	601	4	0
91	601	4	0
234	601	3	0
312	601	5	0
328	601	4	0
406	601	3	0
426	601	3	0
450	601	3	0
474	601	5	0
532	601	3	0
605	601	5	0
650	601	3	0
659	601	3	0
716	601	4	0
788	601	4	0
846	601	5	0
881	601	5	0
892	601	5	0
7	608	4	0
59	608	4	0
60	608	5	0
214	608	4	0
234	608	3	0
269	608	4	0
312	608	5	0
313	608	4	0
322	608	3	0
326	608	4	0
334	608	4	0
370	608	4	0
389	608	3	0
406	608	4	0
409	608	4	0
426	608	4	0
450	608	4	0
456	608	4	0
474	608	4	0
506	608	4	0
535	608	4	0
561	608	3	0
567	608	4	0
650	608	4	0
731	608	4	0
747	608	4	0
758	608	5	0
796	608	3	0
846	608	4	0
870	608	4	0
7	611	3	0
10	611	5	0
31	611	4	0
59	611	3	0
90	611	5	0
151	611	4	0
234	611	5	0
308	611	4	0
312	611	5	0
321	611	4	0
326	611	3	0
361	611	4	0
397	611	5	0
406	611	3	0
429	611	4	0
450	611	5	0
454	611	2	0
469	611	5	0
474	611	4	0
500	611	5	0
506	611	5	0
553	611	5	0
561	611	5	0
567	611	4	0
568	611	3	0
608	611	3	0
617	611	4	0
655	611	3	0
659	611	4	0
664	611	5	0
670	611	5	0
693	611	4	0
704	611	3	0
716	611	5	0
731	611	3	0
796	611	4	0
836	611	5	0
840	611	4	0
912	611	3	0
932	611	5	0
7	612	5	0
13	612	4	0
18	612	4	0
25	612	4	0
59	612	3	0
91	612	4	0
102	612	4	0
172	612	3	0
234	612	3	0
239	612	5	0
251	612	5	0
254	612	3	0
312	612	5	0
326	612	2	0
389	612	4	0
406	612	5	0
450	612	4	0
454	612	3	0
468	612	4	0
483	612	3	0
488	612	4	0
504	612	4	0
524	612	3	0
535	612	4	0
567	612	4	0
568	612	3	0
650	612	4	0
655	612	3	0
807	612	5	0
830	612	4	0
835	612	4	0
846	612	5	0
892	612	5	0
932	612	5	0
7	613	4	0
13	613	4	0
18	613	5	0
60	613	4	0
90	613	4	0
234	613	4	0
308	613	4	0
312	613	5	0
326	613	5	0
338	613	3	0
370	613	2	0
389	613	5	0
393	613	4	0
426	613	3	0
450	613	4	0
524	613	4	0
537	613	3	0
567	613	4	0
666	613	5	0
698	613	5	0
731	613	2	0
766	613	3	0
815	613	5	0
830	613	4	0
892	613	5	0
913	613	5	0
932	613	4	0
7	641	5	0
60	641	5	0
77	641	5	0
85	641	4	0
118	641	5	0
154	641	5	0
156	641	5	0
167	641	4	0
234	641	4	0
299	641	4	0
308	641	4	0
312	641	5	0
383	641	4	0
387	641	5	0
397	641	5	0
405	641	1	0
406	641	5	0
415	641	3	0
426	641	4	0
452	641	3	0
469	641	4	0
474	641	4	0
506	641	5	0
537	641	4	0
553	641	4	0
567	641	5	0
568	641	5	0
645	641	5	0
694	641	4	0
707	641	1	0
833	641	4	0
870	641	4	0
892	641	5	0
7	656	3	0
10	656	5	0
13	656	5	0
21	656	5	0
48	656	4	0
60	656	4	0
90	656	5	0
189	656	4	0
201	656	4	0
234	656	4	0
237	656	4	0
264	656	4	0
308	656	3	0
312	656	5	0
322	656	5	0
325	656	4	0
342	656	5	0
381	656	4	0
385	656	5	0
389	656	5	0
405	656	1	0
407	656	4	0
430	656	4	0
465	656	3	0
469	656	5	0
498	656	3	0
543	656	4	0
561	656	4	0
568	656	3	0
617	656	4	0
643	656	4	0
645	656	4	0
655	656	3	0
666	656	4	0
698	656	1	0
710	656	5	0
758	656	5	0
776	656	5	0
814	656	3	0
833	656	4	0
840	656	4	0
883	656	5	0
913	656	3	0
918	656	4	0
10	694	5	0
13	694	4	0
23	694	4	0
89	694	5	0
99	694	1	0
158	694	5	0
180	694	5	0
184	694	5	0
187	694	5	0
189	694	4	0
234	694	3	0
243	694	4	0
270	694	5	0
330	694	5	0
331	694	4	0
344	694	5	0
354	694	5	0
361	694	4	0
373	694	5	0
378	694	3	0
381	694	4	0
405	694	1	0
454	694	2	0
455	694	4	0
458	694	4	0
503	694	5	0
523	694	5	0
536	694	5	0
537	694	4	0
543	694	4	0
608	694	3	0
639	694	5	0
655	694	3	0
667	694	4	0
707	694	4	0
711	694	5	0
731	694	5	0
771	694	3	0
798	694	3	0
828	694	2	0
883	694	5	0
899	694	5	0
904	694	3	0
908	694	4	0
10	701	4	0
185	701	3	0
235	701	4	0
239	701	5	0
326	701	4	0
379	701	4	0
406	701	5	0
561	701	3	0
908	701	4	0
924	701	4	0
10	711	4	0
11	745	5	0
60	745	5	0
85	745	3	0
98	745	3	0
158	745	4	0
234	745	4	0
239	745	5	0
264	745	5	0
313	745	3	0
385	745	4	0
405	745	1	0
406	745	4	0
537	745	2	0
833	745	4	0
883	745	5	0
932	745	5	0
13	811	5	0
31	811	4	0
76	811	4	0
90	811	4	0
299	811	4	0
308	811	4	0
327	811	4	0
331	811	4	0
354	811	5	0
385	811	4	0
561	811	3	0
567	811	4	0
666	811	4	0
707	811	4	0
747	811	3	0
854	811	3	0
932	811	4	0
934	811	4	0
13	814	5	0
13	835	3	0
60	835	4	0
151	835	5	0
234	835	3	0
312	835	5	0
325	835	5	0
370	835	5	0
389	835	5	0
426	835	3	0
465	835	3	0
568	835	4	0
639	835	4	0
747	835	3	0
815	835	3	0
911	835	3	0
13	837	4	0
25	837	4	0
90	837	5	0
151	837	4	0
184	837	3	0
194	837	4	0
234	837	3	0
312	837	4	0
313	837	4	0
326	837	4	0
392	837	5	0
398	837	4	0
450	837	4	0
454	837	2	0
524	837	2	0
537	837	3	0
659	837	3	0
716	837	4	0
749	837	5	0
758	837	4	0
766	837	3	0
815	837	5	0
830	837	5	0
846	837	5	0
892	837	5	0
13	850	4	0
58	850	5	0
234	850	2	0
312	850	5	0
13	853	1	0
21	853	5	0
118	853	5	0
201	853	4	0
246	853	5	0
249	853	4	0
276	853	5	0
279	853	1	0
308	853	5	0
366	853	5	0
397	853	4	0
405	853	1	0
425	853	4	0
592	853	5	0
13	863	4	0
18	863	3	0
90	863	4	0
189	863	4	0
212	863	2	0
234	863	5	0
305	863	4	0
308	863	3	0
312	863	5	0
321	863	3	0
354	863	3	0
358	863	5	0
452	863	5	0
480	863	4	0
523	863	4	0
559	863	5	0
585	863	5	0
639	863	4	0
655	863	3	0
707	863	4	0
883	863	3	0
894	863	5	0
916	863	3	0
932	863	4	0
13	867	5	0
234	867	4	0
303	867	3	0
422	867	3	0
655	867	4	0
883	867	5	0
13	915	5	0
276	915	4	0
299	915	4	0
328	915	3	0
416	915	5	0
421	915	4	0
479	915	4	0
499	915	4	0
532	915	4	0
655	915	4	0
669	915	3	0
683	915	2	0
851	915	5	0
14	923	5	0
18	923	5	0
58	923	5	0
71	923	5	0
73	923	3	0
85	923	4	0
90	923	5	0
94	923	5	0
106	923	4	0
198	923	3	0
201	923	3	0
233	923	4	0
234	923	4	0
235	923	4	0
239	923	5	0
262	923	4	0
269	923	4	0
278	923	5	0
296	923	5	0
305	923	5	0
316	923	5	0
370	923	4	0
380	923	3	0
389	923	5	0
405	923	2	0
406	923	3	0
409	923	5	0
417	923	3	0
440	923	5	0
450	923	5	0
469	923	5	0
474	923	4	0
492	923	5	0
535	923	4	0
537	923	3	0
565	923	4	0
568	923	3	0
585	923	5	0
591	923	4	0
603	923	4	0
626	923	5	0
639	923	4	0
655	923	3	0
658	923	3	0
707	923	5	0
711	923	5	0
745	923	3	0
747	923	5	0
806	923	3	0
828	923	3	0
833	923	5	0
875	923	5	0
878	923	3	0
884	923	3	0
894	923	5	0
911	923	4	0
918	923	4	0
924	923	5	0
18	963	5	0
59	963	5	0
92	963	5	0
99	963	3	0
144	963	4	0
177	963	4	0
230	963	5	0
234	963	3	0
271	963	5	0
296	963	5	0
305	963	4	0
330	963	5	0
343	963	5	0
360	963	5	0
374	963	5	0
391	963	5	0
417	963	4	0
447	963	5	0
453	963	4	0
456	963	4	0
468	963	5	0
474	963	5	0
503	963	5	0
527	963	4	0
535	963	5	0
537	963	3	0
538	963	4	0
539	963	4	0
575	963	1	0
592	963	5	0
606	963	5	0
645	963	4	0
654	963	4	0
655	963	3	0
666	963	3	0
744	963	5	0
788	963	4	0
875	963	4	0
908	963	4	0
913	963	4	0
934	963	5	0
18	966	2	0
43	966	4	0
90	966	5	0
128	966	4	0
151	966	4	0
152	966	5	0
234	966	4	0
253	966	5	0
295	966	5	0
308	966	3	0
311	966	4	0
330	966	5	0
416	966	5	0
450	966	4	0
474	966	4	0
487	966	5	0
537	966	2	0
593	966	5	0
606	966	5	0
618	966	4	0
642	966	5	0
655	966	3	0
711	966	5	0
768	966	4	0
864	966	4	0
896	966	4	0
24	1007	5	0
30	1007	5	0
63	1007	5	0
76	1007	4	0
94	1007	4	0
196	1007	4	0
227	1007	4	0
270	1007	5	0
279	1007	4	0
294	1007	4	0
296	1007	4	0
297	1007	4	0
303	1007	5	0
327	1007	4	0
342	1007	4	0
344	1007	4	0
345	1007	5	0
354	1007	4	0
363	1007	5	0
385	1007	3	0
387	1007	5	0
389	1007	4	0
392	1007	5	0
416	1007	5	0
422	1007	4	0
430	1007	3	0
437	1007	5	0
463	1007	3	0
473	1007	4	0
479	1007	4	0
480	1007	4	0
498	1007	3	0
501	1007	4	0
526	1007	3	0
655	1007	3	0
675	1007	4	0
707	1007	4	0
751	1007	4	0
758	1007	5	0
782	1007	3	0
789	1007	4	0
847	1007	4	0
894	1007	3	0
928	1007	5	0
936	1007	5	0
937	1007	4	0
941	1007	4	0
29	1019	4	0
31	1019	5	0
58	1019	4	0
76	1019	3	0
130	1019	4	0
132	1019	3	0
160	1019	5	0
162	1019	4	0
276	1019	5	0
308	1019	4	0
322	1019	4	0
327	1019	3	0
363	1019	5	0
387	1019	4	0
397	1019	3	0
405	1019	1	0
456	1019	4	0
487	1019	5	0
506	1019	5	0
537	1019	1	0
560	1019	4	0
567	1019	5	0
617	1019	4	0
633	1019	4	0
682	1019	5	0
710	1019	4	0
758	1019	4	0
833	1019	5	0
870	1019	3	0
883	1019	5	0
886	1019	4	0
48	1064	4	0
234	1064	4	0
426	1064	4	0
659	1064	5	0
49	1080	4	0
894	1080	4	0
60	1122	5	0
60	1125	4	0
90	1125	4	0
167	1125	5	0
568	1125	4	0
62	1130	4	0
62	1131	3	0
85	1131	4	0
180	1131	5	0
201	1131	5	0
276	1131	3	0
327	1131	4	0
385	1131	3	0
498	1131	3	0
561	1131	4	0
567	1131	4	0
655	1131	5	0
883	1131	5	0
894	1131	4	0
63	1137	5	0
85	1137	4	0
90	1137	2	0
119	1137	5	0
181	1137	1	0
184	1137	5	0
192	1137	4	0
201	1137	4	0
209	1137	4	0
242	1137	5	0
250	1137	5	0
257	1137	5	0
334	1137	4	0
344	1137	3	0
354	1137	4	0
365	1137	5	0
399	1137	4	0
455	1137	3	0
460	1137	3	0
486	1137	5	0
568	1137	4	0
572	1137	3	0
655	1137	3	0
717	1137	5	0
847	1137	5	0
871	1137	3	0
918	1137	5	0
919	1137	4	0
940	1137	3	0
65	1142	4	0
69	1142	4	0
92	1142	4	0
116	1142	4	0
130	1142	4	0
136	1142	4	0
141	1142	1	0
144	1142	5	0
160	1142	5	0
198	1142	5	0
279	1142	1	0
292	1142	4	0
296	1142	5	0
298	1142	4	0
303	1142	4	0
310	1142	5	0
344	1142	5	0
360	1142	4	0
382	1142	3	0
392	1142	5	0
437	1142	4	0
447	1142	5	0
449	1142	4	0
460	1142	4	0
467	1142	5	0
473	1142	5	0
479	1142	5	0
486	1142	5	0
498	1142	4	0
533	1142	4	0
592	1142	5	0
595	1142	5	0
614	1142	3	0
634	1142	3	0
655	1142	2	0
707	1142	1	0
733	1142	4	0
747	1142	4	0
758	1142	5	0
782	1142	3	0
793	1142	5	0
889	1142	4	0
894	1142	4	0
903	1142	5	0
69	1143	5	0
227	1143	4	0
385	1143	4	0
387	1143	5	0
392	1143	4	0
445	1143	4	0
473	1143	4	0
486	1143	3	0
592	1143	5	0
655	1143	3	0
699	1143	3	0
758	1143	5	0
782	1143	2	0
833	1143	4	0
851	1143	5	0
76	1158	4	0
385	1158	5	0
585	1158	4	0
655	1158	3	0
85	1169	4	0
144	1169	4	0
178	1169	4	0
198	1169	4	0
201	1169	4	0
234	1169	4	0
308	1169	5	0
393	1169	5	0
551	1169	4	0
655	1169	3	0
87	1189	5	0
416	1189	5	0
532	1189	5	0
88	1191	5	0
440	1191	5	0
782	1191	3	0
90	1194	4	0
92	1194	4	0
121	1194	4	0
201	1194	4	0
204	1194	4	0
233	1194	5	0
276	1194	3	0
286	1194	4	0
321	1194	5	0
331	1194	3	0
343	1194	4	0
354	1194	4	0
374	1194	4	0
405	1194	1	0
406	1194	4	0
409	1194	5	0
440	1194	5	0
449	1194	4	0
503	1194	5	0
537	1194	3	0
543	1194	4	0
553	1194	5	0
627	1194	4	0
639	1194	5	0
641	1194	3	0
655	1194	5	0
747	1194	5	0
889	1194	4	0
894	1194	5	0
896	1194	3	0
916	1194	4	0
90	1201	5	0
90	1203	5	0
151	1203	5	0
225	1203	5	0
234	1203	4	0
239	1203	5	0
312	1203	5	0
325	1203	5	0
389	1203	5	0
406	1203	2	0
429	1203	4	0
450	1203	3	0
454	1203	2	0
568	1203	5	0
622	1203	3	0
659	1203	4	0
694	1203	4	0
716	1203	2	0
747	1203	5	0
766	1203	3	0
911	1203	4	0
934	1203	5	0
100	1235	4	0
113	1251	5	0
296	1251	5	0
306	1251	5	0
460	1251	3	0
707	1251	4	0
782	1251	3	0
794	1251	4	0
894	1251	4	0
123	1269	2	0
151	1269	5	0
234	1269	3	0
450	1269	4	0
454	1269	3	0
694	1269	5	0
716	1269	4	0
731	1269	3	0
796	1269	5	0
892	1269	5	0
146	1293	5	0
489	1293	5	0
519	1293	5	0
181	1367	2	0
385	1367	5	0
449	1367	4	0
581	1367	5	0
773	1367	5	0
184	1396	4	0
358	1396	4	0
399	1396	4	0
535	1396	4	0
565	1396	5	0
184	1398	5	0
201	1398	4	0
234	1449	4	0
380	1449	4	0
385	1449	4	0
409	1449	5	0
561	1449	5	0
585	1449	5	0
932	1449	5	0
934	1449	5	0
234	1450	3	0
398	1450	5	0
234	1451	3	0
235	1451	4	0
263	1451	4	0
312	1451	4	0
389	1451	5	0
419	1451	4	0
426	1451	4	0
537	1451	3	0
553	1451	4	0
567	1451	3	0
666	1451	3	0
840	1451	5	0
846	1451	4	0
870	1451	3	0
932	1451	5	0
234	1452	4	0
234	1458	4	0
243	1466	3	0
280	1466	5	0
354	1466	5	0
655	1466	3	0
711	1466	4	0
828	1466	4	0
244	1467	5	0
886	1467	5	0
276	1482	4	0
279	1492	4	0
279	1498	4	0
279	1500	5	0
781	1500	5	0
291	1505	4	0
305	1512	3	0
363	1512	1	0
409	1512	5	0
561	1512	5	0
585	1512	5	0
932	1512	5	0
308	1515	4	0
312	1516	4	0
416	1516	5	0
655	1516	3	0
334	1524	4	0
358	1524	5	0
385	1524	5	0
409	1524	4	0
415	1524	5	0
543	1524	4	0
561	1524	4	0
585	1524	3	0
334	1525	4	0
339	1526	4	0
381	1533	4	0
385	1536	5	0
387	1537	4	0
409	1537	4	0
782	1537	3	0
819	1537	5	0
409	1593	4	0
416	1594	5	0
532	1594	4	0
437	1599	5	0
456	1604	4	0
489	1613	4	0
500	1616	4	0
585	1623	4	0
592	1623	4	0
655	1623	4	0
587	1625	4	0
655	1629	3	0
805	1629	5	0
655	1636	4	0
655	1639	4	0
840	1639	4	0
918	1639	5	0
655	1642	4	0
707	1642	5	0
655	1645	4	0
655	1650	4	0
655	1651	4	0
675	1653	5	0
840	1674	4	0
