1	18	4	0
14	18	3	0
15	18	1	0
59	18	4	0
90	18	3	0
181	18	1	0
207	18	2	0
385	18	5	0
585	18	2	0
655	18	3	0
1	34	2	0
94	34	1	0
184	34	2	0
276	34	2	0
286	34	5	0
297	34	3	0
551	34	4	0
1	40	3	0
5	40	4	0
10	40	4	0
11	40	3	0
13	40	2	0
43	40	3	0
49	40	1	0
87	40	3	0
92	40	3	0
119	40	4	0
174	40	4	0
180	40	4	0
184	40	4	0
210	40	3	0
222	40	1	0
234	40	2	0
244	40	2	0
262	40	4	0
268	40	3	0
271	40	1	0
276	40	3	0
279	40	4	0
280	40	5	0
286	40	4	0
318	40	4	0
345	40	3	0
378	40	3	0
389	40	3	0
393	40	1	0
405	40	2	0
406	40	3	0
407	40	1	0
417	40	3	0
435	40	3	0
455	40	3	0
478	40	1	0
504	40	4	0
551	40	1	0
561	40	2	0
577	40	4	0
584	40	4	0
588	40	4	0
593	40	1	0
621	40	3	0
642	40	4	0
648	40	4	0
660	40	2	0
711	40	4	0
712	40	5	0
715	40	1	0
747	40	2	0
766	40	3	0
804	40	3	0
805	40	3	0
846	40	2	0
880	40	2	0
897	40	3	0
1	43	4	0
42	43	2	0
83	43	4	0
92	43	3	0
95	43	2	0
110	43	3	0
200	43	3	0
224	43	3	0
271	43	3	0
276	43	1	0
290	43	3	0
295	43	4	0
301	43	5	0
303	43	3	0
311	43	4	0
328	43	3	0
345	43	3	0
378	43	3	0
399	43	3	0
405	43	1	0
416	43	1	0
436	43	2	0
450	43	4	0
472	43	4	0
487	43	3	0
500	43	3	0
533	43	4	0
551	43	2	0
554	43	3	0
655	43	3	0
659	43	4	0
727	43	3	0
758	43	3	0
788	43	3	0
796	43	4	0
864	43	3	0
881	43	3	0
886	43	2	0
896	43	3	0
922	43	3	0
1	74	1	0
276	74	3	0
308	74	4	0
334	74	2	0
339	74	4	0
617	74	5	0
843	74	2	0
1	75	4	0
254	75	1	0
405	75	2	0
504	75	4	0
682	75	4	0
1	84	4	0
38	84	5	0
130	84	4	0
276	84	2	0
291	84	3	0
295	84	2	0
393	84	3	0
394	84	4	0
399	84	2	0
435	84	2	0
495	84	3	0
504	84	3	0
536	84	4	0
551	84	1	0
660	84	2	0
721	84	3	0
804	84	3	0
887	84	4	0
1	108	5	0
45	108	4	0
49	108	2	0
63	108	2	0
75	108	4	0
85	108	2	0
92	108	2	0
181	108	1	0
192	108	4	0
196	108	4	0
198	108	3	0
216	108	4	0
221	108	3	0
249	108	3	0
259	108	4	0
267	108	4	0
268	108	3	0
269	108	5	0
276	108	3	0
279	108	4	0
287	108	4	0
297	108	4	0
327	108	3	0
336	108	3	0
342	108	4	0
365	108	2	0
393	108	2	0
397	108	4	0
432	108	3	0
435	108	1	0
459	108	1	0
467	108	4	0
479	108	4	0
486	108	4	0
497	108	3	0
501	108	4	0
521	108	3	0
560	108	1	0
566	108	2	0
584	108	3	0
595	108	2	0
606	108	1	0
621	108	3	0
624	108	3	0
663	108	2	0
666	108	3	0
682	108	3	0
715	108	4	0
716	108	2	0
727	108	3	0
747	108	4	0
758	108	5	0
790	108	3	0
795	108	3	0
804	108	3	0
805	108	3	0
833	108	2	0
847	108	2	0
848	108	5	0
864	108	3	0
865	108	1	0
881	108	3	0
886	108	5	0
896	108	3	0
936	108	4	0
1	149	2	0
59	149	4	0
90	149	3	0
92	149	3	0
158	149	3	0
181	149	1	0
224	149	1	0
252	149	5	0
328	149	2	0
342	149	5	0
354	149	5	0
405	149	1	0
460	149	4	0
463	149	2	0
534	149	2	0
537	149	3	0
592	149	4	0
596	149	3	0
637	149	2	0
655	149	4	0
664	149	3	0
708	149	3	0
733	149	4	0
1	244	2	0
15	244	2	0
21	244	4	0
27	244	3	0
106	244	4	0
141	244	5	0
144	244	3	0
157	244	5	0
158	244	4	0
174	244	4	0
178	244	1	0
227	244	3	0
250	244	4	0
268	244	4	0
270	244	3	0
271	244	2	0
291	244	2	0
296	244	1	0
299	244	2	0
334	244	3	0
344	244	3	0
345	244	3	0
392	244	3	0
407	244	3	0
425	244	1	0
437	244	3	0
449	244	4	0
463	244	4	0
474	244	4	0
486	244	3	0
500	244	3	0
555	244	5	0
590	244	3	0
637	244	1	0
675	244	3	0
697	244	5	0
699	244	3	0
733	244	2	0
770	244	4	0
782	244	4	0
839	244	3	0
854	244	3	0
870	244	3	0
894	244	4	0
916	244	4	0
919	244	2	0
930	244	4	0
936	244	4	0
2	299	4	0
3	299	3	0
13	299	3	0
21	299	1	0
31	299	4	0
34	299	5	0
49	299	2	0
104	299	3	0
113	299	5	0
116	299	3	0
119	299	4	0
130	299	3	0
145	299	4	0
159	299	3	0
164	299	4	0
170	299	3	0
173	299	4	0
177	299	4	0
181	299	1	0
186	299	3	0
294	299	3	0
301	299	3	0
302	299	2	0
317	299	4	0
328	299	2	0
341	299	5	0
372	299	4	0
422	299	1	0
423	299	3	0
435	299	4	0
446	299	2	0
450	299	2	0
451	299	1	0
464	299	4	0
486	299	1	0
488	299	3	0
489	299	2	0
510	299	3	0
511	299	2	0
519	299	5	0
537	299	2	0
557	299	4	0
567	299	4	0
592	299	1	0
611	299	1	0
616	299	3	0
621	299	1	0
663	299	2	0
682	299	4	0
683	299	3	0
685	299	2	0
686	299	5	0
708	299	1	0
710	299	3	0
717	299	4	0
721	299	3	0
724	299	1	0
755	299	2	0
782	299	3	0
783	299	5	0
784	299	3	0
791	299	2	0
801	299	2	0
802	299	4	0
809	299	4	0
851	299	4	0
853	299	4	0
863	299	2	0
880	299	4	0
894	299	3	0
896	299	1	0
920	299	2	0
925	299	3	0
2	308	3	0
6	308	3	0
13	308	3	0
15	308	5	0
48	308	5	0
88	308	4	0
133	308	4	0
145	308	2	0
149	308	2	0
169	308	3	0
181	308	1	0
206	308	2	0
281	308	1	0
354	308	4	0
360	308	4	0
405	308	1	0
451	308	1	0
466	308	1	0
489	308	4	0
587	308	3	0
598	308	4	0
644	308	4	0
683	308	3	0
699	308	4	0
724	308	1	0
743	308	2	0
782	308	4	0
787	308	3	0
811	308	4	0
845	308	4	0
2	309	1	0
6	309	2	0
7	309	3	0
48	309	3	0
161	309	2	0
206	309	2	0
223	309	4	0
249	309	3	0
286	309	5	0
296	309	1	0
302	309	2	0
308	309	1	0
313	309	4	0
360	309	2	0
365	309	1	0
443	309	5	0
509	309	2	0
529	309	3	0
629	309	3	0
650	309	3	0
651	309	1	0
688	309	5	0
699	309	3	0
707	309	2	0
797	309	3	0
816	309	5	0
826	309	4	0
898	309	5	0
3	319	2	0
10	319	3	0
13	319	4	0
14	319	1	0
18	319	4	0
19	319	4	0
21	319	2	0
30	319	4	0
31	319	4	0
36	319	2	0
39	319	4	0
50	319	5	0
79	319	4	0
83	319	1	0
85	319	4	0
86	319	3	0
88	319	3	0
102	319	4	0
108	319	5	0
113	319	2	0
123	319	4	0
126	319	2	0
128	319	5	0
140	319	4	0
144	319	3	0
146	319	4	0
147	319	4	0
149	319	2	0
150	319	4	0
152	319	2	0
155	319	3	0
159	319	1	0
173	319	4	0
176	319	3	0
178	319	1	0
181	319	3	0
201	319	2	0
207	319	3	0
214	319	3	0
220	319	4	0
227	319	4	0
234	319	3	0
235	319	4	0
256	319	2	0
260	319	2	0
266	319	2	0
270	319	5	0
273	319	4	0
274	319	5	0
279	319	4	0
282	319	4	0
284	319	3	0
285	319	3	0
299	319	3	0
303	319	5	0
306	319	4	0
308	319	4	0
309	319	4	0
323	319	2	0
325	319	3	0
334	319	3	0
342	319	4	0
344	319	1	0
354	319	3	0
355	319	5	0
361	319	5	0
364	319	3	0
365	319	4	0
378	319	3	0
383	319	2	0
387	319	1	0
390	319	5	0
392	319	5	0
408	319	5	0
416	319	5	0
420	319	4	0
425	319	1	0
427	319	3	0
429	319	3	0
437	319	5	0
440	319	2	0
448	319	5	0
451	319	2	0
458	319	4	0
461	319	3	0
463	319	1	0
465	319	3	0
470	319	3	0
473	319	3	0
476	319	1	0
480	319	3	0
485	319	3	0
486	319	3	0
489	319	3	0
491	319	1	0
500	319	4	0
503	319	3	0
507	319	3	0
509	319	2	0
524	319	4	0
529	319	4	0
530	319	3	0
533	319	3	0
535	319	5	0
537	319	4	0
539	319	5	0
542	319	3	0
547	319	4	0
555	319	5	0
556	319	3	0
560	319	4	0
561	319	2	0
568	319	2	0
572	319	4	0
574	319	5	0
576	319	3	0
587	319	3	0
592	319	4	0
594	319	3	0
599	319	2	0
608	319	4	0
609	319	1	0
615	319	4	0
624	319	3	0
629	319	4	0
645	319	3	0
646	319	3	0
655	319	3	0
659	319	3	0
662	319	3	0
663	319	1	0
664	319	4	0
665	319	4	0
666	319	4	0
685	319	2	0
687	319	4	0
695	319	5	0
699	319	3	0
707	319	5	0
708	319	5	0
720	319	3	0
721	319	3	0
728	319	3	0
735	319	4	0
740	319	3	0
748	319	3	0
755	319	3	0
758	319	4	0
787	319	3	0
791	319	2	0
795	319	4	0
799	319	4	0
805	319	2	0
809	319	3	0
819	319	4	0
824	319	2	0
829	319	4	0
839	319	1	0
861	319	5	0
863	319	2	0
866	319	4	0
883	319	3	0
894	319	4	0
898	319	5	0
905	319	2	0
919	319	3	0
936	319	4	0
940	319	2	0
3	324	2	0
4	324	5	0
7	324	1	0
11	324	1	0
21	324	4	0
24	324	5	0
34	324	5	0
47	324	3	0
49	324	4	0
50	324	5	0
74	324	3	0
76	324	4	0
104	324	1	0
105	324	4	0
113	324	2	0
116	324	2	0
118	324	4	0
135	324	3	0
150	324	4	0
154	324	2	0
155	324	2	0
173	324	5	0
176	324	5	0
177	324	4	0
181	324	1	0
199	324	1	0
201	324	5	0
214	324	5	0
227	324	4	0
244	324	4	0
248	324	4	0
250	324	2	0
255	324	5	0
257	324	5	0
267	324	3	0
268	324	4	0
270	324	2	0
276	324	4	0
280	324	5	0
284	324	3	0
291	324	1	0
292	324	3	0
294	324	4	0
303	324	3	0
309	324	3	0
315	324	3	0
327	324	3	0
334	324	4	0
335	324	1	0
342	324	1	0
343	324	5	0
347	324	1	0
350	324	4	0
355	324	4	0
358	324	4	0
367	324	5	0
387	324	4	0
392	324	1	0
397	324	2	0
408	324	5	0
414	324	4	0
417	324	1	0
422	324	5	0
425	324	3	0
440	324	5	0
445	324	1	0
451	324	4	0
456	324	4	0
466	324	1	0
479	324	1	0
486	324	4	0
489	324	3	0
501	324	4	0
506	324	1	0
510	324	1	0
519	324	1	0
521	324	2	0
527	324	3	0
529	324	2	0
543	324	3	0
551	324	3	0
556	324	4	0
570	324	2	0
576	324	2	0
578	324	1	0
589	324	1	0
592	324	4	0
595	324	3	0
601	324	4	0
611	324	3	0
626	324	4	0
629	324	2	0
655	324	3	0
663	324	2	0
669	324	3	0
685	324	3	0
687	324	2	0
695	324	2	0
697	324	5	0
699	324	4	0
717	324	3	0
721	324	3	0
732	324	2	0
733	324	4	0
736	324	3	0
758	324	5	0
773	324	3	0
781	324	4	0
782	324	2	0
787	324	2	0
806	324	2	0
817	324	2	0
820	324	3	0
833	324	3	0
836	324	4	0
842	324	4	0
854	324	3	0
863	324	5	0
871	324	3	0
890	324	4	0
894	324	3	0
898	324	4	0
903	324	4	0
925	324	4	0
936	324	5	0
3	330	2	0
21	330	4	0
104	330	1	0
130	330	4	0
141	330	1	0
181	330	1	0
186	330	4	0
286	330	5	0
303	330	3	0
341	330	5	0
416	330	3	0
445	330	2	0
451	330	3	0
458	330	3	0
462	330	3	0
485	330	3	0
489	330	4	0
504	330	4	0
510	330	2	0
519	330	5	0
532	330	4	0
537	330	2	0
587	330	3	0
592	330	3	0
595	330	4	0
626	330	3	0
628	330	5	0
644	330	4	0
655	330	2	0
663	330	4	0
698	330	4	0
710	330	3	0
721	330	3	0
750	330	2	0
782	330	4	0
783	330	1	0
802	330	2	0
851	330	3	0
853	330	1	0
863	330	2	0
894	330	3	0
3	335	1	0
130	335	3	0
141	335	1	0
181	335	1	0
221	335	4	0
241	335	3	0
255	335	4	0
270	335	3	0
341	335	4	0
369	335	2	0
451	335	4	0
479	335	3	0
517	335	3	0
519	335	5	0
532	335	3	0
710	335	1	0
721	335	3	0
782	335	2	0
783	335	3	0
813	335	2	0
871	335	3	0
3	337	1	0
40	337	4	0
126	337	5	0
149	337	2	0
181	337	1	0
206	337	2	0
334	337	4	0
385	337	4	0
449	337	4	0
451	337	2	0
498	337	4	0
537	337	3	0
557	337	5	0
608	337	4	0
655	337	2	0
685	337	2	0
805	337	2	0
871	337	3	0
3	342	4	0
13	342	4	0
61	342	2	0
99	342	1	0
100	342	3	0
104	342	3	0
130	342	3	0
145	342	4	0
146	342	1	0
164	342	2	0
178	342	4	0
261	342	3	0
279	342	4	0
281	342	1	0
294	342	3	0
332	342	4	0
335	342	2	0
365	342	2	0
393	342	5	0
395	342	4	0
401	342	1	0
404	342	3	0
441	342	4	0
442	342	2	0
489	342	3	0
501	342	4	0
502	342	4	0
506	342	3	0
514	342	1	0
515	342	3	0
526	342	2	0
587	342	1	0
592	342	2	0
611	342	3	0
624	342	3	0
640	342	5	0
713	342	3	0
724	342	3	0
758	342	4	0
782	342	2	0
787	342	2	0
796	342	5	0
810	342	5	0
813	342	1	0
816	342	4	0
834	342	2	0
851	342	2	0
863	342	1	0
871	342	4	0
873	342	4	0
880	342	3	0
883	342	4	0
3	349	3	0
13	349	1	0
100	349	3	0
116	349	2	0
119	349	3	0
209	349	2	0
224	349	4	0
229	349	4	0
240	349	1	0
328	349	2	0
393	349	3	0
466	349	2	0
487	349	3	0
489	349	4	0
519	349	5	0
537	349	1	0
546	349	4	0
587	349	3	0
598	349	4	0
616	349	4	0
646	349	2	0
660	349	3	0
688	349	5	0
724	349	2	0
782	349	3	0
816	349	4	0
842	349	3	0
851	349	3	0
863	349	1	0
864	349	4	0
883	349	2	0
3	350	3	0
11	350	4	0
13	350	2	0
102	350	3	0
116	350	3	0
126	350	2	0
130	350	4	0
142	350	4	0
241	350	2	0
260	350	4	0
294	350	4	0
317	350	5	0
319	350	3	0
328	350	3	0
332	350	4	0
362	350	5	0
363	350	1	0
405	350	1	0
428	350	4	0
440	350	5	0
442	350	2	0
466	350	4	0
478	350	1	0
502	350	3	0
519	350	5	0
587	350	3	0
592	350	4	0
598	350	4	0
611	350	4	0
619	350	3	0
683	350	2	0
702	350	1	0
752	350	4	0
757	350	3	0
758	350	4	0
782	350	4	0
787	350	1	0
863	350	1	0
872	350	3	0
894	350	3	0
920	350	4	0
3	355	3	0
13	355	3	0
94	355	2	0
100	355	4	0
116	355	2	0
130	355	4	0
133	355	2	0
145	355	3	0
276	355	3	0
294	355	4	0
317	355	4	0
335	355	3	0
384	355	4	0
393	355	3	0
423	355	3	0
425	355	3	0
472	355	3	0
489	355	5	0
511	355	2	0
551	355	4	0
578	355	1	0
587	355	3	0
611	355	1	0
616	355	4	0
650	355	2	0
668	355	2	0
669	355	2	0
726	355	3	0
752	355	2	0
758	355	4	0
776	355	3	0
782	355	3	0
801	355	3	0
816	355	2	0
828	355	2	0
851	355	4	0
863	355	4	0
883	355	5	0
894	355	3	0
931	355	2	0
940	355	1	0
4	362	5	0
13	362	4	0
142	362	3	0
179	362	1	0
193	362	3	0
197	362	4	0
206	362	1	0
260	362	5	0
393	362	3	0
418	362	1	0
425	362	3	0
463	362	1	0
472	362	5	0
515	362	4	0
561	362	2	0
588	362	3	0
616	362	3	0
660	362	2	0
682	362	2	0
708	362	1	0
713	362	1	0
729	362	4	0
758	362	5	0
787	362	3	0
842	362	3	0
863	362	1	0
931	362	3	0
942	362	3	0
5	370	1	0
11	370	3	0
13	370	1	0
21	370	1	0
27	370	4	0
79	370	2	0
92	370	1	0
101	370	2	0
164	370	5	0
181	370	2	0
201	370	1	0
226	370	3	0
236	370	3	0
256	370	3	0
268	370	2	0
270	370	5	0
328	370	3	0
330	370	4	0
332	370	2	0
348	370	4	0
349	370	2	0
363	370	3	0
378	370	2	0
403	370	3	0
422	370	2	0
457	370	3	0
472	370	4	0
500	370	3	0
504	370	3	0
518	370	4	0
534	370	4	0
548	370	3	0
588	370	5	0
654	370	2	0
666	370	2	0
699	370	3	0
788	370	2	0
825	370	3	0
938	370	5	0
5	373	3	0
56	373	4	0
102	373	2	0
109	373	5	0
130	373	4	0
158	373	2	0
195	373	3	0
197	373	1	0
200	373	4	0
217	373	2	0
222	373	3	0
276	373	2	0
279	373	4	0
301	373	4	0
303	373	2	0
393	373	4	0
405	373	2	0
417	373	3	0
450	373	3	0
457	373	2	0
472	373	4	0
497	373	4	0
532	373	3	0
545	373	3	0
600	373	3	0
622	373	1	0
640	373	3	0
648	373	3	0
650	373	1	0
705	373	3	0
758	373	4	0
774	373	2	0
790	373	3	0
804	373	2	0
807	373	4	0
826	373	3	0
846	373	3	0
864	373	2	0
943	373	3	0
5	376	2	0
22	376	3	0
56	376	3	0
92	376	3	0
110	376	2	0
125	376	3	0
194	376	2	0
291	376	3	0
303	376	2	0
318	376	3	0
330	376	4	0
393	376	4	0
405	376	5	0
435	376	2	0
541	376	3	0
642	376	3	0
684	376	3	0
690	376	3	0
712	376	3	0
715	376	2	0
786	376	3	0
790	376	2	0
846	376	2	0
880	376	3	0
5	379	3	0
7	379	4	0
13	379	1	0
21	379	3	0
130	379	4	0
135	379	2	0
145	379	3	0
201	379	3	0
222	379	1	0
254	379	1	0
268	379	1	0
270	379	5	0
276	379	3	0
279	379	3	0
280	379	5	0
286	379	5	0
291	379	3	0
303	379	4	0
314	379	3	0
367	379	4	0
368	379	4	0
399	379	3	0
405	379	1	0
422	379	2	0
425	379	2	0
495	379	5	0
545	379	4	0
546	379	4	0
561	379	2	0
586	379	4	0
620	379	4	0
648	379	1	0
671	379	3	0
682	379	4	0
709	379	3	0
727	379	2	0
802	379	4	0
804	379	3	0
833	379	2	0
843	379	2	0
880	379	4	0
896	379	2	0
932	379	2	0
5	400	1	0
13	400	4	0
38	400	1	0
254	400	3	0
399	400	3	0
405	400	1	0
407	400	1	0
436	400	3	0
450	400	3	0
472	400	5	0
504	400	3	0
642	400	4	0
705	400	4	0
712	400	3	0
798	400	3	0
846	400	1	0
881	400	2	0
921	400	4	0
5	415	1	0
7	415	2	0
95	415	3	0
174	415	3	0
254	415	3	0
276	415	3	0
279	415	3	0
311	415	3	0
313	415	2	0
339	415	3	0
346	415	2	0
393	415	4	0
405	415	2	0
416	415	4	0
429	415	3	0
437	415	4	0
450	415	3	0
484	415	3	0
551	415	4	0
712	415	4	0
798	415	3	0
804	415	3	0
807	415	3	0
846	415	2	0
943	415	1	0
5	422	4	0
95	422	2	0
128	422	4	0
222	422	2	0
230	422	3	0
330	422	4	0
405	422	1	0
417	422	3	0
450	422	3	0
471	422	5	0
479	422	3	0
484	422	3	0
505	422	3	0
528	422	2	0
620	422	1	0
642	422	3	0
776	422	2	0
805	422	4	0
807	422	4	0
826	422	2	0
843	422	2	0
864	422	3	0
892	422	1	0
896	422	3	0
921	422	3	0
927	422	4	0
5	426	3	0
56	426	4	0
130	426	4	0
222	426	1	0
246	426	3	0
276	426	3	0
287	426	3	0
293	426	1	0
301	426	4	0
303	426	3	0
363	426	2	0
399	426	3	0
405	426	1	0
472	426	4	0
487	426	3	0
496	426	3	0
532	426	5	0
537	426	1	0
545	426	3	0
561	426	1	0
715	426	5	0
757	426	3	0
761	426	1	0
823	426	4	0
826	426	2	0
846	426	1	0
847	426	2	0
868	426	4	0
893	426	4	0
896	426	2	0
927	426	4	0
943	426	4	0
5	454	1	0
90	454	2	0
144	454	3	0
145	454	1	0
178	454	4	0
201	454	2	0
331	454	3	0
374	454	4	0
389	454	2	0
399	454	3	0
436	454	4	0
454	454	3	0
504	454	5	0
535	454	3	0
648	454	3	0
655	454	3	0
6	460	2	0
75	460	5	0
139	460	3	0
145	460	1	0
160	460	2	0
178	460	2	0
181	460	1	0
227	460	2	0
256	460	4	0
291	460	5	0
293	460	3	0
303	460	4	0
347	460	3	0
391	460	4	0
413	460	3	0
445	460	2	0
456	460	3	0
458	460	4	0
486	460	4	0
537	460	2	0
548	460	4	0
551	460	3	0
592	460	3	0
595	460	4	0
634	460	3	0
637	460	2	0
833	460	2	0
923	460	4	0
7	541	2	0
13	541	1	0
23	541	4	0
62	541	3	0
94	541	3	0
102	541	2	0
130	541	3	0
193	541	1	0
217	541	3	0
222	541	2	0
246	541	3	0
268	541	3	0
276	541	3	0
279	541	3	0
303	541	3	0
346	541	3	0
393	541	3	0
394	541	3	0
399	541	3	0
405	541	1	0
417	541	2	0
435	541	4	0
472	541	5	0
487	541	3	0
497	541	4	0
524	541	1	0
528	541	3	0
545	541	4	0
584	541	3	0
586	541	3	0
600	541	1	0
621	541	4	0
622	541	2	0
627	541	4	0
642	541	5	0
682	541	3	0
709	541	3	0
727	541	4	0
749	541	3	0
758	541	4	0
773	541	1	0
805	541	3	0
807	541	4	0
864	541	2	0
880	541	2	0
916	541	2	0
927	541	5	0
932	541	1	0
943	541	4	0
7	552	4	0
92	552	3	0
95	552	1	0
109	552	2	0
130	552	5	0
145	552	5	0
200	552	4	0
215	552	3	0
222	552	2	0
234	552	2	0
256	552	3	0
267	552	3	0
268	552	2	0
276	552	3	0
286	552	3	0
291	552	3	0
301	552	3	0
303	552	2	0
320	552	4	0
332	552	3	0
363	552	4	0
374	552	4	0
393	552	2	0
394	552	3	0
399	552	1	0
405	552	1	0
417	552	2	0
453	552	2	0
472	552	5	0
497	552	3	0
500	552	1	0
551	552	3	0
588	552	1	0
622	552	2	0
642	552	4	0
650	552	4	0
682	552	3	0
727	552	2	0
790	552	2	0
795	552	2	0
804	552	4	0
805	552	3	0
833	552	3	0
846	552	4	0
927	552	4	0
7	560	3	0
95	560	1	0
200	560	4	0
393	560	3	0
399	560	3	0
405	560	1	0
416	560	3	0
484	560	4	0
506	560	3	0
541	560	3	0
577	560	3	0
620	560	4	0
642	560	4	0
705	560	2	0
712	560	3	0
798	560	3	0
821	560	3	0
846	560	1	0
901	560	3	0
921	560	2	0
927	560	2	0
932	560	2	0
7	567	1	0
13	567	1	0
21	567	2	0
28	567	4	0
59	567	4	0
130	567	2	0
201	567	3	0
246	567	5	0
262	567	1	0
276	567	3	0
291	567	5	0
308	567	4	0
367	567	4	0
368	567	3	0
387	567	2	0
405	567	2	0
422	567	3	0
435	567	3	0
472	567	4	0
504	567	2	0
546	567	4	0
604	567	5	0
617	567	2	0
621	567	3	0
709	567	2	0
727	567	2	0
758	567	4	0
773	567	2	0
774	567	1	0
776	567	2	0
795	567	2	0
802	567	4	0
847	567	3	0
868	567	1	0
925	567	3	0
7	572	3	0
13	572	2	0
94	572	3	0
109	572	3	0
130	572	3	0
145	572	5	0
246	572	3	0
276	572	3	0
291	572	3	0
293	572	2	0
320	572	3	0
328	572	3	0
346	572	5	0
363	572	2	0
374	572	2	0
378	572	3	0
393	572	4	0
435	572	2	0
442	572	3	0
487	572	1	0
551	572	1	0
643	572	3	0
653	572	2	0
655	572	2	0
682	572	4	0
693	572	2	0
788	572	3	0
790	572	3	0
896	572	2	0
7	573	5	0
11	573	3	0
13	573	3	0
21	573	2	0
28	573	4	0
38	573	1	0
95	573	1	0
254	573	2	0
291	573	4	0
312	573	5	0
339	573	3	0
366	573	5	0
368	573	3	0
375	573	4	0
380	573	1	0
405	573	3	0
406	573	3	0
425	573	3	0
435	573	1	0
495	573	4	0
524	573	4	0
537	573	2	0
617	573	4	0
653	573	1	0
661	573	3	0
682	573	4	0
774	573	2	0
796	573	4	0
802	573	4	0
804	573	3	0
833	573	1	0
881	573	3	0
934	573	2	0
7	583	2	0
16	583	4	0
49	583	4	0
59	583	5	0
92	583	3	0
94	583	3	0
158	583	3	0
201	583	1	0
224	583	1	0
249	583	4	0
256	583	5	0
268	583	4	0
270	583	5	0
276	583	3	0
293	583	3	0
303	583	1	0
308	583	4	0
327	583	2	0
343	583	4	0
375	583	2	0
387	583	4	0
389	583	2	0
405	583	1	0
425	583	3	0
429	583	3	0
437	583	1	0
450	583	4	0
524	583	4	0
551	583	3	0
600	583	3	0
671	583	3	0
682	583	2	0
790	583	2	0
795	583	4	0
870	583	2	0
916	583	4	0
933	583	3	0
7	600	4	0
932	600	2	0
7	620	4	0
15	620	4	0
59	620	4	0
92	620	3	0
145	620	3	0
164	620	3	0
181	620	2	0
222	620	3	0
223	620	2	0
224	620	3	0
256	620	3	0
314	620	3	0
328	620	3	0
334	620	2	0
345	620	2	0
374	620	3	0
378	620	3	0
393	620	4	0
416	620	4	0
423	620	4	0
432	620	4	0
450	620	4	0
455	620	3	0
486	620	2	0
487	620	3	0
504	620	4	0
549	620	3	0
552	620	3	0
606	620	4	0
630	620	4	0
650	620	2	0
653	620	3	0
665	620	3	0
716	620	3	0
719	620	4	0
749	620	4	0
768	620	2	0
788	620	3	0
825	620	3	0
854	620	2	0
881	620	2	0
907	620	4	0
935	620	2	0
7	621	5	0
13	621	4	0
230	621	2	0
254	621	3	0
311	621	4	0
379	621	4	0
405	621	1	0
749	621	3	0
752	621	1	0
788	621	3	0
868	621	2	0
7	623	3	0
56	623	3	0
83	623	4	0
95	623	3	0
174	623	3	0
194	623	1	0
221	623	3	0
222	623	2	0
233	623	3	0
234	623	2	0
311	623	2	0
314	623	5	0
328	623	3	0
378	623	3	0
393	623	3	0
405	623	1	0
457	623	3	0
504	623	3	0
505	623	3	0
541	623	3	0
577	623	5	0
588	623	3	0
601	623	1	0
620	623	4	0
642	623	4	0
682	623	3	0
705	623	5	0
712	623	4	0
778	623	1	0
788	623	3	0
796	623	3	0
798	623	3	0
815	623	3	0
846	623	1	0
864	623	3	0
880	623	4	0
886	623	1	0
901	623	4	0
927	623	3	0
7	635	3	0
13	635	1	0
21	635	4	0
102	635	2	0
145	635	4	0
188	635	2	0
234	635	2	0
334	635	2	0
372	635	5	0
378	635	2	0
407	635	3	0
429	635	3	0
435	635	3	0
436	635	3	0
442	635	4	0
617	635	4	0
648	635	2	0
650	635	3	0
727	635	2	0
749	635	1	0
776	635	4	0
814	635	2	0
843	635	2	0
7	637	4	0
13	637	2	0
21	637	4	0
38	637	2	0
60	637	4	0
94	637	3	0
145	637	3	0
201	637	3	0
222	637	2	0
264	637	4	0
293	637	3	0
308	637	3	0
328	637	3	0
339	637	4	0
366	637	5	0
367	637	3	0
368	637	2	0
372	637	4	0
374	637	4	0
379	637	2	0
429	637	3	0
435	637	4	0
450	637	4	0
495	637	3	0
604	637	4	0
606	637	3	0
617	637	3	0
648	637	2	0
650	637	3	0
709	637	3	0
749	637	1	0
776	637	3	0
788	637	2	0
804	637	3	0
840	637	3	0
843	637	2	0
890	637	3	0
896	637	2	0
7	640	3	0
49	640	1	0
58	640	5	0
59	640	5	0
82	640	3	0
83	640	2	0
92	640	5	0
95	640	3	0
114	640	2	0
116	640	3	0
154	640	5	0
160	640	3	0
161	640	2	0
184	640	4	0
194	640	1	0
198	640	3	0
201	640	4	0
233	640	2	0
269	640	5	0
276	640	4	0
286	640	5	0
299	640	3	0
308	640	4	0
312	640	2	0
325	640	3	0
334	640	4	0
339	640	5	0
346	640	3	0
363	640	2	0
381	640	5	0
405	640	1	0
406	640	3	0
417	640	5	0
429	640	3	0
435	640	4	0
437	640	1	0
449	640	5	0
456	640	4	0
457	640	4	0
479	640	4	0
500	640	4	0
503	640	1	0
524	640	1	0
527	640	4	0
535	640	3	0
536	640	4	0
537	640	3	0
539	640	2	0
551	640	4	0
561	640	5	0
565	640	4	0
567	640	4	0
585	640	2	0
615	640	3	0
625	640	3	0
630	640	1	0
645	640	4	0
655	640	2	0
660	640	1	0
666	640	4	0
698	640	2	0
707	640	2	0
758	640	5	0
795	640	4	0
823	640	1	0
828	640	2	0
829	640	3	0
833	640	3	0
840	640	3	0
846	640	1	0
848	640	1	0
862	640	3	0
868	640	5	0
870	640	3	0
877	640	2	0
878	640	1	0
884	640	1	0
896	640	2	0
899	640	1	0
916	640	4	0
918	640	3	0
932	640	2	0
7	643	4	0
358	643	3	0
405	643	1	0
914	643	4	0
7	670	5	0
13	670	3	0
21	670	3	0
28	670	4	0
59	670	4	0
94	670	3	0
97	670	5	0
201	670	4	0
222	670	3	0
280	670	2	0
291	670	5	0
303	670	2	0
313	670	3	0
326	670	3	0
367	670	4	0
368	670	3	0
380	670	1	0
405	670	1	0
406	670	3	0
422	670	2	0
425	670	3	0
479	670	3	0
524	670	4	0
537	670	2	0
604	670	5	0
617	670	1	0
650	670	3	0
653	670	1	0
655	670	3	0
659	670	2	0
776	670	3	0
788	670	3	0
802	670	4	0
804	670	4	0
833	670	1	0
897	670	3	0
7	674	2	0
13	674	3	0
21	674	2	0
92	674	4	0
94	674	3	0
95	674	2	0
145	674	4	0
167	674	2	0
194	674	2	0
200	674	4	0
269	674	2	0
313	674	2	0
326	674	3	0
372	674	5	0
378	674	3	0
379	674	3	0
385	674	3	0
387	674	2	0
389	674	2	0
405	674	1	0
406	674	4	0
417	674	2	0
421	674	5	0
430	674	4	0
435	674	2	0
437	674	3	0
495	674	3	0
617	674	3	0
620	674	3	0
622	674	2	0
643	674	3	0
645	674	3	0
648	674	3	0
650	674	4	0
653	674	3	0
655	674	3	0
766	674	3	0
774	674	2	0
776	674	3	0
802	674	2	0
804	674	4	0
814	674	3	0
843	674	2	0
846	674	4	0
890	674	3	0
896	674	2	0
916	674	3	0
934	674	4	0
7	677	3	0
7	682	2	0
13	682	1	0
31	682	2	0
33	682	4	0
36	682	1	0
57	682	3	0
91	682	2	0
99	682	2	0
110	682	4	0
126	682	1	0
130	682	4	0
143	682	3	0
145	682	3	0
178	682	3	0
179	682	5	0
181	682	4	0
193	682	1	0
198	682	3	0
201	682	3	0
206	682	3	0
220	682	4	0
223	682	4	0
241	682	2	0
255	682	5	0
260	682	4	0
276	682	3	0
281	682	3	0
284	682	3	0
285	682	4	0
287	682	4	0
294	682	3	0
304	682	3	0
314	682	5	0
319	682	3	0
327	682	3	0
331	682	5	0
332	682	4	0
341	682	3	0
355	682	4	0
363	682	1	0
377	682	3	0
381	682	2	0
388	682	4	0
416	682	3	0
422	682	2	0
427	682	5	0
433	682	2	0
451	682	4	0
461	682	1	0
462	682	5	0
466	682	1	0
472	682	4	0
482	682	3	0
489	682	4	0
502	682	5	0
507	682	5	0
511	682	4	0
514	682	4	0
515	682	4	0
519	682	1	0
529	682	4	0
532	682	4	0
537	682	1	0
546	682	3	0
550	682	4	0
557	682	2	0
587	682	3	0
589	682	4	0
592	682	4	0
596	682	4	0
599	682	4	0
620	682	2	0
626	682	3	0
631	682	2	0
635	682	2	0
646	682	3	0
663	682	3	0
676	682	1	0
681	682	1	0
683	682	1	0
688	682	5	0
695	682	1	0
697	682	2	0
706	682	2	0
721	682	3	0
724	682	1	0
741	682	3	0
760	682	3	0
768	682	3	0
782	682	4	0
801	682	5	0
812	682	4	0
851	682	1	0
853	682	4	0
863	682	3	0
872	682	3	0
904	682	4	0
909	682	3	0
920	682	3	0
925	682	4	0
10	695	3	0
49	695	3	0
201	695	1	0
218	695	3	0
221	695	4	0
405	695	1	0
442	695	5	0
457	695	3	0
542	695	2	0
608	695	5	0
655	695	3	0
747	695	2	0
889	695	3	0
10	698	4	0
49	698	2	0
167	698	4	0
363	698	2	0
405	698	1	0
437	698	2	0
537	698	3	0
551	698	4	0
655	698	4	0
894	698	4	0
10	702	3	0
18	702	3	0
49	702	3	0
59	702	5	0
62	702	2	0
85	702	2	0
87	702	3	0
89	702	5	0
92	702	3	0
128	702	3	0
151	702	3	0
201	702	1	0
234	702	2	0
264	702	4	0
279	702	4	0
299	702	4	0
301	702	4	0
311	702	3	0
327	702	2	0
331	702	3	0
339	702	4	0
343	702	4	0
345	702	4	0
354	702	3	0
378	702	4	0
405	702	1	0
406	702	3	0
429	702	5	0
437	702	1	0
449	702	5	0
450	702	4	0
503	702	2	0
524	702	4	0
535	702	1	0
537	702	3	0
543	702	2	0
561	702	3	0
592	702	4	0
608	702	1	0
639	702	2	0
653	702	3	0
655	702	2	0
664	702	4	0
707	702	3	0
763	702	3	0
804	702	2	0
806	702	3	0
828	702	2	0
846	702	4	0
877	702	4	0
878	702	1	0
894	702	4	0
916	702	3	0
10	704	3	0
18	704	3	0
62	704	2	0
83	704	3	0
92	704	3	0
123	704	3	0
224	704	3	0
286	704	2	0
295	704	5	0
321	704	3	0
373	704	2	0
379	704	3	0
405	704	2	0
450	704	3	0
457	704	4	0
458	704	2	0
524	704	4	0
543	704	3	0
627	704	4	0
711	704	4	0
751	704	2	0
870	704	3	0
916	704	3	0
918	704	4	0
10	706	4	0
13	706	1	0
21	706	2	0
291	706	3	0
620	706	3	0
776	706	3	0
10	712	4	0
13	712	4	0
22	712	4	0
62	712	4	0
85	712	3	0
92	712	3	0
95	712	2	0
106	712	3	0
194	712	3	0
207	712	4	0
218	712	3	0
222	712	3	0
234	712	2	0
244	712	3	0
279	712	5	0
293	712	2	0
308	712	4	0
318	712	4	0
334	712	3	0
343	712	4	0
346	712	3	0
379	712	3	0
380	712	2	0
389	712	3	0
398	712	2	0
405	712	1	0
406	712	3	0
407	712	2	0
416	712	4	0
450	712	3	0
476	712	3	0
506	712	3	0
524	712	4	0
538	712	3	0
591	712	3	0
643	712	3	0
653	712	3	0
655	712	3	0
659	712	3	0
690	712	4	0
707	712	3	0
749	712	3	0
766	712	3	0
774	712	1	0
778	712	3	0
788	712	3	0
815	712	3	0
860	712	3	0
881	712	3	0
883	712	3	0
934	712	4	0
11	725	3	0
49	725	2	0
92	725	3	0
276	725	2	0
279	725	4	0
280	725	3	0
303	725	1	0
393	725	2	0
405	725	1	0
417	725	4	0
450	725	3	0
497	725	3	0
504	725	3	0
622	725	3	0
642	725	4	0
805	725	3	0
11	737	4	0
13	737	4	0
18	737	3	0
44	737	1	0
49	737	1	0
89	737	1	0
92	737	4	0
94	737	4	0
95	737	3	0
122	737	4	0
145	737	2	0
180	737	3	0
194	737	4	0
201	737	2	0
221	737	4	0
243	737	3	0
276	737	4	0
286	737	4	0
295	737	5	0
301	737	2	0
325	737	4	0
339	737	3	0
345	737	3	0
354	737	4	0
361	737	4	0
363	737	1	0
387	737	3	0
393	737	2	0
398	737	2	0
405	737	1	0
406	737	3	0
407	737	4	0
416	737	3	0
429	737	4	0
437	737	1	0
447	737	4	0
456	737	3	0
474	737	4	0
543	737	3	0
561	737	3	0
622	737	5	0
650	737	2	0
653	737	1	0
682	737	3	0
751	737	4	0
758	737	3	0
763	737	2	0
773	737	3	0
804	737	3	0
828	737	1	0
840	737	4	0
846	737	4	0
861	737	3	0
862	737	4	0
877	737	1	0
889	737	3	0
890	737	3	0
916	737	3	0
918	737	3	0
11	738	3	0
49	738	3	0
56	738	3	0
94	738	2	0
145	738	3	0
184	738	3	0
222	738	3	0
244	738	4	0
268	738	2	0
286	738	5	0
295	738	4	0
303	738	2	0
336	738	1	0
345	738	3	0
399	738	4	0
405	738	1	0
416	738	2	0
442	738	3	0
455	738	3	0
476	738	3	0
682	738	3	0
709	738	1	0
712	738	4	0
751	738	4	0
763	738	2	0
778	738	1	0
790	738	3	0
846	738	4	0
868	738	2	0
877	738	4	0
927	738	3	0
11	749	5	0
13	749	3	0
15	749	1	0
133	749	4	0
170	749	5	0
181	749	1	0
206	749	2	0
223	749	4	0
234	749	3	0
286	749	3	0
294	749	3	0
299	749	1	0
305	749	2	0
324	749	3	0
327	749	3	0
400	749	4	0
409	749	3	0
428	749	4	0
440	749	3	0
450	749	4	0
451	749	3	0
463	749	3	0
489	749	4	0
506	749	4	0
529	749	4	0
537	749	2	0
544	749	4	0
587	749	2	0
589	749	3	0
606	749	4	0
661	749	2	0
663	749	3	0
669	749	3	0
687	749	4	0
688	749	5	0
699	749	3	0
720	749	3	0
721	749	3	0
724	749	4	0
739	749	5	0
750	749	3	0
762	749	1	0
782	749	4	0
787	749	4	0
831	749	2	0
842	749	4	0
856	749	3	0
863	749	2	0
883	749	3	0
889	749	2	0
928	749	5	0
13	757	3	0
405	757	1	0
807	757	4	0
854	757	3	0
13	764	2	0
45	764	4	0
59	764	4	0
145	764	2	0
174	764	4	0
178	764	3	0
181	764	1	0
188	764	4	0
216	764	2	0
244	764	5	0
279	764	3	0
280	764	4	0
314	764	3	0
323	764	3	0
342	764	1	0
344	764	1	0
402	764	3	0
417	764	3	0
463	764	2	0
490	764	1	0
655	764	1	0
664	764	4	0
699	764	3	0
703	764	2	0
708	764	4	0
735	764	3	0
758	764	1	0
907	764	4	0
916	764	3	0
13	765	2	0
87	765	3	0
94	765	3	0
110	765	3	0
130	765	4	0
234	765	3	0
246	765	2	0
256	765	4	0
268	765	2	0
276	765	3	0
280	765	4	0
293	765	3	0
303	765	3	0
314	765	3	0
336	765	4	0
405	765	1	0
416	765	4	0
417	765	3	0
450	765	3	0
476	765	4	0
497	765	3	0
551	765	1	0
642	765	3	0
653	765	1	0
682	765	4	0
727	765	2	0
758	765	2	0
796	765	3	0
892	765	2	0
896	765	4	0
933	765	1	0
943	765	3	0
13	772	1	0
76	772	3	0
115	772	4	0
117	772	4	0
130	772	4	0
156	772	3	0
172	772	1	0
201	772	5	0
222	772	2	0
244	772	4	0
259	772	4	0
272	772	2	0
276	772	4	0
291	772	4	0
301	772	3	0
314	772	1	0
323	772	3	0
327	772	3	0
339	772	4	0
342	772	1	0
345	772	4	0
387	772	4	0
391	772	2	0
399	772	4	0
405	772	1	0
406	772	4	0
429	772	3	0
456	772	4	0
468	772	4	0
487	772	3	0
492	772	1	0
498	772	1	0
506	772	1	0
537	772	3	0
542	772	4	0
561	772	4	0
566	772	4	0
568	772	1	0
645	772	3	0
655	772	3	0
658	772	3	0
682	772	4	0
691	772	5	0
805	772	3	0
846	772	4	0
851	772	3	0
870	772	4	0
875	772	5	0
886	772	1	0
13	773	1	0
21	773	3	0
58	773	4	0
201	773	4	0
276	773	3	0
291	773	3	0
303	773	4	0
366	773	3	0
375	773	3	0
387	773	4	0
388	773	3	0
394	773	4	0
405	773	1	0
422	773	3	0
504	773	3	0
655	773	3	0
925	773	1	0
13	774	1	0
21	774	2	0
49	774	2	0
59	774	2	0
62	774	1	0
118	774	5	0
201	774	1	0
264	774	2	0
267	774	3	0
276	774	2	0
291	774	3	0
320	774	4	0
363	774	4	0
367	774	4	0
368	774	4	0
387	774	3	0
391	774	2	0
393	774	4	0
399	774	3	0
405	774	1	0
417	774	4	0
450	774	4	0
496	774	5	0
497	774	4	0
551	774	5	0
617	774	1	0
660	774	3	0
682	774	4	0
727	774	3	0
774	774	1	0
790	774	4	0
896	774	3	0
13	775	4	0
18	775	3	0
87	775	2	0
151	775	2	0
152	775	4	0
256	775	5	0
269	775	1	0
311	775	3	0
314	775	3	0
378	775	3	0
393	775	4	0
405	775	1	0
416	775	4	0
450	775	4	0
457	775	3	0
500	775	1	0
542	775	2	0
593	775	3	0
642	775	4	0
655	775	2	0
682	775	1	0
727	775	4	0
796	775	2	0
864	775	1	0
914	775	3	0
927	775	3	0
13	797	5	0
56	797	4	0
94	797	2	0
102	797	2	0
109	797	3	0
158	797	3	0
195	797	3	0
217	797	4	0
276	797	3	0
279	797	4	0
301	797	4	0
393	797	3	0
394	797	3	0
417	797	3	0
435	797	3	0
453	797	1	0
495	797	4	0
497	797	3	0
622	797	2	0
627	797	4	0
648	797	3	0
653	797	2	0
660	797	2	0
682	797	2	0
705	797	4	0
795	797	3	0
796	797	3	0
804	797	4	0
864	797	3	0
892	797	4	0
921	797	3	0
13	800	1	0
21	800	1	0
28	800	4	0
92	800	3	0
94	800	3	0
118	800	4	0
130	800	4	0
145	800	2	0
201	800	2	0
268	800	1	0
270	800	5	0
276	800	3	0
286	800	5	0
291	800	2	0
303	800	3	0
320	800	4	0
367	800	4	0
417	800	2	0
435	800	4	0
442	800	3	0
586	800	3	0
655	800	2	0
660	800	2	0
843	800	4	0
864	800	1	0
896	800	3	0
13	801	3	0
87	801	3	0
125	801	3	0
276	801	3	0
291	801	3	0
303	801	1	0
314	801	3	0
450	801	4	0
642	801	3	0
682	801	3	0
727	801	2	0
798	801	3	0
864	801	3	0
880	801	3	0
886	801	3	0
896	801	2	0
13	804	2	0
87	804	3	0
279	804	4	0
293	804	1	0
417	804	3	0
429	804	3	0
621	804	4	0
682	804	3	0
13	807	1	0
276	807	2	0
378	807	3	0
405	807	1	0
416	807	4	0
450	807	4	0
504	807	4	0
593	807	4	0
796	807	2	0
13	808	2	0
87	808	3	0
94	808	2	0
110	808	2	0
130	808	5	0
194	808	2	0
197	808	3	0
217	808	2	0
222	808	3	0
234	808	2	0
256	808	4	0
303	808	2	0
314	808	4	0
320	808	4	0
393	808	4	0
405	808	1	0
429	808	3	0
497	808	2	0
551	808	3	0
577	808	3	0
586	808	3	0
619	808	3	0
622	808	3	0
627	808	2	0
682	808	4	0
709	808	4	0
727	808	2	0
749	808	3	0
774	808	1	0
896	808	3	0
943	808	4	0
13	809	4	0
94	809	2	0
102	809	3	0
109	809	4	0
158	809	3	0
178	809	4	0
195	809	3	0
221	809	3	0
246	809	2	0
269	809	1	0
276	809	2	0
279	809	3	0
290	809	4	0
293	809	2	0
295	809	4	0
303	809	2	0
318	809	4	0
328	809	4	0
346	809	3	0
363	809	4	0
399	809	3	0
417	809	3	0
487	809	2	0
497	809	3	0
551	809	5	0
586	809	3	0
619	809	1	0
621	809	4	0
622	809	2	0
648	809	3	0
650	809	3	0
653	809	3	0
660	809	2	0
682	809	2	0
721	809	1	0
727	809	4	0
749	809	3	0
751	809	3	0
757	809	4	0
773	809	1	0
788	809	3	0
796	809	4	0
896	809	2	0
13	810	5	0
60	810	4	0
87	810	3	0
94	810	3	0
102	810	2	0
109	810	3	0
158	810	4	0
207	810	2	0
217	810	3	0
222	810	2	0
267	810	3	0
268	810	2	0
279	810	2	0
293	810	1	0
328	810	3	0
334	810	3	0
393	810	4	0
405	810	1	0
417	810	3	0
442	810	2	0
472	810	5	0
497	810	3	0
541	810	3	0
543	810	3	0
545	810	4	0
588	810	4	0
600	810	3	0
621	810	3	0
627	810	3	0
648	810	4	0
660	810	3	0
671	810	2	0
727	810	2	0
758	810	3	0
766	810	2	0
788	810	3	0
796	810	3	0
798	810	3	0
805	810	2	0
826	810	3	0
846	810	3	0
870	810	3	0
880	810	3	0
896	810	1	0
922	810	4	0
13	817	1	0
21	817	3	0
399	817	4	0
13	818	3	0
181	818	1	0
244	818	2	0
269	818	3	0
286	818	2	0
290	818	3	0
342	818	4	0
374	818	3	0
417	818	2	0
435	818	2	0
445	818	1	0
456	818	3	0
486	818	3	0
524	818	3	0
532	818	2	0
542	818	4	0
697	818	4	0
777	818	5	0
851	818	2	0
880	818	2	0
889	818	4	0
894	818	3	0
934	818	1	0
936	818	4	0
939	818	3	0
13	821	3	0
49	821	1	0
90	821	3	0
145	821	3	0
210	821	3	0
262	821	3	0
269	821	1	0
286	821	4	0
393	821	3	0
416	821	4	0
435	821	2	0
436	821	4	0
450	821	2	0
500	821	2	0
588	821	4	0
654	821	3	0
734	821	2	0
749	821	3	0
796	821	4	0
798	821	5	0
885	821	3	0
907	821	5	0
13	822	3	0
82	822	2	0
85	822	3	0
308	822	4	0
13	828	1	0
63	828	1	0
83	828	3	0
106	828	2	0
181	828	1	0
233	828	4	0
373	828	3	0
699	828	3	0
788	828	3	0
798	828	4	0
851	828	2	0
887	828	3	0
907	828	5	0
13	838	1	0
38	838	2	0
128	838	5	0
671	838	3	0
13	843	5	0
95	843	4	0
174	843	2	0
234	843	2	0
254	843	2	0
269	843	3	0
276	843	4	0
279	843	4	0
293	843	3	0
295	843	4	0
308	843	3	0
313	843	3	0
373	843	3	0
379	843	4	0
393	843	3	0
405	843	2	0
416	843	3	0
429	843	1	0
437	843	4	0
478	843	5	0
495	843	3	0
541	843	4	0
642	843	3	0
650	843	2	0
705	843	2	0
712	843	3	0
749	843	3	0
807	843	2	0
868	843	1	0
890	843	3	0
13	846	2	0
59	846	4	0
83	846	3	0
92	846	3	0
101	846	3	0
174	846	5	0
178	846	3	0
181	846	3	0
223	846	2	0
224	846	4	0
231	846	4	0
256	846	4	0
274	846	2	0
296	846	2	0
314	846	3	0
324	846	5	0
334	846	3	0
342	846	2	0
345	846	4	0
365	846	3	0
374	846	2	0
416	846	3	0
450	846	3	0
459	846	4	0
477	846	4	0
486	846	2	0
500	846	3	0
504	846	4	0
533	846	2	0
550	846	2	0
551	846	3	0
588	846	4	0
593	846	2	0
599	846	5	0
660	846	2	0
708	846	2	0
717	846	4	0
733	846	2	0
839	846	2	0
854	846	3	0
859	846	5	0
860	846	2	0
869	846	2	0
935	846	4	0
13	857	3	0
13	869	3	0
56	869	3	0
128	869	3	0
145	869	4	0
175	869	3	0
193	869	3	0
222	869	3	0
270	869	1	0
279	869	1	0
303	869	2	0
314	869	4	0
318	869	3	0
320	869	4	0
407	869	3	0
416	869	3	0
436	869	4	0
450	869	4	0
478	869	2	0
655	869	2	0
707	869	1	0
796	869	4	0
888	869	4	0
889	869	3	0
907	869	5	0
13	870	3	0
181	870	2	0
334	870	3	0
393	870	3	0
460	870	2	0
463	870	2	0
624	870	4	0
699	870	3	0
825	870	3	0
13	872	3	0
21	872	2	0
33	872	3	0
86	872	3	0
116	872	3	0
140	872	3	0
141	872	1	0
155	872	3	0
159	872	1	0
181	872	1	0
214	872	2	0
234	872	2	0
255	872	4	0
270	872	5	0
277	872	3	0
294	872	4	0
300	872	5	0
303	872	3	0
324	872	5	0
341	872	4	0
355	872	4	0
372	872	4	0
374	872	5	0
392	872	4	0
451	872	2	0
486	872	5	0
489	872	2	0
511	872	5	0
557	872	5	0
599	872	2	0
655	872	3	0
663	872	3	0
685	872	2	0
720	872	3	0
721	872	3	0
724	872	1	0
755	872	1	0
782	872	2	0
783	872	4	0
808	872	5	0
863	872	2	0
896	872	3	0
13	873	1	0
21	873	2	0
30	873	1	0
36	873	3	0
99	873	1	0
110	873	2	0
128	873	1	0
129	873	1	0
140	873	2	0
159	873	2	0
178	873	3	0
181	873	1	0
206	873	3	0
223	873	3	0
224	873	2	0
234	873	3	0
240	873	2	0
258	873	5	0
264	873	3	0
274	873	3	0
303	873	3	0
314	873	4	0
323	873	3	0
324	873	5	0
333	873	3	0
342	873	3	0
351	873	3	0
392	873	3	0
410	873	4	0
416	873	5	0
442	873	2	0
450	873	3	0
451	873	5	0
454	873	2	0
459	873	4	0
462	873	4	0
466	873	2	0
488	873	3	0
489	873	3	0
506	873	4	0
510	873	3	0
517	873	3	0
529	873	4	0
537	873	2	0
552	873	3	0
587	873	3	0
588	873	3	0
589	873	5	0
599	873	5	0
605	873	3	0
611	873	3	0
616	873	3	0
631	873	2	0
635	873	3	0
637	873	1	0
644	873	4	0
657	873	3	0
685	873	2	0
708	873	5	0
721	873	3	0
724	873	3	0
725	873	4	0
730	873	2	0
732	873	5	0
740	873	2	0
750	873	3	0
760	873	4	0
771	873	3	0
782	873	4	0
796	873	3	0
810	873	3	0
812	873	4	0
832	873	2	0
841	873	4	0
853	873	3	0
863	873	2	0
870	873	2	0
883	873	3	0
905	873	3	0
938	873	3	0
940	873	3	0
13	880	3	0
33	880	3	0
40	880	3	0
78	880	5	0
88	880	3	0
89	880	5	0
100	880	1	0
105	880	3	0
116	880	3	0
140	880	4	0
141	880	1	0
144	880	5	0
159	880	1	0
173	880	4	0
181	880	1	0
186	880	3	0
197	880	3	0
204	880	2	0
241	880	5	0
288	880	1	0
319	880	4	0
341	880	5	0
351	880	2	0
374	880	5	0
392	880	4	0
446	880	2	0
451	880	1	0
463	880	4	0
486	880	5	0
488	880	3	0
489	880	2	0
506	880	1	0
511	880	5	0
529	880	4	0
587	880	3	0
588	880	1	0
595	880	3	0
602	880	4	0
629	880	4	0
646	880	3	0
655	880	2	0
667	880	3	0
683	880	3	0
699	880	3	0
707	880	2	0
708	880	3	0
721	880	3	0
724	880	3	0
755	880	4	0
782	880	4	0
783	880	4	0
787	880	3	0
796	880	3	0
836	880	4	0
851	880	3	0
853	880	5	0
896	880	4	0
909	880	4	0
919	880	3	0
13	881	2	0
35	881	2	0
86	881	2	0
88	881	5	0
100	881	1	0
126	881	5	0
130	881	4	0
159	881	1	0
170	881	3	0
173	881	3	0
176	881	3	0
178	881	2	0
181	881	1	0
260	881	4	0
276	881	3	0
286	881	5	0
294	881	3	0
300	881	5	0
341	881	5	0
427	881	5	0
445	881	1	0
451	881	4	0
482	881	3	0
489	881	2	0
493	881	1	0
510	881	2	0
587	881	2	0
592	881	1	0
621	881	2	0
624	881	3	0
629	881	3	0
682	881	3	0
697	881	2	0
721	881	3	0
725	881	5	0
750	881	2	0
755	881	1	0
782	881	3	0
783	881	4	0
801	881	3	0
810	881	4	0
812	881	4	0
851	881	3	0
880	881	4	0
889	881	3	0
13	886	5	0
31	886	2	0
69	886	4	0
80	886	4	0
88	886	5	0
100	886	3	0
117	886	5	0
181	886	1	0
201	886	1	0
228	886	1	0
229	886	1	0
244	886	5	0
263	886	2	0
269	886	3	0
323	886	3	0
327	886	2	0
334	886	4	0
345	886	3	0
410	886	2	0
414	886	4	0
428	886	4	0
440	886	5	0
445	886	3	0
451	886	4	0
486	886	3	0
493	886	2	0
499	886	4	0
526	886	3	0
529	886	4	0
570	886	2	0
587	886	2	0
592	886	3	0
608	886	1	0
611	886	4	0
615	886	2	0
624	886	4	0
629	886	3	0
631	886	4	0
635	886	4	0
685	886	1	0
697	886	5	0
699	886	3	0
710	886	3	0
750	886	3	0
782	886	3	0
785	886	3	0
828	886	1	0
834	886	4	0
842	886	4	0
863	886	3	0
883	886	3	0
889	886	3	0
894	886	3	0
13	891	1	0
112	891	3	0
191	891	3	0
206	891	2	0
260	891	5	0
675	891	2	0
13	898	1	0
34	898	5	0
64	898	2	0
88	898	4	0
100	898	4	0
145	898	1	0
147	898	5	0
161	898	3	0
190	898	2	0
209	898	3	0
229	898	5	0
235	898	3	0
240	898	5	0
296	898	4	0
318	898	4	0
351	898	5	0
353	898	2	0
381	898	5	0
410	898	3	0
416	898	4	0
423	898	4	0
425	898	3	0
455	898	3	0
466	898	1	0
489	898	3	0
499	898	4	0
507	898	5	0
514	898	2	0
520	898	5	0
524	898	4	0
531	898	5	0
532	898	4	0
546	898	4	0
548	898	1	0
592	898	2	0
598	898	4	0
624	898	1	0
650	898	3	0
660	898	4	0
669	898	1	0
673	898	3	0
681	898	4	0
688	898	5	0
713	898	3	0
720	898	4	0
724	898	1	0
726	898	2	0
753	898	4	0
758	898	3	0
772	898	3	0
782	898	3	0
784	898	4	0
787	898	3	0
813	898	1	0
857	898	5	0
863	898	1	0
894	898	4	0
936	898	1	0
13	912	2	0
328	912	3	0
425	912	2	0
444	912	4	0
551	912	3	0
655	912	3	0
676	912	3	0
818	912	3	0
851	912	4	0
13	914	2	0
116	914	2	0
125	914	1	0
179	914	5	0
189	914	2	0
381	914	1	0
421	914	3	0
532	914	5	0
587	914	4	0
655	914	3	0
683	914	2	0
13	918	3	0
159	918	4	0
358	918	1	0
378	918	3	0
416	918	4	0
532	918	4	0
587	918	3	0
655	918	2	0
15	932	1	0
22	932	1	0
57	932	3	0
83	932	4	0
94	932	2	0
130	932	3	0
141	932	3	0
159	932	3	0
181	932	1	0
246	932	1	0
256	932	3	0
279	932	3	0
314	932	4	0
346	932	2	0
357	932	4	0
374	932	1	0
378	932	2	0
393	932	3	0
459	932	4	0
471	932	5	0
487	932	3	0
552	932	3	0
577	932	3	0
582	932	2	0
630	932	2	0
634	932	3	0
642	932	5	0
682	932	1	0
705	932	5	0
749	932	3	0
796	932	4	0
798	932	4	0
804	932	3	0
825	932	3	0
851	932	3	0
872	932	4	0
882	932	4	0
887	932	2	0
901	932	4	0
921	932	3	0
15	938	3	0
98	938	3	0
173	938	3	0
181	938	1	0
228	938	1	0
281	938	2	0
284	938	3	0
309	938	4	0
314	938	3	0
404	938	4	0
416	938	3	0
427	938	5	0
451	938	4	0
532	938	3	0
587	938	2	0
628	938	5	0
708	938	3	0
721	938	3	0
724	938	3	0
732	938	1	0
740	938	1	0
755	938	3	0
782	938	3	0
787	938	3	0
827	938	3	0
18	950	3	0
43	950	3	0
58	950	1	0
174	950	3	0
181	950	1	0
184	950	4	0
201	950	3	0
234	950	2	0
244	950	1	0
296	950	4	0
299	950	2	0
334	950	3	0
342	950	2	0
343	950	3	0
463	950	3	0
470	950	3	0
486	950	4	0
524	950	4	0
535	950	3	0
537	950	3	0
548	950	4	0
551	950	2	0
607	950	3	0
634	950	5	0
655	950	3	0
707	950	2	0
733	950	4	0
805	950	3	0
837	950	2	0
839	950	4	0
18	951	3	0
43	951	3	0
59	951	3	0
94	951	3	0
174	951	1	0
194	951	3	0
200	951	5	0
230	951	5	0
234	951	1	0
254	951	4	0
271	951	2	0
276	951	3	0
295	951	5	0
298	951	4	0
311	951	3	0
343	951	1	0
346	951	2	0
378	951	3	0
393	951	3	0
405	951	1	0
450	951	4	0
472	951	1	0
484	951	1	0
497	951	2	0
505	951	3	0
506	951	3	0
554	951	3	0
606	951	2	0
620	951	3	0
642	951	3	0
738	951	2	0
747	951	2	0
749	951	4	0
766	951	3	0
798	951	3	0
804	951	3	0
864	951	3	0
892	951	4	0
897	951	3	0
21	974	3	0
59	974	3	0
92	974	2	0
130	974	4	0
141	974	4	0
145	974	1	0
181	974	4	0
190	974	2	0
223	974	2	0
256	974	3	0
262	974	3	0
276	974	2	0
291	974	1	0
320	974	3	0
332	974	4	0
342	974	2	0
345	974	3	0
348	974	4	0
374	974	4	0
396	974	4	0
434	974	5	0
436	974	5	0
493	974	3	0
593	974	2	0
642	974	3	0
655	974	2	0
666	974	4	0
796	974	3	0
851	974	2	0
862	974	2	0
872	974	4	0
897	974	4	0
21	975	3	0
57	975	3	0
59	975	4	0
99	975	3	0
101	975	2	0
109	975	3	0
113	975	5	0
130	975	5	0
181	975	2	0
223	975	1	0
256	975	3	0
265	975	4	0
276	975	3	0
280	975	4	0
291	975	2	0
332	975	3	0
342	975	2	0
348	975	4	0
374	975	4	0
399	975	2	0
416	975	2	0
434	975	5	0
442	975	3	0
453	975	2	0
478	975	4	0
486	975	3	0
537	975	3	0
551	975	5	0
560	975	3	0
592	975	4	0
599	975	5	0
620	975	3	0
630	975	4	0
642	975	2	0
655	975	3	0
663	975	4	0
697	975	1	0
717	975	2	0
718	975	2	0
749	975	4	0
851	975	2	0
872	975	4	0
923	975	4	0
936	975	3	0
21	982	1	0
119	982	4	0
130	982	1	0
181	982	1	0
195	982	2	0
200	982	2	0
255	982	2	0
256	982	3	0
279	982	3	0
332	982	3	0
347	982	1	0
386	982	3	0
393	982	3	0
532	982	3	0
543	982	3	0
718	982	4	0
727	982	4	0
804	982	4	0
825	982	5	0
862	982	4	0
21	984	1	0
85	984	2	0
92	984	2	0
104	984	1	0
112	984	3	0
141	984	4	0
164	984	4	0
166	984	5	0
170	984	5	0
173	984	4	0
178	984	2	0
181	984	1	0
200	984	3	0
205	984	1	0
223	984	3	0
234	984	2	0
250	984	3	0
255	984	1	0
256	984	3	0
297	984	1	0
328	984	3	0
332	984	2	0
351	984	5	0
357	984	3	0
387	984	1	0
451	984	4	0
454	984	3	0
464	984	2	0
489	984	5	0
529	984	4	0
592	984	1	0
628	984	5	0
629	984	3	0
652	984	2	0
653	984	4	0
663	984	3	0
721	984	3	0
749	984	3	0
759	984	2	0
782	984	2	0
788	984	3	0
804	984	4	0
825	984	5	0
851	984	3	0
21	985	2	0
141	985	4	0
158	985	4	0
181	985	1	0
213	985	3	0
269	985	3	0
291	985	3	0
349	985	3	0
416	985	3	0
456	985	3	0
463	985	1	0
498	985	1	0
534	985	4	0
592	985	4	0
634	985	4	0
637	985	2	0
662	985	4	0
663	985	3	0
699	985	3	0
733	985	3	0
747	985	2	0
828	985	3	0
21	989	3	0
181	989	1	0
190	989	3	0
199	989	1	0
234	989	2	0
256	989	5	0
281	989	2	0
309	989	3	0
330	989	5	0
351	989	4	0
384	989	4	0
390	989	5	0
397	989	1	0
424	989	2	0
427	989	5	0
451	989	1	0
459	989	5	0
489	989	3	0
505	989	1	0
587	989	2	0
695	989	3	0
697	989	2	0
699	989	4	0
721	989	3	0
724	989	1	0
747	989	3	0
782	989	3	0
824	989	2	0
871	989	3	0
883	989	5	0
902	989	2	0
919	989	2	0
21	990	2	0
34	990	5	0
90	990	3	0
100	990	3	0
126	990	4	0
129	990	2	0
155	990	3	0
181	990	1	0
189	990	3	0
206	990	1	0
260	990	5	0
279	990	1	0
338	990	4	0
351	990	5	0
364	990	4	0
390	990	4	0
416	990	2	0
424	990	5	0
427	990	5	0
451	990	3	0
520	990	4	0
531	990	5	0
532	990	3	0
537	990	2	0
597	990	2	0
639	990	1	0
681	990	4	0
721	990	5	0
782	990	3	0
797	990	2	0
803	990	2	0
863	990	1	0
894	990	3	0
21	992	2	0
279	992	4	0
782	992	2	0
880	992	4	0
22	999	4	0
42	999	4	0
125	999	4	0
336	999	2	0
393	999	4	0
405	999	1	0
417	999	3	0
429	999	2	0
476	999	2	0
682	999	2	0
22	1000	3	0
87	1000	3	0
125	1000	3	0
276	1000	2	0
279	1000	4	0
393	1000	3	0
417	1000	4	0
497	1000	2	0
642	1000	3	0
880	1000	3	0
23	1006	3	0
58	1006	2	0
76	1006	3	0
85	1006	3	0
151	1006	1	0
184	1006	3	0
201	1006	2	0
269	1006	3	0
276	1006	3	0
299	1006	4	0
308	1006	4	0
334	1006	3	0
358	1006	5	0
373	1006	2	0
405	1006	1	0
437	1006	3	0
449	1006	4	0
461	1006	5	0
537	1006	2	0
763	1006	2	0
833	1006	1	0
870	1006	2	0
889	1006	4	0
26	1015	3	0
181	1015	1	0
234	1015	2	0
280	1015	3	0
305	1015	1	0
328	1015	3	0
561	1015	2	0
747	1015	4	0
792	1015	5	0
825	1015	2	0
882	1015	3	0
887	1015	5	0
35	1025	3	0
102	1025	2	0
145	1025	4	0
159	1025	2	0
164	1025	4	0
181	1025	1	0
205	1025	1	0
211	1025	3	0
253	1025	3	0
260	1025	5	0
261	1025	5	0
279	1025	2	0
309	1025	5	0
341	1025	5	0
346	1025	3	0
362	1025	2	0
396	1025	4	0
451	1025	3	0
464	1025	2	0
488	1025	2	0
489	1025	5	0
510	1025	3	0
537	1025	1	0
548	1025	4	0
564	1025	2	0
592	1025	1	0
628	1025	5	0
635	1025	2	0
644	1025	4	0
697	1025	2	0
721	1025	3	0
727	1025	2	0
758	1025	3	0
772	1025	3	0
782	1025	2	0
790	1025	1	0
802	1025	3	0
804	1025	4	0
809	1025	1	0
816	1025	4	0
851	1025	2	0
853	1025	4	0
910	1025	2	0
928	1025	5	0
37	1027	3	0
279	1027	4	0
405	1027	1	0
38	1032	4	0
94	1032	2	0
174	1032	3	0
279	1032	3	0
314	1032	4	0
318	1032	3	0
379	1032	2	0
393	1032	3	0
405	1032	1	0
453	1032	1	0
577	1032	3	0
618	1032	2	0
642	1032	4	0
796	1032	3	0
798	1032	3	0
921	1032	5	0
38	1033	5	0
82	1033	1	0
84	1033	4	0
92	1033	2	0
145	1033	1	0
174	1033	1	0
178	1033	2	0
181	1033	1	0
186	1033	3	0
200	1033	2	0
245	1033	5	0
254	1033	3	0
256	1033	4	0
324	1033	4	0
374	1033	4	0
394	1033	3	0
429	1033	1	0
450	1033	3	0
463	1033	2	0
533	1033	4	0
577	1033	4	0
582	1033	2	0
637	1033	3	0
642	1033	3	0
648	1033	2	0
699	1033	4	0
805	1033	3	0
864	1033	2	0
881	1033	1	0
887	1033	4	0
897	1033	4	0
938	1033	2	0
38	1036	4	0
49	1036	2	0
56	1036	2	0
125	1036	2	0
276	1036	2	0
299	1036	2	0
389	1036	2	0
405	1036	1	0
417	1036	3	0
437	1036	5	0
450	1036	2	0
472	1036	4	0
476	1036	2	0
523	1036	4	0
541	1036	2	0
620	1036	4	0
621	1036	1	0
642	1036	4	0
712	1036	5	0
773	1036	3	0
795	1036	2	0
796	1036	4	0
880	1036	2	0
924	1036	2	0
40	1038	1	0
143	1038	3	0
178	1038	2	0
181	1038	1	0
286	1038	5	0
440	1038	5	0
451	1038	1	0
459	1038	4	0
529	1038	4	0
629	1038	3	0
726	1038	2	0
740	1038	4	0
782	1038	4	0
784	1038	3	0
863	1038	1	0
894	1038	3	0
915	1038	2	0
42	1043	2	0
83	1043	3	0
393	1043	3	0
405	1043	1	0
620	1043	4	0
705	1043	5	0
712	1043	3	0
798	1043	3	0
45	1059	2	0
57	1059	3	0
75	1059	1	0
81	1059	3	0
82	1059	1	0
117	1059	3	0
141	1059	1	0
181	1059	1	0
221	1059	4	0
222	1059	1	0
268	1059	3	0
279	1059	4	0
291	1059	4	0
320	1059	4	0
336	1059	3	0
347	1059	3	0
374	1059	2	0
456	1059	4	0
467	1059	4	0
521	1059	1	0
534	1059	4	0
542	1059	4	0
551	1059	3	0
561	1059	1	0
592	1059	3	0
595	1059	4	0
624	1059	1	0
663	1059	2	0
697	1059	2	0
709	1059	5	0
726	1059	5	0
806	1059	3	0
851	1059	3	0
860	1059	1	0
880	1059	4	0
45	1060	3	0
60	1060	4	0
62	1060	1	0
83	1060	3	0
109	1060	4	0
125	1060	4	0
181	1060	1	0
189	1060	5	0
200	1060	3	0
222	1060	2	0
254	1060	3	0
274	1060	4	0
280	1060	3	0
286	1060	5	0
290	1060	3	0
348	1060	3	0
381	1060	5	0
395	1060	2	0
399	1060	3	0
402	1060	3	0
434	1060	3	0
459	1060	1	0
463	1060	2	0
496	1060	1	0
592	1060	2	0
612	1060	4	0
622	1060	3	0
637	1060	2	0
648	1060	2	0
650	1060	3	0
699	1060	3	0
756	1060	4	0
804	1060	3	0
821	1060	5	0
882	1060	3	0
887	1060	5	0
911	1060	4	0
919	1060	3	0
921	1060	2	0
45	1061	2	0
181	1061	2	0
184	1061	3	0
192	1061	4	0
256	1061	4	0
348	1061	5	0
378	1061	2	0
435	1061	3	0
436	1061	3	0
450	1061	4	0
542	1061	2	0
588	1061	5	0
590	1061	2	0
595	1061	3	0
630	1061	2	0
655	1061	2	0
665	1061	4	0
672	1061	4	0
699	1061	3	0
707	1061	3	0
708	1061	3	0
768	1061	1	0
854	1061	1	0
859	1061	4	0
860	1061	3	0
869	1061	1	0
872	1061	4	0
885	1061	2	0
938	1061	4	0
49	1066	2	0
194	1066	3	0
222	1066	1	0
275	1066	3	0
280	1066	4	0
313	1066	2	0
373	1066	4	0
385	1066	4	0
405	1066	1	0
618	1066	3	0
620	1066	5	0
642	1066	3	0
798	1066	2	0
807	1066	5	0
846	1066	3	0
881	1066	3	0
49	1071	3	0
57	1071	3	0
76	1071	3	0
269	1071	2	0
303	1071	2	0
342	1071	4	0
385	1071	4	0
429	1071	2	0
592	1071	4	0
618	1071	1	0
655	1071	2	0
666	1071	3	0
773	1071	2	0
805	1071	4	0
806	1071	4	0
833	1071	3	0
49	1078	1	0
82	1078	3	0
193	1078	4	0
222	1078	2	0
234	1078	2	0
291	1078	4	0
373	1078	3	0
387	1078	1	0
405	1078	1	0
465	1078	2	0
541	1078	4	0
588	1078	4	0
622	1078	3	0
642	1078	5	0
660	1078	2	0
751	1078	3	0
807	1078	4	0
815	1078	2	0
846	1078	2	0
881	1078	3	0
892	1078	3	0
896	1078	3	0
49	1081	3	0
181	1081	1	0
276	1081	3	0
294	1081	3	0
320	1081	4	0
445	1081	1	0
456	1081	4	0
501	1081	3	0
52	1085	4	0
181	1085	1	0
224	1085	1	0
314	1085	1	0
354	1085	3	0
537	1085	4	0
592	1085	3	0
655	1085	2	0
733	1085	4	0
758	1085	5	0
839	1085	5	0
57	1093	3	0
59	1093	5	0
67	1093	5	0
101	1093	1	0
125	1093	1	0
181	1093	1	0
194	1093	3	0
279	1093	4	0
311	1093	5	0
374	1093	2	0
409	1093	2	0
486	1093	4	0
504	1093	1	0
524	1093	4	0
535	1093	4	0
621	1093	4	0
682	1093	3	0
699	1093	3	0
769	1093	3	0
862	1093	5	0
880	1093	3	0
886	1093	1	0
927	1093	4	0
57	1096	3	0
345	1096	3	0
782	1096	2	0
58	1104	2	0
114	1104	5	0
305	1104	4	0
405	1104	1	0
58	1105	2	0
209	1105	2	0
235	1105	2	0
260	1105	5	0
286	1105	5	0
351	1105	4	0
377	1105	3	0
440	1105	5	0
454	1105	3	0
537	1105	1	0
681	1105	3	0
724	1105	1	0
752	1105	3	0
782	1105	3	0
805	1105	2	0
818	1105	1	0
842	1105	2	0
851	1105	4	0
58	1106	4	0
112	1106	4	0
328	1106	2	0
655	1106	2	0
59	1107	4	0
62	1107	1	0
194	1107	3	0
244	1107	2	0
328	1107	3	0
343	1107	3	0
378	1107	3	0
405	1107	1	0
450	1107	4	0
454	1107	4	0
456	1107	4	0
524	1107	4	0
655	1107	4	0
682	1107	2	0
707	1107	3	0
788	1107	3	0
823	1107	3	0
846	1107	4	0
59	1110	4	0
72	1110	3	0
94	1110	4	0
177	1110	3	0
267	1110	3	0
268	1110	3	0
269	1110	2	0
276	1110	3	0
279	1110	3	0
303	1110	1	0
307	1110	4	0
339	1110	4	0
346	1110	1	0
373	1110	4	0
385	1110	2	0
387	1110	2	0
405	1110	1	0
425	1110	1	0
429	1110	2	0
472	1110	5	0
495	1110	4	0
504	1110	2	0
506	1110	1	0
561	1110	2	0
579	1110	1	0
600	1110	3	0
606	1110	2	0
648	1110	3	0
650	1110	4	0
660	1110	2	0
666	1110	3	0
774	1110	1	0
795	1110	3	0
805	1110	5	0
822	1110	4	0
826	1110	4	0
846	1110	3	0
862	1110	5	0
889	1110	3	0
922	1110	4	0
933	1110	3	0
59	1112	3	0
194	1112	3	0
280	1112	4	0
301	1112	4	0
328	1112	4	0
343	1112	3	0
405	1112	2	0
429	1112	3	0
450	1112	3	0
655	1112	2	0
788	1112	3	0
864	1112	2	0
870	1112	2	0
896	1112	3	0
913	1112	1	0
59	1120	1	0
181	1120	1	0
234	1120	3	0
271	1120	2	0
279	1120	3	0
318	1120	3	0
348	1120	3	0
393	1120	3	0
486	1120	3	0
561	1120	4	0
591	1120	4	0
624	1120	4	0
707	1120	4	0
829	1120	2	0
851	1120	2	0
887	1120	5	0
901	1120	4	0
61	1127	4	0
179	1127	1	0
206	1127	4	0
211	1127	1	0
688	1127	5	0
702	1127	2	0
713	1127	3	0
724	1127	3	0
752	1127	3	0
782	1127	2	0
863	1127	4	0
62	1128	2	0
82	1128	1	0
181	1128	1	0
201	1128	4	0
232	1128	2	0
342	1128	5	0
349	1128	3	0
385	1128	3	0
387	1128	4	0
435	1128	2	0
490	1128	4	0
615	1128	1	0
655	1128	3	0
62	1133	4	0
64	1133	4	0
70	1133	3	0
95	1133	3	0
234	1133	3	0
254	1133	3	0
269	1133	1	0
271	1133	3	0
279	1133	2	0
280	1133	3	0
286	1133	4	0
295	1133	4	0
334	1133	4	0
337	1133	4	0
340	1133	5	0
373	1133	3	0
416	1133	4	0
429	1133	2	0
435	1133	2	0
495	1133	3	0
496	1133	3	0
504	1133	3	0
642	1133	3	0
653	1133	2	0
660	1133	2	0
749	1133	2	0
807	1133	3	0
815	1133	3	0
846	1133	2	0
881	1133	2	0
76	1156	3	0
76	1157	1	0
92	1157	2	0
109	1157	4	0
130	1157	3	0
178	1157	3	0
268	1157	1	0
276	1157	2	0
291	1157	3	0
303	1157	2	0
320	1157	4	0
332	1157	4	0
363	1157	2	0
417	1157	4	0
453	1157	2	0
495	1157	4	0
496	1157	1	0
497	1157	2	0
613	1157	2	0
761	1157	5	0
805	1157	5	0
815	1157	2	0
843	1157	3	0
880	1157	4	0
907	1157	5	0
922	1157	2	0
79	1161	2	0
109	1161	3	0
181	1161	1	0
216	1161	4	0
250	1161	4	0
293	1161	2	0
294	1161	3	0
437	1161	4	0
498	1161	3	0
533	1161	3	0
655	1161	3	0
663	1161	3	0
789	1161	3	0
85	1170	3	0
119	1170	3	0
125	1170	1	0
201	1170	4	0
207	1170	2	0
234	1170	1	0
276	1170	4	0
279	1170	1	0
295	1170	5	0
327	1170	4	0
334	1170	4	0
342	1170	3	0
399	1170	3	0
406	1170	4	0
442	1170	4	0
453	1170	3	0
535	1170	3	0
561	1170	3	0
655	1170	3	0
666	1170	4	0
711	1170	3	0
747	1170	2	0
773	1170	3	0
804	1170	3	0
805	1170	5	0
886	1170	3	0
889	1170	2	0
90	1196	4	0
655	1196	3	0
828	1196	2	0
90	1199	5	0
94	1199	3	0
181	1199	1	0
250	1199	3	0
276	1199	4	0
294	1199	2	0
303	1199	3	0
331	1199	1	0
387	1199	5	0
403	1199	2	0
422	1199	3	0
445	1199	1	0
463	1199	1	0
532	1199	3	0
534	1199	5	0
543	1199	2	0
592	1199	5	0
606	1199	3	0
634	1199	1	0
795	1199	3	0
825	1199	4	0
862	1199	2	0
936	1199	4	0
90	1205	3	0
234	1205	1	0
279	1205	3	0
694	1205	3	0
747	1205	3	0
932	1205	5	0
92	1208	4	0
130	1208	4	0
135	1208	3	0
145	1208	4	0
201	1208	4	0
221	1208	3	0
224	1208	1	0
256	1208	3	0
268	1208	2	0
276	1208	3	0
293	1208	3	0
405	1208	1	0
450	1208	3	0
495	1208	4	0
655	1208	3	0
864	1208	2	0
870	1208	2	0
886	1208	3	0
896	1208	3	0
916	1208	2	0
92	1212	3	0
145	1212	2	0
224	1212	2	0
372	1212	4	0
450	1212	4	0
618	1212	2	0
92	1216	4	0
116	1216	3	0
145	1216	2	0
463	1216	3	0
622	1216	4	0
782	1216	2	0
94	1217	3	0
95	1217	3	0
130	1217	4	0
135	1217	2	0
145	1217	2	0
183	1217	3	0
200	1217	4	0
221	1217	4	0
280	1217	5	0
291	1217	3	0
293	1217	1	0
297	1217	1	0
303	1217	1	0
311	1217	3	0
314	1217	2	0
328	1217	3	0
346	1217	4	0
374	1217	2	0
375	1217	4	0
399	1217	4	0
405	1217	3	0
416	1217	4	0
429	1217	2	0
435	1217	3	0
487	1217	3	0
532	1217	4	0
551	1217	1	0
671	1217	4	0
682	1217	3	0
715	1217	2	0
727	1217	3	0
796	1217	3	0
823	1217	1	0
864	1217	3	0
880	1217	3	0
881	1217	5	0
886	1217	4	0
896	1217	2	0
916	1217	1	0
94	1219	4	0
95	1219	1	0
200	1219	3	0
275	1219	2	0
279	1219	3	0
291	1219	4	0
379	1219	2	0
393	1219	4	0
399	1219	3	0
405	1219	1	0
471	1219	4	0
506	1219	2	0
577	1219	3	0
588	1219	2	0
620	1219	3	0
642	1219	4	0
776	1219	3	0
826	1219	4	0
892	1219	2	0
897	1219	4	0
100	1236	3	0
104	1241	1	0
196	1241	3	0
334	1241	2	0
354	1241	4	0
782	1241	2	0
936	1241	4	0
109	1244	3	0
116	1244	2	0
119	1244	3	0
130	1244	4	0
141	1244	3	0
157	1244	3	0
198	1244	2	0
276	1244	3	0
279	1244	3	0
291	1244	4	0
332	1244	4	0
339	1244	4	0
347	1244	3	0
393	1244	3	0
399	1244	3	0
463	1244	1	0
479	1244	3	0
487	1244	2	0
506	1244	2	0
521	1244	3	0
548	1244	4	0
557	1244	2	0
637	1244	1	0
640	1244	3	0
648	1244	3	0
649	1244	3	0
653	1244	3	0
727	1244	3	0
749	1244	3	0
758	1244	3	0
782	1244	3	0
790	1244	1	0
804	1244	2	0
825	1244	5	0
880	1244	3	0
907	1244	5	0
110	1248	3	0
130	1248	3	0
145	1248	3	0
291	1248	4	0
293	1248	2	0
328	1248	3	0
339	1248	3	0
374	1248	3	0
405	1248	1	0
436	1248	3	0
450	1248	4	0
456	1248	3	0
472	1248	4	0
655	1248	3	0
693	1248	3	0
788	1248	3	0
846	1248	4	0
864	1248	3	0
896	1248	2	0
110	1249	3	0
125	1249	3	0
268	1249	2	0
336	1249	3	0
393	1249	4	0
405	1249	1	0
450	1249	3	0
586	1249	3	0
727	1249	3	0
798	1249	4	0
846	1249	3	0
896	1249	2	0
113	1252	4	0
181	1252	1	0
308	1252	3	0
385	1252	5	0
445	1252	1	0
567	1252	3	0
655	1252	3	0
773	1252	4	0
782	1252	3	0
119	1260	5	0
257	1260	2	0
405	1260	1	0
804	1260	3	0
119	1263	3	0
188	1263	3	0
234	1263	3	0
254	1263	1	0
314	1263	2	0
328	1263	3	0
334	1263	4	0
407	1263	2	0
436	1263	3	0
450	1263	4	0
495	1263	4	0
504	1263	4	0
647	1263	3	0
694	1263	3	0
749	1263	2	0
119	1265	3	0
173	1265	3	0
181	1265	1	0
192	1265	3	0
286	1265	5	0
405	1265	2	0
423	1265	4	0
427	1265	5	0
440	1265	5	0
451	1265	4	0
455	1265	3	0
489	1265	2	0
560	1265	3	0
587	1265	4	0
592	1265	1	0
655	1265	3	0
721	1265	3	0
752	1265	3	0
918	1265	1	0
122	1267	4	0
130	1267	4	0
201	1267	3	0
221	1267	3	0
222	1267	3	0
269	1267	1	0
276	1267	4	0
293	1267	3	0
303	1267	3	0
314	1267	3	0
339	1267	3	0
343	1267	4	0
363	1267	2	0
378	1267	3	0
405	1267	1	0
406	1267	3	0
437	1267	4	0
456	1267	4	0
537	1267	3	0
551	1267	4	0
561	1267	3	0
627	1267	4	0
653	1267	1	0
655	1267	2	0
659	1267	3	0
682	1267	3	0
823	1267	4	0
846	1267	3	0
870	1267	2	0
880	1267	4	0
886	1267	3	0
889	1267	3	0
896	1267	2	0
125	1271	2	0
279	1271	4	0
405	1271	2	0
450	1271	2	0
476	1271	2	0
577	1271	3	0
648	1271	4	0
130	1273	2	0
145	1273	5	0
268	1273	2	0
276	1273	2	0
291	1273	2	0
303	1273	2	0
372	1273	4	0
453	1273	2	0
586	1273	4	0
655	1273	2	0
690	1273	3	0
727	1273	3	0
757	1273	2	0
778	1273	3	0
788	1273	3	0
130	1279	4	0
145	1279	1	0
399	1279	3	0
506	1279	4	0
752	1279	3	0
782	1279	3	0
887	1279	3	0
921	1279	2	0
936	1279	3	0
144	1284	3	0
181	1284	1	0
222	1284	4	0
223	1284	1	0
296	1284	4	0
378	1284	2	0
402	1284	3	0
450	1284	3	0
463	1284	4	0
554	1284	3	0
569	1284	2	0
634	1284	3	0
637	1284	1	0
655	1284	2	0
699	1284	3	0
764	1284	3	0
798	1284	3	0
854	1284	2	0
864	1284	3	0
872	1284	3	0
879	1284	3	0
880	1284	4	0
896	1284	2	0
907	1284	5	0
919	1284	3	0
927	1284	4	0
145	1288	4	0
181	1288	1	0
279	1288	4	0
286	1288	4	0
417	1288	1	0
655	1288	3	0
883	1288	4	0
151	1297	1	0
184	1297	2	0
280	1297	4	0
295	1297	4	0
311	1297	4	0
314	1297	4	0
405	1297	1	0
450	1297	4	0
659	1297	2	0
796	1297	2	0
798	1297	3	0
846	1297	3	0
151	1299	4	0
312	1299	4	0
454	1299	2	0
670	1299	4	0
698	1299	2	0
704	1299	3	0
796	1299	2	0
815	1299	3	0
167	1306	5	0
405	1306	1	0
167	1310	3	0
174	1312	4	0
181	1312	1	0
279	1312	3	0
334	1312	4	0
532	1312	4	0
595	1312	3	0
769	1312	2	0
179	1316	3	0
286	1316	5	0
351	1316	4	0
405	1316	1	0
503	1316	1	0
531	1316	4	0
617	1316	1	0
181	1323	1	0
585	1323	3	0
936	1323	4	0
181	1331	1	0
207	1331	3	0
321	1331	4	0
590	1331	4	0
181	1333	1	0
207	1333	3	0
293	1333	4	0
527	1333	3	0
560	1333	3	0
181	1347	1	0
420	1347	3	0
430	1347	5	0
585	1347	2	0
181	1355	1	0
201	1355	1	0
242	1355	5	0
264	1355	4	0
728	1355	4	0
914	1355	1	0
181	1356	1	0
592	1356	4	0
655	1356	3	0
181	1357	1	0
242	1357	5	0
599	1357	2	0
181	1358	1	0
288	1358	5	0
181	1361	1	0
269	1361	4	0
279	1361	3	0
181	1369	1	0
234	1369	3	0
409	1369	4	0
486	1369	3	0
181	1370	1	0
655	1370	3	0
936	1370	4	0
181	1372	1	0
189	1372	4	0
449	1372	4	0
181	1379	1	0
299	1379	3	0
409	1379	3	0
486	1379	3	0
655	1379	3	0
782	1379	3	0
894	1379	4	0
181	1385	1	0
186	1385	2	0
500	1385	4	0
782	1385	4	0
871	1385	3	0
181	1386	1	0
310	1386	1	0
490	1386	4	0
782	1386	3	0
833	1386	4	0
871	1386	3	0
181	1389	1	0
782	1389	3	0
901	1389	5	0
189	1402	4	0
279	1402	1	0
450	1402	2	0
877	1402	4	0
189	1403	4	0
452	1403	1	0
655	1403	3	0
894	1403	3	0
194	1409	2	0
393	1409	4	0
405	1409	1	0
505	1409	3	0
541	1409	4	0
807	1409	4	0
826	1409	2	0
194	1410	2	0
452	1410	1	0
487	1410	5	0
682	1410	3	0
195	1413	2	0
268	1413	2	0
276	1413	1	0
279	1413	5	0
642	1413	3	0
795	1413	3	0
807	1413	2	0
887	1413	4	0
201	1427	2	0
269	1427	2	0
452	1427	5	0
747	1427	2	0
833	1427	3	0
206	1429	1	0
355	1429	4	0
405	1429	1	0
739	1429	5	0
222	1439	3	0
328	1439	3	0
378	1439	3	0
381	1439	3	0
405	1439	1	0
504	1439	4	0
551	1439	5	0
846	1439	2	0
222	1440	3	0
393	1440	3	0
487	1440	4	0
682	1440	2	0
749	1440	3	0
234	1445	4	0
405	1445	1	0
537	1445	3	0
655	1445	3	0
234	1447	3	0
234	1454	3	0
454	1454	2	0
524	1454	3	0
704	1454	3	0
892	1454	3	0
932	1454	4	0
234	1457	3	0
234	1460	3	0
264	1474	2	0
405	1474	1	0
535	1474	4	0
650	1474	3	0
666	1474	3	0
844	1474	4	0
264	1475	2	0
405	1475	1	0
411	1475	3	0
503	1475	5	0
537	1475	2	0
585	1475	3	0
655	1475	3	0
773	1475	4	0
269	1478	1	0
276	1478	3	0
280	1478	4	0
291	1478	2	0
328	1478	3	0
363	1478	1	0
378	1478	3	0
405	1478	1	0
416	1478	2	0
456	1478	4	0
561	1478	3	0
627	1478	3	0
653	1478	2	0
682	1478	3	0
788	1478	3	0
846	1478	4	0
880	1478	3	0
924	1478	4	0
269	1479	2	0
280	1479	3	0
311	1479	3	0
405	1479	1	0
450	1479	3	0
655	1479	2	0
707	1479	5	0
846	1479	3	0
276	1481	2	0
279	1481	4	0
279	1484	3	0
394	1484	4	0
405	1484	1	0
279	1488	4	0
405	1488	1	0
585	1488	4	0
804	1488	3	0
279	1490	4	0
450	1490	3	0
655	1490	2	0
279	1491	5	0
671	1491	1	0
279	1496	3	0
336	1496	1	0
532	1496	2	0
880	1496	4	0
887	1496	4	0
279	1497	2	0
747	1497	4	0
279	1501	1	0
585	1501	4	0
655	1501	3	0
758	1501	3	0
894	1501	4	0
299	1507	3	0
303	1510	3	0
314	1517	4	0
405	1517	1	0
416	1517	2	0
577	1517	3	0
798	1517	4	0
314	1518	4	0
328	1518	3	0
389	1518	2	0
405	1518	2	0
450	1518	4	0
474	1518	3	0
551	1518	4	0
606	1518	4	0
711	1518	3	0
788	1518	3	0
846	1518	2	0
880	1518	2	0
314	1519	4	0
405	1519	2	0
314	1520	3	0
318	1521	3	0
416	1521	3	0
450	1521	3	0
478	1521	3	0
325	1523	4	0
378	1523	2	0
358	1529	3	0
405	1529	1	0
561	1529	3	0
655	1529	2	0
773	1529	5	0
385	1535	4	0
405	1535	1	0
585	1535	4	0
655	1535	3	0
387	1538	3	0
655	1538	3	0
782	1538	3	0
399	1540	3	0
405	1540	2	0
416	1540	4	0
524	1540	2	0
601	1540	2	0
798	1540	4	0
846	1540	3	0
851	1540	2	0
881	1540	1	0
887	1540	5	0
399	1542	2	0
495	1542	4	0
399	1543	3	0
405	1544	1	0
705	1544	4	0
798	1544	3	0
405	1547	2	0
456	1547	4	0
405	1550	3	0
417	1550	3	0
405	1553	1	0
524	1553	3	0
655	1553	4	0
889	1553	3	0
405	1554	4	0
655	1554	2	0
405	1560	1	0
524	1560	4	0
655	1560	2	0
894	1560	4	0
405	1589	1	0
486	1589	3	0
782	1589	3	0
889	1589	5	0
425	1597	3	0
671	1597	1	0
828	1597	3	0
833	1597	5	0
916	1597	3	0
450	1603	3	0
463	1605	2	0
655	1605	3	0
782	1605	2	0
901	1605	5	0
486	1611	3	0
782	1611	3	0
496	1614	3	0
497	1615	3	0
601	1615	4	0
660	1615	2	0
699	1615	3	0
727	1615	1	0
749	1615	4	0
782	1615	3	0
804	1615	4	0
807	1615	4	0
852	1615	2	0
519	1617	5	0
724	1617	1	0
543	1619	3	0
650	1627	3	0
655	1630	3	0
655	1632	3	0
655	1633	3	0
655	1635	3	0
655	1637	3	0
655	1638	3	0
655	1640	3	0
655	1641	3	0
655	1647	3	0
655	1649	3	0
727	1657	3	0
733	1658	3	0
782	1658	2	0
894	1658	4	0
782	1667	3	0
782	1668	3	0
782	1670	3	0
835	1673	3	0
851	1675	3	0
854	1677	3	0
863	1679	3	0
896	1681	3	0
916	1682	3	0
