1	22	4	0
6	22	3	0
7	22	5	0
8	22	5	0
10	22	5	0
11	22	4	0
13	22	4	0
14	22	3	0
16	22	5	0
18	22	5	0
20	22	5	0
37	22	5	0
38	22	5	0
44	22	4	0
52	22	5	0
55	22	5	0
56	22	5	0
59	22	4	0
62	22	4	0
64	22	4	0
82	22	3	0
83	22	5	0
87	22	4	0
90	22	4	0
91	22	5	0
92	22	3	0
94	22	4	0
95	22	4	0
99	22	5	0
106	22	4	0
109	22	4	0
110	22	4	0
115	22	3	0
118	22	5	0
119	22	4	0
123	22	4	0
125	22	5	0
130	22	5	0
144	22	5	0
145	22	5	0
152	22	5	0
153	22	2	0
156	22	3	0
158	22	5	0
161	22	2	0
177	22	4	0
178	22	5	0
184	22	3	0
188	22	5	0
194	22	5	0
197	22	5	0
200	22	4	0
201	22	2	0
207	22	3	0
214	22	3	0
215	22	3	0
216	22	5	0
217	22	5	0
222	22	5	0
223	22	5	0
224	22	5	0
225	22	5	0
230	22	5	0
232	22	3	0
234	22	4	0
235	22	4	0
243	22	3	0
244	22	4	0
248	22	2	0
249	22	5	0
251	22	5	0
253	22	5	0
254	22	4	0
256	22	5	0
262	22	4	0
263	22	5	0
267	22	4	0
269	22	1	0
271	22	5	0
272	22	5	0
275	22	3	0
276	22	5	0
278	22	5	0
279	22	1	0
280	22	5	0
286	22	4	0
288	22	5	0
290	22	5	0
291	22	5	0
293	22	3	0
295	22	4	0
296	22	4	0
297	22	4	0
298	22	4	0
301	22	4	0
303	22	5	0
307	22	3	0
308	22	4	0
311	22	4	0
313	22	3	0
314	22	4	0
316	22	4	0
320	22	5	0
323	22	5	0
326	22	4	0
327	22	4	0
328	22	5	0
330	22	5	0
331	22	4	0
332	22	5	0
334	22	4	0
339	22	5	0
343	22	4	0
344	22	3	0
346	22	5	0
347	22	5	0
363	22	3	0
370	22	4	0
371	22	5	0
373	22	5	0
378	22	5	0
380	22	4	0
387	22	5	0
391	22	4	0
393	22	4	0
394	22	5	0
397	22	4	0
399	22	3	0
404	22	5	0
405	22	5	0
406	22	3	0
409	22	2	0
411	22	4	0
416	22	5	0
425	22	3	0
429	22	5	0
435	22	4	0
442	22	2	0
447	22	4	0
450	22	5	0
452	22	5	0
453	22	5	0
454	22	4	0
455	22	4	0
456	22	4	0
457	22	5	0
459	22	5	0
462	22	5	0
465	22	3	0
466	22	5	0
468	22	5	0
472	22	5	0
474	22	4	0
479	22	4	0
484	22	5	0
487	22	5	0
488	22	4	0
493	22	5	0
496	22	4	0
497	22	5	0
505	22	5	0
514	22	4	0
521	22	4	0
524	22	3	0
527	22	5	0
532	22	5	0
533	22	4	0
535	22	3	0
536	22	5	0
537	22	2	0
538	22	5	0
539	22	3	0
542	22	3	0
543	22	3	0
545	22	3	0
551	22	5	0
553	22	5	0
554	22	4	0
559	22	1	0
560	22	2	0
561	22	3	0
566	22	3	0
573	22	4	0
577	22	5	0
586	22	3	0
588	22	5	0
592	22	5	0
598	22	5	0
600	22	5	0
601	22	4	0
603	22	4	0
605	22	4	0
606	22	5	0
608	22	4	0
615	22	4	0
618	22	4	0
619	22	5	0
622	22	4	0
625	22	3	0
627	22	5	0
629	22	5	0
630	22	3	0
632	22	4	0
638	22	5	0
640	22	4	0
642	22	4	0
645	22	4	0
647	22	5	0
648	22	4	0
650	22	3	0
653	22	5	0
654	22	5	0
655	22	2	0
658	22	4	0
660	22	4	0
664	22	2	0
669	22	3	0
671	22	4	0
676	22	5	0
682	22	5	0
683	22	4	0
686	22	5	0
694	22	5	0
698	22	1	0
704	22	2	0
705	22	5	0
709	22	5	0
710	22	3	0
711	22	4	0
715	22	4	0
716	22	5	0
721	22	5	0
727	22	4	0
734	22	3	0
737	22	4	0
738	22	3	0
739	22	5	0
741	22	5	0
746	22	4	0
747	22	3	0
748	22	4	0
749	22	5	0
753	22	4	0
756	22	3	0
757	22	4	0
763	22	4	0
764	22	4	0
766	22	3	0
767	22	4	0
774	22	2	0
776	22	5	0
780	22	4	0
785	22	4	0
788	22	5	0
790	22	5	0
796	22	4	0
804	22	5	0
805	22	1	0
807	22	5	0
821	22	5	0
823	22	5	0
826	22	5	0
830	22	5	0
831	22	5	0
833	22	3	0
838	22	4	0
840	22	3	0
844	22	4	0
846	22	4	0
850	22	5	0
851	22	5	0
854	22	2	0
862	22	5	0
864	22	5	0
867	22	5	0
870	22	4	0
871	22	5	0
875	22	3	0
876	22	4	0
878	22	2	0
880	22	4	0
881	22	5	0
883	22	3	0
886	22	4	0
887	22	5	0
889	22	3	0
892	22	5	0
896	22	5	0
897	22	5	0
901	22	5	0
913	22	5	0
916	22	4	0
919	22	5	0
922	22	5	0
929	22	5	0
933	22	5	0
943	22	4	0
1	56	4	0
6	56	4	0
7	56	5	0
8	56	5	0
10	56	5	0
11	56	4	0
13	56	5	0
14	56	5	0
16	56	5	0
18	56	5	0
21	56	5	0
23	56	4	0
24	56	4	0
28	56	5	0
37	56	5	0
41	56	4	0
43	56	5	0
44	56	2	0
48	56	3	0
49	56	5	0
55	56	4	0
56	56	5	0
57	56	3	0
58	56	5	0
59	56	5	0
60	56	4	0
62	56	5	0
64	56	5	0
65	56	3	0
69	56	5	0
71	56	5	0
72	56	5	0
73	56	4	0
75	56	5	0
76	56	5	0
77	56	4	0
82	56	3	0
83	56	1	0
85	56	4	0
87	56	4	0
90	56	5	0
91	56	1	0
92	56	5	0
94	56	5	0
96	56	5	0
99	56	5	0
102	56	3	0
103	56	5	0
109	56	5	0
110	56	1	0
114	56	3	0
115	56	5	0
116	56	5	0
117	56	5	0
118	56	5	0
119	56	4	0
125	56	1	0
128	56	3	0
130	56	5	0
132	56	5	0
135	56	4	0
136	56	4	0
138	56	5	0
144	56	4	0
145	56	5	0
148	56	5	0
151	56	4	0
153	56	5	0
158	56	5	0
160	56	5	0
161	56	3	0
163	56	4	0
174	56	5	0
175	56	2	0
177	56	5	0
178	56	4	0
180	56	5	0
184	56	3	0
186	56	3	0
188	56	4	0
189	56	5	0
193	56	1	0
194	56	5	0
197	56	1	0
198	56	5	0
200	56	4	0
201	56	5	0
207	56	4	0
208	56	2	0
210	56	5	0
213	56	5	0
214	56	5	0
215	56	5	0
216	56	5	0
217	56	5	0
218	56	3	0
221	56	5	0
222	56	5	0
226	56	4	0
228	56	2	0
230	56	3	0
232	56	5	0
233	56	5	0
234	56	3	0
236	56	5	0
239	56	4	0
244	56	5	0
246	56	1	0
249	56	5	0
250	56	4	0
253	56	3	0
255	56	5	0
256	56	3	0
262	56	4	0
264	56	5	0
267	56	5	0
268	56	4	0
269	56	5	0
270	56	5	0
271	56	3	0
272	56	5	0
276	56	5	0
279	56	4	0
280	56	5	0
283	56	5	0
286	56	2	0
287	56	5	0
291	56	5	0
292	56	5	0
293	56	4	0
295	56	4	0
296	56	5	0
297	56	5	0
299	56	4	0
301	56	4	0
303	56	5	0
305	56	1	0
307	56	4	0
308	56	5	0
311	56	5	0
313	56	2	0
314	56	1	0
315	56	5	0
318	56	3	0
320	56	5	0
321	56	4	0
323	56	5	0
326	56	2	0
327	56	2	0
328	56	4	0
332	56	5	0
334	56	4	0
336	56	4	0
338	56	3	0
339	56	5	0
342	56	5	0
343	56	5	0
345	56	5	0
346	56	5	0
347	56	5	0
352	56	5	0
360	56	4	0
361	56	4	0
363	56	5	0
366	56	5	0
367	56	5	0
368	56	4	0
370	56	2	0
372	56	4	0
374	56	5	0
377	56	4	0
378	56	4	0
379	56	5	0
382	56	5	0
385	56	5	0
387	56	5	0
388	56	3	0
389	56	5	0
391	56	5	0
393	56	2	0
394	56	5	0
397	56	5	0
398	56	4	0
399	56	3	0
405	56	4	0
406	56	5	0
407	56	5	0
411	56	4	0
412	56	5	0
415	56	5	0
416	56	5	0
417	56	5	0
421	56	5	0
425	56	5	0
429	56	4	0
430	56	4	0
435	56	5	0
437	56	4	0
442	56	5	0
445	56	5	0
447	56	5	0
450	56	4	0
453	56	5	0
454	56	3	0
455	56	5	0
456	56	5	0
457	56	4	0
458	56	5	0
465	56	4	0
466	56	4	0
468	56	5	0
472	56	5	0
474	56	5	0
476	56	4	0
480	56	4	0
484	56	5	0
487	56	4	0
488	56	4	0
492	56	5	0
493	56	4	0
495	56	5	0
496	56	5	0
497	56	4	0
498	56	3	0
499	56	4	0
500	56	5	0
504	56	3	0
505	56	1	0
506	56	4	0
512	56	5	0
521	56	4	0
523	56	3	0
524	56	4	0
527	56	4	0
528	56	3	0
530	56	3	0
533	56	3	0
535	56	3	0
536	56	3	0
537	56	5	0
538	56	4	0
539	56	2	0
542	56	5	0
543	56	5	0
546	56	5	0
548	56	5	0
551	56	5	0
553	56	4	0
554	56	4	0
559	56	3	0
561	56	5	0
562	56	1	0
566	56	4	0
567	56	4	0
568	56	4	0
576	56	3	0
577	56	3	0
579	56	3	0
586	56	5	0
588	56	4	0
591	56	4	0
592	56	5	0
593	56	5	0
600	56	5	0
601	56	3	0
603	56	4	0
604	56	2	0
606	56	5	0
607	56	5	0
608	56	5	0
610	56	3	0
617	56	1	0
618	56	4	0
619	56	3	0
622	56	5	0
627	56	2	0
629	56	5	0
632	56	3	0
633	56	2	0
640	56	5	0
642	56	4	0
643	56	5	0
645	56	3	0
648	56	1	0
650	56	3	0
653	56	5	0
654	56	4	0
655	56	3	0
658	56	5	0
659	56	5	0
660	56	1	0
663	56	5	0
664	56	4	0
665	56	5	0
666	56	4	0
669	56	2	0
671	56	1	0
679	56	4	0
682	56	4	0
683	56	5	0
686	56	5	0
690	56	4	0
691	56	4	0
692	56	3	0
693	56	4	0
700	56	3	0
709	56	5	0
710	56	5	0
715	56	5	0
716	56	5	0
721	56	3	0
727	56	3	0
731	56	2	0
734	56	1	0
738	56	4	0
739	56	4	0
741	56	4	0
746	56	3	0
747	56	5	0
748	56	4	0
749	56	2	0
751	56	4	0
757	56	4	0
758	56	5	0
763	56	5	0
764	56	4	0
767	56	4	0
773	56	2	0
774	56	2	0
777	56	5	0
778	56	3	0
781	56	3	0
785	56	4	0
788	56	3	0
790	56	4	0
796	56	5	0
802	56	3	0
804	56	3	0
805	56	4	0
806	56	5	0
814	56	3	0
821	56	5	0
823	56	5	0
826	56	5	0
830	56	2	0
831	56	5	0
833	56	4	0
836	56	4	0
838	56	5	0
840	56	5	0
843	56	3	0
844	56	4	0
846	56	5	0
847	56	1	0
850	56	1	0
851	56	5	0
854	56	5	0
860	56	4	0
862	56	3	0
864	56	5	0
867	56	5	0
868	56	3	0
870	56	5	0
871	56	5	0
875	56	5	0
877	56	5	0
880	56	5	0
881	56	1	0
882	56	4	0
883	56	5	0
885	56	3	0
886	56	4	0
887	56	5	0
889	56	5	0
892	56	4	0
893	56	5	0
897	56	2	0
901	56	1	0
903	56	5	0
908	56	4	0
910	56	4	0
912	56	2	0
913	56	5	0
916	56	5	0
922	56	1	0
924	56	3	0
925	56	3	0
927	56	4	0
929	56	4	0
932	56	4	0
933	56	5	0
934	56	5	0
940	56	5	0
943	56	5	0
1	79	4	0
5	79	3	0
6	79	3	0
7	79	4	0
8	79	4	0
11	79	4	0
13	79	3	0
16	79	5	0
18	79	4	0
22	79	4	0
23	79	4	0
24	79	4	0
25	79	4	0
28	79	4	0
29	79	4	0
31	79	2	0
37	79	4	0
38	79	3	0
42	79	5	0
43	79	4	0
55	79	5	0
56	79	4	0
57	79	5	0
59	79	5	0
60	79	4	0
63	79	3	0
64	79	4	0
69	79	4	0
70	79	4	0
72	79	4	0
75	79	5	0
80	79	4	0
81	79	5	0
82	79	3	0
83	79	5	0
84	79	4	0
85	79	3	0
87	79	5	0
90	79	4	0
91	79	5	0
92	79	4	0
94	79	4	0
95	79	4	0
96	79	4	0
97	79	5	0
99	79	4	0
102	79	2	0
109	79	5	0
110	79	4	0
115	79	4	0
118	79	5	0
124	79	3	0
125	79	5	0
128	79	4	0
130	79	5	0
135	79	3	0
137	79	5	0
145	79	5	0
151	79	4	0
153	79	5	0
158	79	4	0
160	79	4	0
162	79	4	0
177	79	4	0
178	79	4	0
180	79	3	0
184	79	3	0
186	79	5	0
188	79	5	0
189	79	3	0
193	79	4	0
194	79	3	0
197	79	5	0
198	79	3	0
200	79	5	0
201	79	4	0
207	79	4	0
210	79	4	0
213	79	5	0
214	79	4	0
216	79	4	0
217	79	5	0
221	79	4	0
222	79	5	0
230	79	5	0
234	79	3	0
235	79	4	0
236	79	4	0
239	79	3	0
248	79	3	0
249	79	5	0
251	79	5	0
253	79	5	0
256	79	5	0
263	79	4	0
268	79	3	0
270	79	4	0
271	79	4	0
272	79	5	0
276	79	4	0
279	79	3	0
280	79	4	0
291	79	5	0
292	79	5	0
293	79	3	0
294	79	4	0
295	79	4	0
296	79	4	0
297	79	3	0
298	79	5	0
301	79	5	0
303	79	5	0
305	79	3	0
308	79	4	0
311	79	4	0
313	79	5	0
315	79	4	0
320	79	4	0
323	79	4	0
326	79	4	0
327	79	3	0
328	79	4	0
329	79	4	0
332	79	5	0
333	79	3	0
334	79	4	0
338	79	4	0
339	79	4	0
343	79	4	0
344	79	4	0
345	79	4	0
346	79	5	0
347	79	5	0
352	79	4	0
354	79	2	0
360	79	4	0
361	79	4	0
363	79	2	0
371	79	5	0
372	79	5	0
373	79	4	0
374	79	4	0
378	79	4	0
379	79	5	0
380	79	4	0
381	79	3	0
385	79	3	0
387	79	4	0
389	79	4	0
393	79	4	0
394	79	5	0
398	79	4	0
399	79	3	0
405	79	5	0
406	79	3	0
409	79	4	0
411	79	4	0
416	79	5	0
417	79	3	0
419	79	4	0
421	79	4	0
425	79	4	0
429	79	4	0
435	79	4	0
437	79	4	0
442	79	3	0
445	79	4	0
447	79	3	0
450	79	4	0
452	79	4	0
453	79	3	0
454	79	4	0
455	79	4	0
456	79	3	0
457	79	5	0
458	79	5	0
459	79	3	0
466	79	3	0
472	79	5	0
474	79	5	0
478	79	4	0
479	79	4	0
480	79	4	0
484	79	5	0
487	79	5	0
488	79	4	0
493	79	5	0
495	79	5	0
497	79	4	0
498	79	3	0
503	79	5	0
505	79	3	0
506	79	5	0
508	79	2	0
514	79	4	0
521	79	4	0
522	79	3	0
524	79	4	0
528	79	5	0
532	79	5	0
535	79	3	0
536	79	4	0
537	79	3	0
538	79	4	0
541	79	5	0
543	79	4	0
545	79	4	0
548	79	5	0
551	79	5	0
554	79	5	0
561	79	3	0
562	79	4	0
567	79	2	0
568	79	4	0
575	79	5	0
577	79	4	0
586	79	4	0
588	79	4	0
591	79	4	0
592	79	4	0
593	79	4	0
600	79	4	0
605	79	5	0
606	79	3	0
608	79	5	0
610	79	3	0
618	79	5	0
619	79	5	0
621	79	5	0
622	79	5	0
623	79	5	0
627	79	3	0
632	79	5	0
633	79	5	0
640	79	5	0
643	79	4	0
647	79	4	0
648	79	5	0
650	79	3	0
653	79	4	0
654	79	5	0
655	79	5	0
659	79	4	0
660	79	2	0
661	79	5	0
664	79	4	0
665	79	3	0
666	79	3	0
667	79	3	0
669	79	2	0
671	79	2	0
673	79	5	0
682	79	4	0
686	79	4	0
690	79	4	0
691	79	5	0
693	79	4	0
700	79	3	0
705	79	5	0
709	79	3	0
710	79	4	0
711	79	4	0
712	79	4	0
715	79	5	0
716	79	4	0
719	79	4	0
727	79	4	0
738	79	3	0
739	79	4	0
741	79	4	0
745	79	3	0
746	79	5	0
747	79	4	0
748	79	4	0
749	79	4	0
751	79	4	0
753	79	4	0
756	79	4	0
757	79	4	0
758	79	4	0
763	79	5	0
771	79	1	0
774	79	2	0
778	79	3	0
780	79	4	0
785	79	4	0
788	79	4	0
790	79	4	0
795	79	2	0
796	79	5	0
798	79	4	0
804	79	4	0
805	79	5	0
806	79	3	0
807	79	5	0
815	79	4	0
821	79	5	0
823	79	4	0
826	79	4	0
830	79	4	0
833	79	3	0
840	79	4	0
843	79	2	0
846	79	4	0
847	79	4	0
850	79	5	0
851	79	4	0
854	79	4	0
862	79	5	0
864	79	5	0
867	79	4	0
870	79	4	0
871	79	5	0
877	79	4	0
880	79	4	0
881	79	4	0
882	79	5	0
883	79	4	0
885	79	4	0
886	79	5	0
889	79	3	0
892	79	5	0
896	79	5	0
897	79	5	0
899	79	5	0
902	79	5	0
903	79	4	0
907	79	5	0
908	79	4	0
913	79	4	0
916	79	3	0
921	79	4	0
927	79	3	0
933	79	3	0
942	79	5	0
943	79	5	0
1	82	5	0
7	82	3	0
8	82	5	0
10	82	4	0
12	82	4	0
13	82	2	0
18	82	3	0
20	82	4	0
23	82	3	0
25	82	4	0
30	82	4	0
37	82	1	0
38	82	5	0
42	82	4	0
43	82	4	0
44	82	4	0
49	82	1	0
56	82	4	0
59	82	5	0
60	82	3	0
62	82	4	0
64	82	3	0
70	82	4	0
72	82	3	0
73	82	2	0
83	82	5	0
85	82	3	0
87	82	5	0
91	82	5	0
92	82	2	0
94	82	4	0
95	82	3	0
97	82	4	0
102	82	2	0
106	82	3	0
109	82	5	0
110	82	4	0
115	82	4	0
119	82	2	0
125	82	5	0
128	82	5	0
130	82	5	0
142	82	4	0
151	82	3	0
158	82	5	0
174	82	1	0
178	82	5	0
184	82	3	0
193	82	2	0
194	82	2	0
197	82	5	0
198	82	3	0
200	82	5	0
201	82	4	0
207	82	3	0
215	82	3	0
216	82	4	0
217	82	5	0
219	82	1	0
222	82	4	0
230	82	5	0
233	82	4	0
234	82	3	0
235	82	2	0
244	82	3	0
246	82	2	0
253	82	3	0
254	82	4	0
256	82	5	0
262	82	3	0
263	82	4	0
267	82	4	0
268	82	3	0
269	82	2	0
276	82	4	0
280	82	2	0
286	82	3	0
290	82	4	0
291	82	4	0
293	82	4	0
295	82	4	0
301	82	5	0
303	82	4	0
307	82	4	0
308	82	4	0
311	82	5	0
313	82	3	0
320	82	3	0
325	82	3	0
326	82	3	0
327	82	2	0
328	82	4	0
330	82	4	0
332	82	5	0
334	82	4	0
339	82	4	0
343	82	5	0
347	82	5	0
352	82	3	0
363	82	3	0
373	82	1	0
374	82	4	0
378	82	4	0
379	82	4	0
385	82	1	0
387	82	4	0
389	82	4	0
393	82	4	0
394	82	4	0
398	82	5	0
399	82	3	0
405	82	4	0
407	82	3	0
416	82	5	0
417	82	4	0
421	82	4	0
425	82	3	0
429	82	4	0
435	82	5	0
437	82	3	0
442	82	3	0
450	82	3	0
452	82	3	0
453	82	3	0
454	82	4	0
455	82	5	0
457	82	5	0
466	82	3	0
468	82	5	0
471	82	5	0
472	82	5	0
479	82	4	0
484	82	4	0
487	82	5	0
488	82	4	0
493	82	5	0
495	82	5	0
497	82	4	0
500	82	4	0
504	82	4	0
505	82	4	0
506	82	5	0
508	82	3	0
524	82	4	0
528	82	4	0
532	82	5	0
533	82	4	0
536	82	4	0
537	82	2	0
538	82	4	0
541	82	3	0
543	82	4	0
545	82	4	0
551	82	5	0
554	82	4	0
562	82	5	0
566	82	4	0
577	82	4	0
579	82	3	0
584	82	3	0
586	82	2	0
588	82	5	0
600	82	5	0
601	82	1	0
606	82	5	0
618	82	4	0
619	82	5	0
620	82	5	0
621	82	5	0
622	82	3	0
627	82	4	0
632	82	4	0
633	82	4	0
638	82	2	0
642	82	5	0
643	82	3	0
647	82	4	0
648	82	5	0
650	82	3	0
653	82	4	0
654	82	5	0
655	82	2	0
659	82	4	0
660	82	2	0
666	82	3	0
668	82	4	0
669	82	4	0
671	82	4	0
682	82	4	0
684	82	5	0
694	82	5	0
705	82	5	0
709	82	4	0
711	82	3	0
712	82	5	0
715	82	4	0
716	82	5	0
721	82	4	0
727	82	3	0
734	82	4	0
738	82	5	0
741	82	3	0
746	82	4	0
747	82	4	0
749	82	5	0
751	82	4	0
756	82	3	0
757	82	4	0
758	82	4	0
766	82	3	0
771	82	2	0
774	82	2	0
778	82	3	0
786	82	4	0
788	82	3	0
796	82	3	0
798	82	4	0
804	82	5	0
805	82	3	0
806	82	4	0
807	82	4	0
815	82	4	0
826	82	3	0
830	82	3	0
838	82	4	0
840	82	3	0
843	82	3	0
844	82	3	0
846	82	2	0
847	82	4	0
848	82	5	0
850	82	5	0
862	82	4	0
864	82	5	0
868	82	2	0
871	82	3	0
878	82	3	0
880	82	3	0
881	82	5	0
882	82	5	0
883	82	3	0
885	82	4	0
887	82	4	0
889	82	4	0
892	82	3	0
896	82	3	0
897	82	5	0
901	82	5	0
911	82	2	0
913	82	3	0
916	82	4	0
918	82	3	0
919	82	5	0
921	82	3	0
922	82	3	0
924	82	4	0
927	82	2	0
932	82	3	0
933	82	3	0
934	82	4	0
940	82	4	0
1	89	5	0
5	89	5	0
6	89	4	0
7	89	5	0
8	89	4	0
13	89	4	0
16	89	2	0
18	89	3	0
22	89	5	0
23	89	5	0
28	89	4	0
37	89	4	0
44	89	5	0
55	89	5	0
56	89	4	0
58	89	3	0
59	89	5	0
60	89	5	0
62	89	5	0
64	89	3	0
70	89	4	0
71	89	5	0
72	89	3	0
73	89	5	0
76	89	4	0
77	89	5	0
85	89	4	0
87	89	4	0
90	89	5	0
92	89	5	0
94	89	3	0
95	89	3	0
96	89	5	0
97	89	5	0
102	89	4	0
109	89	4	0
114	89	5	0
115	89	5	0
119	89	4	0
130	89	4	0
136	89	4	0
137	89	5	0
142	89	3	0
144	89	3	0
145	89	4	0
148	89	5	0
151	89	5	0
154	89	5	0
158	89	5	0
177	89	5	0
178	89	4	0
184	89	4	0
189	89	5	0
194	89	3	0
197	89	5	0
198	89	5	0
200	89	5	0
201	89	3	0
214	89	4	0
215	89	4	0
222	89	5	0
226	89	5	0
233	89	3	0
234	89	3	0
239	89	4	0
244	89	5	0
248	89	5	0
249	89	5	0
250	89	4	0
253	89	4	0
256	89	5	0
267	89	5	0
268	89	4	0
269	89	2	0
271	89	3	0
275	89	3	0
276	89	5	0
279	89	4	0
286	89	4	0
290	89	3	0
291	89	3	0
293	89	5	0
295	89	5	0
296	89	5	0
297	89	4	0
299	89	5	0
301	89	2	0
305	89	3	0
307	89	5	0
308	89	5	0
311	89	5	0
312	89	5	0
313	89	5	0
316	89	1	0
320	89	4	0
321	89	3	0
322	89	3	0
326	89	4	0
327	89	4	0
328	89	5	0
332	89	5	0
334	89	4	0
339	89	5	0
342	89	3	0
343	89	3	0
344	89	5	0
346	89	4	0
350	89	4	0
352	89	5	0
354	89	4	0
363	89	4	0
368	89	4	0
373	89	5	0
374	89	2	0
378	89	4	0
379	89	4	0
380	89	5	0
381	89	5	0
383	89	3	0
385	89	4	0
387	89	5	0
391	89	3	0
393	89	3	0
394	89	5	0
395	89	5	0
405	89	1	0
406	89	4	0
407	89	4	0
409	89	5	0
411	89	3	0
417	89	5	0
419	89	3	0
421	89	5	0
425	89	4	0
429	89	4	0
435	89	4	0
437	89	2	0
442	89	4	0
447	89	5	0
450	89	5	0
452	89	5	0
454	89	1	0
455	89	3	0
457	89	5	0
466	89	3	0
468	89	4	0
474	89	5	0
479	89	4	0
480	89	4	0
484	89	4	0
488	89	4	0
493	89	4	0
495	89	3	0
496	89	5	0
497	89	4	0
498	89	5	0
500	89	4	0
506	89	5	0
514	89	4	0
521	89	3	0
524	89	5	0
537	89	4	0
538	89	4	0
542	89	4	0
543	89	4	0
545	89	3	0
551	89	4	0
553	89	5	0
555	89	4	0
560	89	5	0
561	89	4	0
562	89	1	0
566	89	4	0
567	89	5	0
579	89	3	0
592	89	4	0
600	89	5	0
603	89	5	0
606	89	5	0
613	89	5	0
617	89	4	0
622	89	5	0
627	89	5	0
638	89	4	0
641	89	4	0
642	89	2	0
643	89	3	0
645	89	4	0
648	89	4	0
650	89	4	0
653	89	5	0
655	89	4	0
659	89	4	0
660	89	3	0
661	89	5	0
663	89	4	0
664	89	5	0
665	89	4	0
666	89	4	0
671	89	5	0
682	89	4	0
686	89	4	0
690	89	2	0
694	89	4	0
698	89	4	0
704	89	5	0
705	89	2	0
709	89	3	0
710	89	4	0
711	89	5	0
715	89	3	0
723	89	3	0
727	89	5	0
737	89	4	0
738	89	5	0
746	89	4	0
748	89	5	0
749	89	4	0
751	89	3	0
753	89	3	0
756	89	4	0
757	89	4	0
764	89	4	0
766	89	4	0
773	89	4	0
774	89	2	0
776	89	5	0
786	89	4	0
788	89	5	0
790	89	4	0
795	89	4	0
796	89	5	0
804	89	4	0
805	89	4	0
806	89	5	0
807	89	4	0
815	89	4	0
823	89	5	0
826	89	5	0
830	89	5	0
833	89	5	0
836	89	4	0
840	89	5	0
843	89	5	0
844	89	3	0
846	89	5	0
847	89	2	0
848	89	5	0
854	89	4	0
862	89	5	0
867	89	5	0
868	89	4	0
870	89	3	0
881	89	4	0
882	89	5	0
883	89	5	0
886	89	4	0
889	89	4	0
890	89	4	0
892	89	5	0
896	89	5	0
897	89	4	0
899	89	4	0
901	89	3	0
903	89	4	0
911	89	4	0
913	89	5	0
916	89	5	0
918	89	5	0
922	89	5	0
929	89	5	0
932	89	5	0
933	89	4	0
934	89	5	0
940	89	4	0
1	96	5	0
7	96	5	0
8	96	3	0
12	96	4	0
13	96	4	0
14	96	4	0
16	96	5	0
22	96	5	0
23	96	4	0
28	96	5	0
37	96	4	0
41	96	4	0
42	96	5	0
44	96	4	0
49	96	1	0
53	96	4	0
56	96	5	0
59	96	5	0
60	96	4	0
62	96	4	0
64	96	4	0
70	96	4	0
72	96	5	0
73	96	2	0
76	96	5	0
77	96	3	0
87	96	5	0
90	96	4	0
92	96	4	0
94	96	3	0
95	96	4	0
96	96	4	0
97	96	5	0
102	96	3	0
103	96	4	0
109	96	5	0
110	96	4	0
114	96	3	0
115	96	3	0
117	96	5	0
119	96	5	0
124	96	4	0
130	96	5	0
137	96	5	0
144	96	5	0
145	96	5	0
158	96	4	0
159	96	4	0
167	96	5	0
175	96	3	0
177	96	3	0
178	96	4	0
183	96	3	0
188	96	5	0
189	96	5	0
193	96	1	0
197	96	5	0
198	96	4	0
200	96	5	0
201	96	4	0
202	96	4	0
207	96	3	0
210	96	4	0
217	96	4	0
221	96	5	0
222	96	5	0
230	96	2	0
232	96	5	0
234	96	2	0
235	96	4	0
239	96	5	0
246	96	3	0
248	96	4	0
249	96	4	0
250	96	2	0
253	96	5	0
256	96	5	0
262	96	4	0
263	96	4	0
268	96	5	0
269	96	1	0
272	96	5	0
275	96	3	0
276	96	5	0
279	96	4	0
280	96	4	0
286	96	4	0
291	96	4	0
292	96	4	0
293	96	3	0
295	96	1	0
296	96	5	0
301	96	5	0
303	96	5	0
305	96	3	0
308	96	4	0
311	96	5	0
312	96	5	0
313	96	5	0
320	96	5	0
326	96	3	0
327	96	2	0
328	96	4	0
332	96	5	0
344	96	4	0
346	96	5	0
347	96	4	0
352	96	4	0
360	96	3	0
363	96	5	0
368	96	3	0
373	96	4	0
374	96	4	0
378	96	4	0
379	96	5	0
381	96	5	0
387	96	4	0
391	96	3	0
393	96	4	0
394	96	5	0
398	96	4	0
399	96	3	0
402	96	5	0
405	96	3	0
406	96	5	0
407	96	3	0
412	96	5	0
416	96	4	0
417	96	3	0
421	96	4	0
425	96	4	0
429	96	4	0
435	96	5	0
436	96	4	0
442	96	4	0
445	96	4	0
447	96	5	0
450	96	4	0
452	96	2	0
454	96	4	0
455	96	4	0
457	96	5	0
458	96	4	0
466	96	5	0
468	96	5	0
472	96	5	0
474	96	4	0
478	96	2	0
479	96	4	0
480	96	4	0
484	96	5	0
487	96	5	0
488	96	3	0
493	96	4	0
495	96	4	0
496	96	4	0
497	96	4	0
504	96	4	0
505	96	4	0
506	96	4	0
508	96	2	0
514	96	5	0
521	96	4	0
522	96	3	0
524	96	4	0
527	96	4	0
532	96	5	0
533	96	4	0
536	96	4	0
537	96	3	0
538	96	4	0
543	96	4	0
545	96	5	0
551	96	5	0
557	96	5	0
561	96	1	0
566	96	3	0
567	96	4	0
575	96	5	0
577	96	4	0
586	96	4	0
592	96	5	0
600	96	5	0
601	96	2	0
606	96	5	0
618	96	3	0
619	96	5	0
621	96	5	0
622	96	5	0
625	96	5	0
627	96	3	0
630	96	4	0
632	96	5	0
633	96	4	0
638	96	4	0
640	96	5	0
642	96	5	0
643	96	5	0
645	96	3	0
648	96	5	0
650	96	4	0
652	96	4	0
653	96	4	0
655	96	3	0
658	96	4	0
659	96	4	0
660	96	3	0
661	96	4	0
663	96	5	0
664	96	3	0
665	96	3	0
666	96	3	0
669	96	2	0
670	96	5	0
671	96	5	0
682	96	4	0
693	96	4	0
698	96	4	0
700	96	4	0
705	96	5	0
709	96	5	0
712	96	5	0
715	96	4	0
716	96	2	0
727	96	4	0
737	96	2	0
738	96	5	0
739	96	5	0
745	96	4	0
746	96	4	0
747	96	5	0
748	96	5	0
749	96	5	0
751	96	4	0
753	96	1	0
756	96	4	0
757	96	4	0
758	96	5	0
763	96	2	0
773	96	2	0
774	96	2	0
788	96	3	0
790	96	3	0
795	96	2	0
796	96	4	0
804	96	5	0
805	96	4	0
806	96	5	0
807	96	3	0
815	96	5	0
823	96	4	0
826	96	5	0
830	96	3	0
831	96	5	0
833	96	5	0
838	96	4	0
840	96	2	0
843	96	3	0
846	96	4	0
847	96	4	0
850	96	4	0
854	96	3	0
862	96	4	0
864	96	5	0
867	96	5	0
868	96	2	0
870	96	4	0
871	96	5	0
875	96	4	0
880	96	4	0
881	96	3	0
882	96	4	0
883	96	4	0
886	96	3	0
887	96	4	0
889	96	4	0
892	96	4	0
893	96	4	0
896	96	5	0
897	96	5	0
899	96	4	0
901	96	5	0
903	96	2	0
907	96	5	0
908	96	4	0
913	96	5	0
916	96	3	0
921	96	4	0
924	96	4	0
927	96	5	0
932	96	4	0
933	96	2	0
934	96	4	0
940	96	5	0
943	96	4	0
1	144	4	0
5	144	3	0
7	144	5	0
8	144	5	0
10	144	4	0
13	144	4	0
16	144	5	0
20	144	2	0
22	144	5	0
23	144	3	0
38	144	5	0
43	144	4	0
44	144	4	0
51	144	5	0
55	144	5	0
56	144	5	0
57	144	3	0
58	144	4	0
60	144	4	0
62	144	3	0
64	144	3	0
77	144	3	0
87	144	4	0
92	144	4	0
94	144	3	0
95	144	5	0
96	144	4	0
102	144	3	0
103	144	4	0
109	144	4	0
117	144	4	0
119	144	4	0
124	144	4	0
125	144	5	0
130	144	5	0
137	144	5	0
144	144	4	0
158	144	4	0
162	144	3	0
177	144	5	0
178	144	4	0
183	144	3	0
188	144	3	0
194	144	4	0
201	144	4	0
207	144	3	0
213	144	5	0
215	144	4	0
216	144	4	0
217	144	4	0
221	144	4	0
222	144	5	0
230	144	3	0
234	144	3	0
244	144	1	0
249	144	4	0
250	144	4	0
251	144	5	0
263	144	4	0
267	144	5	0
268	144	4	0
275	144	4	0
276	144	5	0
279	144	4	0
280	144	2	0
286	144	3	0
290	144	3	0
291	144	5	0
292	144	5	0
293	144	4	0
295	144	4	0
296	144	4	0
297	144	3	0
298	144	4	0
299	144	4	0
301	144	4	0
303	144	5	0
305	144	2	0
308	144	3	0
312	144	1	0
313	144	4	0
314	144	3	0
323	144	4	0
326	144	5	0
327	144	4	0
328	144	4	0
332	144	5	0
339	144	3	0
342	144	5	0
343	144	4	0
346	144	4	0
347	144	5	0
352	144	5	0
360	144	2	0
363	144	4	0
373	144	3	0
374	144	5	0
378	144	4	0
379	144	5	0
385	144	3	0
387	144	3	0
393	144	3	0
394	144	5	0
398	144	5	0
399	144	3	0
401	144	5	0
406	144	1	0
407	144	3	0
416	144	5	0
417	144	3	0
421	144	5	0
425	144	4	0
429	144	4	0
435	144	4	0
436	144	5	0
437	144	2	0
442	144	4	0
445	144	3	0
447	144	5	0
450	144	5	0
453	144	4	0
454	144	4	0
455	144	3	0
457	144	5	0
458	144	4	0
466	144	5	0
468	144	5	0
478	144	5	0
479	144	4	0
481	144	4	0
483	144	2	0
484	144	4	0
487	144	5	0
488	144	3	0
495	144	4	0
497	144	4	0
498	144	1	0
505	144	3	0
508	144	3	0
514	144	3	0
521	144	3	0
527	144	4	0
535	144	3	0
536	144	4	0
538	144	4	0
543	144	4	0
545	144	3	0
551	144	5	0
559	144	5	0
561	144	3	0
562	144	5	0
566	144	3	0
571	144	2	0
573	144	4	0
586	144	4	0
588	144	3	0
592	144	5	0
593	144	4	0
606	144	4	0
608	144	4	0
618	144	4	0
619	144	5	0
622	144	5	0
625	144	4	0
627	144	2	0
629	144	5	0
632	144	4	0
638	144	5	0
643	144	4	0
648	144	4	0
650	144	3	0
653	144	3	0
654	144	5	0
655	144	3	0
659	144	4	0
660	144	3	0
661	144	5	0
666	144	3	0
670	144	4	0
671	144	4	0
676	144	4	0
682	144	3	0
693	144	4	0
694	144	4	0
698	144	2	0
700	144	4	0
705	144	3	0
709	144	3	0
711	144	2	0
715	144	5	0
716	144	2	0
727	144	4	0
734	144	2	0
738	144	5	0
746	144	5	0
748	144	4	0
749	144	5	0
751	144	4	0
757	144	4	0
758	144	4	0
763	144	3	0
771	144	1	0
778	144	4	0
788	144	4	0
790	144	4	0
795	144	4	0
796	144	5	0
804	144	4	0
805	144	3	0
806	144	5	0
807	144	4	0
815	144	4	0
823	144	5	0
831	144	5	0
833	144	4	0
840	144	3	0
843	144	3	0
844	144	3	0
847	144	4	0
851	144	5	0
854	144	3	0
864	144	5	0
867	144	3	0
880	144	5	0
883	144	4	0
886	144	4	0
889	144	4	0
892	144	5	0
893	144	4	0
896	144	4	0
899	144	3	0
901	144	5	0
902	144	5	0
907	144	5	0
908	144	4	0
913	144	5	0
916	144	3	0
919	144	4	0
924	144	3	0
929	144	3	0
932	144	3	0
933	144	4	0
934	144	4	0
1	172	5	0
5	172	5	0
7	172	4	0
8	172	5	0
12	172	4	0
13	172	5	0
14	172	5	0
16	172	5	0
18	172	3	0
20	172	3	0
22	172	4	0
23	172	4	0
30	172	4	0
37	172	4	0
42	172	5	0
43	172	4	0
44	172	4	0
48	172	5	0
49	172	1	0
51	172	5	0
56	172	5	0
58	172	5	0
59	172	5	0
60	172	4	0
62	172	5	0
64	172	4	0
69	172	5	0
70	172	5	0
72	172	1	0
76	172	5	0
77	172	3	0
85	172	4	0
87	172	5	0
91	172	4	0
92	172	4	0
94	172	4	0
95	172	4	0
97	172	4	0
99	172	5	0
102	172	3	0
109	172	5	0
114	172	5	0
115	172	4	0
117	172	5	0
118	172	5	0
119	172	4	0
121	172	5	0
124	172	3	0
125	172	5	0
128	172	3	0
130	172	5	0
137	172	5	0
144	172	4	0
145	172	5	0
148	172	5	0
151	172	5	0
153	172	1	0
154	172	4	0
158	172	4	0
169	172	5	0
175	172	5	0
177	172	5	0
178	172	4	0
182	172	5	0
184	172	4	0
189	172	5	0
194	172	3	0
197	172	5	0
198	172	4	0
200	172	5	0
201	172	5	0
202	172	3	0
204	172	3	0
210	172	5	0
213	172	5	0
214	172	3	0
215	172	4	0
216	172	4	0
217	172	1	0
221	172	5	0
222	172	5	0
225	172	5	0
230	172	4	0
232	172	4	0
234	172	3	0
236	172	3	0
239	172	4	0
244	172	4	0
246	172	5	0
248	172	4	0
249	172	3	0
251	172	5	0
254	172	5	0
256	172	3	0
259	172	4	0
262	172	2	0
267	172	5	0
268	172	5	0
269	172	3	0
271	172	5	0
272	172	4	0
276	172	5	0
279	172	2	0
280	172	3	0
286	172	4	0
290	172	5	0
291	172	5	0
293	172	5	0
295	172	4	0
296	172	5	0
298	172	4	0
301	172	5	0
303	172	5	0
305	172	4	0
307	172	5	0
308	172	4	0
311	172	5	0
312	172	4	0
313	172	4	0
316	172	1	0
320	172	4	0
323	172	5	0
325	172	4	0
326	172	4	0
327	172	4	0
328	172	4	0
330	172	5	0
332	172	5	0
334	172	3	0
340	172	4	0
344	172	4	0
345	172	4	0
346	172	5	0
347	172	5	0
350	172	5	0
352	172	5	0
360	172	4	0
363	172	5	0
369	172	5	0
370	172	4	0
373	172	5	0
374	172	3	0
378	172	4	0
379	172	4	0
380	172	3	0
385	172	2	0
387	172	4	0
389	172	5	0
392	172	5	0
393	172	5	0
394	172	4	0
395	172	5	0
397	172	5	0
398	172	5	0
399	172	3	0
401	172	3	0
405	172	5	0
406	172	5	0
407	172	4	0
409	172	5	0
411	172	5	0
412	172	5	0
416	172	5	0
417	172	3	0
421	172	5	0
424	172	3	0
425	172	5	0
429	172	5	0
435	172	5	0
436	172	3	0
437	172	4	0
442	172	5	0
450	172	4	0
452	172	4	0
453	172	5	0
454	172	2	0
455	172	4	0
456	172	5	0
457	172	5	0
459	172	5	0
465	172	3	0
466	172	4	0
468	172	4	0
471	172	4	0
472	172	5	0
474	172	5	0
479	172	4	0
480	172	3	0
484	172	5	0
487	172	4	0
488	172	3	0
492	172	3	0
493	172	5	0
495	172	5	0
496	172	5	0
497	172	5	0
498	172	3	0
500	172	2	0
503	172	5	0
505	172	3	0
506	172	5	0
508	172	5	0
514	172	4	0
521	172	3	0
524	172	3	0
527	172	5	0
530	172	4	0
533	172	4	0
535	172	3	0
536	172	5	0
537	172	3	0
538	172	4	0
541	172	5	0
542	172	4	0
545	172	5	0
551	172	2	0
554	172	5	0
556	172	5	0
561	172	2	0
563	172	5	0
566	172	3	0
577	172	4	0
584	172	4	0
586	172	4	0
588	172	5	0
591	172	3	0
592	172	5	0
593	172	4	0
600	172	4	0
601	172	4	0
603	172	5	0
606	172	5	0
608	172	1	0
610	172	4	0
618	172	5	0
620	172	4	0
621	172	5	0
622	172	5	0
625	172	4	0
627	172	3	0
629	172	5	0
630	172	3	0
632	172	5	0
633	172	3	0
638	172	4	0
642	172	5	0
643	172	5	0
645	172	4	0
648	172	5	0
650	172	4	0
653	172	3	0
654	172	4	0
655	172	4	0
659	172	3	0
660	172	4	0
661	172	5	0
664	172	5	0
665	172	4	0
666	172	3	0
669	172	3	0
671	172	5	0
676	172	5	0
679	172	5	0
682	172	5	0
684	172	5	0
686	172	4	0
693	172	3	0
694	172	5	0
698	172	5	0
704	172	2	0
705	172	3	0
707	172	2	0
709	172	5	0
710	172	4	0
711	172	5	0
712	172	5	0
715	172	4	0
716	172	4	0
721	172	5	0
723	172	4	0
727	172	5	0
734	172	4	0
738	172	4	0
739	172	4	0
741	172	5	0
746	172	5	0
747	172	5	0
748	172	4	0
749	172	5	0
751	172	5	0
753	172	3	0
757	172	4	0
758	172	4	0
760	172	3	0
766	172	3	0
767	172	5	0
771	172	4	0
773	172	5	0
774	172	3	0
780	172	5	0
781	172	5	0
786	172	5	0
788	172	3	0
790	172	4	0
795	172	3	0
796	172	4	0
798	172	4	0
804	172	4	0
805	172	4	0
806	172	3	0
807	172	5	0
815	172	5	0
823	172	5	0
826	172	5	0
830	172	5	0
833	172	2	0
838	172	5	0
840	172	3	0
843	172	3	0
844	172	4	0
846	172	4	0
847	172	4	0
848	172	5	0
849	172	5	0
850	172	5	0
851	172	5	0
862	172	5	0
864	172	5	0
867	172	5	0
868	172	5	0
870	172	4	0
871	172	5	0
875	172	4	0
878	172	4	0
880	172	5	0
881	172	4	0
882	172	5	0
883	172	4	0
885	172	3	0
886	172	5	0
887	172	5	0
889	172	4	0
890	172	5	0
892	172	5	0
893	172	5	0
896	172	5	0
897	172	4	0
899	172	4	0
901	172	5	0
902	172	4	0
907	172	4	0
908	172	3	0
911	172	4	0
912	172	3	0
913	172	5	0
916	172	5	0
921	172	4	0
922	172	5	0
924	172	4	0
928	172	5	0
929	172	4	0
932	172	5	0
933	172	2	0
934	172	5	0
940	172	4	0
942	172	5	0
943	172	4	0
1	173	5	0
5	173	4	0
6	173	5	0
7	173	5	0
11	173	5	0
13	173	2	0
14	173	4	0
22	173	5	0
23	173	5	0
24	173	5	0
25	173	4	0
28	173	3	0
41	173	4	0
42	173	5	0
43	173	5	0
44	173	5	0
49	173	3	0
51	173	5	0
56	173	4	0
57	173	5	0
58	173	5	0
59	173	5	0
60	173	4	0
62	173	5	0
64	173	5	0
65	173	3	0
70	173	4	0
73	173	5	0
77	173	5	0
85	173	3	0
89	173	5	0
92	173	3	0
94	173	4	0
95	173	5	0
96	173	3	0
97	173	3	0
98	173	1	0
99	173	4	0
102	173	3	0
109	173	5	0
110	173	1	0
117	173	5	0
124	173	2	0
125	173	5	0
128	173	5	0
130	173	3	0
135	173	4	0
144	173	5	0
145	173	5	0
148	173	5	0
151	173	5	0
152	173	5	0
158	173	5	0
177	173	4	0
178	173	5	0
180	173	5	0
187	173	5	0
188	173	5	0
189	173	5	0
194	173	5	0
196	173	2	0
198	173	4	0
200	173	5	0
201	173	3	0
202	173	2	0
207	173	3	0
210	173	4	0
213	173	5	0
214	173	4	0
218	173	3	0
221	173	4	0
222	173	5	0
223	173	5	0
232	173	4	0
234	173	3	0
243	173	3	0
244	173	4	0
246	173	5	0
249	173	5	0
253	173	5	0
259	173	4	0
264	173	5	0
268	173	4	0
269	173	1	0
270	173	5	0
271	173	4	0
275	173	3	0
276	173	5	0
278	173	5	0
279	173	5	0
280	173	3	0
283	173	5	0
286	173	4	0
288	173	3	0
291	173	5	0
292	173	5	0
293	173	5	0
295	173	5	0
297	173	4	0
299	173	5	0
301	173	4	0
303	173	5	0
305	173	3	0
307	173	5	0
311	173	5	0
312	173	3	0
314	173	1	0
315	173	4	0
316	173	1	0
320	173	5	0
321	173	4	0
326	173	5	0
327	173	4	0
332	173	5	0
334	173	4	0
336	173	5	0
339	173	5	0
340	173	5	0
344	173	5	0
345	173	5	0
346	173	3	0
347	173	2	0
350	173	4	0
352	173	1	0
354	173	3	0
361	173	5	0
363	173	5	0
370	173	3	0
373	173	5	0
374	173	3	0
377	173	5	0
378	173	5	0
379	173	5	0
385	173	4	0
387	173	4	0
389	173	3	0
391	173	4	0
392	173	4	0
393	173	5	0
394	173	5	0
398	173	4	0
399	173	3	0
401	173	3	0
405	173	5	0
406	173	2	0
407	173	5	0
409	173	3	0
412	173	5	0
416	173	5	0
417	173	5	0
419	173	5	0
420	173	3	0
421	173	1	0
429	173	4	0
433	173	4	0
435	173	5	0
437	173	4	0
450	173	5	0
452	173	4	0
454	173	2	0
455	173	4	0
457	173	5	0
466	173	3	0
468	173	5	0
469	173	4	0
472	173	5	0
474	173	5	0
476	173	5	0
479	173	5	0
481	173	4	0
483	173	4	0
484	173	5	0
487	173	4	0
488	173	4	0
493	173	4	0
495	173	5	0
496	173	5	0
497	173	5	0
499	173	5	0
503	173	5	0
505	173	3	0
506	173	4	0
508	173	4	0
514	173	5	0
521	173	4	0
522	173	4	0
524	173	4	0
528	173	5	0
535	173	5	0
537	173	4	0
538	173	3	0
541	173	5	0
542	173	4	0
545	173	5	0
554	173	3	0
556	173	3	0
561	173	4	0
562	173	5	0
566	173	3	0
567	173	4	0
575	173	5	0
577	173	5	0
579	173	5	0
586	173	3	0
588	173	5	0
592	173	5	0
593	173	5	0
601	173	5	0
603	173	4	0
606	173	5	0
618	173	3	0
620	173	5	0
621	173	4	0
622	173	5	0
625	173	3	0
628	173	3	0
629	173	5	0
632	173	5	0
639	173	1	0
640	173	5	0
642	173	5	0
643	173	4	0
645	173	4	0
647	173	5	0
648	173	5	0
650	173	5	0
654	173	5	0
659	173	4	0
660	173	5	0
661	173	4	0
663	173	3	0
664	173	4	0
666	173	4	0
676	173	5	0
679	173	5	0
682	173	4	0
684	173	3	0
686	173	5	0
698	173	5	0
700	173	5	0
704	173	4	0
705	173	2	0
707	173	2	0
709	173	4	0
710	173	3	0
711	173	3	0
712	173	5	0
715	173	5	0
716	173	4	0
721	173	5	0
727	173	5	0
734	173	3	0
737	173	4	0
738	173	5	0
741	173	2	0
747	173	3	0
748	173	4	0
749	173	5	0
751	173	4	0
753	173	5	0
756	173	3	0
757	173	4	0
758	173	5	0
762	173	5	0
763	173	4	0
764	173	3	0
766	173	4	0
768	173	5	0
771	173	4	0
786	173	4	0
790	173	3	0
795	173	4	0
796	173	5	0
798	173	5	0
799	173	5	0
804	173	4	0
805	173	4	0
807	173	3	0
815	173	5	0
823	173	5	0
830	173	4	0
831	173	3	0
838	173	5	0
840	173	5	0
843	173	2	0
844	173	5	0
846	173	4	0
847	173	5	0
848	173	5	0
850	173	5	0
854	173	4	0
862	173	5	0
864	173	5	0
868	173	4	0
871	173	5	0
875	173	5	0
877	173	4	0
880	173	3	0
882	173	5	0
883	173	4	0
885	173	4	0
886	173	5	0
889	173	5	0
890	173	4	0
892	173	5	0
896	173	5	0
897	173	3	0
899	173	3	0
904	173	3	0
907	173	4	0
908	173	3	0
911	173	5	0
912	173	4	0
913	173	5	0
916	173	4	0
921	173	5	0
922	173	5	0
924	173	5	0
928	173	4	0
932	173	3	0
933	173	3	0
934	173	3	0
940	173	4	0
943	173	5	0
1	174	5	0
5	174	5	0
6	174	4	0
7	174	5	0
8	174	5	0
10	174	4	0
12	174	5	0
13	174	4	0
14	174	5	0
16	174	5	0
18	174	4	0
20	174	4	0
22	174	5	0
23	174	4	0
25	174	5	0
28	174	5	0
30	174	5	0
37	174	5	0
41	174	4	0
42	174	5	0
43	174	4	0
44	174	5	0
48	174	5	0
49	174	1	0
53	174	5	0
55	174	4	0
56	174	5	0
58	174	4	0
59	174	5	0
60	174	4	0
62	174	4	0
64	174	5	0
69	174	5	0
70	174	5	0
71	174	2	0
72	174	5	0
77	174	5	0
82	174	5	0
83	174	5	0
85	174	4	0
87	174	5	0
90	174	5	0
91	174	5	0
92	174	5	0
94	174	4	0
95	174	5	0
96	174	5	0
97	174	4	0
99	174	5	0
102	174	4	0
109	174	5	0
115	174	5	0
117	174	4	0
118	174	5	0
119	174	4	0
121	174	3	0
124	174	3	0
125	174	5	0
128	174	3	0
130	174	5	0
137	174	5	0
144	174	5	0
145	174	5	0
148	174	5	0
151	174	5	0
153	174	1	0
154	174	5	0
158	174	5	0
160	174	5	0
161	174	2	0
162	174	4	0
165	174	4	0
169	174	4	0
177	174	4	0
178	174	5	0
184	174	3	0
188	174	5	0
189	174	5	0
193	174	4	0
194	174	4	0
197	174	5	0
198	174	5	0
200	174	5	0
201	174	3	0
207	174	4	0
210	174	5	0
213	174	5	0
214	174	4	0
215	174	4	0
216	174	5	0
217	174	3	0
221	174	4	0
222	174	5	0
226	174	4	0
230	174	5	0
233	174	5	0
234	174	3	0
235	174	4	0
236	174	3	0
237	174	4	0
239	174	4	0
244	174	3	0
246	174	3	0
248	174	3	0
249	174	4	0
250	174	3	0
254	174	5	0
256	174	4	0
262	174	3	0
263	174	5	0
267	174	5	0
268	174	5	0
269	174	1	0
271	174	5	0
272	174	5	0
275	174	4	0
276	174	5	0
279	174	4	0
280	174	3	0
286	174	4	0
288	174	4	0
290	174	5	0
291	174	5	0
292	174	5	0
293	174	5	0
295	174	4	0
297	174	5	0
298	174	5	0
299	174	4	0
301	174	5	0
303	174	5	0
305	174	3	0
307	174	4	0
308	174	4	0
311	174	5	0
312	174	5	0
313	174	4	0
316	174	1	0
318	174	4	0
320	174	4	0
321	174	3	0
325	174	2	0
326	174	4	0
327	174	4	0
329	174	4	0
330	174	5	0
332	174	5	0
333	174	5	0
334	174	4	0
338	174	4	0
339	174	4	0
340	174	4	0
342	174	2	0
343	174	5	0
344	174	5	0
345	174	4	0
346	174	5	0
347	174	4	0
350	174	5	0
352	174	5	0
354	174	4	0
358	174	1	0
360	174	3	0
363	174	4	0
370	174	3	0
371	174	4	0
373	174	4	0
374	174	5	0
378	174	4	0
379	174	5	0
380	174	4	0
385	174	2	0
387	174	5	0
389	174	4	0
391	174	5	0
392	174	5	0
394	174	5	0
395	174	5	0
397	174	5	0
398	174	5	0
399	174	3	0
401	174	4	0
405	174	5	0
406	174	4	0
407	174	5	0
409	174	4	0
411	174	4	0
412	174	5	0
415	174	5	0
416	174	5	0
417	174	3	0
419	174	5	0
421	174	5	0
425	174	3	0
426	174	3	0
429	174	4	0
433	174	5	0
435	174	5	0
436	174	3	0
437	174	5	0
442	174	4	0
445	174	4	0
447	174	5	0
450	174	5	0
452	174	4	0
453	174	4	0
454	174	4	0
455	174	4	0
456	174	4	0
457	174	5	0
458	174	3	0
459	174	4	0
465	174	3	0
466	174	5	0
468	174	5	0
472	174	5	0
474	174	5	0
479	174	5	0
480	174	5	0
484	174	5	0
487	174	5	0
488	174	4	0
493	174	3	0
494	174	5	0
495	174	5	0
496	174	4	0
497	174	4	0
498	174	3	0
499	174	3	0
500	174	2	0
503	174	5	0
504	174	4	0
505	174	4	0
506	174	5	0
508	174	4	0
514	174	5	0
521	174	4	0
524	174	4	0
527	174	4	0
528	174	5	0
530	174	4	0
533	174	4	0
535	174	4	0
536	174	5	0
537	174	3	0
538	174	4	0
541	174	4	0
543	174	4	0
545	174	4	0
551	174	4	0
553	174	4	0
554	174	5	0
559	174	4	0
561	174	4	0
562	174	5	0
567	174	1	0
571	174	4	0
573	174	4	0
577	174	5	0
586	174	4	0
588	174	3	0
592	174	5	0
593	174	4	0
600	174	4	0
601	174	4	0
603	174	3	0
605	174	3	0
606	174	5	0
607	174	3	0
608	174	3	0
617	174	1	0
618	174	5	0
619	174	4	0
620	174	5	0
621	174	3	0
622	174	4	0
625	174	4	0
627	174	3	0
629	174	5	0
630	174	3	0
632	174	5	0
638	174	5	0
639	174	4	0
640	174	5	0
642	174	5	0
643	174	4	0
645	174	4	0
647	174	4	0
648	174	5	0
650	174	4	0
653	174	5	0
654	174	5	0
655	174	3	0
659	174	4	0
660	174	4	0
661	174	5	0
663	174	5	0
664	174	5	0
666	174	3	0
669	174	3	0
670	174	4	0
671	174	5	0
676	174	5	0
679	174	3	0
682	174	4	0
686	174	4	0
690	174	4	0
693	174	4	0
694	174	5	0
698	174	3	0
700	174	4	0
705	174	5	0
707	174	2	0
709	174	5	0
710	174	4	0
712	174	5	0
715	174	4	0
716	174	5	0
721	174	5	0
723	174	4	0
727	174	4	0
734	174	4	0
737	174	2	0
738	174	5	0
741	174	5	0
744	174	4	0
745	174	3	0
746	174	5	0
747	174	5	0
748	174	5	0
749	174	5	0
751	174	4	0
753	174	4	0
757	174	5	0
758	174	5	0
763	174	4	0
764	174	5	0
766	174	3	0
773	174	3	0
774	174	3	0
776	174	5	0
778	174	4	0
780	174	5	0
781	174	5	0
785	174	5	0
786	174	4	0
788	174	2	0
790	174	4	0
795	174	4	0
796	174	5	0
798	174	4	0
799	174	5	0
804	174	5	0
805	174	3	0
806	174	5	0
807	174	5	0
815	174	4	0
821	174	5	0
823	174	5	0
825	174	5	0
826	174	5	0
830	174	5	0
831	174	5	0
833	174	2	0
835	174	5	0
836	174	5	0
838	174	4	0
840	174	4	0
843	174	4	0
844	174	4	0
846	174	5	0
847	174	4	0
848	174	5	0
849	174	5	0
850	174	5	0
851	174	5	0
854	174	3	0
862	174	5	0
864	174	5	0
867	174	5	0
868	174	5	0
870	174	5	0
871	174	5	0
875	174	5	0
876	174	4	0
878	174	3	0
880	174	4	0
881	174	5	0
882	174	5	0
883	174	4	0
885	174	5	0
886	174	5	0
889	174	4	0
890	174	5	0
892	174	5	0
896	174	5	0
897	174	5	0
899	174	5	0
901	174	5	0
908	174	3	0
910	174	5	0
911	174	4	0
912	174	3	0
913	174	5	0
916	174	5	0
918	174	3	0
919	174	4	0
921	174	5	0
922	174	5	0
923	174	5	0
924	174	5	0
927	174	3	0
929	174	3	0
930	174	3	0
932	174	4	0
933	174	4	0
934	174	5	0
940	174	4	0
942	174	5	0
943	174	4	0
1	176	5	0
5	176	3	0
7	176	3	0
8	176	5	0
10	176	4	0
11	176	3	0
13	176	3	0
14	176	1	0
20	176	2	0
22	176	5	0
23	176	3	0
24	176	5	0
25	176	4	0
28	176	5	0
37	176	4	0
42	176	3	0
44	176	5	0
56	176	5	0
58	176	4	0
59	176	5	0
60	176	4	0
62	176	5	0
64	176	4	0
70	176	4	0
72	176	2	0
77	176	4	0
91	176	5	0
92	176	5	0
94	176	4	0
95	176	3	0
96	176	4	0
102	176	3	0
109	176	5	0
114	176	5	0
115	176	5	0
117	176	5	0
118	176	5	0
125	176	5	0
130	176	5	0
135	176	4	0
142	176	5	0
144	176	4	0
145	176	5	0
151	176	2	0
158	176	4	0
165	176	4	0
175	176	3	0
177	176	4	0
178	176	4	0
183	176	3	0
184	176	4	0
188	176	4	0
189	176	4	0
197	176	5	0
198	176	4	0
200	176	5	0
201	176	4	0
210	176	4	0
213	176	4	0
215	176	5	0
217	176	4	0
218	176	5	0
222	176	4	0
226	176	4	0
230	176	4	0
234	176	3	0
236	176	2	0
237	176	3	0
246	176	4	0
248	176	5	0
249	176	4	0
254	176	3	0
259	176	4	0
263	176	5	0
267	176	5	0
268	176	5	0
269	176	2	0
270	176	4	0
271	176	3	0
275	176	4	0
276	176	5	0
279	176	3	0
280	176	3	0
286	176	4	0
288	176	4	0
290	176	4	0
292	176	5	0
293	176	4	0
297	176	4	0
299	176	4	0
301	176	4	0
303	176	5	0
305	176	4	0
308	176	4	0
311	176	4	0
312	176	4	0
313	176	4	0
315	176	4	0
320	176	4	0
325	176	3	0
326	176	2	0
327	176	4	0
328	176	5	0
334	176	3	0
339	176	4	0
343	176	5	0
344	176	5	0
346	176	4	0
347	176	3	0
350	176	4	0
352	176	5	0
361	176	4	0
363	176	4	0
367	176	5	0
370	176	4	0
371	176	4	0
372	176	3	0
374	176	4	0
375	176	4	0
378	176	4	0
379	176	5	0
380	176	3	0
381	176	4	0
385	176	2	0
387	176	3	0
389	176	4	0
391	176	3	0
394	176	5	0
398	176	4	0
399	176	3	0
405	176	1	0
406	176	5	0
407	176	4	0
416	176	4	0
417	176	5	0
421	176	5	0
425	176	3	0
429	176	3	0
435	176	5	0
437	176	2	0
442	176	5	0
447	176	4	0
450	176	4	0
455	176	3	0
457	176	5	0
464	176	4	0
466	176	4	0
472	176	5	0
474	176	5	0
479	176	4	0
484	176	4	0
487	176	5	0
488	176	4	0
493	176	5	0
495	176	5	0
497	176	4	0
498	176	2	0
499	176	4	0
503	176	5	0
504	176	3	0
505	176	4	0
506	176	5	0
508	176	4	0
514	176	4	0
521	176	4	0
527	176	2	0
530	176	3	0
533	176	1	0
536	176	3	0
537	176	2	0
538	176	4	0
543	176	4	0
545	176	4	0
548	176	4	0
551	176	4	0
557	176	4	0
561	176	4	0
567	176	5	0
573	176	3	0
575	176	4	0
577	176	5	0
586	176	3	0
592	176	5	0
600	176	5	0
601	176	2	0
603	176	2	0
605	176	4	0
606	176	5	0
610	176	4	0
613	176	5	0
618	176	4	0
619	176	5	0
621	176	3	0
622	176	4	0
625	176	4	0
627	176	5	0
632	176	3	0
633	176	3	0
638	176	3	0
643	176	5	0
648	176	4	0
650	176	4	0
653	176	3	0
655	176	2	0
659	176	4	0
660	176	3	0
663	176	5	0
664	176	4	0
666	176	4	0
671	176	2	0
682	176	4	0
686	176	3	0
693	176	2	0
694	176	5	0
698	176	4	0
709	176	4	0
715	176	5	0
716	176	3	0
727	176	4	0
738	176	5	0
739	176	1	0
746	176	5	0
747	176	4	0
748	176	5	0
749	176	4	0
756	176	4	0
757	176	5	0
758	176	5	0
763	176	4	0
764	176	4	0
766	176	2	0
767	176	3	0
773	176	4	0
774	176	4	0
786	176	4	0
788	176	5	0
790	176	3	0
796	176	5	0
802	176	5	0
804	176	4	0
805	176	4	0
806	176	5	0
815	176	4	0
823	176	4	0
825	176	5	0
826	176	5	0
830	176	3	0
833	176	2	0
835	176	4	0
840	176	3	0
843	176	4	0
844	176	3	0
846	176	4	0
847	176	3	0
848	176	4	0
851	176	4	0
854	176	3	0
862	176	5	0
864	176	5	0
867	176	3	0
868	176	4	0
875	176	4	0
877	176	5	0
880	176	5	0
881	176	4	0
882	176	4	0
883	176	4	0
886	176	4	0
887	176	5	0
890	176	4	0
892	176	5	0
896	176	5	0
897	176	5	0
899	176	4	0
902	176	5	0
911	176	4	0
913	176	5	0
916	176	4	0
922	176	3	0
928	176	3	0
930	176	3	0
932	176	5	0
933	176	3	0
940	176	4	0
1	183	5	0
5	183	4	0
6	183	4	0
7	183	4	0
8	183	5	0
10	183	5	0
13	183	4	0
16	183	5	0
23	183	3	0
25	183	4	0
37	183	4	0
42	183	4	0
44	183	4	0
48	183	5	0
56	183	5	0
59	183	5	0
60	183	5	0
62	183	4	0
64	183	5	0
70	183	4	0
73	183	4	0
77	183	5	0
82	183	3	0
87	183	4	0
91	183	5	0
92	183	4	0
94	183	5	0
95	183	5	0
96	183	4	0
97	183	5	0
102	183	4	0
109	183	5	0
114	183	5	0
115	183	5	0
130	183	5	0
135	183	4	0
137	183	5	0
144	183	4	0
145	183	5	0
151	183	3	0
158	183	3	0
172	183	5	0
175	183	4	0
177	183	4	0
178	183	4	0
184	183	4	0
194	183	3	0
197	183	5	0
198	183	5	0
200	183	5	0
201	183	4	0
207	183	2	0
215	183	5	0
217	183	3	0
218	183	5	0
222	183	4	0
230	183	3	0
234	183	4	0
236	183	2	0
237	183	5	0
239	183	5	0
244	183	4	0
248	183	5	0
249	183	4	0
250	183	4	0
251	183	5	0
253	183	5	0
254	183	4	0
263	183	4	0
264	183	5	0
267	183	4	0
268	183	4	0
269	183	3	0
270	183	5	0
272	183	4	0
275	183	3	0
276	183	5	0
280	183	3	0
285	183	4	0
286	183	4	0
290	183	4	0
292	183	5	0
293	183	4	0
295	183	1	0
297	183	4	0
298	183	3	0
301	183	3	0
303	183	5	0
305	183	4	0
307	183	3	0
308	183	4	0
311	183	5	0
312	183	5	0
313	183	5	0
315	183	3	0
316	183	1	0
320	183	4	0
325	183	3	0
326	183	5	0
327	183	3	0
328	183	5	0
334	183	4	0
339	183	4	0
344	183	5	0
346	183	4	0
347	183	3	0
350	183	3	0
352	183	5	0
361	183	4	0
363	183	4	0
367	183	5	0
368	183	5	0
370	183	4	0
371	183	5	0
372	183	5	0
374	183	4	0
375	183	5	0
378	183	4	0
379	183	4	0
380	183	4	0
382	183	3	0
385	183	3	0
387	183	4	0
394	183	4	0
397	183	4	0
398	183	4	0
405	183	1	0
406	183	5	0
407	183	4	0
416	183	5	0
417	183	4	0
421	183	5	0
425	183	3	0
429	183	4	0
435	183	5	0
437	183	3	0
445	183	2	0
447	183	5	0
450	183	4	0
452	183	4	0
455	183	4	0
457	183	5	0
458	183	4	0
466	183	3	0
472	183	5	0
474	183	5	0
479	183	5	0
480	183	4	0
484	183	4	0
487	183	5	0
488	183	4	0
493	183	5	0
494	183	5	0
495	183	5	0
496	183	2	0
497	183	4	0
498	183	4	0
499	183	4	0
500	183	4	0
503	183	5	0
504	183	3	0
505	183	3	0
506	183	5	0
508	183	5	0
512	183	5	0
514	183	3	0
521	183	3	0
527	183	5	0
530	183	4	0
536	183	3	0
537	183	3	0
538	183	4	0
543	183	4	0
545	183	4	0
548	183	5	0
551	183	4	0
560	183	5	0
561	183	5	0
567	183	4	0
573	183	3	0
577	183	5	0
579	183	4	0
586	183	4	0
592	183	5	0
593	183	4	0
600	183	5	0
601	183	4	0
603	183	4	0
604	183	3	0
606	183	5	0
610	183	4	0
617	183	4	0
618	183	4	0
619	183	5	0
621	183	4	0
622	183	4	0
623	183	3	0
625	183	3	0
627	183	5	0
632	183	4	0
633	183	4	0
638	183	4	0
643	183	5	0
645	183	4	0
648	183	5	0
650	183	4	0
653	183	3	0
655	183	4	0
659	183	4	0
660	183	2	0
661	183	4	0
663	183	4	0
664	183	3	0
665	183	4	0
666	183	5	0
669	183	3	0
682	183	3	0
693	183	2	0
694	183	5	0
698	183	3	0
705	183	2	0
709	183	5	0
715	183	3	0
716	183	2	0
727	183	3	0
731	183	1	0
738	183	5	0
745	183	3	0
746	183	4	0
747	183	5	0
748	183	4	0
749	183	5	0
753	183	1	0
756	183	4	0
757	183	4	0
758	183	5	0
760	183	2	0
766	183	4	0
767	183	4	0
773	183	4	0
774	183	4	0
780	183	2	0
785	183	5	0
786	183	4	0
788	183	5	0
790	183	4	0
796	183	5	0
802	183	5	0
804	183	4	0
805	183	5	0
815	183	5	0
823	183	4	0
826	183	5	0
830	183	4	0
833	183	5	0
835	183	4	0
840	183	5	0
843	183	5	0
846	183	4	0
847	183	4	0
848	183	3	0
862	183	5	0
864	183	4	0
867	183	3	0
868	183	5	0
871	183	3	0
875	183	5	0
881	183	4	0
882	183	4	0
883	183	5	0
886	183	5	0
887	183	1	0
889	183	3	0
890	183	3	0
892	183	5	0
896	183	4	0
897	183	5	0
900	183	3	0
903	183	4	0
908	183	4	0
910	183	4	0
911	183	4	0
913	183	4	0
916	183	4	0
919	183	3	0
922	183	3	0
932	183	4	0
933	183	4	0
934	183	2	0
940	183	3	0
942	183	3	0
1	195	5	0
6	195	4	0
7	195	5	0
8	195	5	0
10	195	4	0
12	195	4	0
13	195	3	0
14	195	5	0
16	195	5	0
18	195	3	0
22	195	4	0
23	195	4	0
25	195	4	0
28	195	4	0
37	195	5	0
38	195	1	0
41	195	4	0
42	195	5	0
44	195	5	0
48	195	5	0
56	195	5	0
57	195	3	0
58	195	4	0
59	195	5	0
60	195	4	0
62	195	5	0
64	195	5	0
72	195	5	0
77	195	5	0
85	195	3	0
87	195	5	0
91	195	5	0
92	195	5	0
94	195	3	0
95	195	5	0
96	195	5	0
97	195	5	0
102	195	4	0
109	195	5	0
110	195	2	0
114	195	4	0
116	195	4	0
117	195	5	0
124	195	4	0
125	195	5	0
130	195	5	0
137	195	5	0
144	195	5	0
145	195	5	0
151	195	3	0
158	195	5	0
159	195	3	0
160	195	4	0
175	195	3	0
177	195	4	0
178	195	4	0
188	195	3	0
193	195	1	0
194	195	3	0
197	195	5	0
198	195	3	0
200	195	5	0
201	195	3	0
202	195	4	0
207	195	3	0
210	195	4	0
213	195	5	0
214	195	4	0
215	195	5	0
217	195	5	0
222	195	4	0
230	195	3	0
234	195	2	0
235	195	4	0
236	195	2	0
239	195	5	0
246	195	3	0
249	195	4	0
250	195	2	0
256	195	5	0
262	195	2	0
263	195	5	0
267	195	4	0
268	195	4	0
269	195	3	0
276	195	5	0
279	195	4	0
280	195	3	0
286	195	4	0
291	195	4	0
292	195	5	0
293	195	3	0
297	195	1	0
298	195	4	0
301	195	5	0
303	195	4	0
305	195	3	0
307	195	3	0
308	195	5	0
311	195	4	0
312	195	5	0
313	195	5	0
320	195	5	0
325	195	2	0
326	195	4	0
327	195	4	0
328	195	3	0
330	195	3	0
332	195	5	0
339	195	3	0
344	195	5	0
346	195	5	0
347	195	4	0
350	195	5	0
352	195	4	0
360	195	3	0
363	195	4	0
370	195	4	0
373	195	4	0
374	195	3	0
378	195	3	0
379	195	3	0
385	195	1	0
387	195	4	0
391	195	2	0
393	195	3	0
394	195	5	0
397	195	3	0
399	195	2	0
405	195	5	0
406	195	5	0
407	195	4	0
409	195	4	0
411	195	3	0
412	195	4	0
415	195	5	0
416	195	5	0
417	195	5	0
425	195	4	0
429	195	4	0
435	195	5	0
437	195	2	0
442	195	4	0
445	195	2	0
450	195	4	0
452	195	4	0
454	195	4	0
457	195	5	0
458	195	4	0
466	195	4	0
468	195	5	0
472	195	5	0
474	195	5	0
478	195	4	0
479	195	4	0
483	195	3	0
484	195	5	0
487	195	4	0
493	195	3	0
495	195	5	0
496	195	4	0
497	195	4	0
504	195	4	0
505	195	3	0
506	195	4	0
508	195	3	0
514	195	5	0
521	195	4	0
524	195	2	0
530	195	3	0
532	195	5	0
533	195	4	0
535	195	4	0
536	195	4	0
537	195	3	0
538	195	4	0
542	195	3	0
543	195	4	0
545	195	4	0
551	195	5	0
555	195	4	0
559	195	3	0
561	195	3	0
567	195	3	0
583	195	4	0
586	195	4	0
592	195	4	0
600	195	4	0
601	195	3	0
606	195	5	0
608	195	1	0
610	195	3	0
618	195	3	0
619	195	5	0
622	195	5	0
625	195	4	0
627	195	4	0
629	195	4	0
630	195	4	0
632	195	5	0
633	195	4	0
638	195	4	0
640	195	4	0
642	195	3	0
643	195	5	0
645	195	4	0
648	195	5	0
650	195	4	0
653	195	5	0
654	195	4	0
655	195	3	0
658	195	3	0
659	195	4	0
660	195	4	0
661	195	5	0
665	195	3	0
666	195	3	0
669	195	2	0
670	195	4	0
671	195	5	0
680	195	4	0
682	195	4	0
693	195	4	0
694	195	4	0
698	195	4	0
705	195	2	0
709	195	5	0
712	195	3	0
715	195	4	0
716	195	1	0
727	195	4	0
731	195	1	0
738	195	4	0
739	195	5	0
747	195	4	0
748	195	4	0
749	195	5	0
753	195	1	0
756	195	3	0
757	195	4	0
758	195	5	0
760	195	4	0
763	195	4	0
774	195	3	0
776	195	3	0
778	195	4	0
779	195	5	0
781	195	4	0
785	195	4	0
786	195	4	0
788	195	3	0
796	195	5	0
804	195	5	0
805	195	3	0
806	195	3	0
807	195	3	0
815	195	4	0
823	195	4	0
825	195	5	0
826	195	5	0
830	195	3	0
833	195	5	0
840	195	5	0
843	195	4	0
844	195	3	0
846	195	4	0
847	195	4	0
848	195	3	0
854	195	3	0
862	195	5	0
864	195	4	0
867	195	5	0
868	195	2	0
870	195	4	0
871	195	5	0
875	195	4	0
880	195	4	0
881	195	4	0
882	195	5	0
883	195	5	0
885	195	4	0
886	195	4	0
887	195	4	0
889	195	4	0
890	195	5	0
892	195	5	0
896	195	4	0
897	195	5	0
899	195	4	0
901	195	5	0
908	195	4	0
913	195	4	0
916	195	3	0
922	195	3	0
924	195	5	0
927	195	4	0
929	195	4	0
932	195	4	0
933	195	4	0
934	195	4	0
943	195	4	0
1	210	4	0
4	210	3	0
5	210	3	0
7	210	4	0
8	210	4	0
13	210	3	0
14	210	5	0
18	210	5	0
19	210	3	0
20	210	4	0
22	210	3	0
37	210	4	0
42	210	5	0
43	210	5	0
48	210	3	0
51	210	4	0
56	210	5	0
58	210	4	0
59	210	4	0
60	210	4	0
62	210	4	0
64	210	3	0
65	210	4	0
70	210	4	0
72	210	4	0
77	210	3	0
81	210	4	0
83	210	5	0
85	210	3	0
87	210	5	0
91	210	5	0
92	210	4	0
94	210	4	0
95	210	5	0
98	210	4	0
99	210	5	0
102	210	3	0
106	210	4	0
109	210	5	0
114	210	3	0
117	210	4	0
118	210	5	0
119	210	5	0
125	210	5	0
128	210	4	0
130	210	5	0
137	210	5	0
151	210	4	0
158	210	4	0
161	210	2	0
174	210	4	0
177	210	4	0
178	210	5	0
183	210	3	0
184	210	4	0
187	210	4	0
188	210	4	0
193	210	4	0
194	210	3	0
197	210	5	0
198	210	4	0
200	210	5	0
201	210	2	0
207	210	3	0
210	210	5	0
215	210	4	0
216	210	4	0
217	210	4	0
221	210	5	0
222	210	4	0
230	210	5	0
234	210	3	0
236	210	2	0
239	210	4	0
245	210	3	0
246	210	3	0
248	210	3	0
249	210	3	0
251	210	4	0
253	210	4	0
254	210	5	0
256	210	4	0
259	210	4	0
262	210	3	0
263	210	3	0
264	210	5	0
267	210	4	0
268	210	3	0
269	210	1	0
271	210	4	0
272	210	5	0
275	210	4	0
276	210	4	0
279	210	4	0
280	210	2	0
283	210	5	0
286	210	5	0
288	210	3	0
290	210	5	0
291	210	5	0
293	210	3	0
295	210	4	0
296	210	3	0
297	210	4	0
298	210	5	0
299	210	4	0
301	210	4	0
303	210	4	0
305	210	3	0
307	210	2	0
308	210	4	0
311	210	5	0
313	210	4	0
318	210	4	0
320	210	5	0
323	210	4	0
325	210	2	0
326	210	3	0
327	210	3	0
330	210	5	0
332	210	5	0
334	210	3	0
336	210	5	0
344	210	4	0
345	210	4	0
346	210	4	0
347	210	4	0
350	210	4	0
352	210	3	0
354	210	3	0
360	210	4	0
363	210	4	0
370	210	3	0
371	210	4	0
373	210	5	0
374	210	4	0
378	210	4	0
379	210	4	0
385	210	1	0
387	210	4	0
389	210	2	0
393	210	4	0
394	210	4	0
395	210	5	0
397	210	4	0
399	210	3	0
401	210	4	0
405	210	5	0
406	210	5	0
407	210	4	0
409	210	4	0
411	210	5	0
416	210	5	0
417	210	3	0
425	210	3	0
429	210	4	0
435	210	4	0
437	210	3	0
442	210	3	0
450	210	3	0
452	210	4	0
453	210	4	0
454	210	4	0
456	210	3	0
457	210	5	0
466	210	4	0
472	210	5	0
474	210	5	0
476	210	4	0
479	210	4	0
481	210	4	0
484	210	5	0
487	210	4	0
488	210	4	0
493	210	5	0
495	210	5	0
497	210	4	0
498	210	2	0
499	210	3	0
500	210	3	0
503	210	5	0
504	210	4	0
505	210	4	0
506	210	5	0
508	210	4	0
513	210	5	0
514	210	5	0
521	210	3	0
523	210	5	0
524	210	3	0
527	210	4	0
528	210	5	0
532	210	5	0
533	210	5	0
535	210	5	0
536	210	5	0
537	210	3	0
538	210	3	0
541	210	5	0
542	210	3	0
543	210	3	0
545	210	5	0
551	210	4	0
559	210	4	0
561	210	3	0
563	210	4	0
566	210	4	0
576	210	4	0
577	210	3	0
579	210	3	0
586	210	4	0
588	210	4	0
591	210	3	0
593	210	2	0
600	210	4	0
601	210	4	0
603	210	4	0
605	210	3	0
606	210	3	0
610	210	3	0
618	210	3	0
622	210	3	0
623	210	5	0
625	210	3	0
627	210	3	0
629	210	5	0
632	210	5	0
638	210	4	0
639	210	3	0
640	210	5	0
642	210	5	0
643	210	4	0
648	210	4	0
650	210	3	0
653	210	4	0
654	210	5	0
655	210	3	0
659	210	5	0
660	210	4	0
661	210	5	0
663	210	3	0
664	210	4	0
665	210	4	0
666	210	2	0
667	210	3	0
668	210	5	0
671	210	5	0
682	210	4	0
684	210	3	0
690	210	3	0
693	210	3	0
694	210	4	0
698	210	5	0
704	210	4	0
705	210	5	0
709	210	4	0
710	210	4	0
712	210	5	0
716	210	5	0
727	210	3	0
734	210	3	0
738	210	5	0
741	210	3	0
746	210	5	0
747	210	4	0
748	210	3	0
749	210	4	0
751	210	5	0
756	210	4	0
757	210	4	0
758	210	4	0
763	210	3	0
773	210	2	0
774	210	1	0
780	210	5	0
781	210	4	0
786	210	4	0
790	210	4	0
795	210	4	0
796	210	3	0
798	210	4	0
804	210	5	0
805	210	3	0
806	210	5	0
807	210	4	0
815	210	2	0
823	210	4	0
826	210	5	0
830	210	5	0
831	210	5	0
835	210	5	0
836	210	4	0
838	210	4	0
840	210	3	0
843	210	3	0
844	210	4	0
846	210	5	0
847	210	3	0
848	210	5	0
850	210	5	0
862	210	4	0
864	210	4	0
867	210	5	0
868	210	5	0
870	210	4	0
871	210	5	0
880	210	4	0
882	210	4	0
883	210	4	0
885	210	5	0
887	210	5	0
889	210	4	0
890	210	4	0
892	210	4	0
896	210	4	0
897	210	5	0
901	210	4	0
903	210	4	0
910	210	4	0
911	210	3	0
913	210	2	0
916	210	4	0
921	210	4	0
922	210	3	0
927	210	5	0
930	210	2	0
932	210	4	0
933	210	3	0
934	210	4	0
942	210	4	0
943	210	4	0
1	228	5	0
5	228	5	0
7	228	4	0
8	228	5	0
11	228	3	0
12	228	4	0
13	228	4	0
16	228	5	0
22	228	4	0
23	228	4	0
25	228	4	0
28	228	5	0
42	228	4	0
44	228	5	0
48	228	3	0
53	228	3	0
56	228	3	0
58	228	5	0
59	228	4	0
60	228	4	0
62	228	3	0
64	228	4	0
70	228	5	0
72	228	1	0
77	228	3	0
82	228	3	0
85	228	3	0
87	228	5	0
92	228	4	0
94	228	4	0
95	228	4	0
97	228	5	0
102	228	4	0
109	228	5	0
115	228	4	0
127	228	5	0
128	228	3	0
130	228	4	0
135	228	4	0
145	228	4	0
148	228	4	0
151	228	5	0
158	228	5	0
160	228	2	0
178	228	5	0
183	228	4	0
194	228	1	0
197	228	4	0
198	228	3	0
200	228	5	0
201	228	3	0
211	228	3	0
215	228	5	0
216	228	3	0
222	228	5	0
230	228	2	0
234	228	3	0
239	228	2	0
246	228	3	0
249	228	4	0
254	228	4	0
256	228	3	0
267	228	5	0
268	228	4	0
275	228	4	0
276	228	4	0
279	228	4	0
280	228	3	0
286	228	3	0
290	228	4	0
292	228	5	0
293	228	3	0
295	228	4	0
296	228	4	0
297	228	2	0
299	228	3	0
301	228	3	0
303	228	4	0
305	228	2	0
307	228	5	0
311	228	5	0
312	228	3	0
313	228	3	0
326	228	4	0
327	228	4	0
328	228	3	0
330	228	5	0
332	228	5	0
334	228	5	0
337	228	5	0
339	228	4	0
343	228	5	0
344	228	4	0
350	228	4	0
352	228	3	0
361	228	4	0
363	228	3	0
373	228	4	0
374	228	5	0
380	228	3	0
381	228	4	0
387	228	5	0
391	228	2	0
393	228	3	0
394	228	5	0
398	228	5	0
399	228	2	0
402	228	3	0
405	228	1	0
406	228	3	0
407	228	4	0
411	228	3	0
417	228	3	0
425	228	4	0
429	228	2	0
435	228	4	0
442	228	5	0
447	228	4	0
450	228	4	0
454	228	3	0
455	228	4	0
456	228	3	0
457	228	5	0
472	228	5	0
479	228	4	0
483	228	5	0
484	228	5	0
488	228	4	0
495	228	5	0
496	228	1	0
497	228	3	0
498	228	2	0
505	228	2	0
506	228	5	0
508	228	5	0
514	228	5	0
521	228	4	0
524	228	3	0
532	228	5	0
533	228	4	0
536	228	5	0
537	228	3	0
545	228	5	0
551	228	5	0
554	228	5	0
561	228	3	0
566	228	2	0
577	228	3	0
579	228	3	0
584	228	5	0
586	228	3	0
600	228	3	0
601	228	5	0
603	228	3	0
606	228	5	0
622	228	5	0
623	228	3	0
627	228	4	0
632	228	3	0
638	228	3	0
643	228	4	0
645	228	3	0
648	228	5	0
650	228	4	0
653	228	4	0
655	228	3	0
660	228	3	0
661	228	5	0
664	228	4	0
670	228	5	0
682	228	4	0
693	228	2	0
694	228	4	0
698	228	3	0
702	228	5	0
705	228	3	0
709	228	3	0
711	228	3	0
712	228	3	0
715	228	3	0
716	228	4	0
721	228	5	0
727	228	4	0
738	228	5	0
741	228	2	0
746	228	4	0
747	228	4	0
748	228	3	0
749	228	5	0
756	228	3	0
757	228	4	0
758	228	3	0
766	228	3	0
773	228	3	0
774	228	4	0
786	228	4	0
788	228	3	0
790	228	3	0
796	228	5	0
798	228	3	0
804	228	4	0
805	228	3	0
806	228	4	0
807	228	4	0
815	228	5	0
823	228	3	0
826	228	3	0
830	228	3	0
838	228	4	0
843	228	4	0
844	228	3	0
846	228	5	0
847	228	4	0
850	228	5	0
851	228	4	0
862	228	5	0
864	228	5	0
867	228	5	0
868	228	5	0
877	228	4	0
880	228	3	0
881	228	3	0
882	228	5	0
883	228	4	0
886	228	4	0
887	228	4	0
890	228	4	0
892	228	3	0
896	228	5	0
897	228	4	0
899	228	3	0
901	228	5	0
902	228	3	0
911	228	4	0
913	228	5	0
916	228	3	0
921	228	3	0
922	228	4	0
924	228	4	0
927	228	5	0
932	228	4	0
933	228	4	0
934	228	4	0
943	228	3	0
1	265	4	0
7	265	5	0
13	265	4	0
14	265	3	0
22	265	3	0
25	265	4	0
37	265	4	0
41	265	3	0
42	265	3	0
56	265	4	0
59	265	4	0
60	265	5	0
64	265	4	0
69	265	4	0
70	265	4	0
72	265	4	0
77	265	3	0
82	265	4	0
83	265	5	0
84	265	5	0
91	265	5	0
92	265	4	0
94	265	4	0
95	265	3	0
96	265	5	0
99	265	3	0
102	265	3	0
109	265	5	0
115	265	2	0
117	265	4	0
128	265	5	0
135	265	3	0
145	265	5	0
151	265	5	0
153	265	4	0
161	265	2	0
178	265	5	0
183	265	2	0
188	265	5	0
194	265	4	0
195	265	4	0
197	265	5	0
198	265	3	0
200	265	5	0
201	265	3	0
207	265	3	0
218	265	3	0
221	265	3	0
222	265	3	0
230	265	5	0
234	265	3	0
236	265	2	0
244	265	4	0
246	265	4	0
251	265	3	0
254	265	3	0
256	265	4	0
263	265	4	0
267	265	5	0
268	265	3	0
270	265	4	0
271	265	5	0
275	265	4	0
276	265	4	0
279	265	5	0
280	265	4	0
290	265	4	0
292	265	4	0
293	265	3	0
295	265	4	0
297	265	3	0
298	265	4	0
301	265	4	0
307	265	3	0
308	265	3	0
311	265	5	0
312	265	1	0
313	265	4	0
316	265	3	0
318	265	4	0
326	265	4	0
327	265	2	0
328	265	5	0
332	265	4	0
334	265	3	0
339	265	3	0
340	265	5	0
343	265	2	0
346	265	4	0
350	265	2	0
363	265	3	0
370	265	5	0
371	265	5	0
373	265	4	0
374	265	5	0
378	265	4	0
379	265	4	0
380	265	3	0
387	265	4	0
393	265	4	0
394	265	4	0
399	265	3	0
405	265	2	0
407	265	3	0
411	265	5	0
416	265	5	0
417	265	3	0
425	265	3	0
429	265	4	0
435	265	3	0
436	265	3	0
437	265	3	0
447	265	4	0
450	265	5	0
452	265	3	0
455	265	4	0
456	265	3	0
457	265	5	0
466	265	3	0
472	265	4	0
474	265	5	0
479	265	4	0
480	265	3	0
484	265	5	0
487	265	5	0
488	265	4	0
493	265	5	0
495	265	5	0
497	265	4	0
498	265	2	0
505	265	4	0
512	265	4	0
513	265	5	0
514	265	4	0
521	265	3	0
524	265	4	0
533	265	3	0
535	265	3	0
536	265	5	0
537	265	3	0
541	265	5	0
542	265	4	0
543	265	4	0
545	265	4	0
551	265	4	0
553	265	5	0
554	265	4	0
555	265	3	0
559	265	4	0
566	265	4	0
577	265	5	0
583	265	4	0
586	265	5	0
588	265	5	0
592	265	4	0
600	265	3	0
606	265	4	0
608	265	3	0
618	265	4	0
625	265	3	0
629	265	4	0
638	265	5	0
648	265	4	0
650	265	4	0
653	265	4	0
654	265	5	0
655	265	3	0
660	265	2	0
663	265	4	0
665	265	3	0
666	265	3	0
671	265	3	0
676	265	5	0
682	265	3	0
684	265	4	0
686	265	4	0
705	265	5	0
709	265	4	0
710	265	4	0
711	265	2	0
715	265	5	0
716	265	5	0
727	265	4	0
738	265	4	0
741	265	5	0
746	265	4	0
747	265	4	0
757	265	3	0
766	265	3	0
773	265	2	0
774	265	3	0
778	265	4	0
786	265	4	0
790	265	4	0
795	265	3	0
796	265	5	0
798	265	5	0
804	265	4	0
806	265	4	0
807	265	5	0
815	265	5	0
826	265	5	0
830	265	5	0
843	265	3	0
846	265	5	0
848	265	4	0
862	265	5	0
864	265	5	0
868	265	3	0
870	265	4	0
878	265	3	0
881	265	5	0
882	265	5	0
883	265	3	0
886	265	4	0
889	265	4	0
890	265	2	0
892	265	4	0
896	265	4	0
897	265	3	0
899	265	4	0
913	265	4	0
916	265	4	0
922	265	5	0
930	265	3	0
933	265	4	0
942	265	5	0
