1	28	4	0
6	28	2	0
7	28	5	0
11	28	5	0
12	28	5	0
13	28	5	0
16	28	5	0
18	28	3	0
23	28	3	0
28	28	4	0
30	28	4	0
38	28	4	0
41	28	4	0
42	28	5	0
43	28	4	0
48	28	2	0
56	28	5	0
57	28	4	0
59	28	5	0
60	28	5	0
62	28	3	0
64	28	4	0
65	28	4	0
70	28	4	0
72	28	4	0
73	28	3	0
77	28	5	0
82	28	3	0
83	28	4	0
85	28	4	0
91	28	4	0
92	28	3	0
94	28	4	0
95	28	4	0
97	28	5	0
99	28	3	0
106	28	4	0
109	28	3	0
110	28	4	0
119	28	5	0
122	28	4	0
124	28	3	0
125	28	4	0
128	28	5	0
130	28	4	0
142	28	4	0
151	28	4	0
162	28	4	0
163	28	3	0
174	28	5	0
178	28	5	0
180	28	3	0
185	28	5	0
187	28	4	0
188	28	3	0
189	28	4	0
194	28	5	0
200	28	5	0
201	28	3	0
207	28	4	0
210	28	4	0
215	28	4	0
216	28	4	0
222	28	5	0
223	28	4	0
224	28	4	0
226	28	4	0
230	28	5	0
234	28	4	0
236	28	4	0
237	28	4	0
243	28	4	0
244	28	4	0
247	28	5	0
249	28	4	0
250	28	4	0
254	28	4	0
262	28	3	0
263	28	3	0
267	28	4	0
271	28	5	0
275	28	4	0
276	28	4	0
279	28	2	0
287	28	5	0
290	28	5	0
291	28	4	0
292	28	4	0
293	28	3	0
297	28	4	0
298	28	4	0
299	28	4	0
301	28	4	0
303	28	3	0
307	28	3	0
308	28	3	0
311	28	5	0
312	28	4	0
313	28	3	0
314	28	5	0
325	28	3	0
327	28	3	0
328	28	5	0
330	28	5	0
334	28	3	0
339	28	4	0
342	28	2	0
343	28	5	0
345	28	3	0
347	28	4	0
360	28	4	0
361	28	3	0
363	28	4	0
373	28	3	0
374	28	5	0
378	28	4	0
379	28	4	0
380	28	4	0
387	28	5	0
389	28	4	0
393	28	4	0
394	28	4	0
398	28	5	0
399	28	2	0
405	28	4	0
406	28	3	0
407	28	4	0
409	28	2	0
411	28	4	0
412	28	4	0
416	28	5	0
419	28	3	0
429	28	3	0
435	28	3	0
437	28	3	0
445	28	4	0
447	28	4	0
450	28	4	0
454	28	4	0
455	28	4	0
457	28	5	0
458	28	3	0
465	28	3	0
472	28	5	0
474	28	4	0
478	28	3	0
479	28	4	0
484	28	5	0
487	28	4	0
488	28	4	0
496	28	2	0
497	28	3	0
500	28	3	0
504	28	4	0
506	28	4	0
514	28	5	0
521	28	3	0
527	28	3	0
533	28	4	0
536	28	5	0
537	28	3	0
538	28	3	0
541	28	4	0
542	28	4	0
543	28	4	0
545	28	4	0
551	28	4	0
554	28	4	0
561	28	2	0
577	28	5	0
586	28	3	0
588	28	5	0
592	28	4	0
606	28	4	0
608	28	4	0
610	28	4	0
613	28	3	0
615	28	4	0
618	28	4	0
620	28	4	0
621	28	4	0
622	28	3	0
627	28	3	0
632	28	3	0
633	28	4	0
639	28	4	0
642	28	5	0
643	28	4	0
645	28	4	0
648	28	5	0
653	28	4	0
654	28	5	0
655	28	3	0
661	28	5	0
666	28	3	0
667	28	5	0
679	28	5	0
682	28	3	0
686	28	4	0
693	28	2	0
694	28	4	0
698	28	2	0
700	28	3	0
705	28	4	0
709	28	5	0
715	28	5	0
716	28	5	0
721	28	5	0
723	28	3	0
727	28	5	0
731	28	4	0
734	28	4	0
738	28	4	0
741	28	3	0
744	28	3	0
745	28	2	0
747	28	4	0
751	28	5	0
757	28	3	0
758	28	4	0
763	28	3	0
764	28	4	0
766	28	5	0
767	28	4	0
771	28	5	0
774	28	3	0
776	28	5	0
778	28	4	0
780	28	5	0
786	28	5	0
788	28	5	0
795	28	4	0
796	28	3	0
798	28	4	0
804	28	4	0
805	28	3	0
806	28	3	0
807	28	4	0
815	28	4	0
821	28	5	0
823	28	3	0
831	28	3	0
833	28	3	0
835	28	4	0
838	28	4	0
843	28	3	0
846	28	5	0
850	28	5	0
864	28	5	0
867	28	5	0
870	28	4	0
875	28	4	0
880	28	5	0
881	28	5	0
882	28	5	0
883	28	3	0
885	28	4	0
886	28	4	0
887	28	5	0
889	28	4	0
892	28	4	0
896	28	2	0
897	28	4	0
899	28	5	0
901	28	5	0
908	28	4	0
912	28	4	0
913	28	3	0
916	28	4	0
918	28	4	0
919	28	4	0
924	28	4	0
927	28	4	0
929	28	4	0
933	28	4	0
943	28	4	0
1	64	5	0
6	64	4	0
7	64	5	0
10	64	4	0
13	64	5	0
16	64	5	0
18	64	5	0
24	64	5	0
42	64	5	0
43	64	5	0
44	64	5	0
51	64	4	0
53	64	5	0
56	64	5	0
57	64	5	0
58	64	5	0
59	64	5	0
60	64	4	0
62	64	4	0
64	64	4	0
65	64	5	0
67	64	5	0
71	64	4	0
72	64	5	0
73	64	5	0
76	64	5	0
80	64	5	0
82	64	5	0
83	64	5	0
84	64	5	0
85	64	5	0
87	64	5	0
90	64	4	0
91	64	4	0
92	64	4	0
94	64	5	0
95	64	5	0
96	64	5	0
99	64	5	0
106	64	4	0
109	64	2	0
110	64	4	0
119	64	4	0
123	64	3	0
125	64	5	0
128	64	5	0
130	64	5	0
144	64	5	0
145	64	4	0
151	64	5	0
153	64	5	0
156	64	3	0
163	64	4	0
175	64	5	0
177	64	4	0
178	64	5	0
184	64	4	0
187	64	5	0
188	64	5	0
194	64	5	0
198	64	4	0
201	64	3	0
207	64	5	0
211	64	3	0
213	64	5	0
214	64	5	0
215	64	4	0
216	64	5	0
221	64	5	0
222	64	5	0
225	64	4	0
230	64	5	0
232	64	4	0
233	64	5	0
234	64	4	0
236	64	5	0
237	64	5	0
239	64	1	0
244	64	5	0
247	64	5	0
248	64	5	0
249	64	5	0
250	64	5	0
251	64	5	0
253	64	5	0
254	64	4	0
256	64	5	0
262	64	5	0
263	64	5	0
267	64	5	0
269	64	4	0
271	64	5	0
276	64	5	0
279	64	1	0
285	64	3	0
287	64	5	0
288	64	5	0
290	64	4	0
291	64	5	0
292	64	5	0
293	64	5	0
301	64	5	0
303	64	5	0
305	64	5	0
307	64	4	0
308	64	4	0
311	64	5	0
313	64	4	0
314	64	5	0
316	64	4	0
318	64	4	0
321	64	3	0
322	64	5	0
323	64	5	0
326	64	4	0
327	64	2	0
328	64	4	0
330	64	5	0
331	64	4	0
332	64	5	0
339	64	5	0
343	64	5	0
344	64	5	0
345	64	5	0
346	64	4	0
360	64	5	0
370	64	4	0
371	64	4	0
373	64	4	0
374	64	5	0
378	64	4	0
379	64	5	0
380	64	3	0
387	64	3	0
389	64	4	0
391	64	5	0
393	64	4	0
395	64	5	0
398	64	4	0
399	64	3	0
401	64	3	0
405	64	5	0
406	64	4	0
412	64	4	0
416	64	5	0
417	64	5	0
425	64	4	0
429	64	4	0
430	64	4	0
435	64	5	0
442	64	5	0
445	64	2	0
450	64	4	0
452	64	4	0
454	64	4	0
455	64	4	0
457	64	5	0
458	64	4	0
465	64	5	0
468	64	5	0
469	64	5	0
472	64	5	0
474	64	5	0
478	64	5	0
480	64	3	0
487	64	5	0
488	64	5	0
492	64	4	0
494	64	5	0
495	64	5	0
496	64	3	0
498	64	4	0
514	64	4	0
524	64	2	0
527	64	3	0
530	64	5	0
533	64	5	0
535	64	5	0
537	64	3	0
542	64	4	0
543	64	4	0
551	64	5	0
556	64	5	0
561	64	3	0
566	64	5	0
571	64	4	0
577	64	5	0
591	64	5	0
592	64	5	0
601	64	4	0
605	64	5	0
606	64	5	0
608	64	4	0
613	64	5	0
618	64	4	0
622	64	5	0
627	64	5	0
629	64	5	0
630	64	5	0
632	64	5	0
640	64	5	0
641	64	4	0
642	64	5	0
645	64	3	0
653	64	4	0
655	64	4	0
659	64	4	0
660	64	3	0
661	64	4	0
663	64	5	0
664	64	4	0
666	64	4	0
669	64	4	0
676	64	5	0
679	64	4	0
682	64	5	0
684	64	4	0
686	64	5	0
690	64	5	0
691	64	5	0
693	64	3	0
705	64	5	0
707	64	3	0
709	64	5	0
710	64	4	0
711	64	4	0
715	64	5	0
716	64	5	0
719	64	5	0
721	64	4	0
731	64	5	0
737	64	4	0
738	64	4	0
745	64	5	0
746	64	4	0
747	64	5	0
748	64	4	0
749	64	4	0
753	64	4	0
757	64	5	0
758	64	5	0
764	64	5	0
773	64	4	0
774	64	3	0
781	64	4	0
788	64	5	0
796	64	4	0
804	64	5	0
821	64	5	0
823	64	5	0
831	64	5	0
833	64	3	0
840	64	4	0
846	64	4	0
851	64	5	0
854	64	5	0
862	64	5	0
864	64	5	0
867	64	5	0
868	64	5	0
870	64	5	0
875	64	5	0
878	64	5	0
880	64	5	0
881	64	5	0
883	64	4	0
886	64	5	0
889	64	5	0
892	64	4	0
896	64	4	0
899	64	4	0
903	64	5	0
912	64	4	0
913	64	5	0
916	64	5	0
918	64	4	0
919	64	5	0
924	64	4	0
927	64	5	0
930	64	4	0
932	64	2	0
933	64	5	0
943	64	5	0
1	69	3	0
5	69	1	0
6	69	3	0
7	69	5	0
10	69	4	0
11	69	3	0
12	69	5	0
13	69	4	0
16	69	5	0
18	69	3	0
20	69	1	0
24	69	5	0
30	69	5	0
38	69	5	0
41	69	4	0
42	69	4	0
43	69	4	0
44	69	4	0
56	69	4	0
58	69	1	0
59	69	5	0
60	69	4	0
62	69	4	0
64	69	4	0
65	69	3	0
70	69	4	0
72	69	4	0
77	69	3	0
82	69	4	0
83	69	4	0
85	69	4	0
90	69	1	0
91	69	5	0
92	69	5	0
94	69	3	0
95	69	5	0
97	69	5	0
99	69	4	0
103	69	3	0
106	69	4	0
109	69	4	0
110	69	4	0
115	69	1	0
122	69	2	0
125	69	4	0
128	69	4	0
130	69	5	0
144	69	5	0
145	69	5	0
148	69	5	0
151	69	4	0
152	69	5	0
161	69	4	0
165	69	3	0
174	69	5	0
177	69	1	0
178	69	5	0
180	69	4	0
182	69	5	0
184	69	3	0
187	69	4	0
188	69	4	0
193	69	5	0
194	69	4	0
198	69	4	0
200	69	5	0
201	69	2	0
207	69	4	0
210	69	4	0
211	69	3	0
213	69	3	0
214	69	2	0
216	69	5	0
221	69	4	0
222	69	5	0
223	69	5	0
224	69	4	0
226	69	4	0
230	69	4	0
232	69	3	0
233	69	5	0
234	69	4	0
235	69	4	0
236	69	5	0
239	69	1	0
243	69	3	0
244	69	4	0
246	69	3	0
248	69	1	0
249	69	5	0
250	69	5	0
254	69	5	0
262	69	4	0
263	69	5	0
267	69	4	0
269	69	1	0
271	69	4	0
272	69	4	0
274	69	5	0
275	69	3	0
276	69	4	0
280	69	4	0
288	69	5	0
290	69	4	0
291	69	5	0
293	69	3	0
295	69	5	0
297	69	3	0
298	69	4	0
301	69	5	0
303	69	5	0
305	69	3	0
308	69	2	0
311	69	5	0
312	69	4	0
313	69	5	0
314	69	5	0
316	69	3	0
318	69	5	0
326	69	2	0
327	69	2	0
328	69	4	0
330	69	5	0
331	69	5	0
334	69	1	0
339	69	4	0
343	69	5	0
344	69	2	0
345	69	4	0
347	69	5	0
360	69	3	0
363	69	3	0
371	69	5	0
373	69	4	0
374	69	5	0
378	69	3	0
379	69	4	0
380	69	4	0
387	69	3	0
389	69	5	0
391	69	4	0
393	69	4	0
394	69	5	0
398	69	5	0
399	69	3	0
401	69	3	0
405	69	4	0
406	69	4	0
407	69	4	0
416	69	4	0
417	69	3	0
419	69	4	0
429	69	5	0
435	69	4	0
437	69	2	0
442	69	3	0
447	69	4	0
450	69	4	0
452	69	5	0
453	69	4	0
454	69	4	0
455	69	4	0
456	69	4	0
457	69	5	0
458	69	2	0
468	69	4	0
472	69	5	0
474	69	5	0
478	69	3	0
484	69	5	0
487	69	4	0
488	69	4	0
492	69	3	0
493	69	5	0
495	69	3	0
499	69	5	0
500	69	4	0
503	69	4	0
504	69	4	0
505	69	3	0
506	69	5	0
508	69	3	0
514	69	4	0
521	69	3	0
524	69	4	0
527	69	4	0
528	69	3	0
533	69	4	0
536	69	5	0
537	69	2	0
538	69	5	0
539	69	5	0
542	69	4	0
543	69	4	0
545	69	4	0
551	69	4	0
554	69	5	0
559	69	5	0
561	69	1	0
566	69	4	0
571	69	2	0
573	69	4	0
577	69	4	0
579	69	2	0
586	69	4	0
588	69	2	0
592	69	5	0
593	69	5	0
601	69	3	0
605	69	5	0
606	69	4	0
608	69	4	0
615	69	4	0
618	69	4	0
622	69	4	0
627	69	3	0
629	69	5	0
630	69	3	0
632	69	4	0
642	69	5	0
643	69	3	0
645	69	4	0
648	69	1	0
650	69	2	0
653	69	4	0
654	69	4	0
655	69	3	0
658	69	4	0
659	69	3	0
661	69	4	0
663	69	4	0
664	69	3	0
665	69	5	0
666	69	3	0
667	69	3	0
668	69	1	0
679	69	4	0
682	69	4	0
690	69	5	0
693	69	3	0
694	69	5	0
704	69	3	0
705	69	3	0
709	69	5	0
711	69	3	0
712	69	3	0
715	69	4	0
716	69	5	0
719	69	5	0
721	69	4	0
727	69	4	0
731	69	5	0
738	69	5	0
739	69	5	0
741	69	4	0
747	69	5	0
748	69	4	0
749	69	5	0
753	69	4	0
757	69	3	0
758	69	5	0
763	69	4	0
764	69	5	0
766	69	4	0
771	69	5	0
774	69	4	0
778	69	2	0
781	69	3	0
785	69	4	0
786	69	4	0
788	69	4	0
790	69	1	0
796	69	5	0
804	69	4	0
807	69	5	0
815	69	4	0
823	69	5	0
830	69	5	0
833	69	2	0
835	69	5	0
838	69	4	0
840	69	4	0
843	69	3	0
844	69	5	0
846	69	5	0
848	69	2	0
850	69	5	0
854	69	4	0
862	69	5	0
864	69	5	0
867	69	2	0
868	69	2	0
870	69	4	0
880	69	4	0
881	69	3	0
882	69	5	0
883	69	2	0
885	69	4	0
886	69	2	0
887	69	4	0
888	69	4	0
889	69	3	0
890	69	4	0
892	69	5	0
893	69	5	0
896	69	5	0
897	69	5	0
899	69	3	0
901	69	5	0
908	69	3	0
913	69	2	0
916	69	4	0
918	69	3	0
919	69	3	0
921	69	4	0
922	69	3	0
927	69	4	0
933	69	4	0
934	69	5	0
940	69	2	0
943	69	5	0
1	97	3	0
7	97	5	0
11	97	4	0
12	97	5	0
13	97	4	0
18	97	4	0
24	97	4	0
38	97	5	0
41	97	3	0
42	97	3	0
43	97	5	0
44	97	2	0
56	97	3	0
59	97	5	0
60	97	3	0
62	97	2	0
64	97	3	0
65	97	5	0
72	97	4	0
77	97	2	0
82	97	4	0
83	97	4	0
85	97	2	0
87	97	5	0
90	97	5	0
91	97	5	0
94	97	4	0
95	97	4	0
97	97	5	0
106	97	5	0
109	97	3	0
125	97	3	0
128	97	3	0
145	97	5	0
151	97	5	0
152	97	5	0
163	97	4	0
178	97	5	0
184	97	2	0
187	97	3	0
188	97	5	0
189	97	4	0
194	97	3	0
198	97	3	0
201	97	2	0
208	97	4	0
210	97	5	0
213	97	5	0
216	97	4	0
222	97	4	0
224	97	5	0
226	97	3	0
230	97	5	0
233	97	5	0
234	97	2	0
236	97	5	0
244	97	2	0
246	97	3	0
253	97	4	0
254	97	5	0
256	97	4	0
259	97	4	0
263	97	4	0
268	97	4	0
270	97	4	0
271	97	5	0
276	97	3	0
286	97	4	0
288	97	4	0
290	97	3	0
291	97	4	0
293	97	4	0
295	97	5	0
297	97	5	0
298	97	4	0
299	97	4	0
301	97	4	0
303	97	5	0
305	97	4	0
308	97	1	0
311	97	4	0
312	97	5	0
313	97	4	0
316	97	5	0
320	97	5	0
326	97	4	0
328	97	3	0
330	97	5	0
332	97	5	0
339	97	4	0
343	97	4	0
344	97	3	0
346	97	4	0
347	97	4	0
354	97	3	0
361	97	4	0
363	97	2	0
371	97	5	0
373	97	3	0
374	97	5	0
378	97	5	0
379	97	3	0
380	97	3	0
381	97	4	0
387	97	2	0
391	97	4	0
393	97	4	0
394	97	4	0
395	97	5	0
398	97	4	0
399	97	4	0
401	97	4	0
405	97	2	0
406	97	5	0
407	97	4	0
409	97	5	0
416	97	5	0
417	97	4	0
425	97	2	0
429	97	4	0
437	97	3	0
450	97	4	0
452	97	4	0
453	97	3	0
454	97	4	0
455	97	5	0
456	97	4	0
457	97	5	0
458	97	1	0
465	97	2	0
468	97	5	0
472	97	3	0
474	97	5	0
479	97	3	0
484	97	5	0
487	97	5	0
488	97	4	0
492	97	3	0
496	97	1	0
497	97	4	0
499	97	4	0
500	97	4	0
503	97	4	0
504	97	4	0
505	97	4	0
506	97	4	0
512	97	5	0
514	97	5	0
521	97	3	0
523	97	4	0
524	97	5	0
532	97	5	0
533	97	2	0
535	97	4	0
536	97	3	0
537	97	2	0
538	97	5	0
542	97	4	0
543	97	3	0
545	97	3	0
551	97	5	0
561	97	3	0
566	97	3	0
577	97	5	0
588	97	2	0
592	97	4	0
593	97	4	0
606	97	5	0
608	97	3	0
610	97	3	0
615	97	4	0
618	97	5	0
625	97	4	0
627	97	2	0
632	97	4	0
633	97	3	0
639	97	1	0
642	97	4	0
650	97	3	0
653	97	3	0
654	97	3	0
655	97	3	0
659	97	5	0
660	97	3	0
661	97	4	0
664	97	3	0
665	97	2	0
666	97	4	0
668	97	2	0
669	97	4	0
679	97	3	0
682	97	4	0
686	97	2	0
693	97	5	0
694	97	5	0
705	97	3	0
707	97	4	0
709	97	5	0
711	97	4	0
712	97	5	0
715	97	3	0
716	97	4	0
719	97	3	0
721	97	4	0
731	97	5	0
734	97	4	0
738	97	4	0
739	97	5	0
747	97	5	0
748	97	4	0
756	97	3	0
757	97	4	0
763	97	3	0
771	97	1	0
774	97	2	0
780	97	5	0
781	97	4	0
786	97	4	0
788	97	3	0
790	97	2	0
795	97	2	0
796	97	3	0
798	97	1	0
804	97	4	0
815	97	5	0
821	97	5	0
823	97	5	0
830	97	4	0
835	97	5	0
840	97	3	0
843	97	3	0
844	97	3	0
846	97	4	0
848	97	5	0
850	97	5	0
862	97	4	0
864	97	4	0
871	97	3	0
878	97	3	0
880	97	4	0
881	97	3	0
885	97	5	0
889	97	3	0
890	97	4	0
892	97	5	0
896	97	4	0
897	97	5	0
904	97	4	0
907	97	5	0
912	97	4	0
916	97	4	0
921	97	2	0
933	97	2	0
934	97	4	0
942	97	5	0
943	97	2	0
1	98	4	0
5	98	3	0
6	98	5	0
7	98	4	0
10	98	4	0
11	98	2	0
12	98	5	0
13	98	4	0
14	98	3	0
16	98	5	0
18	98	5	0
20	98	3	0
21	98	5	0
23	98	5	0
24	98	5	0
25	98	5	0
28	98	5	0
29	98	4	0
41	98	4	0
42	98	4	0
43	98	5	0
44	98	2	0
48	98	5	0
49	98	4	0
56	98	4	0
58	98	4	0
59	98	5	0
60	98	4	0
62	98	4	0
64	98	4	0
65	98	4	0
69	98	5	0
71	98	4	0
72	98	5	0
76	98	5	0
77	98	4	0
81	98	5	0
84	98	4	0
85	98	4	0
90	98	5	0
91	98	5	0
92	98	5	0
94	98	4	0
95	98	4	0
96	98	5	0
97	98	4	0
99	98	5	0
102	98	4	0
103	98	3	0
109	98	4	0
114	98	4	0
115	98	3	0
117	98	4	0
118	98	5	0
121	98	5	0
123	98	4	0
124	98	4	0
125	98	5	0
128	98	4	0
130	98	5	0
135	98	5	0
138	98	5	0
144	98	4	0
145	98	5	0
148	98	3	0
151	98	4	0
152	98	2	0
161	98	4	0
163	98	4	0
174	98	5	0
175	98	5	0
177	98	5	0
178	98	5	0
180	98	5	0
184	98	4	0
186	98	5	0
188	98	5	0
194	98	4	0
198	98	4	0
200	98	5	0
201	98	4	0
207	98	4	0
210	98	5	0
213	98	5	0
214	98	4	0
215	98	5	0
216	98	5	0
218	98	5	0
222	98	4	0
225	98	5	0
226	98	5	0
228	98	3	0
230	98	5	0
232	98	4	0
233	98	5	0
234	98	4	0
236	98	5	0
237	98	4	0
239	98	5	0
246	98	4	0
248	98	5	0
249	98	5	0
250	98	5	0
253	98	5	0
254	98	4	0
255	98	5	0
256	98	5	0
259	98	4	0
262	98	4	0
263	98	4	0
264	98	5	0
267	98	5	0
268	98	4	0
269	98	4	0
270	98	5	0
271	98	5	0
272	98	4	0
274	98	5	0
275	98	4	0
276	98	5	0
278	98	4	0
280	98	5	0
287	98	4	0
288	98	5	0
290	98	4	0
291	98	5	0
292	98	5	0
293	98	4	0
295	98	5	0
296	98	5	0
297	98	5	0
298	98	4	0
299	98	4	0
301	98	4	0
303	98	5	0
305	98	4	0
308	98	3	0
311	98	5	0
312	98	4	0
313	98	4	0
315	98	4	0
316	98	5	0
323	98	4	0
325	98	4	0
326	98	5	0
327	98	4	0
328	98	4	0
329	98	4	0
330	98	5	0
332	98	5	0
333	98	4	0
334	98	4	0
339	98	4	0
342	98	3	0
343	98	5	0
344	98	4	0
345	98	5	0
346	98	2	0
347	98	5	0
350	98	4	0
352	98	5	0
354	98	3	0
361	98	5	0
363	98	3	0
366	98	5	0
367	98	5	0
368	98	3	0
370	98	4	0
371	98	5	0
372	98	5	0
374	98	5	0
376	98	5	0
377	98	5	0
378	98	5	0
379	98	5	0
380	98	4	0
382	98	3	0
385	98	4	0
387	98	4	0
388	98	5	0
389	98	4	0
391	98	4	0
392	98	5	0
394	98	5	0
395	98	5	0
399	98	4	0
405	98	4	0
406	98	4	0
407	98	5	0
409	98	5	0
416	98	5	0
417	98	5	0
421	98	5	0
422	98	5	0
425	98	4	0
426	98	4	0
429	98	4	0
430	98	5	0
435	98	5	0
436	98	4	0
437	98	5	0
442	98	4	0
447	98	4	0
450	98	4	0
452	98	5	0
453	98	4	0
454	98	1	0
455	98	4	0
456	98	3	0
457	98	5	0
458	98	3	0
459	98	5	0
465	98	4	0
466	98	3	0
468	98	5	0
474	98	5	0
478	98	5	0
480	98	4	0
481	98	4	0
484	98	4	0
487	98	5	0
488	98	4	0
493	98	4	0
494	98	4	0
495	98	5	0
496	98	4	0
497	98	4	0
498	98	4	0
499	98	4	0
500	98	4	0
503	98	5	0
504	98	5	0
505	98	4	0
508	98	3	0
514	98	5	0
524	98	3	0
530	98	4	0
532	98	5	0
533	98	4	0
535	98	2	0
536	98	4	0
537	98	3	0
538	98	5	0
543	98	4	0
545	98	5	0
546	98	5	0
548	98	5	0
551	98	5	0
553	98	5	0
554	98	5	0
561	98	4	0
562	98	4	0
566	98	4	0
575	98	4	0
577	98	4	0
579	98	4	0
588	98	1	0
592	98	5	0
593	98	5	0
601	98	3	0
604	98	2	0
605	98	5	0
606	98	5	0
608	98	5	0
610	98	5	0
617	98	2	0
618	98	5	0
620	98	4	0
622	98	5	0
629	98	5	0
630	98	5	0
632	98	4	0
633	98	4	0
638	98	3	0
639	98	4	0
643	98	3	0
645	98	4	0
648	98	4	0
650	98	4	0
653	98	2	0
654	98	5	0
655	98	4	0
658	98	4	0
659	98	4	0
660	98	4	0
663	98	5	0
664	98	4	0
665	98	4	0
666	98	4	0
667	98	4	0
670	98	2	0
671	98	4	0
680	98	4	0
682	98	4	0
684	98	4	0
686	98	5	0
690	98	5	0
691	98	4	0
693	98	4	0
694	98	5	0
699	98	4	0
700	98	3	0
704	98	5	0
709	98	4	0
711	98	5	0
715	98	5	0
716	98	5	0
719	98	5	0
727	98	4	0
734	98	4	0
738	98	4	0
739	98	3	0
741	98	5	0
745	98	5	0
747	98	5	0
749	98	5	0
751	98	5	0
753	98	5	0
757	98	4	0
758	98	5	0
760	98	3	0
763	98	4	0
764	98	5	0
766	98	3	0
767	98	5	0
771	98	1	0
773	98	4	0
774	98	4	0
776	98	4	0
778	98	4	0
780	98	1	0
786	98	5	0
788	98	5	0
790	98	5	0
796	98	5	0
798	98	1	0
802	98	4	0
804	98	5	0
805	98	5	0
806	98	4	0
814	98	4	0
815	98	4	0
821	98	5	0
823	98	5	0
825	98	5	0
830	98	5	0
833	98	3	0
835	98	5	0
840	98	5	0
843	98	3	0
846	98	4	0
847	98	4	0
850	98	1	0
854	98	4	0
862	98	5	0
864	98	5	0
867	98	5	0
868	98	4	0
870	98	4	0
875	98	5	0
877	98	5	0
878	98	4	0
880	98	5	0
881	98	5	0
882	98	5	0
883	98	3	0
886	98	4	0
887	98	3	0
889	98	4	0
890	98	4	0
892	98	5	0
896	98	5	0
897	98	5	0
899	98	4	0
903	98	5	0
907	98	5	0
908	98	5	0
910	98	4	0
911	98	2	0
913	98	4	0
916	98	5	0
919	98	5	0
922	98	5	0
925	98	4	0
928	98	5	0
929	98	5	0
932	98	5	0
933	98	5	0
940	98	4	0
943	98	5	0
1	132	4	0
6	132	5	0
7	132	5	0
10	132	5	0
12	132	5	0
13	132	4	0
18	132	5	0
23	132	4	0
24	132	3	0
42	132	5	0
44	132	4	0
48	132	5	0
51	132	4	0
59	132	5	0
60	132	4	0
62	132	5	0
64	132	4	0
70	132	4	0
77	132	3	0
85	132	5	0
87	132	5	0
90	132	5	0
91	132	3	0
92	132	3	0
94	132	4	0
95	132	3	0
97	132	5	0
117	132	4	0
118	132	4	0
119	132	5	0
123	132	3	0
128	132	3	0
130	132	5	0
148	132	4	0
151	132	5	0
152	132	5	0
161	132	1	0
174	132	2	0
175	132	3	0
184	132	5	0
189	132	5	0
194	132	3	0
195	132	5	0
198	132	4	0
200	132	5	0
210	132	4	0
213	132	5	0
214	132	5	0
215	132	5	0
219	132	5	0
222	132	2	0
230	132	5	0
232	132	5	0
234	132	4	0
236	132	4	0
239	132	5	0
246	132	4	0
251	132	5	0
253	132	5	0
254	132	4	0
262	132	3	0
263	132	5	0
269	132	5	0
271	132	5	0
275	132	3	0
279	132	3	0
280	132	4	0
286	132	5	0
288	132	3	0
290	132	3	0
292	132	4	0
293	132	4	0
295	132	5	0
298	132	5	0
301	132	4	0
303	132	5	0
307	132	4	0
308	132	3	0
311	132	4	0
312	132	5	0
313	132	5	0
314	132	4	0
316	132	4	0
318	132	4	0
321	132	5	0
325	132	3	0
326	132	4	0
327	132	5	0
328	132	5	0
330	132	5	0
331	132	3	0
334	132	3	0
338	132	2	0
339	132	5	0
342	132	5	0
343	132	5	0
344	132	4	0
345	132	5	0
346	132	4	0
347	132	5	0
350	132	5	0
358	132	5	0
373	132	3	0
378	132	4	0
380	132	4	0
381	132	5	0
383	132	5	0
385	132	4	0
389	132	5	0
391	132	4	0
393	132	2	0
394	132	4	0
398	132	5	0
399	132	3	0
405	132	5	0
406	132	5	0
407	132	4	0
416	132	4	0
417	132	4	0
426	132	4	0
429	132	3	0
435	132	3	0
436	132	1	0
437	132	5	0
447	132	4	0
450	132	5	0
452	132	2	0
453	132	3	0
454	132	2	0
457	132	5	0
465	132	4	0
468	132	5	0
472	132	5	0
474	132	4	0
488	132	3	0
495	132	4	0
496	132	3	0
499	132	4	0
503	132	5	0
504	132	5	0
505	132	5	0
506	132	4	0
508	132	5	0
514	132	4	0
521	132	3	0
524	132	4	0
532	132	5	0
533	132	5	0
535	132	5	0
536	132	4	0
537	132	3	0
539	132	5	0
542	132	3	0
545	132	4	0
551	132	5	0
553	132	4	0
554	132	4	0
556	132	5	0
560	132	3	0
561	132	2	0
562	132	4	0
567	132	3	0
568	132	2	0
577	132	4	0
588	132	5	0
592	132	5	0
601	132	5	0
605	132	5	0
606	132	5	0
608	132	2	0
617	132	1	0
618	132	4	0
622	132	4	0
629	132	5	0
632	132	5	0
642	132	3	0
643	132	5	0
650	132	4	0
653	132	3	0
655	132	3	0
660	132	3	0
661	132	5	0
664	132	4	0
666	132	4	0
669	132	4	0
676	132	5	0
679	132	4	0
683	132	5	0
693	132	4	0
694	132	5	0
698	132	4	0
711	132	5	0
716	132	5	0
727	132	2	0
731	132	3	0
734	132	3	0
739	132	4	0
746	132	4	0
747	132	4	0
748	132	3	0
749	132	4	0
763	132	3	0
764	132	5	0
766	132	4	0
776	132	3	0
778	132	2	0
786	132	5	0
788	132	5	0
795	132	3	0
796	132	4	0
798	132	4	0
804	132	4	0
807	132	4	0
815	132	5	0
821	132	5	0
835	132	5	0
840	132	4	0
843	132	3	0
846	132	5	0
848	132	5	0
850	132	5	0
851	132	4	0
854	132	5	0
862	132	5	0
864	132	5	0
867	132	3	0
868	132	4	0
870	132	4	0
881	132	3	0
882	132	5	0
886	132	3	0
887	132	4	0
889	132	4	0
890	132	5	0
892	132	5	0
896	132	3	0
897	132	5	0
912	132	5	0
913	132	3	0
916	132	3	0
918	132	4	0
921	132	3	0
927	132	2	0
933	132	3	0
934	132	4	0
943	132	3	0
1	191	5	0
6	191	4	0
7	191	5	0
10	191	5	0
11	191	4	0
12	191	5	0
13	191	3	0
14	191	4	0
16	191	5	0
18	191	4	0
23	191	3	0
24	191	5	0
41	191	4	0
43	191	5	0
44	191	4	0
48	191	5	0
52	191	5	0
56	191	4	0
58	191	5	0
59	191	4	0
62	191	5	0
64	191	4	0
65	191	4	0
70	191	3	0
72	191	5	0
77	191	3	0
82	191	4	0
83	191	4	0
85	191	4	0
90	191	5	0
92	191	4	0
94	191	5	0
95	191	5	0
97	191	5	0
106	191	5	0
109	191	4	0
114	191	3	0
116	191	4	0
122	191	5	0
125	191	5	0
128	191	4	0
144	191	4	0
148	191	1	0
151	191	3	0
152	191	5	0
154	191	4	0
161	191	2	0
180	191	4	0
182	191	4	0
184	191	4	0
187	191	5	0
188	191	3	0
189	191	5	0
194	191	4	0
198	191	4	0
200	191	5	0
201	191	4	0
202	191	2	0
204	191	4	0
207	191	4	0
212	191	3	0
214	191	4	0
215	191	4	0
222	191	2	0
224	191	4	0
226	191	4	0
232	191	4	0
233	191	4	0
234	191	4	0
235	191	4	0
236	191	4	0
237	191	4	0
243	191	5	0
244	191	5	0
249	191	4	0
250	191	5	0
262	191	4	0
268	191	4	0
269	191	5	0
271	191	5	0
275	191	4	0
279	191	3	0
285	191	4	0
286	191	4	0
290	191	3	0
295	191	5	0
296	191	5	0
297	191	3	0
299	191	4	0
301	191	3	0
303	191	5	0
305	191	3	0
308	191	4	0
311	191	4	0
312	191	5	0
313	191	5	0
316	191	5	0
318	191	5	0
321	191	3	0
325	191	3	0
327	191	4	0
334	191	4	0
339	191	5	0
342	191	5	0
343	191	5	0
344	191	5	0
345	191	5	0
354	191	4	0
360	191	4	0
373	191	4	0
378	191	5	0
379	191	5	0
381	191	5	0
385	191	2	0
387	191	4	0
389	191	5	0
391	191	3	0
392	191	5	0
393	191	3	0
398	191	4	0
401	191	4	0
405	191	4	0
406	191	5	0
407	191	5	0
409	191	5	0
416	191	5	0
417	191	5	0
419	191	4	0
425	191	3	0
426	191	4	0
429	191	5	0
435	191	4	0
437	191	4	0
450	191	5	0
452	191	5	0
454	191	4	0
455	191	5	0
456	191	3	0
457	191	5	0
458	191	5	0
465	191	4	0
468	191	4	0
472	191	5	0
474	191	5	0
480	191	4	0
481	191	5	0
487	191	4	0
488	191	3	0
493	191	4	0
494	191	4	0
495	191	3	0
496	191	5	0
498	191	4	0
499	191	5	0
505	191	3	0
506	191	4	0
508	191	5	0
512	191	4	0
514	191	5	0
516	191	4	0
521	191	4	0
524	191	4	0
527	191	5	0
530	191	5	0
532	191	5	0
533	191	4	0
536	191	4	0
537	191	4	0
538	191	5	0
542	191	5	0
543	191	4	0
553	191	4	0
554	191	5	0
559	191	5	0
561	191	3	0
562	191	5	0
566	191	4	0
567	191	3	0
568	191	4	0
571	191	4	0
577	191	4	0
591	191	5	0
592	191	5	0
601	191	4	0
605	191	5	0
606	191	5	0
615	191	5	0
618	191	4	0
625	191	3	0
627	191	4	0
629	191	3	0
630	191	3	0
632	191	5	0
639	191	3	0
642	191	4	0
645	191	5	0
648	191	5	0
650	191	4	0
653	191	5	0
655	191	4	0
659	191	5	0
660	191	4	0
661	191	4	0
664	191	3	0
665	191	3	0
666	191	4	0
669	191	3	0
670	191	4	0
682	191	3	0
686	191	5	0
693	191	2	0
694	191	5	0
698	191	2	0
699	191	3	0
704	191	3	0
705	191	1	0
707	191	5	0
711	191	5	0
712	191	3	0
716	191	5	0
721	191	3	0
723	191	3	0
727	191	4	0
734	191	4	0
738	191	4	0
749	191	4	0
758	191	5	0
763	191	4	0
764	191	3	0
766	191	4	0
773	191	4	0
776	191	5	0
781	191	4	0
786	191	4	0
790	191	3	0
795	191	4	0
796	191	4	0
798	191	4	0
799	191	3	0
804	191	4	0
805	191	4	0
815	191	5	0
823	191	5	0
833	191	4	0
835	191	4	0
838	191	5	0
840	191	4	0
843	191	3	0
846	191	5	0
847	191	4	0
848	191	5	0
854	191	4	0
864	191	4	0
867	191	5	0
868	191	3	0
870	191	3	0
874	191	4	0
878	191	4	0
880	191	5	0
881	191	5	0
882	191	5	0
886	191	5	0
888	191	5	0
889	191	4	0
892	191	5	0
896	191	4	0
902	191	5	0
903	191	5	0
911	191	5	0
913	191	5	0
919	191	5	0
922	191	3	0
928	191	5	0
932	191	4	0
934	191	5	0
940	191	4	0
1	196	5	0
7	196	5	0
11	196	5	0
12	196	5	0
13	196	4	0
18	196	3	0
23	196	2	0
28	196	4	0
41	196	3	0
42	196	5	0
43	196	4	0
44	196	4	0
56	196	2	0
59	196	5	0
62	196	4	0
64	196	4	0
65	196	5	0
72	196	4	0
73	196	4	0
75	196	4	0
83	196	5	0
85	196	4	0
87	196	5	0
90	196	4	0
92	196	4	0
94	196	4	0
95	196	4	0
96	196	4	0
99	196	4	0
106	196	5	0
109	196	4	0
110	196	4	0
119	196	5	0
128	196	5	0
130	196	5	0
144	196	4	0
151	196	4	0
174	196	5	0
177	196	3	0
178	196	4	0
180	196	5	0
184	196	4	0
185	196	4	0
187	196	4	0
189	196	5	0
194	196	3	0
198	196	3	0
200	196	4	0
201	196	4	0
207	196	4	0
214	196	4	0
215	196	4	0
216	196	5	0
222	196	5	0
224	196	4	0
230	196	5	0
232	196	5	0
233	196	5	0
234	196	3	0
235	196	3	0
236	196	1	0
243	196	4	0
244	196	5	0
246	196	3	0
248	196	2	0
250	196	4	0
254	196	4	0
263	196	4	0
269	196	1	0
271	196	4	0
275	196	3	0
276	196	4	0
286	196	4	0
288	196	5	0
290	196	4	0
293	196	4	0
295	196	5	0
297	196	4	0
298	196	4	0
301	196	4	0
305	196	4	0
307	196	3	0
308	196	3	0
311	196	5	0
314	196	3	0
318	196	3	0
322	196	4	0
326	196	4	0
327	196	4	0
334	196	4	0
338	196	2	0
339	196	4	0
340	196	4	0
342	196	3	0
343	196	4	0
344	196	4	0
345	196	5	0
346	196	3	0
354	196	3	0
363	196	4	0
369	196	5	0
373	196	5	0
374	196	1	0
378	196	4	0
379	196	4	0
380	196	4	0
381	196	5	0
387	196	2	0
389	196	3	0
393	196	4	0
395	196	4	0
398	196	4	0
399	196	5	0
401	196	5	0
405	196	1	0
406	196	2	0
407	196	4	0
411	196	4	0
416	196	5	0
417	196	5	0
426	196	4	0
429	196	4	0
435	196	4	0
437	196	4	0
450	196	5	0
452	196	4	0
453	196	4	0
454	196	2	0
455	196	4	0
456	196	4	0
457	196	5	0
472	196	4	0
474	196	5	0
478	196	3	0
479	196	4	0
487	196	5	0
488	196	3	0
493	196	4	0
495	196	3	0
496	196	3	0
500	196	4	0
504	196	4	0
506	196	4	0
508	196	3	0
514	196	5	0
530	196	5	0
533	196	4	0
535	196	4	0
537	196	3	0
538	196	4	0
541	196	4	0
542	196	4	0
545	196	4	0
551	196	5	0
559	196	5	0
561	196	4	0
566	196	4	0
577	196	5	0
591	196	4	0
592	196	5	0
593	196	5	0
601	196	3	0
606	196	4	0
608	196	5	0
618	196	4	0
622	196	3	0
627	196	5	0
629	196	4	0
632	196	3	0
639	196	3	0
647	196	4	0
650	196	4	0
653	196	2	0
654	196	5	0
655	196	3	0
659	196	4	0
660	196	4	0
661	196	3	0
664	196	4	0
665	196	4	0
666	196	3	0
667	196	5	0
669	196	3	0
679	196	4	0
682	196	5	0
693	196	2	0
694	196	5	0
705	196	4	0
711	196	5	0
712	196	4	0
715	196	4	0
716	196	5	0
721	196	5	0
727	196	4	0
731	196	5	0
737	196	3	0
738	196	4	0
741	196	5	0
746	196	4	0
747	196	2	0
748	196	3	0
749	196	4	0
751	196	4	0
757	196	4	0
758	196	4	0
763	196	4	0
766	196	3	0
773	196	4	0
774	196	3	0
776	196	3	0
777	196	5	0
778	196	2	0
786	196	4	0
790	196	3	0
796	196	5	0
798	196	3	0
802	196	3	0
804	196	4	0
805	196	2	0
806	196	5	0
815	196	4	0
823	196	5	0
835	196	5	0
840	196	4	0
843	196	2	0
846	196	4	0
847	196	3	0
848	196	5	0
850	196	3	0
862	196	5	0
864	196	4	0
867	196	3	0
870	196	3	0
881	196	3	0
882	196	4	0
885	196	3	0
886	196	3	0
889	196	5	0
892	196	4	0
896	196	3	0
897	196	3	0
901	196	4	0
903	196	4	0
916	196	4	0
918	196	3	0
921	196	5	0
924	196	4	0
932	196	4	0
933	196	4	0
934	196	5	0
943	196	5	0
1	204	5	0
5	204	4	0
6	204	3	0
7	204	5	0
11	204	3	0
12	204	5	0
13	204	5	0
14	204	5	0
16	204	5	0
18	204	3	0
20	204	3	0
22	204	5	0
23	204	3	0
25	204	5	0
42	204	5	0
43	204	4	0
44	204	4	0
49	204	1	0
52	204	4	0
56	204	5	0
57	204	4	0
58	204	4	0
59	204	5	0
60	204	4	0
62	204	3	0
70	204	3	0
72	204	4	0
83	204	5	0
85	204	4	0
87	204	5	0
91	204	4	0
92	204	4	0
94	204	4	0
95	204	5	0
97	204	5	0
99	204	4	0
102	204	4	0
103	204	3	0
109	204	4	0
110	204	3	0
114	204	3	0
119	204	4	0
125	204	5	0
128	204	4	0
130	204	5	0
136	204	4	0
144	204	2	0
148	204	3	0
151	204	4	0
152	204	4	0
158	204	4	0
161	204	2	0
167	204	4	0
169	204	3	0
174	204	4	0
177	204	3	0
178	204	4	0
180	204	3	0
187	204	2	0
188	204	4	0
189	204	5	0
194	204	4	0
198	204	3	0
200	204	5	0
201	204	4	0
202	204	3	0
207	204	3	0
208	204	3	0
210	204	5	0
213	204	5	0
215	204	3	0
216	204	4	0
218	204	3	0
221	204	4	0
222	204	5	0
228	204	3	0
230	204	4	0
232	204	4	0
233	204	5	0
234	204	2	0
236	204	3	0
239	204	3	0
244	204	4	0
246	204	3	0
250	204	2	0
254	204	4	0
262	204	3	0
263	204	4	0
264	204	5	0
267	204	4	0
268	204	3	0
269	204	2	0
271	204	4	0
272	204	4	0
276	204	5	0
279	204	3	0
280	204	3	0
283	204	4	0
286	204	3	0
290	204	4	0
291	204	4	0
293	204	3	0
295	204	4	0
296	204	5	0
297	204	3	0
298	204	4	0
299	204	4	0
301	204	5	0
303	204	4	0
305	204	2	0
307	204	3	0
308	204	4	0
311	204	5	0
312	204	4	0
313	204	4	0
314	204	5	0
315	204	5	0
318	204	5	0
320	204	5	0
323	204	3	0
326	204	3	0
327	204	4	0
328	204	3	0
330	204	5	0
332	204	4	0
334	204	4	0
336	204	5	0
338	204	3	0
339	204	3	0
340	204	4	0
342	204	4	0
344	204	4	0
345	204	4	0
346	204	4	0
347	204	4	0
350	204	4	0
361	204	4	0
363	204	2	0
371	204	5	0
373	204	5	0
374	204	4	0
378	204	4	0
379	204	5	0
380	204	2	0
385	204	1	0
387	204	2	0
389	204	4	0
391	204	3	0
393	204	4	0
394	204	5	0
398	204	4	0
399	204	3	0
401	204	5	0
402	204	5	0
405	204	5	0
406	204	5	0
407	204	3	0
409	204	5	0
415	204	4	0
416	204	5	0
425	204	4	0
426	204	3	0
429	204	4	0
435	204	3	0
436	204	5	0
437	204	5	0
442	204	3	0
445	204	3	0
447	204	4	0
450	204	4	0
452	204	3	0
453	204	4	0
454	204	4	0
455	204	4	0
456	204	3	0
457	204	5	0
458	204	4	0
468	204	5	0
472	204	5	0
474	204	4	0
476	204	4	0
478	204	4	0
479	204	4	0
481	204	4	0
484	204	5	0
487	204	4	0
493	204	5	0
494	204	5	0
495	204	4	0
496	204	3	0
497	204	3	0
498	204	2	0
500	204	3	0
503	204	3	0
504	204	3	0
505	204	3	0
506	204	5	0
508	204	3	0
514	204	5	0
516	204	4	0
521	204	4	0
523	204	5	0
524	204	3	0
527	204	5	0
528	204	5	0
530	204	4	0
532	204	5	0
533	204	4	0
535	204	5	0
536	204	4	0
537	204	3	0
538	204	3	0
539	204	4	0
541	204	4	0
542	204	3	0
543	204	4	0
545	204	4	0
551	204	4	0
554	204	5	0
559	204	3	0
561	204	3	0
562	204	1	0
566	204	3	0
576	204	4	0
577	204	4	0
579	204	3	0
586	204	3	0
588	204	5	0
591	204	4	0
592	204	5	0
593	204	4	0
601	204	2	0
606	204	4	0
608	204	4	0
610	204	1	0
618	204	3	0
622	204	3	0
623	204	5	0
625	204	3	0
629	204	5	0
632	204	4	0
638	204	5	0
639	204	3	0
640	204	5	0
642	204	4	0
643	204	3	0
648	204	5	0
650	204	4	0
653	204	4	0
654	204	4	0
655	204	3	0
659	204	4	0
660	204	3	0
661	204	5	0
666	204	3	0
671	204	5	0
679	204	3	0
682	204	3	0
684	204	4	0
686	204	4	0
690	204	3	0
692	204	5	0
694	204	4	0
698	204	2	0
710	204	4	0
711	204	3	0
712	204	4	0
715	204	4	0
716	204	5	0
721	204	5	0
727	204	3	0
731	204	4	0
734	204	4	0
738	204	4	0
741	204	4	0
745	204	3	0
746	204	5	0
747	204	5	0
748	204	3	0
749	204	4	0
751	204	4	0
757	204	4	0
758	204	4	0
760	204	4	0
773	204	3	0
774	204	3	0
777	204	5	0
778	204	4	0
780	204	5	0
781	204	4	0
786	204	4	0
788	204	3	0
795	204	3	0
796	204	5	0
798	204	4	0
804	204	4	0
805	204	2	0
806	204	5	0
807	204	4	0
815	204	4	0
823	204	4	0
830	204	3	0
831	204	5	0
833	204	1	0
835	204	3	0
838	204	4	0
840	204	4	0
843	204	3	0
846	204	3	0
847	204	4	0
848	204	5	0
850	204	5	0
851	204	4	0
860	204	4	0
864	204	5	0
867	204	4	0
868	204	2	0
870	204	4	0
878	204	2	0
880	204	5	0
881	204	4	0
882	204	5	0
883	204	4	0
885	204	4	0
886	204	3	0
887	204	5	0
889	204	4	0
890	204	4	0
892	204	4	0
896	204	4	0
897	204	4	0
899	204	4	0
901	204	5	0
902	204	3	0
903	204	3	0
908	204	4	0
911	204	4	0
912	204	2	0
913	204	4	0
916	204	3	0
918	204	1	0
919	204	4	0
922	204	3	0
927	204	4	0
929	204	4	0
932	204	4	0
933	204	3	0
934	204	4	0
940	204	4	0
943	204	3	0
1	216	5	0
5	216	1	0
6	216	5	0
7	216	4	0
10	216	4	0
11	216	3	0
12	216	5	0
13	216	3	0
16	216	5	0
18	216	4	0
22	216	4	0
23	216	4	0
24	216	4	0
38	216	5	0
41	216	3	0
42	216	5	0
43	216	5	0
44	216	1	0
56	216	4	0
58	216	3	0
59	216	4	0
60	216	4	0
62	216	4	0
64	216	4	0
65	216	4	0
76	216	4	0
82	216	4	0
83	216	4	0
85	216	3	0
87	216	5	0
89	216	5	0
90	216	5	0
92	216	3	0
94	216	3	0
95	216	5	0
96	216	4	0
106	216	5	0
109	216	3	0
125	216	3	0
128	216	5	0
130	216	4	0
144	216	4	0
145	216	5	0
151	216	4	0
153	216	2	0
158	216	3	0
163	216	3	0
165	216	4	0
167	216	4	0
174	216	5	0
177	216	4	0
178	216	4	0
180	216	5	0
183	216	4	0
184	216	4	0
185	216	4	0
187	216	5	0
188	216	5	0
189	216	5	0
194	216	3	0
198	216	4	0
201	216	4	0
204	216	4	0
207	216	5	0
208	216	5	0
210	216	4	0
214	216	4	0
215	216	4	0
216	216	4	0
222	216	4	0
223	216	5	0
230	216	4	0
233	216	5	0
234	216	3	0
236	216	5	0
244	216	4	0
246	216	3	0
249	216	4	0
253	216	4	0
256	216	5	0
262	216	3	0
264	216	5	0
267	216	4	0
269	216	1	0
271	216	5	0
279	216	3	0
280	216	5	0
283	216	4	0
285	216	3	0
286	216	4	0
288	216	4	0
290	216	4	0
293	216	4	0
295	216	5	0
297	216	4	0
299	216	5	0
301	216	4	0
303	216	5	0
305	216	5	0
308	216	3	0
311	216	5	0
313	216	4	0
314	216	3	0
315	216	4	0
318	216	4	0
321	216	4	0
322	216	3	0
326	216	2	0
327	216	3	0
328	216	3	0
330	216	5	0
334	216	3	0
336	216	5	0
338	216	4	0
339	216	3	0
342	216	5	0
344	216	4	0
345	216	5	0
346	216	3	0
347	216	3	0
352	216	4	0
354	216	3	0
361	216	5	0
363	216	3	0
373	216	4	0
374	216	5	0
378	216	4	0
379	216	4	0
381	216	5	0
385	216	2	0
389	216	2	0
394	216	3	0
395	216	3	0
398	216	5	0
401	216	4	0
405	216	2	0
406	216	3	0
407	216	4	0
409	216	4	0
416	216	5	0
417	216	3	0
429	216	4	0
435	216	3	0
436	216	4	0
437	216	5	0
450	216	5	0
452	216	3	0
456	216	4	0
457	216	5	0
459	216	3	0
465	216	3	0
468	216	5	0
472	216	4	0
474	216	4	0
476	216	4	0
478	216	5	0
479	216	3	0
481	216	5	0
484	216	4	0
487	216	4	0
488	216	2	0
495	216	4	0
497	216	3	0
500	216	4	0
503	216	5	0
504	216	4	0
506	216	4	0
508	216	5	0
514	216	5	0
521	216	2	0
524	216	5	0
532	216	5	0
533	216	4	0
537	216	3	0
538	216	4	0
543	216	4	0
551	216	5	0
554	216	3	0
559	216	5	0
561	216	3	0
573	216	4	0
577	216	4	0
579	216	5	0
588	216	5	0
591	216	4	0
592	216	4	0
593	216	5	0
603	216	4	0
606	216	5	0
608	216	5	0
610	216	4	0
615	216	4	0
618	216	3	0
623	216	4	0
625	216	4	0
630	216	5	0
639	216	3	0
642	216	3	0
643	216	4	0
645	216	4	0
648	216	4	0
650	216	4	0
653	216	3	0
654	216	4	0
655	216	4	0
659	216	4	0
660	216	2	0
661	216	5	0
665	216	4	0
666	216	3	0
667	216	4	0
669	216	3	0
682	216	4	0
684	216	3	0
690	216	4	0
693	216	4	0
694	216	4	0
707	216	3	0
711	216	4	0
715	216	4	0
716	216	5	0
719	216	4	0
721	216	5	0
731	216	5	0
738	216	3	0
739	216	4	0
741	216	4	0
747	216	2	0
748	216	4	0
749	216	4	0
751	216	4	0
758	216	4	0
760	216	2	0
764	216	4	0
766	216	3	0
771	216	5	0
773	216	4	0
777	216	4	0
778	216	3	0
780	216	4	0
786	216	4	0
790	216	5	0
796	216	5	0
804	216	4	0
805	216	2	0
806	216	4	0
815	216	3	0
823	216	5	0
835	216	4	0
836	216	4	0
840	216	4	0
843	216	2	0
844	216	5	0
846	216	4	0
847	216	3	0
848	216	5	0
854	216	3	0
860	216	4	0
862	216	5	0
864	216	4	0
867	216	3	0
868	216	2	0
870	216	4	0
871	216	3	0
877	216	4	0
878	216	4	0
881	216	4	0
882	216	4	0
883	216	4	0
885	216	3	0
886	216	5	0
889	216	4	0
892	216	5	0
896	216	5	0
899	216	5	0
901	216	4	0
904	216	4	0
908	216	3	0
911	216	4	0
913	216	4	0
914	216	3	0
916	216	4	0
918	216	2	0
922	216	3	0
924	216	4	0
933	216	3	0
934	216	1	0
940	216	4	0
942	216	4	0
943	216	4	0
3	318	4	0
6	318	4	0
7	318	5	0
11	318	5	0
12	318	5	0
13	318	3	0
16	318	5	0
18	318	5	0
24	318	5	0
38	318	3	0
41	318	4	0
42	318	5	0
43	318	5	0
44	318	5	0
52	318	5	0
57	318	5	0
58	318	3	0
59	318	5	0
62	318	5	0
64	318	4	0
65	318	5	0
72	318	5	0
73	318	4	0
76	318	3	0
81	318	5	0
82	318	4	0
84	318	5	0
85	318	4	0
87	318	4	0
90	318	5	0
91	318	5	0
92	318	2	0
94	318	5	0
96	318	5	0
106	318	5	0
109	318	4	0
114	318	3	0
121	318	5	0
125	318	5	0
136	318	5	0
138	318	5	0
144	318	5	0
151	318	5	0
156	318	4	0
161	318	3	0
163	318	4	0
165	318	5	0
167	318	5	0
177	318	4	0
178	318	5	0
180	318	5	0
184	318	5	0
185	318	4	0
188	318	5	0
189	318	5	0
194	318	5	0
198	318	4	0
200	318	5	0
201	318	5	0
202	318	1	0
204	318	5	0
207	318	5	0
212	318	5	0
213	318	5	0
214	318	4	0
216	318	5	0
221	318	5	0
222	318	5	0
223	318	4	0
224	318	5	0
232	318	5	0
233	318	5	0
234	318	4	0
235	318	5	0
236	318	5	0
239	318	1	0
243	318	4	0
244	318	5	0
249	318	5	0
253	318	5	0
262	318	5	0
263	318	5	0
269	318	4	0
271	318	5	0
274	318	5	0
276	318	5	0
280	318	5	0
288	318	4	0
290	318	4	0
295	318	5	0
298	318	5	0
299	318	4	0
301	318	5	0
303	318	5	0
305	318	3	0
308	318	4	0
311	318	5	0
313	318	4	0
314	318	5	0
315	318	5	0
316	318	5	0
318	318	5	0
322	318	4	0
326	318	5	0
327	318	5	0
328	318	5	0
330	318	5	0
334	318	4	0
343	318	5	0
345	318	5	0
346	318	5	0
347	318	3	0
354	318	3	0
358	318	5	0
373	318	5	0
374	318	2	0
378	318	5	0
380	318	4	0
381	318	5	0
385	318	2	0
387	318	3	0
391	318	4	0
393	318	3	0
395	318	4	0
397	318	4	0
399	318	5	0
401	318	4	0
405	318	5	0
406	318	5	0
409	318	4	0
411	318	4	0
412	318	5	0
416	318	5	0
425	318	2	0
426	318	5	0
429	318	5	0
430	318	5	0
435	318	5	0
437	318	4	0
442	318	4	0
450	318	5	0
452	318	5	0
453	318	4	0
454	318	5	0
455	318	3	0
457	318	5	0
458	318	4	0
465	318	4	0
468	318	5	0
472	318	5	0
474	318	5	0
478	318	5	0
479	318	5	0
481	318	1	0
483	318	3	0
484	318	5	0
487	318	3	0
488	318	4	0
492	318	5	0
493	318	5	0
496	318	4	0
499	318	5	0
503	318	5	0
504	318	5	0
508	318	4	0
512	318	5	0
514	318	4	0
522	318	4	0
524	318	4	0
527	318	3	0
532	318	5	0
533	318	5	0
535	318	4	0
536	318	5	0
537	318	4	0
538	318	5	0
542	318	4	0
543	318	3	0
551	318	5	0
554	318	5	0
555	318	4	0
556	318	5	0
559	318	5	0
560	318	4	0
561	318	3	0
562	318	3	0
566	318	4	0
567	318	2	0
575	318	5	0
577	318	5	0
586	318	3	0
588	318	4	0
592	318	5	0
593	318	5	0
601	318	4	0
605	318	5	0
608	318	4	0
610	318	5	0
613	318	5	0
618	318	5	0
627	318	5	0
632	318	5	0
633	318	4	0
640	318	5	0
642	318	2	0
645	318	5	0
648	318	3	0
653	318	4	0
654	318	5	0
655	318	4	0
658	318	4	0
660	318	3	0
661	318	5	0
663	318	4	0
664	318	5	0
666	318	5	0
667	318	5	0
675	318	5	0
676	318	5	0
679	318	5	0
680	318	5	0
682	318	4	0
686	318	5	0
691	318	5	0
693	318	4	0
694	318	5	0
700	318	4	0
704	318	5	0
705	318	5	0
707	318	5	0
709	318	5	0
710	318	4	0
711	318	5	0
715	318	5	0
716	318	5	0
719	318	5	0
721	318	4	0
734	318	5	0
738	318	5	0
739	318	4	0
747	318	5	0
748	318	5	0
764	318	5	0
766	318	5	0
773	318	4	0
774	318	1	0
776	318	4	0
780	318	5	0
781	318	3	0
785	318	4	0
786	318	5	0
788	318	5	0
796	318	4	0
804	318	5	0
806	318	5	0
807	318	5	0
815	318	5	0
821	318	5	0
823	318	5	0
829	318	5	0
835	318	5	0
836	318	5	0
838	318	5	0
844	318	4	0
846	318	5	0
848	318	5	0
850	318	5	0
851	318	5	0
854	318	5	0
864	318	5	0
867	318	5	0
870	318	5	0
876	318	5	0
878	318	5	0
880	318	5	0
883	318	4	0
885	318	5	0
886	318	5	0
887	318	5	0
889	318	4	0
892	318	5	0
894	318	5	0
896	318	4	0
899	318	4	0
900	318	4	0
902	318	5	0
903	318	5	0
907	318	5	0
908	318	5	0
912	318	4	0
913	318	4	0
916	318	4	0
919	318	5	0
924	318	5	0
929	318	4	0
933	318	4	0
942	318	5	0
943	318	3	0
4	357	4	0
6	357	4	0
7	357	5	0
10	357	5	0
11	357	5	0
13	357	3	0
14	357	2	0
16	357	5	0
18	357	4	0
20	357	1	0
23	357	3	0
24	357	5	0
25	357	4	0
41	357	4	0
42	357	5	0
44	357	4	0
48	357	5	0
59	357	5	0
60	357	4	0
62	357	4	0
71	357	5	0
72	357	4	0
73	357	5	0
77	357	3	0
82	357	4	0
85	357	4	0
90	357	5	0
91	357	5	0
94	357	5	0
95	357	4	0
97	357	5	0
109	357	2	0
114	357	4	0
115	357	5	0
121	357	5	0
122	357	3	0
125	357	3	0
130	357	5	0
138	357	4	0
144	357	4	0
148	357	5	0
151	357	5	0
153	357	5	0
154	357	4	0
156	357	4	0
163	357	4	0
184	357	5	0
188	357	4	0
194	357	4	0
198	357	5	0
200	357	5	0
201	357	4	0
207	357	5	0
210	357	5	0
211	357	2	0
213	357	5	0
214	357	5	0
215	357	4	0
216	357	4	0
222	357	4	0
230	357	5	0
232	357	4	0
233	357	5	0
234	357	4	0
237	357	4	0
244	357	5	0
249	357	4	0
250	357	4	0
254	357	3	0
259	357	5	0
263	357	5	0
268	357	4	0
269	357	5	0
271	357	5	0
272	357	5	0
276	357	5	0
285	357	5	0
286	357	4	0
288	357	5	0
290	357	3	0
293	357	4	0
295	357	4	0
296	357	5	0
297	357	4	0
298	357	5	0
301	357	5	0
303	357	5	0
305	357	5	0
308	357	4	0
311	357	5	0
312	357	5	0
313	357	5	0
316	357	4	0
318	357	4	0
321	357	4	0
325	357	4	0
327	357	4	0
328	357	4	0
330	357	4	0
339	357	5	0
342	357	3	0
343	357	5	0
344	357	5	0
347	357	5	0
358	357	4	0
360	357	5	0
371	357	5	0
373	357	4	0
376	357	4	0
379	357	5	0
380	357	4	0
382	357	4	0
383	357	5	0
385	357	4	0
387	357	5	0
391	357	5	0
393	357	2	0
397	357	5	0
398	357	4	0
401	357	4	0
405	357	5	0
406	357	4	0
407	357	4	0
409	357	5	0
412	357	4	0
416	357	5	0
417	357	5	0
425	357	5	0
429	357	5	0
435	357	4	0
450	357	5	0
453	357	5	0
454	357	3	0
456	357	4	0
457	357	5	0
458	357	3	0
459	357	4	0
465	357	4	0
466	357	4	0
468	357	5	0
474	357	5	0
478	357	5	0
479	357	4	0
488	357	4	0
493	357	5	0
494	357	5	0
495	357	5	0
499	357	5	0
504	357	4	0
508	357	5	0
514	357	4	0
516	357	3	0
527	357	5	0
530	357	5	0
532	357	5	0
533	357	3	0
535	357	2	0
537	357	4	0
539	357	4	0
542	357	5	0
543	357	4	0
551	357	5	0
555	357	4	0
561	357	3	0
562	357	1	0
567	357	2	0
571	357	4	0
575	357	5	0
583	357	5	0
591	357	5	0
592	357	4	0
593	357	5	0
594	357	4	0
601	357	4	0
605	357	5	0
608	357	5	0
615	357	5	0
617	357	4	0
625	357	3	0
629	357	4	0
630	357	3	0
632	357	4	0
639	357	3	0
640	357	5	0
642	357	2	0
643	357	5	0
645	357	5	0
647	357	5	0
648	357	2	0
650	357	4	0
653	357	4	0
655	357	4	0
659	357	4	0
660	357	2	0
661	357	4	0
663	357	5	0
665	357	4	0
666	357	4	0
667	357	5	0
669	357	4	0
679	357	5	0
682	357	3	0
686	357	5	0
690	357	5	0
693	357	5	0
694	357	5	0
698	357	4	0
710	357	4	0
716	357	5	0
719	357	4	0
721	357	5	0
731	357	5	0
737	357	5	0
738	357	4	0
741	357	5	0
747	357	5	0
748	357	3	0
749	357	4	0
753	357	4	0
763	357	4	0
766	357	4	0
773	357	4	0
774	357	2	0
777	357	5	0
780	357	5	0
786	357	5	0
788	357	4	0
796	357	4	0
804	357	5	0
805	357	5	0
806	357	3	0
815	357	5	0
821	357	5	0
833	357	4	0
835	357	5	0
836	357	5	0
840	357	5	0
843	357	2	0
846	357	4	0
848	357	5	0
854	357	4	0
862	357	3	0
864	357	5	0
870	357	5	0
874	357	5	0
875	357	5	0
880	357	5	0
881	357	5	0
882	357	4	0
886	357	4	0
889	357	4	0
890	357	5	0
892	357	5	0
899	357	4	0
903	357	5	0
908	357	3	0
910	357	4	0
911	357	4	0
912	357	5	0
913	357	5	0
932	357	5	0
933	357	4	0
940	357	4	0
942	357	4	0
5	423	4	0
6	423	3	0
7	423	5	0
11	423	5	0
13	423	5	0
16	423	5	0
18	423	5	0
20	423	2	0
23	423	3	0
28	423	2	0
38	423	5	0
41	423	2	0
42	423	5	0
43	423	4	0
44	423	4	0
48	423	4	0
49	423	2	0
56	423	5	0
59	423	5	0
60	423	4	0
62	423	3	0
64	423	4	0
65	423	5	0
70	423	5	0
72	423	5	0
80	423	3	0
83	423	4	0
85	423	4	0
87	423	3	0
90	423	5	0
91	423	5	0
92	423	3	0
94	423	4	0
95	423	5	0
96	423	5	0
97	423	5	0
109	423	4	0
110	423	4	0
117	423	4	0
122	423	4	0
128	423	4	0
130	423	5	0
144	423	5	0
151	423	4	0
152	423	5	0
174	423	2	0
178	423	4	0
180	423	4	0
182	423	5	0
184	423	4	0
185	423	5	0
187	423	4	0
189	423	5	0
194	423	3	0
198	423	3	0
200	423	5	0
201	423	4	0
202	423	3	0
207	423	4	0
210	423	5	0
211	423	5	0
212	423	4	0
215	423	5	0
216	423	4	0
221	423	2	0
222	423	4	0
223	423	3	0
224	423	4	0
230	423	5	0
232	423	4	0
233	423	4	0
234	423	4	0
236	423	5	0
237	423	4	0
243	423	3	0
246	423	3	0
249	423	4	0
254	423	5	0
262	423	4	0
263	423	5	0
267	423	3	0
268	423	2	0
269	423	4	0
271	423	4	0
272	423	4	0
275	423	4	0
276	423	5	0
280	423	5	0
286	423	4	0
290	423	5	0
291	423	4	0
292	423	5	0
293	423	3	0
295	423	4	0
297	423	3	0
298	423	5	0
299	423	3	0
301	423	1	0
303	423	4	0
305	423	4	0
307	423	5	0
308	423	5	0
311	423	5	0
313	423	4	0
314	423	4	0
318	423	5	0
326	423	3	0
327	423	3	0
328	423	4	0
329	423	4	0
330	423	5	0
334	423	5	0
339	423	3	0
340	423	4	0
342	423	4	0
343	423	5	0
346	423	4	0
347	423	4	0
354	423	4	0
360	423	4	0
363	423	3	0
370	423	4	0
371	423	5	0
373	423	2	0
374	423	3	0
378	423	4	0
380	423	3	0
385	423	2	0
387	423	3	0
389	423	5	0
393	423	3	0
394	423	5	0
395	423	5	0
397	423	5	0
398	423	5	0
399	423	3	0
405	423	5	0
407	423	4	0
416	423	4	0
417	423	4	0
421	423	2	0
429	423	4	0
435	423	2	0
436	423	4	0
437	423	5	0
450	423	5	0
452	423	5	0
453	423	4	0
454	423	4	0
455	423	5	0
456	423	3	0
457	423	5	0
458	423	2	0
465	423	3	0
468	423	4	0
472	423	5	0
474	423	5	0
479	423	2	0
484	423	5	0
487	423	4	0
493	423	2	0
495	423	5	0
497	423	3	0
498	423	3	0
500	423	3	0
503	423	5	0
504	423	4	0
505	423	4	0
506	423	5	0
508	423	5	0
514	423	5	0
521	423	3	0
524	423	4	0
527	423	3	0
528	423	1	0
533	423	5	0
535	423	5	0
536	423	4	0
537	423	2	0
538	423	4	0
541	423	3	0
542	423	4	0
543	423	3	0
545	423	4	0
551	423	1	0
553	423	3	0
554	423	4	0
560	423	4	0
561	423	2	0
566	423	2	0
567	423	2	0
568	423	4	0
573	423	3	0
577	423	4	0
584	423	4	0
586	423	2	0
588	423	3	0
592	423	5	0
593	423	4	0
606	423	5	0
608	423	4	0
610	423	4	0
615	423	5	0
617	423	1	0
618	423	5	0
620	423	5	0
621	423	4	0
622	423	3	0
625	423	4	0
627	423	3	0
629	423	5	0
632	423	4	0
633	423	4	0
639	423	2	0
642	423	3	0
643	423	4	0
648	423	4	0
650	423	3	0
653	423	2	0
654	423	4	0
655	423	3	0
659	423	4	0
660	423	3	0
661	423	4	0
665	423	4	0
666	423	3	0
679	423	3	0
682	423	5	0
693	423	3	0
694	423	5	0
698	423	2	0
700	423	4	0
705	423	2	0
709	423	3	0
711	423	3	0
712	423	3	0
716	423	4	0
719	423	3	0
721	423	5	0
727	423	3	0
734	423	4	0
738	423	4	0
741	423	3	0
746	423	3	0
747	423	5	0
749	423	4	0
756	423	3	0
757	423	3	0
766	423	3	0
774	423	1	0
778	423	1	0
780	423	5	0
785	423	2	0
786	423	5	0
788	423	5	0
795	423	2	0
796	423	4	0
798	423	3	0
804	423	3	0
805	423	1	0
807	423	5	0
815	423	5	0
823	423	5	0
825	423	5	0
835	423	4	0
840	423	5	0
843	423	2	0
844	423	3	0
846	423	4	0
848	423	4	0
854	423	4	0
862	423	4	0
864	423	5	0
867	423	3	0
868	423	2	0
875	423	5	0
880	423	5	0
881	423	4	0
882	423	5	0
885	423	4	0
886	423	3	0
887	423	2	0
889	423	4	0
890	423	5	0
892	423	5	0
896	423	3	0
897	423	5	0
899	423	4	0
901	423	4	0
902	423	4	0
908	423	4	0
911	423	4	0
912	423	5	0
913	423	3	0
916	423	3	0
919	423	5	0
929	423	4	0
934	423	3	0
942	423	5	0
943	423	3	0
7	655	5	0
10	655	5	0
13	655	5	0
14	655	5	0
16	655	5	0
19	655	3	0
23	655	3	0
24	655	5	0
25	655	4	0
42	655	3	0
44	655	3	0
51	655	3	0
56	655	4	0
58	655	5	0
59	655	5	0
62	655	3	0
64	655	4	0
65	655	4	0
70	655	4	0
72	655	5	0
85	655	3	0
92	655	4	0
94	655	4	0
95	655	4	0
97	655	5	0
98	655	3	0
102	655	3	0
109	655	3	0
114	655	3	0
116	655	4	0
118	655	5	0
119	655	5	0
128	655	3	0
144	655	5	0
151	655	4	0
156	655	3	0
167	655	4	0
174	655	5	0
178	655	4	0
180	655	5	0
184	655	3	0
194	655	5	0
196	655	5	0
198	655	4	0
201	655	4	0
207	655	4	0
210	655	5	0
213	655	4	0
216	655	5	0
222	655	4	0
224	655	4	0
228	655	4	0
232	655	4	0
234	655	3	0
235	655	4	0
236	655	3	0
243	655	4	0
244	655	5	0
253	655	4	0
254	655	4	0
262	655	4	0
264	655	4	0
267	655	4	0
268	655	4	0
269	655	4	0
276	655	4	0
280	655	3	0
286	655	3	0
291	655	4	0
293	655	3	0
295	655	5	0
299	655	3	0
301	655	1	0
303	655	5	0
305	655	4	0
307	655	4	0
308	655	4	0
311	655	4	0
313	655	4	0
314	655	4	0
318	655	4	0
322	655	5	0
325	655	4	0
326	655	5	0
327	655	4	0
328	655	4	0
329	655	4	0
332	655	5	0
334	655	4	0
336	655	3	0
339	655	4	0
342	655	4	0
343	655	5	0
345	655	4	0
347	655	5	0
354	655	3	0
361	655	3	0
371	655	4	0
373	655	5	0
378	655	4	0
379	655	5	0
387	655	3	0
393	655	3	0
394	655	5	0
398	655	4	0
399	655	3	0
401	655	3	0
405	655	5	0
406	655	3	0
407	655	4	0
411	655	4	0
416	655	5	0
417	655	4	0
426	655	4	0
429	655	3	0
435	655	2	0
436	655	5	0
437	655	4	0
450	655	4	0
453	655	3	0
454	655	3	0
456	655	3	0
457	655	5	0
462	655	5	0
468	655	5	0
472	655	5	0
474	655	5	0
476	655	4	0
478	655	3	0
479	655	4	0
484	655	5	0
488	655	3	0
495	655	5	0
497	655	4	0
504	655	4	0
506	655	4	0
508	655	4	0
514	655	4	0
521	655	4	0
527	655	3	0
532	655	5	0
535	655	4	0
537	655	3	0
538	655	3	0
541	655	4	0
542	655	4	0
551	655	5	0
553	655	4	0
561	655	3	0
577	655	4	0
579	655	3	0
583	655	5	0
586	655	4	0
588	655	3	0
591	655	4	0
592	655	5	0
593	655	3	0
606	655	4	0
608	655	5	0
618	655	4	0
625	655	3	0
627	655	4	0
629	655	5	0
632	655	3	0
639	655	3	0
643	655	4	0
655	655	3	0
659	655	4	0
663	655	4	0
664	655	3	0
666	655	4	0
682	655	5	0
690	655	4	0
693	655	3	0
704	655	3	0
705	655	3	0
711	655	4	0
712	655	5	0
715	655	4	0
716	655	4	0
719	655	4	0
721	655	2	0
731	655	5	0
738	655	3	0
747	655	3	0
748	655	3	0
749	655	5	0
751	655	3	0
773	655	3	0
774	655	1	0
786	655	4	0
788	655	3	0
795	655	3	0
796	655	3	0
804	655	4	0
805	655	3	0
806	655	3	0
815	655	3	0
823	655	5	0
833	655	2	0
840	655	5	0
843	655	3	0
846	655	3	0
848	655	4	0
862	655	5	0
864	655	4	0
867	655	4	0
868	655	4	0
870	655	4	0
878	655	3	0
880	655	4	0
881	655	4	0
885	655	3	0
886	655	4	0
887	655	1	0
889	655	4	0
890	655	3	0
896	655	4	0
899	655	4	0
903	655	5	0
911	655	5	0
912	655	5	0
913	655	4	0
916	655	3	0
922	655	2	0
940	655	4	0
943	655	4	0
