1	4	3	0
7	4	5	0
10	4	4	0
12	4	5	0
13	4	5	0
16	4	5	0
18	4	3	0
19	4	4	0
22	4	5	0
43	4	4	0
49	4	2	0
59	4	4	0
62	4	4	0
64	4	3	0
77	4	3	0
83	4	2	0
84	4	3	0
87	4	5	0
92	4	4	0
94	4	4	0
99	4	5	0
102	4	2	0
109	4	2	0
115	4	4	0
130	4	2	0
144	4	4	0
151	4	5	0
158	4	4	0
160	4	4	0
189	4	5	0
194	4	4	0
197	4	3	0
198	4	3	0
201	4	4	0
207	4	4	0
210	4	4	0
216	4	5	0
218	4	3	0
219	4	4	0
221	4	3	0
222	4	3	0
232	4	4	0
233	4	3	0
234	4	4	0
249	4	4	0
253	4	4	0
256	4	5	0
264	4	4	0
268	4	4	0
271	4	5	0
276	4	4	0
279	4	4	0
280	4	3	0
286	4	5	0
287	4	4	0
291	4	4	0
293	4	4	0
295	4	4	0
297	4	1	0
299	4	3	0
301	4	4	0
303	4	4	0
308	4	5	0
312	4	3	0
315	4	4	0
318	4	2	0
320	4	3	0
326	4	1	0
327	4	4	0
328	4	3	0
334	4	3	0
336	4	4	0
339	4	4	0
342	4	4	0
343	4	5	0
344	4	4	0
345	4	4	0
346	4	4	0
347	4	4	0
352	4	3	0
363	4	5	0
373	4	4	0
374	4	2	0
378	4	3	0
379	4	5	0
385	4	2	0
387	4	3	0
389	4	4	0
393	4	4	0
394	4	4	0
398	4	2	0
405	4	4	0
406	4	2	0
407	4	4	0
411	4	4	0
412	4	3	0
416	4	4	0
417	4	3	0
421	4	3	0
425	4	4	0
429	4	4	0
435	4	4	0
450	4	3	0
453	4	4	0
455	4	3	0
456	4	3	0
457	4	4	0
466	4	3	0
468	4	5	0
472	4	3	0
474	4	5	0
476	4	4	0
481	4	3	0
484	4	4	0
487	4	4	0
495	4	3	0
497	4	3	0
504	4	4	0
514	4	4	0
524	4	4	0
527	4	2	0
532	4	5	0
533	4	3	0
535	4	3	0
537	4	2	0
538	4	3	0
543	4	4	0
551	4	2	0
554	4	2	0
559	4	4	0
561	4	3	0
562	4	1	0
577	4	4	0
579	4	2	0
591	4	4	0
592	4	4	0
593	4	4	0
600	4	4	0
608	4	3	0
618	4	2	0
621	4	4	0
622	4	4	0
625	4	4	0
627	4	2	0
629	4	3	0
638	4	4	0
640	4	4	0
642	4	3	0
643	4	4	0
645	4	4	0
648	4	1	0
650	4	3	0
653	4	3	0
654	4	4	0
655	4	2	0
659	4	3	0
664	4	4	0
666	4	5	0
671	4	5	0
682	4	3	0
690	4	3	0
707	4	3	0
709	4	3	0
712	4	4	0
715	4	4	0
716	4	2	0
738	4	4	0
747	4	4	0
748	4	4	0
749	4	4	0
757	4	5	0
758	4	4	0
763	4	5	0
764	4	3	0
771	4	1	0
774	4	2	0
780	4	3	0
786	4	4	0
788	4	3	0
790	4	3	0
795	4	4	0
796	4	5	0
804	4	4	0
805	4	2	0
823	4	5	0
826	4	4	0
833	4	3	0
846	4	5	0
851	4	5	0
854	4	2	0
860	4	4	0
864	4	4	0
870	4	2	0
871	4	3	0
875	4	3	0
880	4	4	0
881	4	3	0
882	4	4	0
883	4	4	0
886	4	3	0
889	4	3	0
896	4	3	0
903	4	4	0
913	4	4	0
916	4	4	0
919	4	1	0
933	4	3	0
934	4	5	0
940	4	2	0
1	11	2	0
4	11	4	0
7	11	3	0
8	11	3	0
10	11	4	0
11	11	2	0
13	11	1	0
16	11	5	0
20	11	2	0
24	11	5	0
28	11	4	0
37	11	4	0
43	11	5	0
44	11	3	0
49	11	3	0
56	11	4	0
57	11	3	0
58	11	5	0
59	11	5	0
64	11	4	0
82	11	4	0
90	11	4	0
92	11	4	0
94	11	5	0
99	11	5	0
102	11	3	0
109	11	4	0
110	11	4	0
115	11	4	0
116	11	5	0
117	11	5	0
119	11	5	0
121	11	2	0
122	11	1	0
124	11	5	0
130	11	5	0
145	11	5	0
156	11	2	0
158	11	4	0
160	11	4	0
162	11	4	0
174	11	5	0
175	11	5	0
177	11	4	0
178	11	5	0
184	11	3	0
188	11	5	0
197	11	1	0
198	11	4	0
200	11	5	0
201	11	4	0
207	11	3	0
213	11	4	0
214	11	5	0
215	11	2	0
216	11	5	0
217	11	4	0
222	11	5	0
223	11	3	0
224	11	3	0
230	11	4	0
234	11	2	0
246	11	4	0
248	11	5	0
249	11	5	0
256	11	5	0
262	11	4	0
268	11	4	0
269	11	3	0
271	11	4	0
272	11	4	0
276	11	5	0
280	11	5	0
286	11	5	0
287	11	5	0
291	11	4	0
292	11	5	0
293	11	3	0
295	11	4	0
296	11	5	0
297	11	4	0
301	11	4	0
303	11	4	0
305	11	1	0
308	11	5	0
314	11	5	0
320	11	4	0
323	11	5	0
327	11	4	0
328	11	3	0
329	11	3	0
330	11	4	0
331	11	2	0
332	11	5	0
334	11	4	0
339	11	4	0
342	11	5	0
343	11	5	0
344	11	3	0
345	11	4	0
346	11	4	0
347	11	5	0
363	11	5	0
368	11	4	0
374	11	4	0
376	11	4	0
378	11	3	0
387	11	3	0
391	11	3	0
392	11	4	0
393	11	3	0
399	11	4	0
401	11	2	0
405	11	4	0
406	11	4	0
414	11	5	0
416	11	4	0
417	11	5	0
421	11	2	0
425	11	3	0
429	11	4	0
435	11	5	0
436	11	5	0
437	11	1	0
442	11	4	0
447	11	4	0
450	11	5	0
453	11	5	0
454	11	1	0
455	11	3	0
457	11	4	0
462	11	5	0
466	11	3	0
472	11	5	0
474	11	5	0
478	11	4	0
487	11	5	0
488	11	1	0
493	11	3	0
495	11	5	0
496	11	4	0
497	11	3	0
498	11	3	0
499	11	3	0
505	11	4	0
512	11	5	0
514	11	4	0
521	11	4	0
522	11	4	0
527	11	4	0
532	11	5	0
535	11	4	0
537	11	3	0
538	11	4	0
542	11	2	0
543	11	3	0
551	11	5	0
554	11	4	0
560	11	4	0
561	11	4	0
566	11	3	0
577	11	2	0
586	11	3	0
592	11	5	0
593	11	4	0
600	11	5	0
603	11	5	0
606	11	5	0
608	11	5	0
610	11	4	0
618	11	4	0
619	11	2	0
622	11	4	0
627	11	4	0
629	11	2	0
630	11	5	0
632	11	4	0
640	11	4	0
643	11	4	0
645	11	4	0
653	11	2	0
654	11	4	0
655	11	2	0
663	11	5	0
666	11	4	0
671	11	4	0
682	11	4	0
686	11	4	0
693	11	4	0
709	11	5	0
715	11	4	0
716	11	4	0
727	11	3	0
737	11	3	0
747	11	5	0
749	11	5	0
751	11	1	0
757	11	4	0
758	11	3	0
763	11	4	0
764	11	4	0
773	11	2	0
778	11	5	0
788	11	2	0
804	11	4	0
805	11	2	0
826	11	4	0
833	11	5	0
840	11	3	0
846	11	5	0
847	11	3	0
851	11	5	0
854	11	5	0
862	11	4	0
864	11	5	0
867	11	3	0
870	11	4	0
871	11	3	0
880	11	4	0
881	11	4	0
882	11	4	0
883	11	2	0
886	11	5	0
889	11	5	0
892	11	3	0
893	11	4	0
896	11	2	0
897	11	2	0
903	11	2	0
913	11	4	0
916	11	4	0
919	11	4	0
922	11	5	0
927	11	5	0
933	11	4	0
943	11	4	0
1	12	5	0
6	12	4	0
7	12	5	0
10	12	5	0
11	12	2	0
13	12	5	0
14	12	5	0
16	12	5	0
18	12	5	0
24	12	5	0
28	12	4	0
29	12	5	0
42	12	4	0
43	12	5	0
49	12	4	0
58	12	5	0
59	12	5	0
60	12	4	0
62	12	4	0
64	12	5	0
69	12	5	0
72	12	5	0
73	12	5	0
76	12	3	0
84	12	5	0
90	12	5	0
92	12	5	0
94	12	4	0
99	12	5	0
106	12	4	0
109	12	4	0
110	12	4	0
115	12	5	0
117	12	5	0
119	12	3	0
121	12	5	0
130	12	4	0
132	12	4	0
135	12	4	0
138	12	5	0
144	12	4	0
145	12	5	0
151	12	5	0
156	12	3	0
174	12	5	0
175	12	4	0
177	12	5	0
178	12	5	0
180	12	2	0
186	12	1	0
194	12	5	0
201	12	4	0
204	12	4	0
207	12	3	0
213	12	5	0
214	12	5	0
216	12	5	0
218	12	5	0
221	12	5	0
222	12	5	0
226	12	5	0
233	12	2	0
234	12	1	0
239	12	5	0
246	12	5	0
249	12	5	0
250	12	5	0
251	12	4	0
253	12	5	0
256	12	5	0
259	12	5	0
264	12	5	0
267	12	5	0
268	12	4	0
271	12	4	0
272	12	5	0
276	12	5	0
279	12	2	0
280	12	5	0
288	12	4	0
291	12	5	0
293	12	4	0
297	12	5	0
299	12	5	0
301	12	4	0
303	12	4	0
305	12	5	0
308	12	5	0
311	12	4	0
314	12	4	0
315	12	5	0
318	12	4	0
322	12	4	0
327	12	3	0
328	12	5	0
329	12	4	0
332	12	5	0
334	12	5	0
339	12	5	0
342	12	5	0
343	12	5	0
344	12	5	0
345	12	5	0
346	12	5	0
347	12	3	0
352	12	4	0
361	12	4	0
363	12	5	0
370	12	4	0
372	12	4	0
373	12	5	0
374	12	4	0
378	12	5	0
379	12	5	0
380	12	5	0
385	12	3	0
387	12	5	0
391	12	5	0
393	12	5	0
394	12	4	0
397	12	4	0
398	12	3	0
399	12	3	0
402	12	4	0
405	12	5	0
406	12	4	0
409	12	4	0
416	12	5	0
417	12	4	0
421	12	5	0
425	12	5	0
429	12	5	0
430	12	4	0
433	12	5	0
435	12	5	0
437	12	5	0
442	12	4	0
443	12	5	0
445	12	2	0
447	12	5	0
450	12	4	0
453	12	5	0
454	12	3	0
455	12	3	0
456	12	3	0
457	12	5	0
458	12	5	0
464	12	5	0
465	12	4	0
468	12	4	0
472	12	5	0
474	12	5	0
478	12	5	0
480	12	5	0
483	12	2	0
487	12	5	0
491	12	5	0
493	12	3	0
497	12	4	0
498	12	4	0
499	12	5	0
503	12	3	0
506	12	5	0
514	12	5	0
521	12	5	0
522	12	5	0
524	12	3	0
527	12	4	0
532	12	5	0
533	12	4	0
537	12	3	0
538	12	4	0
542	12	4	0
543	12	5	0
548	12	5	0
551	12	4	0
556	12	5	0
557	12	5	0
559	12	3	0
560	12	5	0
561	12	5	0
566	12	4	0
567	12	4	0
577	12	4	0
583	12	5	0
588	12	5	0
592	12	5	0
601	12	3	0
603	12	5	0
605	12	4	0
606	12	2	0
610	12	5	0
613	12	5	0
618	12	4	0
622	12	5	0
627	12	4	0
629	12	5	0
630	12	4	0
632	12	5	0
639	12	3	0
640	12	5	0
643	12	5	0
654	12	5	0
655	12	3	0
663	12	5	0
664	12	5	0
665	12	4	0
666	12	4	0
669	12	5	0
671	12	5	0
673	12	4	0
682	12	5	0
686	12	5	0
690	12	4	0
693	12	4	0
707	12	3	0
710	12	4	0
715	12	4	0
727	12	5	0
737	12	4	0
745	12	5	0
747	12	4	0
758	12	5	0
763	12	5	0
773	12	3	0
774	12	3	0
785	12	4	0
788	12	5	0
795	12	4	0
796	12	5	0
805	12	4	0
806	12	5	0
823	12	4	0
825	12	5	0
831	12	5	0
833	12	5	0
836	12	5	0
838	12	4	0
844	12	5	0
846	12	5	0
851	12	4	0
854	12	5	0
862	12	5	0
864	12	5	0
867	12	5	0
868	12	5	0
870	12	4	0
875	12	5	0
880	12	5	0
883	12	4	0
886	12	5	0
889	12	5	0
892	12	5	0
894	12	5	0
896	12	3	0
901	12	5	0
903	12	5	0
908	12	3	0
910	12	4	0
913	12	4	0
916	12	4	0
919	12	3	0
924	12	4	0
929	12	4	0
933	12	4	0
940	12	4	0
943	12	5	0
1	31	3	0
7	31	4	0
16	31	5	0
28	31	4	0
41	31	3	0
44	31	4	0
56	31	4	0
64	31	4	0
77	31	3	0
83	31	5	0
84	31	4	0
90	31	4	0
91	31	5	0
92	31	4	0
94	31	4	0
95	31	4	0
109	31	4	0
110	31	3	0
119	31	5	0
130	31	4	0
144	31	3	0
145	31	5	0
151	31	3	0
174	31	4	0
175	31	4	0
178	31	4	0
186	31	4	0
189	31	3	0
194	31	3	0
198	31	3	0
201	31	1	0
213	31	4	0
222	31	5	0
233	31	3	0
234	31	4	0
244	31	4	0
249	31	4	0
256	31	5	0
263	31	4	0
267	31	4	0
268	31	4	0
271	31	4	0
276	31	4	0
279	31	3	0
280	31	4	0
290	31	4	0
291	31	4	0
293	31	2	0
297	31	3	0
301	31	3	0
303	31	3	0
308	31	3	0
311	31	4	0
313	31	4	0
315	31	3	0
327	31	2	0
328	31	4	0
330	31	5	0
331	31	2	0
332	31	4	0
346	31	4	0
347	31	5	0
370	31	3	0
371	31	5	0
373	31	3	0
374	31	5	0
378	31	4	0
380	31	1	0
387	31	3	0
391	31	2	0
393	31	4	0
394	31	3	0
398	31	3	0
399	31	3	0
405	31	1	0
416	31	5	0
429	31	3	0
435	31	5	0
442	31	3	0
447	31	4	0
455	31	4	0
457	31	4	0
468	31	3	0
474	31	4	0
479	31	4	0
487	31	5	0
488	31	4	0
497	31	3	0
500	31	4	0
505	31	4	0
506	31	4	0
514	31	4	0
521	31	3	0
524	31	4	0
528	31	5	0
533	31	3	0
536	31	3	0
538	31	3	0
545	31	4	0
548	31	5	0
551	31	4	0
554	31	4	0
561	31	2	0
566	31	3	0
577	31	4	0
586	31	4	0
588	31	3	0
606	31	4	0
618	31	4	0
622	31	3	0
630	31	2	0
655	31	3	0
658	31	3	0
661	31	3	0
663	31	4	0
664	31	4	0
665	31	3	0
666	31	3	0
671	31	2	0
682	31	3	0
694	31	4	0
715	31	4	0
716	31	3	0
741	31	3	0
747	31	4	0
749	31	5	0
757	31	4	0
758	31	3	0
764	31	4	0
774	31	1	0
796	31	4	0
804	31	4	0
815	31	4	0
823	31	5	0
831	31	4	0
846	31	4	0
851	31	4	0
864	31	4	0
867	31	5	0
870	31	4	0
877	31	4	0
880	31	4	0
881	31	5	0
889	31	3	0
892	31	4	0
896	31	3	0
899	31	3	0
900	31	2	0
916	31	3	0
919	31	3	0
924	31	3	0
929	31	2	0
942	31	5	0
943	31	4	0
1	55	5	0
8	55	5	0
16	55	5	0
23	55	4	0
24	55	5	0
37	55	3	0
44	55	4	0
49	55	4	0
59	55	5	0
62	55	5	0
87	55	4	0
92	55	3	0
94	55	4	0
102	55	3	0
109	55	2	0
110	55	3	0
118	55	5	0
130	55	5	0
135	55	4	0
137	55	5	0
142	55	2	0
144	55	4	0
145	55	3	0
158	55	4	0
160	55	4	0
162	55	3	0
177	55	3	0
178	55	4	0
183	55	4	0
186	55	4	0
195	55	4	0
197	55	3	0
198	55	3	0
201	55	4	0
207	55	3	0
213	55	5	0
214	55	4	0
216	55	5	0
218	55	4	0
221	55	4	0
246	55	4	0
248	55	4	0
249	55	5	0
250	55	5	0
251	55	3	0
262	55	3	0
267	55	4	0
268	55	4	0
269	55	4	0
276	55	4	0
286	55	4	0
291	55	4	0
293	55	4	0
296	55	5	0
297	55	4	0
299	55	2	0
303	55	4	0
308	55	3	0
315	55	5	0
327	55	4	0
328	55	4	0
339	55	3	0
343	55	3	0
346	55	5	0
347	55	5	0
352	55	1	0
361	55	2	0
363	55	5	0
371	55	4	0
374	55	2	0
378	55	4	0
385	55	2	0
387	55	3	0
393	55	4	0
399	55	2	0
405	55	1	0
416	55	2	0
417	55	5	0
425	55	4	0
429	55	4	0
435	55	5	0
442	55	3	0
445	55	1	0
447	55	4	0
453	55	4	0
454	55	2	0
466	55	4	0
468	55	5	0
474	55	4	0
479	55	4	0
487	55	5	0
495	55	2	0
497	55	3	0
499	55	4	0
506	55	4	0
524	55	2	0
545	55	3	0
548	55	5	0
551	55	5	0
559	55	4	0
561	55	4	0
577	55	3	0
583	55	4	0
592	55	4	0
606	55	4	0
618	55	2	0
619	55	1	0
621	55	5	0
627	55	4	0
629	55	4	0
632	55	2	0
640	55	5	0
643	55	4	0
645	55	3	0
650	55	4	0
653	55	3	0
655	55	2	0
658	55	4	0
671	55	3	0
682	55	4	0
727	55	3	0
739	55	1	0
751	55	4	0
756	55	5	0
763	55	4	0
788	55	4	0
804	55	4	0
805	55	5	0
823	55	4	0
826	55	5	0
833	55	3	0
844	55	4	0
846	55	5	0
854	55	4	0
864	55	4	0
868	55	5	0
870	55	3	0
875	55	3	0
877	55	4	0
880	55	3	0
883	55	4	0
886	55	4	0
889	55	4	0
896	55	3	0
897	55	3	0
908	55	3	0
916	55	3	0
932	55	3	0
943	55	5	0
1	58	4	0
11	58	3	0
13	58	4	0
16	58	4	0
18	58	4	0
24	58	3	0
41	58	3	0
42	58	5	0
43	58	3	0
59	58	4	0
64	58	3	0
72	58	4	0
80	58	4	0
85	58	4	0
92	58	4	0
94	58	5	0
95	58	3	0
109	58	4	0
128	58	3	0
130	58	2	0
144	58	3	0
151	58	4	0
156	58	4	0
178	58	5	0
184	58	4	0
194	58	4	0
198	58	3	0
200	58	4	0
201	58	4	0
207	58	3	0
210	58	4	0
216	58	4	0
222	58	3	0
233	58	3	0
236	58	2	0
237	58	4	0
239	58	5	0
244	58	3	0
247	58	4	0
249	58	5	0
262	58	3	0
263	58	4	0
269	58	2	0
271	58	3	0
276	58	4	0
280	58	4	0
292	58	5	0
298	58	4	0
299	58	3	0
301	58	4	0
308	58	3	0
311	58	3	0
313	58	3	0
316	58	3	0
318	58	4	0
325	58	3	0
328	58	4	0
330	58	5	0
331	58	3	0
334	58	4	0
339	58	3	0
342	58	5	0
343	58	4	0
344	58	3	0
345	58	4	0
346	58	3	0
354	58	3	0
363	58	3	0
373	58	4	0
378	58	4	0
380	58	2	0
383	58	4	0
385	58	4	0
387	58	4	0
389	58	4	0
391	58	4	0
392	58	4	0
393	58	3	0
397	58	5	0
398	58	4	0
399	58	3	0
405	58	1	0
406	58	4	0
409	58	4	0
411	58	3	0
416	58	5	0
417	58	3	0
429	58	4	0
435	58	3	0
437	58	4	0
450	58	3	0
452	58	3	0
454	58	4	0
455	58	3	0
457	58	4	0
458	58	5	0
468	58	4	0
474	58	4	0
479	58	4	0
487	58	5	0
488	58	3	0
500	58	3	0
503	58	4	0
504	58	3	0
506	58	4	0
514	58	4	0
524	58	4	0
528	58	5	0
532	58	4	0
533	58	4	0
535	58	5	0
537	58	4	0
538	58	4	0
539	58	3	0
542	58	4	0
551	58	5	0
554	58	4	0
557	58	4	0
560	58	3	0
561	58	3	0
577	58	4	0
592	58	5	0
593	58	4	0
601	58	1	0
606	58	3	0
608	58	2	0
627	58	5	0
629	58	4	0
632	58	3	0
639	58	3	0
642	58	3	0
643	58	4	0
655	58	3	0
659	58	4	0
661	58	4	0
664	58	4	0
682	58	3	0
693	58	3	0
704	58	3	0
705	58	2	0
707	58	3	0
711	58	4	0
715	58	4	0
716	58	5	0
719	58	3	0
721	58	2	0
737	58	4	0
747	58	3	0
748	58	4	0
749	58	3	0
757	58	3	0
758	58	4	0
774	58	1	0
788	58	4	0
795	58	4	0
796	58	3	0
805	58	4	0
823	58	5	0
833	58	2	0
846	58	4	0
854	58	3	0
864	58	5	0
870	58	5	0
881	58	3	0
883	58	3	0
886	58	4	0
889	58	3	0
892	58	4	0
896	58	3	0
901	58	4	0
913	58	5	0
916	58	5	0
919	58	5	0
933	58	3	0
943	58	4	0
1	87	5	0
6	87	4	0
13	87	5	0
16	87	4	0
20	87	5	0
42	87	4	0
44	87	5	0
56	87	4	0
59	87	4	0
64	87	4	0
65	87	5	0
72	87	4	0
80	87	4	0
82	87	3	0
84	87	5	0
85	87	4	0
87	87	4	0
92	87	3	0
96	87	4	0
119	87	5	0
125	87	5	0
144	87	5	0
151	87	4	0
174	87	5	0
177	87	4	0
178	87	4	0
194	87	4	0
201	87	3	0
207	87	4	0
212	87	5	0
215	87	5	0
222	87	3	0
228	87	1	0
234	87	3	0
235	87	4	0
253	87	5	0
263	87	4	0
271	87	3	0
279	87	1	0
293	87	4	0
303	87	3	0
305	87	1	0
308	87	4	0
321	87	3	0
327	87	3	0
343	87	4	0
344	87	4	0
345	87	5	0
347	87	3	0
354	87	3	0
363	87	3	0
374	87	5	0
378	87	4	0
385	87	3	0
389	87	5	0
393	87	4	0
398	87	4	0
405	87	1	0
406	87	3	0
409	87	3	0
416	87	5	0
421	87	4	0
429	87	3	0
437	87	3	0
445	87	3	0
450	87	5	0
454	87	4	0
455	87	3	0
465	87	4	0
466	87	3	0
474	87	4	0
484	87	5	0
487	87	5	0
488	87	5	0
496	87	5	0
497	87	3	0
499	87	4	0
514	87	5	0
521	87	3	0
527	87	3	0
532	87	5	0
533	87	4	0
535	87	5	0
536	87	3	0
537	87	3	0
542	87	3	0
554	87	4	0
555	87	4	0
559	87	4	0
561	87	3	0
577	87	5	0
592	87	4	0
601	87	4	0
606	87	4	0
615	87	4	0
618	87	3	0
621	87	5	0
629	87	5	0
639	87	3	0
643	87	5	0
645	87	4	0
653	87	4	0
654	87	4	0
655	87	3	0
660	87	2	0
682	87	5	0
715	87	4	0
719	87	2	0
721	87	3	0
727	87	4	0
747	87	5	0
749	87	4	0
751	87	5	0
763	87	2	0
781	87	4	0
796	87	5	0
798	87	3	0
804	87	4	0
815	87	5	0
823	87	5	0
830	87	4	0
838	87	4	0
846	87	4	0
854	87	4	0
864	87	5	0
870	87	5	0
880	87	4	0
886	87	4	0
887	87	5	0
889	87	4	0
892	87	5	0
896	87	4	0
902	87	4	0
903	87	4	0
911	87	5	0
916	87	3	0
921	87	2	0
933	87	4	0
1	92	3	0
7	92	5	0
13	92	3	0
16	92	4	0
24	92	5	0
37	92	4	0
59	92	5	0
76	92	4	0
92	92	4	0
94	92	4	0
99	92	4	0
115	92	4	0
158	92	4	0
177	92	4	0
178	92	3	0
184	92	3	0
197	92	1	0
201	92	3	0
207	92	2	0
214	92	4	0
221	92	4	0
222	92	3	0
224	92	1	0
226	92	2	0
244	92	4	0
246	92	1	0
249	92	5	0
250	92	5	0
256	92	1	0
262	92	3	0
267	92	4	0
268	92	4	0
276	92	4	0
279	92	4	0
280	92	3	0
287	92	4	0
291	92	4	0
293	92	4	0
297	92	3	0
303	92	4	0
308	92	4	0
320	92	5	0
322	92	4	0
327	92	4	0
339	92	4	0
342	92	4	0
346	92	4	0
352	92	3	0
385	92	3	0
387	92	4	0
405	92	1	0
406	92	4	0
412	92	3	0
416	92	3	0
425	92	5	0
429	92	4	0
436	92	3	0
442	92	5	0
450	92	4	0
456	92	4	0
466	92	4	0
474	92	4	0
487	92	4	0
506	92	3	0
524	92	4	0
537	92	3	0
551	92	5	0
561	92	3	0
586	92	3	0
592	92	5	0
600	92	3	0
608	92	3	0
627	92	4	0
629	92	4	0
640	92	4	0
643	92	4	0
645	92	3	0
655	92	3	0
664	92	4	0
665	92	4	0
666	92	3	0
682	92	5	0
709	92	4	0
710	92	3	0
715	92	3	0
727	92	2	0
741	92	3	0
756	92	3	0
773	92	4	0
823	92	5	0
826	92	4	0
833	92	2	0
846	92	4	0
851	92	5	0
862	92	5	0
870	92	4	0
871	92	3	0
880	92	4	0
886	92	3	0
889	92	3	0
896	92	1	0
913	92	4	0
916	92	5	0
943	92	5	0
1	156	4	0
6	156	3	0
7	156	5	0
10	156	4	0
16	156	4	0
23	156	3	0
41	156	4	0
53	156	4	0
58	156	5	0
64	156	4	0
73	156	4	0
76	156	3	0
77	156	4	0
90	156	4	0
92	156	4	0
94	156	5	0
96	156	4	0
109	156	5	0
114	156	4	0
117	156	4	0
118	156	5	0
121	156	4	0
130	156	3	0
145	156	5	0
165	156	3	0
177	156	5	0
178	156	2	0
180	156	5	0
198	156	3	0
201	156	4	0
207	156	2	0
213	156	5	0
214	156	5	0
216	156	5	0
221	156	5	0
222	156	4	0
234	156	2	0
244	156	4	0
248	156	5	0
249	156	5	0
253	156	3	0
264	156	2	0
267	156	5	0
268	156	3	0
269	156	5	0
270	156	5	0
276	156	5	0
279	156	4	0
280	156	4	0
287	156	5	0
291	156	5	0
292	156	5	0
293	156	4	0
297	156	4	0
301	156	4	0
303	156	5	0
305	156	4	0
308	156	4	0
312	156	3	0
313	156	3	0
315	156	5	0
320	156	5	0
322	156	4	0
323	156	5	0
327	156	4	0
332	156	4	0
339	156	5	0
342	156	4	0
343	156	4	0
346	156	4	0
347	156	5	0
352	156	4	0
361	156	4	0
363	156	3	0
373	156	2	0
374	156	2	0
385	156	4	0
387	156	5	0
394	156	4	0
397	156	5	0
399	156	3	0
406	156	5	0
409	156	2	0
416	156	5	0
417	156	3	0
421	156	5	0
425	156	5	0
429	156	4	0
435	156	4	0
437	156	2	0
442	156	4	0
447	156	5	0
452	156	4	0
453	156	5	0
457	156	5	0
487	156	4	0
493	156	1	0
496	156	3	0
497	156	5	0
498	156	5	0
503	156	1	0
514	156	4	0
521	156	4	0
527	156	3	0
530	156	4	0
535	156	2	0
548	156	5	0
551	156	5	0
561	156	4	0
566	156	4	0
567	156	5	0
586	156	4	0
601	156	4	0
606	156	4	0
622	156	5	0
632	156	3	0
642	156	1	0
643	156	5	0
653	156	4	0
655	156	2	0
664	156	4	0
665	156	5	0
682	156	5	0
704	156	3	0
710	156	4	0
715	156	4	0
727	156	4	0
737	156	5	0
744	156	4	0
747	156	3	0
757	156	3	0
804	156	4	0
806	156	4	0
823	156	5	0
831	156	4	0
833	156	4	0
854	156	3	0
867	156	5	0
868	156	3	0
880	156	4	0
886	156	4	0
889	156	5	0
903	156	5	0
908	156	3	0
913	156	3	0
916	156	5	0
933	156	4	0
934	156	3	0
1	157	4	0
7	157	5	0
10	157	5	0
12	157	5	0
13	157	3	0
18	157	3	0
44	157	4	0
62	157	3	0
64	157	4	0
85	157	3	0
87	157	3	0
92	157	4	0
94	157	5	0
109	157	4	0
114	157	2	0
124	157	2	0
152	157	5	0
156	157	4	0
160	157	5	0
178	157	5	0
188	157	3	0
189	157	4	0
194	157	4	0
201	157	4	0
213	157	4	0
215	157	4	0
222	157	4	0
224	157	4	0
234	157	2	0
243	157	5	0
244	157	4	0
267	157	5	0
269	157	3	0
276	157	5	0
280	157	3	0
288	157	4	0
293	157	5	0
295	157	5	0
297	157	2	0
301	157	2	0
308	157	5	0
312	157	1	0
313	157	3	0
318	157	5	0
322	157	5	0
328	157	5	0
339	157	4	0
343	157	4	0
346	157	3	0
347	157	5	0
360	157	4	0
378	157	3	0
379	157	4	0
399	157	3	0
401	157	3	0
406	157	3	0
407	157	2	0
416	157	4	0
417	157	4	0
425	157	2	0
429	157	4	0
435	157	4	0
436	157	5	0
447	157	4	0
450	157	3	0
453	157	4	0
457	157	5	0
468	157	4	0
479	157	5	0
495	157	5	0
499	157	3	0
514	157	4	0
543	157	3	0
551	157	4	0
561	157	4	0
566	157	5	0
573	157	4	0
592	157	5	0
593	157	3	0
601	157	3	0
603	157	1	0
606	157	4	0
608	157	1	0
622	157	4	0
627	157	4	0
650	157	3	0
653	157	5	0
655	157	3	0
659	157	4	0
664	157	3	0
665	157	3	0
682	157	4	0
693	157	4	0
694	157	4	0
711	157	3	0
715	157	4	0
716	157	3	0
721	157	3	0
727	157	3	0
746	157	4	0
749	157	3	0
757	157	3	0
763	157	4	0
777	157	3	0
778	157	3	0
788	157	5	0
790	157	2	0
804	157	4	0
806	157	3	0
823	157	5	0
833	157	2	0
835	157	4	0
840	157	4	0
843	157	2	0
847	157	1	0
851	157	4	0
864	157	4	0
886	157	4	0
890	157	4	0
892	157	5	0
896	157	4	0
899	157	4	0
903	157	4	0
916	157	4	0
932	157	4	0
933	157	4	0
934	157	2	0
1	177	5	0
6	177	4	0
7	177	4	0
8	177	4	0
13	177	5	0
18	177	3	0
23	177	4	0
25	177	3	0
59	177	4	0
71	177	2	0
72	177	4	0
87	177	5	0
90	177	5	0
94	177	5	0
95	177	3	0
109	177	4	0
115	177	5	0
148	177	2	0
158	177	4	0
161	177	2	0
172	177	4	0
183	177	5	0
186	177	4	0
188	177	4	0
193	177	4	0
194	177	3	0
197	177	5	0
200	177	4	0
207	177	3	0
233	177	4	0
234	177	3	0
263	177	4	0
267	177	5	0
269	177	5	0
271	177	3	0
288	177	3	0
293	177	4	0
308	177	5	0
311	177	5	0
312	177	3	0
313	177	4	0
320	177	5	0
325	177	5	0
326	177	3	0
328	177	3	0
330	177	4	0
343	177	4	0
346	177	4	0
347	177	5	0
371	177	4	0
373	177	3	0
379	177	4	0
380	177	3	0
382	177	4	0
385	177	4	0
391	177	4	0
397	177	5	0
405	177	1	0
407	177	4	0
425	177	3	0
429	177	4	0
435	177	5	0
442	177	4	0
450	177	4	0
456	177	4	0
472	177	4	0
479	177	4	0
497	177	4	0
499	177	3	0
505	177	3	0
506	177	5	0
514	177	3	0
527	177	5	0
532	177	4	0
533	177	4	0
537	177	3	0
543	177	4	0
545	177	3	0
551	177	5	0
553	177	4	0
566	177	4	0
567	177	4	0
586	177	3	0
600	177	5	0
627	177	5	0
633	177	3	0
643	177	4	0
645	177	4	0
647	177	5	0
648	177	5	0
650	177	2	0
653	177	3	0
659	177	5	0
660	177	2	0
665	177	3	0
666	177	3	0
671	177	4	0
693	177	3	0
694	177	5	0
698	177	1	0
712	177	2	0
716	177	2	0
727	177	4	0
738	177	4	0
745	177	3	0
758	177	5	0
766	177	3	0
767	177	5	0
774	177	4	0
776	177	4	0
786	177	4	0
788	177	3	0
804	177	5	0
806	177	3	0
807	177	4	0
819	177	4	0
826	177	5	0
830	177	4	0
833	177	5	0
843	177	3	0
846	177	3	0
862	177	4	0
870	177	4	0
871	177	5	0
880	177	5	0
881	177	4	0
882	177	5	0
886	177	4	0
889	177	4	0
892	177	4	0
897	177	5	0
899	177	3	0
903	177	4	0
916	177	3	0
932	177	4	0
933	177	4	0
934	177	3	0
1	180	3	0
6	180	4	0
7	180	5	0
10	180	5	0
11	180	2	0
13	180	5	0
16	180	5	0
18	180	4	0
24	180	5	0
29	180	4	0
41	180	5	0
59	180	4	0
60	180	4	0
62	180	4	0
72	180	4	0
73	180	4	0
85	180	4	0
87	180	4	0
90	180	4	0
92	180	5	0
94	180	5	0
95	180	3	0
109	180	3	0
114	180	3	0
116	180	5	0
118	180	5	0
121	180	3	0
122	180	5	0
128	180	5	0
144	180	4	0
156	180	5	0
178	180	3	0
188	180	5	0
189	180	5	0
194	180	3	0
198	180	3	0
201	180	3	0
207	180	3	0
210	180	4	0
212	180	1	0
213	180	5	0
214	180	5	0
215	180	3	0
222	180	3	0
226	180	4	0
233	180	5	0
234	180	3	0
237	180	4	0
239	180	5	0
244	180	4	0
248	180	3	0
259	180	5	0
263	180	4	0
267	180	5	0
268	180	3	0
269	180	3	0
271	180	5	0
276	180	5	0
279	180	2	0
280	180	4	0
288	180	5	0
290	180	1	0
292	180	5	0
293	180	5	0
296	180	5	0
301	180	3	0
305	180	4	0
308	180	5	0
311	180	4	0
312	180	4	0
313	180	5	0
315	180	4	0
316	180	4	0
321	180	4	0
323	180	5	0
325	180	4	0
326	180	1	0
327	180	4	0
328	180	4	0
331	180	5	0
333	180	1	0
338	180	4	0
339	180	5	0
340	180	3	0
343	180	5	0
346	180	5	0
347	180	5	0
354	180	3	0
363	180	3	0
371	180	4	0
373	180	3	0
378	180	3	0
380	180	2	0
382	180	5	0
383	180	5	0
385	180	4	0
387	180	4	0
391	180	5	0
392	180	5	0
399	180	3	0
405	180	3	0
406	180	5	0
407	180	4	0
409	180	5	0
415	180	5	0
417	180	5	0
425	180	4	0
429	180	5	0
437	180	4	0
447	180	5	0
450	180	4	0
452	180	4	0
456	180	4	0
457	180	5	0
458	180	4	0
465	180	3	0
468	180	5	0
474	180	5	0
479	180	4	0
483	180	2	0
488	180	2	0
493	180	4	0
498	180	4	0
504	180	4	0
508	180	5	0
514	180	3	0
522	180	5	0
524	180	4	0
527	180	5	0
533	180	3	0
535	180	4	0
536	180	4	0
537	180	4	0
542	180	3	0
543	180	4	0
551	180	5	0
557	180	5	0
559	180	4	0
561	180	4	0
573	180	4	0
592	180	5	0
603	180	4	0
605	180	4	0
606	180	4	0
607	180	4	0
615	180	4	0
621	180	4	0
627	180	5	0
640	180	5	0
645	180	4	0
648	180	1	0
650	180	3	0
653	180	5	0
659	180	5	0
661	180	5	0
663	180	4	0
664	180	4	0
666	180	4	0
682	180	3	0
686	180	5	0
693	180	3	0
694	180	4	0
700	180	3	0
704	180	4	0
710	180	4	0
711	180	4	0
716	180	3	0
727	180	3	0
737	180	4	0
738	180	5	0
741	180	4	0
747	180	5	0
748	180	4	0
749	180	4	0
753	180	2	0
766	180	4	0
767	180	5	0
774	180	5	0
777	180	5	0
778	180	4	0
781	180	4	0
786	180	4	0
788	180	4	0
796	180	2	0
804	180	4	0
805	180	3	0
806	180	4	0
821	180	5	0
823	180	4	0
833	180	5	0
835	180	5	0
836	180	5	0
840	180	5	0
843	180	3	0
846	180	5	0
847	180	2	0
848	180	2	0
851	180	5	0
854	180	4	0
862	180	5	0
867	180	5	0
868	180	4	0
870	180	3	0
875	180	5	0
880	180	5	0
881	180	5	0
882	180	4	0
886	180	5	0
887	180	4	0
888	180	4	0
889	180	4	0
892	180	5	0
896	180	5	0
897	180	5	0
899	180	3	0
901	180	2	0
903	180	5	0
913	180	3	0
916	180	5	0
932	180	4	0
933	180	5	0
1	182	4	0
6	182	4	0
7	182	4	0
8	182	5	0
10	182	5	0
13	182	5	0
16	182	5	0
18	182	4	0
29	182	4	0
49	182	3	0
51	182	3	0
58	182	4	0
59	182	5	0
62	182	5	0
64	182	4	0
69	182	4	0
72	182	5	0
76	182	4	0
85	182	4	0
87	182	4	0
90	182	3	0
91	182	4	0
92	182	4	0
94	182	5	0
95	182	2	0
96	182	4	0
99	182	4	0
102	182	3	0
114	182	3	0
119	182	4	0
123	182	4	0
128	182	4	0
138	182	4	0
144	182	3	0
145	182	5	0
153	182	5	0
154	182	5	0
158	182	5	0
160	182	5	0
177	182	5	0
184	182	4	0
193	182	4	0
194	182	3	0
197	182	3	0
198	182	4	0
201	182	4	0
207	182	3	0
210	182	5	0
213	182	4	0
214	182	4	0
215	182	3	0
216	182	4	0
217	182	2	0
222	182	4	0
226	182	1	0
230	182	2	0
234	182	3	0
249	182	5	0
253	182	3	0
256	182	4	0
264	182	5	0
267	182	5	0
268	182	4	0
269	182	4	0
271	182	3	0
276	182	5	0
280	182	3	0
288	182	4	0
293	182	5	0
297	182	3	0
299	182	3	0
301	182	5	0
303	182	5	0
308	182	5	0
313	182	4	0
318	182	4	0
321	182	3	0
322	182	5	0
325	182	3	0
326	182	2	0
327	182	4	0
328	182	2	0
331	182	4	0
332	182	5	0
334	182	3	0
339	182	5	0
342	182	5	0
346	182	5	0
347	182	5	0
352	182	5	0
363	182	1	0
374	182	5	0
378	182	4	0
380	182	3	0
383	182	5	0
385	182	5	0
387	182	5	0
389	182	5	0
391	182	4	0
397	182	5	0
398	182	4	0
399	182	4	0
402	182	5	0
405	182	1	0
406	182	4	0
407	182	4	0
411	182	3	0
412	182	4	0
416	182	4	0
417	182	4	0
421	182	5	0
426	182	2	0
429	182	4	0
435	182	4	0
436	182	5	0
437	182	2	0
442	182	4	0
450	182	5	0
454	182	3	0
456	182	3	0
457	182	4	0
458	182	4	0
466	182	4	0
468	182	5	0
474	182	5	0
478	182	5	0
479	182	4	0
488	182	3	0
493	182	5	0
495	182	5	0
497	182	4	0
498	182	4	0
499	182	2	0
500	182	2	0
503	182	3	0
505	182	1	0
506	182	5	0
521	182	3	0
524	182	5	0
527	182	5	0
533	182	3	0
535	182	3	0
537	182	4	0
538	182	4	0
545	182	3	0
551	182	5	0
553	182	3	0
559	182	4	0
561	182	3	0
566	182	4	0
567	182	5	0
573	182	4	0
575	182	3	0
586	182	3	0
591	182	3	0
592	182	5	0
593	182	2	0
600	182	4	0
608	182	4	0
618	182	4	0
619	182	4	0
627	182	4	0
629	182	5	0
632	182	3	0
640	182	5	0
645	182	5	0
650	182	3	0
653	182	3	0
655	182	4	0
658	182	5	0
659	182	4	0
660	182	2	0
663	182	5	0
664	182	4	0
666	182	4	0
667	182	5	0
671	182	4	0
682	182	4	0
686	182	5	0
691	182	5	0
709	182	4	0
710	182	4	0
715	182	5	0
745	182	2	0
747	182	5	0
748	182	4	0
749	182	3	0
753	182	3	0
766	182	4	0
773	182	4	0
774	182	4	0
776	182	3	0
788	182	2	0
795	182	4	0
796	182	4	0
804	182	4	0
806	182	5	0
815	182	3	0
819	182	4	0
823	182	4	0
826	182	4	0
833	182	5	0
840	182	4	0
843	182	2	0
846	182	5	0
851	182	5	0
862	182	5	0
864	182	3	0
867	182	4	0
870	182	5	0
871	182	5	0
874	182	4	0
880	182	5	0
881	182	3	0
886	182	4	0
889	182	4	0
892	182	5	0
896	182	4	0
897	182	4	0
903	182	5	0
907	182	5	0
910	182	4	0
916	182	3	0
929	182	4	0
933	182	4	0
943	182	5	0
1	187	4	0
6	187	4	0
7	187	4	0
8	187	4	0
13	187	5	0
18	187	5	0
22	187	5	0
48	187	5	0
59	187	5	0
64	187	5	0
72	187	4	0
73	187	5	0
85	187	5	0
89	187	5	0
90	187	4	0
91	187	5	0
94	187	4	0
96	187	5	0
102	187	3	0
115	187	5	0
116	187	5	0
122	187	4	0
123	187	4	0
138	187	5	0
144	187	4	0
153	187	2	0
154	187	5	0
156	187	5	0
158	187	5	0
160	187	5	0
161	187	3	0
165	187	3	0
175	187	4	0
177	187	4	0
178	187	4	0
184	187	4	0
188	187	3	0
193	187	4	0
194	187	4	0
197	187	5	0
198	187	4	0
201	187	3	0
207	187	5	0
210	187	5	0
213	187	5	0
214	187	4	0
233	187	4	0
234	187	4	0
236	187	3	0
237	187	3	0
239	187	5	0
248	187	3	0
256	187	3	0
267	187	5	0
269	187	4	0
271	187	5	0
272	187	5	0
276	187	5	0
293	187	3	0
296	187	5	0
298	187	5	0
301	187	4	0
303	187	5	0
305	187	4	0
308	187	5	0
311	187	4	0
312	187	5	0
313	187	4	0
315	187	4	0
316	187	2	0
318	187	4	0
325	187	3	0
326	187	1	0
328	187	4	0
334	187	4	0
339	187	5	0
343	187	4	0
346	187	3	0
347	187	5	0
350	187	5	0
360	187	4	0
363	187	2	0
373	187	2	0
379	187	5	0
385	187	4	0
387	187	4	0
389	187	5	0
391	187	4	0
399	187	3	0
405	187	5	0
406	187	2	0
409	187	3	0
416	187	5	0
421	187	4	0
425	187	3	0
435	187	4	0
436	187	5	0
450	187	5	0
452	187	3	0
456	187	4	0
458	187	5	0
466	187	3	0
474	187	5	0
479	187	4	0
488	187	3	0
492	187	5	0
497	187	5	0
498	187	4	0
503	187	5	0
504	187	3	0
505	187	1	0
506	187	5	0
524	187	5	0
527	187	5	0
532	187	4	0
533	187	4	0
535	187	2	0
537	187	4	0
538	187	5	0
542	187	4	0
543	187	4	0
551	187	5	0
553	187	5	0
556	187	5	0
559	187	3	0
567	187	5	0
568	187	3	0
586	187	4	0
592	187	5	0
600	187	5	0
605	187	5	0
606	187	4	0
608	187	4	0
610	187	4	0
615	187	5	0
618	187	5	0
619	187	5	0
627	187	5	0
629	187	5	0
638	187	2	0
643	187	4	0
648	187	3	0
650	187	2	0
653	187	4	0
655	187	5	0
659	187	5	0
663	187	5	0
664	187	5	0
666	187	5	0
669	187	5	0
682	187	5	0
683	187	5	0
686	187	5	0
693	187	3	0
694	187	4	0
698	187	2	0
704	187	4	0
709	187	5	0
710	187	5	0
716	187	3	0
727	187	5	0
737	187	5	0
739	187	4	0
747	187	5	0
748	187	4	0
749	187	3	0
753	187	3	0
766	187	4	0
767	187	4	0
773	187	5	0
774	187	3	0
776	187	4	0
780	187	5	0
781	187	5	0
786	187	4	0
788	187	4	0
794	187	5	0
796	187	5	0
804	187	4	0
806	187	5	0
823	187	5	0
826	187	4	0
830	187	2	0
833	187	5	0
835	187	4	0
836	187	5	0
838	187	3	0
840	187	3	0
846	187	4	0
862	187	4	0
868	187	4	0
871	187	5	0
875	187	4	0
876	187	4	0
880	187	5	0
881	187	4	0
886	187	4	0
887	187	4	0
889	187	4	0
890	187	5	0
892	187	5	0
896	187	5	0
897	187	5	0
902	187	3	0
903	187	5	0
928	187	5	0
929	187	5	0
933	187	4	0
943	187	5	0
1	188	3	0
6	188	3	0
7	188	5	0
8	188	5	0
13	188	4	0
18	188	3	0
23	188	3	0
38	188	2	0
41	188	4	0
59	188	4	0
62	188	3	0
64	188	4	0
72	188	4	0
73	188	5	0
85	188	2	0
87	188	4	0
94	188	4	0
95	188	3	0
102	188	2	0
110	188	4	0
118	188	5	0
119	188	4	0
130	188	4	0
158	188	4	0
194	188	4	0
197	188	3	0
198	188	5	0
200	188	4	0
201	188	4	0
207	188	3	0
210	188	3	0
214	188	5	0
216	188	5	0
222	188	3	0
234	188	2	0
235	188	4	0
244	188	4	0
249	188	4	0
253	188	4	0
254	188	3	0
256	188	5	0
263	188	5	0
267	188	5	0
268	188	4	0
269	188	2	0
271	188	2	0
275	188	2	0
276	188	4	0
291	188	3	0
293	188	3	0
295	188	3	0
305	188	2	0
311	188	4	0
312	188	3	0
318	188	3	0
320	188	4	0
322	188	3	0
325	188	2	0
327	188	5	0
328	188	5	0
339	188	4	0
342	188	3	0
343	188	4	0
346	188	4	0
347	188	5	0
363	188	4	0
379	188	4	0
383	188	5	0
387	188	5	0
391	188	3	0
399	188	4	0
401	188	1	0
405	188	1	0
406	188	4	0
407	188	3	0
417	188	4	0
425	188	3	0
429	188	4	0
435	188	4	0
442	188	3	0
450	188	3	0
452	188	4	0
453	188	4	0
456	188	4	0
466	188	3	0
474	188	5	0
478	188	4	0
479	188	2	0
487	188	4	0
493	188	5	0
495	188	4	0
497	188	3	0
508	188	4	0
514	188	5	0
521	188	4	0
535	188	3	0
536	188	3	0
537	188	4	0
538	188	4	0
543	188	4	0
545	188	2	0
551	188	5	0
559	188	5	0
561	188	4	0
567	188	5	0
577	188	3	0
586	188	2	0
592	188	5	0
600	188	4	0
606	188	4	0
619	188	4	0
625	188	4	0
627	188	4	0
632	188	4	0
638	188	3	0
645	188	4	0
648	188	5	0
650	188	3	0
653	188	5	0
655	188	3	0
659	188	3	0
665	188	4	0
666	188	5	0
671	188	2	0
682	188	4	0
693	188	2	0
694	188	5	0
727	188	3	0
738	188	3	0
744	188	3	0
745	188	3	0
747	188	5	0
748	188	4	0
749	188	3	0
757	188	3	0
766	188	4	0
773	188	3	0
774	188	3	0
786	188	5	0
788	188	4	0
790	188	4	0
796	188	2	0
804	188	4	0
806	188	3	0
815	188	3	0
823	188	5	0
826	188	4	0
833	188	4	0
843	188	2	0
846	188	3	0
854	188	4	0
862	188	5	0
864	188	3	0
867	188	4	0
868	188	3	0
870	188	5	0
880	188	4	0
881	188	4	0
885	188	3	0
886	188	4	0
889	188	5	0
892	188	5	0
896	188	3	0
897	188	5	0
899	188	2	0
903	188	5	0
916	188	3	0
929	188	4	0
932	188	3	0
943	188	4	0
1	200	3	0
5	200	2	0
6	200	3	0
7	200	5	0
10	200	5	0
12	200	1	0
13	200	3	0
16	200	5	0
18	200	3	0
21	200	5	0
24	200	5	0
28	200	2	0
38	200	5	0
44	200	4	0
49	200	3	0
56	200	4	0
58	200	3	0
59	200	5	0
60	200	4	0
76	200	5	0
92	200	3	0
94	200	4	0
95	200	2	0
96	200	5	0
102	200	3	0
109	200	2	0
114	200	3	0
118	200	5	0
130	200	5	0
145	200	4	0
151	200	3	0
154	200	5	0
177	200	4	0
178	200	3	0
198	200	4	0
201	200	5	0
210	200	5	0
213	200	5	0
216	200	5	0
222	200	3	0
234	200	5	0
236	200	3	0
244	200	5	0
250	200	5	0
253	200	4	0
254	200	3	0
255	200	3	0
259	200	4	0
262	200	3	0
264	200	5	0
268	200	4	0
269	200	4	0
270	200	5	0
271	200	5	0
272	200	5	0
274	200	4	0
276	200	5	0
280	200	5	0
287	200	4	0
288	200	4	0
291	200	4	0
293	200	4	0
297	200	3	0
298	200	3	0
303	200	4	0
305	200	3	0
307	200	3	0
308	200	5	0
311	200	4	0
313	200	3	0
325	200	2	0
326	200	2	0
327	200	4	0
328	200	4	0
330	200	5	0
334	200	4	0
339	200	5	0
343	200	2	0
345	200	4	0
347	200	4	0
363	200	3	0
366	200	5	0
367	200	4	0
372	200	5	0
374	200	5	0
377	200	5	0
378	200	3	0
379	200	4	0
380	200	4	0
383	200	5	0
385	200	3	0
387	200	5	0
388	200	5	0
391	200	5	0
392	200	3	0
405	200	2	0
407	200	4	0
409	200	2	0
416	200	5	0
417	200	4	0
421	200	3	0
422	200	5	0
425	200	4	0
426	200	2	0
429	200	3	0
435	200	5	0
436	200	3	0
437	200	4	0
447	200	3	0
450	200	3	0
455	200	5	0
456	200	4	0
457	200	5	0
468	200	4	0
472	200	4	0
474	200	3	0
479	200	5	0
488	200	2	0
495	200	5	0
497	200	3	0
504	200	4	0
506	200	4	0
508	200	4	0
514	200	2	0
522	200	4	0
527	200	3	0
537	200	3	0
543	200	4	0
546	200	5	0
551	200	4	0
561	200	4	0
577	200	3	0
583	200	5	0
586	200	4	0
593	200	5	0
604	200	1	0
606	200	5	0
617	200	5	0
618	200	5	0
621	200	4	0
625	200	3	0
629	200	4	0
643	200	3	0
645	200	5	0
648	200	2	0
650	200	4	0
653	200	4	0
655	200	4	0
661	200	3	0
665	200	4	0
666	200	5	0
694	200	4	0
707	200	2	0
709	200	4	0
710	200	4	0
711	200	4	0
716	200	4	0
738	200	3	0
748	200	3	0
749	200	4	0
758	200	5	0
763	200	4	0
764	200	4	0
773	200	4	0
774	200	2	0
776	200	4	0
778	200	5	0
786	200	5	0
788	200	4	0
795	200	3	0
796	200	5	0
802	200	4	0
804	200	3	0
805	200	5	0
806	200	4	0
814	200	4	0
815	200	5	0
833	200	4	0
835	200	4	0
843	200	3	0
846	200	4	0
847	200	3	0
848	200	2	0
854	200	5	0
862	200	5	0
864	200	4	0
868	200	3	0
880	200	4	0
881	200	2	0
886	200	3	0
887	200	1	0
890	200	4	0
896	200	4	0
897	200	5	0
899	200	4	0
900	200	2	0
908	200	2	0
913	200	5	0
919	200	4	0
922	200	3	0
924	200	4	0
925	200	2	0
933	200	4	0
940	200	3	0
942	200	4	0
943	200	4	0
1	203	4	0
6	203	3	0
7	203	5	0
10	203	4	0
11	203	4	0
12	203	3	0
23	203	4	0
42	203	4	0
43	203	4	0
51	203	4	0
58	203	5	0
59	203	4	0
64	203	4	0
72	203	3	0
76	203	4	0
84	203	3	0
85	203	5	0
90	203	5	0
92	203	4	0
94	203	5	0
95	203	3	0
99	203	4	0
116	203	5	0
130	203	4	0
135	203	4	0
145	203	5	0
151	203	3	0
177	203	4	0
178	203	4	0
182	203	3	0
183	203	3	0
184	203	3	0
186	203	5	0
189	203	3	0
194	203	3	0
198	203	3	0
201	203	5	0
207	203	3	0
215	203	3	0
218	203	4	0
226	203	5	0
230	203	2	0
233	203	3	0
236	203	4	0
239	203	1	0
249	203	5	0
253	203	4	0
256	203	4	0
264	203	2	0
267	203	5	0
268	203	5	0
271	203	4	0
276	203	4	0
279	203	2	0
280	203	4	0
292	203	4	0
293	203	3	0
298	203	3	0
301	203	4	0
303	203	5	0
305	203	4	0
308	203	5	0
311	203	5	0
313	203	5	0
315	203	3	0
323	203	5	0
327	203	3	0
328	203	5	0
334	203	4	0
339	203	4	0
343	203	5	0
344	203	4	0
346	203	4	0
347	203	5	0
361	203	5	0
374	203	3	0
378	203	4	0
379	203	4	0
383	203	5	0
387	203	4	0
391	203	4	0
393	203	4	0
398	203	4	0
399	203	4	0
401	203	4	0
405	203	1	0
406	203	4	0
407	203	4	0
409	203	5	0
416	203	3	0
417	203	4	0
429	203	5	0
435	203	4	0
437	203	1	0
442	203	3	0
445	203	3	0
450	203	4	0
452	203	3	0
454	203	2	0
457	203	4	0
458	203	5	0
474	203	5	0
479	203	3	0
480	203	4	0
488	203	4	0
498	203	5	0
505	203	4	0
506	203	4	0
521	203	3	0
524	203	4	0
527	203	4	0
528	203	4	0
532	203	5	0
533	203	4	0
535	203	3	0
537	203	4	0
545	203	4	0
548	203	5	0
551	203	5	0
560	203	4	0
561	203	4	0
566	203	4	0
567	203	4	0
577	203	3	0
586	203	3	0
592	203	5	0
606	203	5	0
610	203	4	0
618	203	3	0
632	203	3	0
641	203	4	0
643	203	4	0
645	203	4	0
647	203	3	0
648	203	1	0
650	203	3	0
655	203	3	0
664	203	4	0
666	203	4	0
671	203	3	0
680	203	3	0
690	203	4	0
694	203	4	0
709	203	4	0
711	203	4	0
716	203	4	0
727	203	5	0
738	203	3	0
745	203	3	0
749	203	4	0
757	203	5	0
758	203	5	0
771	203	1	0
774	203	2	0
786	203	4	0
788	203	5	0
790	203	4	0
795	203	3	0
796	203	3	0
804	203	4	0
815	203	4	0
830	203	4	0
833	203	5	0
840	203	5	0
846	203	5	0
854	203	4	0
862	203	4	0
864	203	5	0
867	203	4	0
870	203	4	0
877	203	4	0
882	203	4	0
889	203	2	0
892	203	5	0
896	203	5	0
897	203	4	0
899	203	4	0
903	203	4	0
911	203	4	0
913	203	4	0
916	203	4	0
932	203	4	0
7	651	5	0
8	651	5	0
10	651	4	0
13	651	5	0
22	651	4	0
58	651	4	0
59	651	5	0
62	651	4	0
64	651	4	0
65	651	4	0
87	651	4	0
90	651	5	0
91	651	5	0
92	651	4	0
94	651	5	0
95	651	5	0
99	651	5	0
110	651	4	0
128	651	5	0
144	651	4	0
154	651	4	0
156	651	4	0
158	651	5	0
165	651	5	0
177	651	3	0
178	651	4	0
184	651	3	0
187	651	5	0
188	651	4	0
194	651	3	0
195	651	5	0
197	651	5	0
198	651	4	0
201	651	4	0
210	651	4	0
216	651	5	0
221	651	4	0
222	651	4	0
228	651	4	0
232	651	3	0
234	651	4	0
244	651	4	0
246	651	4	0
271	651	4	0
272	651	4	0
288	651	4	0
290	651	3	0
293	651	3	0
298	651	5	0
301	651	5	0
303	651	5	0
311	651	4	0
313	651	3	0
315	651	3	0
316	651	5	0
321	651	3	0
323	651	5	0
326	651	4	0
327	651	4	0
328	651	5	0
329	651	4	0
330	651	5	0
332	651	5	0
345	651	4	0
354	651	3	0
360	651	4	0
363	651	3	0
373	651	4	0
374	651	4	0
378	651	4	0
379	651	4	0
380	651	3	0
387	651	2	0
391	651	5	0
393	651	4	0
394	651	4	0
399	651	3	0
401	651	4	0
405	651	5	0
406	651	3	0
411	651	4	0
412	651	4	0
416	651	4	0
417	651	4	0
426	651	4	0
429	651	4	0
437	651	4	0
450	651	5	0
453	651	4	0
454	651	4	0
457	651	5	0
458	651	3	0
459	651	3	0
465	651	3	0
466	651	3	0
472	651	4	0
474	651	5	0
479	651	5	0
484	651	5	0
487	651	5	0
488	651	5	0
492	651	3	0
496	651	2	0
497	651	4	0
499	651	4	0
504	651	4	0
505	651	3	0
514	651	4	0
521	651	3	0
524	651	4	0
527	651	5	0
533	651	4	0
537	651	3	0
541	651	5	0
543	651	3	0
551	651	4	0
561	651	3	0
566	651	4	0
577	651	5	0
586	651	3	0
600	651	4	0
606	651	4	0
618	651	5	0
619	651	5	0
627	651	4	0
629	651	5	0
632	651	5	0
633	651	3	0
639	651	4	0
642	651	4	0
655	651	4	0
666	651	5	0
667	651	5	0
670	651	4	0
682	651	4	0
686	651	5	0
693	651	3	0
700	651	4	0
709	651	4	0
711	651	4	0
716	651	5	0
727	651	3	0
738	651	4	0
741	651	4	0
747	651	5	0
757	651	4	0
788	651	4	0
804	651	4	0
823	651	5	0
826	651	4	0
830	651	4	0
843	651	2	0
846	651	3	0
862	651	5	0
864	651	5	0
867	651	5	0
868	651	5	0
870	651	3	0
871	651	2	0
875	651	5	0
880	651	5	0
881	651	5	0
886	651	5	0
889	651	4	0
896	651	4	0
897	651	3	0
903	651	5	0
921	651	3	0
930	651	3	0
933	651	3	0
940	651	4	0
8	684	4	0
12	684	5	0
13	684	5	0
16	684	5	0
22	684	3	0
42	684	4	0
43	684	4	0
58	684	4	0
59	684	3	0
60	684	4	0
64	684	4	0
70	684	3	0
72	684	4	0
83	684	4	0
87	684	5	0
90	684	3	0
92	684	3	0
94	684	4	0
102	684	2	0
106	684	4	0
110	684	4	0
115	684	3	0
119	684	4	0
128	684	4	0
130	684	5	0
145	684	5	0
151	684	3	0
158	684	3	0
169	684	5	0
178	684	5	0
180	684	5	0
186	684	4	0
188	684	3	0
193	684	4	0
197	684	4	0
198	684	3	0
201	684	3	0
207	684	3	0
210	684	3	0
213	684	4	0
217	684	5	0
221	684	4	0
235	684	4	0
249	684	4	0
256	684	5	0
267	684	4	0
268	684	3	0
270	684	4	0
276	684	4	0
279	684	3	0
293	684	3	0
301	684	3	0
305	684	3	0
308	684	3	0
311	684	4	0
312	684	5	0
313	684	4	0
327	684	4	0
328	684	5	0
332	684	5	0
334	684	4	0
343	684	3	0
344	684	3	0
345	684	4	0
346	684	4	0
361	684	4	0
373	684	4	0
374	684	5	0
375	684	4	0
378	684	3	0
379	684	4	0
380	684	3	0
387	684	3	0
389	684	4	0
393	684	4	0
398	684	4	0
399	684	3	0
401	684	4	0
405	684	3	0
407	684	3	0
409	684	4	0
412	684	4	0
415	684	3	0
416	684	5	0
417	684	3	0
425	684	2	0
429	684	4	0
435	684	4	0
437	684	3	0
442	684	3	0
452	684	4	0
453	684	3	0
466	684	4	0
474	684	4	0
478	684	4	0
484	684	5	0
487	684	5	0
491	684	5	0
493	684	4	0
495	684	5	0
497	684	3	0
503	684	4	0
506	684	5	0
521	684	3	0
524	684	4	0
532	684	5	0
533	684	4	0
537	684	3	0
542	684	4	0
543	684	4	0
545	684	4	0
551	684	5	0
554	684	4	0
561	684	3	0
562	684	4	0
566	684	4	0
577	684	4	0
588	684	4	0
600	684	4	0
606	684	3	0
618	684	3	0
619	684	4	0
627	684	4	0
629	684	5	0
632	684	5	0
640	684	4	0
648	684	4	0
653	684	5	0
655	684	3	0
661	684	3	0
664	684	4	0
665	684	3	0
666	684	4	0
671	684	3	0
682	684	3	0
690	684	4	0
693	684	3	0
694	684	4	0
705	684	3	0
711	684	3	0
721	684	4	0
727	684	4	0
746	684	4	0
757	684	4	0
758	684	4	0
774	684	1	0
786	684	4	0
788	684	5	0
796	684	5	0
807	684	5	0
815	684	4	0
823	684	4	0
826	684	3	0
833	684	3	0
844	684	3	0
846	684	5	0
864	684	4	0
870	684	3	0
880	684	4	0
882	684	3	0
883	684	3	0
889	684	2	0
892	684	5	0
896	684	4	0
897	684	2	0
899	684	3	0
903	684	3	0
910	684	4	0
916	684	3	0
10	693	4	0
16	693	4	0
64	693	3	0
90	693	3	0
94	693	4	0
160	693	5	0
177	693	4	0
184	693	3	0
193	693	4	0
194	693	4	0
198	693	3	0
201	693	4	0
214	693	3	0
216	693	3	0
222	693	4	0
230	693	2	0
234	693	2	0
267	693	4	0
276	693	4	0
280	693	3	0
293	693	4	0
301	693	5	0
303	693	4	0
308	693	3	0
314	693	3	0
328	693	2	0
332	693	5	0
334	693	3	0
339	693	5	0
346	693	4	0
347	693	5	0
374	693	5	0
378	693	4	0
381	693	4	0
385	693	4	0
387	693	5	0
389	693	4	0
393	693	3	0
397	693	4	0
399	693	3	0
405	693	2	0
406	693	3	0
416	693	3	0
429	693	4	0
435	693	3	0
436	693	5	0
450	693	3	0
453	693	5	0
454	693	2	0
456	693	3	0
493	693	4	0
498	693	3	0
504	693	4	0
506	693	4	0
524	693	5	0
535	693	3	0
537	693	4	0
542	693	4	0
551	693	5	0
561	693	3	0
566	693	5	0
577	693	1	0
586	693	3	0
608	693	3	0
618	693	3	0
622	693	4	0
627	693	2	0
629	693	5	0
632	693	2	0
640	693	5	0
653	693	1	0
655	693	3	0
659	693	4	0
663	693	4	0
682	693	3	0
693	693	3	0
709	693	4	0
747	693	5	0
757	693	4	0
764	693	3	0
788	693	2	0
796	693	3	0
846	693	5	0
851	693	5	0
864	693	4	0
870	693	4	0
880	693	5	0
883	693	4	0
886	693	4	0
903	693	5	0
916	693	3	0
11	735	3	0
12	735	5	0
13	735	3	0
16	735	3	0
18	735	4	0
42	735	4	0
43	735	4	0
56	735	2	0
59	735	5	0
60	735	5	0
65	735	4	0
85	735	3	0
91	735	4	0
92	735	3	0
94	735	5	0
109	735	5	0
123	735	2	0
151	735	5	0
167	735	4	0
178	735	5	0
180	735	4	0
184	735	3	0
187	735	4	0
194	735	4	0
201	735	3	0
207	735	4	0
210	735	4	0
212	735	4	0
213	735	5	0
216	735	5	0
222	735	5	0
233	735	5	0
234	735	3	0
236	735	5	0
244	735	5	0
246	735	4	0
262	735	4	0
268	735	3	0
269	735	2	0
271	735	4	0
276	735	4	0
280	735	2	0
291	735	4	0
295	735	5	0
301	735	2	0
303	735	4	0
305	735	4	0
311	735	4	0
313	735	3	0
314	735	5	0
316	735	4	0
318	735	5	0
327	735	2	0
331	735	4	0
339	735	4	0
343	735	5	0
347	735	2	0
354	735	3	0
360	735	5	0
363	735	3	0
373	735	5	0
374	735	5	0
378	735	4	0
379	735	4	0
387	735	2	0
398	735	4	0
399	735	3	0
401	735	5	0
405	735	5	0
406	735	3	0
416	735	5	0
429	735	4	0
450	735	4	0
454	735	2	0
458	735	2	0
474	735	4	0
487	735	4	0
500	735	4	0
504	735	5	0
508	735	4	0
514	735	4	0
535	735	5	0
537	735	3	0
538	735	3	0
543	735	4	0
551	735	5	0
554	735	3	0
561	735	3	0
568	735	2	0
577	735	5	0
586	735	3	0
588	735	5	0
592	735	5	0
593	735	4	0
606	735	5	0
608	735	4	0
610	735	3	0
615	735	3	0
618	735	3	0
621	735	4	0
627	735	4	0
630	735	2	0
632	735	4	0
650	735	3	0
654	735	4	0
655	735	3	0
658	735	3	0
659	735	3	0
664	735	4	0
682	735	4	0
691	735	5	0
693	735	4	0
704	735	4	0
707	735	4	0
711	735	5	0
715	735	4	0
716	735	5	0
719	735	5	0
721	735	4	0
747	735	4	0
749	735	5	0
751	735	4	0
758	735	5	0
796	735	2	0
805	735	4	0
815	735	5	0
823	735	4	0
835	735	5	0
846	735	2	0
847	735	4	0
854	735	3	0
864	735	5	0
870	735	3	0
885	735	3	0
896	735	3	0
916	735	4	0
933	735	3	0
