1	3	4	0
43	3	2	0
49	3	3	0
59	3	4	0
62	3	3	0
63	3	2	0
81	3	4	0
82	3	2	0
95	3	1	0
99	3	3	0
104	3	3	0
130	3	5	0
145	3	3	0
157	3	3	0
160	3	3	0
181	3	2	0
207	3	2	0
216	3	4	0
221	3	4	0
244	3	5	0
246	3	2	0
267	3	4	0
268	3	1	0
269	3	3	0
276	3	3	0
280	3	2	0
286	3	2	0
291	3	3	0
293	3	2	0
301	3	2	0
303	3	3	0
320	3	4	0
336	3	1	0
342	3	2	0
343	3	4	0
346	3	3	0
393	3	3	0
406	3	3	0
417	3	4	0
429	3	2	0
432	3	3	0
435	3	3	0
450	3	4	0
453	3	4	0
456	3	4	0
459	3	2	0
463	3	2	0
472	3	5	0
486	3	2	0
487	3	5	0
497	3	4	0
500	3	4	0
523	3	4	0
534	3	4	0
537	3	2	0
548	3	1	0
551	3	5	0
561	3	3	0
569	3	1	0
580	3	5	0
582	3	3	0
586	3	5	0
592	3	4	0
595	3	4	0
606	3	5	0
621	3	5	0
622	3	1	0
624	3	3	0
654	3	3	0
660	3	1	0
663	3	4	0
682	3	3	0
699	3	3	0
714	3	5	0
747	3	2	0
751	3	3	0
756	3	1	0
793	3	4	0
795	3	2	0
806	3	2	0
854	3	1	0
859	3	5	0
880	3	1	0
886	3	3	0
889	3	4	0
910	3	2	0
916	3	3	0
917	3	1	0
923	3	4	0
936	3	4	0
1	13	5	0
2	13	4	0
6	13	2	0
10	13	3	0
13	13	5	0
14	13	4	0
15	13	1	0
17	13	3	0
18	13	5	0
23	13	4	0
25	13	4	0
26	13	3	0
45	13	5	0
49	13	3	0
52	13	5	0
58	13	3	0
59	13	5	0
60	13	4	0
62	13	4	0
63	13	4	0
74	13	4	0
75	13	5	0
79	13	3	0
82	13	2	0
85	13	3	0
87	13	3	0
89	13	2	0
92	13	4	0
102	13	3	0
104	13	3	0
108	13	3	0
115	13	5	0
123	13	3	0
138	13	4	0
145	13	5	0
150	13	4	0
151	13	3	0
160	13	4	0
174	13	3	0
176	13	4	0
181	13	2	0
184	13	3	0
188	13	4	0
189	13	4	0
194	13	4	0
196	13	2	0
207	13	3	0
213	13	4	0
214	13	3	0
219	13	1	0
227	13	5	0
234	13	3	0
243	13	4	0
244	13	4	0
249	13	4	0
268	13	3	0
269	13	4	0
270	13	4	0
271	13	4	0
279	13	3	0
280	13	5	0
286	13	2	0
288	13	5	0
296	13	3	0
297	13	3	0
299	13	4	0
303	13	4	0
305	13	3	0
306	13	4	0
315	13	4	0
327	13	2	0
334	13	3	0
336	13	3	0
342	13	3	0
343	13	5	0
344	13	3	0
345	13	4	0
354	13	3	0
360	13	3	0
365	13	3	0
378	13	3	0
381	13	4	0
387	13	4	0
390	13	2	0
398	13	3	0
401	13	2	0
402	13	3	0
406	13	2	0
416	13	5	0
417	13	2	0
437	13	4	0
439	13	3	0
447	13	5	0
450	13	3	0
456	13	4	0
457	13	3	0
458	13	4	0
460	13	3	0
463	13	3	0
468	13	4	0
470	13	4	0
474	13	5	0
486	13	4	0
497	13	2	0
500	13	5	0
501	13	4	0
503	13	3	0
508	13	4	0
514	13	3	0
518	13	4	0
521	13	2	0
524	13	4	0
533	13	3	0
537	13	4	0
540	13	4	0
542	13	4	0
543	13	3	0
548	13	1	0
551	13	1	0
552	13	3	0
554	13	2	0
555	13	5	0
560	13	3	0
561	13	3	0
569	13	3	0
572	13	4	0
590	13	4	0
591	13	4	0
592	13	5	0
596	13	2	0
615	13	4	0
634	13	4	0
635	13	2	0
637	13	1	0
642	13	4	0
648	13	3	0
654	13	1	0
655	13	3	0
659	13	4	0
662	13	4	0
663	13	3	0
666	13	4	0
668	13	4	0
676	13	1	0
689	13	1	0
699	13	4	0
707	13	4	0
716	13	2	0
722	13	2	0
733	13	3	0
735	13	4	0
742	13	4	0
747	13	3	0
758	13	5	0
763	13	3	0
764	13	2	0
769	13	4	0
773	13	4	0
790	13	3	0
792	13	4	0
794	13	4	0
805	13	3	0
823	13	5	0
829	13	4	0
833	13	2	0
834	13	2	0
837	13	4	0
844	13	3	0
847	13	3	0
854	13	3	0
864	13	4	0
869	13	3	0
870	13	4	0
881	13	4	0
883	13	4	0
887	13	1	0
889	13	4	0
894	13	4	0
895	13	5	0
901	13	1	0
903	13	5	0
924	13	3	0
934	13	5	0
936	13	4	0
1	106	4	0
7	106	4	0
21	106	2	0
44	106	2	0
54	106	3	0
59	106	4	0
63	106	2	0
72	106	4	0
83	106	4	0
92	106	3	0
141	106	5	0
144	106	3	0
145	106	4	0
178	106	2	0
181	106	2	0
186	106	2	0
213	106	4	0
222	106	2	0
227	106	3	0
234	106	4	0
256	106	4	0
269	106	1	0
291	106	4	0
303	106	2	0
314	106	2	0
332	106	4	0
337	106	2	0
344	106	2	0
347	106	2	0
349	106	1	0
374	106	3	0
378	106	2	0
396	106	4	0
403	106	2	0
416	106	3	0
417	106	2	0
449	106	3	0
486	106	1	0
504	106	3	0
518	106	5	0
525	106	2	0
593	106	2	0
622	106	2	0
634	106	3	0
636	106	4	0
660	106	2	0
666	106	2	0
690	106	3	0
699	106	3	0
707	106	3	0
715	106	2	0
717	106	4	0
735	106	3	0
764	106	2	0
793	106	3	0
796	106	2	0
805	106	5	0
821	106	2	0
825	106	4	0
833	106	2	0
839	106	2	0
854	106	3	0
864	106	3	0
872	106	3	0
881	106	4	0
903	106	2	0
916	106	3	0
930	106	4	0
936	106	3	0
938	106	5	0
939	106	3	0
1	248	4	0
6	248	3	0
15	248	1	0
26	248	3	0
32	248	4	0
43	248	4	0
57	248	5	0
58	248	4	0
66	248	4	0
71	248	3	0
83	248	3	0
92	248	4	0
94	248	4	0
102	248	3	0
104	248	2	0
109	248	2	0
116	248	3	0
130	248	3	0
131	248	3	0
141	248	3	0
144	248	4	0
160	248	5	0
164	248	4	0
174	248	5	0
178	248	4	0
189	248	4	0
198	248	3	0
203	248	5	0
207	248	3	0
214	248	4	0
222	248	4	0
223	248	1	0
249	248	5	0
250	248	2	0
251	248	4	0
268	248	3	0
271	248	4	0
276	248	4	0
279	248	4	0
286	248	5	0
287	248	5	0
292	248	4	0
293	248	3	0
294	248	5	0
296	248	5	0
297	248	3	0
299	248	5	0
303	248	2	0
308	248	4	0
318	248	3	0
320	248	5	0
323	248	3	0
324	248	5	0
329	248	3	0
334	248	4	0
339	248	4	0
342	248	3	0
344	248	4	0
345	248	5	0
354	248	4	0
360	248	4	0
363	248	5	0
374	248	1	0
378	248	3	0
387	248	4	0
392	248	4	0
393	248	4	0
401	248	3	0
407	248	4	0
416	248	5	0
417	248	4	0
422	248	3	0
429	248	5	0
430	248	3	0
432	248	4	0
437	248	2	0
445	248	1	0
447	248	5	0
449	248	4	0
453	248	4	0
454	248	3	0
457	248	4	0
460	248	4	0
463	248	3	0
464	248	5	0
467	248	3	0
468	248	4	0
470	248	3	0
474	248	4	0
479	248	4	0
484	248	4	0
486	248	4	0
487	248	1	0
497	248	4	0
501	248	4	0
503	248	4	0
504	248	4	0
506	248	2	0
521	248	3	0
525	248	4	0
526	248	4	0
532	248	4	0
548	248	4	0
552	248	4	0
555	248	4	0
567	248	4	0
569	248	4	0
576	248	4	0
590	248	4	0
592	248	4	0
606	248	5	0
622	248	4	0
624	248	4	0
625	248	4	0
634	248	4	0
653	248	3	0
654	248	2	0
655	248	2	0
665	248	4	0
666	248	3	0
669	248	4	0
680	248	4	0
682	248	3	0
683	248	4	0
684	248	3	0
707	248	4	0
711	248	5	0
715	248	4	0
716	248	4	0
726	248	2	0
727	248	5	0
730	248	3	0
733	248	3	0
736	248	4	0
751	248	5	0
757	248	4	0
758	248	4	0
765	248	2	0
768	248	3	0
782	248	4	0
789	248	3	0
790	248	4	0
793	248	4	0
794	248	4	0
796	248	3	0
805	248	4	0
819	248	5	0
825	248	4	0
851	248	4	0
870	248	4	0
880	248	4	0
889	248	4	0
894	248	4	0
896	248	4	0
903	248	2	0
907	248	5	0
917	248	4	0
923	248	4	0
936	248	4	0
938	248	1	0
1	249	4	0
15	249	1	0
24	249	4	0
26	249	2	0
32	249	4	0
44	249	4	0
57	249	5	0
58	249	4	0
62	249	2	0
66	249	4	0
83	249	2	0
92	249	3	0
104	249	3	0
116	249	2	0
117	249	4	0
121	249	1	0
130	249	5	0
137	249	4	0
141	249	2	0
145	249	4	0
159	249	4	0
178	249	3	0
198	249	2	0
209	249	2	0
214	249	3	0
216	249	3	0
222	249	1	0
223	249	2	0
227	249	2	0
233	249	5	0
244	249	4	0
248	249	4	0
249	249	4	0
251	249	5	0
255	249	5	0
268	249	4	0
276	249	4	0
279	249	3	0
287	249	5	0
291	249	4	0
292	249	3	0
293	249	3	0
294	249	5	0
297	249	3	0
299	249	3	0
301	249	3	0
303	249	4	0
305	249	3	0
323	249	3	0
327	249	2	0
332	249	3	0
342	249	3	0
347	249	5	0
385	249	2	0
389	249	3	0
392	249	1	0
393	249	3	0
407	249	2	0
416	249	3	0
429	249	4	0
432	249	5	0
435	249	4	0
437	249	5	0
445	249	2	0
459	249	2	0
463	249	2	0
464	249	2	0
467	249	3	0
468	249	3	0
479	249	2	0
480	249	1	0
482	249	2	0
483	249	2	0
487	249	1	0
493	249	4	0
497	249	5	0
500	249	3	0
501	249	3	0
521	249	4	0
540	249	3	0
542	249	4	0
543	249	2	0
550	249	4	0
552	249	3	0
555	249	4	0
560	249	5	0
580	249	5	0
584	249	4	0
586	249	2	0
592	249	4	0
606	249	3	0
621	249	5	0
622	249	5	0
624	249	3	0
640	249	4	0
642	249	5	0
643	249	3	0
648	249	3	0
654	249	5	0
655	249	3	0
660	249	2	0
661	249	3	0
665	249	5	0
679	249	3	0
682	249	3	0
692	249	3	0
715	249	4	0
726	249	1	0
727	249	2	0
758	249	4	0
778	249	3	0
782	249	2	0
789	249	3	0
790	249	3	0
794	249	3	0
796	249	1	0
806	249	4	0
825	249	3	0
833	249	1	0
838	249	4	0
854	249	3	0
859	249	5	0
869	249	4	0
880	249	4	0
889	249	3	0
894	249	3	0
916	249	3	0
922	249	3	0
923	249	4	0
936	249	5	0
1	255	2	0
2	255	4	0
15	255	5	0
26	255	3	0
30	255	4	0
54	255	3	0
58	255	4	0
63	255	4	0
65	255	3	0
73	255	2	0
78	255	4	0
83	255	5	0
99	255	3	0
101	255	4	0
103	255	5	0
104	255	1	0
108	255	2	0
113	255	5	0
116	255	3	0
119	255	3	0
123	255	1	0
130	255	4	0
141	255	4	0
152	255	5	0
157	255	3	0
159	255	3	0
168	255	1	0
174	255	5	0
178	255	4	0
184	255	3	0
189	255	2	0
192	255	2	0
207	255	3	0
210	255	4	0
222	255	3	0
223	255	4	0
231	255	3	0
236	255	3	0
238	255	3	0
244	255	2	0
249	255	3	0
259	255	4	0
262	255	3	0
269	255	1	0
274	255	2	0
277	255	4	0
293	255	3	0
294	255	3	0
296	255	2	0
299	255	2	0
303	255	4	0
308	255	4	0
314	255	5	0
318	255	4	0
323	255	4	0
324	255	4	0
327	255	3	0
330	255	4	0
332	255	4	0
333	255	3	0
334	255	3	0
342	255	4	0
344	255	4	0
345	255	4	0
354	255	2	0
378	255	4	0
392	255	3	0
393	255	4	0
395	255	3	0
402	255	4	0
407	255	4	0
413	255	3	0
416	255	5	0
417	255	3	0
432	255	5	0
435	255	3	0
438	255	4	0
454	255	4	0
455	255	2	0
458	255	2	0
459	255	4	0
461	255	2	0
464	255	4	0
472	255	5	0
474	255	4	0
477	255	5	0
478	255	4	0
479	255	2	0
484	255	3	0
486	255	3	0
487	255	2	0
490	255	1	0
500	255	3	0
523	255	5	0
525	255	1	0
530	255	4	0
533	255	2	0
541	255	3	0
548	255	4	0
550	255	3	0
560	255	4	0
563	255	5	0
576	255	3	0
590	255	1	0
592	255	4	0
593	255	5	0
595	255	3	0
599	255	5	0
605	255	2	0
606	255	5	0
614	255	5	0
624	255	3	0
625	255	2	0
630	255	5	0
635	255	4	0
637	255	3	0
643	255	4	0
644	255	4	0
647	255	4	0
654	255	2	0
655	255	3	0
659	255	3	0
661	255	3	0
665	255	4	0
666	255	4	0
671	255	5	0
672	255	2	0
674	255	4	0
676	255	5	0
682	255	3	0
698	255	3	0
701	255	3	0
705	255	5	0
708	255	5	0
711	255	4	0
714	255	2	0
718	255	4	0
719	255	2	0
726	255	2	0
736	255	1	0
741	255	3	0
754	255	3	0
760	255	3	0
764	255	4	0
768	255	4	0
770	255	4	0
779	255	4	0
782	255	4	0
819	255	1	0
829	255	3	0
834	255	3	0
838	255	4	0
839	255	3	0
844	255	3	0
851	255	3	0
854	255	1	0
870	255	2	0
879	255	4	0
881	255	3	0
894	255	3	0
899	255	4	0
904	255	5	0
917	255	3	0
919	255	4	0
927	255	4	0
930	255	3	0
931	255	4	0
935	255	4	0
936	255	5	0
937	255	3	0
938	255	1	0
939	255	5	0
2	274	3	0
6	274	4	0
10	274	4	0
11	274	3	0
13	274	3	0
15	274	4	0
20	274	4	0
26	274	3	0
42	274	5	0
43	274	5	0
44	274	4	0
59	274	1	0
81	274	3	0
82	274	3	0
83	274	4	0
84	274	4	0
87	274	4	0
92	274	4	0
94	274	4	0
95	274	4	0
99	274	1	0
106	274	3	0
119	274	4	0
128	274	4	0
131	274	3	0
141	274	5	0
144	274	3	0
145	274	3	0
151	274	5	0
152	274	5	0
157	274	4	0
159	274	3	0
161	274	2	0
168	274	4	0
178	274	4	0
181	274	4	0
183	274	5	0
184	274	4	0
189	274	4	0
193	274	3	0
194	274	2	0
210	274	5	0
213	274	5	0
216	274	3	0
223	274	4	0
227	274	4	0
234	274	3	0
236	274	1	0
256	274	5	0
269	274	1	0
271	274	3	0
274	274	4	0
276	274	3	0
277	274	4	0
279	274	3	0
280	274	5	0
286	274	2	0
290	274	4	0
296	274	4	0
298	274	3	0
299	274	3	0
304	274	4	0
308	274	3	0
310	274	3	0
314	274	3	0
320	274	4	0
327	274	2	0
329	274	3	0
340	274	4	0
342	274	2	0
343	274	3	0
344	274	2	0
345	274	3	0
357	274	4	0
361	274	3	0
374	274	4	0
376	274	3	0
378	274	3	0
389	274	4	0
393	274	4	0
396	274	4	0
398	274	3	0
399	274	3	0
403	274	3	0
406	274	3	0
407	274	3	0
416	274	4	0
429	274	3	0
432	274	3	0
434	274	5	0
445	274	2	0
447	274	1	0
449	274	2	0
450	274	4	0
456	274	3	0
459	274	4	0
463	274	3	0
474	274	3	0
477	274	5	0
479	274	4	0
483	274	4	0
484	274	4	0
487	274	4	0
493	274	5	0
497	274	3	0
500	274	3	0
501	274	3	0
506	274	4	0
514	274	4	0
520	274	3	0
533	274	4	0
534	274	3	0
536	274	4	0
537	274	2	0
540	274	4	0
541	274	4	0
551	274	2	0
552	274	3	0
554	274	3	0
555	274	4	0
569	274	4	0
590	274	3	0
593	274	3	0
595	274	3	0
599	274	5	0
605	274	3	0
623	274	4	0
634	274	3	0
637	274	5	0
639	274	1	0
654	274	4	0
655	274	3	0
661	274	4	0
663	274	3	0
665	274	3	0
680	274	3	0
682	274	4	0
684	274	2	0
690	274	3	0
708	274	4	0
715	274	3	0
716	274	5	0
717	274	4	0
718	274	3	0
719	274	3	0
726	274	4	0
727	274	5	0
733	274	3	0
734	274	4	0
741	274	4	0
747	274	4	0
751	274	4	0
756	274	3	0
762	274	4	0
764	274	3	0
768	274	3	0
771	274	4	0
790	274	3	0
796	274	5	0
798	274	5	0
805	274	2	0
821	274	5	0
823	274	4	0
825	274	4	0
837	274	4	0
838	274	4	0
852	274	3	0
854	274	3	0
860	274	3	0
872	274	3	0
877	274	4	0
878	274	3	0
881	274	3	0
885	274	5	0
887	274	1	0
888	274	4	0
891	274	5	0
892	274	4	0
896	274	2	0
904	274	5	0
907	274	5	0
921	274	4	0
922	274	3	0
927	274	1	0
930	274	4	0
932	274	5	0
935	274	5	0
936	274	3	0
939	274	5	0
943	274	3	0
2	275	5	0
6	275	4	0
7	275	4	0
10	275	4	0
13	275	3	0
14	275	4	0
15	275	4	0
18	275	5	0
23	275	5	0
24	275	5	0
25	275	4	0
43	275	4	0
52	275	4	0
58	275	5	0
60	275	4	0
62	275	4	0
64	275	4	0
68	275	5	0
79	275	4	0
81	275	4	0
82	275	2	0
85	275	3	0
89	275	5	0
90	275	5	0
93	275	4	0
95	275	3	0
99	275	1	0
106	275	4	0
108	275	5	0
116	275	2	0
119	275	5	0
121	275	4	0
123	275	4	0
125	275	5	0
128	275	5	0
131	275	2	0
132	275	3	0
136	275	4	0
145	275	2	0
151	275	5	0
152	275	4	0
158	275	5	0
168	275	3	0
178	275	5	0
181	275	3	0
184	275	5	0
185	275	4	0
187	275	5	0
189	275	5	0
201	275	4	0
211	275	2	0
214	275	3	0
226	275	3	0
228	275	3	0
232	275	2	0
233	275	5	0
235	275	5	0
236	275	3	0
242	275	5	0
243	275	3	0
249	275	4	0
251	275	4	0
252	275	5	0
257	275	4	0
262	275	4	0
264	275	5	0
266	275	5	0
270	275	5	0
271	275	4	0
274	275	5	0
279	275	3	0
286	275	4	0
293	275	3	0
296	275	4	0
297	275	5	0
298	275	3	0
299	275	4	0
304	275	4	0
305	275	2	0
306	275	4	0
308	275	4	0
310	275	5	0
311	275	4	0
312	275	5	0
316	275	5	0
318	275	4	0
321	275	4	0
324	275	4	0
327	275	4	0
328	275	4	0
330	275	5	0
334	275	4	0
336	275	4	0
338	275	5	0
343	275	5	0
344	275	4	0
354	275	4	0
357	275	5	0
360	275	4	0
361	275	4	0
365	275	4	0
373	275	5	0
376	275	5	0
378	275	5	0
389	275	5	0
390	275	5	0
393	275	4	0
401	275	4	0
402	275	5	0
406	275	3	0
409	275	4	0
413	275	5	0
416	275	5	0
419	275	5	0
420	275	5	0
422	275	5	0
424	275	5	0
429	275	4	0
434	275	3	0
437	275	5	0
444	275	4	0
450	275	4	0
452	275	4	0
454	275	2	0
455	275	4	0
457	275	5	0
458	275	5	0
459	275	4	0
460	275	3	0
463	275	5	0
465	275	4	0
468	275	4	0
473	275	5	0
474	275	3	0
477	275	5	0
483	275	4	0
484	275	3	0
486	275	4	0
492	275	2	0
493	275	1	0
498	275	3	0
499	275	3	0
500	275	1	0
503	275	5	0
514	275	5	0
517	275	5	0
524	275	3	0
527	275	3	0
530	275	5	0
533	275	4	0
535	275	4	0
536	275	5	0
537	275	4	0
538	275	4	0
539	275	4	0
548	275	3	0
550	275	4	0
553	275	5	0
554	275	4	0
558	275	4	0
560	275	4	0
573	275	4	0
576	275	3	0
581	275	3	0
585	275	4	0
588	275	3	0
590	275	4	0
591	275	4	0
593	275	3	0
595	275	4	0
597	275	4	0
605	275	4	0
607	275	4	0
608	275	5	0
610	275	4	0
612	275	5	0
615	275	4	0
618	275	3	0
623	275	5	0
624	275	4	0
629	275	5	0
632	275	3	0
634	275	3	0
636	275	3	0
637	275	3	0
639	275	4	0
648	275	5	0
649	275	2	0
652	275	4	0
654	275	5	0
655	275	4	0
662	275	4	0
667	275	4	0
672	275	5	0
678	275	2	0
694	275	4	0
698	275	4	0
699	275	3	0
701	275	5	0
703	275	4	0
705	275	5	0
707	275	4	0
711	275	5	0
716	275	5	0
727	275	3	0
733	275	3	0
734	275	4	0
735	275	4	0
741	275	4	0
745	275	1	0
756	275	3	0
759	275	4	0
761	275	4	0
763	275	5	0
764	275	4	0
765	275	4	0
768	275	4	0
770	275	5	0
771	275	5	0
779	275	4	0
780	275	4	0
786	275	4	0
790	275	4	0
791	275	5	0
794	275	4	0
796	275	4	0
798	275	4	0
800	275	4	0
821	275	5	0
825	275	3	0
828	275	3	0
829	275	4	0
834	275	3	0
837	275	4	0
838	275	5	0
843	275	3	0
854	275	4	0
857	275	5	0
859	275	3	0
861	275	5	0
864	275	4	0
869	275	4	0
871	275	3	0
874	275	4	0
877	275	4	0
878	275	4	0
882	275	5	0
883	275	4	0
884	275	4	0
894	275	4	0
895	275	5	0
896	275	4	0
899	275	4	0
901	275	3	0
902	275	4	0
904	275	5	0
907	275	5	0
909	275	5	0
918	275	4	0
919	275	5	0
921	275	1	0
924	275	4	0
930	275	4	0
931	275	5	0
936	275	4	0
937	275	4	0
938	275	4	0
939	275	4	0
2	278	3	0
15	278	1	0
43	278	3	0
45	278	3	0
92	278	3	0
101	278	2	0
109	278	3	0
145	278	4	0
150	278	2	0
152	278	4	0
174	278	5	0
181	278	2	0
222	278	2	0
223	278	4	0
244	278	3	0
256	278	5	0
262	278	3	0
277	278	1	0
286	278	5	0
299	278	3	0
304	278	4	0
314	278	5	0
320	278	3	0
344	278	3	0
345	278	3	0
373	278	5	0
374	278	2	0
393	278	4	0
401	278	4	0
416	278	3	0
436	278	2	0
447	278	3	0
450	278	5	0
458	278	2	0
459	278	4	0
541	278	2	0
560	278	1	0
588	278	5	0
593	278	3	0
599	278	3	0
624	278	4	0
630	278	4	0
654	278	3	0
708	278	4	0
727	278	2	0
760	278	4	0
761	278	4	0
764	278	4	0
768	278	2	0
796	278	4	0
829	278	1	0
837	278	3	0
872	278	3	0
885	278	3	0
891	278	4	0
894	278	4	0
904	278	5	0
907	278	5	0
917	278	3	0
927	278	1	0
2	280	3	0
13	280	4	0
15	280	3	0
42	280	4	0
43	280	3	0
52	280	3	0
56	280	4	0
66	280	4	0
81	280	4	0
101	280	3	0
106	280	2	0
128	280	1	0
144	280	1	0
152	280	5	0
168	280	4	0
174	280	5	0
178	280	4	0
181	280	4	0
193	280	4	0
198	280	3	0
200	280	4	0
216	280	2	0
222	280	3	0
224	280	4	0
230	280	4	0
234	280	3	0
243	280	1	0
256	280	5	0
274	280	1	0
286	280	4	0
293	280	2	0
314	280	3	0
344	280	3	0
345	280	3	0
347	280	4	0
357	280	5	0
374	280	3	0
378	280	2	0
393	280	4	0
401	280	2	0
429	280	2	0
438	280	5	0
450	280	4	0
477	280	4	0
486	280	2	0
487	280	5	0
503	280	1	0
518	280	4	0
540	280	3	0
551	280	3	0
552	280	3	0
576	280	5	0
593	280	3	0
599	280	5	0
622	280	3	0
630	280	2	0
637	280	2	0
639	280	3	0
655	280	2	0
661	280	3	0
663	280	3	0
672	280	2	0
682	280	3	0
697	280	3	0
708	280	4	0
717	280	4	0
741	280	3	0
749	280	4	0
763	280	2	0
764	280	4	0
786	280	3	0
796	280	4	0
798	280	2	0
837	280	2	0
872	280	3	0
880	280	2	0
888	280	3	0
891	280	3	0
894	280	3	0
900	280	2	0
904	280	5	0
916	280	2	0
921	280	3	0
923	280	3	0
939	280	5	0
2	283	5	0
10	283	4	0
14	283	4	0
15	283	4	0
18	283	5	0
23	283	4	0
26	283	3	0
42	283	3	0
43	283	2	0
49	283	3	0
58	283	1	0
62	283	4	0
63	283	4	0
79	283	4	0
81	283	4	0
82	283	2	0
85	283	3	0
89	283	4	0
93	283	4	0
104	283	4	0
125	283	5	0
128	283	5	0
136	283	4	0
152	283	4	0
157	283	4	0
158	283	5	0
178	283	5	0
181	283	3	0
182	283	2	0
184	283	5	0
189	283	5	0
202	283	3	0
203	283	5	0
226	283	2	0
234	283	3	0
242	283	4	0
243	283	3	0
248	283	1	0
249	283	5	0
256	283	3	0
262	283	3	0
264	283	5	0
266	283	3	0
270	283	5	0
271	283	4	0
279	283	3	0
293	283	2	0
297	283	4	0
299	283	3	0
303	283	3	0
306	283	3	0
308	283	3	0
314	283	4	0
316	283	5	0
321	283	3	0
324	283	3	0
330	283	5	0
334	283	4	0
343	283	4	0
344	283	4	0
345	283	4	0
354	283	4	0
357	283	5	0
360	283	4	0
361	283	4	0
363	283	2	0
378	283	4	0
381	283	5	0
385	283	2	0
389	283	5	0
390	283	4	0
393	283	3	0
398	283	3	0
409	283	4	0
413	283	5	0
416	283	5	0
420	283	5	0
429	283	3	0
434	283	3	0
437	283	1	0
440	283	5	0
450	283	3	0
454	283	3	0
458	283	5	0
460	283	3	0
463	283	5	0
465	283	3	0
468	283	4	0
470	283	5	0
474	283	3	0
478	283	4	0
479	283	4	0
481	283	5	0
483	283	5	0
500	283	2	0
503	283	5	0
514	283	4	0
517	283	4	0
520	283	4	0
526	283	3	0
527	283	4	0
533	283	3	0
535	283	4	0
536	283	3	0
537	283	4	0
548	283	3	0
558	283	3	0
569	283	4	0
573	283	4	0
581	283	2	0
585	283	4	0
588	283	4	0
591	283	4	0
592	283	4	0
593	283	4	0
597	283	5	0
608	283	4	0
610	283	3	0
615	283	4	0
618	283	3	0
622	283	4	0
623	283	4	0
625	283	3	0
634	283	2	0
636	283	3	0
637	283	2	0
639	283	4	0
654	283	5	0
655	283	3	0
667	283	4	0
668	283	5	0
697	283	5	0
698	283	2	0
699	283	4	0
705	283	5	0
707	283	4	0
708	283	1	0
711	283	4	0
716	283	4	0
727	283	2	0
731	283	4	0
733	283	3	0
734	283	5	0
735	283	2	0
741	283	4	0
761	283	4	0
763	283	4	0
765	283	4	0
771	283	4	0
786	283	4	0
790	283	2	0
796	283	3	0
798	283	5	0
825	283	2	0
828	283	3	0
837	283	5	0
838	283	5	0
854	283	3	0
855	283	3	0
857	283	5	0
860	283	4	0
864	283	5	0
878	283	3	0
880	283	3	0
883	283	4	0
894	283	3	0
895	283	4	0
899	283	4	0
906	283	4	0
907	283	4	0
919	283	4	0
924	283	4	0
930	283	4	0
931	283	4	0
935	283	4	0
937	283	4	0
939	283	5	0
2	290	3	0
11	290	3	0
13	290	4	0
22	290	5	0
32	290	3	0
42	290	3	0
43	290	4	0
49	290	2	0
59	290	3	0
62	290	3	0
75	290	4	0
79	290	3	0
95	290	3	0
99	290	4	0
104	290	4	0
108	290	4	0
125	290	4	0
130	290	3	0
141	290	1	0
151	290	1	0
157	290	4	0
158	290	4	0
167	290	3	0
181	290	2	0
207	290	2	0
210	290	4	0
234	290	3	0
244	290	3	0
248	290	3	0
249	290	2	0
252	290	3	0
268	290	3	0
276	290	4	0
279	290	4	0
286	290	3	0
291	290	4	0
293	290	2	0
295	290	4	0
303	290	4	0
334	290	3	0
336	290	3	0
344	290	2	0
347	290	3	0
363	290	3	0
373	290	5	0
382	290	4	0
385	290	3	0
393	290	3	0
407	290	3	0
417	290	4	0
429	290	3	0
435	290	3	0
439	290	4	0
447	290	4	0
450	290	4	0
452	290	2	0
483	290	3	0
521	290	3	0
524	290	2	0
534	290	4	0
537	290	2	0
595	290	4	0
601	290	3	0
634	290	3	0
648	290	3	0
650	290	2	0
653	290	3	0
660	290	4	0
669	290	2	0
677	290	1	0
679	290	2	0
682	290	1	0
717	290	3	0
733	290	4	0
741	290	3	0
747	290	3	0
758	290	5	0
804	290	4	0
825	290	4	0
847	290	4	0
851	290	4	0
852	290	4	0
854	290	1	0
864	290	3	0
872	290	2	0
882	290	4	0
885	290	1	0
889	290	2	0
893	290	3	0
894	290	2	0
897	290	4	0
907	290	4	0
916	290	3	0
922	290	4	0
931	290	2	0
938	290	3	0
2	293	4	0
6	293	3	0
26	293	3	0
76	293	4	0
94	293	4	0
104	293	3	0
130	293	5	0
131	293	3	0
141	293	2	0
144	293	4	0
145	293	4	0
150	293	4	0
157	293	5	0
158	293	4	0
159	293	4	0
160	293	5	0
164	293	4	0
174	293	5	0
176	293	5	0
178	293	4	0
182	293	3	0
207	293	2	0
209	293	4	0
222	293	3	0
227	293	5	0
233	293	4	0
250	293	4	0
259	293	4	0
262	293	2	0
265	293	4	0
267	293	4	0
269	293	3	0
276	293	4	0
277	293	4	0
291	293	5	0
293	293	4	0
294	293	4	0
296	293	5	0
297	293	3	0
303	293	4	0
308	293	4	0
323	293	4	0
324	293	4	0
327	293	3	0
330	293	3	0
332	293	4	0
334	293	3	0
339	293	5	0
342	293	4	0
345	293	4	0
346	293	3	0
347	293	5	0
363	293	4	0
385	293	3	0
387	293	4	0
392	293	4	0
416	293	5	0
417	293	4	0
422	293	3	0
423	293	4	0
425	293	4	0
429	293	4	0
430	293	3	0
432	293	5	0
433	293	3	0
439	293	3	0
445	293	3	0
447	293	4	0
449	293	4	0
454	293	4	0
455	293	4	0
458	293	5	0
460	293	4	0
464	293	5	0
467	293	4	0
468	293	5	0
470	293	4	0
473	293	4	0
474	293	4	0
484	293	5	0
486	293	3	0
487	293	5	0
490	293	2	0
498	293	4	0
501	293	4	0
503	293	4	0
514	293	3	0
525	293	3	0
526	293	5	0
533	293	3	0
540	293	4	0
542	293	3	0
548	293	4	0
567	293	5	0
582	293	5	0
590	293	3	0
592	293	5	0
593	293	1	0
595	293	4	0
597	293	5	0
605	293	3	0
606	293	5	0
614	293	3	0
619	293	3	0
621	293	3	0
624	293	4	0
634	293	3	0
637	293	3	0
644	293	4	0
653	293	3	0
655	293	4	0
665	293	4	0
666	293	3	0
682	293	4	0
703	293	4	0
707	293	4	0
709	293	4	0
716	293	4	0
717	293	5	0
719	293	3	0
733	293	4	0
735	293	3	0
736	293	4	0
749	293	4	0
754	293	4	0
758	293	3	0
761	293	4	0
774	293	1	0
782	293	2	0
789	293	4	0
793	293	4	0
796	293	5	0
825	293	3	0
833	293	4	0
834	293	3	0
854	293	5	0
858	293	3	0
859	293	4	0
880	293	4	0
894	293	4	0
903	293	4	0
910	293	4	0
919	293	4	0
923	293	4	0
931	293	4	0
937	293	4	0
938	293	3	0
2	295	4	0
21	295	3	0
27	295	3	0
54	295	3	0
56	295	3	0
57	295	5	0
66	295	3	0
92	295	2	0
109	295	4	0
116	295	3	0
130	295	3	0
141	295	5	0
168	295	4	0
178	295	3	0
186	295	2	0
223	295	3	0
227	295	5	0
251	295	4	0
270	295	5	0
294	295	4	0
308	295	3	0
323	295	3	0
329	295	4	0
332	295	3	0
344	295	3	0
345	295	4	0
359	295	3	0
378	295	3	0
387	295	3	0
399	295	4	0
416	295	5	0
422	295	3	0
432	295	3	0
445	295	1	0
459	295	3	0
464	295	5	0
470	295	3	0
479	295	1	0
482	295	3	0
486	295	3	0
499	295	2	0
500	295	4	0
504	295	4	0
506	295	4	0
532	295	5	0
533	295	4	0
548	295	5	0
569	295	3	0
586	295	3	0
592	295	4	0
596	295	4	0
597	295	3	0
605	295	4	0
619	295	4	0
624	295	3	0
630	295	4	0
648	295	4	0
655	295	3	0
676	295	1	0
689	295	1	0
697	295	3	0
709	295	3	0
749	295	3	0
754	295	4	0
761	295	4	0
770	295	4	0
782	295	2	0
851	295	5	0
867	295	4	0
880	295	5	0
894	295	3	0
902	295	2	0
916	295	2	0
919	295	3	0
923	295	5	0
936	295	3	0
937	295	4	0
5	409	2	0
13	409	3	0
15	409	3	0
38	409	5	0
42	409	3	0
43	409	3	0
57	409	4	0
68	409	3	0
75	409	3	0
82	409	1	0
83	409	4	0
87	409	3	0
92	409	3	0
99	409	2	0
102	409	2	0
109	409	2	0
141	409	5	0
168	409	4	0
181	409	2	0
200	409	2	0
222	409	3	0
223	409	3	0
244	409	4	0
246	409	2	0
249	409	4	0
256	409	4	0
265	409	3	0
276	409	3	0
280	409	3	0
283	409	4	0
300	409	4	0
301	409	4	0
313	409	2	0
314	409	4	0
332	409	3	0
348	409	4	0
373	409	2	0
378	409	2	0
393	409	4	0
429	409	2	0
435	409	3	0
459	409	2	0
500	409	4	0
504	409	4	0
577	409	5	0
592	409	1	0
620	409	4	0
630	409	3	0
642	409	5	0
653	409	2	0
684	409	3	0
726	409	3	0
747	409	1	0
756	409	2	0
788	409	3	0
796	409	3	0
825	409	3	0
854	409	2	0
872	409	3	0
880	409	2	0
881	409	4	0
882	409	4	0
887	409	4	0
891	409	4	0
897	409	4	0
901	409	3	0
903	409	4	0
907	409	4	0
927	409	4	0
939	409	4	0
6	458	1	0
15	458	5	0
26	458	3	0
59	458	4	0
68	458	1	0
82	458	1	0
85	458	3	0
94	458	4	0
119	458	5	0
121	458	1	0
128	458	4	0
139	458	4	0
150	458	4	0
160	458	5	0
164	458	4	0
168	458	1	0
174	458	4	0
176	458	4	0
178	458	3	0
181	458	3	0
184	458	3	0
201	458	4	0
203	458	3	0
207	458	3	0
213	458	4	0
238	458	4	0
243	458	4	0
244	458	3	0
250	458	5	0
276	458	4	0
303	458	3	0
318	458	4	0
320	458	4	0
324	458	4	0
325	458	3	0
343	458	5	0
349	458	4	0
374	458	5	0
378	458	4	0
385	458	3	0
387	458	1	0
391	458	4	0
395	458	3	0
422	458	3	0
445	458	2	0
452	458	1	0
457	458	3	0
460	458	2	0
470	458	4	0
486	458	3	0
490	458	3	0
518	458	3	0
537	458	3	0
546	458	1	0
548	458	3	0
551	458	2	0
560	458	3	0
561	458	4	0
562	458	2	0
569	458	2	0
582	458	4	0
592	458	3	0
614	458	4	0
618	458	3	0
627	458	3	0
634	458	4	0
648	458	2	0
653	458	2	0
655	458	3	0
658	458	3	0
664	458	3	0
699	458	4	0
703	458	3	0
707	458	3	0
722	458	4	0
733	458	2	0
761	458	1	0
786	458	3	0
793	458	3	0
829	458	3	0
835	458	4	0
839	458	5	0
854	458	3	0
859	458	3	0
870	458	1	0
896	458	1	0
900	458	2	0
905	458	4	0
919	458	2	0
938	458	4	0
6	473	2	0
13	473	4	0
14	473	5	0
15	473	1	0
21	473	3	0
43	473	3	0
45	473	3	0
49	473	3	0
52	473	4	0
56	473	2	0
57	473	3	0
59	473	3	0
62	473	4	0
63	473	2	0
70	473	3	0
75	473	3	0
82	473	2	0
95	473	4	0
99	473	4	0
119	473	3	0
148	473	5	0
151	473	4	0
161	473	1	0
168	473	2	0
181	473	2	0
184	473	4	0
189	473	5	0
199	473	4	0
200	473	4	0
201	473	3	0
222	473	1	0
234	473	5	0
245	473	2	0
256	473	5	0
262	473	2	0
275	473	3	0
276	473	4	0
277	473	2	0
286	473	3	0
289	473	1	0
290	473	1	0
298	473	3	0
299	473	3	0
303	473	4	0
308	473	3	0
313	473	3	0
330	473	4	0
343	473	3	0
344	473	4	0
345	473	2	0
348	473	3	0
354	473	3	0
357	473	3	0
363	473	4	0
365	473	4	0
378	473	3	0
381	473	5	0
385	473	3	0
387	473	4	0
393	473	3	0
401	473	1	0
416	473	2	0
417	473	2	0
429	473	3	0
435	473	3	0
437	473	5	0
449	473	3	0
457	473	4	0
458	473	4	0
459	473	4	0
463	473	4	0
472	473	4	0
483	473	3	0
486	473	3	0
490	473	2	0
514	473	3	0
540	473	3	0
561	473	3	0
569	473	4	0
582	473	3	0
601	473	3	0
606	473	4	0
624	473	3	0
634	473	2	0
642	473	1	0
648	473	3	0
654	473	2	0
660	473	2	0
663	473	3	0
665	473	4	0
697	473	5	0
699	473	3	0
707	473	4	0
708	473	1	0
716	473	4	0
747	473	3	0
756	473	3	0
769	473	3	0
770	473	5	0
794	473	4	0
795	473	2	0
798	473	2	0
804	473	4	0
805	473	4	0
807	473	3	0
821	473	3	0
823	473	3	0
840	473	5	0
843	473	2	0
847	473	2	0
851	473	4	0
852	473	3	0
864	473	4	0
865	473	3	0
880	473	3	0
881	473	2	0
882	473	3	0
887	473	4	0
889	473	4	0
892	473	3	0
896	473	2	0
897	473	3	0
906	473	4	0
911	473	3	0
917	473	3	0
938	473	3	0
6	475	5	0
10	475	4	0
13	475	3	0
14	475	3	0
17	475	4	0
24	475	4	0
26	475	3	0
27	475	2	0
32	475	5	0
49	475	4	0
50	475	5	0
52	475	4	0
54	475	5	0
57	475	2	0
58	475	5	0
62	475	4	0
63	475	4	0
64	475	5	0
66	475	2	0
68	475	5	0
69	475	3	0
71	475	5	0
73	475	4	0
75	475	5	0
81	475	5	0
82	475	1	0
89	475	5	0
90	475	3	0
92	475	5	0
94	475	5	0
99	475	5	0
104	475	4	0
109	475	1	0
115	475	5	0
117	475	5	0
118	475	5	0
119	475	4	0
125	475	1	0
130	475	3	0
135	475	4	0
136	475	4	0
139	475	5	0
144	475	1	0
150	475	5	0
154	475	4	0
157	475	3	0
160	475	5	0
176	475	5	0
177	475	4	0
181	475	2	0
198	475	4	0
199	475	5	0
201	475	4	0
203	475	3	0
207	475	2	0
213	475	4	0
214	475	5	0
216	475	5	0
221	475	4	0
222	475	4	0
227	475	4	0
228	475	3	0
232	475	5	0
239	475	5	0
242	475	3	0
244	475	4	0
246	475	4	0
248	475	5	0
250	475	4	0
252	475	5	0
257	475	5	0
259	475	5	0
264	475	5	0
267	475	5	0
268	475	4	0
269	475	5	0
270	475	5	0
276	475	5	0
286	475	4	0
291	475	5	0
292	475	5	0
294	475	5	0
296	475	4	0
297	475	5	0
299	475	4	0
303	475	4	0
305	475	4	0
308	475	4	0
315	475	4	0
323	475	3	0
324	475	5	0
325	475	4	0
327	475	4	0
331	475	3	0
334	475	4	0
336	475	4	0
339	475	5	0
342	475	5	0
343	475	5	0
347	475	4	0
349	475	4	0
361	475	4	0
374	475	1	0
382	475	3	0
383	475	2	0
387	475	3	0
389	475	5	0
390	475	1	0
397	475	4	0
399	475	5	0
402	475	3	0
409	475	4	0
416	475	2	0
417	475	4	0
420	475	4	0
422	475	4	0
425	475	5	0
429	475	4	0
432	475	4	0
437	475	3	0
439	475	3	0
445	475	5	0
449	475	5	0
452	475	2	0
453	475	5	0
455	475	4	0
456	475	5	0
458	475	4	0
463	475	3	0
465	475	3	0
467	475	4	0
468	475	4	0
470	475	4	0
472	475	5	0
473	475	5	0
474	475	4	0
479	475	1	0
486	475	4	0
490	475	4	0
491	475	4	0
493	475	3	0
497	475	4	0
498	475	3	0
500	475	5	0
501	475	5	0
503	475	2	0
506	475	1	0
518	475	4	0
521	475	3	0
525	475	3	0
526	475	5	0
527	475	3	0
533	475	1	0
534	475	4	0
537	475	4	0
540	475	4	0
542	475	3	0
548	475	4	0
551	475	5	0
561	475	3	0
567	475	4	0
568	475	4	0
569	475	3	0
576	475	1	0
581	475	4	0
582	475	5	0
588	475	2	0
590	475	4	0
592	475	5	0
595	475	5	0
601	475	4	0
605	475	3	0
606	475	4	0
607	475	4	0
608	475	3	0
609	475	2	0
615	475	4	0
617	475	1	0
624	475	4	0
629	475	4	0
632	475	3	0
634	475	5	0
637	475	1	0
648	475	1	0
655	475	3	0
657	475	4	0
658	475	4	0
663	475	4	0
665	475	3	0
667	475	5	0
668	475	4	0
669	475	3	0
677	475	4	0
682	475	3	0
689	475	4	0
699	475	4	0
711	475	5	0
715	475	4	0
717	475	5	0
735	475	4	0
737	475	4	0
741	475	3	0
742	475	4	0
747	475	5	0
758	475	5	0
762	475	5	0
763	475	4	0
768	475	2	0
770	475	5	0
773	475	3	0
789	475	5	0
790	475	3	0
794	475	5	0
805	475	5	0
806	475	4	0
823	475	5	0
828	475	4	0
829	475	4	0
833	475	3	0
834	475	5	0
839	475	5	0
851	475	4	0
854	475	4	0
855	475	4	0
857	475	5	0
859	475	4	0
861	475	3	0
865	475	4	0
867	475	5	0
868	475	4	0
870	475	5	0
877	475	4	0
880	475	4	0
884	475	4	0
886	475	5	0
889	475	4	0
894	475	3	0
903	475	4	0
905	475	3	0
906	475	3	0
907	475	3	0
913	475	4	0
916	475	4	0
919	475	3	0
923	475	5	0
932	475	4	0
933	475	2	0
936	475	5	0
941	475	4	0
943	475	5	0
6	476	1	0
13	476	2	0
15	476	4	0
16	476	3	0
18	476	3	0
26	476	3	0
45	476	3	0
49	476	1	0
57	476	3	0
59	476	2	0
64	476	1	0
65	476	3	0
72	476	4	0
75	476	1	0
78	476	3	0
81	476	2	0
82	476	3	0
83	476	3	0
85	476	3	0
87	476	2	0
92	476	2	0
93	476	4	0
102	476	3	0
109	476	3	0
137	476	1	0
141	476	3	0
144	476	2	0
151	476	3	0
157	476	1	0
159	476	5	0
174	476	4	0
178	476	3	0
181	476	4	0
184	476	2	0
192	476	2	0
193	476	2	0
207	476	2	0
221	476	2	0
222	476	3	0
223	476	3	0
231	476	3	0
236	476	3	0
238	476	3	0
249	476	3	0
251	476	2	0
256	476	4	0
262	476	3	0
269	476	1	0
271	476	1	0
274	476	4	0
280	476	5	0
286	476	4	0
287	476	1	0
290	476	3	0
294	476	3	0
303	476	3	0
306	476	3	0
314	476	5	0
318	476	4	0
327	476	2	0
334	476	3	0
342	476	4	0
343	476	2	0
344	476	3	0
345	476	3	0
348	476	4	0
357	476	3	0
365	476	4	0
374	476	2	0
378	476	3	0
393	476	3	0
398	476	3	0
402	476	3	0
403	476	4	0
406	476	4	0
407	476	2	0
416	476	5	0
434	476	4	0
435	476	3	0
437	476	4	0
438	476	5	0
450	476	4	0
453	476	3	0
457	476	2	0
463	476	3	0
486	476	3	0
500	476	2	0
504	476	5	0
518	476	4	0
523	476	3	0
524	476	3	0
530	476	4	0
533	476	2	0
541	476	5	0
551	476	5	0
560	476	2	0
563	476	3	0
572	476	4	0
590	476	3	0
593	476	2	0
599	476	4	0
601	476	1	0
612	476	3	0
614	476	3	0
625	476	2	0
630	476	5	0
634	476	3	0
650	476	2	0
653	476	2	0
654	476	3	0
655	476	2	0
659	476	3	0
665	476	4	0
672	476	5	0
682	476	1	0
692	476	3	0
707	476	3	0
708	476	3	0
711	476	4	0
717	476	4	0
722	476	4	0
747	476	3	0
754	476	4	0
761	476	2	0
768	476	4	0
769	476	4	0
792	476	1	0
798	476	2	0
800	476	3	0
804	476	3	0
805	476	1	0
821	476	4	0
837	476	3	0
847	476	4	0
848	476	3	0
854	476	3	0
859	476	5	0
862	476	4	0
864	476	2	0
869	476	1	0
872	476	4	0
880	476	3	0
881	476	2	0
882	476	3	0
885	476	4	0
887	476	1	0
891	476	5	0
893	476	3	0
896	476	2	0
901	476	5	0
907	476	4	0
916	476	2	0
917	476	5	0
922	476	1	0
931	476	3	0
933	476	2	0
935	476	4	0
936	476	4	0
938	476	4	0
939	476	5	0
6	477	1	0
13	477	4	0
14	477	4	0
24	477	5	0
25	477	4	0
49	477	2	0
57	477	4	0
59	477	3	0
75	477	4	0
82	477	3	0
83	477	2	0
84	477	4	0
87	477	3	0
93	477	5	0
94	477	2	0
130	477	4	0
145	477	2	0
181	477	1	0
186	477	4	0
195	477	2	0
203	477	4	0
222	477	2	0
223	477	3	0
234	477	1	0
243	477	4	0
246	477	4	0
250	477	3	0
265	477	3	0
268	477	3	0
271	477	3	0
286	477	3	0
289	477	2	0
298	477	4	0
303	477	3	0
308	477	4	0
314	477	3	0
344	477	3	0
348	477	3	0
374	477	1	0
387	477	1	0
389	477	4	0
393	477	3	0
401	477	1	0
403	477	4	0
416	477	4	0
422	477	4	0
434	477	5	0
450	477	4	0
459	477	1	0
463	477	2	0
465	477	4	0
471	477	5	0
472	477	5	0
523	477	3	0
532	477	4	0
533	477	4	0
534	477	3	0
541	477	4	0
548	477	1	0
562	477	4	0
582	477	4	0
597	477	5	0
606	477	4	0
610	477	2	0
612	477	2	0
618	477	2	0
624	477	3	0
630	477	4	0
634	477	3	0
642	477	5	0
648	477	3	0
658	477	3	0
684	477	5	0
699	477	3	0
714	477	2	0
749	477	3	0
754	477	5	0
761	477	1	0
770	477	4	0
771	477	5	0
795	477	3	0
796	477	2	0
805	477	4	0
807	477	4	0
870	477	4	0
880	477	3	0
881	477	4	0
883	477	5	0
887	477	1	0
892	477	4	0
897	477	3	0
901	477	3	0
919	477	4	0
927	477	3	0
938	477	1	0
6	508	3	0
11	508	4	0
13	508	3	0
15	508	2	0
17	508	3	0
24	508	4	0
26	508	3	0
27	508	3	0
32	508	4	0
38	508	2	0
49	508	3	0
50	508	5	0
59	508	5	0
60	508	4	0
62	508	4	0
63	508	4	0
66	508	4	0
69	508	4	0
74	508	4	0
75	508	4	0
79	508	3	0
82	508	2	0
83	508	2	0
85	508	2	0
92	508	5	0
94	508	5	0
99	508	4	0
104	508	2	0
109	508	4	0
113	508	4	0
115	508	5	0
118	508	4	0
120	508	2	0
121	508	4	0
125	508	1	0
128	508	4	0
130	508	4	0
134	508	3	0
139	508	4	0
144	508	4	0
157	508	5	0
160	508	5	0
161	508	2	0
162	508	5	0
175	508	1	0
176	508	3	0
177	508	4	0
178	508	3	0
181	508	3	0
184	508	4	0
190	508	3	0
193	508	4	0
195	508	3	0
199	508	4	0
201	508	4	0
207	508	4	0
213	508	4	0
214	508	4	0
216	508	4	0
221	508	4	0
222	508	3	0
226	508	4	0
232	508	1	0
239	508	5	0
244	508	4	0
266	508	4	0
269	508	4	0
276	508	5	0
277	508	4	0
280	508	3	0
291	508	5	0
294	508	4	0
296	508	5	0
297	508	4	0
299	508	4	0
303	508	4	0
314	508	3	0
315	508	4	0
318	508	4	0
322	508	4	0
323	508	4	0
324	508	5	0
326	508	3	0
327	508	2	0
334	508	3	0
339	508	4	0
342	508	3	0
343	508	5	0
344	508	4	0
345	508	4	0
347	508	3	0
354	508	3	0
357	508	5	0
377	508	4	0
378	508	4	0
382	508	3	0
385	508	2	0
387	508	4	0
388	508	3	0
391	508	2	0
394	508	4	0
399	508	3	0
401	508	3	0
406	508	4	0
407	508	4	0
412	508	4	0
413	508	4	0
417	508	3	0
420	508	3	0
423	508	4	0
424	508	3	0
429	508	4	0
432	508	5	0
442	508	3	0
445	508	2	0
447	508	3	0
453	508	4	0
455	508	4	0
456	508	4	0
463	508	4	0
468	508	4	0
470	508	5	0
473	508	2	0
474	508	3	0
486	508	4	0
497	508	3	0
501	508	4	0
518	508	3	0
523	508	3	0
524	508	5	0
526	508	4	0
527	508	3	0
532	508	4	0
533	508	4	0
534	508	4	0
535	508	5	0
537	508	4	0
540	508	4	0
542	508	3	0
543	508	4	0
551	508	4	0
557	508	4	0
558	508	5	0
559	508	3	0
560	508	3	0
566	508	4	0
569	508	3	0
582	508	4	0
591	508	4	0
592	508	5	0
595	508	5	0
599	508	3	0
601	508	4	0
602	508	3	0
605	508	5	0
606	508	4	0
608	508	4	0
610	508	3	0
614	508	4	0
624	508	4	0
632	508	2	0
634	508	4	0
637	508	2	0
643	508	4	0
653	508	3	0
654	508	1	0
655	508	3	0
657	508	4	0
663	508	4	0
665	508	2	0
669	508	3	0
676	508	1	0
677	508	5	0
692	508	3	0
693	508	2	0
703	508	3	0
708	508	4	0
709	508	4	0
722	508	4	0
728	508	4	0
731	508	1	0
742	508	4	0
744	508	5	0
747	508	5	0
758	508	4	0
761	508	1	0
770	508	5	0
774	508	3	0
780	508	3	0
789	508	4	0
792	508	2	0
793	508	4	0
825	508	4	0
831	508	3	0
833	508	5	0
839	508	3	0
854	508	4	0
860	508	4	0
870	508	3	0
880	508	4	0
894	508	3	0
896	508	2	0
900	508	3	0
905	508	4	0
910	508	4	0
913	508	3	0
919	508	5	0
931	508	4	0
933	508	3	0
936	508	3	0
937	508	1	0
938	508	4	0
939	508	5	0
940	508	5	0
943	508	5	0
6	535	2	0
66	535	4	0
87	535	4	0
141	535	5	0
178	535	3	0
207	535	3	0
223	535	3	0
251	535	3	0
270	535	5	0
286	535	5	0
292	535	3	0
294	535	4	0
297	535	3	0
303	535	1	0
314	535	4	0
323	535	3	0
342	535	3	0
344	535	3	0
345	535	3	0
401	535	2	0
416	535	4	0
429	535	2	0
447	535	4	0
450	535	3	0
479	535	3	0
500	535	3	0
530	535	4	0
532	535	5	0
593	535	3	0
599	535	4	0
614	535	2	0
630	535	4	0
637	535	2	0
654	535	3	0
655	535	2	0
665	535	4	0
708	535	2	0
726	535	3	0
730	535	2	0
768	535	3	0
782	535	3	0
837	535	1	0
854	535	3	0
859	535	5	0
878	535	1	0
888	535	4	0
894	535	4	0
904	535	3	0
916	535	3	0
917	535	4	0
919	535	3	0
927	535	3	0
930	535	4	0
936	535	2	0
7	544	3	0
11	544	4	0
50	544	4	0
81	544	2	0
94	544	3	0
99	544	4	0
104	544	3	0
119	544	2	0
145	544	4	0
158	544	2	0
160	544	4	0
162	544	4	0
181	544	1	0
190	544	4	0
201	544	2	0
221	544	4	0
224	544	1	0
268	544	3	0
276	544	3	0
279	544	1	0
280	544	4	0
288	544	5	0
293	544	3	0
294	544	4	0
296	544	4	0
303	544	4	0
323	544	4	0
342	544	1	0
347	544	4	0
349	544	4	0
374	544	1	0
391	544	4	0
393	544	3	0
399	544	2	0
416	544	2	0
417	544	3	0
445	544	2	0
447	544	4	0
449	544	3	0
456	544	3	0
463	544	4	0
468	544	3	0
470	544	3	0
486	544	4	0
501	544	4	0
518	544	3	0
526	544	1	0
551	544	4	0
561	544	2	0
592	544	4	0
595	544	3	0
624	544	4	0
634	544	3	0
637	544	3	0
663	544	4	0
666	544	4	0
699	544	4	0
727	544	3	0
733	544	1	0
792	544	4	0
825	544	3	0
833	544	1	0
834	544	4	0
851	544	4	0
854	544	3	0
862	544	5	0
886	544	4	0
889	544	3	0
903	544	2	0
906	544	4	0
923	544	4	0
7	595	2	0
21	595	3	0
42	595	1	0
54	595	3	0
59	595	3	0
81	595	4	0
92	595	3	0
99	595	4	0
101	595	2	0
109	595	3	0
113	595	5	0
119	595	3	0
121	595	2	0
145	595	3	0
159	595	5	0
181	595	2	0
186	595	3	0
236	595	3	0
251	595	3	0
256	595	4	0
276	595	2	0
280	595	3	0
303	595	2	0
314	595	3	0
328	595	3	0
332	595	4	0
347	595	2	0
357	595	4	0
372	595	4	0
374	595	3	0
396	595	3	0
436	595	5	0
445	595	2	0
486	595	2	0
504	595	4	0
518	595	3	0
525	595	2	0
533	595	2	0
534	595	4	0
548	595	4	0
551	595	2	0
554	595	3	0
577	595	4	0
599	595	5	0
620	595	5	0
624	595	3	0
630	595	5	0
634	595	4	0
637	595	3	0
697	595	4	0
715	595	3	0
749	595	4	0
754	595	2	0
764	595	4	0
792	595	3	0
805	595	3	0
825	595	3	0
851	595	3	0
880	595	1	0
891	595	3	0
894	595	3	0
903	595	2	0
938	595	2	0
943	595	2	0
7	596	5	0
13	596	3	0
14	596	3	0
21	596	3	0
27	596	2	0
43	596	3	0
45	596	3	0
56	596	4	0
63	596	2	0
68	596	2	0
70	596	3	0
81	596	3	0
82	596	3	0
85	596	3	0
92	596	2	0
95	596	2	0
101	596	3	0
102	596	2	0
115	596	1	0
116	596	5	0
117	596	3	0
130	596	4	0
148	596	5	0
152	596	2	0
168	596	4	0
178	596	3	0
181	596	4	0
182	596	5	0
184	596	4	0
186	596	4	0
189	596	3	0
200	596	4	0
201	596	4	0
211	596	3	0
222	596	3	0
223	596	3	0
226	596	3	0
234	596	2	0
236	596	4	0
244	596	4	0
245	596	4	0
246	596	3	0
250	596	5	0
251	596	3	0
254	596	4	0
261	596	2	0
262	596	4	0
270	596	5	0
274	596	3	0
286	596	3	0
290	596	4	0
297	596	3	0
298	596	3	0
303	596	4	0
312	596	5	0
330	596	5	0
348	596	4	0
349	596	2	0
373	596	3	0
378	596	5	0
381	596	3	0
388	596	4	0
393	596	4	0
395	596	2	0
406	596	3	0
417	596	3	0
429	596	3	0
435	596	4	0
458	596	4	0
459	596	3	0
463	596	3	0
471	596	1	0
481	596	4	0
487	596	5	0
490	596	1	0
525	596	4	0
533	596	2	0
536	596	3	0
540	596	4	0
541	596	4	0
550	596	2	0
551	596	5	0
554	596	3	0
561	596	2	0
606	596	4	0
618	596	4	0
620	596	2	0
634	596	3	0
636	596	5	0
637	596	2	0
642	596	5	0
648	596	3	0
654	596	3	0
668	596	3	0
684	596	3	0
689	596	3	0
697	596	4	0
699	596	3	0
703	596	3	0
708	596	4	0
727	596	4	0
747	596	5	0
751	596	4	0
764	596	3	0
770	596	4	0
771	596	4	0
779	596	4	0
792	596	3	0
807	596	4	0
815	596	5	0
837	596	3	0
838	596	5	0
843	596	3	0
847	596	3	0
864	596	4	0
869	596	3	0
879	596	2	0
881	596	3	0
885	596	4	0
887	596	5	0
892	596	3	0
896	596	2	0
907	596	4	0
913	596	1	0
919	596	3	0
922	596	4	0
938	596	5	0
7	619	3	0
13	619	3	0
21	619	2	0
81	619	3	0
92	619	4	0
99	619	4	0
130	619	4	0
141	619	4	0
164	619	4	0
168	619	3	0
178	619	3	0
181	619	3	0
203	619	3	0
222	619	4	0
223	619	2	0
234	619	2	0
277	619	4	0
280	619	4	0
291	619	3	0
293	619	1	0
294	619	3	0
303	619	3	0
323	619	3	0
332	619	3	0
336	619	3	0
344	619	4	0
349	619	4	0
374	619	3	0
378	619	3	0
387	619	1	0
396	619	3	0
416	619	4	0
438	619	4	0
450	619	3	0
458	619	2	0
459	619	4	0
500	619	3	0
518	619	4	0
532	619	5	0
534	619	4	0
548	619	3	0
552	619	3	0
580	619	3	0
592	619	1	0
593	619	3	0
605	619	4	0
606	619	4	0
624	619	3	0
637	619	2	0
648	619	3	0
653	619	3	0
655	619	3	0
663	619	4	0
682	619	3	0
699	619	2	0
733	619	3	0
754	619	4	0
758	619	4	0
825	619	4	0
851	619	4	0
854	619	2	0
864	619	3	0
880	619	4	0
907	619	2	0
10	696	4	0
15	696	2	0
21	696	2	0
75	696	4	0
94	696	4	0
115	696	4	0
141	696	4	0
145	696	3	0
174	696	4	0
178	696	4	0
181	696	2	0
190	696	3	0
207	696	3	0
236	696	2	0
276	696	2	0
293	696	2	0
296	696	4	0
313	696	3	0
328	696	3	0
332	696	3	0
344	696	3	0
345	696	3	0
347	696	4	0
349	696	3	0
372	696	4	0
374	696	3	0
378	696	3	0
391	696	4	0
393	696	4	0
402	696	4	0
416	696	3	0
423	696	3	0
435	696	3	0
437	696	3	0
450	696	4	0
456	696	3	0
458	696	3	0
459	696	4	0
474	696	3	0
486	696	3	0
491	696	3	0
501	696	4	0
518	696	5	0
533	696	3	0
548	696	4	0
551	696	2	0
554	696	3	0
586	696	3	0
624	696	4	0
634	696	4	0
653	696	1	0
663	696	3	0
666	696	3	0
682	696	4	0
707	696	4	0
716	696	2	0
722	696	4	0
733	696	3	0
741	696	3	0
764	696	3	0
786	696	3	0
788	696	3	0
792	696	3	0
793	696	3	0
825	696	3	0
830	696	2	0
833	696	3	0
839	696	2	0
851	696	3	0
854	696	2	0
869	696	2	0
889	696	3	0
896	696	1	0
900	696	2	0
903	696	3	0
906	696	4	0
907	696	5	0
917	696	5	0
936	696	2	0
13	762	5	0
14	762	3	0
18	762	3	0
45	762	4	0
52	762	3	0
59	762	4	0
63	762	3	0
70	762	3	0
89	762	3	0
90	762	3	0
99	762	2	0
109	762	3	0
115	762	4	0
119	762	4	0
144	762	3	0
145	762	3	0
160	762	3	0
174	762	5	0
178	762	3	0
180	762	4	0
181	762	2	0
194	762	3	0
196	762	3	0
218	762	4	0
221	762	4	0
222	762	3	0
244	762	3	0
259	762	2	0
262	762	2	0
264	762	3	0
268	762	2	0
269	762	1	0
274	762	5	0
277	762	3	0
279	762	3	0
286	762	2	0
303	762	4	0
314	762	4	0
323	762	4	0
334	762	3	0
336	762	5	0
342	762	2	0
344	762	3	0
345	762	5	0
361	762	2	0
365	762	4	0
374	762	5	0
376	762	4	0
378	762	3	0
401	762	2	0
416	762	3	0
417	762	3	0
429	762	4	0
435	762	4	0
436	762	4	0
445	762	1	0
447	762	3	0
450	762	3	0
458	762	3	0
467	762	3	0
478	762	4	0
486	762	4	0
493	762	4	0
500	762	4	0
506	762	3	0
525	762	4	0
537	762	3	0
540	762	4	0
548	762	4	0
551	762	5	0
555	762	4	0
561	762	3	0
569	762	3	0
588	762	4	0
592	762	5	0
593	762	4	0
595	762	4	0
618	762	3	0
624	762	4	0
634	762	3	0
655	762	2	0
659	762	3	0
661	762	2	0
663	762	4	0
665	762	4	0
682	762	3	0
692	762	4	0
699	762	3	0
708	762	5	0
709	762	3	0
711	762	3	0
712	762	4	0
733	762	4	0
768	762	1	0
771	762	2	0
789	762	3	0
790	762	5	0
792	762	4	0
796	762	3	0
823	762	4	0
834	762	4	0
837	762	2	0
854	762	2	0
859	762	5	0
868	762	4	0
880	762	4	0
886	762	5	0
888	762	5	0
889	762	3	0
904	762	2	0
907	762	5	0
916	762	3	0
921	762	2	0
923	762	4	0
938	762	4	0
13	815	4	0
15	815	1	0
26	815	2	0
43	815	4	0
52	815	4	0
56	815	4	0
62	815	3	0
84	815	4	0
89	815	4	0
93	815	4	0
95	815	3	0
99	815	2	0
101	815	3	0
128	815	3	0
130	815	3	0
141	815	4	0
144	815	1	0
159	815	3	0
181	815	3	0
189	815	3	0
193	815	3	0
203	815	4	0
222	815	2	0
238	815	2	0
244	815	4	0
256	815	5	0
262	815	2	0
265	815	3	0
270	815	4	0
271	815	3	0
274	815	3	0
286	815	3	0
287	815	3	0
289	815	3	0
293	815	2	0
296	815	3	0
303	815	3	0
314	815	5	0
318	815	3	0
332	815	4	0
334	815	3	0
342	815	4	0
344	815	2	0
345	815	3	0
365	815	3	0
374	815	4	0
376	815	3	0
393	815	4	0
401	815	3	0
416	815	4	0
417	815	4	0
432	815	3	0
434	815	4	0
438	815	5	0
447	815	3	0
450	815	3	0
452	815	2	0
459	815	4	0
477	815	5	0
500	815	3	0
524	815	3	0
530	815	4	0
532	815	4	0
552	815	3	0
576	815	3	0
588	815	4	0
592	815	3	0
593	815	3	0
595	815	3	0
599	815	3	0
618	815	4	0
623	815	2	0
624	815	3	0
630	815	3	0
637	815	2	0
642	815	4	0
649	815	3	0
655	815	2	0
663	815	4	0
665	815	4	0
672	815	4	0
680	815	3	0
697	815	3	0
705	815	3	0
707	815	2	0
717	815	3	0
718	815	4	0
727	815	3	0
730	815	3	0
741	815	3	0
762	815	1	0
768	815	3	0
793	815	3	0
796	815	4	0
798	815	5	0
851	815	3	0
854	815	2	0
869	815	1	0
872	815	4	0
880	815	4	0
882	815	2	0
885	815	4	0
893	815	3	0
904	815	4	0
907	815	5	0
919	815	2	0
921	815	5	0
923	815	4	0
927	815	3	0
935	815	4	0
936	815	3	0
938	815	3	0
13	823	5	0
15	823	2	0
45	823	4	0
50	823	3	0
54	823	2	0
58	823	1	0
59	823	5	0
84	823	3	0
92	823	4	0
94	823	3	0
102	823	3	0
104	823	1	0
109	823	3	0
119	823	3	0
141	823	3	0
144	823	3	0
145	823	3	0
158	823	2	0
164	823	4	0
174	823	4	0
178	823	2	0
181	823	2	0
190	823	2	0
195	823	4	0
198	823	2	0
201	823	3	0
227	823	2	0
268	823	2	0
269	823	3	0
271	823	3	0
276	823	3	0
279	823	3	0
291	823	3	0
294	823	3	0
313	823	3	0
328	823	3	0
330	823	3	0
339	823	3	0
343	823	3	0
349	823	4	0
374	823	1	0
393	823	3	0
396	823	2	0
406	823	3	0
417	823	2	0
423	823	3	0
425	823	3	0
445	823	1	0
447	823	3	0
450	823	3	0
458	823	3	0
484	823	4	0
486	823	4	0
487	823	1	0
503	823	2	0
517	823	2	0
524	823	4	0
533	823	4	0
534	823	4	0
577	823	3	0
592	823	1	0
634	823	3	0
644	823	4	0
650	823	3	0
653	823	2	0
655	823	2	0
682	823	2	0
709	823	3	0
716	823	3	0
722	823	3	0
749	823	3	0
788	823	3	0
793	823	3	0
825	823	4	0
851	823	3	0
854	823	2	0
862	823	4	0
880	823	3	0
906	823	3	0
923	823	4	0
933	823	2	0
938	823	4	0
13	825	1	0
37	825	2	0
57	825	1	0
59	825	4	0
66	825	3	0
75	825	1	0
92	825	4	0
104	825	1	0
119	825	3	0
141	825	4	0
145	825	4	0
158	825	4	0
160	825	2	0
164	825	4	0
181	825	1	0
201	825	1	0
217	825	3	0
222	825	3	0
255	825	1	0
268	825	3	0
269	825	1	0
275	825	2	0
276	825	3	0
290	825	3	0
291	825	4	0
294	825	3	0
303	825	3	0
308	825	4	0
320	825	4	0
357	825	3	0
363	825	4	0
374	825	3	0
386	825	4	0
393	825	4	0
399	825	2	0
406	825	4	0
417	825	4	0
425	825	2	0
435	825	3	0
452	825	5	0
457	825	5	0
459	825	3	0
472	825	5	0
486	825	2	0
487	825	3	0
496	825	3	0
534	825	4	0
540	825	4	0
551	825	5	0
576	825	4	0
580	825	4	0
592	825	1	0
595	825	2	0
597	825	5	0
606	825	5	0
619	825	2	0
621	825	3	0
648	825	4	0
654	825	3	0
655	825	2	0
660	825	2	0
699	825	3	0
709	825	2	0
717	825	2	0
757	825	3	0
790	825	3	0
795	825	2	0
798	825	3	0
825	825	4	0
839	825	4	0
851	825	4	0
852	825	3	0
854	825	3	0
862	825	5	0
865	825	1	0
868	825	1	0
880	825	4	0
892	825	4	0
907	825	3	0
916	825	1	0
923	825	4	0
936	825	4	0
943	825	3	0
13	845	3	0
14	845	3	0
15	845	2	0
18	845	3	0
26	845	3	0
42	845	5	0
43	845	5	0
45	845	4	0
52	845	5	0
53	845	3	0
57	845	4	0
59	845	5	0
62	845	3	0
75	845	3	0
83	845	3	0
85	845	3	0
87	845	4	0
89	845	2	0
92	845	3	0
93	845	4	0
99	845	3	0
101	845	3	0
104	845	3	0
109	845	4	0
119	845	4	0
131	845	4	0
144	845	4	0
151	845	4	0
152	845	3	0
159	845	1	0
164	845	3	0
168	845	4	0
174	845	5	0
178	845	4	0
181	845	3	0
182	845	3	0
184	845	3	0
185	845	4	0
193	845	4	0
196	845	4	0
207	845	3	0
222	845	3	0
223	845	4	0
233	845	4	0
234	845	3	0
238	845	3	0
244	845	3	0
251	845	4	0
262	845	4	0
269	845	1	0
271	845	1	0
274	845	5	0
276	845	4	0
279	845	1	0
280	845	3	0
283	845	4	0
287	845	5	0
293	845	2	0
296	845	5	0
298	845	3	0
303	845	4	0
305	845	3	0
310	845	5	0
311	845	4	0
313	845	3	0
314	845	5	0
327	845	3	0
330	845	5	0
332	845	3	0
334	845	2	0
336	845	1	0
339	845	4	0
344	845	3	0
345	845	3	0
360	845	3	0
374	845	2	0
378	845	3	0
380	845	4	0
387	845	4	0
388	845	4	0
389	845	4	0
390	845	2	0
393	845	4	0
399	845	3	0
403	845	4	0
406	845	3	0
416	845	4	0
429	845	4	0
432	845	4	0
435	845	3	0
436	845	5	0
438	845	4	0
445	845	2	0
447	845	3	0
450	845	4	0
456	845	3	0
457	845	4	0
458	845	3	0
463	845	3	0
465	845	4	0
486	845	4	0
487	845	4	0
488	845	3	0
494	845	4	0
500	845	4	0
501	845	3	0
524	845	5	0
526	845	5	0
528	845	3	0
533	845	4	0
537	845	2	0
552	845	3	0
554	845	3	0
560	845	3	0
577	845	4	0
579	845	4	0
592	845	4	0
593	845	3	0
595	845	3	0
599	845	5	0
606	845	4	0
622	845	3	0
624	845	3	0
628	845	5	0
630	845	3	0
632	845	4	0
634	845	3	0
642	845	5	0
643	845	3	0
654	845	4	0
655	845	2	0
660	845	3	0
663	845	3	0
664	845	2	0
665	845	4	0
676	845	5	0
677	845	3	0
680	845	4	0
692	845	3	0
703	845	4	0
708	845	5	0
711	845	4	0
722	845	5	0
726	845	3	0
727	845	3	0
731	845	2	0
747	845	2	0
749	845	3	0
760	845	5	0
763	845	4	0
764	845	4	0
768	845	2	0
798	845	5	0
821	845	5	0
829	845	3	0
837	845	4	0
839	845	4	0
840	845	5	0
848	845	5	0
851	845	3	0
862	845	4	0
865	845	1	0
872	845	3	0
880	845	3	0
887	845	4	0
892	845	4	0
893	845	3	0
894	845	3	0
896	845	3	0
903	845	1	0
910	845	4	0
921	845	4	0
930	845	3	0
931	845	3	0
936	845	4	0
938	845	1	0
13	864	4	0
15	864	4	0
26	864	2	0
52	864	3	0
57	864	3	0
75	864	4	0
83	864	4	0
94	864	2	0
125	864	3	0
130	864	2	0
141	864	3	0
160	864	1	0
178	864	2	0
181	864	2	0
182	864	4	0
188	864	2	0
194	864	2	0
207	864	3	0
210	864	3	0
223	864	3	0
236	864	2	0
256	864	4	0
271	864	3	0
279	864	5	0
297	864	3	0
298	864	3	0
301	864	4	0
306	864	3	0
318	864	2	0
330	864	4	0
336	864	1	0
344	864	3	0
357	864	5	0
393	864	3	0
402	864	3	0
403	864	4	0
416	864	3	0
432	864	2	0
438	864	3	0
456	864	4	0
459	864	4	0
463	864	3	0
486	864	3	0
497	864	3	0
518	864	3	0
532	864	4	0
542	864	3	0
551	864	5	0
552	864	3	0
554	864	4	0
560	864	3	0
590	864	1	0
595	864	4	0
601	864	1	0
612	864	4	0
624	864	3	0
630	864	4	0
634	864	3	0
642	864	3	0
648	864	3	0
663	864	3	0
666	864	3	0
671	864	3	0
672	864	3	0
703	864	2	0
707	864	4	0
708	864	3	0
758	864	4	0
761	864	4	0
764	864	4	0
790	864	4	0
800	864	4	0
825	864	3	0
839	864	3	0
844	864	3	0
872	864	3	0
880	864	3	0
881	864	3	0
897	864	4	0
900	864	2	0
901	864	5	0
919	864	2	0
935	864	5	0
936	864	4	0
937	864	3	0
938	864	4	0
13	866	3	0
15	866	4	0
20	866	1	0
32	866	3	0
42	866	4	0
43	866	4	0
57	866	3	0
59	866	3	0
62	866	2	0
72	866	4	0
75	866	2	0
82	866	3	0
83	866	3	0
84	866	4	0
87	866	4	0
93	866	2	0
101	866	4	0
102	866	2	0
109	866	4	0
119	866	3	0
137	866	3	0
141	866	5	0
152	866	5	0
158	866	2	0
159	866	5	0
164	866	5	0
168	866	5	0
178	866	4	0
181	866	1	0
200	866	4	0
207	866	3	0
223	866	4	0
231	866	3	0
236	866	3	0
244	866	5	0
251	866	2	0
256	866	4	0
271	866	4	0
274	866	4	0
280	866	3	0
283	866	3	0
293	866	3	0
298	866	3	0
301	866	4	0
303	866	2	0
314	866	4	0
318	866	4	0
330	866	5	0
332	866	2	0
334	866	3	0
342	866	1	0
345	866	3	0
357	866	5	0
378	866	2	0
393	866	3	0
395	866	3	0
401	866	3	0
403	866	4	0
416	866	4	0
438	866	5	0
447	866	2	0
450	866	4	0
459	866	5	0
462	866	5	0
463	866	3	0
472	866	5	0
478	866	1	0
518	866	5	0
523	866	5	0
524	866	2	0
533	866	2	0
542	866	2	0
549	866	4	0
552	866	3	0
554	866	3	0
577	866	5	0
580	866	4	0
591	866	3	0
593	866	5	0
599	866	2	0
622	866	2	0
624	866	3	0
630	866	3	0
634	866	3	0
637	866	3	0
665	866	3	0
666	866	2	0
674	866	5	0
682	866	2	0
692	866	4	0
707	866	2	0
708	866	5	0
716	866	3	0
717	866	1	0
722	866	4	0
727	866	3	0
749	866	3	0
764	866	4	0
774	866	1	0
776	866	3	0
786	866	3	0
805	866	1	0
823	866	2	0
825	866	4	0
839	866	2	0
851	866	3	0
862	866	4	0
879	866	5	0
885	866	3	0
889	866	4	0
891	866	5	0
897	866	5	0
901	866	3	0
916	866	3	0
923	866	4	0
927	866	4	0
933	866	2	0
936	866	2	0
938	866	5	0
15	924	3	0
42	924	3	0
53	924	3	0
62	924	1	0
63	924	3	0
85	924	1	0
101	924	4	0
109	924	3	0
119	924	4	0
120	924	4	0
128	924	3	0
145	924	2	0
168	924	2	0
181	924	3	0
200	924	5	0
201	924	3	0
213	924	4	0
223	924	1	0
224	924	3	0
231	924	5	0
244	924	4	0
266	924	2	0
271	924	3	0
274	924	3	0
286	924	4	0
291	924	4	0
293	924	2	0
314	924	5	0
329	924	3	0
348	924	4	0
374	924	5	0
378	924	3	0
391	924	2	0
393	924	4	0
395	924	4	0
399	924	5	0
406	924	4	0
416	924	5	0
423	924	4	0
435	924	3	0
452	924	5	0
455	924	3	0
472	924	2	0
474	924	4	0
484	924	5	0
486	924	3	0
494	924	4	0
495	924	3	0
518	924	3	0
537	924	3	0
541	924	5	0
548	924	3	0
550	924	4	0
551	924	5	0
564	924	3	0
569	924	3	0
572	924	1	0
606	924	5	0
612	924	5	0
618	924	4	0
620	924	3	0
624	924	4	0
634	924	4	0
648	924	1	0
663	924	3	0
665	924	4	0
666	924	2	0
678	924	2	0
682	924	5	0
684	924	2	0
714	924	3	0
733	924	4	0
761	924	4	0
770	924	5	0
773	924	1	0
798	924	3	0
817	924	3	0
825	924	2	0
851	924	4	0
854	924	4	0
881	924	3	0
891	924	5	0
907	924	5	0
921	924	3	0
935	924	4	0
15	934	4	0
20	934	4	0
42	934	4	0
45	934	2	0
92	934	2	0
93	934	3	0
130	934	4	0
145	934	1	0
157	934	2	0
164	934	5	0
174	934	4	0
181	934	3	0
186	934	3	0
189	934	2	0
200	934	2	0
222	934	2	0
227	934	2	0
236	934	4	0
242	934	5	0
256	934	3	0
265	934	3	0
280	934	2	0
286	934	3	0
314	934	4	0
318	934	4	0
332	934	2	0
348	934	4	0
361	934	3	0
374	934	3	0
381	934	2	0
393	934	3	0
416	934	2	0
450	934	3	0
455	934	3	0
457	934	3	0
459	934	3	0
504	934	4	0
518	934	3	0
523	934	4	0
533	934	3	0
552	934	3	0
588	934	4	0
591	934	3	0
599	934	3	0
601	934	1	0
605	934	4	0
622	934	2	0
630	934	3	0
634	934	2	0
637	934	1	0
642	934	2	0
684	934	3	0
708	934	4	0
749	934	3	0
762	934	1	0
769	934	4	0
796	934	3	0
805	934	1	0
837	934	2	0
881	934	3	0
887	934	4	0
891	934	3	0
899	934	3	0
907	934	4	0
921	934	3	0
933	934	1	0
935	934	4	0
939	934	3	0
26	1011	3	0
52	1011	4	0
57	1011	3	0
63	1011	1	0
92	1011	3	0
94	1011	4	0
104	1011	3	0
109	1011	3	0
145	1011	5	0
158	1011	4	0
162	1011	4	0
178	1011	3	0
181	1011	1	0
194	1011	3	0
201	1011	3	0
221	1011	4	0
222	1011	4	0
227	1011	4	0
234	1011	3	0
242	1011	3	0
249	1011	5	0
269	1011	4	0
276	1011	3	0
277	1011	3	0
279	1011	3	0
293	1011	3	0
294	1011	2	0
303	1011	2	0
320	1011	3	0
329	1011	3	0
332	1011	3	0
334	1011	4	0
336	1011	2	0
342	1011	3	0
345	1011	3	0
346	1011	1	0
347	1011	3	0
365	1011	3	0
374	1011	4	0
387	1011	3	0
401	1011	3	0
416	1011	4	0
417	1011	3	0
423	1011	3	0
429	1011	4	0
445	1011	1	0
449	1011	4	0
458	1011	3	0
460	1011	4	0
467	1011	2	0
472	1011	4	0
474	1011	4	0
486	1011	4	0
487	1011	3	0
501	1011	4	0
518	1011	4	0
525	1011	3	0
532	1011	5	0
537	1011	3	0
540	1011	4	0
548	1011	2	0
551	1011	5	0
592	1011	4	0
606	1011	3	0
634	1011	4	0
637	1011	1	0
642	1011	3	0
655	1011	3	0
663	1011	3	0
666	1011	4	0
677	1011	3	0
682	1011	4	0
699	1011	4	0
715	1011	4	0
717	1011	4	0
733	1011	4	0
751	1011	4	0
769	1011	3	0
792	1011	3	0
825	1011	3	0
854	1011	2	0
862	1011	5	0
865	1011	1	0
872	1011	1	0
889	1011	3	0
896	1011	2	0
905	1011	3	0
906	1011	4	0
916	1011	4	0
923	1011	4	0
924	1011	3	0
936	1011	4	0
943	1011	2	0
26	1012	4	0
32	1012	4	0
54	1012	2	0
58	1012	4	0
62	1012	3	0
63	1012	3	0
92	1012	4	0
94	1012	4	0
104	1012	4	0
109	1012	4	0
117	1012	4	0
144	1012	4	0
145	1012	4	0
148	1012	4	0
159	1012	5	0
160	1012	5	0
162	1012	4	0
168	1012	5	0
176	1012	4	0
178	1012	4	0
184	1012	3	0
207	1012	3	0
210	1012	4	0
213	1012	3	0
221	1012	4	0
244	1012	2	0
249	1012	3	0
251	1012	4	0
277	1012	3	0
279	1012	5	0
291	1012	4	0
294	1012	4	0
300	1012	4	0
301	1012	4	0
303	1012	4	0
314	1012	4	0
318	1012	4	0
323	1012	4	0
327	1012	2	0
336	1012	5	0
342	1012	4	0
345	1012	3	0
347	1012	4	0
363	1012	4	0
367	1012	4	0
385	1012	3	0
387	1012	4	0
392	1012	4	0
403	1012	1	0
407	1012	3	0
416	1012	4	0
429	1012	3	0
432	1012	5	0
445	1012	1	0
457	1012	4	0
463	1012	2	0
467	1012	3	0
468	1012	4	0
490	1012	3	0
500	1012	4	0
521	1012	3	0
525	1012	3	0
554	1012	3	0
567	1012	3	0
573	1012	2	0
592	1012	5	0
593	1012	3	0
609	1012	1	0
621	1012	5	0
624	1012	4	0
643	1012	4	0
653	1012	4	0
655	1012	3	0
680	1012	3	0
682	1012	4	0
692	1012	1	0
697	1012	1	0
703	1012	4	0
730	1012	5	0
735	1012	2	0
742	1012	4	0
758	1012	4	0
761	1012	1	0
764	1012	4	0
770	1012	5	0
782	1012	2	0
789	1012	4	0
796	1012	3	0
806	1012	4	0
831	1012	4	0
833	1012	4	0
847	1012	1	0
880	1012	4	0
883	1012	5	0
887	1012	1	0
893	1012	3	0
910	1012	4	0
919	1012	4	0
923	1012	5	0
938	1012	5	0
26	1014	3	0
38	1014	5	0
92	1014	3	0
94	1014	4	0
109	1014	4	0
117	1014	3	0
130	1014	3	0
141	1014	3	0
152	1014	2	0
159	1014	4	0
174	1014	3	0
184	1014	2	0
195	1014	4	0
198	1014	2	0
219	1014	3	0
223	1014	4	0
250	1014	4	0
251	1014	5	0
262	1014	5	0
269	1014	3	0
270	1014	4	0
286	1014	5	0
292	1014	3	0
294	1014	2	0
297	1014	3	0
303	1014	3	0
314	1014	3	0
318	1014	2	0
334	1014	2	0
342	1014	1	0
344	1014	4	0
345	1014	3	0
363	1014	1	0
374	1014	1	0
385	1014	2	0
387	1014	3	0
392	1014	3	0
393	1014	3	0
416	1014	3	0
417	1014	4	0
429	1014	3	0
435	1014	2	0
445	1014	1	0
459	1014	1	0
463	1014	2	0
468	1014	3	0
472	1014	4	0
474	1014	3	0
486	1014	3	0
500	1014	2	0
501	1014	4	0
506	1014	3	0
514	1014	2	0
521	1014	3	0
523	1014	5	0
525	1014	3	0
540	1014	4	0
543	1014	4	0
548	1014	4	0
552	1014	4	0
560	1014	4	0
569	1014	3	0
580	1014	3	0
582	1014	4	0
590	1014	3	0
592	1014	4	0
593	1014	1	0
599	1014	4	0
642	1014	5	0
647	1014	3	0
653	1014	2	0
654	1014	3	0
655	1014	3	0
711	1014	4	0
714	1014	3	0
726	1014	1	0
757	1014	3	0
761	1014	1	0
768	1014	2	0
782	1014	2	0
790	1014	2	0
793	1014	3	0
805	1014	4	0
851	1014	3	0
854	1014	3	0
859	1014	4	0
869	1014	4	0
870	1014	2	0
880	1014	4	0
886	1014	5	0
889	1014	2	0
895	1014	3	0
916	1014	3	0
917	1014	2	0
919	1014	4	0
927	1014	3	0
936	1014	3	0
938	1014	4	0
42	1048	1	0
43	1048	3	0
58	1048	1	0
59	1048	4	0
75	1048	4	0
76	1048	2	0
89	1048	3	0
90	1048	4	0
94	1048	4	0
99	1048	4	0
128	1048	2	0
159	1048	3	0
178	1048	2	0
181	1048	2	0
234	1048	3	0
244	1048	4	0
262	1048	2	0
279	1048	1	0
280	1048	4	0
293	1048	3	0
303	1048	4	0
314	1048	4	0
318	1048	4	0
323	1048	3	0
334	1048	4	0
336	1048	4	0
342	1048	1	0
344	1048	3	0
345	1048	2	0
357	1048	2	0
364	1048	5	0
365	1048	3	0
374	1048	3	0
378	1048	2	0
393	1048	3	0
402	1048	2	0
416	1048	3	0
429	1048	2	0
436	1048	2	0
439	1048	4	0
447	1048	2	0
450	1048	3	0
458	1048	4	0
478	1048	4	0
500	1048	3	0
524	1048	4	0
533	1048	3	0
537	1048	2	0
540	1048	4	0
552	1048	3	0
592	1048	3	0
599	1048	2	0
618	1048	3	0
624	1048	4	0
634	1048	3	0
654	1048	3	0
663	1048	4	0
665	1048	4	0
682	1048	3	0
718	1048	2	0
790	1048	4	0
796	1048	2	0
806	1048	3	0
839	1048	1	0
859	1048	3	0
886	1048	4	0
889	1048	3	0
894	1048	4	0
903	1048	4	0
907	1048	5	0
919	1048	3	0
930	1048	2	0
935	1048	3	0
