1	24	3	0
5	24	4	0
11	24	3	0
13	24	1	0
22	24	5	0
26	24	3	0
37	24	4	0
44	24	3	0
45	24	3	0
53	24	3	0
54	24	1	0
57	24	3	0
59	24	4	0
62	24	4	0
66	24	3	0
67	24	4	0
70	24	4	0
76	24	2	0
92	24	3	0
94	24	4	0
95	24	3	0
101	24	4	0
103	24	4	0
119	24	4	0
130	24	5	0
144	24	4	0
158	24	4	0
159	24	5	0
160	24	5	0
178	24	3	0
181	24	1	0
189	24	4	0
190	24	3	0
193	24	2	0
198	24	2	0
200	24	2	0
203	24	4	0
213	24	5	0
214	24	3	0
221	24	5	0
222	24	3	0
226	24	4	0
246	24	4	0
249	24	4	0
251	24	3	0
267	24	5	0
268	24	2	0
276	24	4	0
277	24	4	0
279	24	5	0
283	24	4	0
289	24	4	0
291	24	5	0
292	24	4	0
294	24	4	0
296	24	2	0
297	24	4	0
299	24	3	0
301	24	4	0
303	24	3	0
307	24	4	0
308	24	4	0
310	24	4	0
314	24	1	0
318	24	4	0
320	24	3	0
327	24	2	0
347	24	3	0
357	24	4	0
359	24	3	0
363	24	3	0
371	24	4	0
373	24	4	0
374	24	3	0
385	24	3	0
386	24	4	0
387	24	5	0
393	24	3	0
394	24	5	0
399	24	4	0
406	24	3	0
412	24	3	0
416	24	5	0
417	24	3	0
425	24	2	0
429	24	3	0
432	24	1	0
435	24	4	0
447	24	3	0
453	24	4	0
455	24	3	0
463	24	3	0
466	24	4	0
467	24	4	0
468	24	3	0
472	24	5	0
479	24	3	0
484	24	1	0
487	24	4	0
490	24	4	0
493	24	4	0
497	24	4	0
501	24	3	0
514	24	3	0
524	24	3	0
532	24	5	0
534	24	5	0
537	24	1	0
543	24	3	0
549	24	3	0
551	24	5	0
560	24	2	0
561	24	3	0
588	24	2	0
592	24	4	0
597	24	3	0
606	24	5	0
618	24	2	0
621	24	4	0
622	24	4	0
624	24	3	0
637	24	2	0
643	24	4	0
648	24	3	0
649	24	4	0
654	24	4	0
655	24	3	0
658	24	3	0
660	24	3	0
665	24	3	0
680	24	4	0
682	24	4	0
699	24	3	0
706	24	3	0
715	24	3	0
717	24	2	0
727	24	3	0
742	24	3	0
746	24	4	0
749	24	2	0
757	24	4	0
758	24	4	0
759	24	3	0
773	24	3	0
792	24	3	0
794	24	5	0
804	24	5	0
805	24	4	0
806	24	3	0
817	24	4	0
828	24	4	0
833	24	4	0
838	24	4	0
844	24	5	0
854	24	4	0
857	24	1	0
862	24	4	0
864	24	5	0
865	24	4	0
868	24	2	0
880	24	3	0
883	24	4	0
886	24	4	0
887	24	5	0
889	24	4	0
893	24	4	0
896	24	4	0
910	24	3	0
916	24	2	0
921	24	3	0
927	24	3	0
930	24	1	0
936	24	4	0
943	24	4	0
1	123	4	0
11	123	3	0
21	123	4	0
27	123	5	0
43	123	1	0
44	123	4	0
49	123	1	0
50	123	4	0
58	123	4	0
59	123	3	0
67	123	4	0
69	123	4	0
75	123	3	0
92	123	2	0
99	123	3	0
101	123	2	0
130	123	4	0
145	123	4	0
150	123	4	0
158	123	3	0
160	123	4	0
168	123	3	0
178	123	4	0
181	123	2	0
182	123	4	0
200	123	4	0
201	123	2	0
249	123	3	0
250	123	3	0
256	123	2	0
264	123	4	0
268	123	3	0
270	123	5	0
276	123	4	0
286	123	5	0
291	123	4	0
294	123	4	0
301	123	4	0
303	123	4	0
308	123	3	0
320	123	4	0
324	123	4	0
332	123	4	0
342	123	5	0
347	123	3	0
348	123	5	0
357	123	4	0
374	123	2	0
378	123	3	0
387	123	3	0
393	123	4	0
394	123	5	0
399	123	2	0
403	123	3	0
406	123	4	0
407	123	3	0
416	123	4	0
417	123	2	0
429	123	4	0
430	123	2	0
432	123	3	0
435	123	2	0
445	123	1	0
447	123	3	0
450	123	2	0
455	123	3	0
459	123	3	0
472	123	4	0
486	123	3	0
490	123	2	0
497	123	3	0
505	123	3	0
518	123	2	0
525	123	3	0
526	123	3	0
537	123	2	0
552	123	3	0
560	123	2	0
580	123	4	0
586	123	3	0
592	123	4	0
596	123	2	0
601	123	1	0
606	123	3	0
618	123	2	0
620	123	3	0
621	123	4	0
624	123	3	0
627	123	3	0
630	123	4	0
648	123	4	0
660	123	2	0
663	123	3	0
671	123	5	0
697	123	5	0
703	123	4	0
727	123	3	0
735	123	3	0
756	123	2	0
758	123	1	0
761	123	3	0
770	123	3	0
790	123	3	0
795	123	4	0
804	123	4	0
805	123	4	0
839	123	3	0
851	123	4	0
854	123	1	0
864	123	4	0
880	123	4	0
896	123	3	0
907	123	4	0
908	123	3	0
916	123	3	0
1	125	3	0
6	125	3	0
7	125	4	0
11	125	4	0
15	125	5	0
16	125	3	0
17	125	1	0
18	125	3	0
25	125	5	0
26	125	4	0
42	125	4	0
46	125	4	0
50	125	2	0
57	125	3	0
59	125	3	0
62	125	4	0
64	125	2	0
65	125	4	0
67	125	4	0
68	125	1	0
75	125	3	0
77	125	3	0
82	125	3	0
83	125	5	0
92	125	4	0
93	125	1	0
94	125	1	0
99	125	4	0
101	125	4	0
108	125	3	0
109	125	5	0
119	125	5	0
120	125	4	0
121	125	2	0
130	125	5	0
141	125	5	0
144	125	4	0
151	125	4	0
152	125	5	0
158	125	3	0
159	125	5	0
164	125	5	0
168	125	4	0
174	125	5	0
178	125	4	0
181	125	3	0
190	125	3	0
192	125	3	0
194	125	2	0
200	125	5	0
201	125	2	0
207	125	4	0
213	125	5	0
222	125	5	0
223	125	3	0
224	125	3	0
230	125	5	0
234	125	3	0
238	125	3	0
243	125	3	0
249	125	3	0
251	125	4	0
253	125	3	0
254	125	3	0
256	125	5	0
261	125	5	0
262	125	3	0
263	125	4	0
265	125	4	0
271	125	3	0
274	125	4	0
276	125	4	0
280	125	2	0
283	125	5	0
286	125	4	0
289	125	2	0
290	125	3	0
291	125	4	0
292	125	2	0
293	125	2	0
294	125	3	0
295	125	5	0
296	125	5	0
298	125	3	0
303	125	2	0
311	125	4	0
313	125	3	0
314	125	5	0
324	125	5	0
332	125	5	0
334	125	3	0
336	125	3	0
337	125	4	0
342	125	2	0
344	125	3	0
345	125	3	0
347	125	5	0
349	125	4	0
357	125	5	0
365	125	3	0
373	125	4	0
374	125	5	0
378	125	2	0
391	125	3	0
393	125	4	0
396	125	3	0
398	125	3	0
401	125	3	0
406	125	3	0
416	125	5	0
417	125	5	0
423	125	2	0
434	125	5	0
435	125	3	0
436	125	4	0
439	125	3	0
450	125	4	0
453	125	3	0
455	125	3	0
456	125	4	0
457	125	4	0
459	125	4	0
463	125	4	0
470	125	4	0
472	125	5	0
484	125	4	0
486	125	3	0
487	125	5	0
500	125	3	0
501	125	3	0
503	125	3	0
504	125	4	0
505	125	3	0
518	125	5	0
521	125	3	0
525	125	3	0
526	125	2	0
532	125	5	0
533	125	5	0
534	125	3	0
540	125	3	0
550	125	4	0
551	125	4	0
552	125	3	0
554	125	3	0
569	125	3	0
576	125	4	0
577	125	4	0
580	125	3	0
582	125	3	0
588	125	3	0
590	125	3	0
592	125	2	0
593	125	4	0
601	125	1	0
602	125	4	0
606	125	4	0
609	125	4	0
618	125	3	0
620	125	2	0
621	125	4	0
622	125	3	0
624	125	3	0
627	125	2	0
630	125	3	0
634	125	4	0
637	125	3	0
642	125	4	0
644	125	4	0
648	125	2	0
652	125	2	0
653	125	2	0
655	125	2	0
660	125	3	0
663	125	3	0
665	125	4	0
669	125	3	0
674	125	5	0
682	125	4	0
689	125	3	0
697	125	3	0
706	125	5	0
708	125	4	0
709	125	4	0
715	125	3	0
717	125	4	0
721	125	3	0
727	125	4	0
730	125	4	0
731	125	3	0
733	125	2	0
745	125	5	0
749	125	5	0
757	125	2	0
758	125	2	0
760	125	4	0
761	125	4	0
763	125	3	0
764	125	4	0
779	125	4	0
786	125	4	0
788	125	3	0
792	125	3	0
796	125	4	0
798	125	3	0
800	125	3	0
804	125	4	0
815	125	5	0
821	125	4	0
823	125	4	0
825	125	5	0
829	125	3	0
837	125	5	0
844	125	3	0
847	125	3	0
848	125	5	0
851	125	4	0
854	125	3	0
864	125	4	0
869	125	3	0
874	125	3	0
879	125	5	0
881	125	5	0
887	125	5	0
889	125	4	0
892	125	4	0
893	125	3	0
894	125	3	0
897	125	4	0
899	125	3	0
905	125	3	0
906	125	4	0
907	125	4	0
910	125	3	0
916	125	3	0
919	125	4	0
921	125	3	0
923	125	4	0
927	125	4	0
931	125	4	0
933	125	4	0
935	125	4	0
936	125	4	0
938	125	3	0
1	147	3	0
13	147	3	0
37	147	3	0
44	147	4	0
49	147	1	0
54	147	5	0
59	147	5	0
62	147	3	0
67	147	3	0
69	147	3	0
72	147	5	0
75	147	3	0
81	147	4	0
82	147	3	0
92	147	2	0
99	147	5	0
101	147	4	0
104	147	3	0
109	147	4	0
119	147	4	0
130	147	4	0
138	147	4	0
141	147	4	0
142	147	1	0
144	147	3	0
150	147	4	0
151	147	2	0
152	147	3	0
157	147	5	0
162	147	4	0
174	147	4	0
175	147	3	0
178	147	4	0
181	147	1	0
186	147	4	0
190	147	4	0
193	147	2	0
200	147	5	0
216	147	4	0
217	147	3	0
222	147	4	0
224	147	3	0
226	147	3	0
234	147	3	0
249	147	5	0
251	147	3	0
255	147	4	0
256	147	4	0
259	147	4	0
262	147	3	0
267	147	3	0
268	147	4	0
276	147	4	0
277	147	4	0
279	147	4	0
286	147	5	0
289	147	3	0
291	147	4	0
293	147	2	0
294	147	4	0
297	147	3	0
303	147	4	0
308	147	3	0
313	147	4	0
314	147	4	0
320	147	4	0
327	147	2	0
329	147	3	0
332	147	4	0
343	147	4	0
346	147	4	0
347	147	4	0
348	147	5	0
357	147	5	0
374	147	3	0
387	147	2	0
388	147	4	0
393	147	5	0
399	147	5	0
401	147	2	0
403	147	5	0
407	147	4	0
413	147	2	0
416	147	5	0
417	147	4	0
425	147	3	0
429	147	2	0
434	147	3	0
439	147	4	0
445	147	2	0
447	147	4	0
454	147	3	0
455	147	4	0
457	147	5	0
458	147	2	0
459	147	3	0
463	147	3	0
479	147	3	0
486	147	2	0
495	147	5	0
496	147	3	0
500	147	3	0
501	147	3	0
506	147	3	0
507	147	5	0
518	147	4	0
521	147	4	0
525	147	3	0
526	147	4	0
532	147	4	0
533	147	1	0
534	147	5	0
537	147	2	0
540	147	3	0
543	147	4	0
548	147	5	0
551	147	4	0
552	147	3	0
555	147	4	0
577	147	4	0
580	147	3	0
592	147	4	0
606	147	5	0
609	147	1	0
612	147	4	0
614	147	5	0
620	147	3	0
621	147	3	0
624	147	4	0
629	147	5	0
633	147	4	0
634	147	2	0
637	147	1	0
642	147	4	0
643	147	3	0
647	147	4	0
649	147	4	0
654	147	3	0
663	147	3	0
665	147	4	0
666	147	3	0
671	147	1	0
678	147	4	0
682	147	1	0
684	147	2	0
699	147	2	0
703	147	3	0
708	147	4	0
717	147	4	0
722	147	3	0
727	147	3	0
728	147	4	0
733	147	1	0
735	147	1	0
738	147	3	0
756	147	4	0
758	147	4	0
761	147	4	0
792	147	4	0
796	147	5	0
805	147	5	0
817	147	3	0
819	147	5	0
825	147	5	0
851	147	4	0
854	147	3	0
862	147	5	0
871	147	5	0
880	147	4	0
882	147	4	0
883	147	2	0
886	147	5	0
889	147	3	0
893	147	3	0
894	147	3	0
896	147	2	0
899	147	2	0
903	147	3	0
907	147	5	0
908	147	2	0
916	147	1	0
919	147	4	0
921	147	3	0
940	147	4	0
941	147	4	0
1	148	2	0
15	148	3	0
20	148	5	0
21	148	1	0
26	148	3	0
27	148	3	0
44	148	4	0
49	148	1	0
51	148	3	0
54	148	3	0
59	148	3	0
84	148	4	0
90	148	2	0
92	148	2	0
120	148	3	0
130	148	4	0
158	148	4	0
164	148	5	0
178	148	4	0
181	148	2	0
186	148	4	0
188	148	4	0
190	148	4	0
198	148	3	0
200	148	4	0
201	148	1	0
203	148	3	0
222	148	2	0
224	148	3	0
234	148	3	0
236	148	4	0
244	148	2	0
249	148	3	0
251	148	2	0
269	148	1	0
270	148	4	0
271	148	3	0
274	148	2	0
276	148	3	0
293	148	1	0
294	148	3	0
297	148	3	0
308	148	3	0
313	148	2	0
320	148	4	0
328	148	3	0
330	148	4	0
332	148	5	0
344	148	2	0
345	148	3	0
347	148	3	0
361	148	1	0
363	148	3	0
372	148	5	0
374	148	4	0
378	148	4	0
391	148	3	0
393	148	4	0
396	148	4	0
399	148	4	0
403	148	5	0
406	148	3	0
416	148	5	0
423	148	3	0
430	148	2	0
434	148	3	0
435	148	3	0
438	148	5	0
447	148	4	0
455	148	3	0
457	148	4	0
459	148	5	0
479	148	2	0
486	148	2	0
506	148	3	0
532	148	5	0
533	148	3	0
534	148	4	0
536	148	4	0
552	148	3	0
562	148	5	0
580	148	4	0
586	148	3	0
592	148	2	0
601	148	3	0
602	148	4	0
606	148	3	0
618	148	3	0
620	148	3	0
621	148	4	0
627	148	3	0
633	148	1	0
637	148	3	0
642	148	5	0
663	148	4	0
677	148	4	0
682	148	3	0
690	148	3	0
705	148	5	0
706	148	4	0
708	148	4	0
717	148	3	0
722	148	3	0
727	148	2	0
733	148	3	0
749	148	3	0
757	148	4	0
761	148	5	0
788	148	3	0
793	148	4	0
805	148	2	0
821	148	3	0
825	148	4	0
834	148	4	0
865	148	3	0
870	148	2	0
880	148	2	0
891	148	5	0
893	148	3	0
894	148	3	0
896	148	2	0
916	148	2	0
919	148	3	0
923	148	4	0
930	148	1	0
932	148	2	0
935	148	4	0
938	148	3	0
1	240	3	0
14	240	5	0
16	240	4	0
21	240	4	0
26	240	3	0
32	240	2	0
44	240	4	0
49	240	3	0
54	240	4	0
57	240	2	0
58	240	4	0
59	240	2	0
64	240	1	0
67	240	5	0
69	240	3	0
75	240	1	0
82	240	1	0
83	240	1	0
89	240	4	0
92	240	2	0
99	240	4	0
115	240	5	0
117	240	3	0
130	240	4	0
145	240	5	0
160	240	4	0
167	240	1	0
174	240	1	0
176	240	4	0
181	240	1	0
188	240	1	0
201	240	3	0
221	240	4	0
222	240	2	0
227	240	1	0
230	240	1	0
244	240	3	0
245	240	1	0
246	240	3	0
249	240	4	0
250	240	4	0
254	240	1	0
264	240	4	0
265	240	3	0
267	240	4	0
268	240	2	0
276	240	4	0
279	240	4	0
286	240	3	0
287	240	2	0
291	240	4	0
293	240	2	0
294	240	3	0
296	240	1	0
299	240	2	0
301	240	4	0
303	240	3	0
320	240	3	0
325	240	1	0
332	240	4	0
339	240	4	0
342	240	3	0
346	240	1	0
347	240	5	0
348	240	3	0
374	240	1	0
385	240	4	0
389	240	3	0
393	240	2	0
395	240	1	0
403	240	1	0
406	240	4	0
416	240	1	0
435	240	3	0
439	240	3	0
442	240	2	0
457	240	3	0
467	240	3	0
472	240	4	0
495	240	4	0
497	240	4	0
504	240	1	0
518	240	1	0
520	240	1	0
521	240	3	0
532	240	3	0
533	240	1	0
534	240	5	0
538	240	2	0
540	240	3	0
542	240	3	0
551	240	3	0
552	240	2	0
560	240	3	0
561	240	1	0
566	240	3	0
577	240	3	0
582	240	4	0
586	240	3	0
595	240	3	0
620	240	5	0
621	240	4	0
622	240	3	0
624	240	2	0
630	240	3	0
634	240	3	0
642	240	3	0
643	240	5	0
648	240	2	0
655	240	3	0
663	240	3	0
665	240	5	0
677	240	5	0
682	240	4	0
690	240	1	0
711	240	1	0
717	240	2	0
718	240	1	0
719	240	1	0
727	240	3	0
738	240	3	0
749	240	1	0
758	240	3	0
770	240	2	0
773	240	2	0
774	240	1	0
786	240	1	0
790	240	3	0
793	240	4	0
795	240	2	0
804	240	4	0
805	240	3	0
806	240	2	0
815	240	2	0
823	240	3	0
833	240	4	0
847	240	1	0
851	240	4	0
865	240	2	0
868	240	5	0
869	240	4	0
880	240	4	0
881	240	1	0
886	240	3	0
887	240	5	0
889	240	3	0
893	240	4	0
897	240	4	0
903	240	4	0
906	240	3	0
911	240	1	0
919	240	3	0
921	240	1	0
927	240	3	0
930	240	1	0
938	240	2	0
1	250	4	0
5	250	3	0
22	250	5	0
23	250	4	0
26	250	3	0
32	250	4	0
43	250	2	0
44	250	5	0
52	250	3	0
53	250	2	0
54	250	4	0
57	250	3	0
62	250	5	0
63	250	5	0
77	250	3	0
85	250	3	0
92	250	4	0
94	250	4	0
95	250	4	0
103	250	4	0
104	250	3	0
109	250	2	0
116	250	4	0
119	250	2	0
121	250	2	0
130	250	3	0
137	250	5	0
141	250	4	0
145	250	5	0
157	250	1	0
158	250	4	0
159	250	3	0
160	250	4	0
176	250	4	0
178	250	4	0
183	250	2	0
184	250	4	0
186	250	1	0
203	250	4	0
214	250	2	0
221	250	5	0
222	250	2	0
226	250	4	0
227	250	2	0
232	250	4	0
246	250	4	0
248	250	3	0
249	250	4	0
251	250	3	0
263	250	2	0
267	250	5	0
268	250	4	0
270	250	2	0
276	250	4	0
279	250	3	0
286	250	4	0
287	250	3	0
291	250	4	0
292	250	3	0
293	250	3	0
294	250	5	0
296	250	2	0
297	250	1	0
301	250	4	0
303	250	4	0
320	250	4	0
324	250	4	0
327	250	2	0
329	250	3	0
334	250	3	0
337	250	3	0
339	250	5	0
343	250	5	0
346	250	3	0
359	250	4	0
363	250	1	0
367	250	5	0
385	250	3	0
387	250	4	0
392	250	3	0
393	250	4	0
394	250	4	0
407	250	4	0
413	250	3	0
416	250	4	0
417	250	4	0
422	250	5	0
425	250	4	0
429	250	2	0
432	250	1	0
435	250	4	0
454	250	4	0
455	250	3	0
458	250	1	0
459	250	5	0
460	250	2	0
463	250	4	0
472	250	5	0
479	250	4	0
483	250	3	0
484	250	4	0
486	250	1	0
493	250	4	0
497	250	3	0
500	250	4	0
506	250	2	0
507	250	5	0
513	250	3	0
516	250	4	0
521	250	3	0
525	250	3	0
526	250	2	0
528	250	3	0
532	250	3	0
540	250	4	0
546	250	4	0
548	250	5	0
552	250	3	0
560	250	4	0
578	250	2	0
580	250	5	0
582	250	3	0
586	250	3	0
592	250	4	0
597	250	4	0
601	250	4	0
603	250	5	0
606	250	4	0
621	250	4	0
622	250	4	0
624	250	4	0
625	250	4	0
630	250	1	0
642	250	5	0
644	250	4	0
647	250	3	0
648	250	4	0
649	250	3	0
654	250	1	0
655	250	3	0
660	250	4	0
671	250	5	0
676	250	4	0
682	250	4	0
689	250	5	0
697	250	4	0
699	250	4	0
709	250	4	0
711	250	2	0
714	250	5	0
715	250	2	0
717	250	1	0
727	250	5	0
733	250	1	0
738	250	4	0
742	250	3	0
748	250	5	0
749	250	3	0
751	250	3	0
757	250	4	0
758	250	4	0
770	250	5	0
774	250	3	0
782	250	4	0
790	250	5	0
793	250	4	0
796	250	5	0
804	250	4	0
807	250	4	0
815	250	1	0
825	250	5	0
829	250	3	0
831	250	5	0
833	250	3	0
837	250	2	0
843	250	4	0
851	250	5	0
852	250	4	0
854	250	4	0
862	250	5	0
864	250	3	0
867	250	4	0
880	250	3	0
883	250	3	0
889	250	4	0
894	250	4	0
896	250	3	0
899	250	2	0
901	250	3	0
902	250	4	0
910	250	1	0
916	250	4	0
919	250	3	0
922	250	2	0
931	250	2	0
936	250	5	0
938	250	3	0
1	252	2	0
15	252	2	0
20	252	4	0
26	252	3	0
30	252	3	0
38	252	5	0
43	252	4	0
44	252	2	0
54	252	3	0
57	252	2	0
62	252	3	0
77	252	1	0
83	252	4	0
87	252	3	0
92	252	4	0
101	252	3	0
103	252	2	0
108	252	3	0
109	252	5	0
116	252	2	0
117	252	3	0
119	252	3	0
120	252	3	0
130	252	5	0
141	252	4	0
158	252	3	0
164	252	4	0
168	252	1	0
184	252	2	0
192	252	1	0
213	252	3	0
222	252	2	0
223	252	1	0
231	252	4	0
238	252	3	0
246	252	1	0
249	252	2	0
251	252	3	0
262	252	3	0
268	252	3	0
269	252	1	0
275	252	2	0
276	252	3	0
287	252	1	0
290	252	3	0
292	252	3	0
293	252	2	0
294	252	4	0
298	252	4	0
301	252	3	0
303	252	3	0
320	252	2	0
330	252	4	0
332	252	5	0
343	252	4	0
347	252	2	0
374	252	3	0
378	252	4	0
382	252	2	0
393	252	3	0
394	252	3	0
395	252	3	0
416	252	4	0
417	252	3	0
425	252	2	0
435	252	2	0
438	252	4	0
447	252	3	0
450	252	3	0
454	252	2	0
455	252	3	0
457	252	4	0
459	252	4	0
472	252	4	0
474	252	4	0
479	252	2	0
481	252	4	0
484	252	3	0
486	252	3	0
487	252	1	0
493	252	4	0
496	252	2	0
497	252	3	0
500	252	2	0
507	252	5	0
513	252	5	0
525	252	3	0
532	252	4	0
533	252	4	0
543	252	3	0
548	252	3	0
549	252	3	0
550	252	1	0
552	252	2	0
554	252	4	0
555	252	5	0
557	252	3	0
567	252	1	0
569	252	3	0
580	252	5	0
592	252	3	0
605	252	4	0
619	252	3	0
622	252	1	0
630	252	2	0
633	252	3	0
642	252	5	0
648	252	4	0
649	252	4	0
654	252	2	0
655	252	2	0
659	252	4	0
660	252	2	0
668	252	2	0
669	252	2	0
674	252	2	0
682	252	3	0
684	252	4	0
697	252	1	0
699	252	4	0
705	252	1	0
714	252	3	0
715	252	1	0
727	252	2	0
738	252	4	0
749	252	3	0
757	252	3	0
758	252	3	0
764	252	3	0
768	252	3	0
779	252	3	0
782	252	3	0
793	252	4	0
804	252	4	0
806	252	1	0
807	252	4	0
815	252	2	0
825	252	5	0
840	252	4	0
843	252	3	0
851	252	3	0
852	252	3	0
862	252	3	0
867	252	2	0
880	252	2	0
887	252	4	0
889	252	3	0
894	252	3	0
901	252	3	0
903	252	3	0
910	252	2	0
916	252	2	0
921	252	4	0
922	252	2	0
931	252	3	0
936	252	2	0
938	252	4	0
939	252	3	0
2	273	4	0
7	273	3	0
8	273	3	0
10	273	4	0
13	273	3	0
16	273	5	0
21	273	4	0
37	273	3	0
42	273	3	0
54	273	4	0
55	273	5	0
59	273	2	0
62	273	4	0
64	273	2	0
67	273	4	0
69	273	3	0
75	273	5	0
81	273	4	0
84	273	4	0
87	273	3	0
90	273	3	0
92	273	4	0
94	273	4	0
99	273	5	0
102	273	3	0
104	273	3	0
106	273	3	0
113	273	4	0
115	273	4	0
144	273	4	0
145	273	5	0
150	273	4	0
157	273	5	0
158	273	3	0
159	273	5	0
160	273	5	0
168	273	4	0
175	273	2	0
176	273	4	0
178	273	3	0
181	273	1	0
183	273	4	0
190	273	4	0
195	273	4	0
201	273	2	0
207	273	4	0
213	273	5	0
218	273	4	0
221	273	5	0
227	273	3	0
234	273	3	0
236	273	1	0
249	273	4	0
253	273	3	0
255	273	2	0
265	273	5	0
267	273	4	0
268	273	3	0
276	273	4	0
277	273	5	0
279	273	2	0
291	273	3	0
293	273	4	0
294	273	3	0
297	273	4	0
301	273	1	0
303	273	3	0
308	273	2	0
315	273	3	0
323	273	4	0
324	273	5	0
327	273	2	0
328	273	3	0
332	273	5	0
336	273	5	0
344	273	4	0
346	273	4	0
347	273	5	0
352	273	2	0
357	273	5	0
359	273	4	0
361	273	3	0
363	273	3	0
372	273	5	0
374	273	2	0
378	273	4	0
385	273	2	0
386	273	3	0
387	273	4	0
393	273	3	0
395	273	2	0
397	273	4	0
399	273	3	0
401	273	2	0
402	273	4	0
413	273	2	0
416	273	4	0
417	273	3	0
422	273	5	0
425	273	4	0
429	273	4	0
430	273	4	0
433	273	3	0
435	273	5	0
436	273	4	0
439	273	2	0
442	273	4	0
445	273	2	0
449	273	4	0
450	273	3	0
453	273	4	0
456	273	3	0
458	273	4	0
460	273	4	0
466	273	4	0
467	273	4	0
468	273	2	0
470	273	3	0
473	273	5	0
479	273	4	0
486	273	3	0
487	273	5	0
490	273	1	0
491	273	5	0
493	273	4	0
497	273	4	0
501	273	4	0
512	273	5	0
518	273	5	0
521	273	3	0
524	273	3	0
526	273	2	0
534	273	5	0
537	273	3	0
538	273	3	0
542	273	3	0
548	273	5	0
551	273	4	0
554	273	3	0
561	273	5	0
566	273	5	0
567	273	5	0
569	273	3	0
586	273	5	0
592	273	5	0
595	273	3	0
603	273	1	0
606	273	4	0
618	273	4	0
619	273	4	0
621	273	4	0
624	273	4	0
627	273	4	0
629	273	2	0
630	273	5	0
634	273	3	0
637	273	3	0
643	273	3	0
655	273	4	0
657	273	3	0
658	273	4	0
663	273	4	0
666	273	3	0
671	273	4	0
680	273	3	0
682	273	4	0
689	273	3	0
693	273	3	0
697	273	5	0
699	273	3	0
706	273	3	0
709	273	4	0
715	273	5	0
718	273	3	0
730	273	2	0
733	273	4	0
741	273	3	0
743	273	3	0
749	273	4	0
754	273	3	0
758	273	4	0
764	273	3	0
774	273	1	0
777	273	4	0
785	273	3	0
790	273	5	0
793	273	3	0
794	273	4	0
796	273	2	0
805	273	2	0
806	273	4	0
817	273	5	0
823	273	3	0
825	273	5	0
831	273	3	0
833	273	3	0
851	273	5	0
854	273	4	0
864	273	5	0
867	273	3	0
868	273	3	0
870	273	3	0
872	273	3	0
880	273	5	0
883	273	4	0
886	273	2	0
889	273	4	0
892	273	4	0
894	273	3	0
896	273	5	0
897	273	3	0
903	273	3	0
905	273	3	0
906	273	4	0
910	273	3	0
913	273	3	0
916	273	3	0
923	273	5	0
924	273	3	0
933	273	3	0
936	273	3	0
938	273	5	0
941	273	3	0
2	281	3	0
7	281	3	0
13	281	3	0
21	281	2	0
27	281	3	0
42	281	3	0
53	281	4	0
56	281	2	0
57	281	4	0
62	281	3	0
66	281	4	0
82	281	3	0
83	281	5	0
85	281	3	0
87	281	4	0
92	281	3	0
94	281	3	0
101	281	2	0
108	281	4	0
109	281	2	0
130	281	4	0
141	281	4	0
144	281	3	0
145	281	4	0
164	281	4	0
168	281	2	0
178	281	3	0
181	281	2	0
186	281	4	0
188	281	3	0
189	281	2	0
190	281	3	0
194	281	2	0
201	281	2	0
207	281	3	0
213	281	4	0
217	281	2	0
222	281	3	0
244	281	3	0
251	281	4	0
255	281	1	0
269	281	1	0
270	281	5	0
276	281	3	0
294	281	3	0
296	281	2	0
298	281	3	0
301	281	4	0
303	281	3	0
327	281	3	0
328	281	4	0
344	281	3	0
354	281	1	0
373	281	3	0
374	281	3	0
378	281	3	0
381	281	2	0
386	281	3	0
393	281	4	0
396	281	3	0
406	281	3	0
416	281	5	0
425	281	2	0
429	281	3	0
437	281	1	0
438	281	4	0
442	281	3	0
445	281	1	0
447	281	3	0
450	281	4	0
455	281	3	0
465	281	2	0
479	281	3	0
486	281	3	0
500	281	3	0
503	281	3	0
504	281	4	0
506	281	3	0
524	281	2	0
525	281	3	0
533	281	4	0
537	281	1	0
540	281	3	0
548	281	4	0
551	281	5	0
552	281	3	0
560	281	3	0
564	281	3	0
569	281	3	0
577	281	3	0
580	281	2	0
586	281	3	0
592	281	4	0
606	281	4	0
614	281	3	0
619	281	4	0
620	281	5	0
627	281	3	0
634	281	4	0
648	281	3	0
650	281	2	0
655	281	2	0
660	281	3	0
663	281	3	0
672	281	3	0
682	281	3	0
690	281	3	0
693	281	3	0
708	281	4	0
711	281	3	0
714	281	3	0
717	281	4	0
719	281	3	0
733	281	2	0
741	281	2	0
746	281	3	0
759	281	4	0
764	281	3	0
778	281	2	0
786	281	4	0
788	281	4	0
796	281	4	0
798	281	4	0
817	281	4	0
821	281	3	0
825	281	3	0
829	281	3	0
835	281	4	0
839	281	3	0
854	281	3	0
880	281	4	0
881	281	3	0
891	281	5	0
894	281	3	0
896	281	2	0
897	281	4	0
903	281	4	0
907	281	5	0
916	281	3	0
923	281	4	0
930	281	4	0
931	281	3	0
935	281	5	0
936	281	4	0
938	281	2	0
943	281	4	0
2	282	4	0
12	282	5	0
15	282	3	0
16	282	5	0
26	282	4	0
28	282	4	0
42	282	4	0
45	282	4	0
52	282	4	0
57	282	5	0
63	282	1	0
66	282	3	0
68	282	1	0
69	282	3	0
71	282	3	0
81	282	5	0
84	282	4	0
85	282	3	0
92	282	4	0
94	282	3	0
95	282	4	0
99	282	3	0
101	282	3	0
104	282	3	0
108	282	3	0
109	282	3	0
115	282	4	0
117	282	5	0
119	282	5	0
120	282	4	0
121	282	1	0
128	282	3	0
130	282	5	0
141	282	5	0
144	282	4	0
145	282	5	0
160	282	4	0
164	282	5	0
168	282	5	0
178	282	3	0
181	282	4	0
190	282	3	0
193	282	5	0
194	282	3	0
200	282	4	0
201	282	2	0
203	282	1	0
207	282	4	0
216	282	5	0
221	282	4	0
222	282	4	0
223	282	4	0
224	282	4	0
236	282	5	0
248	282	2	0
251	282	4	0
253	282	4	0
256	282	3	0
265	282	5	0
270	282	3	0
271	282	2	0
274	282	5	0
276	282	4	0
277	282	4	0
280	282	3	0
289	282	3	0
291	282	4	0
292	282	4	0
293	282	2	0
294	282	3	0
296	282	4	0
297	282	3	0
298	282	4	0
301	282	4	0
303	282	3	0
305	282	3	0
311	282	5	0
314	282	5	0
318	282	4	0
323	282	3	0
324	282	5	0
326	282	2	0
328	282	3	0
329	282	3	0
332	282	5	0
334	282	4	0
336	282	3	0
342	282	1	0
345	282	3	0
347	282	5	0
363	282	2	0
374	282	5	0
378	282	4	0
391	282	4	0
393	282	4	0
394	282	3	0
396	282	4	0
399	282	3	0
401	282	3	0
403	282	5	0
406	282	3	0
416	282	5	0
423	282	4	0
429	282	3	0
432	282	5	0
438	282	5	0
439	282	3	0
441	282	4	0
447	282	4	0
449	282	3	0
450	282	5	0
453	282	4	0
455	282	3	0
456	282	3	0
457	282	4	0
458	282	2	0
459	282	3	0
463	282	3	0
474	282	4	0
477	282	4	0
478	282	3	0
479	282	5	0
486	282	2	0
487	282	4	0
495	282	5	0
500	282	4	0
501	282	4	0
504	282	4	0
525	282	4	0
526	282	3	0
532	282	5	0
533	282	4	0
534	282	5	0
535	282	3	0
542	282	3	0
548	282	4	0
549	282	3	0
551	282	5	0
552	282	3	0
554	282	3	0
580	282	5	0
588	282	5	0
590	282	2	0
592	282	4	0
593	282	5	0
595	282	4	0
599	282	5	0
605	282	4	0
606	282	4	0
618	282	3	0
624	282	4	0
627	282	2	0
630	282	3	0
632	282	4	0
634	282	4	0
637	282	3	0
643	282	3	0
649	282	4	0
652	282	4	0
653	282	3	0
654	282	3	0
655	282	3	0
657	282	3	0
663	282	3	0
665	282	4	0
666	282	3	0
674	282	5	0
678	282	3	0
682	282	4	0
684	282	4	0
693	282	4	0
697	282	4	0
705	282	5	0
709	282	5	0
710	282	2	0
714	282	4	0
715	282	3	0
716	282	3	0
717	282	5	0
718	282	5	0
719	282	4	0
721	282	4	0
727	282	4	0
728	282	4	0
733	282	3	0
734	282	4	0
742	282	3	0
747	282	2	0
754	282	4	0
758	282	3	0
761	282	4	0
764	282	4	0
768	282	4	0
770	282	5	0
776	282	3	0
788	282	4	0
790	282	4	0
792	282	3	0
793	282	4	0
796	282	4	0
804	282	4	0
823	282	3	0
825	282	4	0
834	282	4	0
854	282	2	0
859	282	3	0
862	282	5	0
864	282	3	0
869	282	3	0
872	282	5	0
879	282	4	0
880	282	2	0
881	282	4	0
886	282	3	0
889	282	4	0
891	282	5	0
896	282	2	0
899	282	5	0
903	282	4	0
905	282	3	0
907	282	4	0
910	282	3	0
917	282	4	0
919	282	4	0
921	282	2	0
923	282	4	0
930	282	4	0
933	282	3	0
935	282	4	0
936	282	2	0
942	282	5	0
943	282	5	0
2	284	4	0
6	284	2	0
16	284	1	0
18	284	3	0
26	284	3	0
42	284	3	0
43	284	5	0
45	284	4	0
53	284	2	0
57	284	3	0
58	284	4	0
59	284	2	0
63	284	3	0
64	284	4	0
66	284	3	0
75	284	2	0
81	284	3	0
82	284	4	0
84	284	3	0
85	284	3	0
92	284	2	0
101	284	4	0
108	284	3	0
115	284	2	0
128	284	3	0
130	284	2	0
141	284	5	0
144	284	3	0
145	284	4	0
152	284	5	0
158	284	5	0
161	284	3	0
168	284	2	0
174	284	4	0
178	284	4	0
181	284	2	0
192	284	5	0
194	284	3	0
201	284	3	0
207	284	3	0
213	284	5	0
222	284	3	0
223	284	2	0
224	284	3	0
230	284	1	0
234	284	3	0
246	284	1	0
256	284	4	0
265	284	4	0
268	284	3	0
271	284	3	0
276	284	4	0
277	284	4	0
279	284	1	0
280	284	3	0
291	284	4	0
293	284	2	0
296	284	4	0
297	284	4	0
298	284	4	0
301	284	4	0
303	284	4	0
308	284	4	0
314	284	3	0
318	284	3	0
320	284	4	0
328	284	3	0
329	284	3	0
330	284	5	0
332	284	5	0
336	284	4	0
344	284	3	0
345	284	4	0
347	284	3	0
349	284	5	0
357	284	4	0
360	284	3	0
363	284	2	0
374	284	1	0
378	284	3	0
379	284	4	0
398	284	2	0
399	284	2	0
401	284	3	0
403	284	1	0
406	284	1	0
413	284	4	0
416	284	4	0
429	284	3	0
432	284	4	0
435	284	2	0
438	284	2	0
447	284	4	0
450	284	4	0
457	284	3	0
458	284	4	0
463	284	3	0
470	284	4	0
474	284	4	0
486	284	2	0
490	284	3	0
491	284	3	0
493	284	4	0
500	284	3	0
517	284	2	0
518	284	4	0
524	284	3	0
532	284	5	0
533	284	1	0
535	284	4	0
537	284	3	0
548	284	3	0
551	284	4	0
552	284	3	0
554	284	3	0
560	284	3	0
561	284	1	0
569	284	4	0
572	284	3	0
577	284	4	0
586	284	3	0
590	284	2	0
593	284	4	0
599	284	4	0
601	284	4	0
605	284	2	0
606	284	4	0
622	284	1	0
627	284	2	0
629	284	4	0
634	284	4	0
654	284	4	0
655	284	2	0
663	284	4	0
666	284	3	0
672	284	4	0
682	284	4	0
690	284	4	0
697	284	5	0
698	284	1	0
705	284	3	0
708	284	5	0
714	284	3	0
715	284	4	0
716	284	3	0
718	284	4	0
719	284	2	0
721	284	4	0
727	284	3	0
733	284	2	0
742	284	3	0
749	284	4	0
754	284	3	0
764	284	4	0
768	284	1	0
769	284	3	0
779	284	3	0
788	284	3	0
789	284	3	0
790	284	4	0
796	284	3	0
804	284	4	0
821	284	3	0
825	284	3	0
829	284	3	0
831	284	3	0
833	284	1	0
834	284	4	0
837	284	1	0
851	284	3	0
869	284	1	0
870	284	2	0
872	284	3	0
880	284	4	0
882	284	3	0
887	284	4	0
892	284	5	0
894	284	3	0
895	284	3	0
896	284	4	0
899	284	3	0
900	284	2	0
906	284	4	0
907	284	5	0
910	284	3	0
916	284	2	0
919	284	3	0
921	284	4	0
929	284	2	0
933	284	2	0
935	284	4	0
938	284	2	0
943	284	2	0
2	291	3	0
11	291	4	0
15	291	3	0
21	291	3	0
26	291	3	0
43	291	3	0
54	291	1	0
75	291	1	0
84	291	3	0
85	291	3	0
92	291	4	0
109	291	3	0
121	291	3	0
130	291	4	0
141	291	5	0
150	291	4	0
159	291	4	0
164	291	5	0
168	291	4	0
181	291	3	0
186	291	4	0
190	291	3	0
198	291	2	0
200	291	3	0
207	291	3	0
230	291	4	0
234	291	3	0
242	291	3	0
244	291	2	0
256	291	5	0
276	291	3	0
279	291	3	0
283	291	2	0
287	291	5	0
291	291	5	0
293	291	2	0
294	291	2	0
303	291	3	0
308	291	3	0
320	291	4	0
328	291	4	0
332	291	4	0
344	291	3	0
345	291	3	0
346	291	5	0
347	291	5	0
348	291	4	0
349	291	3	0
357	291	4	0
374	291	3	0
391	291	3	0
393	291	4	0
396	291	4	0
399	291	3	0
403	291	4	0
407	291	4	0
416	291	4	0
429	291	4	0
435	291	4	0
445	291	2	0
449	291	2	0
455	291	3	0
459	291	4	0
470	291	2	0
474	291	4	0
487	291	3	0
492	291	4	0
497	291	3	0
504	291	4	0
518	291	3	0
521	291	1	0
524	291	4	0
525	291	2	0
533	291	3	0
534	291	4	0
537	291	2	0
548	291	5	0
551	291	4	0
552	291	2	0
569	291	4	0
592	291	3	0
595	291	3	0
623	291	3	0
637	291	4	0
644	291	4	0
647	291	3	0
648	291	3	0
649	291	5	0
653	291	4	0
654	291	4	0
655	291	3	0
662	291	2	0
666	291	3	0
679	291	4	0
682	291	1	0
693	291	3	0
697	291	5	0
699	291	3	0
714	291	3	0
717	291	4	0
719	291	3	0
722	291	4	0
727	291	4	0
733	291	2	0
749	291	4	0
751	291	3	0
754	291	4	0
758	291	4	0
761	291	3	0
788	291	4	0
792	291	2	0
796	291	4	0
804	291	4	0
825	291	5	0
833	291	3	0
851	291	4	0
854	291	2	0
881	291	3	0
882	291	4	0
889	291	3	0
892	291	4	0
896	291	3	0
899	291	4	0
907	291	5	0
910	291	1	0
923	291	4	0
938	291	4	0
2	298	3	0
6	298	3	0
9	298	5	0
21	298	5	0
26	298	3	0
27	298	4	0
32	298	5	0
43	298	4	0
44	298	2	0
54	298	4	0
56	298	4	0
57	298	3	0
62	298	4	0
66	298	4	0
69	298	4	0
70	298	5	0
78	298	3	0
83	298	4	0
85	298	4	0
102	298	3	0
116	298	3	0
117	298	5	0
119	298	4	0
121	298	2	0
130	298	5	0
136	298	4	0
141	298	5	0
144	298	3	0
145	298	1	0
157	298	4	0
158	298	3	0
159	298	5	0
162	298	4	0
164	298	3	0
176	298	4	0
178	298	2	0
186	298	3	0
195	298	4	0
198	298	1	0
207	298	3	0
214	298	3	0
216	298	5	0
220	298	4	0
221	298	4	0
222	298	4	0
223	298	5	0
236	298	4	0
238	298	5	0
249	298	4	0
251	298	5	0
253	298	3	0
259	298	4	0
265	298	5	0
268	298	3	0
276	298	5	0
286	298	4	0
287	298	4	0
292	298	4	0
293	298	4	0
294	298	5	0
296	298	1	0
297	298	5	0
299	298	4	0
303	298	4	0
304	298	5	0
305	298	4	0
308	298	5	0
323	298	4	0
324	298	5	0
327	298	3	0
332	298	4	0
339	298	2	0
342	298	3	0
344	298	4	0
345	298	5	0
347	298	5	0
359	298	5	0
363	298	5	0
378	298	3	0
387	298	3	0
388	298	5	0
392	298	1	0
393	298	4	0
397	298	4	0
416	298	4	0
417	298	3	0
425	298	4	0
429	298	5	0
430	298	3	0
432	298	3	0
435	298	4	0
445	298	2	0
447	298	4	0
453	298	4	0
455	298	4	0
458	298	5	0
459	298	3	0
460	298	2	0
464	298	4	0
467	298	4	0
474	298	3	0
479	298	3	0
480	298	2	0
482	298	4	0
486	298	3	0
487	298	5	0
490	298	3	0
493	298	3	0
497	298	3	0
500	298	4	0
501	298	4	0
504	298	4	0
507	298	5	0
521	298	3	0
526	298	4	0
528	298	4	0
532	298	4	0
533	298	4	0
548	298	4	0
557	298	5	0
564	298	3	0
567	298	4	0
569	298	3	0
577	298	4	0
578	298	4	0
590	298	2	0
592	298	5	0
595	298	4	0
597	298	5	0
606	298	4	0
619	298	5	0
621	298	4	0
622	298	4	0
623	298	2	0
624	298	4	0
630	298	5	0
644	298	4	0
647	298	3	0
648	298	2	0
649	298	4	0
655	298	4	0
660	298	2	0
661	298	3	0
665	298	3	0
671	298	4	0
678	298	3	0
682	298	4	0
689	298	4	0
693	298	3	0
697	298	4	0
699	298	4	0
705	298	5	0
715	298	4	0
716	298	5	0
717	298	3	0
719	298	2	0
730	298	4	0
733	298	2	0
735	298	4	0
738	298	3	0
743	298	4	0
749	298	4	0
757	298	4	0
758	298	4	0
759	298	4	0
770	298	4	0
782	298	4	0
790	298	5	0
793	298	4	0
796	298	5	0
797	298	3	0
807	298	4	0
825	298	5	0
831	298	5	0
833	298	5	0
834	298	4	0
838	298	3	0
843	298	2	0
849	298	5	0
851	298	5	0
869	298	3	0
880	298	4	0
889	298	4	0
893	298	4	0
894	298	3	0
902	298	2	0
910	298	2	0
916	298	3	0
919	298	3	0
931	298	4	0
936	298	4	0
938	298	4	0
939	298	5	0
941	298	5	0
5	410	1	0
6	410	4	0
13	410	1	0
16	410	5	0
26	410	2	0
38	410	3	0
42	410	3	0
56	410	4	0
57	410	3	0
59	410	3	0
75	410	5	0
81	410	4	0
87	410	4	0
92	410	3	0
94	410	4	0
99	410	5	0
109	410	1	0
117	410	3	0
119	410	1	0
130	410	5	0
141	410	4	0
144	410	3	0
145	410	4	0
150	410	4	0
152	410	4	0
157	410	4	0
158	410	3	0
160	410	4	0
178	410	4	0
181	410	1	0
184	410	3	0
193	410	3	0
194	410	3	0
198	410	1	0
200	410	3	0
207	410	3	0
218	410	3	0
222	410	2	0
244	410	4	0
246	410	1	0
252	410	5	0
261	410	5	0
265	410	4	0
267	410	4	0
269	410	4	0
271	410	2	0
276	410	4	0
279	410	5	0
289	410	2	0
291	410	5	0
293	410	2	0
294	410	4	0
301	410	4	0
303	410	4	0
308	410	4	0
314	410	5	0
320	410	4	0
324	410	5	0
327	410	2	0
332	410	4	0
336	410	3	0
339	410	2	0
342	410	3	0
343	410	3	0
347	410	5	0
378	410	3	0
387	410	3	0
389	410	3	0
393	410	4	0
402	410	1	0
403	410	2	0
406	410	4	0
422	410	5	0
429	410	4	0
432	410	4	0
435	410	5	0
442	410	4	0
445	410	1	0
447	410	2	0
449	410	3	0
453	410	4	0
456	410	4	0
457	410	4	0
458	410	1	0
463	410	1	0
474	410	2	0
478	410	3	0
490	410	4	0
493	410	4	0
498	410	3	0
501	410	4	0
506	410	2	0
518	410	3	0
524	410	2	0
528	410	4	0
534	410	5	0
542	410	4	0
543	410	3	0
551	410	5	0
552	410	3	0
555	410	4	0
561	410	1	0
577	410	3	0
582	410	3	0
586	410	3	0
592	410	5	0
595	410	4	0
601	410	4	0
606	410	3	0
614	410	3	0
621	410	4	0
624	410	4	0
633	410	2	0
634	410	4	0
637	410	2	0
638	410	4	0
642	410	1	0
643	410	4	0
648	410	2	0
653	410	1	0
655	410	2	0
663	410	3	0
665	410	3	0
666	410	2	0
674	410	3	0
682	410	3	0
689	410	1	0
692	410	5	0
703	410	4	0
706	410	4	0
714	410	3	0
715	410	4	0
719	410	1	0
727	410	2	0
730	410	1	0
770	410	4	0
774	410	1	0
795	410	2	0
822	410	1	0
823	410	4	0
829	410	3	0
833	410	3	0
839	410	1	0
847	410	1	0
851	410	4	0
859	410	4	0
868	410	3	0
880	410	4	0
886	410	4	0
887	410	4	0
893	410	4	0
897	410	3	0
899	410	1	0
900	410	2	0
903	410	4	0
921	410	2	0
923	410	3	0
927	410	1	0
930	410	3	0
933	410	3	0
936	410	3	0
938	410	1	0
5	411	1	0
13	411	2	0
15	411	2	0
18	411	3	0
22	411	1	0
38	411	3	0
42	411	4	0
43	411	3	0
45	411	3	0
54	411	5	0
57	411	4	0
60	411	3	0
68	411	1	0
70	411	3	0
75	411	5	0
78	411	4	0
81	411	2	0
82	411	3	0
83	411	2	0
84	411	2	0
87	411	4	0
92	411	4	0
94	411	3	0
101	411	2	0
102	411	2	0
104	411	1	0
109	411	4	0
117	411	3	0
121	411	1	0
125	411	3	0
130	411	5	0
137	411	5	0
144	411	4	0
145	411	2	0
151	411	4	0
152	411	4	0
159	411	3	0
164	411	2	0
168	411	1	0
181	411	3	0
184	411	3	0
196	411	4	0
198	411	1	0
200	411	3	0
207	411	3	0
210	411	3	0
222	411	3	0
223	411	1	0
227	411	4	0
236	411	1	0
244	411	4	0
245	411	3	0
246	411	3	0
249	411	3	0
262	411	2	0
267	411	3	0
269	411	1	0
271	411	1	0
274	411	3	0
276	411	4	0
279	411	3	0
280	411	3	0
286	411	2	0
291	411	4	0
293	411	2	0
294	411	3	0
301	411	1	0
303	411	4	0
308	411	4	0
314	411	4	0
320	411	3	0
324	411	5	0
327	411	3	0
332	411	4	0
339	411	2	0
347	411	5	0
348	411	4	0
349	411	4	0
357	411	3	0
374	411	3	0
378	411	3	0
389	411	4	0
393	411	2	0
394	411	4	0
406	411	4	0
416	411	3	0
417	411	2	0
429	411	3	0
432	411	3	0
434	411	5	0
435	411	3	0
436	411	4	0
447	411	2	0
457	411	3	0
459	411	2	0
468	411	3	0
472	411	4	0
474	411	2	0
487	411	3	0
493	411	1	0
500	411	2	0
501	411	4	0
504	411	4	0
525	411	3	0
532	411	3	0
533	411	2	0
542	411	4	0
549	411	3	0
551	411	1	0
552	411	3	0
554	411	3	0
560	411	3	0
566	411	4	0
582	411	1	0
586	411	2	0
592	411	2	0
595	411	3	0
601	411	2	0
614	411	3	0
624	411	4	0
630	411	4	0
634	411	4	0
637	411	1	0
642	411	5	0
648	411	2	0
653	411	2	0
655	411	3	0
663	411	3	0
665	411	4	0
684	411	3	0
692	411	4	0
727	411	3	0
758	411	4	0
764	411	3	0
769	411	3	0
774	411	1	0
779	411	3	0
790	411	3	0
804	411	3	0
805	411	2	0
825	411	3	0
847	411	1	0
851	411	3	0
854	411	2	0
865	411	1	0
869	411	4	0
880	411	4	0
881	411	3	0
882	411	3	0
887	411	4	0
889	411	2	0
893	411	3	0
896	411	2	0
897	411	5	0
921	411	2	0
922	411	1	0
923	411	4	0
927	411	4	0
930	411	1	0
933	411	2	0
934	411	3	0
938	411	3	0
939	411	4	0
5	455	4	0
7	455	4	0
11	455	3	0
13	455	3	0
14	455	4	0
15	455	1	0
22	455	5	0
25	455	4	0
26	455	3	0
32	455	2	0
49	455	1	0
62	455	3	0
77	455	3	0
82	455	4	0
92	455	2	0
94	455	3	0
119	455	4	0
125	455	5	0
130	455	4	0
144	455	3	0
158	455	4	0
160	455	4	0
178	455	3	0
181	455	1	0
188	455	4	0
198	455	3	0
200	455	3	0
201	455	3	0
211	455	3	0
213	455	4	0
222	455	3	0
244	455	2	0
249	455	4	0
255	455	2	0
267	455	3	0
268	455	3	0
276	455	4	0
279	455	5	0
283	455	4	0
285	455	4	0
286	455	1	0
289	455	4	0
291	455	5	0
293	455	2	0
294	455	3	0
296	455	1	0
297	455	4	0
301	455	5	0
303	455	3	0
308	455	4	0
327	455	2	0
346	455	3	0
347	455	2	0
349	455	2	0
357	455	5	0
359	455	4	0
363	455	5	0
385	455	4	0
386	455	3	0
387	455	4	0
394	455	4	0
396	455	2	0
399	455	4	0
402	455	3	0
407	455	3	0
425	455	2	0
429	455	3	0
435	455	3	0
450	455	4	0
452	455	1	0
455	455	3	0
457	455	4	0
459	455	2	0
463	455	3	0
466	455	3	0
467	455	3	0
472	455	4	0
479	455	4	0
487	455	2	0
490	455	4	0
493	455	5	0
497	455	4	0
506	455	3	0
534	455	5	0
537	455	1	0
540	455	4	0
551	455	1	0
552	455	3	0
561	455	3	0
569	455	3	0
580	455	4	0
582	455	1	0
592	455	4	0
601	455	4	0
606	455	2	0
621	455	4	0
624	455	3	0
638	455	3	0
648	455	3	0
653	455	3	0
654	455	3	0
657	455	1	0
663	455	2	0
671	455	4	0
677	455	5	0
682	455	4	0
697	455	4	0
699	455	3	0
715	455	3	0
717	455	2	0
721	455	5	0
727	455	3	0
738	455	4	0
746	455	4	0
757	455	3	0
758	455	4	0
761	455	2	0
773	455	4	0
786	455	1	0
794	455	4	0
804	455	5	0
805	455	4	0
806	455	3	0
817	455	3	0
825	455	4	0
833	455	3	0
838	455	4	0
839	455	4	0
847	455	2	0
851	455	3	0
854	455	2	0
865	455	4	0
868	455	5	0
882	455	3	0
883	455	4	0
887	455	5	0
889	455	4	0
896	455	2	0
897	455	3	0
899	455	3	0
922	455	4	0
923	455	4	0
930	455	1	0
936	455	3	0
941	455	4	0
6	471	2	0
7	471	4	0
12	471	5	0
13	471	1	0
15	471	4	0
16	471	3	0
17	471	2	0
26	471	2	0
42	471	4	0
43	471	3	0
52	471	4	0
54	471	4	0
57	471	4	0
65	471	4	0
66	471	5	0
68	471	3	0
72	471	4	0
81	471	3	0
83	471	3	0
90	471	4	0
92	471	4	0
94	471	4	0
95	471	5	0
99	471	4	0
101	471	3	0
103	471	4	0
104	471	3	0
108	471	2	0
115	471	2	0
119	471	4	0
128	471	4	0
130	471	2	0
141	471	4	0
144	471	4	0
145	471	4	0
158	471	4	0
159	471	4	0
164	471	5	0
174	471	5	0
178	471	4	0
181	471	2	0
182	471	4	0
190	471	5	0
194	471	3	0
201	471	2	0
203	471	4	0
207	471	3	0
213	471	3	0
222	471	3	0
231	471	5	0
232	471	3	0
234	471	3	0
238	471	4	0
244	471	1	0
249	471	4	0
251	471	3	0
256	471	5	0
265	471	4	0
270	471	5	0
271	471	3	0
274	471	4	0
276	471	4	0
277	471	3	0
280	471	3	0
289	471	4	0
291	471	4	0
293	471	3	0
294	471	4	0
297	471	3	0
298	471	4	0
305	471	4	0
308	471	3	0
311	471	4	0
313	471	4	0
324	471	5	0
328	471	3	0
332	471	4	0
337	471	5	0
343	471	4	0
344	471	3	0
345	471	3	0
347	471	4	0
349	471	3	0
357	471	5	0
360	471	4	0
373	471	3	0
374	471	4	0
378	471	3	0
389	471	4	0
391	471	2	0
393	471	4	0
396	471	4	0
399	471	3	0
401	471	4	0
402	471	4	0
403	471	5	0
413	471	4	0
416	471	5	0
423	471	3	0
432	471	3	0
434	471	2	0
438	471	4	0
447	471	4	0
450	471	4	0
453	471	4	0
454	471	3	0
455	471	4	0
457	471	4	0
459	471	3	0
468	471	3	0
470	471	5	0
474	471	3	0
479	471	4	0
484	471	4	0
486	471	5	0
487	471	3	0
500	471	4	0
505	471	4	0
518	471	3	0
524	471	4	0
533	471	4	0
534	471	5	0
535	471	4	0
537	471	3	0
540	471	4	0
543	471	3	0
548	471	5	0
551	471	5	0
552	471	3	0
569	471	3	0
576	471	4	0
577	471	3	0
580	471	3	0
588	471	5	0
592	471	4	0
593	471	3	0
599	471	4	0
605	471	3	0
606	471	4	0
613	471	3	0
618	471	3	0
624	471	4	0
627	471	3	0
630	471	4	0
634	471	4	0
637	471	2	0
639	471	2	0
648	471	4	0
649	471	5	0
653	471	2	0
655	471	3	0
658	471	4	0
661	471	4	0
663	471	3	0
665	471	3	0
666	471	4	0
676	471	3	0
677	471	4	0
682	471	3	0
689	471	4	0
693	471	3	0
699	471	3	0
703	471	4	0
705	471	5	0
706	471	4	0
708	471	4	0
714	471	4	0
715	471	4	0
716	471	2	0
717	471	4	0
718	471	5	0
721	471	5	0
722	471	4	0
727	471	3	0
728	471	4	0
733	471	3	0
757	471	4	0
758	471	3	0
759	471	4	0
761	471	3	0
768	471	3	0
779	471	4	0
786	471	4	0
788	471	3	0
792	471	4	0
807	471	4	0
815	471	2	0
821	471	4	0
823	471	3	0
832	471	4	0
844	471	3	0
854	471	2	0
864	471	5	0
865	471	1	0
870	471	4	0
880	471	4	0
882	471	4	0
887	471	3	0
889	471	3	0
891	471	5	0
893	471	4	0
894	471	4	0
896	471	3	0
899	471	4	0
900	471	2	0
905	471	4	0
906	471	3	0
907	471	5	0
917	471	4	0
919	471	3	0
921	471	2	0
922	471	3	0
924	471	4	0
927	471	4	0
931	471	3	0
933	471	3	0
935	471	4	0
938	471	3	0
939	471	5	0
940	471	4	0
943	471	5	0
6	472	1	0
7	472	2	0
13	472	5	0
15	472	3	0
23	472	2	0
37	472	2	0
45	472	3	0
57	472	1	0
59	472	3	0
62	472	2	0
67	472	4	0
70	472	3	0
75	472	4	0
82	472	3	0
87	472	4	0
94	472	3	0
95	472	5	0
99	472	3	0
101	472	3	0
109	472	2	0
119	472	4	0
121	472	3	0
130	472	4	0
137	472	4	0
141	472	5	0
145	472	3	0
158	472	3	0
164	472	5	0
168	472	3	0
178	472	4	0
181	472	1	0
200	472	4	0
217	472	3	0
222	472	2	0
234	472	2	0
249	472	3	0
251	472	3	0
254	472	3	0
255	472	1	0
256	472	4	0
265	472	3	0
268	472	1	0
271	472	2	0
274	472	3	0
275	472	3	0
276	472	3	0
277	472	1	0
279	472	3	0
280	472	2	0
286	472	3	0
290	472	4	0
292	472	3	0
294	472	3	0
307	472	3	0
308	472	2	0
320	472	3	0
332	472	3	0
344	472	3	0
346	472	4	0
347	472	5	0
348	472	4	0
357	472	3	0
359	472	4	0
363	472	1	0
373	472	3	0
374	472	2	0
393	472	3	0
395	472	3	0
396	472	5	0
403	472	4	0
406	472	3	0
416	472	4	0
417	472	2	0
429	472	3	0
435	472	2	0
450	472	4	0
452	472	5	0
454	472	3	0
457	472	4	0
459	472	5	0
463	472	3	0
472	472	5	0
479	472	1	0
484	472	4	0
495	472	5	0
497	472	3	0
500	472	3	0
513	472	4	0
517	472	2	0
524	472	3	0
525	472	2	0
532	472	5	0
536	472	3	0
537	472	2	0
545	472	5	0
548	472	2	0
549	472	3	0
560	472	2	0
564	472	4	0
577	472	4	0
582	472	4	0
588	472	4	0
592	472	1	0
595	472	3	0
601	472	1	0
606	472	4	0
614	472	3	0
621	472	3	0
622	472	3	0
630	472	3	0
638	472	3	0
642	472	5	0
648	472	3	0
650	472	3	0
653	472	1	0
660	472	2	0
665	472	3	0
671	472	5	0
682	472	3	0
683	472	3	0
693	472	3	0
709	472	4	0
711	472	1	0
714	472	2	0
716	472	3	0
717	472	4	0
727	472	2	0
749	472	4	0
751	472	2	0
757	472	3	0
764	472	3	0
790	472	2	0
795	472	3	0
798	472	3	0
804	472	3	0
805	472	2	0
807	472	4	0
815	472	1	0
825	472	5	0
837	472	3	0
851	472	3	0
852	472	3	0
854	472	1	0
862	472	5	0
864	472	4	0
865	472	1	0
881	472	4	0
886	472	3	0
887	472	4	0
892	472	3	0
894	472	3	0
896	472	2	0
897	472	5	0
907	472	5	0
916	472	3	0
921	472	2	0
923	472	4	0
938	472	4	0
7	546	4	0
13	546	3	0
15	546	2	0
16	546	4	0
22	546	3	0
23	546	3	0
26	546	2	0
37	546	3	0
42	546	3	0
43	546	4	0
49	546	1	0
53	546	4	0
54	546	3	0
56	546	3	0
57	546	4	0
58	546	2	0
60	546	4	0
62	546	4	0
63	546	2	0
64	546	3	0
67	546	3	0
70	546	2	0
75	546	3	0
82	546	3	0
83	546	4	0
84	546	3	0
87	546	3	0
92	546	2	0
94	546	3	0
95	546	2	0
99	546	4	0
101	546	4	0
102	546	3	0
104	546	1	0
109	546	3	0
117	546	3	0
119	546	4	0
120	546	2	0
121	546	1	0
130	546	4	0
137	546	5	0
141	546	4	0
145	546	3	0
151	546	2	0
158	546	3	0
159	546	4	0
168	546	3	0
174	546	3	0
178	546	3	0
181	546	2	0
186	546	4	0
190	546	3	0
194	546	3	0
200	546	3	0
201	546	2	0
207	546	3	0
213	546	4	0
216	546	2	0
217	546	2	0
219	546	4	0
222	546	3	0
223	546	5	0
234	546	1	0
236	546	4	0
238	546	3	0
249	546	3	0
255	546	3	0
256	546	4	0
259	546	3	0
262	546	2	0
267	546	3	0
268	546	4	0
270	546	4	0
271	546	2	0
274	546	3	0
276	546	3	0
279	546	3	0
280	546	4	0
286	546	1	0
287	546	4	0
290	546	2	0
291	546	3	0
293	546	1	0
294	546	4	0
295	546	4	0
297	546	3	0
298	546	3	0
299	546	3	0
301	546	4	0
303	546	2	0
308	546	3	0
313	546	4	0
314	546	4	0
320	546	4	0
323	546	2	0
327	546	2	0
328	546	3	0
332	546	4	0
336	546	3	0
339	546	4	0
343	546	1	0
344	546	3	0
346	546	4	0
347	546	4	0
348	546	3	0
349	546	3	0
357	546	5	0
359	546	3	0
363	546	3	0
374	546	5	0
378	546	2	0
382	546	2	0
386	546	2	0
391	546	3	0
393	546	2	0
394	546	4	0
396	546	4	0
399	546	2	0
403	546	3	0
416	546	3	0
417	546	3	0
423	546	2	0
425	546	3	0
429	546	3	0
432	546	3	0
434	546	5	0
435	546	4	0
436	546	3	0
442	546	3	0
445	546	2	0
447	546	2	0
449	546	2	0
450	546	4	0
455	546	3	0
456	546	4	0
457	546	2	0
458	546	3	0
459	546	1	0
466	546	4	0
470	546	4	0
472	546	4	0
477	546	4	0
479	546	2	0
486	546	2	0
487	546	3	0
493	546	5	0
500	546	4	0
501	546	4	0
503	546	4	0
504	546	4	0
513	546	4	0
518	546	4	0
524	546	4	0
533	546	3	0
534	546	4	0
536	546	2	0
545	546	3	0
548	546	4	0
551	546	2	0
554	546	3	0
555	546	3	0
560	546	2	0
561	546	1	0
569	546	3	0
577	546	3	0
580	546	1	0
590	546	1	0
592	546	4	0
593	546	3	0
595	546	4	0
599	546	4	0
605	546	2	0
606	546	4	0
614	546	1	0
619	546	2	0
621	546	3	0
624	546	3	0
625	546	2	0
627	546	3	0
630	546	3	0
634	546	4	0
637	546	1	0
643	546	3	0
644	546	4	0
648	546	4	0
650	546	1	0
653	546	2	0
654	546	4	0
660	546	2	0
663	546	3	0
665	546	2	0
666	546	4	0
671	546	5	0
676	546	3	0
682	546	3	0
690	546	4	0
693	546	1	0
697	546	4	0
699	546	3	0
705	546	3	0
708	546	3	0
709	546	4	0
715	546	4	0
716	546	1	0
717	546	3	0
718	546	4	0
722	546	3	0
727	546	2	0
728	546	2	0
733	546	1	0
742	546	1	0
746	546	3	0
749	546	3	0
757	546	3	0
758	546	3	0
761	546	5	0
769	546	4	0
770	546	4	0
774	546	1	0
786	546	4	0
788	546	3	0
790	546	1	0
792	546	3	0
795	546	3	0
796	546	4	0
804	546	3	0
805	546	2	0
807	546	4	0
817	546	4	0
825	546	5	0
833	546	2	0
852	546	4	0
862	546	4	0
864	546	4	0
865	546	1	0
872	546	4	0
880	546	3	0
881	546	4	0
882	546	2	0
886	546	1	0
889	546	4	0
891	546	3	0
896	546	2	0
897	546	4	0
899	546	2	0
901	546	4	0
916	546	2	0
923	546	4	0
931	546	3	0
933	546	2	0
935	546	4	0
938	546	3	0
939	546	4	0
943	546	4	0
7	591	3	0
12	591	5	0
15	591	2	0
16	591	4	0
21	591	3	0
26	591	3	0
32	591	3	0
42	591	4	0
43	591	5	0
44	591	4	0
59	591	4	0
63	591	3	0
64	591	4	0
69	591	3	0
72	591	5	0
81	591	5	0
83	591	4	0
84	591	4	0
92	591	4	0
95	591	5	0
99	591	4	0
104	591	4	0
119	591	4	0
128	591	4	0
141	591	4	0
144	591	3	0
145	591	4	0
159	591	4	0
178	591	5	0
181	591	4	0
184	591	3	0
186	591	4	0
188	591	5	0
190	591	4	0
195	591	4	0
201	591	3	0
207	591	3	0
213	591	4	0
218	591	3	0
222	591	4	0
223	591	3	0
224	591	3	0
234	591	3	0
236	591	4	0
249	591	5	0
253	591	3	0
256	591	5	0
265	591	5	0
271	591	4	0
274	591	4	0
276	591	3	0
277	591	4	0
279	591	2	0
287	591	5	0
293	591	3	0
303	591	4	0
308	591	3	0
314	591	5	0
322	591	3	0
328	591	3	0
329	591	2	0
334	591	4	0
336	591	5	0
342	591	3	0
363	591	4	0
365	591	4	0
374	591	4	0
378	591	4	0
388	591	4	0
389	591	3	0
391	591	4	0
393	591	5	0
396	591	3	0
397	591	4	0
398	591	3	0
399	591	3	0
401	591	3	0
402	591	4	0
406	591	3	0
416	591	5	0
423	591	5	0
429	591	3	0
439	591	4	0
442	591	3	0
445	591	2	0
447	591	4	0
450	591	4	0
453	591	3	0
455	591	4	0
458	591	3	0
460	591	2	0
463	591	4	0
474	591	3	0
478	591	3	0
486	591	4	0
487	591	2	0
498	591	4	0
501	591	4	0
505	591	4	0
518	591	3	0
526	591	4	0
532	591	5	0
533	591	4	0
534	591	5	0
535	591	4	0
537	591	3	0
540	591	3	0
543	591	4	0
548	591	3	0
551	591	5	0
552	591	3	0
562	591	4	0
586	591	3	0
590	591	3	0
592	591	4	0
593	591	4	0
595	591	4	0
601	591	3	0
606	591	3	0
610	591	3	0
624	591	3	0
627	591	3	0
632	591	4	0
634	591	4	0
637	591	3	0
640	591	4	0
654	591	5	0
655	591	3	0
662	591	4	0
663	591	3	0
666	591	2	0
671	591	3	0
682	591	3	0
693	591	3	0
697	591	4	0
699	591	2	0
703	591	4	0
715	591	4	0
717	591	4	0
718	591	4	0
731	591	1	0
733	591	3	0
734	591	4	0
742	591	4	0
747	591	2	0
751	591	1	0
756	591	4	0
759	591	3	0
764	591	3	0
768	591	4	0
788	591	3	0
789	591	3	0
792	591	2	0
793	591	4	0
796	591	3	0
825	591	4	0
831	591	4	0
833	591	2	0
835	591	4	0
851	591	5	0
854	591	2	0
864	591	4	0
870	591	2	0
872	591	3	0
880	591	4	0
886	591	3	0
891	591	4	0
894	591	4	0
896	591	3	0
905	591	4	0
907	591	5	0
908	591	4	0
917	591	3	0
919	591	3	0
923	591	5	0
936	591	4	0
938	591	3	0
939	591	5	0
7	597	3	0
11	597	2	0
13	597	3	0
20	597	3	0
23	597	3	0
26	597	2	0
37	597	5	0
43	597	3	0
45	597	3	0
54	597	2	0
55	597	2	0
56	597	3	0
57	597	3	0
59	597	2	0
62	597	2	0
66	597	3	0
70	597	3	0
75	597	3	0
82	597	3	0
83	597	2	0
84	597	3	0
92	597	2	0
94	597	2	0
95	597	3	0
99	597	4	0
101	597	3	0
102	597	3	0
109	597	2	0
117	597	4	0
119	597	4	0
130	597	4	0
137	597	5	0
141	597	4	0
144	597	4	0
145	597	4	0
157	597	3	0
159	597	5	0
162	597	4	0
164	597	4	0
168	597	3	0
174	597	3	0
178	597	4	0
181	597	3	0
190	597	2	0
200	597	4	0
201	597	2	0
207	597	3	0
213	597	5	0
217	597	4	0
222	597	1	0
223	597	4	0
231	597	3	0
245	597	4	0
246	597	2	0
249	597	2	0
251	597	3	0
255	597	4	0
256	597	4	0
261	597	4	0
267	597	3	0
268	597	2	0
269	597	1	0
274	597	3	0
275	597	3	0
276	597	3	0
279	597	5	0
286	597	3	0
291	597	3	0
294	597	3	0
299	597	3	0
301	597	3	0
303	597	1	0
305	597	2	0
308	597	3	0
314	597	4	0
320	597	3	0
324	597	4	0
328	597	3	0
332	597	5	0
344	597	2	0
346	597	3	0
347	597	3	0
357	597	4	0
363	597	4	0
374	597	4	0
378	597	3	0
386	597	3	0
393	597	3	0
394	597	2	0
396	597	4	0
399	597	3	0
403	597	2	0
416	597	3	0
417	597	3	0
425	597	1	0
435	597	3	0
445	597	1	0
447	597	3	0
450	597	4	0
452	597	5	0
455	597	3	0
457	597	3	0
458	597	3	0
459	597	3	0
463	597	2	0
472	597	5	0
484	597	3	0
486	597	3	0
487	597	4	0
493	597	4	0
497	597	3	0
501	597	3	0
507	597	5	0
517	597	4	0
521	597	2	0
525	597	3	0
533	597	3	0
534	597	5	0
540	597	4	0
548	597	4	0
551	597	4	0
554	597	4	0
560	597	2	0
561	597	3	0
564	597	4	0
580	597	1	0
582	597	3	0
588	597	4	0
592	597	2	0
593	597	2	0
595	597	2	0
605	597	3	0
618	597	4	0
619	597	4	0
622	597	5	0
624	597	3	0
625	597	2	0
627	597	3	0
630	597	4	0
634	597	4	0
642	597	4	0
643	597	2	0
644	597	4	0
650	597	3	0
653	597	4	0
654	597	4	0
663	597	3	0
665	597	3	0
671	597	4	0
674	597	3	0
682	597	1	0
689	597	4	0
699	597	3	0
705	597	4	0
708	597	2	0
709	597	4	0
714	597	3	0
717	597	4	0
718	597	5	0
722	597	3	0
727	597	3	0
746	597	4	0
751	597	2	0
758	597	2	0
764	597	4	0
768	597	2	0
769	597	2	0
774	597	2	0
788	597	3	0
790	597	3	0
792	597	3	0
793	597	3	0
796	597	5	0
800	597	4	0
804	597	3	0
805	597	3	0
807	597	4	0
817	597	2	0
821	597	3	0
825	597	5	0
833	597	1	0
844	597	3	0
851	597	4	0
852	597	3	0
854	597	2	0
862	597	3	0
864	597	4	0
865	597	1	0
872	597	4	0
879	597	2	0
880	597	3	0
882	597	4	0
887	597	5	0
889	597	3	0
891	597	3	0
893	597	4	0
895	597	2	0
896	597	4	0
897	597	5	0
899	597	2	0
910	597	3	0
916	597	2	0
933	597	1	0
935	597	4	0
938	597	3	0
939	597	4	0
7	628	3	0
14	628	5	0
17	628	1	0
21	628	3	0
26	628	3	0
32	628	4	0
43	628	3	0
49	628	4	0
53	628	5	0
69	628	3	0
72	628	4	0
76	628	2	0
84	628	3	0
87	628	4	0
92	628	4	0
99	628	4	0
104	628	4	0
109	628	2	0
115	628	5	0
117	628	5	0
119	628	4	0
121	628	3	0
145	628	2	0
150	628	4	0
151	628	5	0
159	628	3	0
160	628	3	0
162	628	4	0
177	628	2	0
178	628	4	0
181	628	3	0
188	628	5	0
190	628	4	0
194	628	3	0
203	628	4	0
207	628	3	0
213	628	5	0
216	628	4	0
222	628	5	0
230	628	3	0
234	628	2	0
244	628	4	0
246	628	1	0
249	628	3	0
250	628	4	0
256	628	5	0
262	628	2	0
265	628	4	0
274	628	4	0
276	628	4	0
277	628	4	0
285	628	2	0
286	628	4	0
292	628	3	0
293	628	3	0
296	628	5	0
297	628	4	0
305	628	4	0
308	628	3	0
313	628	4	0
314	628	5	0
318	628	4	0
325	628	3	0
327	628	2	0
328	628	3	0
332	628	4	0
334	628	4	0
336	628	3	0
344	628	4	0
345	628	3	0
348	628	4	0
372	628	4	0
374	628	3	0
388	628	4	0
391	628	4	0
393	628	4	0
399	628	3	0
402	628	3	0
413	628	4	0
416	628	4	0
417	628	3	0
423	628	4	0
429	628	3	0
430	628	3	0
432	628	5	0
434	628	1	0
435	628	5	0
436	628	5	0
442	628	4	0
445	628	1	0
450	628	4	0
453	628	3	0
455	628	4	0
457	628	4	0
474	628	4	0
486	628	3	0
487	628	4	0
498	628	4	0
501	628	4	0
504	628	4	0
516	628	4	0
518	628	5	0
527	628	3	0
534	628	5	0
535	628	4	0
537	628	2	0
540	628	3	0
548	628	2	0
551	628	5	0
552	628	3	0
586	628	3	0
592	628	3	0
606	628	4	0
618	628	2	0
624	628	4	0
627	628	4	0
634	628	4	0
642	628	3	0
650	628	3	0
653	628	4	0
655	628	3	0
657	628	3	0
658	628	3	0
663	628	4	0
671	628	3	0
682	628	4	0
693	628	4	0
697	628	4	0
703	628	4	0
706	628	4	0
708	628	3	0
709	628	3	0
716	628	3	0
717	628	5	0
722	628	4	0
727	628	3	0
735	628	3	0
744	628	2	0
749	628	4	0
758	628	4	0
761	628	4	0
768	628	3	0
789	628	3	0
793	628	3	0
796	628	4	0
806	628	3	0
825	628	4	0
833	628	4	0
834	628	5	0
835	628	3	0
837	628	3	0
840	628	4	0
843	628	2	0
854	628	2	0
864	628	4	0
872	628	4	0
880	628	2	0
886	628	3	0
894	628	3	0
903	628	3	0
904	628	3	0
906	628	5	0
907	628	5	0
910	628	1	0
917	628	5	0
919	628	3	0
923	628	4	0
936	628	1	0
940	628	4	0
8	685	4	0
13	685	5	0
15	685	4	0
26	685	3	0
37	685	3	0
42	685	4	0
54	685	3	0
55	685	1	0
62	685	2	0
72	685	4	0
75	685	4	0
83	685	4	0
84	685	3	0
87	685	3	0
92	685	3	0
94	685	4	0
99	685	3	0
102	685	3	0
119	685	4	0
128	685	3	0
130	685	3	0
137	685	5	0
144	685	3	0
145	685	4	0
152	685	5	0
157	685	3	0
159	685	4	0
162	685	3	0
164	685	5	0
168	685	3	0
178	685	4	0
181	685	2	0
190	685	3	0
200	685	4	0
201	685	3	0
207	685	3	0
213	685	3	0
217	685	5	0
221	685	3	0
222	685	4	0
236	685	2	0
244	685	2	0
251	685	4	0
253	685	2	0
255	685	3	0
256	685	5	0
267	685	3	0
274	685	5	0
276	685	4	0
279	685	3	0
289	685	4	0
290	685	3	0
291	685	5	0
293	685	3	0
296	685	4	0
301	685	3	0
303	685	1	0
314	685	4	0
320	685	4	0
328	685	4	0
332	685	4	0
346	685	3	0
347	685	3	0
348	685	4	0
357	685	3	0
363	685	4	0
374	685	4	0
386	685	4	0
393	685	3	0
403	685	4	0
416	685	3	0
417	685	1	0
429	685	3	0
435	685	2	0
442	685	2	0
450	685	4	0
454	685	3	0
458	685	3	0
459	685	3	0
472	685	3	0
474	685	3	0
486	685	3	0
487	685	3	0
501	685	3	0
513	685	4	0
518	685	5	0
525	685	4	0
532	685	5	0
533	685	4	0
534	685	3	0
551	685	1	0
564	685	3	0
566	685	3	0
569	685	4	0
573	685	3	0
592	685	2	0
593	685	3	0
606	685	3	0
619	685	3	0
622	685	2	0
627	685	3	0
632	685	2	0
634	685	4	0
637	685	3	0
638	685	4	0
643	685	3	0
648	685	5	0
653	685	3	0
655	685	2	0
663	685	4	0
665	685	2	0
671	685	5	0
674	685	3	0
682	685	3	0
693	685	4	0
699	685	3	0
705	685	5	0
708	685	3	0
714	685	4	0
715	685	3	0
717	685	4	0
718	685	4	0
727	685	3	0
730	685	2	0
746	685	3	0
749	685	4	0
757	685	3	0
758	685	5	0
769	685	3	0
788	685	3	0
790	685	4	0
793	685	3	0
796	685	4	0
804	685	4	0
825	685	4	0
835	685	4	0
847	685	2	0
851	685	4	0
852	685	3	0
864	685	4	0
865	685	3	0
868	685	1	0
872	685	4	0
879	685	4	0
880	685	4	0
881	685	2	0
885	685	3	0
886	685	2	0
896	685	3	0
899	685	3	0
907	685	5	0
916	685	2	0
923	685	4	0
931	685	4	0
935	685	4	0
938	685	3	0
943	685	4	0
11	742	3	0
15	742	2	0
20	742	4	0
21	742	3	0
24	742	4	0
25	742	4	0
26	742	3	0
27	742	3	0
32	742	3	0
38	742	5	0
42	742	4	0
43	742	5	0
45	742	4	0
52	742	4	0
54	742	5	0
59	742	3	0
62	742	2	0
66	742	5	0
68	742	1	0
69	742	3	0
75	742	1	0
81	742	2	0
84	742	3	0
92	742	3	0
94	742	3	0
95	742	4	0
99	742	5	0
101	742	4	0
109	742	5	0
113	742	3	0
117	742	4	0
119	742	5	0
120	742	4	0
121	742	5	0
128	742	3	0
130	742	5	0
138	742	4	0
141	742	4	0
144	742	4	0
145	742	4	0
158	742	4	0
159	742	2	0
162	742	4	0
164	742	5	0
168	742	5	0
174	742	4	0
178	742	3	0
181	742	4	0
184	742	3	0
186	742	3	0
188	742	5	0
189	742	3	0
190	742	3	0
193	742	4	0
200	742	4	0
203	742	3	0
207	742	4	0
222	742	5	0
223	742	3	0
230	742	5	0
249	742	3	0
250	742	3	0
251	742	5	0
252	742	4	0
253	742	4	0
256	742	5	0
264	742	2	0
265	742	5	0
267	742	3	0
270	742	2	0
271	742	3	0
274	742	4	0
276	742	4	0
277	742	4	0
280	742	4	0
286	742	5	0
287	742	3	0
288	742	3	0
289	742	4	0
290	742	2	0
291	742	3	0
293	742	2	0
294	742	4	0
297	742	3	0
298	742	3	0
299	742	4	0
301	742	4	0
303	742	4	0
304	742	3	0
308	742	4	0
313	742	3	0
314	742	4	0
320	742	4	0
324	742	5	0
328	742	4	0
332	742	5	0
334	742	2	0
336	742	3	0
337	742	5	0
344	742	3	0
345	742	4	0
346	742	4	0
347	742	5	0
348	742	4	0
357	742	4	0
361	742	1	0
363	742	2	0
365	742	3	0
374	742	5	0
378	742	4	0
381	742	4	0
387	742	2	0
388	742	5	0
390	742	4	0
393	742	4	0
394	742	5	0
396	742	4	0
399	742	4	0
416	742	4	0
417	742	2	0
422	742	2	0
429	742	4	0
432	742	4	0
435	742	4	0
436	742	5	0
442	742	3	0
445	742	1	0
447	742	3	0
449	742	3	0
450	742	4	0
453	742	3	0
454	742	3	0
457	742	4	0
458	742	4	0
459	742	4	0
467	742	2	0
468	742	3	0
470	742	4	0
472	742	5	0
484	742	3	0
486	742	2	0
487	742	5	0
488	742	4	0
493	742	3	0
495	742	5	0
499	742	4	0
500	742	3	0
504	742	4	0
505	742	4	0
506	742	5	0
518	742	5	0
521	742	3	0
524	742	3	0
525	742	3	0
526	742	3	0
533	742	4	0
534	742	5	0
540	742	4	0
543	742	3	0
545	742	4	0
548	742	5	0
551	742	5	0
552	742	4	0
554	742	3	0
566	742	3	0
577	742	4	0
582	742	3	0
586	742	3	0
588	742	4	0
592	742	4	0
593	742	4	0
595	742	2	0
597	742	4	0
608	742	4	0
620	742	5	0
622	742	3	0
624	742	4	0
630	742	5	0
634	742	4	0
635	742	3	0
637	742	4	0
642	742	5	0
647	742	4	0
648	742	5	0
650	742	3	0
653	742	3	0
654	742	4	0
655	742	3	0
660	742	2	0
663	742	4	0
665	742	4	0
666	742	3	0
671	742	5	0
674	742	5	0
677	742	4	0
678	742	4	0
682	742	3	0
684	742	4	0
690	742	3	0
693	742	3	0
697	742	3	0
703	742	3	0
706	742	2	0
708	742	1	0
717	742	5	0
718	742	5	0
719	742	4	0
728	742	4	0
730	742	3	0
733	742	3	0
734	742	4	0
741	742	4	0
749	742	4	0
751	742	3	0
754	742	3	0
756	742	3	0
757	742	4	0
758	742	4	0
759	742	5	0
761	742	2	0
763	742	4	0
764	742	3	0
768	742	3	0
770	742	4	0
788	742	3	0
789	742	3	0
790	742	4	0
792	742	3	0
793	742	3	0
795	742	2	0
796	742	3	0
800	742	4	0
804	742	4	0
805	742	3	0
821	742	4	0
823	742	4	0
825	742	4	0
831	742	3	0
833	742	3	0
839	742	3	0
847	742	3	0
850	742	5	0
851	742	5	0
854	742	2	0
862	742	5	0
864	742	4	0
872	742	4	0
880	742	4	0
881	742	4	0
889	742	3	0
891	742	4	0
895	742	4	0
896	742	1	0
897	742	3	0
899	742	4	0
905	742	4	0
906	742	3	0
907	742	5	0
910	742	4	0
913	742	3	0
919	742	4	0
923	742	4	0
924	742	3	0
927	742	5	0
935	742	5	0
938	742	3	0
939	742	5	0
13	756	2	0
42	756	5	0
43	756	3	0
44	756	3	0
45	756	2	0
57	756	3	0
59	756	2	0
67	756	3	0
75	756	2	0
81	756	1	0
82	756	1	0
83	756	4	0
84	756	3	0
92	756	3	0
101	756	3	0
104	756	2	0
125	756	4	0
130	756	4	0
141	756	3	0
145	756	2	0
159	756	4	0
178	756	3	0
181	756	2	0
194	756	1	0
200	756	3	0
207	756	2	0
213	756	2	0
222	756	4	0
223	756	3	0
227	756	3	0
236	756	1	0
238	756	3	0
244	756	2	0
245	756	3	0
256	756	4	0
265	756	4	0
269	756	1	0
271	756	2	0
274	756	3	0
280	756	4	0
291	756	3	0
301	756	4	0
306	756	3	0
314	756	3	0
332	756	2	0
342	756	3	0
344	756	2	0
347	756	2	0
348	756	4	0
373	756	3	0
374	756	3	0
378	756	3	0
382	756	3	0
389	756	2	0
393	756	4	0
398	756	3	0
406	756	3	0
407	756	2	0
429	756	2	0
434	756	2	0
435	756	3	0
450	756	3	0
457	756	2	0
472	756	4	0
474	756	1	0
477	756	4	0
479	756	1	0
504	756	3	0
533	756	4	0
534	756	4	0
541	756	4	0
551	756	1	0
552	756	2	0
554	756	3	0
560	756	2	0
569	756	3	0
586	756	1	0
599	756	5	0
606	756	3	0
614	756	4	0
622	756	3	0
630	756	4	0
634	756	3	0
642	756	5	0
648	756	2	0
653	756	1	0
654	756	4	0
661	756	3	0
665	756	3	0
672	756	2	0
682	756	2	0
684	756	4	0
692	756	2	0
706	756	4	0
708	756	2	0
715	756	2	0
718	756	5	0
722	756	3	0
735	756	2	0
751	756	2	0
759	756	4	0
764	756	3	0
768	756	3	0
795	756	3	0
798	756	3	0
804	756	3	0
840	756	4	0
847	756	1	0
854	756	3	0
869	756	1	0
872	756	4	0
881	756	4	0
882	756	3	0
885	756	2	0
887	756	5	0
891	756	4	0
901	756	4	0
907	756	4	0
916	756	3	0
917	756	4	0
919	756	3	0
922	756	2	0
927	756	4	0
930	756	3	0
936	756	4	0
938	756	3	0
939	756	5	0
943	756	2	0
13	763	1	0
20	763	1	0
24	763	5	0
45	763	2	0
57	763	5	0
62	763	1	0
66	763	4	0
68	763	1	0
69	763	3	0
79	763	5	0
92	763	3	0
94	763	3	0
99	763	5	0
101	763	3	0
109	763	2	0
115	763	2	0
117	763	5	0
125	763	3	0
128	763	4	0
130	763	5	0
145	763	4	0
152	763	5	0
160	763	4	0
168	763	2	0
174	763	1	0
178	763	4	0
181	763	1	0
182	763	3	0
193	763	3	0
198	763	3	0
207	763	3	0
210	763	2	0
216	763	4	0
221	763	4	0
222	763	3	0
223	763	3	0
244	763	4	0
255	763	5	0
269	763	1	0
271	763	3	0
276	763	3	0
279	763	3	0
286	763	2	0
291	763	4	0
301	763	4	0
303	763	4	0
304	763	4	0
314	763	5	0
318	763	3	0
320	763	4	0
323	763	4	0
324	763	5	0
330	763	5	0
332	763	5	0
336	763	3	0
342	763	3	0
347	763	5	0
374	763	3	0
389	763	1	0
393	763	5	0
394	763	3	0
399	763	2	0
416	763	5	0
429	763	4	0
432	763	5	0
434	763	5	0
435	763	5	0
436	763	4	0
445	763	2	0
449	763	2	0
453	763	4	0
456	763	4	0
472	763	4	0
478	763	5	0
493	763	4	0
497	763	3	0
500	763	3	0
513	763	3	0
518	763	1	0
521	763	4	0
532	763	5	0
534	763	4	0
541	763	3	0
542	763	4	0
551	763	5	0
566	763	4	0
576	763	3	0
577	763	3	0
582	763	2	0
586	763	4	0
592	763	5	0
593	763	3	0
595	763	3	0
597	763	4	0
599	763	5	0
601	763	5	0
606	763	5	0
618	763	2	0
621	763	4	0
622	763	4	0
624	763	3	0
632	763	3	0
634	763	3	0
648	763	2	0
653	763	1	0
663	763	5	0
665	763	4	0
674	763	5	0
682	763	4	0
684	763	2	0
689	763	4	0
690	763	4	0
692	763	3	0
697	763	4	0
708	763	4	0
711	763	1	0
714	763	4	0
726	763	2	0
749	763	1	0
768	763	2	0
790	763	3	0
804	763	4	0
821	763	3	0
837	763	1	0
847	763	1	0
859	763	4	0
865	763	1	0
870	763	4	0
872	763	3	0
879	763	5	0
880	763	3	0
881	763	3	0
887	763	5	0
889	763	4	0
892	763	2	0
896	763	2	0
897	763	3	0
903	763	5	0
907	763	5	0
916	763	3	0
917	763	3	0
921	763	3	0
923	763	4	0
927	763	4	0
930	763	3	0
933	763	3	0
938	763	4	0
941	763	3	0
943	763	4	0
15	928	1	0
21	928	3	0
49	928	2	0
59	928	4	0
81	928	4	0
92	928	3	0
94	928	3	0
101	928	2	0
109	928	3	0
117	928	3	0
130	928	4	0
145	928	3	0
181	928	3	0
188	928	3	0
193	928	2	0
216	928	3	0
234	928	2	0
248	928	3	0
259	928	4	0
268	928	1	0
269	928	1	0
270	928	4	0
276	928	3	0
280	928	5	0
291	928	2	0
294	928	3	0
303	928	3	0
308	928	4	0
332	928	5	0
342	928	3	0
344	928	2	0
347	928	3	0
348	928	5	0
357	928	4	0
374	928	1	0
378	928	2	0
394	928	4	0
399	928	2	0
403	928	3	0
416	928	3	0
417	928	3	0
429	928	2	0
434	928	5	0
435	928	3	0
436	928	4	0
442	928	3	0
450	928	3	0
472	928	4	0
497	928	3	0
501	928	3	0
504	928	4	0
524	928	4	0
525	928	3	0
537	928	1	0
546	928	4	0
548	928	3	0
560	928	3	0
561	928	2	0
586	928	3	0
588	928	4	0
595	928	3	0
599	928	4	0
601	928	1	0
606	928	4	0
620	928	5	0
624	928	3	0
642	928	5	0
643	928	4	0
648	928	4	0
650	928	2	0
663	928	3	0
697	928	3	0
722	928	3	0
727	928	3	0
760	928	1	0
790	928	3	0
793	928	3	0
795	928	1	0
796	928	2	0
804	928	4	0
805	928	3	0
817	928	3	0
825	928	3	0
833	928	2	0
835	928	3	0
847	928	3	0
849	928	5	0
854	928	3	0
859	928	3	0
862	928	4	0
865	928	1	0
872	928	2	0
880	928	2	0
887	928	5	0
893	928	3	0
896	928	3	0
897	928	5	0
903	928	2	0
907	928	5	0
923	928	4	0
927	928	4	0
936	928	3	0
938	928	5	0
943	928	5	0
26	1016	3	0
32	1016	1	0
38	1016	5	0
54	1016	4	0
55	1016	1	0
57	1016	4	0
62	1016	4	0
66	1016	3	0
69	1016	3	0
83	1016	4	0
87	1016	4	0
92	1016	2	0
99	1016	5	0
104	1016	1	0
109	1016	5	0
116	1016	2	0
117	1016	5	0
119	1016	5	0
130	1016	4	0
144	1016	3	0
157	1016	5	0
158	1016	3	0
160	1016	4	0
164	1016	3	0
168	1016	5	0
178	1016	4	0
186	1016	5	0
221	1016	3	0
222	1016	3	0
223	1016	5	0
249	1016	3	0
251	1016	3	0
253	1016	3	0
265	1016	3	0
268	1016	3	0
276	1016	3	0
287	1016	5	0
289	1016	5	0
291	1016	4	0
293	1016	2	0
294	1016	4	0
297	1016	3	0
301	1016	4	0
303	1016	3	0
314	1016	4	0
330	1016	3	0
332	1016	5	0
334	1016	3	0
337	1016	4	0
342	1016	1	0
345	1016	3	0
347	1016	3	0
363	1016	4	0
386	1016	4	0
393	1016	5	0
401	1016	3	0
416	1016	5	0
417	1016	4	0
425	1016	3	0
429	1016	4	0
432	1016	3	0
435	1016	4	0
445	1016	1	0
447	1016	3	0
453	1016	4	0
459	1016	4	0
467	1016	4	0
468	1016	3	0
474	1016	3	0
479	1016	3	0
484	1016	4	0
486	1016	2	0
487	1016	5	0
493	1016	4	0
497	1016	4	0
506	1016	4	0
507	1016	5	0
517	1016	1	0
521	1016	3	0
532	1016	4	0
533	1016	3	0
540	1016	4	0
548	1016	4	0
560	1016	3	0
564	1016	2	0
578	1016	4	0
592	1016	4	0
593	1016	4	0
597	1016	4	0
606	1016	3	0
619	1016	4	0
621	1016	4	0
622	1016	3	0
624	1016	3	0
625	1016	2	0
640	1016	3	0
643	1016	3	0
647	1016	4	0
649	1016	4	0
653	1016	3	0
654	1016	4	0
655	1016	3	0
682	1016	2	0
714	1016	5	0
715	1016	4	0
716	1016	3	0
727	1016	3	0
738	1016	3	0
741	1016	3	0
749	1016	5	0
754	1016	4	0
757	1016	3	0
758	1016	4	0
759	1016	5	0
768	1016	2	0
774	1016	3	0
782	1016	3	0
790	1016	2	0
804	1016	4	0
806	1016	1	0
807	1016	4	0
825	1016	3	0
833	1016	1	0
851	1016	5	0
854	1016	2	0
864	1016	4	0
880	1016	4	0
889	1016	3	0
894	1016	3	0
899	1016	3	0
902	1016	2	0
907	1016	5	0
921	1016	4	0
927	1016	5	0
935	1016	4	0
936	1016	3	0
938	1016	3	0
38	1028	5	0
42	1028	4	0
49	1028	2	0
56	1028	4	0
57	1028	3	0
59	1028	1	0
62	1028	1	0
63	1028	3	0
68	1028	4	0
75	1028	4	0
77	1028	1	0
81	1028	1	0
82	1028	2	0
83	1028	4	0
84	1028	3	0
87	1028	4	0
92	1028	2	0
94	1028	2	0
101	1028	3	0
104	1028	2	0
106	1028	3	0
109	1028	4	0
130	1028	4	0
137	1028	5	0
141	1028	4	0
144	1028	3	0
145	1028	5	0
152	1028	5	0
159	1028	5	0
168	1028	2	0
174	1028	4	0
178	1028	3	0
181	1028	2	0
194	1028	2	0
200	1028	2	0
207	1028	3	0
210	1028	3	0
227	1028	2	0
244	1028	3	0
245	1028	5	0
246	1028	3	0
251	1028	3	0
254	1028	2	0
256	1028	4	0
267	1028	3	0
269	1028	2	0
271	1028	2	0
276	1028	3	0
279	1028	4	0
280	1028	5	0
290	1028	3	0
291	1028	3	0
294	1028	3	0
295	1028	5	0
301	1028	5	0
306	1028	2	0
307	1028	4	0
308	1028	2	0
314	1028	3	0
321	1028	2	0
330	1028	4	0
332	1028	4	0
347	1028	2	0
348	1028	4	0
349	1028	2	0
357	1028	5	0
374	1028	1	0
378	1028	2	0
393	1028	3	0
395	1028	2	0
396	1028	3	0
407	1028	3	0
417	1028	3	0
429	1028	3	0
435	1028	2	0
436	1028	4	0
438	1028	2	0
447	1028	3	0
450	1028	4	0
455	1028	2	0
457	1028	3	0
463	1028	2	0
474	1028	1	0
479	1028	1	0
518	1028	3	0
520	1028	1	0
533	1028	2	0
534	1028	5	0
545	1028	4	0
551	1028	4	0
554	1028	3	0
566	1028	2	0
577	1028	4	0
580	1028	3	0
591	1028	3	0
593	1028	3	0
595	1028	3	0
601	1028	2	0
621	1028	4	0
624	1028	3	0
632	1028	2	0
634	1028	3	0
637	1028	3	0
642	1028	4	0
643	1028	3	0
648	1028	2	0
653	1028	2	0
665	1028	4	0
672	1028	4	0
682	1028	3	0
684	1028	4	0
690	1028	4	0
692	1028	3	0
694	1028	3	0
699	1028	2	0
708	1028	2	0
714	1028	4	0
718	1028	4	0
726	1028	2	0
727	1028	2	0
747	1028	1	0
749	1028	4	0
764	1028	4	0
769	1028	3	0
774	1028	2	0
779	1028	4	0
790	1028	3	0
804	1028	3	0
825	1028	3	0
851	1028	3	0
854	1028	2	0
865	1028	1	0
868	1028	3	0
872	1028	3	0
881	1028	3	0
887	1028	5	0
891	1028	3	0
896	1028	2	0
897	1028	4	0
900	1028	2	0
907	1028	5	0
921	1028	4	0
923	1028	4	0
933	1028	2	0
938	1028	5	0
939	1028	5	0
942	1028	4	0
943	1028	2	0
42	1047	4	0
43	1047	3	0
56	1047	4	0
57	1047	4	0
59	1047	2	0
67	1047	3	0
68	1047	1	0
75	1047	3	0
78	1047	1	0
81	1047	3	0
83	1047	2	0
84	1047	2	0
87	1047	3	0
92	1047	1	0
95	1047	3	0
99	1047	4	0
101	1047	2	0
117	1047	2	0
130	1047	5	0
141	1047	4	0
145	1047	3	0
151	1047	2	0
158	1047	4	0
162	1047	5	0
168	1047	2	0
178	1047	2	0
181	1047	2	0
216	1047	3	0
227	1047	2	0
244	1047	2	0
245	1047	3	0
249	1047	3	0
256	1047	4	0
276	1047	3	0
279	1047	4	0
280	1047	3	0
286	1047	1	0
290	1047	4	0
291	1047	2	0
294	1047	3	0
299	1047	2	0
303	1047	2	0
308	1047	3	0
314	1047	4	0
320	1047	4	0
332	1047	3	0
336	1047	4	0
342	1047	2	0
343	1047	1	0
345	1047	4	0
347	1047	1	0
357	1047	4	0
374	1047	3	0
378	1047	2	0
393	1047	3	0
403	1047	2	0
406	1047	3	0
417	1047	4	0
432	1047	5	0
435	1047	3	0
445	1047	1	0
450	1047	4	0
457	1047	2	0
459	1047	3	0
472	1047	4	0
486	1047	2	0
497	1047	3	0
500	1047	3	0
514	1047	3	0
517	1047	2	0
518	1047	4	0
523	1047	5	0
525	1047	2	0
533	1047	3	0
534	1047	4	0
541	1047	2	0
548	1047	4	0
549	1047	3	0
551	1047	4	0
552	1047	3	0
579	1047	3	0
586	1047	3	0
588	1047	3	0
592	1047	1	0
595	1047	2	0
601	1047	1	0
606	1047	2	0
621	1047	3	0
624	1047	3	0
630	1047	4	0
634	1047	3	0
642	1047	3	0
647	1047	4	0
648	1047	2	0
663	1047	4	0
665	1047	1	0
666	1047	3	0
682	1047	3	0
692	1047	2	0
697	1047	3	0
703	1047	3	0
708	1047	2	0
715	1047	3	0
716	1047	3	0
717	1047	4	0
718	1047	3	0
727	1047	2	0
733	1047	2	0
738	1047	3	0
749	1047	3	0
758	1047	3	0
790	1047	3	0
792	1047	3	0
800	1047	3	0
804	1047	3	0
825	1047	3	0
837	1047	1	0
851	1047	3	0
854	1047	1	0
860	1047	2	0
864	1047	3	0
865	1047	1	0
869	1047	2	0
872	1047	4	0
879	1047	2	0
880	1047	3	0
887	1047	5	0
901	1047	3	0
907	1047	5	0
919	1047	3	0
921	1047	1	0
927	1047	4	0
938	1047	3	0
943	1047	2	0
