1	66	4	0
5	66	1	0
13	66	3	0
16	66	4	0
18	66	3	0
42	66	4	0
43	66	4	0
56	66	3	0
65	66	3	0
83	66	4	0
87	66	5	0
89	66	3	0
92	66	3	0
94	66	2	0
99	66	3	0
102	66	3	0
125	66	5	0
128	66	3	0
130	66	5	0
144	66	4	0
145	66	4	0
151	66	4	0
152	66	5	0
174	66	5	0
178	66	4	0
184	66	4	0
188	66	3	0
194	66	3	0
196	66	3	0
208	66	4	0
216	66	2	0
222	66	4	0
234	66	3	0
235	66	2	0
236	66	2	0
244	66	4	0
246	66	3	0
256	66	4	0
262	66	3	0
269	66	1	0
270	66	4	0
276	66	3	0
279	66	2	0
280	66	5	0
286	66	4	0
290	66	4	0
291	66	4	0
293	66	2	0
301	66	4	0
305	66	3	0
308	66	4	0
311	66	4	0
313	66	1	0
314	66	5	0
318	66	4	0
320	66	4	0
327	66	3	0
330	66	5	0
333	66	5	0
336	66	3	0
340	66	5	0
343	66	3	0
345	66	3	0
354	66	2	0
361	66	4	0
363	66	4	0
371	66	4	0
373	66	4	0
374	66	3	0
378	66	3	0
389	66	3	0
393	66	3	0
398	66	4	0
399	66	3	0
404	66	4	0
405	66	5	0
416	66	5	0
417	66	3	0
429	66	2	0
436	66	5	0
437	66	3	0
450	66	4	0
452	66	4	0
454	66	4	0
457	66	4	0
472	66	5	0
474	66	4	0
476	66	3	0
477	66	5	0
479	66	3	0
481	66	3	0
487	66	5	0
497	66	3	0
503	66	3	0
504	66	4	0
505	66	4	0
506	66	4	0
523	66	4	0
524	66	3	0
532	66	5	0
533	66	4	0
541	66	4	0
543	66	3	0
551	66	2	0
554	66	3	0
562	66	1	0
579	66	4	0
588	66	3	0
591	66	2	0
593	66	5	0
610	66	3	0
618	66	4	0
622	66	3	0
623	66	4	0
639	66	3	0
640	66	4	0
642	66	5	0
643	66	3	0
648	66	5	0
650	66	3	0
654	66	4	0
655	66	2	0
659	66	4	0
666	66	4	0
671	66	5	0
682	66	3	0
684	66	4	0
690	66	3	0
692	66	2	0
698	66	3	0
711	66	4	0
712	66	5	0
719	66	3	0
727	66	3	0
731	66	4	0
741	66	3	0
749	66	3	0
756	66	4	0
758	66	3	0
760	66	2	0
786	66	4	0
790	66	3	0
796	66	5	0
798	66	3	0
823	66	4	0
840	66	3	0
846	66	4	0
847	66	3	0
864	66	3	0
870	66	4	0
878	66	3	0
882	66	4	0
883	66	3	0
886	66	3	0
897	66	3	0
899	66	4	0
901	66	5	0
904	66	4	0
916	66	3	0
921	66	5	0
934	66	4	0
940	66	4	0
1	70	3	0
5	70	4	0
6	70	3	0
7	70	1	0
10	70	4	0
11	70	4	0
13	70	3	0
14	70	1	0
16	70	4	0
18	70	4	0
23	70	2	0
28	70	4	0
38	70	5	0
42	70	3	0
43	70	4	0
49	70	2	0
56	70	4	0
58	70	4	0
59	70	3	0
60	70	4	0
62	70	3	0
64	70	5	0
65	70	1	0
72	70	4	0
76	70	4	0
82	70	4	0
83	70	4	0
84	70	5	0
85	70	4	0
87	70	5	0
90	70	5	0
94	70	4	0
95	70	4	0
98	70	3	0
102	70	3	0
106	70	3	0
109	70	4	0
119	70	3	0
122	70	5	0
125	70	3	0
128	70	3	0
144	70	4	0
148	70	5	0
151	70	4	0
158	70	4	0
161	70	3	0
174	70	5	0
178	70	4	0
184	70	4	0
187	70	4	0
194	70	3	0
196	70	3	0
198	70	3	0
201	70	3	0
207	70	3	0
208	70	3	0
210	70	4	0
213	70	3	0
215	70	3	0
221	70	3	0
222	70	3	0
224	70	2	0
230	70	4	0
233	70	5	0
234	70	3	0
235	70	5	0
244	70	4	0
247	70	5	0
257	70	4	0
262	70	4	0
264	70	4	0
268	70	3	0
269	70	1	0
270	70	5	0
271	70	5	0
276	70	4	0
279	70	1	0
280	70	4	0
283	70	4	0
286	70	5	0
291	70	4	0
293	70	3	0
295	70	5	0
297	70	5	0
299	70	3	0
303	70	4	0
305	70	4	0
307	70	4	0
308	70	4	0
311	70	4	0
312	70	5	0
314	70	1	0
318	70	5	0
327	70	4	0
328	70	4	0
330	70	4	0
332	70	2	0
334	70	3	0
336	70	5	0
344	70	3	0
345	70	5	0
347	70	2	0
354	70	3	0
361	70	4	0
363	70	2	0
373	70	4	0
374	70	4	0
378	70	4	0
393	70	3	0
398	70	4	0
401	70	4	0
405	70	3	0
406	70	3	0
407	70	4	0
412	70	4	0
416	70	5	0
417	70	4	0
425	70	3	0
429	70	4	0
437	70	3	0
440	70	4	0
447	70	3	0
449	70	4	0
450	70	4	0
452	70	5	0
454	70	4	0
455	70	3	0
457	70	4	0
468	70	3	0
474	70	4	0
475	70	4	0
476	70	3	0
479	70	4	0
481	70	5	0
484	70	5	0
487	70	3	0
488	70	3	0
497	70	4	0
500	70	4	0
503	70	4	0
504	70	3	0
506	70	4	0
508	70	4	0
514	70	5	0
523	70	5	0
524	70	4	0
527	70	4	0
530	70	4	0
532	70	4	0
533	70	4	0
535	70	4	0
536	70	2	0
537	70	4	0
542	70	4	0
543	70	4	0
551	70	4	0
554	70	4	0
559	70	3	0
561	70	4	0
563	70	4	0
565	70	5	0
566	70	4	0
576	70	5	0
579	70	3	0
585	70	5	0
591	70	4	0
592	70	4	0
593	70	5	0
605	70	3	0
608	70	4	0
610	70	4	0
615	70	4	0
618	70	3	0
622	70	3	0
623	70	4	0
625	70	3	0
627	70	4	0
630	70	2	0
639	70	3	0
640	70	4	0
642	70	2	0
643	70	3	0
645	70	4	0
647	70	3	0
648	70	2	0
653	70	2	0
654	70	4	0
655	70	2	0
658	70	3	0
659	70	4	0
661	70	4	0
664	70	3	0
666	70	4	0
679	70	4	0
682	70	4	0
684	70	4	0
690	70	2	0
699	70	4	0
707	70	3	0
711	70	5	0
715	70	3	0
716	70	4	0
721	70	3	0
727	70	5	0
741	70	4	0
747	70	4	0
751	70	4	0
763	70	5	0
764	70	4	0
768	70	4	0
773	70	3	0
780	70	2	0
786	70	4	0
788	70	4	0
790	70	3	0
795	70	3	0
804	70	4	0
806	70	2	0
819	70	4	0
821	70	4	0
828	70	3	0
829	70	4	0
838	70	4	0
840	70	3	0
844	70	4	0
846	70	4	0
847	70	3	0
860	70	5	0
861	70	4	0
862	70	4	0
864	70	4	0
870	70	4	0
877	70	5	0
878	70	3	0
880	70	4	0
881	70	2	0
882	70	3	0
883	70	3	0
884	70	4	0
885	70	5	0
889	70	3	0
892	70	4	0
894	70	3	0
896	70	4	0
916	70	4	0
918	70	3	0
919	70	4	0
932	70	4	0
933	70	2	0
934	70	4	0
940	70	3	0
1	71	3	0
6	71	4	0
7	71	5	0
12	71	4	0
13	71	4	0
16	71	5	0
18	71	4	0
23	71	3	0
24	71	5	0
38	71	5	0
42	71	4	0
43	71	4	0
44	71	3	0
48	71	3	0
49	71	3	0
56	71	4	0
59	71	3	0
60	71	3	0
62	71	4	0
64	71	3	0
70	71	3	0
82	71	4	0
83	71	3	0
85	71	4	0
92	71	5	0
94	71	4	0
95	71	5	0
109	71	4	0
128	71	4	0
130	71	5	0
148	71	5	0
152	71	5	0
175	71	4	0
178	71	4	0
184	71	4	0
186	71	5	0
194	71	4	0
198	71	3	0
200	71	4	0
201	71	3	0
219	71	1	0
222	71	4	0
223	71	5	0
230	71	5	0
233	71	5	0
234	71	3	0
236	71	3	0
244	71	4	0
250	71	5	0
254	71	3	0
262	71	4	0
268	71	3	0
274	71	4	0
275	71	3	0
276	71	4	0
279	71	3	0
280	71	4	0
283	71	4	0
290	71	5	0
291	71	4	0
293	71	4	0
295	71	5	0
298	71	5	0
299	71	3	0
301	71	4	0
303	71	3	0
305	71	3	0
307	71	5	0
308	71	4	0
311	71	4	0
312	71	4	0
313	71	4	0
314	71	5	0
316	71	1	0
320	71	3	0
325	71	3	0
328	71	4	0
330	71	5	0
334	71	3	0
340	71	5	0
344	71	3	0
345	71	3	0
363	71	3	0
373	71	5	0
374	71	5	0
378	71	4	0
380	71	4	0
387	71	2	0
389	71	4	0
391	71	3	0
393	71	3	0
398	71	5	0
399	71	3	0
401	71	2	0
405	71	1	0
406	71	3	0
407	71	3	0
416	71	4	0
429	71	3	0
435	71	3	0
437	71	3	0
450	71	3	0
452	71	3	0
454	71	3	0
455	71	3	0
456	71	3	0
468	71	5	0
471	71	3	0
472	71	2	0
474	71	5	0
478	71	3	0
479	71	1	0
484	71	2	0
487	71	3	0
488	71	3	0
493	71	5	0
495	71	5	0
497	71	4	0
504	71	5	0
505	71	4	0
506	71	5	0
524	71	3	0
533	71	4	0
535	71	4	0
536	71	5	0
541	71	5	0
542	71	3	0
543	71	4	0
545	71	5	0
551	71	4	0
554	71	4	0
561	71	2	0
566	71	2	0
577	71	5	0
588	71	4	0
592	71	4	0
593	71	4	0
601	71	1	0
606	71	5	0
610	71	4	0
618	71	4	0
620	71	5	0
621	71	3	0
630	71	3	0
632	71	4	0
633	71	3	0
642	71	5	0
647	71	4	0
648	71	3	0
650	71	3	0
654	71	3	0
660	71	2	0
661	71	4	0
664	71	4	0
665	71	4	0
682	71	5	0
694	71	4	0
705	71	5	0
711	71	3	0
712	71	5	0
715	71	3	0
719	71	3	0
727	71	3	0
738	71	3	0
747	71	5	0
748	71	3	0
749	71	4	0
753	71	5	0
756	71	3	0
757	71	4	0
760	71	4	0
764	71	5	0
766	71	3	0
771	71	5	0
779	71	4	0
786	71	5	0
788	71	3	0
796	71	4	0
798	71	3	0
804	71	4	0
805	71	3	0
807	71	5	0
815	71	5	0
821	71	5	0
822	71	4	0
823	71	3	0
826	71	5	0
830	71	4	0
838	71	3	0
840	71	3	0
843	71	2	0
844	71	3	0
846	71	4	0
847	71	4	0
848	71	5	0
850	71	5	0
851	71	4	0
864	71	3	0
865	71	1	0
875	71	2	0
878	71	4	0
880	71	4	0
881	71	4	0
882	71	5	0
885	71	4	0
886	71	4	0
887	71	5	0
889	71	3	0
892	71	3	0
896	71	5	0
897	71	5	0
899	71	4	0
901	71	4	0
907	71	5	0
916	71	3	0
921	71	4	0
922	71	4	0
924	71	5	0
927	71	5	0
942	71	5	0
1	73	3	0
7	73	3	0
13	73	3	0
23	73	3	0
42	73	4	0
43	73	4	0
56	73	4	0
59	73	4	0
60	73	4	0
65	73	4	0
82	73	4	0
87	73	3	0
92	73	3	0
95	73	4	0
102	73	3	0
125	73	5	0
128	73	3	0
144	73	3	0
151	73	4	0
167	73	2	0
178	73	5	0
193	73	3	0
194	73	3	0
198	73	3	0
207	73	3	0
210	73	5	0
222	73	4	0
234	73	2	0
268	73	3	0
271	73	2	0
276	73	3	0
279	73	4	0
280	73	3	0
286	73	5	0
293	73	2	0
295	73	4	0
297	73	2	0
299	73	2	0
301	73	4	0
303	73	3	0
308	73	3	0
311	73	4	0
313	73	5	0
314	73	4	0
328	73	4	0
330	73	5	0
332	73	4	0
334	73	3	0
339	73	3	0
344	73	3	0
347	73	2	0
363	73	2	0
371	73	5	0
378	73	3	0
393	73	4	0
394	73	3	0
398	73	3	0
399	73	3	0
405	73	5	0
406	73	2	0
407	73	4	0
411	73	4	0
416	73	3	0
417	73	3	0
429	73	3	0
435	73	3	0
436	73	4	0
450	73	3	0
452	73	3	0
453	73	4	0
454	73	3	0
472	73	4	0
474	73	3	0
476	73	4	0
484	73	4	0
487	73	3	0
497	73	3	0
505	73	4	0
506	73	4	0
508	73	3	0
514	73	4	0
521	73	3	0
536	73	4	0
541	73	4	0
542	73	3	0
545	73	4	0
551	73	2	0
559	73	4	0
562	73	4	0
588	73	3	0
593	73	2	0
618	73	3	0
621	73	5	0
632	73	3	0
642	73	4	0
645	73	3	0
647	73	5	0
650	73	3	0
659	73	4	0
664	73	2	0
679	73	4	0
682	73	5	0
684	73	4	0
690	73	2	0
700	73	3	0
712	73	5	0
715	73	4	0
716	73	4	0
727	73	4	0
747	73	4	0
749	73	4	0
763	73	3	0
788	73	3	0
790	73	4	0
798	73	4	0
807	73	3	0
846	73	4	0
864	73	5	0
868	73	1	0
889	73	3	0
892	73	3	0
896	73	3	0
897	73	3	0
899	73	4	0
901	73	5	0
916	73	3	0
933	73	4	0
943	73	3	0
1	88	4	0
11	88	3	0
12	88	5	0
13	88	4	0
18	88	3	0
23	88	3	0
38	88	5	0
42	88	5	0
43	88	5	0
44	88	2	0
56	88	1	0
60	88	4	0
65	88	4	0
70	88	4	0
83	88	5	0
87	88	5	0
89	88	4	0
92	88	3	0
94	88	3	0
95	88	4	0
98	88	3	0
102	88	3	0
106	88	3	0
109	88	4	0
110	88	4	0
125	88	5	0
128	88	4	0
130	88	2	0
145	88	5	0
151	88	5	0
152	88	5	0
174	88	5	0
175	88	4	0
183	88	3	0
184	88	3	0
188	88	4	0
194	88	3	0
200	88	4	0
207	88	2	0
208	88	5	0
210	88	4	0
215	88	3	0
222	88	4	0
234	88	3	0
236	88	2	0
244	88	4	0
249	88	4	0
256	88	5	0
264	88	3	0
267	88	4	0
268	88	2	0
269	88	1	0
270	88	5	0
271	88	4	0
274	88	4	0
276	88	3	0
279	88	1	0
280	88	3	0
286	88	4	0
290	88	4	0
293	88	3	0
295	88	4	0
298	88	5	0
299	88	3	0
301	88	4	0
303	88	4	0
305	88	2	0
308	88	4	0
311	88	4	0
313	88	2	0
314	88	5	0
318	88	4	0
326	88	2	0
327	88	2	0
330	88	5	0
333	88	5	0
336	88	2	0
339	88	4	0
340	88	5	0
342	88	1	0
343	88	4	0
344	88	3	0
345	88	4	0
346	88	4	0
354	88	2	0
361	88	4	0
363	88	2	0
373	88	4	0
374	88	3	0
378	88	4	0
379	88	4	0
389	88	3	0
393	88	3	0
394	88	3	0
398	88	4	0
401	88	4	0
405	88	3	0
406	88	2	0
407	88	3	0
411	88	3	0
416	88	3	0
429	88	3	0
437	88	3	0
450	88	5	0
452	88	2	0
454	88	4	0
457	88	4	0
472	88	2	0
474	88	4	0
476	88	4	0
477	88	5	0
479	88	4	0
481	88	4	0
484	88	4	0
487	88	4	0
495	88	4	0
496	88	1	0
500	88	4	0
503	88	4	0
504	88	3	0
505	88	4	0
506	88	4	0
508	88	3	0
514	88	4	0
530	88	4	0
533	88	4	0
536	88	4	0
537	88	2	0
538	88	2	0
541	88	3	0
542	88	3	0
543	88	4	0
545	88	3	0
551	88	4	0
561	88	2	0
562	88	5	0
566	88	3	0
577	88	3	0
579	88	4	0
588	88	5	0
591	88	3	0
593	88	4	0
606	88	4	0
618	88	4	0
621	88	2	0
622	88	3	0
623	88	4	0
639	88	3	0
642	88	5	0
643	88	2	0
647	88	4	0
648	88	4	0
650	88	3	0
653	88	3	0
655	88	2	0
659	88	2	0
665	88	3	0
671	88	4	0
682	88	4	0
684	88	4	0
690	88	4	0
693	88	3	0
694	88	4	0
707	88	3	0
711	88	5	0
712	88	4	0
715	88	3	0
716	88	4	0
719	88	3	0
727	88	5	0
738	88	3	0
741	88	4	0
747	88	2	0
749	88	4	0
751	88	4	0
756	88	1	0
758	88	4	0
763	88	4	0
771	88	4	0
774	88	1	0
786	88	4	0
796	88	5	0
798	88	4	0
805	88	2	0
806	88	4	0
815	88	4	0
823	88	5	0
830	88	4	0
840	88	4	0
846	88	4	0
847	88	2	0
848	88	4	0
850	88	5	0
864	88	4	0
870	88	2	0
877	88	4	0
878	88	4	0
880	88	3	0
881	88	3	0
883	88	4	0
885	88	4	0
892	88	4	0
896	88	5	0
897	88	4	0
901	88	5	0
904	88	3	0
907	88	5	0
914	88	2	0
916	88	4	0
918	88	2	0
919	88	2	0
933	88	3	0
934	88	4	0
1	95	4	0
5	95	4	0
6	95	2	0
13	95	5	0
16	95	5	0
18	95	4	0
20	95	3	0
23	95	4	0
28	95	3	0
38	95	5	0
42	95	5	0
43	95	4	0
44	95	4	0
49	95	2	0
52	95	4	0
56	95	4	0
59	95	2	0
60	95	4	0
64	95	4	0
70	95	4	0
83	95	4	0
84	95	4	0
85	95	4	0
92	95	3	0
95	95	3	0
102	95	4	0
109	95	4	0
125	95	5	0
130	95	5	0
178	95	5	0
184	95	4	0
186	95	3	0
194	95	3	0
198	95	3	0
200	95	5	0
201	95	3	0
216	95	3	0
222	95	4	0
223	95	5	0
230	95	5	0
233	95	5	0
234	95	3	0
244	95	4	0
246	95	3	0
250	95	5	0
253	95	4	0
262	95	3	0
263	95	5	0
268	95	4	0
271	95	4	0
275	95	3	0
276	95	5	0
279	95	3	0
280	95	5	0
283	95	5	0
286	95	5	0
290	95	4	0
291	95	4	0
295	95	4	0
297	95	3	0
299	95	3	0
301	95	5	0
303	95	5	0
308	95	4	0
313	95	3	0
314	95	5	0
320	95	3	0
325	95	2	0
327	95	3	0
330	95	5	0
332	95	5	0
334	95	3	0
340	95	5	0
342	95	4	0
344	95	4	0
347	95	4	0
363	95	3	0
373	95	5	0
374	95	4	0
378	95	4	0
380	95	4	0
381	95	4	0
387	95	2	0
389	95	3	0
393	95	4	0
397	95	4	0
398	95	5	0
399	95	3	0
402	95	5	0
405	95	3	0
406	95	4	0
407	95	3	0
416	95	3	0
417	95	5	0
429	95	3	0
433	95	3	0
435	95	3	0
436	95	4	0
437	95	4	0
450	95	3	0
454	95	2	0
455	95	4	0
456	95	4	0
466	95	2	0
468	95	4	0
471	95	4	0
472	95	3	0
479	95	4	0
484	95	4	0
487	95	4	0
493	95	5	0
495	95	3	0
497	95	4	0
505	95	4	0
506	95	5	0
514	95	4	0
521	95	3	0
523	95	4	0
524	95	3	0
532	95	5	0
536	95	5	0
537	95	1	0
541	95	4	0
542	95	3	0
543	95	3	0
545	95	4	0
551	95	5	0
554	95	4	0
561	95	2	0
566	95	2	0
577	95	5	0
588	95	4	0
592	95	4	0
606	95	4	0
610	95	2	0
618	95	3	0
620	95	4	0
621	95	4	0
622	95	4	0
625	95	3	0
632	95	5	0
642	95	5	0
648	95	3	0
650	95	3	0
654	95	4	0
660	95	2	0
661	95	5	0
664	95	4	0
679	95	3	0
682	95	5	0
698	95	3	0
699	95	3	0
705	95	4	0
710	95	3	0
711	95	4	0
712	95	4	0
715	95	4	0
716	95	4	0
727	95	4	0
731	95	3	0
734	95	4	0
738	95	4	0
741	95	2	0
747	95	3	0
749	95	3	0
751	95	5	0
756	95	3	0
757	95	4	0
758	95	3	0
764	95	5	0
766	95	3	0
771	95	4	0
776	95	4	0
779	95	5	0
786	95	5	0
795	95	4	0
796	95	4	0
798	95	5	0
804	95	2	0
805	95	3	0
806	95	5	0
807	95	4	0
815	95	3	0
821	95	5	0
822	95	4	0
823	95	4	0
826	95	5	0
830	95	3	0
843	95	2	0
844	95	4	0
846	95	3	0
847	95	4	0
848	95	5	0
850	95	5	0
851	95	4	0
864	95	5	0
865	95	1	0
868	95	2	0
870	95	4	0
880	95	3	0
881	95	4	0
882	95	4	0
885	95	4	0
886	95	5	0
887	95	4	0
889	95	4	0
892	95	4	0
896	95	4	0
897	95	3	0
899	95	5	0
901	95	4	0
902	95	4	0
913	95	4	0
919	95	4	0
922	95	3	0
927	95	5	0
933	95	3	0
940	95	5	0
942	95	5	0
1	143	1	0
5	143	3	0
6	143	2	0
7	143	3	0
12	143	5	0
13	143	1	0
16	143	5	0
18	143	4	0
20	143	3	0
23	143	3	0
25	143	3	0
28	143	4	0
42	143	4	0
43	143	4	0
44	143	4	0
49	143	3	0
56	143	3	0
59	143	1	0
60	143	3	0
64	143	4	0
70	143	5	0
85	143	4	0
90	143	5	0
91	143	4	0
92	143	3	0
94	143	4	0
95	143	4	0
117	143	1	0
123	143	5	0
125	143	5	0
128	143	5	0
130	143	5	0
151	143	5	0
152	143	5	0
154	143	3	0
174	143	5	0
178	143	4	0
184	143	3	0
188	143	5	0
189	143	5	0
194	143	3	0
195	143	5	0
198	143	3	0
200	143	5	0
207	143	4	0
213	143	5	0
216	143	2	0
223	143	4	0
225	143	2	0
230	143	5	0
233	143	4	0
234	143	3	0
236	143	4	0
254	143	4	0
262	143	3	0
263	143	5	0
267	143	4	0
268	143	2	0
269	143	3	0
276	143	5	0
286	143	4	0
290	143	5	0
291	143	3	0
293	143	4	0
295	143	4	0
297	143	5	0
298	143	5	0
299	143	3	0
301	143	4	0
303	143	4	0
305	143	3	0
307	143	3	0
308	143	4	0
311	143	3	0
312	143	4	0
313	143	3	0
314	143	5	0
318	143	5	0
321	143	3	0
325	143	1	0
327	143	4	0
330	143	5	0
334	143	2	0
338	143	2	0
339	143	5	0
340	143	5	0
342	143	5	0
343	143	4	0
345	143	5	0
346	143	3	0
354	143	4	0
363	143	2	0
373	143	3	0
374	143	2	0
378	143	4	0
379	143	4	0
385	143	3	0
389	143	3	0
393	143	5	0
399	143	5	0
401	143	4	0
405	143	5	0
406	143	1	0
407	143	4	0
416	143	5	0
426	143	3	0
429	143	3	0
436	143	2	0
437	143	5	0
450	143	5	0
452	143	3	0
453	143	2	0
454	143	4	0
456	143	3	0
457	143	5	0
458	143	4	0
465	143	4	0
468	143	5	0
472	143	4	0
474	143	4	0
478	143	5	0
479	143	1	0
484	143	4	0
487	143	3	0
494	143	5	0
495	143	1	0
496	143	3	0
499	143	3	0
500	143	3	0
504	143	4	0
524	143	3	0
527	143	2	0
532	143	4	0
533	143	4	0
536	143	5	0
537	143	1	0
538	143	3	0
541	143	4	0
551	143	4	0
561	143	1	0
562	143	5	0
566	143	3	0
573	143	2	0
577	143	3	0
588	143	5	0
593	143	4	0
601	143	3	0
605	143	1	0
610	143	5	0
618	143	4	0
621	143	2	0
622	143	4	0
632	143	5	0
633	143	4	0
642	143	5	0
643	143	4	0
648	143	4	0
650	143	5	0
653	143	3	0
654	143	5	0
655	143	4	0
659	143	5	0
665	143	4	0
666	143	2	0
679	143	2	0
680	143	4	0
682	143	3	0
693	143	4	0
694	143	4	0
698	143	3	0
705	143	3	0
711	143	5	0
712	143	5	0
715	143	3	0
716	143	5	0
731	143	5	0
734	143	5	0
748	143	3	0
749	143	4	0
751	143	5	0
756	143	5	0
757	143	3	0
758	143	5	0
763	143	3	0
764	143	5	0
778	143	1	0
786	143	4	0
790	143	3	0
795	143	3	0
796	143	5	0
798	143	5	0
804	143	3	0
805	143	3	0
806	143	5	0
807	143	4	0
815	143	5	0
823	143	4	0
835	143	5	0
838	143	5	0
840	143	4	0
843	143	2	0
846	143	5	0
849	143	5	0
862	143	5	0
864	143	4	0
881	143	5	0
882	143	4	0
885	143	4	0
887	143	5	0
892	143	2	0
896	143	4	0
897	143	5	0
907	143	5	0
911	143	5	0
912	143	5	0
913	143	5	0
916	143	3	0
918	143	4	0
921	143	5	0
922	143	4	0
927	143	3	0
930	143	2	0
1	202	5	0
6	202	3	0
7	202	3	0
12	202	4	0
13	202	5	0
14	202	3	0
16	202	5	0
18	202	3	0
19	202	4	0
22	202	5	0
23	202	3	0
38	202	2	0
41	202	2	0
42	202	5	0
43	202	5	0
44	202	4	0
48	202	4	0
49	202	3	0
56	202	4	0
59	202	4	0
64	202	4	0
65	202	4	0
70	202	4	0
73	202	2	0
82	202	4	0
87	202	5	0
89	202	3	0
90	202	3	0
92	202	3	0
94	202	2	0
95	202	4	0
97	202	5	0
102	202	4	0
109	202	5	0
110	202	2	0
125	202	5	0
128	202	2	0
130	202	5	0
145	202	4	0
151	202	5	0
154	202	3	0
158	202	5	0
160	202	4	0
161	202	5	0
163	202	3	0
165	202	4	0
174	202	5	0
178	202	5	0
180	202	3	0
183	202	4	0
184	202	3	0
188	202	2	0
194	202	3	0
196	202	3	0
200	202	5	0
201	202	3	0
207	202	3	0
208	202	4	0
210	202	5	0
215	202	4	0
216	202	4	0
222	202	4	0
230	202	4	0
232	202	4	0
233	202	5	0
234	202	3	0
246	202	3	0
249	202	4	0
250	202	4	0
251	202	4	0
253	202	5	0
256	202	3	0
263	202	4	0
264	202	5	0
267	202	5	0
269	202	2	0
271	202	4	0
275	202	3	0
276	202	4	0
279	202	4	0
280	202	3	0
283	202	5	0
286	202	4	0
288	202	5	0
290	202	4	0
291	202	4	0
293	202	3	0
295	202	5	0
297	202	3	0
298	202	3	0
299	202	4	0
301	202	5	0
303	202	5	0
305	202	3	0
308	202	4	0
311	202	4	0
313	202	5	0
314	202	5	0
315	202	3	0
320	202	4	0
326	202	4	0
327	202	4	0
330	202	5	0
336	202	1	0
343	202	4	0
344	202	4	0
345	202	3	0
347	202	4	0
354	202	3	0
361	202	3	0
371	202	5	0
373	202	3	0
374	202	3	0
378	202	3	0
379	202	5	0
387	202	3	0
389	202	5	0
393	202	3	0
394	202	5	0
398	202	3	0
401	202	4	0
405	202	4	0
406	202	3	0
407	202	4	0
409	202	3	0
411	202	4	0
412	202	3	0
416	202	4	0
417	202	4	0
429	202	4	0
435	202	4	0
437	202	5	0
447	202	3	0
450	202	4	0
452	202	3	0
453	202	4	0
454	202	3	0
456	202	3	0
457	202	4	0
465	202	4	0
472	202	5	0
476	202	4	0
478	202	4	0
479	202	4	0
481	202	4	0
484	202	5	0
487	202	5	0
495	202	4	0
497	202	4	0
498	202	3	0
499	202	4	0
500	202	4	0
504	202	3	0
505	202	3	0
506	202	5	0
514	202	4	0
521	202	3	0
523	202	4	0
527	202	3	0
528	202	5	0
533	202	4	0
537	202	3	0
538	202	4	0
539	202	5	0
542	202	3	0
543	202	4	0
545	202	4	0
551	202	4	0
554	202	4	0
559	202	1	0
561	202	3	0
566	202	4	0
577	202	4	0
579	202	5	0
586	202	4	0
588	202	1	0
591	202	3	0
592	202	5	0
606	202	4	0
612	202	2	0
618	202	2	0
622	202	4	0
623	202	1	0
625	202	3	0
629	202	4	0
632	202	4	0
638	202	3	0
639	202	2	0
640	202	5	0
642	202	3	0
643	202	3	0
645	202	3	0
647	202	4	0
648	202	5	0
650	202	3	0
653	202	3	0
655	202	2	0
659	202	4	0
660	202	2	0
664	202	4	0
665	202	3	0
666	202	5	0
682	202	4	0
684	202	4	0
690	202	2	0
694	202	4	0
698	202	3	0
699	202	3	0
700	202	3	0
710	202	3	0
711	202	4	0
712	202	4	0
715	202	5	0
716	202	4	0
727	202	4	0
731	202	5	0
734	202	5	0
738	202	4	0
741	202	3	0
745	202	3	0
746	202	5	0
747	202	4	0
749	202	5	0
751	202	4	0
757	202	4	0
758	202	5	0
760	202	3	0
764	202	4	0
766	202	3	0
771	202	4	0
774	202	5	0
777	202	5	0
780	202	4	0
786	202	4	0
790	202	3	0
795	202	3	0
796	202	4	0
798	202	2	0
804	202	4	0
805	202	2	0
815	202	4	0
823	202	4	0
830	202	5	0
833	202	4	0
840	202	5	0
846	202	5	0
847	202	4	0
848	202	5	0
850	202	4	0
860	202	4	0
862	202	5	0
864	202	5	0
868	202	3	0
870	202	3	0
871	202	4	0
877	202	4	0
878	202	4	0
880	202	4	0
881	202	4	0
882	202	4	0
883	202	4	0
886	202	3	0
887	202	5	0
888	202	4	0
889	202	3	0
892	202	4	0
896	202	2	0
897	202	2	0
899	202	4	0
904	202	2	0
907	202	5	0
913	202	4	0
916	202	3	0
919	202	3	0
921	202	4	0
922	202	5	0
924	202	4	0
933	202	2	0
934	202	5	0
943	202	2	0
1	215	3	0
7	215	4	0
11	215	3	0
12	215	4	0
13	215	5	0
18	215	3	0
23	215	2	0
42	215	5	0
43	215	5	0
48	215	4	0
56	215	5	0
59	215	5	0
60	215	4	0
62	215	3	0
64	215	5	0
65	215	5	0
72	215	4	0
77	215	2	0
80	215	5	0
83	215	4	0
85	215	4	0
90	215	2	0
92	215	4	0
94	215	4	0
95	215	4	0
109	215	3	0
110	215	3	0
122	215	4	0
128	215	3	0
130	215	5	0
144	215	4	0
151	215	3	0
152	215	5	0
161	215	2	0
174	215	5	0
175	215	5	0
178	215	5	0
184	215	4	0
187	215	3	0
194	215	3	0
198	215	4	0
200	215	4	0
201	215	2	0
211	215	5	0
215	215	3	0
216	215	5	0
219	215	5	0
221	215	4	0
222	215	4	0
224	215	4	0
225	215	5	0
232	215	3	0
233	215	5	0
234	215	3	0
243	215	3	0
244	215	4	0
246	215	2	0
263	215	4	0
271	215	4	0
276	215	4	0
280	215	3	0
286	215	3	0
291	215	4	0
293	215	4	0
295	215	5	0
297	215	2	0
298	215	5	0
301	215	5	0
303	215	5	0
305	215	2	0
307	215	4	0
308	215	3	0
311	215	4	0
313	215	4	0
314	215	4	0
318	215	2	0
321	215	3	0
323	215	5	0
327	215	4	0
328	215	3	0
330	215	5	0
331	215	3	0
338	215	3	0
340	215	5	0
343	215	5	0
344	215	3	0
345	215	4	0
346	215	3	0
347	215	4	0
363	215	3	0
373	215	4	0
378	215	4	0
380	215	3	0
385	215	2	0
387	215	2	0
391	215	4	0
393	215	4	0
395	215	5	0
399	215	2	0
405	215	5	0
406	215	3	0
407	215	3	0
416	215	5	0
435	215	2	0
436	215	4	0
437	215	3	0
450	215	5	0
453	215	3	0
454	215	4	0
457	215	4	0
469	215	4	0
472	215	4	0
474	215	5	0
479	215	3	0
487	215	4	0
488	215	5	0
499	215	4	0
500	215	1	0
504	215	4	0
506	215	5	0
508	215	3	0
514	215	4	0
521	215	1	0
524	215	2	0
532	215	5	0
533	215	4	0
535	215	4	0
536	215	4	0
537	215	3	0
538	215	5	0
539	215	4	0
541	215	4	0
545	215	3	0
551	215	4	0
554	215	5	0
561	215	3	0
566	215	3	0
575	215	3	0
577	215	5	0
586	215	4	0
588	215	5	0
592	215	5	0
605	215	3	0
606	215	4	0
608	215	3	0
615	215	4	0
618	215	4	0
622	215	3	0
627	215	1	0
632	215	4	0
639	215	1	0
643	215	3	0
648	215	2	0
650	215	2	0
653	215	2	0
654	215	4	0
655	215	2	0
659	215	4	0
660	215	3	0
661	215	3	0
664	215	4	0
665	215	2	0
679	215	3	0
682	215	4	0
684	215	5	0
693	215	4	0
694	215	3	0
705	215	2	0
709	215	3	0
711	215	3	0
712	215	3	0
716	215	5	0
719	215	4	0
721	215	4	0
731	215	5	0
741	215	4	0
745	215	3	0
747	215	5	0
749	215	4	0
751	215	4	0
753	215	5	0
766	215	3	0
774	215	3	0
781	215	3	0
788	215	3	0
790	215	2	0
796	215	5	0
804	215	5	0
815	215	5	0
823	215	4	0
835	215	4	0
840	215	4	0
843	215	2	0
846	215	5	0
848	215	5	0
862	215	4	0
864	215	4	0
878	215	2	0
881	215	3	0
882	215	5	0
890	215	4	0
892	215	4	0
896	215	5	0
897	215	4	0
911	215	3	0
916	215	3	0
921	215	4	0
922	215	3	0
933	215	3	0
940	215	2	0
942	215	5	0
943	215	5	0
1	239	4	0
5	239	4	0
11	239	4	0
13	239	4	0
25	239	4	0
42	239	5	0
49	239	2	0
56	239	4	0
64	239	3	0
65	239	5	0
87	239	4	0
92	239	4	0
95	239	3	0
102	239	3	0
109	239	4	0
122	239	4	0
125	239	5	0
130	239	4	0
158	239	3	0
174	239	4	0
185	239	3	0
194	239	3	0
200	239	3	0
201	239	1	0
207	239	3	0
215	239	3	0
222	239	5	0
224	239	4	0
230	239	4	0
246	239	3	0
249	239	3	0
267	239	4	0
268	239	3	0
269	239	2	0
271	239	3	0
276	239	4	0
279	239	4	0
280	239	3	0
290	239	2	0
293	239	3	0
299	239	3	0
301	239	2	0
303	239	3	0
305	239	3	0
307	239	3	0
308	239	3	0
311	239	3	0
313	239	3	0
318	239	4	0
326	239	3	0
327	239	3	0
334	239	3	0
336	239	3	0
345	239	4	0
347	239	5	0
363	239	3	0
373	239	3	0
374	239	4	0
378	239	3	0
379	239	4	0
387	239	1	0
389	239	3	0
393	239	4	0
398	239	3	0
399	239	3	0
405	239	3	0
406	239	3	0
407	239	4	0
416	239	5	0
435	239	4	0
436	239	3	0
437	239	4	0
442	239	3	0
450	239	5	0
453	239	3	0
455	239	3	0
457	239	5	0
472	239	5	0
476	239	4	0
484	239	4	0
487	239	5	0
488	239	4	0
493	239	5	0
497	239	4	0
506	239	3	0
508	239	2	0
514	239	5	0
521	239	5	0
524	239	2	0
528	239	5	0
533	239	3	0
537	239	2	0
539	239	3	0
541	239	4	0
543	239	2	0
561	239	3	0
583	239	2	0
586	239	3	0
588	239	5	0
601	239	3	0
606	239	4	0
618	239	3	0
627	239	3	0
630	239	4	0
640	239	5	0
645	239	3	0
650	239	3	0
653	239	5	0
654	239	4	0
655	239	2	0
660	239	2	0
665	239	3	0
682	239	3	0
684	239	4	0
690	239	2	0
694	239	4	0
715	239	4	0
721	239	4	0
727	239	4	0
741	239	2	0
749	239	4	0
751	239	4	0
758	239	3	0
773	239	4	0
778	239	4	0
798	239	4	0
804	239	4	0
807	239	4	0
815	239	5	0
823	239	4	0
835	239	5	0
843	239	3	0
846	239	4	0
847	239	5	0
864	239	4	0
868	239	3	0
870	239	3	0
880	239	4	0
883	239	3	0
885	239	3	0
886	239	3	0
889	239	4	0
892	239	4	0
896	239	4	0
897	239	2	0
899	239	3	0
916	239	3	0
933	239	3	0
934	239	4	0
943	239	5	0
5	367	3	0
6	367	2	0
7	367	5	0
10	367	4	0
11	367	3	0
13	367	3	0
16	367	3	0
18	367	4	0
22	367	1	0
23	367	4	0
24	367	2	0
42	367	2	0
43	367	4	0
49	367	3	0
58	367	5	0
59	367	4	0
64	367	4	0
82	367	4	0
87	367	4	0
90	367	4	0
92	367	3	0
94	367	4	0
99	367	4	0
109	367	3	0
110	367	3	0
125	367	4	0
128	367	4	0
130	367	4	0
152	367	3	0
158	367	4	0
178	367	4	0
180	367	1	0
194	367	3	0
198	367	3	0
207	367	3	0
208	367	2	0
216	367	3	0
222	367	2	0
234	367	4	0
243	367	3	0
244	367	1	0
250	367	4	0
262	367	4	0
264	367	4	0
267	367	4	0
269	367	3	0
276	367	3	0
279	367	3	0
280	367	5	0
286	367	5	0
291	367	4	0
293	367	2	0
297	367	2	0
299	367	4	0
301	367	4	0
303	367	4	0
308	367	4	0
311	367	3	0
314	367	4	0
326	367	3	0
327	367	4	0
332	367	4	0
336	367	3	0
342	367	5	0
343	367	4	0
344	367	5	0
345	367	4	0
361	367	3	0
373	367	3	0
378	367	3	0
385	367	4	0
387	367	3	0
389	367	4	0
393	367	3	0
398	367	3	0
405	367	1	0
406	367	4	0
409	367	3	0
416	367	5	0
417	367	2	0
429	367	3	0
435	367	3	0
436	367	4	0
442	367	2	0
447	367	3	0
450	367	3	0
453	367	2	0
454	367	4	0
456	367	3	0
457	367	4	0
468	367	4	0
472	367	5	0
476	367	3	0
478	367	4	0
481	367	3	0
487	367	3	0
497	367	4	0
500	367	3	0
506	367	3	0
514	367	5	0
524	367	5	0
532	367	5	0
533	367	2	0
539	367	3	0
542	367	4	0
543	367	4	0
553	367	4	0
561	367	3	0
563	367	4	0
588	367	5	0
591	367	3	0
592	367	4	0
618	367	3	0
621	367	3	0
622	367	4	0
632	367	2	0
642	367	5	0
643	367	4	0
645	367	3	0
648	367	3	0
650	367	2	0
653	367	3	0
654	367	4	0
655	367	3	0
659	367	3	0
664	367	3	0
668	367	5	0
682	367	3	0
707	367	4	0
712	367	4	0
715	367	3	0
716	367	4	0
727	367	3	0
738	367	3	0
741	367	2	0
747	367	3	0
751	367	4	0
756	367	4	0
763	367	3	0
766	367	2	0
773	367	2	0
774	367	2	0
778	367	5	0
790	367	4	0
795	367	3	0
796	367	5	0
798	367	3	0
804	367	3	0
805	367	4	0
833	367	3	0
840	367	4	0
846	367	4	0
847	367	3	0
851	367	2	0
864	367	5	0
868	367	2	0
870	367	4	0
880	367	4	0
883	367	5	0
886	367	4	0
892	367	4	0
896	367	4	0
899	367	4	0
916	367	3	0
919	367	4	0
921	367	4	0
922	367	3	0
927	367	5	0
933	367	4	0
943	367	4	0
5	393	2	0
7	393	4	0
11	393	4	0
13	393	3	0
18	393	3	0
22	393	4	0
38	393	5	0
43	393	4	0
56	393	4	0
59	393	2	0
60	393	4	0
65	393	4	0
70	393	4	0
83	393	5	0
85	393	4	0
87	393	4	0
92	393	3	0
94	393	3	0
95	393	5	0
102	393	3	0
109	393	4	0
110	393	3	0
125	393	4	0
128	393	4	0
130	393	5	0
144	393	4	0
145	393	5	0
151	393	2	0
152	393	5	0
174	393	4	0
184	393	4	0
193	393	4	0
194	393	2	0
196	393	4	0
200	393	4	0
207	393	4	0
208	393	4	0
210	393	3	0
213	393	3	0
222	393	4	0
230	393	3	0
234	393	2	0
244	393	3	0
246	393	3	0
254	393	3	0
262	393	2	0
267	393	3	0
269	393	1	0
271	393	4	0
275	393	3	0
276	393	4	0
279	393	1	0
280	393	4	0
283	393	4	0
286	393	4	0
290	393	3	0
291	393	3	0
293	393	3	0
298	393	4	0
299	393	2	0
301	393	3	0
303	393	4	0
307	393	3	0
308	393	4	0
311	393	4	0
313	393	4	0
314	393	4	0
318	393	5	0
326	393	4	0
327	393	3	0
330	393	4	0
336	393	3	0
345	393	3	0
363	393	4	0
371	393	2	0
373	393	4	0
374	393	4	0
378	393	3	0
379	393	4	0
387	393	2	0
389	393	2	0
393	393	3	0
394	393	4	0
398	393	5	0
399	393	4	0
405	393	4	0
406	393	4	0
407	393	2	0
416	393	4	0
417	393	4	0
429	393	3	0
435	393	2	0
437	393	3	0
450	393	4	0
453	393	3	0
455	393	3	0
457	393	3	0
471	393	5	0
472	393	3	0
476	393	4	0
478	393	4	0
481	393	3	0
484	393	1	0
487	393	4	0
495	393	5	0
496	393	1	0
497	393	4	0
500	393	3	0
504	393	3	0
506	393	3	0
514	393	3	0
521	393	3	0
523	393	5	0
524	393	3	0
528	393	2	0
533	393	4	0
541	393	3	0
542	393	3	0
545	393	4	0
551	393	5	0
559	393	2	0
561	393	2	0
562	393	2	0
566	393	2	0
577	393	4	0
579	393	4	0
586	393	3	0
588	393	4	0
591	393	4	0
593	393	4	0
606	393	4	0
620	393	5	0
621	393	3	0
625	393	4	0
642	393	5	0
643	393	4	0
648	393	4	0
650	393	3	0
653	393	2	0
655	393	2	0
659	393	3	0
660	393	2	0
665	393	3	0
682	393	4	0
684	393	4	0
690	393	4	0
694	393	3	0
705	393	4	0
711	393	4	0
712	393	3	0
716	393	3	0
721	393	5	0
727	393	3	0
731	393	5	0
738	393	3	0
741	393	2	0
747	393	2	0
749	393	5	0
758	393	4	0
766	393	3	0
773	393	2	0
774	393	1	0
790	393	2	0
796	393	4	0
798	393	3	0
804	393	3	0
805	393	3	0
807	393	4	0
815	393	4	0
835	393	5	0
843	393	2	0
846	393	3	0
848	393	5	0
860	393	2	0
864	393	3	0
878	393	3	0
880	393	3	0
881	393	4	0
882	393	4	0
885	393	3	0
886	393	3	0
887	393	4	0
892	393	4	0
896	393	3	0
897	393	4	0
901	393	5	0
907	393	5	0
916	393	2	0
927	393	5	0
933	393	2	0
934	393	2	0
943	393	2	0
5	402	1	0
7	402	5	0
9	402	4	0
11	402	4	0
12	402	5	0
13	402	4	0
18	402	3	0
24	402	4	0
38	402	5	0
42	402	5	0
43	402	4	0
56	402	5	0
59	402	4	0
62	402	3	0
65	402	4	0
72	402	4	0
89	402	4	0
90	402	5	0
92	402	3	0
94	402	4	0
95	402	3	0
99	402	4	0
109	402	4	0
110	402	4	0
128	402	1	0
151	402	3	0
152	402	5	0
174	402	5	0
184	402	3	0
193	402	3	0
194	402	3	0
198	402	3	0
200	402	4	0
201	402	2	0
208	402	4	0
210	402	5	0
216	402	2	0
221	402	2	0
222	402	4	0
224	402	5	0
230	402	5	0
246	402	3	0
256	402	4	0
262	402	4	0
268	402	1	0
269	402	2	0
270	402	5	0
271	402	4	0
276	402	3	0
280	402	4	0
286	402	3	0
290	402	4	0
291	402	4	0
293	402	2	0
295	402	5	0
298	402	3	0
299	402	3	0
301	402	2	0
303	402	4	0
307	402	2	0
308	402	4	0
311	402	4	0
313	402	3	0
314	402	4	0
325	402	2	0
328	402	3	0
339	402	3	0
340	402	4	0
345	402	4	0
361	402	3	0
363	402	2	0
373	402	4	0
378	402	4	0
379	402	3	0
389	402	3	0
393	402	3	0
394	402	4	0
399	402	3	0
405	402	3	0
407	402	2	0
416	402	5	0
417	402	4	0
435	402	3	0
437	402	2	0
450	402	4	0
453	402	3	0
454	402	3	0
455	402	4	0
456	402	2	0
457	402	4	0
472	402	5	0
487	402	4	0
495	402	3	0
497	402	4	0
500	402	3	0
503	402	3	0
504	402	4	0
505	402	5	0
506	402	4	0
514	402	4	0
521	402	3	0
524	402	2	0
528	402	4	0
532	402	5	0
533	402	4	0
536	402	4	0
537	402	1	0
541	402	3	0
551	402	4	0
562	402	5	0
577	402	4	0
588	402	5	0
593	402	4	0
610	402	5	0
622	402	3	0
627	402	3	0
632	402	3	0
642	402	4	0
647	402	4	0
650	402	3	0
653	402	1	0
655	402	2	0
659	402	3	0
660	402	3	0
684	402	3	0
690	402	3	0
693	402	3	0
709	402	3	0
711	402	4	0
712	402	4	0
719	402	4	0
721	402	4	0
727	402	3	0
748	402	2	0
749	402	4	0
751	402	3	0
756	402	4	0
761	402	3	0
766	402	3	0
774	402	2	0
788	402	3	0
790	402	2	0
795	402	2	0
796	402	5	0
798	402	3	0
804	402	3	0
805	402	2	0
807	402	5	0
815	402	5	0
830	402	4	0
843	402	2	0
864	402	3	0
868	402	1	0
871	402	3	0
877	402	3	0
878	402	4	0
880	402	3	0
885	402	3	0
889	402	3	0
896	402	4	0
897	402	5	0
901	402	4	0
904	402	4	0
907	402	5	0
914	402	5	0
916	402	3	0
922	402	3	0
924	402	3	0
927	402	4	0
943	402	2	0
5	451	1	0
7	451	5	0
11	451	2	0
13	451	1	0
18	451	3	0
22	451	4	0
23	451	2	0
38	451	5	0
42	451	2	0
56	451	3	0
59	451	5	0
62	451	3	0
64	451	2	0
70	451	4	0
85	451	4	0
87	451	4	0
89	451	3	0
92	451	3	0
94	451	4	0
95	451	3	0
109	451	5	0
110	451	4	0
119	451	5	0
125	451	4	0
128	451	4	0
151	451	5	0
152	451	5	0
159	451	5	0
174	451	5	0
184	451	4	0
194	451	2	0
195	451	5	0
200	451	4	0
210	451	3	0
215	451	3	0
222	451	3	0
230	451	4	0
234	451	3	0
244	451	4	0
246	451	2	0
254	451	2	0
256	451	4	0
262	451	4	0
264	451	4	0
269	451	1	0
271	451	3	0
275	451	3	0
276	451	3	0
279	451	1	0
280	451	5	0
286	451	5	0
293	451	3	0
295	451	4	0
301	451	4	0
303	451	5	0
305	451	3	0
311	451	3	0
318	451	4	0
326	451	2	0
327	451	4	0
328	451	4	0
330	451	5	0
332	451	5	0
336	451	2	0
339	451	3	0
344	451	4	0
345	451	5	0
354	451	3	0
361	451	3	0
363	451	2	0
373	451	5	0
378	451	4	0
379	451	4	0
385	451	1	0
389	451	2	0
393	451	3	0
399	451	3	0
401	451	2	0
405	451	5	0
406	451	2	0
411	451	4	0
416	451	5	0
417	451	4	0
435	451	4	0
437	451	5	0
450	451	4	0
453	451	2	0
454	451	4	0
457	451	4	0
476	451	3	0
477	451	5	0
478	451	5	0
484	451	4	0
495	451	4	0
497	451	2	0
503	451	4	0
504	451	1	0
508	451	3	0
523	451	5	0
524	451	3	0
532	451	4	0
533	451	2	0
542	451	3	0
545	451	3	0
551	451	1	0
561	451	2	0
586	451	4	0
588	451	5	0
591	451	3	0
593	451	3	0
606	451	3	0
621	451	1	0
622	451	4	0
623	451	4	0
632	451	4	0
639	451	4	0
642	451	5	0
643	451	2	0
650	451	2	0
653	451	2	0
655	451	3	0
659	451	5	0
671	451	4	0
682	451	3	0
686	451	4	0
690	451	4	0
694	451	4	0
709	451	1	0
711	451	5	0
712	451	5	0
716	451	4	0
727	451	5	0
741	451	3	0
748	451	1	0
760	451	5	0
766	451	2	0
774	451	1	0
778	451	1	0
786	451	2	0
788	451	4	0
790	451	3	0
796	451	5	0
798	451	2	0
804	451	2	0
805	451	5	0
807	451	5	0
815	451	3	0
830	451	4	0
833	451	1	0
846	451	4	0
848	451	4	0
864	451	4	0
868	451	2	0
877	451	4	0
878	451	2	0
880	451	2	0
881	451	1	0
885	451	2	0
886	451	3	0
889	451	3	0
890	451	2	0
897	451	4	0
901	451	4	0
904	451	4	0
911	451	2	0
914	451	2	0
916	451	3	0
922	451	4	0
933	451	1	0
934	451	4	0
7	588	4	0
10	588	4	0
13	588	4	0
14	588	4	0
18	588	4	0
20	588	4	0
23	588	4	0
28	588	3	0
38	588	5	0
42	588	5	0
43	588	4	0
44	588	4	0
49	588	4	0
52	588	4	0
56	588	4	0
57	588	4	0
59	588	2	0
64	588	4	0
70	588	5	0
73	588	2	0
82	588	5	0
85	588	3	0
94	588	4	0
95	588	3	0
102	588	4	0
109	588	4	0
117	588	3	0
128	588	5	0
130	588	4	0
144	588	4	0
148	588	4	0
159	588	2	0
178	588	4	0
184	588	5	0
186	588	4	0
189	588	4	0
194	588	4	0
200	588	5	0
201	588	4	0
221	588	3	0
222	588	4	0
230	588	5	0
233	588	5	0
234	588	3	0
246	588	4	0
249	588	3	0
250	588	5	0
253	588	5	0
254	588	3	0
262	588	4	0
263	588	3	0
268	588	3	0
275	588	3	0
276	588	4	0
280	588	5	0
283	588	4	0
286	588	5	0
290	588	4	0
291	588	4	0
293	588	3	0
295	588	4	0
297	588	4	0
298	588	4	0
299	588	4	0
301	588	5	0
303	588	5	0
307	588	4	0
308	588	5	0
311	588	4	0
312	588	5	0
313	588	4	0
314	588	5	0
316	588	1	0
320	588	3	0
326	588	3	0
327	588	4	0
330	588	5	0
340	588	5	0
344	588	5	0
345	588	3	0
347	588	3	0
360	588	3	0
363	588	2	0
373	588	3	0
378	588	5	0
381	588	3	0
387	588	3	0
389	588	5	0
393	588	4	0
397	588	4	0
398	588	4	0
399	588	5	0
401	588	2	0
405	588	2	0
406	588	4	0
407	588	4	0
416	588	5	0
417	588	3	0
435	588	4	0
437	588	3	0
450	588	4	0
452	588	3	0
454	588	3	0
456	588	3	0
457	588	5	0
458	588	5	0
465	588	4	0
471	588	1	0
472	588	3	0
479	588	1	0
484	588	5	0
487	588	5	0
497	588	4	0
499	588	4	0
505	588	5	0
527	588	4	0
528	588	2	0
532	588	5	0
536	588	3	0
537	588	1	0
541	588	4	0
542	588	4	0
545	588	4	0
561	588	2	0
577	588	4	0
588	588	4	0
601	588	3	0
606	588	5	0
618	588	4	0
620	588	5	0
621	588	3	0
622	588	4	0
625	588	4	0
632	588	2	0
642	588	5	0
647	588	4	0
650	588	3	0
654	588	4	0
663	588	4	0
664	588	3	0
665	588	4	0
679	588	3	0
683	588	4	0
686	588	4	0
698	588	4	0
705	588	3	0
711	588	4	0
712	588	4	0
715	588	4	0
716	588	4	0
727	588	4	0
731	588	3	0
747	588	5	0
748	588	4	0
751	588	5	0
756	588	4	0
757	588	3	0
763	588	4	0
764	588	5	0
766	588	3	0
771	588	5	0
773	588	1	0
776	588	4	0
786	588	5	0
795	588	5	0
796	588	5	0
798	588	4	0
804	588	4	0
805	588	2	0
806	588	4	0
807	588	5	0
815	588	5	0
822	588	2	0
823	588	3	0
826	588	4	0
830	588	5	0
835	588	3	0
840	588	4	0
843	588	2	0
844	588	4	0
846	588	4	0
848	588	3	0
849	588	5	0
851	588	4	0
864	588	3	0
865	588	2	0
867	588	3	0
868	588	1	0
878	588	2	0
880	588	4	0
881	588	3	0
882	588	4	0
885	588	4	0
887	588	4	0
892	588	5	0
896	588	5	0
897	588	4	0
899	588	3	0
911	588	4	0
913	588	3	0
922	588	4	0
927	588	5	0
7	660	5	0
11	660	3	0
18	660	5	0
42	660	3	0
43	660	4	0
44	660	5	0
59	660	4	0
60	660	4	0
62	660	4	0
65	660	5	0
73	660	4	0
82	660	5	0
83	660	4	0
85	660	4	0
90	660	4	0
92	660	4	0
95	660	5	0
106	660	4	0
122	660	3	0
128	660	2	0
151	660	4	0
152	660	5	0
174	660	5	0
175	660	3	0
180	660	5	0
184	660	3	0
187	660	5	0
194	660	3	0
198	660	4	0
200	660	3	0
201	660	3	0
207	660	4	0
224	660	4	0
233	660	5	0
234	660	4	0
243	660	4	0
244	660	4	0
262	660	4	0
269	660	1	0
271	660	5	0
279	660	4	0
280	660	5	0
293	660	2	0
295	660	5	0
298	660	3	0
301	660	4	0
305	660	4	0
307	660	3	0
308	660	3	0
311	660	4	0
312	660	4	0
318	660	3	0
330	660	5	0
332	660	3	0
339	660	4	0
343	660	3	0
344	660	3	0
345	660	5	0
346	660	2	0
347	660	2	0
354	660	3	0
363	660	4	0
373	660	4	0
378	660	4	0
381	660	2	0
383	660	4	0
399	660	3	0
405	660	2	0
406	660	3	0
407	660	3	0
416	660	5	0
436	660	4	0
437	660	4	0
450	660	4	0
452	660	4	0
454	660	3	0
455	660	4	0
456	660	5	0
457	660	5	0
472	660	5	0
474	660	5	0
495	660	3	0
496	660	3	0
500	660	2	0
504	660	4	0
505	660	3	0
506	660	3	0
516	660	5	0
524	660	5	0
530	660	3	0
532	660	4	0
533	660	5	0
537	660	3	0
539	660	5	0
541	660	5	0
543	660	3	0
551	660	3	0
559	660	1	0
561	660	3	0
566	660	4	0
577	660	3	0
588	660	4	0
593	660	5	0
601	660	3	0
606	660	5	0
608	660	5	0
615	660	4	0
618	660	3	0
627	660	4	0
629	660	5	0
639	660	2	0
642	660	3	0
645	660	3	0
654	660	5	0
655	660	2	0
659	660	3	0
664	660	3	0
665	660	4	0
666	660	4	0
667	660	4	0
682	660	2	0
693	660	3	0
694	660	3	0
707	660	5	0
711	660	5	0
712	660	4	0
716	660	4	0
719	660	5	0
721	660	5	0
741	660	3	0
751	660	4	0
780	660	3	0
790	660	3	0
796	660	5	0
798	660	3	0
805	660	3	0
815	660	4	0
823	660	5	0
835	660	4	0
843	660	2	0
846	660	3	0
864	660	4	0
867	660	4	0
882	660	3	0
885	660	5	0
890	660	2	0
896	660	5	0
897	660	4	0
899	660	4	0
918	660	4	0
919	660	4	0
922	660	3	0
934	660	5	0
10	692	4	0
11	692	4	0
13	692	4	0
16	692	4	0
18	692	3	0
19	692	3	0
22	692	4	0
25	692	4	0
42	692	4	0
43	692	5	0
44	692	3	0
49	692	1	0
51	692	3	0
56	692	4	0
58	692	2	0
59	692	3	0
83	692	4	0
85	692	3	0
87	692	5	0
90	692	4	0
92	692	4	0
94	692	4	0
95	692	4	0
106	692	3	0
110	692	4	0
125	692	3	0
128	692	4	0
130	692	5	0
145	692	2	0
151	692	3	0
152	692	5	0
184	692	4	0
188	692	5	0
194	692	2	0
196	692	5	0
198	692	2	0
200	692	3	0
201	692	3	0
207	692	3	0
210	692	4	0
213	692	4	0
215	692	3	0
222	692	4	0
234	692	3	0
235	692	4	0
236	692	4	0
256	692	5	0
271	692	4	0
276	692	4	0
280	692	3	0
290	692	5	0
297	692	3	0
299	692	4	0
301	692	3	0
303	692	4	0
308	692	3	0
311	692	4	0
312	692	4	0
314	692	5	0
318	692	4	0
320	692	4	0
328	692	4	0
330	692	5	0
336	692	3	0
342	692	1	0
347	692	4	0
352	692	3	0
354	692	2	0
361	692	4	0
374	692	5	0
378	692	4	0
387	692	1	0
393	692	3	0
398	692	4	0
405	692	5	0
406	692	3	0
416	692	5	0
417	692	4	0
429	692	3	0
437	692	4	0
450	692	4	0
454	692	5	0
455	692	3	0
457	692	4	0
468	692	4	0
474	692	4	0
476	692	3	0
479	692	3	0
481	692	4	0
484	692	5	0
487	692	5	0
488	692	4	0
497	692	3	0
499	692	4	0
503	692	3	0
505	692	3	0
506	692	4	0
530	692	4	0
532	692	5	0
533	692	4	0
535	692	4	0
538	692	3	0
543	692	4	0
545	692	3	0
551	692	4	0
554	692	4	0
561	692	1	0
563	692	5	0
579	692	4	0
588	692	4	0
593	692	3	0
606	692	5	0
618	692	4	0
621	692	4	0
623	692	3	0
625	692	3	0
639	692	3	0
648	692	4	0
650	692	3	0
653	692	2	0
655	692	3	0
664	692	3	0
666	692	3	0
682	692	3	0
684	692	4	0
691	692	5	0
692	692	3	0
694	692	4	0
707	692	4	0
711	692	3	0
712	692	5	0
715	692	3	0
716	692	5	0
727	692	4	0
741	692	1	0
748	692	3	0
763	692	2	0
764	692	4	0
774	692	1	0
777	692	5	0
786	692	4	0
788	692	3	0
796	692	5	0
798	692	4	0
804	692	5	0
823	692	4	0
830	692	4	0
846	692	3	0
860	692	5	0
864	692	2	0
870	692	2	0
875	692	2	0
877	692	4	0
878	692	4	0
880	692	3	0
882	692	4	0
883	692	3	0
886	692	3	0
887	692	5	0
892	692	4	0
896	692	4	0
914	692	3	0
921	692	4	0
940	692	4	0
11	732	3	0
13	732	5	0
16	732	5	0
18	732	3	0
22	732	4	0
42	732	5	0
43	732	4	0
49	732	3	0
56	732	4	0
58	732	3	0
59	732	3	0
64	732	4	0
83	732	4	0
85	732	3	0
87	732	4	0
89	732	5	0
90	732	5	0
92	732	3	0
94	732	3	0
102	732	3	0
109	732	3	0
110	732	3	0
125	732	4	0
128	732	4	0
145	732	4	0
151	732	4	0
180	732	3	0
187	732	3	0
188	732	3	0
189	732	2	0
194	732	3	0
210	732	4	0
221	732	4	0
222	732	4	0
234	732	2	0
243	732	4	0
244	732	1	0
253	732	4	0
256	732	5	0
263	732	5	0
267	732	4	0
268	732	3	0
271	732	4	0
276	732	4	0
279	732	3	0
283	732	4	0
286	732	5	0
290	732	4	0
291	732	4	0
293	732	3	0
299	732	4	0
301	732	4	0
308	732	4	0
311	732	4	0
315	732	3	0
318	732	5	0
320	732	3	0
326	732	5	0
327	732	1	0
330	732	5	0
336	732	3	0
342	732	3	0
345	732	4	0
346	732	3	0
354	732	2	0
373	732	3	0
374	732	4	0
378	732	4	0
379	732	5	0
380	732	4	0
385	732	3	0
387	732	1	0
389	732	4	0
393	732	4	0
398	732	4	0
399	732	2	0
405	732	5	0
406	732	4	0
407	732	4	0
411	732	4	0
416	732	5	0
417	732	4	0
429	732	4	0
435	732	4	0
437	732	4	0
450	732	3	0
453	732	3	0
454	732	4	0
457	732	4	0
476	732	3	0
477	732	4	0
479	732	4	0
484	732	5	0
487	732	5	0
488	732	4	0
495	732	4	0
503	732	3	0
506	732	4	0
514	732	5	0
521	732	3	0
523	732	4	0
537	732	3	0
541	732	3	0
542	732	3	0
543	732	3	0
545	732	4	0
551	732	4	0
554	732	4	0
561	732	3	0
577	732	4	0
579	732	4	0
588	732	4	0
591	732	3	0
593	732	3	0
615	732	4	0
625	732	3	0
627	732	3	0
629	732	5	0
630	732	4	0
640	732	4	0
642	732	4	0
643	732	3	0
650	732	3	0
653	732	2	0
655	732	3	0
664	732	3	0
682	732	3	0
684	732	4	0
707	732	4	0
711	732	4	0
712	732	5	0
715	732	3	0
716	732	5	0
721	732	4	0
738	732	3	0
741	732	4	0
747	732	3	0
748	732	4	0
749	732	4	0
757	732	3	0
758	732	4	0
763	732	3	0
764	732	3	0
773	732	3	0
774	732	1	0
786	732	4	0
796	732	5	0
798	732	2	0
804	732	4	0
815	732	5	0
823	732	5	0
830	732	5	0
838	732	4	0
840	732	3	0
846	732	4	0
847	732	4	0
848	732	5	0
860	732	4	0
864	732	4	0
868	732	3	0
870	732	2	0
877	732	4	0
878	732	4	0
880	732	4	0
881	732	5	0
883	732	3	0
886	732	3	0
889	732	2	0
892	732	4	0
896	732	4	0
899	732	3	0
901	732	5	0
904	732	3	0
908	732	3	0
914	732	2	0
916	732	3	0
919	732	3	0
933	732	3	0
934	732	5	0
943	732	4	0
11	739	3	0
13	739	4	0
18	739	3	0
23	739	2	0
59	739	4	0
62	739	2	0
70	739	2	0
83	739	5	0
89	739	2	0
90	739	5	0
92	739	2	0
94	739	2	0
95	739	3	0
106	739	3	0
109	739	4	0
110	739	4	0
128	739	4	0
130	739	5	0
145	739	2	0
152	739	5	0
174	739	5	0
178	739	4	0
180	739	3	0
183	739	4	0
184	739	3	0
193	739	4	0
194	739	3	0
200	739	4	0
208	739	4	0
222	739	4	0
230	739	5	0
234	739	3	0
244	739	3	0
246	739	2	0
256	739	5	0
267	739	4	0
269	739	1	0
270	739	4	0
271	739	4	0
276	739	2	0
279	739	1	0
280	739	3	0
286	739	3	0
290	739	3	0
291	739	3	0
293	739	2	0
295	739	4	0
299	739	3	0
301	739	2	0
303	739	5	0
307	739	2	0
308	739	4	0
311	739	4	0
313	739	3	0
314	739	5	0
318	739	5	0
320	739	4	0
328	739	3	0
330	739	5	0
333	739	5	0
339	739	3	0
343	739	3	0
345	739	4	0
346	739	3	0
361	739	4	0
363	739	3	0
373	739	3	0
378	739	4	0
385	739	1	0
389	739	2	0
393	739	3	0
394	739	4	0
395	739	3	0
404	739	4	0
405	739	2	0
407	739	3	0
416	739	5	0
429	739	3	0
436	739	4	0
437	739	3	0
450	739	4	0
456	739	3	0
457	739	4	0
472	739	5	0
477	739	4	0
478	739	4	0
479	739	1	0
487	739	2	0
495	739	4	0
497	739	4	0
500	739	2	0
503	739	1	0
504	739	3	0
506	739	4	0
513	739	5	0
524	739	2	0
532	739	5	0
533	739	5	0
537	739	1	0
545	739	4	0
551	739	4	0
557	739	3	0
561	739	2	0
577	739	3	0
588	739	4	0
593	739	5	0
622	739	2	0
625	739	3	0
632	739	3	0
639	739	3	0
642	739	5	0
643	739	3	0
650	739	2	0
653	739	3	0
654	739	4	0
655	739	4	0
659	739	4	0
660	739	2	0
690	739	3	0
707	739	2	0
709	739	3	0
711	739	3	0
712	739	4	0
715	739	2	0
721	739	4	0
727	739	4	0
747	739	3	0
749	739	3	0
751	739	3	0
756	739	4	0
760	739	4	0
766	739	2	0
774	739	2	0
788	739	2	0
790	739	4	0
795	739	1	0
796	739	5	0
804	739	4	0
805	739	1	0
807	739	4	0
823	739	4	0
830	739	4	0
843	739	2	0
846	739	4	0
848	739	5	0
868	739	2	0
877	739	4	0
878	739	3	0
881	739	4	0
882	739	4	0
883	739	2	0
885	739	4	0
889	739	3	0
890	739	2	0
892	739	4	0
896	739	2	0
901	739	5	0
904	739	4	0
907	739	5	0
914	739	2	0
916	739	3	0
922	739	3	0
927	739	3	0
943	739	4	0
