1	3	4	0
43	3	2	0
49	3	3	0
59	3	4	0
62	3	3	0
63	3	2	0
81	3	4	0
82	3	2	0
95	3	1	0
99	3	3	0
104	3	3	0
130	3	5	0
145	3	3	0
157	3	3	0
160	3	3	0
181	3	2	0
207	3	2	0
216	3	4	0
221	3	4	0
244	3	5	0
246	3	2	0
267	3	4	0
268	3	1	0
269	3	3	0
276	3	3	0
280	3	2	0
286	3	2	0
291	3	3	0
293	3	2	0
301	3	2	0
303	3	3	0
320	3	4	0
336	3	1	0
342	3	2	0
343	3	4	0
346	3	3	0
393	3	3	0
406	3	3	0
417	3	4	0
429	3	2	0
432	3	3	0
435	3	3	0
450	3	4	0
453	3	4	0
456	3	4	0
459	3	2	0
463	3	2	0
472	3	5	0
486	3	2	0
487	3	5	0
497	3	4	0
500	3	4	0
523	3	4	0
534	3	4	0
537	3	2	0
548	3	1	0
551	3	5	0
561	3	3	0
569	3	1	0
580	3	5	0
582	3	3	0
586	3	5	0
592	3	4	0
595	3	4	0
606	3	5	0
621	3	5	0
622	3	1	0
624	3	3	0
654	3	3	0
660	3	1	0
663	3	4	0
682	3	3	0
699	3	3	0
714	3	5	0
747	3	2	0
751	3	3	0
756	3	1	0
793	3	4	0
795	3	2	0
806	3	2	0
854	3	1	0
859	3	5	0
880	3	1	0
886	3	3	0
889	3	4	0
910	3	2	0
916	3	3	0
917	3	1	0
923	3	4	0
936	3	4	0
1	106	4	0
7	106	4	0
21	106	2	0
44	106	2	0
54	106	3	0
59	106	4	0
63	106	2	0
72	106	4	0
83	106	4	0
92	106	3	0
141	106	5	0
144	106	3	0
145	106	4	0
178	106	2	0
181	106	2	0
186	106	2	0
213	106	4	0
222	106	2	0
227	106	3	0
234	106	4	0
256	106	4	0
269	106	1	0
291	106	4	0
303	106	2	0
314	106	2	0
332	106	4	0
337	106	2	0
344	106	2	0
347	106	2	0
349	106	1	0
374	106	3	0
378	106	2	0
396	106	4	0
403	106	2	0
416	106	3	0
417	106	2	0
449	106	3	0
486	106	1	0
504	106	3	0
518	106	5	0
525	106	2	0
593	106	2	0
622	106	2	0
634	106	3	0
636	106	4	0
660	106	2	0
666	106	2	0
690	106	3	0
699	106	3	0
707	106	3	0
715	106	2	0
717	106	4	0
735	106	3	0
764	106	2	0
793	106	3	0
796	106	2	0
805	106	5	0
821	106	2	0
825	106	4	0
833	106	2	0
839	106	2	0
854	106	3	0
864	106	3	0
872	106	3	0
881	106	4	0
903	106	2	0
916	106	3	0
930	106	4	0
936	106	3	0
938	106	5	0
939	106	3	0
1	123	4	0
11	123	3	0
21	123	4	0
27	123	5	0
43	123	1	0
44	123	4	0
49	123	1	0
50	123	4	0
58	123	4	0
59	123	3	0
67	123	4	0
69	123	4	0
75	123	3	0
92	123	2	0
99	123	3	0
101	123	2	0
130	123	4	0
145	123	4	0
150	123	4	0
158	123	3	0
160	123	4	0
168	123	3	0
178	123	4	0
181	123	2	0
182	123	4	0
200	123	4	0
201	123	2	0
249	123	3	0
250	123	3	0
256	123	2	0
264	123	4	0
268	123	3	0
270	123	5	0
276	123	4	0
286	123	5	0
291	123	4	0
294	123	4	0
301	123	4	0
303	123	4	0
308	123	3	0
320	123	4	0
324	123	4	0
332	123	4	0
342	123	5	0
347	123	3	0
348	123	5	0
357	123	4	0
374	123	2	0
378	123	3	0
387	123	3	0
393	123	4	0
394	123	5	0
399	123	2	0
403	123	3	0
406	123	4	0
407	123	3	0
416	123	4	0
417	123	2	0
429	123	4	0
430	123	2	0
432	123	3	0
435	123	2	0
445	123	1	0
447	123	3	0
450	123	2	0
455	123	3	0
459	123	3	0
472	123	4	0
486	123	3	0
490	123	2	0
497	123	3	0
505	123	3	0
518	123	2	0
525	123	3	0
526	123	3	0
537	123	2	0
552	123	3	0
560	123	2	0
580	123	4	0
586	123	3	0
592	123	4	0
596	123	2	0
601	123	1	0
606	123	3	0
618	123	2	0
620	123	3	0
621	123	4	0
624	123	3	0
627	123	3	0
630	123	4	0
648	123	4	0
660	123	2	0
663	123	3	0
671	123	5	0
697	123	5	0
703	123	4	0
727	123	3	0
735	123	3	0
756	123	2	0
758	123	1	0
761	123	3	0
770	123	3	0
790	123	3	0
795	123	4	0
804	123	4	0
805	123	4	0
839	123	3	0
851	123	4	0
854	123	1	0
864	123	4	0
880	123	4	0
896	123	3	0
907	123	4	0
908	123	3	0
916	123	3	0
1	147	3	0
13	147	3	0
37	147	3	0
44	147	4	0
49	147	1	0
54	147	5	0
59	147	5	0
62	147	3	0
67	147	3	0
69	147	3	0
72	147	5	0
75	147	3	0
81	147	4	0
82	147	3	0
92	147	2	0
99	147	5	0
101	147	4	0
104	147	3	0
109	147	4	0
119	147	4	0
130	147	4	0
138	147	4	0
141	147	4	0
142	147	1	0
144	147	3	0
150	147	4	0
151	147	2	0
152	147	3	0
157	147	5	0
162	147	4	0
174	147	4	0
175	147	3	0
178	147	4	0
181	147	1	0
186	147	4	0
190	147	4	0
193	147	2	0
200	147	5	0
216	147	4	0
217	147	3	0
222	147	4	0
224	147	3	0
226	147	3	0
234	147	3	0
249	147	5	0
251	147	3	0
255	147	4	0
256	147	4	0
259	147	4	0
262	147	3	0
267	147	3	0
268	147	4	0
276	147	4	0
277	147	4	0
279	147	4	0
286	147	5	0
289	147	3	0
291	147	4	0
293	147	2	0
294	147	4	0
297	147	3	0
303	147	4	0
308	147	3	0
313	147	4	0
314	147	4	0
320	147	4	0
327	147	2	0
329	147	3	0
332	147	4	0
343	147	4	0
346	147	4	0
347	147	4	0
348	147	5	0
357	147	5	0
374	147	3	0
387	147	2	0
388	147	4	0
393	147	5	0
399	147	5	0
401	147	2	0
403	147	5	0
407	147	4	0
413	147	2	0
416	147	5	0
417	147	4	0
425	147	3	0
429	147	2	0
434	147	3	0
439	147	4	0
445	147	2	0
447	147	4	0
454	147	3	0
455	147	4	0
457	147	5	0
458	147	2	0
459	147	3	0
463	147	3	0
479	147	3	0
486	147	2	0
495	147	5	0
496	147	3	0
500	147	3	0
501	147	3	0
506	147	3	0
507	147	5	0
518	147	4	0
521	147	4	0
525	147	3	0
526	147	4	0
532	147	4	0
533	147	1	0
534	147	5	0
537	147	2	0
540	147	3	0
543	147	4	0
548	147	5	0
551	147	4	0
552	147	3	0
555	147	4	0
577	147	4	0
580	147	3	0
592	147	4	0
606	147	5	0
609	147	1	0
612	147	4	0
614	147	5	0
620	147	3	0
621	147	3	0
624	147	4	0
629	147	5	0
633	147	4	0
634	147	2	0
637	147	1	0
642	147	4	0
643	147	3	0
647	147	4	0
649	147	4	0
654	147	3	0
663	147	3	0
665	147	4	0
666	147	3	0
671	147	1	0
678	147	4	0
682	147	1	0
684	147	2	0
699	147	2	0
703	147	3	0
708	147	4	0
717	147	4	0
722	147	3	0
727	147	3	0
728	147	4	0
733	147	1	0
735	147	1	0
738	147	3	0
756	147	4	0
758	147	4	0
761	147	4	0
792	147	4	0
796	147	5	0
805	147	5	0
817	147	3	0
819	147	5	0
825	147	5	0
851	147	4	0
854	147	3	0
862	147	5	0
871	147	5	0
880	147	4	0
882	147	4	0
883	147	2	0
886	147	5	0
889	147	3	0
893	147	3	0
894	147	3	0
896	147	2	0
899	147	2	0
903	147	3	0
907	147	5	0
908	147	2	0
916	147	1	0
919	147	4	0
921	147	3	0
940	147	4	0
941	147	4	0
1	148	2	0
15	148	3	0
20	148	5	0
21	148	1	0
26	148	3	0
27	148	3	0
44	148	4	0
49	148	1	0
51	148	3	0
54	148	3	0
59	148	3	0
84	148	4	0
90	148	2	0
92	148	2	0
120	148	3	0
130	148	4	0
158	148	4	0
164	148	5	0
178	148	4	0
181	148	2	0
186	148	4	0
188	148	4	0
190	148	4	0
198	148	3	0
200	148	4	0
201	148	1	0
203	148	3	0
222	148	2	0
224	148	3	0
234	148	3	0
236	148	4	0
244	148	2	0
249	148	3	0
251	148	2	0
269	148	1	0
270	148	4	0
271	148	3	0
274	148	2	0
276	148	3	0
293	148	1	0
294	148	3	0
297	148	3	0
308	148	3	0
313	148	2	0
320	148	4	0
328	148	3	0
330	148	4	0
332	148	5	0
344	148	2	0
345	148	3	0
347	148	3	0
361	148	1	0
363	148	3	0
372	148	5	0
374	148	4	0
378	148	4	0
391	148	3	0
393	148	4	0
396	148	4	0
399	148	4	0
403	148	5	0
406	148	3	0
416	148	5	0
423	148	3	0
430	148	2	0
434	148	3	0
435	148	3	0
438	148	5	0
447	148	4	0
455	148	3	0
457	148	4	0
459	148	5	0
479	148	2	0
486	148	2	0
506	148	3	0
532	148	5	0
533	148	3	0
534	148	4	0
536	148	4	0
552	148	3	0
562	148	5	0
580	148	4	0
586	148	3	0
592	148	2	0
601	148	3	0
602	148	4	0
606	148	3	0
618	148	3	0
620	148	3	0
621	148	4	0
627	148	3	0
633	148	1	0
637	148	3	0
642	148	5	0
663	148	4	0
677	148	4	0
682	148	3	0
690	148	3	0
705	148	5	0
706	148	4	0
708	148	4	0
717	148	3	0
722	148	3	0
727	148	2	0
733	148	3	0
749	148	3	0
757	148	4	0
761	148	5	0
788	148	3	0
793	148	4	0
805	148	2	0
821	148	3	0
825	148	4	0
834	148	4	0
865	148	3	0
870	148	2	0
880	148	2	0
891	148	5	0
893	148	3	0
894	148	3	0
896	148	2	0
916	148	2	0
919	148	3	0
923	148	4	0
930	148	1	0
932	148	2	0
935	148	4	0
938	148	3	0
1	225	2	0
5	225	2	0
13	225	2	0
15	225	3	0
38	225	5	0
43	225	2	0
45	225	4	0
49	225	2	0
56	225	2	0
57	225	3	0
60	225	3	0
62	225	3	0
63	225	2	0
70	225	3	0
75	225	2	0
82	225	3	0
83	225	3	0
84	225	4	0
92	225	3	0
94	225	3	0
101	225	3	0
141	225	3	0
159	225	4	0
161	225	1	0
167	225	3	0
168	225	5	0
181	225	3	0
183	225	1	0
186	225	4	0
189	225	4	0
194	225	3	0
200	225	4	0
222	225	1	0
223	225	3	0
236	225	3	0
243	225	3	0
254	225	3	0
256	225	4	0
276	225	3	0
280	225	4	0
313	225	4	0
330	225	4	0
332	225	3	0
334	225	3	0
348	225	3	0
373	225	4	0
374	225	3	0
378	225	3	0
381	225	3	0
399	225	3	0
401	225	1	0
416	225	1	0
429	225	2	0
434	225	4	0
435	225	3	0
450	225	4	0
457	225	4	0
459	225	3	0
463	225	3	0
471	225	5	0
495	225	4	0
497	225	3	0
504	225	4	0
541	225	4	0
549	225	3	0
552	225	3	0
569	225	3	0
577	225	4	0
588	225	5	0
597	225	4	0
601	225	1	0
606	225	1	0
620	225	3	0
634	225	3	0
637	225	3	0
642	225	4	0
648	225	1	0
653	225	1	0
672	225	2	0
684	225	3	0
697	225	3	0
699	225	3	0
705	225	4	0
708	225	2	0
716	225	3	0
738	225	3	0
756	225	1	0
779	225	4	0
798	225	4	0
805	225	1	0
830	225	3	0
835	225	2	0
837	225	3	0
843	225	2	0
847	225	1	0
854	225	1	0
864	225	3	0
868	225	1	0
878	225	3	0
881	225	2	0
882	225	5	0
885	225	3	0
887	225	4	0
896	225	1	0
907	225	5	0
932	225	2	0
934	225	2	0
937	225	2	0
938	225	4	0
1	249	4	0
15	249	1	0
24	249	4	0
26	249	2	0
32	249	4	0
44	249	4	0
57	249	5	0
58	249	4	0
62	249	2	0
66	249	4	0
83	249	2	0
92	249	3	0
104	249	3	0
116	249	2	0
117	249	4	0
121	249	1	0
130	249	5	0
137	249	4	0
141	249	2	0
145	249	4	0
159	249	4	0
178	249	3	0
198	249	2	0
209	249	2	0
214	249	3	0
216	249	3	0
222	249	1	0
223	249	2	0
227	249	2	0
233	249	5	0
244	249	4	0
248	249	4	0
249	249	4	0
251	249	5	0
255	249	5	0
268	249	4	0
276	249	4	0
279	249	3	0
287	249	5	0
291	249	4	0
292	249	3	0
293	249	3	0
294	249	5	0
297	249	3	0
299	249	3	0
301	249	3	0
303	249	4	0
305	249	3	0
323	249	3	0
327	249	2	0
332	249	3	0
342	249	3	0
347	249	5	0
385	249	2	0
389	249	3	0
392	249	1	0
393	249	3	0
407	249	2	0
416	249	3	0
429	249	4	0
432	249	5	0
435	249	4	0
437	249	5	0
445	249	2	0
459	249	2	0
463	249	2	0
464	249	2	0
467	249	3	0
468	249	3	0
479	249	2	0
480	249	1	0
482	249	2	0
483	249	2	0
487	249	1	0
493	249	4	0
497	249	5	0
500	249	3	0
501	249	3	0
521	249	4	0
540	249	3	0
542	249	4	0
543	249	2	0
550	249	4	0
552	249	3	0
555	249	4	0
560	249	5	0
580	249	5	0
584	249	4	0
586	249	2	0
592	249	4	0
606	249	3	0
621	249	5	0
622	249	5	0
624	249	3	0
640	249	4	0
642	249	5	0
643	249	3	0
648	249	3	0
654	249	5	0
655	249	3	0
660	249	2	0
661	249	3	0
665	249	5	0
679	249	3	0
682	249	3	0
692	249	3	0
715	249	4	0
726	249	1	0
727	249	2	0
758	249	4	0
778	249	3	0
782	249	2	0
789	249	3	0
790	249	3	0
794	249	3	0
796	249	1	0
806	249	4	0
825	249	3	0
833	249	1	0
838	249	4	0
854	249	3	0
859	249	5	0
869	249	4	0
880	249	4	0
889	249	3	0
894	249	3	0
916	249	3	0
922	249	3	0
923	249	4	0
936	249	5	0
1	252	2	0
15	252	2	0
20	252	4	0
26	252	3	0
30	252	3	0
38	252	5	0
43	252	4	0
44	252	2	0
54	252	3	0
57	252	2	0
62	252	3	0
77	252	1	0
83	252	4	0
87	252	3	0
92	252	4	0
101	252	3	0
103	252	2	0
108	252	3	0
109	252	5	0
116	252	2	0
117	252	3	0
119	252	3	0
120	252	3	0
130	252	5	0
141	252	4	0
158	252	3	0
164	252	4	0
168	252	1	0
184	252	2	0
192	252	1	0
213	252	3	0
222	252	2	0
223	252	1	0
231	252	4	0
238	252	3	0
246	252	1	0
249	252	2	0
251	252	3	0
262	252	3	0
268	252	3	0
269	252	1	0
275	252	2	0
276	252	3	0
287	252	1	0
290	252	3	0
292	252	3	0
293	252	2	0
294	252	4	0
298	252	4	0
301	252	3	0
303	252	3	0
320	252	2	0
330	252	4	0
332	252	5	0
343	252	4	0
347	252	2	0
374	252	3	0
378	252	4	0
382	252	2	0
393	252	3	0
394	252	3	0
395	252	3	0
416	252	4	0
417	252	3	0
425	252	2	0
435	252	2	0
438	252	4	0
447	252	3	0
450	252	3	0
454	252	2	0
455	252	3	0
457	252	4	0
459	252	4	0
472	252	4	0
474	252	4	0
479	252	2	0
481	252	4	0
484	252	3	0
486	252	3	0
487	252	1	0
493	252	4	0
496	252	2	0
497	252	3	0
500	252	2	0
507	252	5	0
513	252	5	0
525	252	3	0
532	252	4	0
533	252	4	0
543	252	3	0
548	252	3	0
549	252	3	0
550	252	1	0
552	252	2	0
554	252	4	0
555	252	5	0
557	252	3	0
567	252	1	0
569	252	3	0
580	252	5	0
592	252	3	0
605	252	4	0
619	252	3	0
622	252	1	0
630	252	2	0
633	252	3	0
642	252	5	0
648	252	4	0
649	252	4	0
654	252	2	0
655	252	2	0
659	252	4	0
660	252	2	0
668	252	2	0
669	252	2	0
674	252	2	0
682	252	3	0
684	252	4	0
697	252	1	0
699	252	4	0
705	252	1	0
714	252	3	0
715	252	1	0
727	252	2	0
738	252	4	0
749	252	3	0
757	252	3	0
758	252	3	0
764	252	3	0
768	252	3	0
779	252	3	0
782	252	3	0
793	252	4	0
804	252	4	0
806	252	1	0
807	252	4	0
815	252	2	0
825	252	5	0
840	252	4	0
843	252	3	0
851	252	3	0
852	252	3	0
862	252	3	0
867	252	2	0
880	252	2	0
887	252	4	0
889	252	3	0
894	252	3	0
901	252	3	0
903	252	3	0
910	252	2	0
916	252	2	0
921	252	4	0
922	252	2	0
931	252	3	0
936	252	2	0
938	252	4	0
939	252	3	0
1	255	2	0
2	255	4	0
15	255	5	0
26	255	3	0
30	255	4	0
54	255	3	0
58	255	4	0
63	255	4	0
65	255	3	0
73	255	2	0
78	255	4	0
83	255	5	0
99	255	3	0
101	255	4	0
103	255	5	0
104	255	1	0
108	255	2	0
113	255	5	0
116	255	3	0
119	255	3	0
123	255	1	0
130	255	4	0
141	255	4	0
152	255	5	0
157	255	3	0
159	255	3	0
168	255	1	0
174	255	5	0
178	255	4	0
184	255	3	0
189	255	2	0
192	255	2	0
207	255	3	0
210	255	4	0
222	255	3	0
223	255	4	0
231	255	3	0
236	255	3	0
238	255	3	0
244	255	2	0
249	255	3	0
259	255	4	0
262	255	3	0
269	255	1	0
274	255	2	0
277	255	4	0
293	255	3	0
294	255	3	0
296	255	2	0
299	255	2	0
303	255	4	0
308	255	4	0
314	255	5	0
318	255	4	0
323	255	4	0
324	255	4	0
327	255	3	0
330	255	4	0
332	255	4	0
333	255	3	0
334	255	3	0
342	255	4	0
344	255	4	0
345	255	4	0
354	255	2	0
378	255	4	0
392	255	3	0
393	255	4	0
395	255	3	0
402	255	4	0
407	255	4	0
413	255	3	0
416	255	5	0
417	255	3	0
432	255	5	0
435	255	3	0
438	255	4	0
454	255	4	0
455	255	2	0
458	255	2	0
459	255	4	0
461	255	2	0
464	255	4	0
472	255	5	0
474	255	4	0
477	255	5	0
478	255	4	0
479	255	2	0
484	255	3	0
486	255	3	0
487	255	2	0
490	255	1	0
500	255	3	0
523	255	5	0
525	255	1	0
530	255	4	0
533	255	2	0
541	255	3	0
548	255	4	0
550	255	3	0
560	255	4	0
563	255	5	0
576	255	3	0
590	255	1	0
592	255	4	0
593	255	5	0
595	255	3	0
599	255	5	0
605	255	2	0
606	255	5	0
614	255	5	0
624	255	3	0
625	255	2	0
630	255	5	0
635	255	4	0
637	255	3	0
643	255	4	0
644	255	4	0
647	255	4	0
654	255	2	0
655	255	3	0
659	255	3	0
661	255	3	0
665	255	4	0
666	255	4	0
671	255	5	0
672	255	2	0
674	255	4	0
676	255	5	0
682	255	3	0
698	255	3	0
701	255	3	0
705	255	5	0
708	255	5	0
711	255	4	0
714	255	2	0
718	255	4	0
719	255	2	0
726	255	2	0
736	255	1	0
741	255	3	0
754	255	3	0
760	255	3	0
764	255	4	0
768	255	4	0
770	255	4	0
779	255	4	0
782	255	4	0
819	255	1	0
829	255	3	0
834	255	3	0
838	255	4	0
839	255	3	0
844	255	3	0
851	255	3	0
854	255	1	0
870	255	2	0
879	255	4	0
881	255	3	0
894	255	3	0
899	255	4	0
904	255	5	0
917	255	3	0
919	255	4	0
927	255	4	0
930	255	3	0
931	255	4	0
935	255	4	0
936	255	5	0
937	255	3	0
938	255	1	0
939	255	5	0
2	274	3	0
6	274	4	0
10	274	4	0
11	274	3	0
13	274	3	0
15	274	4	0
20	274	4	0
26	274	3	0
42	274	5	0
43	274	5	0
44	274	4	0
59	274	1	0
81	274	3	0
82	274	3	0
83	274	4	0
84	274	4	0
87	274	4	0
92	274	4	0
94	274	4	0
95	274	4	0
99	274	1	0
106	274	3	0
119	274	4	0
128	274	4	0
131	274	3	0
141	274	5	0
144	274	3	0
145	274	3	0
151	274	5	0
152	274	5	0
157	274	4	0
159	274	3	0
161	274	2	0
168	274	4	0
178	274	4	0
181	274	4	0
183	274	5	0
184	274	4	0
189	274	4	0
193	274	3	0
194	274	2	0
210	274	5	0
213	274	5	0
216	274	3	0
223	274	4	0
227	274	4	0
234	274	3	0
236	274	1	0
256	274	5	0
269	274	1	0
271	274	3	0
274	274	4	0
276	274	3	0
277	274	4	0
279	274	3	0
280	274	5	0
286	274	2	0
290	274	4	0
296	274	4	0
298	274	3	0
299	274	3	0
304	274	4	0
308	274	3	0
310	274	3	0
314	274	3	0
320	274	4	0
327	274	2	0
329	274	3	0
340	274	4	0
342	274	2	0
343	274	3	0
344	274	2	0
345	274	3	0
357	274	4	0
361	274	3	0
374	274	4	0
376	274	3	0
378	274	3	0
389	274	4	0
393	274	4	0
396	274	4	0
398	274	3	0
399	274	3	0
403	274	3	0
406	274	3	0
407	274	3	0
416	274	4	0
429	274	3	0
432	274	3	0
434	274	5	0
445	274	2	0
447	274	1	0
449	274	2	0
450	274	4	0
456	274	3	0
459	274	4	0
463	274	3	0
474	274	3	0
477	274	5	0
479	274	4	0
483	274	4	0
484	274	4	0
487	274	4	0
493	274	5	0
497	274	3	0
500	274	3	0
501	274	3	0
506	274	4	0
514	274	4	0
520	274	3	0
533	274	4	0
534	274	3	0
536	274	4	0
537	274	2	0
540	274	4	0
541	274	4	0
551	274	2	0
552	274	3	0
554	274	3	0
555	274	4	0
569	274	4	0
590	274	3	0
593	274	3	0
595	274	3	0
599	274	5	0
605	274	3	0
623	274	4	0
634	274	3	0
637	274	5	0
639	274	1	0
654	274	4	0
655	274	3	0
661	274	4	0
663	274	3	0
665	274	3	0
680	274	3	0
682	274	4	0
684	274	2	0
690	274	3	0
708	274	4	0
715	274	3	0
716	274	5	0
717	274	4	0
718	274	3	0
719	274	3	0
726	274	4	0
727	274	5	0
733	274	3	0
734	274	4	0
741	274	4	0
747	274	4	0
751	274	4	0
756	274	3	0
762	274	4	0
764	274	3	0
768	274	3	0
771	274	4	0
790	274	3	0
796	274	5	0
798	274	5	0
805	274	2	0
821	274	5	0
823	274	4	0
825	274	4	0
837	274	4	0
838	274	4	0
852	274	3	0
854	274	3	0
860	274	3	0
872	274	3	0
877	274	4	0
878	274	3	0
881	274	3	0
885	274	5	0
887	274	1	0
888	274	4	0
891	274	5	0
892	274	4	0
896	274	2	0
904	274	5	0
907	274	5	0
921	274	4	0
922	274	3	0
927	274	1	0
930	274	4	0
932	274	5	0
935	274	5	0
936	274	3	0
939	274	5	0
943	274	3	0
2	280	3	0
13	280	4	0
15	280	3	0
42	280	4	0
43	280	3	0
52	280	3	0
56	280	4	0
66	280	4	0
81	280	4	0
101	280	3	0
106	280	2	0
128	280	1	0
144	280	1	0
152	280	5	0
168	280	4	0
174	280	5	0
178	280	4	0
181	280	4	0
193	280	4	0
198	280	3	0
200	280	4	0
216	280	2	0
222	280	3	0
224	280	4	0
230	280	4	0
234	280	3	0
243	280	1	0
256	280	5	0
274	280	1	0
286	280	4	0
293	280	2	0
314	280	3	0
344	280	3	0
345	280	3	0
347	280	4	0
357	280	5	0
374	280	3	0
378	280	2	0
393	280	4	0
401	280	2	0
429	280	2	0
438	280	5	0
450	280	4	0
477	280	4	0
486	280	2	0
487	280	5	0
503	280	1	0
518	280	4	0
540	280	3	0
551	280	3	0
552	280	3	0
576	280	5	0
593	280	3	0
599	280	5	0
622	280	3	0
630	280	2	0
637	280	2	0
639	280	3	0
655	280	2	0
661	280	3	0
663	280	3	0
672	280	2	0
682	280	3	0
697	280	3	0
708	280	4	0
717	280	4	0
741	280	3	0
749	280	4	0
763	280	2	0
764	280	4	0
786	280	3	0
796	280	4	0
798	280	2	0
837	280	2	0
872	280	3	0
880	280	2	0
888	280	3	0
891	280	3	0
894	280	3	0
900	280	2	0
904	280	5	0
916	280	2	0
921	280	3	0
923	280	3	0
939	280	5	0
2	281	3	0
7	281	3	0
13	281	3	0
21	281	2	0
27	281	3	0
42	281	3	0
53	281	4	0
56	281	2	0
57	281	4	0
62	281	3	0
66	281	4	0
82	281	3	0
83	281	5	0
85	281	3	0
87	281	4	0
92	281	3	0
94	281	3	0
101	281	2	0
108	281	4	0
109	281	2	0
130	281	4	0
141	281	4	0
144	281	3	0
145	281	4	0
164	281	4	0
168	281	2	0
178	281	3	0
181	281	2	0
186	281	4	0
188	281	3	0
189	281	2	0
190	281	3	0
194	281	2	0
201	281	2	0
207	281	3	0
213	281	4	0
217	281	2	0
222	281	3	0
244	281	3	0
251	281	4	0
255	281	1	0
269	281	1	0
270	281	5	0
276	281	3	0
294	281	3	0
296	281	2	0
298	281	3	0
301	281	4	0
303	281	3	0
327	281	3	0
328	281	4	0
344	281	3	0
354	281	1	0
373	281	3	0
374	281	3	0
378	281	3	0
381	281	2	0
386	281	3	0
393	281	4	0
396	281	3	0
406	281	3	0
416	281	5	0
425	281	2	0
429	281	3	0
437	281	1	0
438	281	4	0
442	281	3	0
445	281	1	0
447	281	3	0
450	281	4	0
455	281	3	0
465	281	2	0
479	281	3	0
486	281	3	0
500	281	3	0
503	281	3	0
504	281	4	0
506	281	3	0
524	281	2	0
525	281	3	0
533	281	4	0
537	281	1	0
540	281	3	0
548	281	4	0
551	281	5	0
552	281	3	0
560	281	3	0
564	281	3	0
569	281	3	0
577	281	3	0
580	281	2	0
586	281	3	0
592	281	4	0
606	281	4	0
614	281	3	0
619	281	4	0
620	281	5	0
627	281	3	0
634	281	4	0
648	281	3	0
650	281	2	0
655	281	2	0
660	281	3	0
663	281	3	0
672	281	3	0
682	281	3	0
690	281	3	0
693	281	3	0
708	281	4	0
711	281	3	0
714	281	3	0
717	281	4	0
719	281	3	0
733	281	2	0
741	281	2	0
746	281	3	0
759	281	4	0
764	281	3	0
778	281	2	0
786	281	4	0
788	281	4	0
796	281	4	0
798	281	4	0
817	281	4	0
821	281	3	0
825	281	3	0
829	281	3	0
835	281	4	0
839	281	3	0
854	281	3	0
880	281	4	0
881	281	3	0
891	281	5	0
894	281	3	0
896	281	2	0
897	281	4	0
903	281	4	0
907	281	5	0
916	281	3	0
923	281	4	0
930	281	4	0
931	281	3	0
935	281	5	0
936	281	4	0
938	281	2	0
943	281	4	0
2	290	3	0
11	290	3	0
13	290	4	0
22	290	5	0
32	290	3	0
42	290	3	0
43	290	4	0
49	290	2	0
59	290	3	0
62	290	3	0
75	290	4	0
79	290	3	0
95	290	3	0
99	290	4	0
104	290	4	0
108	290	4	0
125	290	4	0
130	290	3	0
141	290	1	0
151	290	1	0
157	290	4	0
158	290	4	0
167	290	3	0
181	290	2	0
207	290	2	0
210	290	4	0
234	290	3	0
244	290	3	0
248	290	3	0
249	290	2	0
252	290	3	0
268	290	3	0
276	290	4	0
279	290	4	0
286	290	3	0
291	290	4	0
293	290	2	0
295	290	4	0
303	290	4	0
334	290	3	0
336	290	3	0
344	290	2	0
347	290	3	0
363	290	3	0
373	290	5	0
382	290	4	0
385	290	3	0
393	290	3	0
407	290	3	0
417	290	4	0
429	290	3	0
435	290	3	0
439	290	4	0
447	290	4	0
450	290	4	0
452	290	2	0
483	290	3	0
521	290	3	0
524	290	2	0
534	290	4	0
537	290	2	0
595	290	4	0
601	290	3	0
634	290	3	0
648	290	3	0
650	290	2	0
653	290	3	0
660	290	4	0
669	290	2	0
677	290	1	0
679	290	2	0
682	290	1	0
717	290	3	0
733	290	4	0
741	290	3	0
747	290	3	0
758	290	5	0
804	290	4	0
825	290	4	0
847	290	4	0
851	290	4	0
852	290	4	0
854	290	1	0
864	290	3	0
872	290	2	0
882	290	4	0
885	290	1	0
889	290	2	0
893	290	3	0
894	290	2	0
897	290	4	0
907	290	4	0
916	290	3	0
922	290	4	0
931	290	2	0
938	290	3	0
2	291	3	0
11	291	4	0
15	291	3	0
21	291	3	0
26	291	3	0
43	291	3	0
54	291	1	0
75	291	1	0
84	291	3	0
85	291	3	0
92	291	4	0
109	291	3	0
121	291	3	0
130	291	4	0
141	291	5	0
150	291	4	0
159	291	4	0
164	291	5	0
168	291	4	0
181	291	3	0
186	291	4	0
190	291	3	0
198	291	2	0
200	291	3	0
207	291	3	0
230	291	4	0
234	291	3	0
242	291	3	0
244	291	2	0
256	291	5	0
276	291	3	0
279	291	3	0
283	291	2	0
287	291	5	0
291	291	5	0
293	291	2	0
294	291	2	0
303	291	3	0
308	291	3	0
320	291	4	0
328	291	4	0
332	291	4	0
344	291	3	0
345	291	3	0
346	291	5	0
347	291	5	0
348	291	4	0
349	291	3	0
357	291	4	0
374	291	3	0
391	291	3	0
393	291	4	0
396	291	4	0
399	291	3	0
403	291	4	0
407	291	4	0
416	291	4	0
429	291	4	0
435	291	4	0
445	291	2	0
449	291	2	0
455	291	3	0
459	291	4	0
470	291	2	0
474	291	4	0
487	291	3	0
492	291	4	0
497	291	3	0
504	291	4	0
518	291	3	0
521	291	1	0
524	291	4	0
525	291	2	0
533	291	3	0
534	291	4	0
537	291	2	0
548	291	5	0
551	291	4	0
552	291	2	0
569	291	4	0
592	291	3	0
595	291	3	0
623	291	3	0
637	291	4	0
644	291	4	0
647	291	3	0
648	291	3	0
649	291	5	0
653	291	4	0
654	291	4	0
655	291	3	0
662	291	2	0
666	291	3	0
679	291	4	0
682	291	1	0
693	291	3	0
697	291	5	0
699	291	3	0
714	291	3	0
717	291	4	0
719	291	3	0
722	291	4	0
727	291	4	0
733	291	2	0
749	291	4	0
751	291	3	0
754	291	4	0
758	291	4	0
761	291	3	0
788	291	4	0
792	291	2	0
796	291	4	0
804	291	4	0
825	291	5	0
833	291	3	0
851	291	4	0
854	291	2	0
881	291	3	0
882	291	4	0
889	291	3	0
892	291	4	0
896	291	3	0
899	291	4	0
907	291	5	0
910	291	1	0
923	291	4	0
938	291	4	0
2	298	3	0
6	298	3	0
9	298	5	0
21	298	5	0
26	298	3	0
27	298	4	0
32	298	5	0
43	298	4	0
44	298	2	0
54	298	4	0
56	298	4	0
57	298	3	0
62	298	4	0
66	298	4	0
69	298	4	0
70	298	5	0
78	298	3	0
83	298	4	0
85	298	4	0
102	298	3	0
116	298	3	0
117	298	5	0
119	298	4	0
121	298	2	0
130	298	5	0
136	298	4	0
141	298	5	0
144	298	3	0
145	298	1	0
157	298	4	0
158	298	3	0
159	298	5	0
162	298	4	0
164	298	3	0
176	298	4	0
178	298	2	0
186	298	3	0
195	298	4	0
198	298	1	0
207	298	3	0
214	298	3	0
216	298	5	0
220	298	4	0
221	298	4	0
222	298	4	0
223	298	5	0
236	298	4	0
238	298	5	0
249	298	4	0
251	298	5	0
253	298	3	0
259	298	4	0
265	298	5	0
268	298	3	0
276	298	5	0
286	298	4	0
287	298	4	0
292	298	4	0
293	298	4	0
294	298	5	0
296	298	1	0
297	298	5	0
299	298	4	0
303	298	4	0
304	298	5	0
305	298	4	0
308	298	5	0
323	298	4	0
324	298	5	0
327	298	3	0
332	298	4	0
339	298	2	0
342	298	3	0
344	298	4	0
345	298	5	0
347	298	5	0
359	298	5	0
363	298	5	0
378	298	3	0
387	298	3	0
388	298	5	0
392	298	1	0
393	298	4	0
397	298	4	0
416	298	4	0
417	298	3	0
425	298	4	0
429	298	5	0
430	298	3	0
432	298	3	0
435	298	4	0
445	298	2	0
447	298	4	0
453	298	4	0
455	298	4	0
458	298	5	0
459	298	3	0
460	298	2	0
464	298	4	0
467	298	4	0
474	298	3	0
479	298	3	0
480	298	2	0
482	298	4	0
486	298	3	0
487	298	5	0
490	298	3	0
493	298	3	0
497	298	3	0
500	298	4	0
501	298	4	0
504	298	4	0
507	298	5	0
521	298	3	0
526	298	4	0
528	298	4	0
532	298	4	0
533	298	4	0
548	298	4	0
557	298	5	0
564	298	3	0
567	298	4	0
569	298	3	0
577	298	4	0
578	298	4	0
590	298	2	0
592	298	5	0
595	298	4	0
597	298	5	0
606	298	4	0
619	298	5	0
621	298	4	0
622	298	4	0
623	298	2	0
624	298	4	0
630	298	5	0
644	298	4	0
647	298	3	0
648	298	2	0
649	298	4	0
655	298	4	0
660	298	2	0
661	298	3	0
665	298	3	0
671	298	4	0
678	298	3	0
682	298	4	0
689	298	4	0
693	298	3	0
697	298	4	0
699	298	4	0
705	298	5	0
715	298	4	0
716	298	5	0
717	298	3	0
719	298	2	0
730	298	4	0
733	298	2	0
735	298	4	0
738	298	3	0
743	298	4	0
749	298	4	0
757	298	4	0
758	298	4	0
759	298	4	0
770	298	4	0
782	298	4	0
790	298	5	0
793	298	4	0
796	298	5	0
797	298	3	0
807	298	4	0
825	298	5	0
831	298	5	0
833	298	5	0
834	298	4	0
838	298	3	0
843	298	2	0
849	298	5	0
851	298	5	0
869	298	3	0
880	298	4	0
889	298	4	0
893	298	4	0
894	298	3	0
902	298	2	0
910	298	2	0
916	298	3	0
919	298	3	0
931	298	4	0
936	298	4	0
938	298	4	0
939	298	5	0
941	298	5	0
5	409	2	0
13	409	3	0
15	409	3	0
38	409	5	0
42	409	3	0
43	409	3	0
57	409	4	0
68	409	3	0
75	409	3	0
82	409	1	0
83	409	4	0
87	409	3	0
92	409	3	0
99	409	2	0
102	409	2	0
109	409	2	0
141	409	5	0
168	409	4	0
181	409	2	0
200	409	2	0
222	409	3	0
223	409	3	0
244	409	4	0
246	409	2	0
249	409	4	0
256	409	4	0
265	409	3	0
276	409	3	0
280	409	3	0
283	409	4	0
300	409	4	0
301	409	4	0
313	409	2	0
314	409	4	0
332	409	3	0
348	409	4	0
373	409	2	0
378	409	2	0
393	409	4	0
429	409	2	0
435	409	3	0
459	409	2	0
500	409	4	0
504	409	4	0
577	409	5	0
592	409	1	0
620	409	4	0
630	409	3	0
642	409	5	0
653	409	2	0
684	409	3	0
726	409	3	0
747	409	1	0
756	409	2	0
788	409	3	0
796	409	3	0
825	409	3	0
854	409	2	0
872	409	3	0
880	409	2	0
881	409	4	0
882	409	4	0
887	409	4	0
891	409	4	0
897	409	4	0
901	409	3	0
903	409	4	0
907	409	4	0
927	409	4	0
939	409	4	0
5	410	1	0
6	410	4	0
13	410	1	0
16	410	5	0
26	410	2	0
38	410	3	0
42	410	3	0
56	410	4	0
57	410	3	0
59	410	3	0
75	410	5	0
81	410	4	0
87	410	4	0
92	410	3	0
94	410	4	0
99	410	5	0
109	410	1	0
117	410	3	0
119	410	1	0
130	410	5	0
141	410	4	0
144	410	3	0
145	410	4	0
150	410	4	0
152	410	4	0
157	410	4	0
158	410	3	0
160	410	4	0
178	410	4	0
181	410	1	0
184	410	3	0
193	410	3	0
194	410	3	0
198	410	1	0
200	410	3	0
207	410	3	0
218	410	3	0
222	410	2	0
244	410	4	0
246	410	1	0
252	410	5	0
261	410	5	0
265	410	4	0
267	410	4	0
269	410	4	0
271	410	2	0
276	410	4	0
279	410	5	0
289	410	2	0
291	410	5	0
293	410	2	0
294	410	4	0
301	410	4	0
303	410	4	0
308	410	4	0
314	410	5	0
320	410	4	0
324	410	5	0
327	410	2	0
332	410	4	0
336	410	3	0
339	410	2	0
342	410	3	0
343	410	3	0
347	410	5	0
378	410	3	0
387	410	3	0
389	410	3	0
393	410	4	0
402	410	1	0
403	410	2	0
406	410	4	0
422	410	5	0
429	410	4	0
432	410	4	0
435	410	5	0
442	410	4	0
445	410	1	0
447	410	2	0
449	410	3	0
453	410	4	0
456	410	4	0
457	410	4	0
458	410	1	0
463	410	1	0
474	410	2	0
478	410	3	0
490	410	4	0
493	410	4	0
498	410	3	0
501	410	4	0
506	410	2	0
518	410	3	0
524	410	2	0
528	410	4	0
534	410	5	0
542	410	4	0
543	410	3	0
551	410	5	0
552	410	3	0
555	410	4	0
561	410	1	0
577	410	3	0
582	410	3	0
586	410	3	0
592	410	5	0
595	410	4	0
601	410	4	0
606	410	3	0
614	410	3	0
621	410	4	0
624	410	4	0
633	410	2	0
634	410	4	0
637	410	2	0
638	410	4	0
642	410	1	0
643	410	4	0
648	410	2	0
653	410	1	0
655	410	2	0
663	410	3	0
665	410	3	0
666	410	2	0
674	410	3	0
682	410	3	0
689	410	1	0
692	410	5	0
703	410	4	0
706	410	4	0
714	410	3	0
715	410	4	0
719	410	1	0
727	410	2	0
730	410	1	0
770	410	4	0
774	410	1	0
795	410	2	0
822	410	1	0
823	410	4	0
829	410	3	0
833	410	3	0
839	410	1	0
847	410	1	0
851	410	4	0
859	410	4	0
868	410	3	0
880	410	4	0
886	410	4	0
887	410	4	0
893	410	4	0
897	410	3	0
899	410	1	0
900	410	2	0
903	410	4	0
921	410	2	0
923	410	3	0
927	410	1	0
930	410	3	0
933	410	3	0
936	410	3	0
938	410	1	0
5	411	1	0
13	411	2	0
15	411	2	0
18	411	3	0
22	411	1	0
38	411	3	0
42	411	4	0
43	411	3	0
45	411	3	0
54	411	5	0
57	411	4	0
60	411	3	0
68	411	1	0
70	411	3	0
75	411	5	0
78	411	4	0
81	411	2	0
82	411	3	0
83	411	2	0
84	411	2	0
87	411	4	0
92	411	4	0
94	411	3	0
101	411	2	0
102	411	2	0
104	411	1	0
109	411	4	0
117	411	3	0
121	411	1	0
125	411	3	0
130	411	5	0
137	411	5	0
144	411	4	0
145	411	2	0
151	411	4	0
152	411	4	0
159	411	3	0
164	411	2	0
168	411	1	0
181	411	3	0
184	411	3	0
196	411	4	0
198	411	1	0
200	411	3	0
207	411	3	0
210	411	3	0
222	411	3	0
223	411	1	0
227	411	4	0
236	411	1	0
244	411	4	0
245	411	3	0
246	411	3	0
249	411	3	0
262	411	2	0
267	411	3	0
269	411	1	0
271	411	1	0
274	411	3	0
276	411	4	0
279	411	3	0
280	411	3	0
286	411	2	0
291	411	4	0
293	411	2	0
294	411	3	0
301	411	1	0
303	411	4	0
308	411	4	0
314	411	4	0
320	411	3	0
324	411	5	0
327	411	3	0
332	411	4	0
339	411	2	0
347	411	5	0
348	411	4	0
349	411	4	0
357	411	3	0
374	411	3	0
378	411	3	0
389	411	4	0
393	411	2	0
394	411	4	0
406	411	4	0
416	411	3	0
417	411	2	0
429	411	3	0
432	411	3	0
434	411	5	0
435	411	3	0
436	411	4	0
447	411	2	0
457	411	3	0
459	411	2	0
468	411	3	0
472	411	4	0
474	411	2	0
487	411	3	0
493	411	1	0
500	411	2	0
501	411	4	0
504	411	4	0
525	411	3	0
532	411	3	0
533	411	2	0
542	411	4	0
549	411	3	0
551	411	1	0
552	411	3	0
554	411	3	0
560	411	3	0
566	411	4	0
582	411	1	0
586	411	2	0
592	411	2	0
595	411	3	0
601	411	2	0
614	411	3	0
624	411	4	0
630	411	4	0
634	411	4	0
637	411	1	0
642	411	5	0
648	411	2	0
653	411	2	0
655	411	3	0
663	411	3	0
665	411	4	0
684	411	3	0
692	411	4	0
727	411	3	0
758	411	4	0
764	411	3	0
769	411	3	0
774	411	1	0
779	411	3	0
790	411	3	0
804	411	3	0
805	411	2	0
825	411	3	0
847	411	1	0
851	411	3	0
854	411	2	0
865	411	1	0
869	411	4	0
880	411	4	0
881	411	3	0
882	411	3	0
887	411	4	0
889	411	2	0
893	411	3	0
896	411	2	0
897	411	5	0
921	411	2	0
922	411	1	0
923	411	4	0
927	411	4	0
930	411	1	0
933	411	2	0
934	411	3	0
938	411	3	0
939	411	4	0
6	458	1	0
15	458	5	0
26	458	3	0
59	458	4	0
68	458	1	0
82	458	1	0
85	458	3	0
94	458	4	0
119	458	5	0
121	458	1	0
128	458	4	0
139	458	4	0
150	458	4	0
160	458	5	0
164	458	4	0
168	458	1	0
174	458	4	0
176	458	4	0
178	458	3	0
181	458	3	0
184	458	3	0
201	458	4	0
203	458	3	0
207	458	3	0
213	458	4	0
238	458	4	0
243	458	4	0
244	458	3	0
250	458	5	0
276	458	4	0
303	458	3	0
318	458	4	0
320	458	4	0
324	458	4	0
325	458	3	0
343	458	5	0
349	458	4	0
374	458	5	0
378	458	4	0
385	458	3	0
387	458	1	0
391	458	4	0
395	458	3	0
422	458	3	0
445	458	2	0
452	458	1	0
457	458	3	0
460	458	2	0
470	458	4	0
486	458	3	0
490	458	3	0
518	458	3	0
537	458	3	0
546	458	1	0
548	458	3	0
551	458	2	0
560	458	3	0
561	458	4	0
562	458	2	0
569	458	2	0
582	458	4	0
592	458	3	0
614	458	4	0
618	458	3	0
627	458	3	0
634	458	4	0
648	458	2	0
653	458	2	0
655	458	3	0
658	458	3	0
664	458	3	0
699	458	4	0
703	458	3	0
707	458	3	0
722	458	4	0
733	458	2	0
761	458	1	0
786	458	3	0
793	458	3	0
829	458	3	0
835	458	4	0
839	458	5	0
854	458	3	0
859	458	3	0
870	458	1	0
896	458	1	0
900	458	2	0
905	458	4	0
919	458	2	0
938	458	4	0
6	472	1	0
7	472	2	0
13	472	5	0
15	472	3	0
23	472	2	0
37	472	2	0
45	472	3	0
57	472	1	0
59	472	3	0
62	472	2	0
67	472	4	0
70	472	3	0
75	472	4	0
82	472	3	0
87	472	4	0
94	472	3	0
95	472	5	0
99	472	3	0
101	472	3	0
109	472	2	0
119	472	4	0
121	472	3	0
130	472	4	0
137	472	4	0
141	472	5	0
145	472	3	0
158	472	3	0
164	472	5	0
168	472	3	0
178	472	4	0
181	472	1	0
200	472	4	0
217	472	3	0
222	472	2	0
234	472	2	0
249	472	3	0
251	472	3	0
254	472	3	0
255	472	1	0
256	472	4	0
265	472	3	0
268	472	1	0
271	472	2	0
274	472	3	0
275	472	3	0
276	472	3	0
277	472	1	0
279	472	3	0
280	472	2	0
286	472	3	0
290	472	4	0
292	472	3	0
294	472	3	0
307	472	3	0
308	472	2	0
320	472	3	0
332	472	3	0
344	472	3	0
346	472	4	0
347	472	5	0
348	472	4	0
357	472	3	0
359	472	4	0
363	472	1	0
373	472	3	0
374	472	2	0
393	472	3	0
395	472	3	0
396	472	5	0
403	472	4	0
406	472	3	0
416	472	4	0
417	472	2	0
429	472	3	0
435	472	2	0
450	472	4	0
452	472	5	0
454	472	3	0
457	472	4	0
459	472	5	0
463	472	3	0
472	472	5	0
479	472	1	0
484	472	4	0
495	472	5	0
497	472	3	0
500	472	3	0
513	472	4	0
517	472	2	0
524	472	3	0
525	472	2	0
532	472	5	0
536	472	3	0
537	472	2	0
545	472	5	0
548	472	2	0
549	472	3	0
560	472	2	0
564	472	4	0
577	472	4	0
582	472	4	0
588	472	4	0
592	472	1	0
595	472	3	0
601	472	1	0
606	472	4	0
614	472	3	0
621	472	3	0
622	472	3	0
630	472	3	0
638	472	3	0
642	472	5	0
648	472	3	0
650	472	3	0
653	472	1	0
660	472	2	0
665	472	3	0
671	472	5	0
682	472	3	0
683	472	3	0
693	472	3	0
709	472	4	0
711	472	1	0
714	472	2	0
716	472	3	0
717	472	4	0
727	472	2	0
749	472	4	0
751	472	2	0
757	472	3	0
764	472	3	0
790	472	2	0
795	472	3	0
798	472	3	0
804	472	3	0
805	472	2	0
807	472	4	0
815	472	1	0
825	472	5	0
837	472	3	0
851	472	3	0
852	472	3	0
854	472	1	0
862	472	5	0
864	472	4	0
865	472	1	0
881	472	4	0
886	472	3	0
887	472	4	0
892	472	3	0
894	472	3	0
896	472	2	0
897	472	5	0
907	472	5	0
916	472	3	0
921	472	2	0
923	472	4	0
938	472	4	0
6	473	2	0
13	473	4	0
14	473	5	0
15	473	1	0
21	473	3	0
43	473	3	0
45	473	3	0
49	473	3	0
52	473	4	0
56	473	2	0
57	473	3	0
59	473	3	0
62	473	4	0
63	473	2	0
70	473	3	0
75	473	3	0
82	473	2	0
95	473	4	0
99	473	4	0
119	473	3	0
148	473	5	0
151	473	4	0
161	473	1	0
168	473	2	0
181	473	2	0
184	473	4	0
189	473	5	0
199	473	4	0
200	473	4	0
201	473	3	0
222	473	1	0
234	473	5	0
245	473	2	0
256	473	5	0
262	473	2	0
275	473	3	0
276	473	4	0
277	473	2	0
286	473	3	0
289	473	1	0
290	473	1	0
298	473	3	0
299	473	3	0
303	473	4	0
308	473	3	0
313	473	3	0
330	473	4	0
343	473	3	0
344	473	4	0
345	473	2	0
348	473	3	0
354	473	3	0
357	473	3	0
363	473	4	0
365	473	4	0
378	473	3	0
381	473	5	0
385	473	3	0
387	473	4	0
393	473	3	0
401	473	1	0
416	473	2	0
417	473	2	0
429	473	3	0
435	473	3	0
437	473	5	0
449	473	3	0
457	473	4	0
458	473	4	0
459	473	4	0
463	473	4	0
472	473	4	0
483	473	3	0
486	473	3	0
490	473	2	0
514	473	3	0
540	473	3	0
561	473	3	0
569	473	4	0
582	473	3	0
601	473	3	0
606	473	4	0
624	473	3	0
634	473	2	0
642	473	1	0
648	473	3	0
654	473	2	0
660	473	2	0
663	473	3	0
665	473	4	0
697	473	5	0
699	473	3	0
707	473	4	0
708	473	1	0
716	473	4	0
747	473	3	0
756	473	3	0
769	473	3	0
770	473	5	0
794	473	4	0
795	473	2	0
798	473	2	0
804	473	4	0
805	473	4	0
807	473	3	0
821	473	3	0
823	473	3	0
840	473	5	0
843	473	2	0
847	473	2	0
851	473	4	0
852	473	3	0
864	473	4	0
865	473	3	0
880	473	3	0
881	473	2	0
882	473	3	0
887	473	4	0
889	473	4	0
892	473	3	0
896	473	2	0
897	473	3	0
906	473	4	0
911	473	3	0
917	473	3	0
938	473	3	0
6	476	1	0
13	476	2	0
15	476	4	0
16	476	3	0
18	476	3	0
26	476	3	0
45	476	3	0
49	476	1	0
57	476	3	0
59	476	2	0
64	476	1	0
65	476	3	0
72	476	4	0
75	476	1	0
78	476	3	0
81	476	2	0
82	476	3	0
83	476	3	0
85	476	3	0
87	476	2	0
92	476	2	0
93	476	4	0
102	476	3	0
109	476	3	0
137	476	1	0
141	476	3	0
144	476	2	0
151	476	3	0
157	476	1	0
159	476	5	0
174	476	4	0
178	476	3	0
181	476	4	0
184	476	2	0
192	476	2	0
193	476	2	0
207	476	2	0
221	476	2	0
222	476	3	0
223	476	3	0
231	476	3	0
236	476	3	0
238	476	3	0
249	476	3	0
251	476	2	0
256	476	4	0
262	476	3	0
269	476	1	0
271	476	1	0
274	476	4	0
280	476	5	0
286	476	4	0
287	476	1	0
290	476	3	0
294	476	3	0
303	476	3	0
306	476	3	0
314	476	5	0
318	476	4	0
327	476	2	0
334	476	3	0
342	476	4	0
343	476	2	0
344	476	3	0
345	476	3	0
348	476	4	0
357	476	3	0
365	476	4	0
374	476	2	0
378	476	3	0
393	476	3	0
398	476	3	0
402	476	3	0
403	476	4	0
406	476	4	0
407	476	2	0
416	476	5	0
434	476	4	0
435	476	3	0
437	476	4	0
438	476	5	0
450	476	4	0
453	476	3	0
457	476	2	0
463	476	3	0
486	476	3	0
500	476	2	0
504	476	5	0
518	476	4	0
523	476	3	0
524	476	3	0
530	476	4	0
533	476	2	0
541	476	5	0
551	476	5	0
560	476	2	0
563	476	3	0
572	476	4	0
590	476	3	0
593	476	2	0
599	476	4	0
601	476	1	0
612	476	3	0
614	476	3	0
625	476	2	0
630	476	5	0
634	476	3	0
650	476	2	0
653	476	2	0
654	476	3	0
655	476	2	0
659	476	3	0
665	476	4	0
672	476	5	0
682	476	1	0
692	476	3	0
707	476	3	0
708	476	3	0
711	476	4	0
717	476	4	0
722	476	4	0
747	476	3	0
754	476	4	0
761	476	2	0
768	476	4	0
769	476	4	0
792	476	1	0
798	476	2	0
800	476	3	0
804	476	3	0
805	476	1	0
821	476	4	0
837	476	3	0
847	476	4	0
848	476	3	0
854	476	3	0
859	476	5	0
862	476	4	0
864	476	2	0
869	476	1	0
872	476	4	0
880	476	3	0
881	476	2	0
882	476	3	0
885	476	4	0
887	476	1	0
891	476	5	0
893	476	3	0
896	476	2	0
901	476	5	0
907	476	4	0
916	476	2	0
917	476	5	0
922	476	1	0
931	476	3	0
933	476	2	0
935	476	4	0
936	476	4	0
938	476	4	0
939	476	5	0
6	477	1	0
13	477	4	0
14	477	4	0
24	477	5	0
25	477	4	0
49	477	2	0
57	477	4	0
59	477	3	0
75	477	4	0
82	477	3	0
83	477	2	0
84	477	4	0
87	477	3	0
93	477	5	0
94	477	2	0
130	477	4	0
145	477	2	0
181	477	1	0
186	477	4	0
195	477	2	0
203	477	4	0
222	477	2	0
223	477	3	0
234	477	1	0
243	477	4	0
246	477	4	0
250	477	3	0
265	477	3	0
268	477	3	0
271	477	3	0
286	477	3	0
289	477	2	0
298	477	4	0
303	477	3	0
308	477	4	0
314	477	3	0
344	477	3	0
348	477	3	0
374	477	1	0
387	477	1	0
389	477	4	0
393	477	3	0
401	477	1	0
403	477	4	0
416	477	4	0
422	477	4	0
434	477	5	0
450	477	4	0
459	477	1	0
463	477	2	0
465	477	4	0
471	477	5	0
472	477	5	0
523	477	3	0
532	477	4	0
533	477	4	0
534	477	3	0
541	477	4	0
548	477	1	0
562	477	4	0
582	477	4	0
597	477	5	0
606	477	4	0
610	477	2	0
612	477	2	0
618	477	2	0
624	477	3	0
630	477	4	0
634	477	3	0
642	477	5	0
648	477	3	0
658	477	3	0
684	477	5	0
699	477	3	0
714	477	2	0
749	477	3	0
754	477	5	0
761	477	1	0
770	477	4	0
771	477	5	0
795	477	3	0
796	477	2	0
805	477	4	0
807	477	4	0
870	477	4	0
880	477	3	0
881	477	4	0
883	477	5	0
887	477	1	0
892	477	4	0
897	477	3	0
901	477	3	0
919	477	4	0
927	477	3	0
938	477	1	0
7	544	3	0
11	544	4	0
50	544	4	0
81	544	2	0
94	544	3	0
99	544	4	0
104	544	3	0
119	544	2	0
145	544	4	0
158	544	2	0
160	544	4	0
162	544	4	0
181	544	1	0
190	544	4	0
201	544	2	0
221	544	4	0
224	544	1	0
268	544	3	0
276	544	3	0
279	544	1	0
280	544	4	0
288	544	5	0
293	544	3	0
294	544	4	0
296	544	4	0
303	544	4	0
323	544	4	0
342	544	1	0
347	544	4	0
349	544	4	0
374	544	1	0
391	544	4	0
393	544	3	0
399	544	2	0
416	544	2	0
417	544	3	0
445	544	2	0
447	544	4	0
449	544	3	0
456	544	3	0
463	544	4	0
468	544	3	0
470	544	3	0
486	544	4	0
501	544	4	0
518	544	3	0
526	544	1	0
551	544	4	0
561	544	2	0
592	544	4	0
595	544	3	0
624	544	4	0
634	544	3	0
637	544	3	0
663	544	4	0
666	544	4	0
699	544	4	0
727	544	3	0
733	544	1	0
792	544	4	0
825	544	3	0
833	544	1	0
834	544	4	0
851	544	4	0
854	544	3	0
862	544	5	0
886	544	4	0
889	544	3	0
903	544	2	0
906	544	4	0
923	544	4	0
7	591	3	0
12	591	5	0
15	591	2	0
16	591	4	0
21	591	3	0
26	591	3	0
32	591	3	0
42	591	4	0
43	591	5	0
44	591	4	0
59	591	4	0
63	591	3	0
64	591	4	0
69	591	3	0
72	591	5	0
81	591	5	0
83	591	4	0
84	591	4	0
92	591	4	0
95	591	5	0
99	591	4	0
104	591	4	0
119	591	4	0
128	591	4	0
141	591	4	0
144	591	3	0
145	591	4	0
159	591	4	0
178	591	5	0
181	591	4	0
184	591	3	0
186	591	4	0
188	591	5	0
190	591	4	0
195	591	4	0
201	591	3	0
207	591	3	0
213	591	4	0
218	591	3	0
222	591	4	0
223	591	3	0
224	591	3	0
234	591	3	0
236	591	4	0
249	591	5	0
253	591	3	0
256	591	5	0
265	591	5	0
271	591	4	0
274	591	4	0
276	591	3	0
277	591	4	0
279	591	2	0
287	591	5	0
293	591	3	0
303	591	4	0
308	591	3	0
314	591	5	0
322	591	3	0
328	591	3	0
329	591	2	0
334	591	4	0
336	591	5	0
342	591	3	0
363	591	4	0
365	591	4	0
374	591	4	0
378	591	4	0
388	591	4	0
389	591	3	0
391	591	4	0
393	591	5	0
396	591	3	0
397	591	4	0
398	591	3	0
399	591	3	0
401	591	3	0
402	591	4	0
406	591	3	0
416	591	5	0
423	591	5	0
429	591	3	0
439	591	4	0
442	591	3	0
445	591	2	0
447	591	4	0
450	591	4	0
453	591	3	0
455	591	4	0
458	591	3	0
460	591	2	0
463	591	4	0
474	591	3	0
478	591	3	0
486	591	4	0
487	591	2	0
498	591	4	0
501	591	4	0
505	591	4	0
518	591	3	0
526	591	4	0
532	591	5	0
533	591	4	0
534	591	5	0
535	591	4	0
537	591	3	0
540	591	3	0
543	591	4	0
548	591	3	0
551	591	5	0
552	591	3	0
562	591	4	0
586	591	3	0
590	591	3	0
592	591	4	0
593	591	4	0
595	591	4	0
601	591	3	0
606	591	3	0
610	591	3	0
624	591	3	0
627	591	3	0
632	591	4	0
634	591	4	0
637	591	3	0
640	591	4	0
654	591	5	0
655	591	3	0
662	591	4	0
663	591	3	0
666	591	2	0
671	591	3	0
682	591	3	0
693	591	3	0
697	591	4	0
699	591	2	0
703	591	4	0
715	591	4	0
717	591	4	0
718	591	4	0
731	591	1	0
733	591	3	0
734	591	4	0
742	591	4	0
747	591	2	0
751	591	1	0
756	591	4	0
759	591	3	0
764	591	3	0
768	591	4	0
788	591	3	0
789	591	3	0
792	591	2	0
793	591	4	0
796	591	3	0
825	591	4	0
831	591	4	0
833	591	2	0
835	591	4	0
851	591	5	0
854	591	2	0
864	591	4	0
870	591	2	0
872	591	3	0
880	591	4	0
886	591	3	0
891	591	4	0
894	591	4	0
896	591	3	0
905	591	4	0
907	591	5	0
908	591	4	0
917	591	3	0
919	591	3	0
923	591	5	0
936	591	4	0
938	591	3	0
939	591	5	0
7	595	2	0
21	595	3	0
42	595	1	0
54	595	3	0
59	595	3	0
81	595	4	0
92	595	3	0
99	595	4	0
101	595	2	0
109	595	3	0
113	595	5	0
119	595	3	0
121	595	2	0
145	595	3	0
159	595	5	0
181	595	2	0
186	595	3	0
236	595	3	0
251	595	3	0
256	595	4	0
276	595	2	0
280	595	3	0
303	595	2	0
314	595	3	0
328	595	3	0
332	595	4	0
347	595	2	0
357	595	4	0
372	595	4	0
374	595	3	0
396	595	3	0
436	595	5	0
445	595	2	0
486	595	2	0
504	595	4	0
518	595	3	0
525	595	2	0
533	595	2	0
534	595	4	0
548	595	4	0
551	595	2	0
554	595	3	0
577	595	4	0
599	595	5	0
620	595	5	0
624	595	3	0
630	595	5	0
634	595	4	0
637	595	3	0
697	595	4	0
715	595	3	0
749	595	4	0
754	595	2	0
764	595	4	0
792	595	3	0
805	595	3	0
825	595	3	0
851	595	3	0
880	595	1	0
891	595	3	0
894	595	3	0
903	595	2	0
938	595	2	0
943	595	2	0
7	596	5	0
13	596	3	0
14	596	3	0
21	596	3	0
27	596	2	0
43	596	3	0
45	596	3	0
56	596	4	0
63	596	2	0
68	596	2	0
70	596	3	0
81	596	3	0
82	596	3	0
85	596	3	0
92	596	2	0
95	596	2	0
101	596	3	0
102	596	2	0
115	596	1	0
116	596	5	0
117	596	3	0
130	596	4	0
148	596	5	0
152	596	2	0
168	596	4	0
178	596	3	0
181	596	4	0
182	596	5	0
184	596	4	0
186	596	4	0
189	596	3	0
200	596	4	0
201	596	4	0
211	596	3	0
222	596	3	0
223	596	3	0
226	596	3	0
234	596	2	0
236	596	4	0
244	596	4	0
245	596	4	0
246	596	3	0
250	596	5	0
251	596	3	0
254	596	4	0
261	596	2	0
262	596	4	0
270	596	5	0
274	596	3	0
286	596	3	0
290	596	4	0
297	596	3	0
298	596	3	0
303	596	4	0
312	596	5	0
330	596	5	0
348	596	4	0
349	596	2	0
373	596	3	0
378	596	5	0
381	596	3	0
388	596	4	0
393	596	4	0
395	596	2	0
406	596	3	0
417	596	3	0
429	596	3	0
435	596	4	0
458	596	4	0
459	596	3	0
463	596	3	0
471	596	1	0
481	596	4	0
487	596	5	0
490	596	1	0
525	596	4	0
533	596	2	0
536	596	3	0
540	596	4	0
541	596	4	0
550	596	2	0
551	596	5	0
554	596	3	0
561	596	2	0
606	596	4	0
618	596	4	0
620	596	2	0
634	596	3	0
636	596	5	0
637	596	2	0
642	596	5	0
648	596	3	0
654	596	3	0
668	596	3	0
684	596	3	0
689	596	3	0
697	596	4	0
699	596	3	0
703	596	3	0
708	596	4	0
727	596	4	0
747	596	5	0
751	596	4	0
764	596	3	0
770	596	4	0
771	596	4	0
779	596	4	0
792	596	3	0
807	596	4	0
815	596	5	0
837	596	3	0
838	596	5	0
843	596	3	0
847	596	3	0
864	596	4	0
869	596	3	0
879	596	2	0
881	596	3	0
885	596	4	0
887	596	5	0
892	596	3	0
896	596	2	0
907	596	4	0
913	596	1	0
919	596	3	0
922	596	4	0
938	596	5	0
7	619	3	0
13	619	3	0
21	619	2	0
81	619	3	0
92	619	4	0
99	619	4	0
130	619	4	0
141	619	4	0
164	619	4	0
168	619	3	0
178	619	3	0
181	619	3	0
203	619	3	0
222	619	4	0
223	619	2	0
234	619	2	0
277	619	4	0
280	619	4	0
291	619	3	0
293	619	1	0
294	619	3	0
303	619	3	0
323	619	3	0
332	619	3	0
336	619	3	0
344	619	4	0
349	619	4	0
374	619	3	0
378	619	3	0
387	619	1	0
396	619	3	0
416	619	4	0
438	619	4	0
450	619	3	0
458	619	2	0
459	619	4	0
500	619	3	0
518	619	4	0
532	619	5	0
534	619	4	0
548	619	3	0
552	619	3	0
580	619	3	0
592	619	1	0
593	619	3	0
605	619	4	0
606	619	4	0
624	619	3	0
637	619	2	0
648	619	3	0
653	619	3	0
655	619	3	0
663	619	4	0
682	619	3	0
699	619	2	0
733	619	3	0
754	619	4	0
758	619	4	0
825	619	4	0
851	619	4	0
854	619	2	0
864	619	3	0
880	619	4	0
907	619	2	0
7	628	3	0
14	628	5	0
17	628	1	0
21	628	3	0
26	628	3	0
32	628	4	0
43	628	3	0
49	628	4	0
53	628	5	0
69	628	3	0
72	628	4	0
76	628	2	0
84	628	3	0
87	628	4	0
92	628	4	0
99	628	4	0
104	628	4	0
109	628	2	0
115	628	5	0
117	628	5	0
119	628	4	0
121	628	3	0
145	628	2	0
150	628	4	0
151	628	5	0
159	628	3	0
160	628	3	0
162	628	4	0
177	628	2	0
178	628	4	0
181	628	3	0
188	628	5	0
190	628	4	0
194	628	3	0
203	628	4	0
207	628	3	0
213	628	5	0
216	628	4	0
222	628	5	0
230	628	3	0
234	628	2	0
244	628	4	0
246	628	1	0
249	628	3	0
250	628	4	0
256	628	5	0
262	628	2	0
265	628	4	0
274	628	4	0
276	628	4	0
277	628	4	0
285	628	2	0
286	628	4	0
292	628	3	0
293	628	3	0
296	628	5	0
297	628	4	0
305	628	4	0
308	628	3	0
313	628	4	0
314	628	5	0
318	628	4	0
325	628	3	0
327	628	2	0
328	628	3	0
332	628	4	0
334	628	4	0
336	628	3	0
344	628	4	0
345	628	3	0
348	628	4	0
372	628	4	0
374	628	3	0
388	628	4	0
391	628	4	0
393	628	4	0
399	628	3	0
402	628	3	0
413	628	4	0
416	628	4	0
417	628	3	0
423	628	4	0
429	628	3	0
430	628	3	0
432	628	5	0
434	628	1	0
435	628	5	0
436	628	5	0
442	628	4	0
445	628	1	0
450	628	4	0
453	628	3	0
455	628	4	0
457	628	4	0
474	628	4	0
486	628	3	0
487	628	4	0
498	628	4	0
501	628	4	0
504	628	4	0
516	628	4	0
518	628	5	0
527	628	3	0
534	628	5	0
535	628	4	0
537	628	2	0
540	628	3	0
548	628	2	0
551	628	5	0
552	628	3	0
586	628	3	0
592	628	3	0
606	628	4	0
618	628	2	0
624	628	4	0
627	628	4	0
634	628	4	0
642	628	3	0
650	628	3	0
653	628	4	0
655	628	3	0
657	628	3	0
658	628	3	0
663	628	4	0
671	628	3	0
682	628	4	0
693	628	4	0
697	628	4	0
703	628	4	0
706	628	4	0
708	628	3	0
709	628	3	0
716	628	3	0
717	628	5	0
722	628	4	0
727	628	3	0
735	628	3	0
744	628	2	0
749	628	4	0
758	628	4	0
761	628	4	0
768	628	3	0
789	628	3	0
793	628	3	0
796	628	4	0
806	628	3	0
825	628	4	0
833	628	4	0
834	628	5	0
835	628	3	0
837	628	3	0
840	628	4	0
843	628	2	0
854	628	2	0
864	628	4	0
872	628	4	0
880	628	2	0
886	628	3	0
894	628	3	0
903	628	3	0
904	628	3	0
906	628	5	0
907	628	5	0
910	628	1	0
917	628	5	0
919	628	3	0
923	628	4	0
936	628	1	0
940	628	4	0
8	685	4	0
13	685	5	0
15	685	4	0
26	685	3	0
37	685	3	0
42	685	4	0
54	685	3	0
55	685	1	0
62	685	2	0
72	685	4	0
75	685	4	0
83	685	4	0
84	685	3	0
87	685	3	0
92	685	3	0
94	685	4	0
99	685	3	0
102	685	3	0
119	685	4	0
128	685	3	0
130	685	3	0
137	685	5	0
144	685	3	0
145	685	4	0
152	685	5	0
157	685	3	0
159	685	4	0
162	685	3	0
164	685	5	0
168	685	3	0
178	685	4	0
181	685	2	0
190	685	3	0
200	685	4	0
201	685	3	0
207	685	3	0
213	685	3	0
217	685	5	0
221	685	3	0
222	685	4	0
236	685	2	0
244	685	2	0
251	685	4	0
253	685	2	0
255	685	3	0
256	685	5	0
267	685	3	0
274	685	5	0
276	685	4	0
279	685	3	0
289	685	4	0
290	685	3	0
291	685	5	0
293	685	3	0
296	685	4	0
301	685	3	0
303	685	1	0
314	685	4	0
320	685	4	0
328	685	4	0
332	685	4	0
346	685	3	0
347	685	3	0
348	685	4	0
357	685	3	0
363	685	4	0
374	685	4	0
386	685	4	0
393	685	3	0
403	685	4	0
416	685	3	0
417	685	1	0
429	685	3	0
435	685	2	0
442	685	2	0
450	685	4	0
454	685	3	0
458	685	3	0
459	685	3	0
472	685	3	0
474	685	3	0
486	685	3	0
487	685	3	0
501	685	3	0
513	685	4	0
518	685	5	0
525	685	4	0
532	685	5	0
533	685	4	0
534	685	3	0
551	685	1	0
564	685	3	0
566	685	3	0
569	685	4	0
573	685	3	0
592	685	2	0
593	685	3	0
606	685	3	0
619	685	3	0
622	685	2	0
627	685	3	0
632	685	2	0
634	685	4	0
637	685	3	0
638	685	4	0
643	685	3	0
648	685	5	0
653	685	3	0
655	685	2	0
663	685	4	0
665	685	2	0
671	685	5	0
674	685	3	0
682	685	3	0
693	685	4	0
699	685	3	0
705	685	5	0
708	685	3	0
714	685	4	0
715	685	3	0
717	685	4	0
718	685	4	0
727	685	3	0
730	685	2	0
746	685	3	0
749	685	4	0
757	685	3	0
758	685	5	0
769	685	3	0
788	685	3	0
790	685	4	0
793	685	3	0
796	685	4	0
804	685	4	0
825	685	4	0
835	685	4	0
847	685	2	0
851	685	4	0
852	685	3	0
864	685	4	0
865	685	3	0
868	685	1	0
872	685	4	0
879	685	4	0
880	685	4	0
881	685	2	0
885	685	3	0
886	685	2	0
896	685	3	0
899	685	3	0
907	685	5	0
916	685	2	0
923	685	4	0
931	685	4	0
935	685	4	0
938	685	3	0
943	685	4	0
10	696	4	0
15	696	2	0
21	696	2	0
75	696	4	0
94	696	4	0
115	696	4	0
141	696	4	0
145	696	3	0
174	696	4	0
178	696	4	0
181	696	2	0
190	696	3	0
207	696	3	0
236	696	2	0
276	696	2	0
293	696	2	0
296	696	4	0
313	696	3	0
328	696	3	0
332	696	3	0
344	696	3	0
345	696	3	0
347	696	4	0
349	696	3	0
372	696	4	0
374	696	3	0
378	696	3	0
391	696	4	0
393	696	4	0
402	696	4	0
416	696	3	0
423	696	3	0
435	696	3	0
437	696	3	0
450	696	4	0
456	696	3	0
458	696	3	0
459	696	4	0
474	696	3	0
486	696	3	0
491	696	3	0
501	696	4	0
518	696	5	0
533	696	3	0
548	696	4	0
551	696	2	0
554	696	3	0
586	696	3	0
624	696	4	0
634	696	4	0
653	696	1	0
663	696	3	0
666	696	3	0
682	696	4	0
707	696	4	0
716	696	2	0
722	696	4	0
733	696	3	0
741	696	3	0
764	696	3	0
786	696	3	0
788	696	3	0
792	696	3	0
793	696	3	0
825	696	3	0
830	696	2	0
833	696	3	0
839	696	2	0
851	696	3	0
854	696	2	0
869	696	2	0
889	696	3	0
896	696	1	0
900	696	2	0
903	696	3	0
906	696	4	0
907	696	5	0
917	696	5	0
936	696	2	0
11	717	2	0
21	717	1	0
38	717	1	0
44	717	3	0
49	717	2	0
57	717	4	0
59	717	2	0
81	717	2	0
82	717	1	0
83	717	4	0
92	717	3	0
101	717	3	0
119	717	3	0
121	717	5	0
130	717	3	0
141	717	4	0
145	717	3	0
164	717	3	0
181	717	1	0
186	717	3	0
188	717	4	0
190	717	3	0
200	717	4	0
222	717	1	0
223	717	1	0
236	717	3	0
245	717	4	0
268	717	1	0
269	717	1	0
291	717	3	0
314	717	3	0
332	717	3	0
374	717	3	0
382	717	3	0
393	717	3	0
396	717	3	0
416	717	2	0
422	717	3	0
435	717	3	0
450	717	4	0
453	717	2	0
457	717	3	0
458	717	1	0
486	717	2	0
504	717	4	0
518	717	5	0
534	717	5	0
546	717	5	0
548	717	4	0
551	717	3	0
552	717	3	0
554	717	3	0
595	717	2	0
606	717	3	0
614	717	4	0
630	717	3	0
634	717	4	0
637	717	3	0
648	717	4	0
655	717	1	0
664	717	1	0
682	717	3	0
689	717	3	0
699	717	1	0
718	717	4	0
764	717	3	0
796	717	3	0
825	717	4	0
837	717	1	0
851	717	3	0
864	717	3	0
872	717	4	0
891	717	4	0
897	717	1	0
899	717	1	0
905	717	1	0
919	717	3	0
935	717	4	0
936	717	2	0
938	717	2	0
939	717	4	0
943	717	4	0
13	756	2	0
42	756	5	0
43	756	3	0
44	756	3	0
45	756	2	0
57	756	3	0
59	756	2	0
67	756	3	0
75	756	2	0
81	756	1	0
82	756	1	0
83	756	4	0
84	756	3	0
92	756	3	0
101	756	3	0
104	756	2	0
125	756	4	0
130	756	4	0
141	756	3	0
145	756	2	0
159	756	4	0
178	756	3	0
181	756	2	0
194	756	1	0
200	756	3	0
207	756	2	0
213	756	2	0
222	756	4	0
223	756	3	0
227	756	3	0
236	756	1	0
238	756	3	0
244	756	2	0
245	756	3	0
256	756	4	0
265	756	4	0
269	756	1	0
271	756	2	0
274	756	3	0
280	756	4	0
291	756	3	0
301	756	4	0
306	756	3	0
314	756	3	0
332	756	2	0
342	756	3	0
344	756	2	0
347	756	2	0
348	756	4	0
373	756	3	0
374	756	3	0
378	756	3	0
382	756	3	0
389	756	2	0
393	756	4	0
398	756	3	0
406	756	3	0
407	756	2	0
429	756	2	0
434	756	2	0
435	756	3	0
450	756	3	0
457	756	2	0
472	756	4	0
474	756	1	0
477	756	4	0
479	756	1	0
504	756	3	0
533	756	4	0
534	756	4	0
541	756	4	0
551	756	1	0
552	756	2	0
554	756	3	0
560	756	2	0
569	756	3	0
586	756	1	0
599	756	5	0
606	756	3	0
614	756	4	0
622	756	3	0
630	756	4	0
634	756	3	0
642	756	5	0
648	756	2	0
653	756	1	0
654	756	4	0
661	756	3	0
665	756	3	0
672	756	2	0
682	756	2	0
684	756	4	0
692	756	2	0
706	756	4	0
708	756	2	0
715	756	2	0
718	756	5	0
722	756	3	0
735	756	2	0
751	756	2	0
759	756	4	0
764	756	3	0
768	756	3	0
795	756	3	0
798	756	3	0
804	756	3	0
840	756	4	0
847	756	1	0
854	756	3	0
869	756	1	0
872	756	4	0
881	756	4	0
882	756	3	0
885	756	2	0
887	756	5	0
891	756	4	0
901	756	4	0
907	756	4	0
916	756	3	0
917	756	4	0
919	756	3	0
922	756	2	0
927	756	4	0
930	756	3	0
936	756	4	0
938	756	3	0
939	756	5	0
943	756	2	0
13	762	5	0
14	762	3	0
18	762	3	0
45	762	4	0
52	762	3	0
59	762	4	0
63	762	3	0
70	762	3	0
89	762	3	0
90	762	3	0
99	762	2	0
109	762	3	0
115	762	4	0
119	762	4	0
144	762	3	0
145	762	3	0
160	762	3	0
174	762	5	0
178	762	3	0
180	762	4	0
181	762	2	0
194	762	3	0
196	762	3	0
218	762	4	0
221	762	4	0
222	762	3	0
244	762	3	0
259	762	2	0
262	762	2	0
264	762	3	0
268	762	2	0
269	762	1	0
274	762	5	0
277	762	3	0
279	762	3	0
286	762	2	0
303	762	4	0
314	762	4	0
323	762	4	0
334	762	3	0
336	762	5	0
342	762	2	0
344	762	3	0
345	762	5	0
361	762	2	0
365	762	4	0
374	762	5	0
376	762	4	0
378	762	3	0
401	762	2	0
416	762	3	0
417	762	3	0
429	762	4	0
435	762	4	0
436	762	4	0
445	762	1	0
447	762	3	0
450	762	3	0
458	762	3	0
467	762	3	0
478	762	4	0
486	762	4	0
493	762	4	0
500	762	4	0
506	762	3	0
525	762	4	0
537	762	3	0
540	762	4	0
548	762	4	0
551	762	5	0
555	762	4	0
561	762	3	0
569	762	3	0
588	762	4	0
592	762	5	0
593	762	4	0
595	762	4	0
618	762	3	0
624	762	4	0
634	762	3	0
655	762	2	0
659	762	3	0
661	762	2	0
663	762	4	0
665	762	4	0
682	762	3	0
692	762	4	0
699	762	3	0
708	762	5	0
709	762	3	0
711	762	3	0
712	762	4	0
733	762	4	0
768	762	1	0
771	762	2	0
789	762	3	0
790	762	5	0
792	762	4	0
796	762	3	0
823	762	4	0
834	762	4	0
837	762	2	0
854	762	2	0
859	762	5	0
868	762	4	0
880	762	4	0
886	762	5	0
888	762	5	0
889	762	3	0
904	762	2	0
907	762	5	0
916	762	3	0
921	762	2	0
923	762	4	0
938	762	4	0
13	763	1	0
20	763	1	0
24	763	5	0
45	763	2	0
57	763	5	0
62	763	1	0
66	763	4	0
68	763	1	0
69	763	3	0
79	763	5	0
92	763	3	0
94	763	3	0
99	763	5	0
101	763	3	0
109	763	2	0
115	763	2	0
117	763	5	0
125	763	3	0
128	763	4	0
130	763	5	0
145	763	4	0
152	763	5	0
160	763	4	0
168	763	2	0
174	763	1	0
178	763	4	0
181	763	1	0
182	763	3	0
193	763	3	0
198	763	3	0
207	763	3	0
210	763	2	0
216	763	4	0
221	763	4	0
222	763	3	0
223	763	3	0
244	763	4	0
255	763	5	0
269	763	1	0
271	763	3	0
276	763	3	0
279	763	3	0
286	763	2	0
291	763	4	0
301	763	4	0
303	763	4	0
304	763	4	0
314	763	5	0
318	763	3	0
320	763	4	0
323	763	4	0
324	763	5	0
330	763	5	0
332	763	5	0
336	763	3	0
342	763	3	0
347	763	5	0
374	763	3	0
389	763	1	0
393	763	5	0
394	763	3	0
399	763	2	0
416	763	5	0
429	763	4	0
432	763	5	0
434	763	5	0
435	763	5	0
436	763	4	0
445	763	2	0
449	763	2	0
453	763	4	0
456	763	4	0
472	763	4	0
478	763	5	0
493	763	4	0
497	763	3	0
500	763	3	0
513	763	3	0
518	763	1	0
521	763	4	0
532	763	5	0
534	763	4	0
541	763	3	0
542	763	4	0
551	763	5	0
566	763	4	0
576	763	3	0
577	763	3	0
582	763	2	0
586	763	4	0
592	763	5	0
593	763	3	0
595	763	3	0
597	763	4	0
599	763	5	0
601	763	5	0
606	763	5	0
618	763	2	0
621	763	4	0
622	763	4	0
624	763	3	0
632	763	3	0
634	763	3	0
648	763	2	0
653	763	1	0
663	763	5	0
665	763	4	0
674	763	5	0
682	763	4	0
684	763	2	0
689	763	4	0
690	763	4	0
692	763	3	0
697	763	4	0
708	763	4	0
711	763	1	0
714	763	4	0
726	763	2	0
749	763	1	0
768	763	2	0
790	763	3	0
804	763	4	0
821	763	3	0
837	763	1	0
847	763	1	0
859	763	4	0
865	763	1	0
870	763	4	0
872	763	3	0
879	763	5	0
880	763	3	0
881	763	3	0
887	763	5	0
889	763	4	0
892	763	2	0
896	763	2	0
897	763	3	0
903	763	5	0
907	763	5	0
916	763	3	0
917	763	3	0
921	763	3	0
923	763	4	0
927	763	4	0
930	763	3	0
933	763	3	0
938	763	4	0
941	763	3	0
943	763	4	0
13	815	4	0
15	815	1	0
26	815	2	0
43	815	4	0
52	815	4	0
56	815	4	0
62	815	3	0
84	815	4	0
89	815	4	0
93	815	4	0
95	815	3	0
99	815	2	0
101	815	3	0
128	815	3	0
130	815	3	0
141	815	4	0
144	815	1	0
159	815	3	0
181	815	3	0
189	815	3	0
193	815	3	0
203	815	4	0
222	815	2	0
238	815	2	0
244	815	4	0
256	815	5	0
262	815	2	0
265	815	3	0
270	815	4	0
271	815	3	0
274	815	3	0
286	815	3	0
287	815	3	0
289	815	3	0
293	815	2	0
296	815	3	0
303	815	3	0
314	815	5	0
318	815	3	0
332	815	4	0
334	815	3	0
342	815	4	0
344	815	2	0
345	815	3	0
365	815	3	0
374	815	4	0
376	815	3	0
393	815	4	0
401	815	3	0
416	815	4	0
417	815	4	0
432	815	3	0
434	815	4	0
438	815	5	0
447	815	3	0
450	815	3	0
452	815	2	0
459	815	4	0
477	815	5	0
500	815	3	0
524	815	3	0
530	815	4	0
532	815	4	0
552	815	3	0
576	815	3	0
588	815	4	0
592	815	3	0
593	815	3	0
595	815	3	0
599	815	3	0
618	815	4	0
623	815	2	0
624	815	3	0
630	815	3	0
637	815	2	0
642	815	4	0
649	815	3	0
655	815	2	0
663	815	4	0
665	815	4	0
672	815	4	0
680	815	3	0
697	815	3	0
705	815	3	0
707	815	2	0
717	815	3	0
718	815	4	0
727	815	3	0
730	815	3	0
741	815	3	0
762	815	1	0
768	815	3	0
793	815	3	0
796	815	4	0
798	815	5	0
851	815	3	0
854	815	2	0
869	815	1	0
872	815	4	0
880	815	4	0
882	815	2	0
885	815	4	0
893	815	3	0
904	815	4	0
907	815	5	0
919	815	2	0
921	815	5	0
923	815	4	0
927	815	3	0
935	815	4	0
936	815	3	0
938	815	3	0
13	820	4	0
14	820	3	0
20	820	2	0
21	820	3	0
43	820	2	0
45	820	4	0
49	820	1	0
54	820	3	0
56	820	3	0
57	820	3	0
70	820	1	0
75	820	3	0
82	820	3	0
83	820	2	0
92	820	1	0
93	820	3	0
94	820	1	0
101	820	3	0
109	820	3	0
130	820	5	0
145	820	2	0
181	820	1	0
186	820	2	0
189	820	1	0
194	820	1	0
198	820	1	0
200	820	3	0
223	820	4	0
276	820	3	0
279	820	4	0
283	820	4	0
291	820	4	0
293	820	2	0
298	820	4	0
299	820	3	0
301	820	3	0
303	820	3	0
313	820	2	0
314	820	5	0
332	820	4	0
347	820	2	0
357	820	4	0
374	820	4	0
389	820	3	0
393	820	3	0
399	820	4	0
429	820	3	0
435	820	1	0
487	820	3	0
518	820	2	0
533	820	2	0
534	820	3	0
540	820	3	0
545	820	3	0
554	820	2	0
586	820	4	0
592	820	3	0
595	820	2	0
601	820	1	0
620	820	4	0
630	820	4	0
643	820	3	0
648	820	2	0
682	820	3	0
697	820	3	0
699	820	2	0
705	820	3	0
718	820	2	0
727	820	2	0
733	820	2	0
758	820	4	0
764	820	3	0
795	820	3	0
804	820	4	0
807	820	3	0
826	820	3	0
830	820	1	0
847	820	1	0
851	820	3	0
852	820	4	0
862	820	4	0
872	820	3	0
880	820	3	0
881	820	2	0
882	820	3	0
889	820	2	0
892	820	3	0
893	820	3	0
896	820	2	0
903	820	4	0
916	820	2	0
921	820	3	0
927	820	4	0
13	823	5	0
15	823	2	0
45	823	4	0
50	823	3	0
54	823	2	0
58	823	1	0
59	823	5	0
84	823	3	0
92	823	4	0
94	823	3	0
102	823	3	0
104	823	1	0
109	823	3	0
119	823	3	0
141	823	3	0
144	823	3	0
145	823	3	0
158	823	2	0
164	823	4	0
174	823	4	0
178	823	2	0
181	823	2	0
190	823	2	0
195	823	4	0
198	823	2	0
201	823	3	0
227	823	2	0
268	823	2	0
269	823	3	0
271	823	3	0
276	823	3	0
279	823	3	0
291	823	3	0
294	823	3	0
313	823	3	0
328	823	3	0
330	823	3	0
339	823	3	0
343	823	3	0
349	823	4	0
374	823	1	0
393	823	3	0
396	823	2	0
406	823	3	0
417	823	2	0
423	823	3	0
425	823	3	0
445	823	1	0
447	823	3	0
450	823	3	0
458	823	3	0
484	823	4	0
486	823	4	0
487	823	1	0
503	823	2	0
517	823	2	0
524	823	4	0
533	823	4	0
534	823	4	0
577	823	3	0
592	823	1	0
634	823	3	0
644	823	4	0
650	823	3	0
653	823	2	0
655	823	2	0
682	823	2	0
709	823	3	0
716	823	3	0
722	823	3	0
749	823	3	0
788	823	3	0
793	823	3	0
825	823	4	0
851	823	3	0
854	823	2	0
862	823	4	0
880	823	3	0
906	823	3	0
923	823	4	0
933	823	2	0
938	823	4	0
13	825	1	0
37	825	2	0
57	825	1	0
59	825	4	0
66	825	3	0
75	825	1	0
92	825	4	0
104	825	1	0
119	825	3	0
141	825	4	0
145	825	4	0
158	825	4	0
160	825	2	0
164	825	4	0
181	825	1	0
201	825	1	0
217	825	3	0
222	825	3	0
255	825	1	0
268	825	3	0
269	825	1	0
275	825	2	0
276	825	3	0
290	825	3	0
291	825	4	0
294	825	3	0
303	825	3	0
308	825	4	0
320	825	4	0
357	825	3	0
363	825	4	0
374	825	3	0
386	825	4	0
393	825	4	0
399	825	2	0
406	825	4	0
417	825	4	0
425	825	2	0
435	825	3	0
452	825	5	0
457	825	5	0
459	825	3	0
472	825	5	0
486	825	2	0
487	825	3	0
496	825	3	0
534	825	4	0
540	825	4	0
551	825	5	0
576	825	4	0
580	825	4	0
592	825	1	0
595	825	2	0
597	825	5	0
606	825	5	0
619	825	2	0
621	825	3	0
648	825	4	0
654	825	3	0
655	825	2	0
660	825	2	0
699	825	3	0
709	825	2	0
717	825	2	0
757	825	3	0
790	825	3	0
795	825	2	0
798	825	3	0
825	825	4	0
839	825	4	0
851	825	4	0
852	825	3	0
854	825	3	0
862	825	5	0
865	825	1	0
868	825	1	0
880	825	4	0
892	825	4	0
907	825	3	0
916	825	1	0
923	825	4	0
936	825	4	0
943	825	3	0
13	845	3	0
14	845	3	0
15	845	2	0
18	845	3	0
26	845	3	0
42	845	5	0
43	845	5	0
45	845	4	0
52	845	5	0
53	845	3	0
57	845	4	0
59	845	5	0
62	845	3	0
75	845	3	0
83	845	3	0
85	845	3	0
87	845	4	0
89	845	2	0
92	845	3	0
93	845	4	0
99	845	3	0
101	845	3	0
104	845	3	0
109	845	4	0
119	845	4	0
131	845	4	0
144	845	4	0
151	845	4	0
152	845	3	0
159	845	1	0
164	845	3	0
168	845	4	0
174	845	5	0
178	845	4	0
181	845	3	0
182	845	3	0
184	845	3	0
185	845	4	0
193	845	4	0
196	845	4	0
207	845	3	0
222	845	3	0
223	845	4	0
233	845	4	0
234	845	3	0
238	845	3	0
244	845	3	0
251	845	4	0
262	845	4	0
269	845	1	0
271	845	1	0
274	845	5	0
276	845	4	0
279	845	1	0
280	845	3	0
283	845	4	0
287	845	5	0
293	845	2	0
296	845	5	0
298	845	3	0
303	845	4	0
305	845	3	0
310	845	5	0
311	845	4	0
313	845	3	0
314	845	5	0
327	845	3	0
330	845	5	0
332	845	3	0
334	845	2	0
336	845	1	0
339	845	4	0
344	845	3	0
345	845	3	0
360	845	3	0
374	845	2	0
378	845	3	0
380	845	4	0
387	845	4	0
388	845	4	0
389	845	4	0
390	845	2	0
393	845	4	0
399	845	3	0
403	845	4	0
406	845	3	0
416	845	4	0
429	845	4	0
432	845	4	0
435	845	3	0
436	845	5	0
438	845	4	0
445	845	2	0
447	845	3	0
450	845	4	0
456	845	3	0
457	845	4	0
458	845	3	0
463	845	3	0
465	845	4	0
486	845	4	0
487	845	4	0
488	845	3	0
494	845	4	0
500	845	4	0
501	845	3	0
524	845	5	0
526	845	5	0
528	845	3	0
533	845	4	0
537	845	2	0
552	845	3	0
554	845	3	0
560	845	3	0
577	845	4	0
579	845	4	0
592	845	4	0
593	845	3	0
595	845	3	0
599	845	5	0
606	845	4	0
622	845	3	0
624	845	3	0
628	845	5	0
630	845	3	0
632	845	4	0
634	845	3	0
642	845	5	0
643	845	3	0
654	845	4	0
655	845	2	0
660	845	3	0
663	845	3	0
664	845	2	0
665	845	4	0
676	845	5	0
677	845	3	0
680	845	4	0
692	845	3	0
703	845	4	0
708	845	5	0
711	845	4	0
722	845	5	0
726	845	3	0
727	845	3	0
731	845	2	0
747	845	2	0
749	845	3	0
760	845	5	0
763	845	4	0
764	845	4	0
768	845	2	0
798	845	5	0
821	845	5	0
829	845	3	0
837	845	4	0
839	845	4	0
840	845	5	0
848	845	5	0
851	845	3	0
862	845	4	0
865	845	1	0
872	845	3	0
880	845	3	0
887	845	4	0
892	845	4	0
893	845	3	0
894	845	3	0
896	845	3	0
903	845	1	0
910	845	4	0
921	845	4	0
930	845	3	0
931	845	3	0
936	845	4	0
938	845	1	0
13	864	4	0
15	864	4	0
26	864	2	0
52	864	3	0
57	864	3	0
75	864	4	0
83	864	4	0
94	864	2	0
125	864	3	0
130	864	2	0
141	864	3	0
160	864	1	0
178	864	2	0
181	864	2	0
182	864	4	0
188	864	2	0
194	864	2	0
207	864	3	0
210	864	3	0
223	864	3	0
236	864	2	0
256	864	4	0
271	864	3	0
279	864	5	0
297	864	3	0
298	864	3	0
301	864	4	0
306	864	3	0
318	864	2	0
330	864	4	0
336	864	1	0
344	864	3	0
357	864	5	0
393	864	3	0
402	864	3	0
403	864	4	0
416	864	3	0
432	864	2	0
438	864	3	0
456	864	4	0
459	864	4	0
463	864	3	0
486	864	3	0
497	864	3	0
518	864	3	0
532	864	4	0
542	864	3	0
551	864	5	0
552	864	3	0
554	864	4	0
560	864	3	0
590	864	1	0
595	864	4	0
601	864	1	0
612	864	4	0
624	864	3	0
630	864	4	0
634	864	3	0
642	864	3	0
648	864	3	0
663	864	3	0
666	864	3	0
671	864	3	0
672	864	3	0
703	864	2	0
707	864	4	0
708	864	3	0
758	864	4	0
761	864	4	0
764	864	4	0
790	864	4	0
800	864	4	0
825	864	3	0
839	864	3	0
844	864	3	0
872	864	3	0
880	864	3	0
881	864	3	0
897	864	4	0
900	864	2	0
901	864	5	0
919	864	2	0
935	864	5	0
936	864	4	0
937	864	3	0
938	864	4	0
13	866	3	0
15	866	4	0
20	866	1	0
32	866	3	0
42	866	4	0
43	866	4	0
57	866	3	0
59	866	3	0
62	866	2	0
72	866	4	0
75	866	2	0
82	866	3	0
83	866	3	0
84	866	4	0
87	866	4	0
93	866	2	0
101	866	4	0
102	866	2	0
109	866	4	0
119	866	3	0
137	866	3	0
141	866	5	0
152	866	5	0
158	866	2	0
159	866	5	0
164	866	5	0
168	866	5	0
178	866	4	0
181	866	1	0
200	866	4	0
207	866	3	0
223	866	4	0
231	866	3	0
236	866	3	0
244	866	5	0
251	866	2	0
256	866	4	0
271	866	4	0
274	866	4	0
280	866	3	0
283	866	3	0
293	866	3	0
298	866	3	0
301	866	4	0
303	866	2	0
314	866	4	0
318	866	4	0
330	866	5	0
332	866	2	0
334	866	3	0
342	866	1	0
345	866	3	0
357	866	5	0
378	866	2	0
393	866	3	0
395	866	3	0
401	866	3	0
403	866	4	0
416	866	4	0
438	866	5	0
447	866	2	0
450	866	4	0
459	866	5	0
462	866	5	0
463	866	3	0
472	866	5	0
478	866	1	0
518	866	5	0
523	866	5	0
524	866	2	0
533	866	2	0
542	866	2	0
549	866	4	0
552	866	3	0
554	866	3	0
577	866	5	0
580	866	4	0
591	866	3	0
593	866	5	0
599	866	2	0
622	866	2	0
624	866	3	0
630	866	3	0
634	866	3	0
637	866	3	0
665	866	3	0
666	866	2	0
674	866	5	0
682	866	2	0
692	866	4	0
707	866	2	0
708	866	5	0
716	866	3	0
717	866	1	0
722	866	4	0
727	866	3	0
749	866	3	0
764	866	4	0
774	866	1	0
776	866	3	0
786	866	3	0
805	866	1	0
823	866	2	0
825	866	4	0
839	866	2	0
851	866	3	0
862	866	4	0
879	866	5	0
885	866	3	0
889	866	4	0
891	866	5	0
897	866	5	0
901	866	3	0
916	866	3	0
923	866	4	0
927	866	4	0
933	866	2	0
936	866	2	0
938	866	5	0
15	924	3	0
42	924	3	0
53	924	3	0
62	924	1	0
63	924	3	0
85	924	1	0
101	924	4	0
109	924	3	0
119	924	4	0
120	924	4	0
128	924	3	0
145	924	2	0
168	924	2	0
181	924	3	0
200	924	5	0
201	924	3	0
213	924	4	0
223	924	1	0
224	924	3	0
231	924	5	0
244	924	4	0
266	924	2	0
271	924	3	0
274	924	3	0
286	924	4	0
291	924	4	0
293	924	2	0
314	924	5	0
329	924	3	0
348	924	4	0
374	924	5	0
378	924	3	0
391	924	2	0
393	924	4	0
395	924	4	0
399	924	5	0
406	924	4	0
416	924	5	0
423	924	4	0
435	924	3	0
452	924	5	0
455	924	3	0
472	924	2	0
474	924	4	0
484	924	5	0
486	924	3	0
494	924	4	0
495	924	3	0
518	924	3	0
537	924	3	0
541	924	5	0
548	924	3	0
550	924	4	0
551	924	5	0
564	924	3	0
569	924	3	0
572	924	1	0
606	924	5	0
612	924	5	0
618	924	4	0
620	924	3	0
624	924	4	0
634	924	4	0
648	924	1	0
663	924	3	0
665	924	4	0
666	924	2	0
678	924	2	0
682	924	5	0
684	924	2	0
714	924	3	0
733	924	4	0
761	924	4	0
770	924	5	0
773	924	1	0
798	924	3	0
817	924	3	0
825	924	2	0
851	924	4	0
854	924	4	0
881	924	3	0
891	924	5	0
907	924	5	0
921	924	3	0
935	924	4	0
15	928	1	0
21	928	3	0
49	928	2	0
59	928	4	0
81	928	4	0
92	928	3	0
94	928	3	0
101	928	2	0
109	928	3	0
117	928	3	0
130	928	4	0
145	928	3	0
181	928	3	0
188	928	3	0
193	928	2	0
216	928	3	0
234	928	2	0
248	928	3	0
259	928	4	0
268	928	1	0
269	928	1	0
270	928	4	0
276	928	3	0
280	928	5	0
291	928	2	0
294	928	3	0
303	928	3	0
308	928	4	0
332	928	5	0
342	928	3	0
344	928	2	0
347	928	3	0
348	928	5	0
357	928	4	0
374	928	1	0
378	928	2	0
394	928	4	0
399	928	2	0
403	928	3	0
416	928	3	0
417	928	3	0
429	928	2	0
434	928	5	0
435	928	3	0
436	928	4	0
442	928	3	0
450	928	3	0
472	928	4	0
497	928	3	0
501	928	3	0
504	928	4	0
524	928	4	0
525	928	3	0
537	928	1	0
546	928	4	0
548	928	3	0
560	928	3	0
561	928	2	0
586	928	3	0
588	928	4	0
595	928	3	0
599	928	4	0
601	928	1	0
606	928	4	0
620	928	5	0
624	928	3	0
642	928	5	0
643	928	4	0
648	928	4	0
650	928	2	0
663	928	3	0
697	928	3	0
722	928	3	0
727	928	3	0
760	928	1	0
790	928	3	0
793	928	3	0
795	928	1	0
796	928	2	0
804	928	4	0
805	928	3	0
817	928	3	0
825	928	3	0
833	928	2	0
835	928	3	0
847	928	3	0
849	928	5	0
854	928	3	0
859	928	3	0
862	928	4	0
865	928	1	0
872	928	2	0
880	928	2	0
887	928	5	0
893	928	3	0
896	928	3	0
897	928	5	0
903	928	2	0
907	928	5	0
923	928	4	0
927	928	4	0
936	928	3	0
938	928	5	0
943	928	5	0
15	934	4	0
20	934	4	0
42	934	4	0
45	934	2	0
92	934	2	0
93	934	3	0
130	934	4	0
145	934	1	0
157	934	2	0
164	934	5	0
174	934	4	0
181	934	3	0
186	934	3	0
189	934	2	0
200	934	2	0
222	934	2	0
227	934	2	0
236	934	4	0
242	934	5	0
256	934	3	0
265	934	3	0
280	934	2	0
286	934	3	0
314	934	4	0
318	934	4	0
332	934	2	0
348	934	4	0
361	934	3	0
374	934	3	0
381	934	2	0
393	934	3	0
416	934	2	0
450	934	3	0
455	934	3	0
457	934	3	0
459	934	3	0
504	934	4	0
518	934	3	0
523	934	4	0
533	934	3	0
552	934	3	0
588	934	4	0
591	934	3	0
599	934	3	0
601	934	1	0
605	934	4	0
622	934	2	0
630	934	3	0
634	934	2	0
637	934	1	0
642	934	2	0
684	934	3	0
708	934	4	0
749	934	3	0
762	934	1	0
769	934	4	0
796	934	3	0
805	934	1	0
837	934	2	0
881	934	3	0
887	934	4	0
891	934	3	0
899	934	3	0
907	934	4	0
921	934	3	0
933	934	1	0
935	934	4	0
939	934	3	0
26	1011	3	0
52	1011	4	0
57	1011	3	0
63	1011	1	0
92	1011	3	0
94	1011	4	0
104	1011	3	0
109	1011	3	0
145	1011	5	0
158	1011	4	0
162	1011	4	0
178	1011	3	0
181	1011	1	0
194	1011	3	0
201	1011	3	0
221	1011	4	0
222	1011	4	0
227	1011	4	0
234	1011	3	0
242	1011	3	0
249	1011	5	0
269	1011	4	0
276	1011	3	0
277	1011	3	0
279	1011	3	0
293	1011	3	0
294	1011	2	0
303	1011	2	0
320	1011	3	0
329	1011	3	0
332	1011	3	0
334	1011	4	0
336	1011	2	0
342	1011	3	0
345	1011	3	0
346	1011	1	0
347	1011	3	0
365	1011	3	0
374	1011	4	0
387	1011	3	0
401	1011	3	0
416	1011	4	0
417	1011	3	0
423	1011	3	0
429	1011	4	0
445	1011	1	0
449	1011	4	0
458	1011	3	0
460	1011	4	0
467	1011	2	0
472	1011	4	0
474	1011	4	0
486	1011	4	0
487	1011	3	0
501	1011	4	0
518	1011	4	0
525	1011	3	0
532	1011	5	0
537	1011	3	0
540	1011	4	0
548	1011	2	0
551	1011	5	0
592	1011	4	0
606	1011	3	0
634	1011	4	0
637	1011	1	0
642	1011	3	0
655	1011	3	0
663	1011	3	0
666	1011	4	0
677	1011	3	0
682	1011	4	0
699	1011	4	0
715	1011	4	0
717	1011	4	0
733	1011	4	0
751	1011	4	0
769	1011	3	0
792	1011	3	0
825	1011	3	0
854	1011	2	0
862	1011	5	0
865	1011	1	0
872	1011	1	0
889	1011	3	0
896	1011	2	0
905	1011	3	0
906	1011	4	0
916	1011	4	0
923	1011	4	0
924	1011	3	0
936	1011	4	0
943	1011	2	0
26	1012	4	0
32	1012	4	0
54	1012	2	0
58	1012	4	0
62	1012	3	0
63	1012	3	0
92	1012	4	0
94	1012	4	0
104	1012	4	0
109	1012	4	0
117	1012	4	0
144	1012	4	0
145	1012	4	0
148	1012	4	0
159	1012	5	0
160	1012	5	0
162	1012	4	0
168	1012	5	0
176	1012	4	0
178	1012	4	0
184	1012	3	0
207	1012	3	0
210	1012	4	0
213	1012	3	0
221	1012	4	0
244	1012	2	0
249	1012	3	0
251	1012	4	0
277	1012	3	0
279	1012	5	0
291	1012	4	0
294	1012	4	0
300	1012	4	0
301	1012	4	0
303	1012	4	0
314	1012	4	0
318	1012	4	0
323	1012	4	0
327	1012	2	0
336	1012	5	0
342	1012	4	0
345	1012	3	0
347	1012	4	0
363	1012	4	0
367	1012	4	0
385	1012	3	0
387	1012	4	0
392	1012	4	0
403	1012	1	0
407	1012	3	0
416	1012	4	0
429	1012	3	0
432	1012	5	0
445	1012	1	0
457	1012	4	0
463	1012	2	0
467	1012	3	0
468	1012	4	0
490	1012	3	0
500	1012	4	0
521	1012	3	0
525	1012	3	0
554	1012	3	0
567	1012	3	0
573	1012	2	0
592	1012	5	0
593	1012	3	0
609	1012	1	0
621	1012	5	0
624	1012	4	0
643	1012	4	0
653	1012	4	0
655	1012	3	0
680	1012	3	0
682	1012	4	0
692	1012	1	0
697	1012	1	0
703	1012	4	0
730	1012	5	0
735	1012	2	0
742	1012	4	0
758	1012	4	0
761	1012	1	0
764	1012	4	0
770	1012	5	0
782	1012	2	0
789	1012	4	0
796	1012	3	0
806	1012	4	0
831	1012	4	0
833	1012	4	0
847	1012	1	0
880	1012	4	0
883	1012	5	0
887	1012	1	0
893	1012	3	0
910	1012	4	0
919	1012	4	0
923	1012	5	0
938	1012	5	0
26	1014	3	0
38	1014	5	0
92	1014	3	0
94	1014	4	0
109	1014	4	0
117	1014	3	0
130	1014	3	0
141	1014	3	0
152	1014	2	0
159	1014	4	0
174	1014	3	0
184	1014	2	0
195	1014	4	0
198	1014	2	0
219	1014	3	0
223	1014	4	0
250	1014	4	0
251	1014	5	0
262	1014	5	0
269	1014	3	0
270	1014	4	0
286	1014	5	0
292	1014	3	0
294	1014	2	0
297	1014	3	0
303	1014	3	0
314	1014	3	0
318	1014	2	0
334	1014	2	0
342	1014	1	0
344	1014	4	0
345	1014	3	0
363	1014	1	0
374	1014	1	0
385	1014	2	0
387	1014	3	0
392	1014	3	0
393	1014	3	0
416	1014	3	0
417	1014	4	0
429	1014	3	0
435	1014	2	0
445	1014	1	0
459	1014	1	0
463	1014	2	0
468	1014	3	0
472	1014	4	0
474	1014	3	0
486	1014	3	0
500	1014	2	0
501	1014	4	0
506	1014	3	0
514	1014	2	0
521	1014	3	0
523	1014	5	0
525	1014	3	0
540	1014	4	0
543	1014	4	0
548	1014	4	0
552	1014	4	0
560	1014	4	0
569	1014	3	0
580	1014	3	0
582	1014	4	0
590	1014	3	0
592	1014	4	0
593	1014	1	0
599	1014	4	0
642	1014	5	0
647	1014	3	0
653	1014	2	0
654	1014	3	0
655	1014	3	0
711	1014	4	0
714	1014	3	0
726	1014	1	0
757	1014	3	0
761	1014	1	0
768	1014	2	0
782	1014	2	0
790	1014	2	0
793	1014	3	0
805	1014	4	0
851	1014	3	0
854	1014	3	0
859	1014	4	0
869	1014	4	0
870	1014	2	0
880	1014	4	0
886	1014	5	0
889	1014	2	0
895	1014	3	0
916	1014	3	0
917	1014	2	0
919	1014	4	0
927	1014	3	0
936	1014	3	0
938	1014	4	0
26	1016	3	0
32	1016	1	0
38	1016	5	0
54	1016	4	0
55	1016	1	0
57	1016	4	0
62	1016	4	0
66	1016	3	0
69	1016	3	0
83	1016	4	0
87	1016	4	0
92	1016	2	0
99	1016	5	0
104	1016	1	0
109	1016	5	0
116	1016	2	0
117	1016	5	0
119	1016	5	0
130	1016	4	0
144	1016	3	0
157	1016	5	0
158	1016	3	0
160	1016	4	0
164	1016	3	0
168	1016	5	0
178	1016	4	0
186	1016	5	0
221	1016	3	0
222	1016	3	0
223	1016	5	0
249	1016	3	0
251	1016	3	0
253	1016	3	0
265	1016	3	0
268	1016	3	0
276	1016	3	0
287	1016	5	0
289	1016	5	0
291	1016	4	0
293	1016	2	0
294	1016	4	0
297	1016	3	0
301	1016	4	0
303	1016	3	0
314	1016	4	0
330	1016	3	0
332	1016	5	0
334	1016	3	0
337	1016	4	0
342	1016	1	0
345	1016	3	0
347	1016	3	0
363	1016	4	0
386	1016	4	0
393	1016	5	0
401	1016	3	0
416	1016	5	0
417	1016	4	0
425	1016	3	0
429	1016	4	0
432	1016	3	0
435	1016	4	0
445	1016	1	0
447	1016	3	0
453	1016	4	0
459	1016	4	0
467	1016	4	0
468	1016	3	0
474	1016	3	0
479	1016	3	0
484	1016	4	0
486	1016	2	0
487	1016	5	0
493	1016	4	0
497	1016	4	0
506	1016	4	0
507	1016	5	0
517	1016	1	0
521	1016	3	0
532	1016	4	0
533	1016	3	0
540	1016	4	0
548	1016	4	0
560	1016	3	0
564	1016	2	0
578	1016	4	0
592	1016	4	0
593	1016	4	0
597	1016	4	0
606	1016	3	0
619	1016	4	0
621	1016	4	0
622	1016	3	0
624	1016	3	0
625	1016	2	0
640	1016	3	0
643	1016	3	0
647	1016	4	0
649	1016	4	0
653	1016	3	0
654	1016	4	0
655	1016	3	0
682	1016	2	0
714	1016	5	0
715	1016	4	0
716	1016	3	0
727	1016	3	0
738	1016	3	0
741	1016	3	0
749	1016	5	0
754	1016	4	0
757	1016	3	0
758	1016	4	0
759	1016	5	0
768	1016	2	0
774	1016	3	0
782	1016	3	0
790	1016	2	0
804	1016	4	0
806	1016	1	0
807	1016	4	0
825	1016	3	0
833	1016	1	0
851	1016	5	0
854	1016	2	0
864	1016	4	0
880	1016	4	0
889	1016	3	0
894	1016	3	0
899	1016	3	0
902	1016	2	0
907	1016	5	0
921	1016	4	0
927	1016	5	0
935	1016	4	0
936	1016	3	0
938	1016	3	0
38	1028	5	0
42	1028	4	0
49	1028	2	0
56	1028	4	0
57	1028	3	0
59	1028	1	0
62	1028	1	0
63	1028	3	0
68	1028	4	0
75	1028	4	0
77	1028	1	0
81	1028	1	0
82	1028	2	0
83	1028	4	0
84	1028	3	0
87	1028	4	0
92	1028	2	0
94	1028	2	0
101	1028	3	0
104	1028	2	0
106	1028	3	0
109	1028	4	0
130	1028	4	0
137	1028	5	0
141	1028	4	0
144	1028	3	0
145	1028	5	0
152	1028	5	0
159	1028	5	0
168	1028	2	0
174	1028	4	0
178	1028	3	0
181	1028	2	0
194	1028	2	0
200	1028	2	0
207	1028	3	0
210	1028	3	0
227	1028	2	0
244	1028	3	0
245	1028	5	0
246	1028	3	0
251	1028	3	0
254	1028	2	0
256	1028	4	0
267	1028	3	0
269	1028	2	0
271	1028	2	0
276	1028	3	0
279	1028	4	0
280	1028	5	0
290	1028	3	0
291	1028	3	0
294	1028	3	0
295	1028	5	0
301	1028	5	0
306	1028	2	0
307	1028	4	0
308	1028	2	0
314	1028	3	0
321	1028	2	0
330	1028	4	0
332	1028	4	0
347	1028	2	0
348	1028	4	0
349	1028	2	0
357	1028	5	0
374	1028	1	0
378	1028	2	0
393	1028	3	0
395	1028	2	0
396	1028	3	0
407	1028	3	0
417	1028	3	0
429	1028	3	0
435	1028	2	0
436	1028	4	0
438	1028	2	0
447	1028	3	0
450	1028	4	0
455	1028	2	0
457	1028	3	0
463	1028	2	0
474	1028	1	0
479	1028	1	0
518	1028	3	0
520	1028	1	0
533	1028	2	0
534	1028	5	0
545	1028	4	0
551	1028	4	0
554	1028	3	0
566	1028	2	0
577	1028	4	0
580	1028	3	0
591	1028	3	0
593	1028	3	0
595	1028	3	0
601	1028	2	0
621	1028	4	0
624	1028	3	0
632	1028	2	0
634	1028	3	0
637	1028	3	0
642	1028	4	0
643	1028	3	0
648	1028	2	0
653	1028	2	0
665	1028	4	0
672	1028	4	0
682	1028	3	0
684	1028	4	0
690	1028	4	0
692	1028	3	0
694	1028	3	0
699	1028	2	0
708	1028	2	0
714	1028	4	0
718	1028	4	0
726	1028	2	0
727	1028	2	0
747	1028	1	0
749	1028	4	0
764	1028	4	0
769	1028	3	0
774	1028	2	0
779	1028	4	0
790	1028	3	0
804	1028	3	0
825	1028	3	0
851	1028	3	0
854	1028	2	0
865	1028	1	0
868	1028	3	0
872	1028	3	0
881	1028	3	0
887	1028	5	0
891	1028	3	0
896	1028	2	0
897	1028	4	0
900	1028	2	0
907	1028	5	0
921	1028	4	0
923	1028	4	0
933	1028	2	0
938	1028	5	0
939	1028	5	0
942	1028	4	0
943	1028	2	0
42	1047	4	0
43	1047	3	0
56	1047	4	0
57	1047	4	0
59	1047	2	0
67	1047	3	0
68	1047	1	0
75	1047	3	0
78	1047	1	0
81	1047	3	0
83	1047	2	0
84	1047	2	0
87	1047	3	0
92	1047	1	0
95	1047	3	0
99	1047	4	0
101	1047	2	0
117	1047	2	0
130	1047	5	0
141	1047	4	0
145	1047	3	0
151	1047	2	0
158	1047	4	0
162	1047	5	0
168	1047	2	0
178	1047	2	0
181	1047	2	0
216	1047	3	0
227	1047	2	0
244	1047	2	0
245	1047	3	0
249	1047	3	0
256	1047	4	0
276	1047	3	0
279	1047	4	0
280	1047	3	0
286	1047	1	0
290	1047	4	0
291	1047	2	0
294	1047	3	0
299	1047	2	0
303	1047	2	0
308	1047	3	0
314	1047	4	0
320	1047	4	0
332	1047	3	0
336	1047	4	0
342	1047	2	0
343	1047	1	0
345	1047	4	0
347	1047	1	0
357	1047	4	0
374	1047	3	0
378	1047	2	0
393	1047	3	0
403	1047	2	0
406	1047	3	0
417	1047	4	0
432	1047	5	0
435	1047	3	0
445	1047	1	0
450	1047	4	0
457	1047	2	0
459	1047	3	0
472	1047	4	0
486	1047	2	0
497	1047	3	0
500	1047	3	0
514	1047	3	0
517	1047	2	0
518	1047	4	0
523	1047	5	0
525	1047	2	0
533	1047	3	0
534	1047	4	0
541	1047	2	0
548	1047	4	0
549	1047	3	0
551	1047	4	0
552	1047	3	0
579	1047	3	0
586	1047	3	0
588	1047	3	0
592	1047	1	0
595	1047	2	0
601	1047	1	0
606	1047	2	0
621	1047	3	0
624	1047	3	0
630	1047	4	0
634	1047	3	0
642	1047	3	0
647	1047	4	0
648	1047	2	0
663	1047	4	0
665	1047	1	0
666	1047	3	0
682	1047	3	0
692	1047	2	0
697	1047	3	0
703	1047	3	0
708	1047	2	0
715	1047	3	0
716	1047	3	0
717	1047	4	0
718	1047	3	0
727	1047	2	0
733	1047	2	0
738	1047	3	0
749	1047	3	0
758	1047	3	0
790	1047	3	0
792	1047	3	0
800	1047	3	0
804	1047	3	0
825	1047	3	0
837	1047	1	0
851	1047	3	0
854	1047	1	0
860	1047	2	0
864	1047	3	0
865	1047	1	0
869	1047	2	0
872	1047	4	0
879	1047	2	0
880	1047	3	0
887	1047	5	0
901	1047	3	0
907	1047	5	0
919	1047	3	0
921	1047	1	0
927	1047	4	0
938	1047	3	0
943	1047	2	0
42	1048	1	0
43	1048	3	0
58	1048	1	0
59	1048	4	0
75	1048	4	0
76	1048	2	0
89	1048	3	0
90	1048	4	0
94	1048	4	0
99	1048	4	0
128	1048	2	0
159	1048	3	0
178	1048	2	0
181	1048	2	0
234	1048	3	0
244	1048	4	0
262	1048	2	0
279	1048	1	0
280	1048	4	0
293	1048	3	0
303	1048	4	0
314	1048	4	0
318	1048	4	0
323	1048	3	0
334	1048	4	0
336	1048	4	0
342	1048	1	0
344	1048	3	0
345	1048	2	0
357	1048	2	0
364	1048	5	0
365	1048	3	0
374	1048	3	0
378	1048	2	0
393	1048	3	0
402	1048	2	0
416	1048	3	0
429	1048	2	0
436	1048	2	0
439	1048	4	0
447	1048	2	0
450	1048	3	0
458	1048	4	0
478	1048	4	0
500	1048	3	0
524	1048	4	0
533	1048	3	0
537	1048	2	0
540	1048	4	0
552	1048	3	0
592	1048	3	0
599	1048	2	0
618	1048	3	0
624	1048	4	0
634	1048	3	0
654	1048	3	0
663	1048	4	0
665	1048	4	0
682	1048	3	0
718	1048	2	0
790	1048	4	0
796	1048	2	0
806	1048	3	0
839	1048	1	0
859	1048	3	0
886	1048	4	0
889	1048	3	0
894	1048	4	0
903	1048	4	0
907	1048	5	0
919	1048	3	0
930	1048	2	0
935	1048	3	0
