1	132	4	0
6	132	5	0
7	132	5	0
10	132	5	0
12	132	5	0
13	132	4	0
18	132	5	0
23	132	4	0
24	132	3	0
42	132	5	0
44	132	4	0
48	132	5	0
51	132	4	0
59	132	5	0
60	132	4	0
62	132	5	0
64	132	4	0
70	132	4	0
77	132	3	0
85	132	5	0
87	132	5	0
90	132	5	0
91	132	3	0
92	132	3	0
94	132	4	0
95	132	3	0
97	132	5	0
117	132	4	0
118	132	4	0
119	132	5	0
123	132	3	0
128	132	3	0
130	132	5	0
148	132	4	0
151	132	5	0
152	132	5	0
161	132	1	0
174	132	2	0
175	132	3	0
184	132	5	0
189	132	5	0
194	132	3	0
195	132	5	0
198	132	4	0
200	132	5	0
210	132	4	0
213	132	5	0
214	132	5	0
215	132	5	0
219	132	5	0
222	132	2	0
230	132	5	0
232	132	5	0
234	132	4	0
236	132	4	0
239	132	5	0
246	132	4	0
251	132	5	0
253	132	5	0
254	132	4	0
262	132	3	0
263	132	5	0
269	132	5	0
271	132	5	0
275	132	3	0
279	132	3	0
280	132	4	0
286	132	5	0
288	132	3	0
290	132	3	0
292	132	4	0
293	132	4	0
295	132	5	0
298	132	5	0
301	132	4	0
303	132	5	0
307	132	4	0
308	132	3	0
311	132	4	0
312	132	5	0
313	132	5	0
314	132	4	0
316	132	4	0
318	132	4	0
321	132	5	0
325	132	3	0
326	132	4	0
327	132	5	0
328	132	5	0
330	132	5	0
331	132	3	0
334	132	3	0
338	132	2	0
339	132	5	0
342	132	5	0
343	132	5	0
344	132	4	0
345	132	5	0
346	132	4	0
347	132	5	0
350	132	5	0
358	132	5	0
373	132	3	0
378	132	4	0
380	132	4	0
381	132	5	0
383	132	5	0
385	132	4	0
389	132	5	0
391	132	4	0
393	132	2	0
394	132	4	0
398	132	5	0
399	132	3	0
405	132	5	0
406	132	5	0
407	132	4	0
416	132	4	0
417	132	4	0
426	132	4	0
429	132	3	0
435	132	3	0
436	132	1	0
437	132	5	0
447	132	4	0
450	132	5	0
452	132	2	0
453	132	3	0
454	132	2	0
457	132	5	0
465	132	4	0
468	132	5	0
472	132	5	0
474	132	4	0
488	132	3	0
495	132	4	0
496	132	3	0
499	132	4	0
503	132	5	0
504	132	5	0
505	132	5	0
506	132	4	0
508	132	5	0
514	132	4	0
521	132	3	0
524	132	4	0
532	132	5	0
533	132	5	0
535	132	5	0
536	132	4	0
537	132	3	0
539	132	5	0
542	132	3	0
545	132	4	0
551	132	5	0
553	132	4	0
554	132	4	0
556	132	5	0
560	132	3	0
561	132	2	0
562	132	4	0
567	132	3	0
568	132	2	0
577	132	4	0
588	132	5	0
592	132	5	0
601	132	5	0
605	132	5	0
606	132	5	0
608	132	2	0
617	132	1	0
618	132	4	0
622	132	4	0
629	132	5	0
632	132	5	0
642	132	3	0
643	132	5	0
650	132	4	0
653	132	3	0
655	132	3	0
660	132	3	0
661	132	5	0
664	132	4	0
666	132	4	0
669	132	4	0
676	132	5	0
679	132	4	0
683	132	5	0
693	132	4	0
694	132	5	0
698	132	4	0
711	132	5	0
716	132	5	0
727	132	2	0
731	132	3	0
734	132	3	0
739	132	4	0
746	132	4	0
747	132	4	0
748	132	3	0
749	132	4	0
763	132	3	0
764	132	5	0
766	132	4	0
776	132	3	0
778	132	2	0
786	132	5	0
788	132	5	0
795	132	3	0
796	132	4	0
798	132	4	0
804	132	4	0
807	132	4	0
815	132	5	0
821	132	5	0
835	132	5	0
840	132	4	0
843	132	3	0
846	132	5	0
848	132	5	0
850	132	5	0
851	132	4	0
854	132	5	0
862	132	5	0
864	132	5	0
867	132	3	0
868	132	4	0
870	132	4	0
881	132	3	0
882	132	5	0
886	132	3	0
887	132	4	0
889	132	4	0
890	132	5	0
892	132	5	0
896	132	3	0
897	132	5	0
912	132	5	0
913	132	3	0
916	132	3	0
918	132	4	0
921	132	3	0
927	132	2	0
933	132	3	0
934	132	4	0
943	132	3	0
1	133	4	0
6	133	4	0
7	133	5	0
10	133	5	0
12	133	4	0
18	133	5	0
23	133	4	0
25	133	3	0
38	133	2	0
43	133	4	0
44	133	4	0
59	133	3	0
60	133	4	0
77	133	2	0
82	133	4	0
85	133	4	0
90	133	5	0
94	133	4	0
95	133	3	0
97	133	1	0
128	133	5	0
138	133	4	0
148	133	5	0
151	133	5	0
152	133	5	0
161	133	2	0
167	133	5	0
169	133	4	0
175	133	4	0
178	133	4	0
189	133	5	0
194	133	3	0
207	133	4	0
213	133	3	0
222	133	1	0
232	133	4	0
233	133	5	0
234	133	3	0
236	133	5	0
239	133	3	0
245	133	2	0
246	133	3	0
254	133	5	0
263	133	5	0
269	133	3	0
271	133	4	0
272	133	1	0
286	133	4	0
290	133	3	0
293	133	3	0
295	133	4	0
297	133	4	0
298	133	3	0
301	133	4	0
308	133	3	0
311	133	3	0
312	133	5	0
313	133	5	0
318	133	4	0
321	133	5	0
325	133	3	0
327	133	4	0
328	133	5	0
330	133	5	0
331	133	3	0
338	133	4	0
339	133	4	0
342	133	4	0
346	133	5	0
350	133	5	0
354	133	3	0
378	133	5	0
379	133	4	0
381	133	5	0
385	133	1	0
387	133	2	0
389	133	5	0
391	133	4	0
398	133	3	0
401	133	4	0
406	133	5	0
409	133	4	0
416	133	2	0
426	133	5	0
429	133	3	0
436	133	3	0
437	133	5	0
447	133	4	0
450	133	5	0
454	133	4	0
456	133	3	0
457	133	4	0
479	133	2	0
487	133	4	0
488	133	4	0
495	133	3	0
496	133	5	0
500	133	3	0
503	133	5	0
504	133	5	0
505	133	5	0
522	133	3	0
524	133	5	0
533	133	5	0
535	133	5	0
536	133	4	0
537	133	4	0
539	133	4	0
554	133	4	0
556	133	5	0
561	133	3	0
562	133	2	0
566	133	4	0
567	133	4	0
577	133	4	0
588	133	5	0
593	133	4	0
601	133	4	0
605	133	5	0
608	133	4	0
610	133	4	0
618	133	4	0
632	133	4	0
642	133	5	0
648	133	4	0
650	133	4	0
655	133	4	0
665	133	3	0
666	133	3	0
669	133	4	0
683	133	5	0
694	133	5	0
698	133	2	0
707	133	2	0
711	133	5	0
716	133	5	0
731	133	1	0
747	133	5	0
748	133	3	0
749	133	4	0
763	133	3	0
766	133	3	0
780	133	5	0
786	133	5	0
788	133	5	0
798	133	3	0
804	133	3	0
806	133	5	0
807	133	5	0
815	133	5	0
835	133	5	0
843	133	3	0
846	133	4	0
847	133	3	0
848	133	4	0
849	133	5	0
854	133	3	0
864	133	5	0
868	133	2	0
875	133	4	0
881	133	4	0
882	133	5	0
890	133	5	0
892	133	3	0
896	133	2	0
897	133	4	0
899	133	3	0
908	133	5	0
918	133	1	0
921	133	5	0
932	133	4	0
1	135	4	0
5	135	4	0
6	135	5	0
7	135	5	0
10	135	5	0
11	135	4	0
13	135	5	0
16	135	4	0
18	135	3	0
25	135	3	0
30	135	5	0
31	135	4	0
41	135	4	0
42	135	4	0
44	135	5	0
58	135	4	0
59	135	5	0
60	135	5	0
62	135	4	0
64	135	4	0
65	135	4	0
70	135	4	0
71	135	4	0
72	135	4	0
73	135	5	0
76	135	5	0
82	135	3	0
85	135	5	0
87	135	5	0
90	135	5	0
91	135	4	0
92	135	4	0
94	135	4	0
95	135	3	0
97	135	5	0
114	135	4	0
118	135	5	0
121	135	5	0
122	135	4	0
123	135	5	0
144	135	5	0
145	135	5	0
148	135	5	0
151	135	5	0
154	135	5	0
160	135	4	0
161	135	2	0
177	135	5	0
178	135	2	0
187	135	4	0
189	135	4	0
194	135	3	0
195	135	5	0
198	135	5	0
200	135	4	0
207	135	2	0
210	135	5	0
213	135	5	0
214	135	3	0
222	135	5	0
224	135	1	0
230	135	2	0
233	135	4	0
234	135	4	0
235	135	4	0
236	135	2	0
239	135	5	0
244	135	4	0
249	135	5	0
250	135	5	0
254	135	5	0
263	135	5	0
267	135	5	0
268	135	4	0
269	135	4	0
271	135	4	0
275	135	3	0
276	135	5	0
280	135	4	0
290	135	4	0
292	135	4	0
293	135	5	0
297	135	4	0
299	135	4	0
305	135	3	0
307	135	4	0
308	135	5	0
311	135	4	0
313	135	5	0
321	135	4	0
325	135	5	0
326	135	3	0
328	135	3	0
330	135	3	0
334	135	4	0
337	135	5	0
338	135	5	0
339	135	5	0
342	135	3	0
343	135	5	0
354	135	3	0
370	135	4	0
373	135	1	0
374	135	4	0
378	135	2	0
379	135	4	0
380	135	3	0
381	135	5	0
382	135	3	0
383	135	5	0
385	135	3	0
387	135	5	0
389	135	2	0
393	135	1	0
397	135	5	0
398	135	3	0
401	135	1	0
402	135	4	0
405	135	5	0
406	135	5	0
407	135	3	0
409	135	5	0
412	135	4	0
417	135	3	0
426	135	3	0
435	135	3	0
437	135	4	0
447	135	5	0
450	135	3	0
452	135	3	0
454	135	2	0
455	135	5	0
456	135	4	0
457	135	5	0
465	135	3	0
468	135	5	0
472	135	4	0
474	135	5	0
479	135	4	0
484	135	4	0
488	135	4	0
495	135	3	0
496	135	2	0
498	135	5	0
500	135	5	0
506	135	5	0
514	135	4	0
521	135	4	0
522	135	5	0
524	135	3	0
527	135	2	0
532	135	3	0
533	135	3	0
535	135	3	0
536	135	5	0
537	135	5	0
543	135	5	0
545	135	4	0
551	135	5	0
553	135	4	0
556	135	2	0
561	135	4	0
562	135	5	0
566	135	5	0
567	135	3	0
568	135	4	0
573	135	4	0
592	135	5	0
601	135	4	0
605	135	5	0
606	135	5	0
610	135	3	0
615	135	4	0
618	135	4	0
621	135	5	0
622	135	4	0
625	135	5	0
627	135	4	0
629	135	5	0
639	135	4	0
642	135	3	0
645	135	5	0
650	135	4	0
653	135	5	0
655	135	4	0
659	135	3	0
660	135	4	0
661	135	5	0
665	135	4	0
666	135	4	0
670	135	3	0
682	135	4	0
686	135	5	0
693	135	4	0
694	135	5	0
698	135	3	0
704	135	5	0
707	135	2	0
710	135	5	0
711	135	4	0
715	135	2	0
716	135	3	0
721	135	3	0
727	135	2	0
738	135	5	0
746	135	1	0
747	135	5	0
748	135	4	0
749	135	4	0
756	135	2	0
758	135	5	0
763	135	5	0
766	135	4	0
774	135	3	0
776	135	4	0
777	135	3	0
781	135	5	0
788	135	3	0
790	135	3	0
795	135	3	0
802	135	4	0
804	135	3	0
805	135	4	0
807	135	5	0
815	135	2	0
823	135	4	0
833	135	4	0
835	135	5	0
840	135	5	0
843	135	5	0
846	135	4	0
847	135	4	0
848	135	4	0
854	135	4	0
862	135	5	0
867	135	5	0
868	135	5	0
870	135	3	0
875	135	4	0
881	135	4	0
882	135	5	0
883	135	4	0
885	135	2	0
889	135	2	0
890	135	5	0
892	135	5	0
896	135	3	0
897	135	3	0
899	135	4	0
901	135	4	0
916	135	4	0
918	135	1	0
922	135	2	0
928	135	4	0
929	135	5	0
932	135	5	0
933	135	4	0
934	135	4	0
942	135	3	0
1	185	4	0
5	185	3	0
6	185	5	0
7	185	5	0
10	185	5	0
11	185	4	0
13	185	3	0
18	185	3	0
21	185	5	0
23	185	4	0
28	185	5	0
38	185	2	0
42	185	4	0
44	185	4	0
48	185	4	0
49	185	5	0
58	185	2	0
59	185	5	0
60	185	4	0
64	185	4	0
65	185	4	0
70	185	4	0
82	185	3	0
90	185	5	0
94	185	5	0
95	185	3	0
96	185	5	0
102	185	3	0
115	185	5	0
116	185	3	0
118	185	5	0
123	185	4	0
130	185	5	0
135	185	4	0
138	185	4	0
145	185	4	0
148	185	1	0
151	185	4	0
154	185	5	0
160	185	5	0
184	185	4	0
188	185	4	0
189	185	5	0
194	185	4	0
198	185	3	0
201	185	5	0
207	185	4	0
210	185	4	0
213	185	5	0
214	185	5	0
215	185	4	0
217	185	3	0
222	185	4	0
223	185	2	0
230	185	4	0
234	185	3	0
235	185	4	0
236	185	5	0
237	185	4	0
239	185	4	0
246	185	5	0
248	185	3	0
251	185	5	0
255	185	4	0
256	185	5	0
259	185	4	0
262	185	3	0
264	185	5	0
268	185	3	0
269	185	5	0
270	185	5	0
271	185	3	0
276	185	4	0
285	185	3	0
293	185	5	0
297	185	5	0
298	185	3	0
299	185	3	0
303	185	5	0
307	185	3	0
308	185	4	0
311	185	2	0
312	185	5	0
313	185	5	0
315	185	4	0
316	185	2	0
320	185	4	0
322	185	5	0
325	185	5	0
326	185	5	0
328	185	4	0
329	185	3	0
330	185	4	0
334	185	4	0
339	185	4	0
350	185	5	0
354	185	3	0
361	185	5	0
363	185	5	0
366	185	5	0
367	185	5	0
371	185	3	0
372	185	5	0
374	185	5	0
375	185	5	0
379	185	5	0
380	185	4	0
383	185	5	0
385	185	5	0
389	185	5	0
398	185	5	0
401	185	4	0
405	185	4	0
406	185	5	0
407	185	5	0
415	185	4	0
416	185	4	0
417	185	3	0
421	185	4	0
422	185	4	0
425	185	2	0
426	185	5	0
429	185	4	0
435	185	4	0
437	185	5	0
450	185	5	0
452	185	5	0
454	185	2	0
456	185	4	0
457	185	5	0
472	185	5	0
474	185	5	0
479	185	4	0
480	185	2	0
488	185	4	0
492	185	3	0
495	185	5	0
497	185	3	0
498	185	4	0
503	185	5	0
504	185	5	0
508	185	5	0
514	185	3	0
524	185	4	0
527	185	5	0
528	185	4	0
535	185	4	0
537	185	4	0
539	185	4	0
543	185	4	0
546	185	4	0
548	185	5	0
551	185	5	0
561	185	4	0
562	185	5	0
567	185	5	0
568	185	4	0
573	185	3	0
586	185	2	0
592	185	5	0
601	185	4	0
604	185	2	0
606	185	3	0
608	185	5	0
610	185	5	0
617	185	5	0
618	185	5	0
622	185	3	0
623	185	4	0
638	185	5	0
643	185	5	0
645	185	5	0
648	185	5	0
650	185	3	0
653	185	2	0
655	185	4	0
659	185	4	0
661	185	5	0
665	185	4	0
666	185	4	0
682	185	4	0
686	185	5	0
691	185	5	0
693	185	5	0
694	185	4	0
699	185	4	0
704	185	4	0
707	185	3	0
710	185	4	0
711	185	4	0
716	185	5	0
719	185	4	0
747	185	5	0
749	185	4	0
753	185	3	0
758	185	4	0
760	185	2	0
766	185	4	0
773	185	4	0
774	185	2	0
776	185	4	0
788	185	4	0
796	185	4	0
802	185	3	0
804	185	4	0
805	185	5	0
814	185	3	0
815	185	3	0
833	185	5	0
835	185	4	0
836	185	5	0
840	185	5	0
843	185	3	0
846	185	5	0
847	185	2	0
848	185	3	0
854	185	4	0
862	185	5	0
870	185	4	0
875	185	4	0
877	185	4	0
880	185	5	0
881	185	5	0
882	185	5	0
883	185	5	0
889	185	4	0
890	185	5	0
897	185	5	0
903	185	5	0
907	185	4	0
908	185	4	0
911	185	5	0
912	185	3	0
913	185	4	0
921	185	3	0
925	185	4	0
929	185	5	0
932	185	4	0
943	185	2	0
1	191	5	0
6	191	4	0
7	191	5	0
10	191	5	0
11	191	4	0
12	191	5	0
13	191	3	0
14	191	4	0
16	191	5	0
18	191	4	0
23	191	3	0
24	191	5	0
41	191	4	0
43	191	5	0
44	191	4	0
48	191	5	0
52	191	5	0
56	191	4	0
58	191	5	0
59	191	4	0
62	191	5	0
64	191	4	0
65	191	4	0
70	191	3	0
72	191	5	0
77	191	3	0
82	191	4	0
83	191	4	0
85	191	4	0
90	191	5	0
92	191	4	0
94	191	5	0
95	191	5	0
97	191	5	0
106	191	5	0
109	191	4	0
114	191	3	0
116	191	4	0
122	191	5	0
125	191	5	0
128	191	4	0
144	191	4	0
148	191	1	0
151	191	3	0
152	191	5	0
154	191	4	0
161	191	2	0
180	191	4	0
182	191	4	0
184	191	4	0
187	191	5	0
188	191	3	0
189	191	5	0
194	191	4	0
198	191	4	0
200	191	5	0
201	191	4	0
202	191	2	0
204	191	4	0
207	191	4	0
212	191	3	0
214	191	4	0
215	191	4	0
222	191	2	0
224	191	4	0
226	191	4	0
232	191	4	0
233	191	4	0
234	191	4	0
235	191	4	0
236	191	4	0
237	191	4	0
243	191	5	0
244	191	5	0
249	191	4	0
250	191	5	0
262	191	4	0
268	191	4	0
269	191	5	0
271	191	5	0
275	191	4	0
279	191	3	0
285	191	4	0
286	191	4	0
290	191	3	0
295	191	5	0
296	191	5	0
297	191	3	0
299	191	4	0
301	191	3	0
303	191	5	0
305	191	3	0
308	191	4	0
311	191	4	0
312	191	5	0
313	191	5	0
316	191	5	0
318	191	5	0
321	191	3	0
325	191	3	0
327	191	4	0
334	191	4	0
339	191	5	0
342	191	5	0
343	191	5	0
344	191	5	0
345	191	5	0
354	191	4	0
360	191	4	0
373	191	4	0
378	191	5	0
379	191	5	0
381	191	5	0
385	191	2	0
387	191	4	0
389	191	5	0
391	191	3	0
392	191	5	0
393	191	3	0
398	191	4	0
401	191	4	0
405	191	4	0
406	191	5	0
407	191	5	0
409	191	5	0
416	191	5	0
417	191	5	0
419	191	4	0
425	191	3	0
426	191	4	0
429	191	5	0
435	191	4	0
437	191	4	0
450	191	5	0
452	191	5	0
454	191	4	0
455	191	5	0
456	191	3	0
457	191	5	0
458	191	5	0
465	191	4	0
468	191	4	0
472	191	5	0
474	191	5	0
480	191	4	0
481	191	5	0
487	191	4	0
488	191	3	0
493	191	4	0
494	191	4	0
495	191	3	0
496	191	5	0
498	191	4	0
499	191	5	0
505	191	3	0
506	191	4	0
508	191	5	0
512	191	4	0
514	191	5	0
516	191	4	0
521	191	4	0
524	191	4	0
527	191	5	0
530	191	5	0
532	191	5	0
533	191	4	0
536	191	4	0
537	191	4	0
538	191	5	0
542	191	5	0
543	191	4	0
553	191	4	0
554	191	5	0
559	191	5	0
561	191	3	0
562	191	5	0
566	191	4	0
567	191	3	0
568	191	4	0
571	191	4	0
577	191	4	0
591	191	5	0
592	191	5	0
601	191	4	0
605	191	5	0
606	191	5	0
615	191	5	0
618	191	4	0
625	191	3	0
627	191	4	0
629	191	3	0
630	191	3	0
632	191	5	0
639	191	3	0
642	191	4	0
645	191	5	0
648	191	5	0
650	191	4	0
653	191	5	0
655	191	4	0
659	191	5	0
660	191	4	0
661	191	4	0
664	191	3	0
665	191	3	0
666	191	4	0
669	191	3	0
670	191	4	0
682	191	3	0
686	191	5	0
693	191	2	0
694	191	5	0
698	191	2	0
699	191	3	0
704	191	3	0
705	191	1	0
707	191	5	0
711	191	5	0
712	191	3	0
716	191	5	0
721	191	3	0
723	191	3	0
727	191	4	0
734	191	4	0
738	191	4	0
749	191	4	0
758	191	5	0
763	191	4	0
764	191	3	0
766	191	4	0
773	191	4	0
776	191	5	0
781	191	4	0
786	191	4	0
790	191	3	0
795	191	4	0
796	191	4	0
798	191	4	0
799	191	3	0
804	191	4	0
805	191	4	0
815	191	5	0
823	191	5	0
833	191	4	0
835	191	4	0
838	191	5	0
840	191	4	0
843	191	3	0
846	191	5	0
847	191	4	0
848	191	5	0
854	191	4	0
864	191	4	0
867	191	5	0
868	191	3	0
870	191	3	0
874	191	4	0
878	191	4	0
880	191	5	0
881	191	5	0
882	191	5	0
886	191	5	0
888	191	5	0
889	191	4	0
892	191	5	0
896	191	4	0
902	191	5	0
903	191	5	0
911	191	5	0
913	191	5	0
919	191	5	0
922	191	3	0
928	191	5	0
932	191	4	0
934	191	5	0
940	191	4	0
1	194	4	0
5	194	4	0
6	194	4	0
7	194	5	0
10	194	4	0
11	194	4	0
13	194	5	0
16	194	5	0
18	194	3	0
20	194	3	0
22	194	5	0
23	194	4	0
41	194	3	0
42	194	5	0
44	194	5	0
48	194	4	0
56	194	5	0
57	194	4	0
58	194	3	0
59	194	3	0
60	194	4	0
64	194	5	0
65	194	4	0
72	194	4	0
80	194	3	0
82	194	4	0
84	194	5	0
85	194	4	0
87	194	5	0
90	194	5	0
94	194	4	0
95	194	5	0
96	194	2	0
97	194	3	0
98	194	5	0
102	194	3	0
106	194	5	0
119	194	5	0
125	194	5	0
138	194	5	0
144	194	5	0
148	194	5	0
151	194	4	0
158	194	5	0
161	194	1	0
178	194	4	0
188	194	3	0
189	194	5	0
193	194	4	0
194	194	4	0
207	194	4	0
208	194	5	0
213	194	4	0
215	194	4	0
218	194	3	0
225	194	5	0
232	194	4	0
233	194	4	0
234	194	5	0
235	194	5	0
236	194	3	0
239	194	5	0
243	194	4	0
248	194	4	0
263	194	5	0
264	194	5	0
268	194	4	0
269	194	5	0
271	194	5	0
272	194	5	0
283	194	4	0
285	194	4	0
292	194	4	0
293	194	4	0
295	194	4	0
296	194	5	0
297	194	3	0
298	194	5	0
299	194	3	0
301	194	4	0
303	194	5	0
308	194	5	0
311	194	4	0
312	194	4	0
313	194	4	0
315	194	4	0
318	194	5	0
321	194	3	0
322	194	5	0
326	194	4	0
328	194	3	0
329	194	3	0
338	194	3	0
339	194	4	0
342	194	3	0
343	194	5	0
352	194	3	0
360	194	3	0
361	194	4	0
371	194	3	0
373	194	4	0
377	194	5	0
378	194	4	0
379	194	5	0
380	194	4	0
385	194	3	0
387	194	3	0
389	194	4	0
391	194	4	0
393	194	4	0
397	194	3	0
398	194	5	0
401	194	4	0
405	194	1	0
406	194	5	0
407	194	4	0
411	194	5	0
416	194	5	0
421	194	4	0
426	194	4	0
429	194	4	0
433	194	5	0
435	194	4	0
450	194	5	0
452	194	4	0
454	194	3	0
456	194	3	0
457	194	5	0
458	194	2	0
459	194	3	0
464	194	5	0
465	194	4	0
469	194	5	0
474	194	5	0
476	194	5	0
487	194	5	0
494	194	4	0
497	194	3	0
499	194	4	0
503	194	4	0
504	194	3	0
506	194	5	0
514	194	4	0
516	194	4	0
523	194	5	0
524	194	4	0
528	194	5	0
533	194	4	0
535	194	5	0
537	194	3	0
542	194	4	0
543	194	3	0
545	194	3	0
559	194	3	0
561	194	4	0
562	194	5	0
567	194	3	0
568	194	3	0
571	194	3	0
573	194	4	0
575	194	4	0
577	194	4	0
579	194	5	0
591	194	4	0
592	194	4	0
606	194	4	0
613	194	5	0
615	194	5	0
622	194	4	0
623	194	5	0
629	194	5	0
632	194	4	0
638	194	3	0
639	194	4	0
643	194	4	0
645	194	4	0
648	194	5	0
650	194	4	0
653	194	3	0
661	194	5	0
664	194	4	0
665	194	3	0
666	194	3	0
669	194	3	0
686	194	5	0
690	194	4	0
692	194	4	0
694	194	5	0
698	194	4	0
707	194	4	0
716	194	5	0
721	194	5	0
731	194	3	0
741	194	4	0
745	194	4	0
747	194	3	0
748	194	4	0
749	194	5	0
751	194	5	0
753	194	4	0
763	194	5	0
766	194	3	0
774	194	3	0
776	194	4	0
788	194	4	0
796	194	4	0
798	194	4	0
802	194	4	0
804	194	4	0
807	194	4	0
823	194	5	0
830	194	4	0
833	194	3	0
835	194	4	0
840	194	3	0
843	194	2	0
846	194	4	0
854	194	3	0
864	194	4	0
870	194	3	0
878	194	4	0
880	194	5	0
881	194	3	0
882	194	3	0
883	194	3	0
886	194	3	0
889	194	5	0
890	194	5	0
892	194	4	0
897	194	5	0
899	194	5	0
901	194	5	0
908	194	3	0
911	194	4	0
912	194	4	0
916	194	4	0
921	194	3	0
932	194	5	0
933	194	4	0
940	194	5	0
943	194	5	0
1	197	5	0
6	197	5	0
7	197	4	0
10	197	5	0
13	197	4	0
16	197	5	0
18	197	4	0
25	197	3	0
44	197	4	0
59	197	5	0
60	197	4	0
64	197	3	0
65	197	5	0
69	197	5	0
70	197	4	0
71	197	5	0
72	197	5	0
73	197	5	0
76	197	5	0
82	197	4	0
85	197	5	0
89	197	5	0
90	197	5	0
95	197	4	0
97	197	3	0
114	197	4	0
121	197	4	0
122	197	5	0
123	197	5	0
128	197	4	0
144	197	4	0
151	197	5	0
154	197	5	0
156	197	5	0
161	197	3	0
174	197	5	0
177	197	4	0
178	197	2	0
184	197	4	0
185	197	5	0
187	197	4	0
189	197	5	0
194	197	4	0
198	197	4	0
201	197	4	0
207	197	4	0
208	197	5	0
210	197	5	0
212	197	5	0
213	197	5	0
215	197	4	0
232	197	4	0
233	197	5	0
234	197	5	0
235	197	5	0
237	197	4	0
244	197	4	0
263	197	4	0
269	197	5	0
271	197	4	0
276	197	5	0
280	197	2	0
288	197	5	0
292	197	5	0
297	197	3	0
298	197	4	0
299	197	3	0
301	197	5	0
305	197	2	0
307	197	4	0
308	197	3	0
311	197	4	0
312	197	4	0
313	197	5	0
316	197	4	0
318	197	5	0
321	197	5	0
322	197	5	0
325	197	4	0
326	197	1	0
327	197	4	0
329	197	4	0
330	197	5	0
334	197	4	0
338	197	5	0
339	197	5	0
342	197	4	0
343	197	4	0
345	197	4	0
354	197	4	0
360	197	5	0
361	197	5	0
371	197	4	0
373	197	3	0
374	197	5	0
376	197	4	0
378	197	3	0
379	197	5	0
380	197	3	0
382	197	4	0
383	197	5	0
385	197	4	0
387	197	2	0
389	197	5	0
391	197	5	0
392	197	5	0
397	197	5	0
398	197	5	0
401	197	4	0
405	197	4	0
406	197	4	0
407	197	4	0
409	197	3	0
416	197	5	0
419	197	5	0
421	197	3	0
426	197	4	0
429	197	4	0
437	197	5	0
450	197	5	0
452	197	5	0
454	197	4	0
455	197	5	0
456	197	4	0
457	197	5	0
474	197	5	0
479	197	4	0
480	197	3	0
481	197	3	0
483	197	3	0
484	197	4	0
487	197	3	0
488	197	2	0
497	197	3	0
498	197	5	0
503	197	5	0
504	197	4	0
514	197	4	0
523	197	5	0
524	197	4	0
527	197	4	0
532	197	5	0
533	197	5	0
535	197	5	0
536	197	3	0
537	197	4	0
539	197	5	0
543	197	4	0
553	197	5	0
557	197	5	0
559	197	4	0
560	197	4	0
561	197	4	0
562	197	4	0
567	197	5	0
592	197	5	0
606	197	3	0
608	197	5	0
615	197	4	0
618	197	3	0
621	197	4	0
625	197	5	0
627	197	5	0
629	197	5	0
639	197	3	0
643	197	4	0
645	197	5	0
647	197	5	0
648	197	3	0
650	197	4	0
653	197	3	0
655	197	3	0
659	197	5	0
660	197	3	0
661	197	4	0
664	197	4	0
666	197	4	0
667	197	4	0
686	197	5	0
690	197	4	0
693	197	3	0
694	197	5	0
704	197	5	0
707	197	4	0
710	197	4	0
711	197	4	0
716	197	5	0
721	197	4	0
727	197	3	0
731	197	5	0
738	197	4	0
739	197	1	0
748	197	3	0
749	197	4	0
751	197	3	0
756	197	2	0
758	197	3	0
763	197	4	0
766	197	3	0
771	197	1	0
774	197	1	0
778	197	4	0
786	197	3	0
796	197	3	0
798	197	2	0
802	197	3	0
804	197	4	0
805	197	5	0
806	197	4	0
823	197	5	0
830	197	4	0
831	197	4	0
833	197	3	0
835	197	5	0
840	197	5	0
843	197	2	0
846	197	4	0
848	197	5	0
849	197	5	0
854	197	4	0
862	197	4	0
864	197	4	0
867	197	4	0
870	197	5	0
871	197	3	0
874	197	4	0
877	197	4	0
878	197	4	0
881	197	3	0
883	197	4	0
899	197	4	0
911	197	4	0
912	197	5	0
914	197	4	0
918	197	2	0
929	197	3	0
932	197	5	0
934	197	5	0
942	197	5	0
1	208	5	0
5	208	4	0
6	208	4	0
7	208	5	0
11	208	4	0
13	208	5	0
16	208	5	0
18	208	4	0
20	208	2	0
22	208	5	0
25	208	4	0
43	208	5	0
44	208	4	0
49	208	4	0
59	208	5	0
60	208	5	0
70	208	4	0
80	208	5	0
82	208	3	0
85	208	5	0
87	208	5	0
90	208	3	0
92	208	4	0
94	208	4	0
95	208	4	0
97	208	5	0
102	208	4	0
125	208	3	0
151	208	4	0
158	208	5	0
162	208	3	0
184	208	4	0
194	208	3	0
198	208	3	0
200	208	5	0
207	208	4	0
208	208	4	0
210	208	5	0
214	208	5	0
215	208	4	0
218	208	3	0
222	208	3	0
233	208	4	0
234	208	4	0
239	208	3	0
243	208	4	0
244	208	5	0
246	208	4	0
264	208	5	0
268	208	4	0
269	208	2	0
271	208	4	0
272	208	4	0
274	208	4	0
275	208	3	0
279	208	5	0
283	208	5	0
286	208	4	0
287	208	4	0
290	208	3	0
293	208	3	0
295	208	5	0
297	208	4	0
298	208	5	0
299	208	4	0
303	208	5	0
308	208	4	0
311	208	4	0
312	208	5	0
313	208	3	0
318	208	4	0
325	208	3	0
326	208	3	0
330	208	5	0
334	208	5	0
336	208	2	0
338	208	3	0
339	208	4	0
342	208	4	0
343	208	4	0
344	208	5	0
347	208	2	0
354	208	4	0
358	208	2	0
363	208	4	0
373	208	4	0
379	208	4	0
380	208	2	0
385	208	3	0
387	208	3	0
389	208	5	0
394	208	5	0
398	208	5	0
405	208	5	0
406	208	2	0
407	208	4	0
411	208	4	0
412	208	4	0
417	208	3	0
421	208	2	0
426	208	4	0
429	208	4	0
435	208	4	0
437	208	5	0
445	208	2	0
450	208	5	0
456	208	4	0
457	208	4	0
458	208	4	0
472	208	5	0
474	208	3	0
476	208	5	0
480	208	2	0
488	208	4	0
493	208	4	0
495	208	5	0
497	208	3	0
499	208	4	0
500	208	4	0
504	208	4	0
506	208	4	0
508	208	5	0
514	208	4	0
521	208	3	0
522	208	5	0
523	208	5	0
524	208	5	0
527	208	4	0
533	208	4	0
537	208	4	0
538	208	3	0
542	208	4	0
545	208	3	0
576	208	3	0
577	208	4	0
588	208	3	0
601	208	4	0
606	208	3	0
615	208	4	0
621	208	4	0
625	208	3	0
642	208	5	0
643	208	5	0
645	208	5	0
648	208	5	0
650	208	5	0
653	208	3	0
655	208	3	0
660	208	4	0
666	208	3	0
669	208	2	0
684	208	3	0
686	208	5	0
690	208	5	0
692	208	4	0
704	208	3	0
707	208	5	0
715	208	3	0
716	208	5	0
727	208	4	0
738	208	4	0
746	208	4	0
747	208	5	0
748	208	4	0
749	208	5	0
758	208	4	0
766	208	5	0
774	208	2	0
780	208	3	0
786	208	5	0
790	208	3	0
795	208	4	0
798	208	3	0
804	208	5	0
807	208	4	0
831	208	2	0
833	208	3	0
840	208	4	0
843	208	3	0
846	208	5	0
850	208	5	0
862	208	2	0
864	208	4	0
868	208	3	0
870	208	4	0
880	208	5	0
881	208	3	0
882	208	5	0
883	208	4	0
885	208	3	0
886	208	3	0
889	208	4	0
890	208	5	0
892	208	4	0
897	208	5	0
899	208	3	0
911	208	4	0
918	208	3	0
932	208	5	0
934	208	5	0
1	211	3	0
5	211	4	0
6	211	5	0
7	211	5	0
10	211	5	0
11	211	3	0
13	211	4	0
14	211	4	0
18	211	5	0
19	211	4	0
22	211	3	0
23	211	4	0
38	211	1	0
42	211	4	0
43	211	4	0
44	211	4	0
59	211	5	0
60	211	4	0
64	211	4	0
65	211	4	0
70	211	3	0
82	211	4	0
85	211	5	0
87	211	5	0
90	211	5	0
91	211	2	0
94	211	5	0
95	211	3	0
98	211	4	0
102	211	3	0
103	211	3	0
106	211	4	0
109	211	5	0
125	211	3	0
138	211	4	0
151	211	5	0
154	211	4	0
156	211	4	0
160	211	4	0
169	211	5	0
188	211	4	0
194	211	4	0
201	211	3	0
207	211	5	0
208	211	5	0
210	211	5	0
215	211	4	0
230	211	5	0
234	211	3	0
235	211	5	0
236	211	3	0
237	211	4	0
246	211	4	0
254	211	3	0
264	211	5	0
268	211	4	0
269	211	4	0
271	211	5	0
272	211	5	0
274	211	5	0
279	211	4	0
283	211	4	0
286	211	4	0
288	211	5	0
290	211	3	0
293	211	4	0
296	211	4	0
297	211	4	0
298	211	5	0
299	211	4	0
308	211	4	0
311	211	3	0
312	211	4	0
313	211	5	0
315	211	4	0
318	211	5	0
321	211	4	0
325	211	3	0
326	211	4	0
327	211	3	0
328	211	4	0
338	211	4	0
339	211	5	0
340	211	3	0
343	211	5	0
346	211	4	0
350	211	2	0
354	211	2	0
373	211	4	0
379	211	5	0
380	211	3	0
385	211	3	0
387	211	4	0
389	211	4	0
398	211	4	0
401	211	4	0
405	211	1	0
406	211	5	0
407	211	4	0
409	211	4	0
412	211	4	0
416	211	5	0
417	211	4	0
426	211	4	0
429	211	5	0
435	211	4	0
437	211	4	0
447	211	4	0
450	211	5	0
452	211	2	0
454	211	2	0
456	211	4	0
474	211	5	0
476	211	5	0
479	211	4	0
481	211	5	0
484	211	4	0
488	211	4	0
495	211	5	0
500	211	3	0
503	211	5	0
504	211	4	0
506	211	4	0
508	211	3	0
514	211	3	0
523	211	4	0
524	211	5	0
527	211	4	0
533	211	4	0
535	211	4	0
537	211	4	0
538	211	4	0
543	211	4	0
545	211	3	0
551	211	5	0
560	211	4	0
561	211	4	0
573	211	5	0
579	211	3	0
591	211	4	0
593	211	4	0
606	211	5	0
607	211	5	0
615	211	5	0
623	211	3	0
638	211	4	0
643	211	4	0
645	211	4	0
648	211	4	0
650	211	4	0
653	211	1	0
655	211	3	0
659	211	3	0
660	211	4	0
666	211	4	0
682	211	4	0
690	211	3	0
692	211	4	0
693	211	2	0
694	211	5	0
698	211	2	0
699	211	1	0
704	211	5	0
707	211	3	0
716	211	5	0
727	211	4	0
738	211	3	0
747	211	5	0
749	211	5	0
753	211	4	0
758	211	4	0
766	211	4	0
774	211	3	0
786	211	4	0
788	211	4	0
790	211	4	0
796	211	3	0
804	211	4	0
807	211	4	0
823	211	5	0
830	211	4	0
833	211	3	0
843	211	2	0
846	211	2	0
847	211	4	0
860	211	3	0
862	211	5	0
867	211	3	0
868	211	3	0
870	211	3	0
875	211	5	0
882	211	4	0
883	211	5	0
889	211	4	0
890	211	2	0
896	211	4	0
897	211	5	0
901	211	4	0
903	211	5	0
911	211	3	0
916	211	4	0
918	211	2	0
924	211	3	0
932	211	5	0
933	211	4	0
934	211	4	0
4	357	4	0
6	357	4	0
7	357	5	0
10	357	5	0
11	357	5	0
13	357	3	0
14	357	2	0
16	357	5	0
18	357	4	0
20	357	1	0
23	357	3	0
24	357	5	0
25	357	4	0
41	357	4	0
42	357	5	0
44	357	4	0
48	357	5	0
59	357	5	0
60	357	4	0
62	357	4	0
71	357	5	0
72	357	4	0
73	357	5	0
77	357	3	0
82	357	4	0
85	357	4	0
90	357	5	0
91	357	5	0
94	357	5	0
95	357	4	0
97	357	5	0
109	357	2	0
114	357	4	0
115	357	5	0
121	357	5	0
122	357	3	0
125	357	3	0
130	357	5	0
138	357	4	0
144	357	4	0
148	357	5	0
151	357	5	0
153	357	5	0
154	357	4	0
156	357	4	0
163	357	4	0
184	357	5	0
188	357	4	0
194	357	4	0
198	357	5	0
200	357	5	0
201	357	4	0
207	357	5	0
210	357	5	0
211	357	2	0
213	357	5	0
214	357	5	0
215	357	4	0
216	357	4	0
222	357	4	0
230	357	5	0
232	357	4	0
233	357	5	0
234	357	4	0
237	357	4	0
244	357	5	0
249	357	4	0
250	357	4	0
254	357	3	0
259	357	5	0
263	357	5	0
268	357	4	0
269	357	5	0
271	357	5	0
272	357	5	0
276	357	5	0
285	357	5	0
286	357	4	0
288	357	5	0
290	357	3	0
293	357	4	0
295	357	4	0
296	357	5	0
297	357	4	0
298	357	5	0
301	357	5	0
303	357	5	0
305	357	5	0
308	357	4	0
311	357	5	0
312	357	5	0
313	357	5	0
316	357	4	0
318	357	4	0
321	357	4	0
325	357	4	0
327	357	4	0
328	357	4	0
330	357	4	0
339	357	5	0
342	357	3	0
343	357	5	0
344	357	5	0
347	357	5	0
358	357	4	0
360	357	5	0
371	357	5	0
373	357	4	0
376	357	4	0
379	357	5	0
380	357	4	0
382	357	4	0
383	357	5	0
385	357	4	0
387	357	5	0
391	357	5	0
393	357	2	0
397	357	5	0
398	357	4	0
401	357	4	0
405	357	5	0
406	357	4	0
407	357	4	0
409	357	5	0
412	357	4	0
416	357	5	0
417	357	5	0
425	357	5	0
429	357	5	0
435	357	4	0
450	357	5	0
453	357	5	0
454	357	3	0
456	357	4	0
457	357	5	0
458	357	3	0
459	357	4	0
465	357	4	0
466	357	4	0
468	357	5	0
474	357	5	0
478	357	5	0
479	357	4	0
488	357	4	0
493	357	5	0
494	357	5	0
495	357	5	0
499	357	5	0
504	357	4	0
508	357	5	0
514	357	4	0
516	357	3	0
527	357	5	0
530	357	5	0
532	357	5	0
533	357	3	0
535	357	2	0
537	357	4	0
539	357	4	0
542	357	5	0
543	357	4	0
551	357	5	0
555	357	4	0
561	357	3	0
562	357	1	0
567	357	2	0
571	357	4	0
575	357	5	0
583	357	5	0
591	357	5	0
592	357	4	0
593	357	5	0
594	357	4	0
601	357	4	0
605	357	5	0
608	357	5	0
615	357	5	0
617	357	4	0
625	357	3	0
629	357	4	0
630	357	3	0
632	357	4	0
639	357	3	0
640	357	5	0
642	357	2	0
643	357	5	0
645	357	5	0
647	357	5	0
648	357	2	0
650	357	4	0
653	357	4	0
655	357	4	0
659	357	4	0
660	357	2	0
661	357	4	0
663	357	5	0
665	357	4	0
666	357	4	0
667	357	5	0
669	357	4	0
679	357	5	0
682	357	3	0
686	357	5	0
690	357	5	0
693	357	5	0
694	357	5	0
698	357	4	0
710	357	4	0
716	357	5	0
719	357	4	0
721	357	5	0
731	357	5	0
737	357	5	0
738	357	4	0
741	357	5	0
747	357	5	0
748	357	3	0
749	357	4	0
753	357	4	0
763	357	4	0
766	357	4	0
773	357	4	0
774	357	2	0
777	357	5	0
780	357	5	0
786	357	5	0
788	357	4	0
796	357	4	0
804	357	5	0
805	357	5	0
806	357	3	0
815	357	5	0
821	357	5	0
833	357	4	0
835	357	5	0
836	357	5	0
840	357	5	0
843	357	2	0
846	357	4	0
848	357	5	0
854	357	4	0
862	357	3	0
864	357	5	0
870	357	5	0
874	357	5	0
875	357	5	0
880	357	5	0
881	357	5	0
882	357	4	0
886	357	4	0
889	357	4	0
890	357	5	0
892	357	5	0
899	357	4	0
903	357	5	0
908	357	3	0
910	357	4	0
911	357	4	0
912	357	5	0
913	357	5	0
932	357	5	0
933	357	4	0
940	357	4	0
942	357	4	0
5	427	3	0
6	427	4	0
7	427	5	0
11	427	4	0
13	427	5	0
14	427	5	0
16	427	5	0
18	427	5	0
23	427	5	0
24	427	5	0
25	427	4	0
42	427	4	0
44	427	3	0
48	427	4	0
52	427	5	0
59	427	5	0
60	427	5	0
65	427	5	0
69	427	3	0
72	427	5	0
75	427	4	0
85	427	3	0
87	427	4	0
90	427	5	0
91	427	4	0
118	427	5	0
121	427	4	0
122	427	3	0
123	427	3	0
125	427	4	0
128	427	5	0
130	427	5	0
151	427	5	0
178	427	5	0
187	427	5	0
194	427	4	0
198	427	4	0
212	427	4	0
214	427	5	0
225	427	5	0
228	427	4	0
230	427	5	0
234	427	4	0
236	427	5	0
239	427	5	0
249	427	5	0
251	427	4	0
253	427	5	0
262	427	4	0
269	427	5	0
271	427	5	0
276	427	5	0
288	427	5	0
291	427	4	0
293	427	4	0
295	427	4	0
296	427	5	0
298	427	5	0
301	427	4	0
303	427	4	0
305	427	5	0
307	427	3	0
308	427	4	0
312	427	5	0
313	427	5	0
316	427	5	0
326	427	4	0
328	427	3	0
330	427	5	0
334	427	4	0
338	427	4	0
339	427	5	0
342	427	4	0
343	427	5	0
347	427	4	0
350	427	5	0
370	427	5	0
373	427	4	0
374	427	3	0
376	427	4	0
379	427	5	0
380	427	4	0
383	427	5	0
385	427	4	0
389	427	5	0
391	427	5	0
398	427	4	0
405	427	5	0
406	427	4	0
407	427	4	0
409	427	5	0
412	427	4	0
416	427	5	0
421	427	4	0
424	427	4	0
426	427	5	0
429	427	5	0
435	427	3	0
436	427	3	0
450	427	5	0
452	427	4	0
453	427	3	0
454	427	4	0
456	427	4	0
458	427	4	0
468	427	5	0
474	427	5	0
478	427	4	0
481	427	4	0
484	427	5	0
494	427	5	0
499	427	5	0
503	427	5	0
521	427	3	0
527	427	4	0
528	427	4	0
532	427	5	0
533	427	4	0
535	427	4	0
536	427	5	0
537	427	4	0
541	427	4	0
542	427	5	0
553	427	5	0
556	427	5	0
559	427	4	0
561	427	4	0
562	427	4	0
567	427	3	0
568	427	4	0
573	427	4	0
575	427	4	0
577	427	4	0
586	427	3	0
592	427	5	0
601	427	4	0
606	427	4	0
608	427	4	0
610	427	5	0
615	427	5	0
617	427	4	0
618	427	5	0
622	427	4	0
639	427	4	0
641	427	4	0
642	427	3	0
645	427	5	0
647	427	4	0
650	427	4	0
655	427	4	0
661	427	4	0
664	427	4	0
665	427	5	0
666	427	4	0
667	427	5	0
669	427	4	0
675	427	5	0
682	427	4	0
686	427	5	0
693	427	4	0
694	427	4	0
696	427	5	0
698	427	1	0
705	427	2	0
707	427	4	0
709	427	4	0
711	427	5	0
716	427	5	0
719	427	4	0
731	427	5	0
737	427	3	0
741	427	5	0
745	427	4	0
747	427	5	0
748	427	4	0
753	427	5	0
758	427	4	0
773	427	3	0
776	427	3	0
780	427	3	0
788	427	2	0
790	427	4	0
796	427	4	0
799	427	5	0
807	427	4	0
815	427	5	0
821	427	5	0
823	427	4	0
829	427	4	0
830	427	5	0
833	427	3	0
835	427	4	0
843	427	2	0
846	427	4	0
848	427	5	0
849	427	4	0
868	427	4	0
870	427	4	0
878	427	5	0
882	427	5	0
887	427	5	0
889	427	4	0
890	427	5	0
896	427	4	0
899	427	5	0
903	427	5	0
907	427	5	0
908	427	5	0
911	427	3	0
912	427	5	0
913	427	4	0
916	427	4	0
922	427	5	0
924	427	4	0
932	427	4	0
934	427	4	0
940	427	5	0
942	427	5	0
943	427	4	0
5	432	4	0
6	432	4	0
7	432	4	0
10	432	4	0
13	432	4	0
18	432	4	0
23	432	4	0
25	432	2	0
38	432	1	0
42	432	3	0
43	432	3	0
44	432	5	0
49	432	5	0
56	432	5	0
59	432	4	0
70	432	3	0
81	432	2	0
82	432	4	0
85	432	4	0
92	432	3	0
94	432	4	0
95	432	3	0
97	432	4	0
102	432	3	0
123	432	5	0
128	432	2	0
148	432	5	0
151	432	5	0
160	432	3	0
165	432	5	0
194	432	4	0
200	432	5	0
201	432	3	0
213	432	4	0
215	432	5	0
222	432	3	0
230	432	4	0
233	432	3	0
234	432	4	0
236	432	5	0
239	432	5	0
246	432	3	0
254	432	2	0
262	432	3	0
263	432	2	0
268	432	3	0
269	432	4	0
275	432	4	0
276	432	5	0
279	432	3	0
283	432	5	0
286	432	3	0
290	432	5	0
293	432	5	0
297	432	4	0
298	432	4	0
299	432	3	0
303	432	3	0
308	432	4	0
311	432	4	0
312	432	5	0
313	432	5	0
321	432	5	0
325	432	5	0
328	432	1	0
330	432	4	0
347	432	4	0
354	432	3	0
373	432	5	0
378	432	4	0
381	432	5	0
387	432	4	0
398	432	3	0
399	432	3	0
405	432	3	0
406	432	5	0
407	432	4	0
415	432	4	0
416	432	2	0
426	432	3	0
429	432	4	0
435	432	3	0
437	432	3	0
450	432	4	0
452	432	2	0
456	432	4	0
468	432	5	0
471	432	1	0
472	432	5	0
483	432	3	0
487	432	3	0
495	432	5	0
496	432	4	0
497	432	3	0
503	432	5	0
506	432	4	0
514	432	4	0
523	432	5	0
524	432	1	0
536	432	4	0
541	432	4	0
542	432	5	0
543	432	4	0
554	432	4	0
561	432	5	0
562	432	5	0
588	432	4	0
592	432	1	0
606	432	5	0
618	432	5	0
620	432	4	0
621	432	4	0
622	432	5	0
632	432	3	0
641	432	5	0
642	432	2	0
643	432	5	0
648	432	5	0
650	432	4	0
660	432	4	0
665	432	4	0
666	432	3	0
679	432	4	0
693	432	4	0
694	432	4	0
704	432	5	0
710	432	5	0
711	432	4	0
712	432	4	0
716	432	5	0
727	432	2	0
747	432	5	0
751	432	4	0
756	432	4	0
757	432	3	0
763	432	5	0
764	432	5	0
766	432	3	0
767	432	5	0
773	432	4	0
776	432	1	0
788	432	1	0
795	432	3	0
796	432	2	0
798	432	4	0
804	432	3	0
805	432	5	0
807	432	5	0
815	432	5	0
822	432	3	0
826	432	3	0
830	432	3	0
833	432	4	0
840	432	5	0
843	432	2	0
844	432	5	0
846	432	3	0
848	432	2	0
862	432	5	0
864	432	2	0
865	432	1	0
868	432	2	0
878	432	3	0
881	432	3	0
882	432	5	0
885	432	4	0
887	432	5	0
892	432	4	0
911	432	3	0
913	432	3	0
919	432	4	0
922	432	5	0
932	432	4	0
934	432	5	0
5	435	4	0
6	435	4	0
7	435	5	0
8	435	5	0
10	435	5	0
11	435	4	0
13	435	5	0
18	435	4	0
19	435	5	0
22	435	5	0
30	435	5	0
41	435	3	0
56	435	3	0
59	435	5	0
60	435	4	0
64	435	4	0
65	435	4	0
72	435	5	0
82	435	5	0
85	435	4	0
87	435	5	0
90	435	5	0
91	435	4	0
94	435	4	0
96	435	3	0
97	435	4	0
98	435	5	0
102	435	3	0
106	435	3	0
123	435	5	0
125	435	4	0
138	435	5	0
144	435	4	0
151	435	4	0
158	435	5	0
161	435	2	0
167	435	5	0
178	435	4	0
187	435	4	0
193	435	4	0
194	435	4	0
197	435	5	0
201	435	4	0
207	435	4	0
208	435	5	0
210	435	4	0
230	435	4	0
232	435	4	0
233	435	5	0
234	435	3	0
235	435	5	0
236	435	4	0
243	435	4	0
254	435	3	0
263	435	4	0
268	435	4	0
269	435	3	0
271	435	4	0
275	435	3	0
283	435	5	0
288	435	4	0
290	435	3	0
293	435	4	0
295	435	5	0
296	435	5	0
297	435	3	0
298	435	5	0
299	435	3	0
303	435	5	0
308	435	4	0
312	435	4	0
313	435	5	0
316	435	2	0
318	435	5	0
321	435	5	0
325	435	3	0
326	435	3	0
327	435	4	0
328	435	4	0
333	435	4	0
338	435	4	0
339	435	4	0
340	435	4	0
343	435	4	0
347	435	5	0
350	435	5	0
354	435	4	0
361	435	5	0
363	435	3	0
370	435	3	0
371	435	3	0
373	435	4	0
378	435	4	0
379	435	5	0
380	435	3	0
383	435	4	0
385	435	3	0
387	435	3	0
389	435	4	0
391	435	5	0
397	435	4	0
398	435	5	0
401	435	5	0
405	435	1	0
406	435	5	0
409	435	3	0
411	435	3	0
424	435	3	0
425	435	3	0
426	435	3	0
429	435	4	0
433	435	4	0
435	435	3	0
436	435	4	0
437	435	3	0
447	435	4	0
450	435	4	0
452	435	3	0
454	435	2	0
455	435	4	0
458	435	4	0
468	435	4	0
474	435	5	0
476	435	3	0
481	435	5	0
493	435	5	0
495	435	5	0
498	435	3	0
503	435	3	0
505	435	3	0
506	435	5	0
513	435	5	0
514	435	3	0
523	435	5	0
524	435	4	0
533	435	4	0
535	435	5	0
536	435	3	0
537	435	3	0
542	435	4	0
553	435	4	0
559	435	2	0
561	435	3	0
562	435	4	0
568	435	2	0
576	435	4	0
579	435	5	0
591	435	4	0
600	435	5	0
606	435	4	0
607	435	3	0
613	435	5	0
615	435	5	0
623	435	5	0
627	435	5	0
629	435	4	0
638	435	3	0
643	435	5	0
645	435	4	0
648	435	5	0
650	435	4	0
655	435	2	0
660	435	4	0
666	435	4	0
667	435	3	0
684	435	3	0
686	435	5	0
690	435	5	0
694	435	4	0
698	435	3	0
704	435	4	0
716	435	4	0
721	435	4	0
727	435	3	0
741	435	4	0
749	435	4	0
753	435	4	0
756	435	3	0
758	435	5	0
766	435	3	0
788	435	3	0
804	435	3	0
807	435	3	0
815	435	4	0
821	435	4	0
826	435	4	0
830	435	5	0
833	435	2	0
840	435	4	0
843	435	2	0
846	435	5	0
848	435	3	0
850	435	4	0
851	435	4	0
862	435	5	0
870	435	3	0
871	435	3	0
876	435	4	0
878	435	4	0
880	435	4	0
881	435	3	0
883	435	4	0
886	435	3	0
889	435	4	0
890	435	5	0
892	435	4	0
896	435	4	0
897	435	3	0
899	435	3	0
901	435	5	0
911	435	5	0
929	435	3	0
932	435	4	0
933	435	4	0
934	435	4	0
942	435	5	0
5	443	4	0
7	443	5	0
13	443	4	0
16	443	5	0
18	443	3	0
21	443	4	0
28	443	4	0
42	443	3	0
44	443	5	0
56	443	4	0
59	443	5	0
60	443	4	0
62	443	3	0
72	443	3	0
85	443	4	0
90	443	4	0
94	443	4	0
95	443	3	0
102	443	3	0
115	443	4	0
130	443	5	0
135	443	4	0
145	443	3	0
151	443	5	0
169	443	4	0
184	443	3	0
188	443	4	0
193	443	4	0
194	443	3	0
200	443	5	0
201	443	3	0
210	443	4	0
211	443	1	0
215	443	4	0
230	443	4	0
234	443	3	0
236	443	4	0
239	443	5	0
254	443	3	0
255	443	1	0
256	443	3	0
262	443	3	0
263	443	5	0
264	443	5	0
270	443	3	0
271	443	3	0
276	443	4	0
293	443	4	0
297	443	2	0
301	443	4	0
303	443	4	0
308	443	3	0
311	443	3	0
312	443	4	0
313	443	5	0
325	443	4	0
326	443	5	0
328	443	4	0
330	443	4	0
334	443	3	0
338	443	5	0
345	443	5	0
361	443	3	0
363	443	4	0
366	443	5	0
367	443	4	0
370	443	5	0
371	443	4	0
372	443	4	0
374	443	5	0
375	443	4	0
377	443	4	0
378	443	4	0
379	443	4	0
380	443	4	0
381	443	5	0
385	443	3	0
393	443	3	0
405	443	4	0
406	443	4	0
407	443	3	0
416	443	5	0
421	443	5	0
425	443	2	0
429	443	4	0
435	443	3	0
437	443	4	0
450	443	4	0
452	443	5	0
456	443	4	0
457	443	4	0
472	443	4	0
480	443	4	0
496	443	2	0
498	443	3	0
500	443	4	0
503	443	5	0
504	443	3	0
506	443	4	0
508	443	4	0
524	443	4	0
530	443	4	0
533	443	3	0
536	443	3	0
537	443	3	0
543	443	4	0
548	443	4	0
561	443	4	0
562	443	5	0
566	443	4	0
577	443	4	0
588	443	3	0
592	443	5	0
601	443	4	0
604	443	3	0
608	443	5	0
617	443	4	0
618	443	4	0
642	443	2	0
643	443	4	0
648	443	2	0
650	443	5	0
655	443	4	0
659	443	5	0
661	443	4	0
666	443	4	0
671	443	3	0
682	443	3	0
690	443	3	0
693	443	2	0
707	443	3	0
716	443	4	0
747	443	5	0
749	443	4	0
766	443	3	0
776	443	3	0
788	443	4	0
796	443	2	0
798	443	3	0
802	443	4	0
804	443	5	0
805	443	5	0
814	443	3	0
815	443	3	0
833	443	3	0
840	443	5	0
843	443	4	0
846	443	4	0
848	443	5	0
864	443	4	0
870	443	3	0
881	443	5	0
887	443	4	0
890	443	4	0
897	443	5	0
901	443	3	0
903	443	5	0
911	443	4	0
912	443	4	0
918	443	3	0
932	443	4	0
943	443	2	0
6	483	5	0
7	483	4	0
9	483	5	0
10	483	5	0
13	483	5	0
18	483	4	0
23	483	4	0
48	483	5	0
56	483	4	0
58	483	5	0
59	483	5	0
60	483	5	0
62	483	4	0
70	483	5	0
77	483	4	0
80	483	5	0
82	483	5	0
85	483	5	0
90	483	5	0
91	483	4	0
94	483	5	0
95	483	3	0
96	483	5	0
114	483	4	0
123	483	4	0
125	483	4	0
128	483	5	0
138	483	5	0
151	483	5	0
152	483	5	0
158	483	5	0
160	483	5	0
161	483	3	0
169	483	3	0
172	483	3	0
175	483	5	0
178	483	4	0
183	483	5	0
184	483	5	0
188	483	5	0
189	483	5	0
194	483	4	0
200	483	5	0
201	483	3	0
207	483	5	0
210	483	5	0
213	483	5	0
214	483	4	0
215	483	4	0
232	483	5	0
233	483	5	0
234	483	5	0
235	483	5	0
236	483	5	0
237	483	5	0
239	483	5	0
249	483	5	0
253	483	5	0
263	483	5	0
267	483	5	0
268	483	5	0
269	483	4	0
272	483	5	0
280	483	4	0
286	483	5	0
290	483	5	0
292	483	5	0
293	483	5	0
294	483	4	0
295	483	5	0
296	483	5	0
298	483	5	0
299	483	5	0
301	483	4	0
303	483	5	0
305	483	5	0
307	483	5	0
308	483	3	0
311	483	4	0
312	483	5	0
313	483	5	0
316	483	4	0
321	483	5	0
322	483	5	0
325	483	5	0
326	483	5	0
328	483	5	0
329	483	4	0
333	483	4	0
334	483	5	0
338	483	4	0
339	483	5	0
342	483	4	0
343	483	5	0
350	483	5	0
354	483	4	0
360	483	5	0
374	483	3	0
380	483	4	0
381	483	5	0
383	483	5	0
385	483	4	0
389	483	5	0
391	483	3	0
393	483	4	0
397	483	5	0
398	483	5	0
401	483	4	0
402	483	5	0
406	483	4	0
407	483	4	0
409	483	4	0
415	483	5	0
417	483	5	0
426	483	5	0
429	483	5	0
437	483	5	0
447	483	5	0
450	483	3	0
452	483	5	0
454	483	3	0
456	483	4	0
457	483	5	0
458	483	5	0
469	483	5	0
474	483	5	0
479	483	4	0
480	483	3	0
488	483	3	0
492	483	2	0
493	483	5	0
496	483	4	0
498	483	3	0
499	483	5	0
500	483	4	0
514	483	4	0
524	483	4	0
530	483	3	0
532	483	5	0
533	483	4	0
535	483	5	0
536	483	4	0
537	483	4	0
538	483	5	0
539	483	5	0
553	483	5	0
560	483	5	0
561	483	4	0
562	483	4	0
566	483	4	0
567	483	5	0
568	483	5	0
575	483	3	0
583	483	5	0
588	483	4	0
592	483	5	0
594	483	3	0
601	483	4	0
605	483	5	0
606	483	5	0
607	483	4	0
608	483	4	0
610	483	5	0
618	483	5	0
623	483	5	0
625	483	5	0
632	483	5	0
639	483	5	0
641	483	5	0
643	483	4	0
645	483	5	0
648	483	5	0
650	483	5	0
655	483	4	0
659	483	4	0
660	483	4	0
664	483	4	0
665	483	4	0
666	483	5	0
669	483	3	0
670	483	5	0
676	483	4	0
679	483	5	0
684	483	5	0
693	483	3	0
694	483	5	0
698	483	3	0
707	483	5	0
710	483	5	0
711	483	5	0
716	483	5	0
727	483	4	0
734	483	4	0
744	483	4	0
745	483	1	0
747	483	5	0
748	483	4	0
749	483	4	0
751	483	5	0
753	483	5	0
758	483	5	0
763	483	4	0
766	483	3	0
767	483	5	0
776	483	5	0
781	483	5	0
788	483	5	0
796	483	5	0
804	483	5	0
806	483	4	0
807	483	5	0
815	483	5	0
821	483	5	0
833	483	4	0
840	483	5	0
846	483	5	0
848	483	5	0
851	483	4	0
854	483	4	0
862	483	5	0
864	483	5	0
867	483	5	0
870	483	5	0
881	483	4	0
886	483	4	0
889	483	4	0
890	483	5	0
892	483	5	0
896	483	3	0
897	483	3	0
899	483	4	0
900	483	4	0
902	483	4	0
907	483	4	0
908	483	4	0
911	483	3	0
912	483	5	0
913	483	3	0
916	483	5	0
929	483	4	0
932	483	5	0
933	483	4	0
934	483	3	0
6	496	4	0
7	496	5	0
10	496	5	0
16	496	5	0
18	496	5	0
20	496	5	0
42	496	5	0
43	496	5	0
44	496	4	0
48	496	5	0
51	496	4	0
57	496	4	0
58	496	2	0
59	496	4	0
60	496	4	0
64	496	5	0
70	496	4	0
75	496	5	0
82	496	4	0
85	496	4	0
87	496	5	0
90	496	4	0
94	496	3	0
95	496	4	0
97	496	2	0
114	496	4	0
115	496	1	0
124	496	1	0
125	496	5	0
128	496	5	0
130	496	5	0
138	496	4	0
148	496	3	0
151	496	4	0
154	496	3	0
161	496	3	0
175	496	5	0
184	496	5	0
189	496	5	0
194	496	4	0
195	496	4	0
200	496	5	0
214	496	4	0
215	496	5	0
216	496	5	0
221	496	3	0
230	496	5	0
234	496	4	0
235	496	4	0
236	496	3	0
250	496	4	0
253	496	5	0
254	496	4	0
262	496	4	0
263	496	5	0
269	496	5	0
271	496	5	0
274	496	5	0
275	496	3	0
276	496	4	0
280	496	5	0
290	496	4	0
291	496	5	0
293	496	5	0
295	496	5	0
298	496	5	0
299	496	3	0
301	496	5	0
308	496	3	0
311	496	5	0
312	496	5	0
313	496	5	0
314	496	4	0
321	496	4	0
326	496	5	0
330	496	5	0
334	496	3	0
339	496	5	0
342	496	4	0
343	496	5	0
344	496	4	0
346	496	5	0
354	496	3	0
360	496	3	0
363	496	4	0
371	496	4	0
373	496	5	0
378	496	3	0
379	496	5	0
380	496	4	0
382	496	3	0
383	496	5	0
385	496	2	0
387	496	3	0
389	496	4	0
393	496	5	0
394	496	5	0
398	496	5	0
399	496	3	0
406	496	4	0
407	496	5	0
409	496	5	0
416	496	5	0
417	496	3	0
426	496	3	0
429	496	4	0
435	496	4	0
437	496	4	0
450	496	5	0
452	496	5	0
453	496	4	0
454	496	4	0
458	496	3	0
465	496	3	0
472	496	4	0
474	496	4	0
478	496	5	0
479	496	3	0
488	496	4	0
495	496	5	0
496	496	1	0
498	496	3	0
503	496	5	0
505	496	5	0
506	496	5	0
521	496	2	0
524	496	2	0
527	496	4	0
532	496	5	0
533	496	5	0
535	496	5	0
536	496	5	0
537	496	4	0
538	496	5	0
539	496	3	0
542	496	4	0
553	496	3	0
556	496	5	0
560	496	3	0
561	496	3	0
566	496	5	0
567	496	5	0
571	496	3	0
577	496	5	0
586	496	3	0
588	496	3	0
593	496	5	0
601	496	4	0
605	496	5	0
617	496	1	0
618	496	4	0
622	496	4	0
630	496	3	0
640	496	4	0
641	496	2	0
642	496	4	0
643	496	4	0
645	496	3	0
647	496	4	0
648	496	4	0
650	496	4	0
653	496	2	0
654	496	4	0
659	496	5	0
660	496	3	0
661	496	5	0
664	496	5	0
665	496	3	0
666	496	4	0
690	496	4	0
691	496	5	0
694	496	4	0
698	496	3	0
704	496	5	0
707	496	3	0
710	496	4	0
711	496	5	0
716	496	5	0
731	496	5	0
734	496	5	0
738	496	4	0
741	496	5	0
747	496	5	0
748	496	4	0
749	496	5	0
758	496	3	0
764	496	5	0
766	496	5	0
771	496	5	0
776	496	3	0
778	496	1	0
780	496	4	0
785	496	4	0
786	496	5	0
790	496	3	0
796	496	5	0
804	496	5	0
806	496	5	0
807	496	5	0
815	496	5	0
836	496	4	0
840	496	5	0
846	496	3	0
847	496	4	0
848	496	2	0
850	496	5	0
862	496	5	0
864	496	5	0
867	496	5	0
868	496	2	0
870	496	5	0
875	496	4	0
878	496	5	0
882	496	5	0
883	496	2	0
886	496	4	0
887	496	4	0
890	496	5	0
892	496	5	0
896	496	4	0
897	496	5	0
899	496	5	0
907	496	4	0
908	496	5	0
911	496	3	0
912	496	4	0
924	496	5	0
928	496	5	0
929	496	3	0
932	496	4	0
942	496	5	0
6	527	4	0
7	527	5	0
9	527	3	0
10	527	4	0
11	527	4	0
13	527	5	0
18	527	4	0
23	527	4	0
25	527	4	0
48	527	4	0
52	527	5	0
59	527	5	0
62	527	4	0
64	527	4	0
70	527	4	0
72	527	4	0
77	527	4	0
82	527	3	0
83	527	4	0
85	527	4	0
90	527	5	0
91	527	4	0
92	527	3	0
94	527	5	0
95	527	4	0
103	527	5	0
109	527	3	0
114	527	3	0
130	527	5	0
144	527	5	0
152	527	4	0
154	527	4	0
177	527	4	0
184	527	4	0
189	527	5	0
194	527	4	0
198	527	4	0
200	527	4	0
201	527	3	0
207	527	4	0
210	527	5	0
212	527	5	0
214	527	4	0
222	527	4	0
226	527	4	0
233	527	5	0
234	527	3	0
239	527	5	0
244	527	5	0
250	527	4	0
253	527	5	0
263	527	5	0
268	527	4	0
269	527	5	0
271	527	5	0
280	527	5	0
286	527	4	0
288	527	3	0
290	527	4	0
293	527	4	0
295	527	4	0
297	527	5	0
298	527	5	0
301	527	4	0
305	527	5	0
307	527	5	0
311	527	4	0
313	527	4	0
318	527	5	0
321	527	3	0
325	527	4	0
326	527	5	0
327	527	4	0
330	527	3	0
334	527	3	0
339	527	4	0
343	527	5	0
354	527	4	0
361	527	4	0
371	527	5	0
373	527	4	0
374	527	4	0
378	527	4	0
379	527	3	0
380	527	4	0
389	527	3	0
391	527	3	0
393	527	3	0
399	527	3	0
401	527	4	0
405	527	5	0
406	527	4	0
409	527	4	0
411	527	4	0
426	527	3	0
429	527	5	0
430	527	4	0
435	527	4	0
450	527	5	0
452	527	3	0
454	527	4	0
457	527	5	0
458	527	2	0
474	527	5	0
480	527	4	0
488	527	3	0
492	527	5	0
493	527	5	0
498	527	3	0
499	527	5	0
504	527	4	0
508	527	5	0
512	527	5	0
514	527	4	0
524	527	5	0
530	527	4	0
533	527	4	0
535	527	3	0
537	527	4	0
538	527	3	0
539	527	4	0
541	527	3	0
551	527	5	0
553	527	3	0
554	527	4	0
559	527	4	0
567	527	3	0
592	527	5	0
605	527	4	0
606	527	4	0
610	527	4	0
615	527	4	0
632	527	4	0
639	527	4	0
642	527	4	0
643	527	3	0
648	527	4	0
650	527	3	0
653	527	2	0
655	527	3	0
658	527	5	0
660	527	3	0
661	527	4	0
665	527	3	0
666	527	4	0
667	527	4	0
669	527	3	0
679	527	4	0
682	527	3	0
686	527	3	0
693	527	3	0
694	527	5	0
707	527	5	0
716	527	5	0
721	527	5	0
731	527	5	0
738	527	5	0
745	527	3	0
748	527	5	0
749	527	4	0
753	527	4	0
756	527	3	0
758	527	5	0
763	527	3	0
764	527	4	0
766	527	5	0
774	527	1	0
777	527	4	0
796	527	3	0
804	527	4	0
805	527	3	0
807	527	5	0
815	527	5	0
835	527	4	0
843	527	3	0
846	527	5	0
847	527	2	0
848	527	3	0
851	527	5	0
870	527	5	0
875	527	4	0
876	527	5	0
880	527	4	0
881	527	3	0
890	527	4	0
896	527	4	0
899	527	4	0
908	527	3	0
913	527	5	0
916	527	4	0
919	527	4	0
924	527	4	0
932	527	4	0
934	527	3	0
940	527	3	0
