1	131	1	0
6	131	5	0
7	131	5	0
18	131	4	0
23	131	4	0
25	131	4	0
42	131	2	0
43	131	3	0
59	131	4	0
60	131	4	0
90	131	5	0
91	131	2	0
109	131	1	0
128	131	5	0
151	131	5	0
178	131	4	0
189	131	4	0
198	131	3	0
207	131	3	0
214	131	3	0
234	131	3	0
262	131	5	0
269	131	5	0
271	131	4	0
279	131	1	0
305	131	3	0
308	131	4	0
311	131	3	0
312	131	5	0
313	131	4	0
321	131	4	0
326	131	2	0
327	131	4	0
334	131	4	0
339	131	5	0
342	131	5	0
345	131	4	0
354	131	3	0
373	131	4	0
379	131	5	0
385	131	4	0
389	131	3	0
391	131	2	0
406	131	2	0
407	131	3	0
417	131	4	0
437	131	5	0
450	131	4	0
454	131	3	0
474	131	4	0
479	131	3	0
492	131	3	0
517	131	3	0
524	131	5	0
535	131	4	0
537	131	4	0
539	131	4	0
553	131	5	0
561	131	4	0
588	131	5	0
593	131	4	0
601	131	4	0
608	131	4	0
618	131	4	0
632	131	4	0
642	131	3	0
650	131	3	0
655	131	2	0
659	131	4	0
661	131	3	0
667	131	5	0
693	131	3	0
694	131	5	0
698	131	4	0
704	131	5	0
716	131	5	0
727	131	2	0
741	131	4	0
751	131	5	0
758	131	3	0
766	131	3	0
790	131	2	0
806	131	4	0
815	131	2	0
835	131	5	0
846	131	3	0
870	131	4	0
875	131	4	0
882	131	4	0
892	131	4	0
913	131	5	0
918	131	3	0
932	131	4	0
934	131	4	0
942	131	5	0
1	134	4	0
6	134	5	0
7	134	4	0
10	134	5	0
16	134	4	0
18	134	5	0
23	134	4	0
25	134	4	0
51	134	2	0
58	134	5	0
59	134	5	0
60	134	4	0
62	134	4	0
71	134	3	0
72	134	5	0
77	134	4	0
82	134	4	0
85	134	5	0
87	134	4	0
90	134	5	0
91	134	4	0
92	134	4	0
94	134	5	0
118	134	5	0
123	134	4	0
125	134	5	0
130	134	5	0
142	134	5	0
145	134	4	0
151	134	4	0
169	134	5	0
178	134	3	0
184	134	5	0
187	134	3	0
189	134	5	0
194	134	2	0
195	134	5	0
201	134	4	0
207	134	4	0
210	134	5	0
214	134	4	0
215	134	4	0
216	134	4	0
230	134	4	0
234	134	5	0
236	134	4	0
237	134	5	0
239	134	5	0
263	134	5	0
268	134	5	0
269	134	4	0
271	134	3	0
272	134	5	0
288	134	2	0
293	134	5	0
295	134	5	0
296	134	5	0
298	134	5	0
299	134	4	0
303	134	5	0
305	134	5	0
308	134	5	0
311	134	5	0
312	134	5	0
313	134	5	0
318	134	5	0
321	134	3	0
325	134	4	0
326	134	3	0
334	134	5	0
338	134	5	0
339	134	5	0
342	134	4	0
343	134	5	0
346	134	5	0
354	134	4	0
360	134	5	0
363	134	2	0
370	134	4	0
380	134	3	0
381	134	5	0
382	134	3	0
383	134	5	0
385	134	5	0
389	134	5	0
391	134	4	0
392	134	5	0
393	134	2	0
397	134	5	0
398	134	3	0
406	134	5	0
407	134	5	0
409	134	5	0
416	134	4	0
417	134	4	0
419	134	5	0
426	134	4	0
429	134	5	0
437	134	5	0
450	134	3	0
452	134	3	0
454	134	3	0
457	134	5	0
458	134	5	0
459	134	3	0
465	134	4	0
469	134	5	0
474	134	4	0
478	134	2	0
488	134	2	0
492	134	3	0
493	134	3	0
498	134	3	0
500	134	5	0
503	134	5	0
514	134	3	0
522	134	5	0
524	134	5	0
527	134	5	0
533	134	4	0
535	134	5	0
537	134	5	0
543	134	5	0
553	134	4	0
556	134	5	0
560	134	5	0
566	134	5	0
567	134	5	0
568	134	5	0
573	134	4	0
592	134	5	0
608	134	3	0
617	134	3	0
625	134	4	0
632	134	5	0
640	134	5	0
641	134	5	0
645	134	5	0
647	134	4	0
650	134	5	0
655	134	4	0
659	134	4	0
660	134	4	0
663	134	5	0
664	134	5	0
665	134	4	0
666	134	5	0
686	134	5	0
693	134	4	0
698	134	3	0
704	134	5	0
707	134	4	0
710	134	5	0
711	134	5	0
716	134	5	0
741	134	5	0
747	134	5	0
749	134	4	0
753	134	4	0
758	134	5	0
766	134	5	0
771	134	4	0
776	134	4	0
781	134	5	0
796	134	3	0
802	134	3	0
804	134	4	0
815	134	4	0
823	134	5	0
830	134	3	0
833	134	5	0
835	134	3	0
836	134	3	0
838	134	3	0
840	134	3	0
846	134	4	0
848	134	5	0
854	134	4	0
864	134	5	0
867	134	5	0
870	134	4	0
875	134	5	0
881	134	5	0
883	134	5	0
889	134	4	0
890	134	5	0
892	134	5	0
894	134	4	0
896	134	5	0
902	134	3	0
910	134	3	0
911	134	4	0
916	134	5	0
924	134	4	0
928	134	5	0
929	134	4	0
932	134	4	0
934	134	4	0
1	177	5	0
6	177	4	0
7	177	4	0
8	177	4	0
13	177	5	0
18	177	3	0
23	177	4	0
25	177	3	0
59	177	4	0
71	177	2	0
72	177	4	0
87	177	5	0
90	177	5	0
94	177	5	0
95	177	3	0
109	177	4	0
115	177	5	0
148	177	2	0
158	177	4	0
161	177	2	0
172	177	4	0
183	177	5	0
186	177	4	0
188	177	4	0
193	177	4	0
194	177	3	0
197	177	5	0
200	177	4	0
207	177	3	0
233	177	4	0
234	177	3	0
263	177	4	0
267	177	5	0
269	177	5	0
271	177	3	0
288	177	3	0
293	177	4	0
308	177	5	0
311	177	5	0
312	177	3	0
313	177	4	0
320	177	5	0
325	177	5	0
326	177	3	0
328	177	3	0
330	177	4	0
343	177	4	0
346	177	4	0
347	177	5	0
371	177	4	0
373	177	3	0
379	177	4	0
380	177	3	0
382	177	4	0
385	177	4	0
391	177	4	0
397	177	5	0
405	177	1	0
407	177	4	0
425	177	3	0
429	177	4	0
435	177	5	0
442	177	4	0
450	177	4	0
456	177	4	0
472	177	4	0
479	177	4	0
497	177	4	0
499	177	3	0
505	177	3	0
506	177	5	0
514	177	3	0
527	177	5	0
532	177	4	0
533	177	4	0
537	177	3	0
543	177	4	0
545	177	3	0
551	177	5	0
553	177	4	0
566	177	4	0
567	177	4	0
586	177	3	0
600	177	5	0
627	177	5	0
633	177	3	0
643	177	4	0
645	177	4	0
647	177	5	0
648	177	5	0
650	177	2	0
653	177	3	0
659	177	5	0
660	177	2	0
665	177	3	0
666	177	3	0
671	177	4	0
693	177	3	0
694	177	5	0
698	177	1	0
712	177	2	0
716	177	2	0
727	177	4	0
738	177	4	0
745	177	3	0
758	177	5	0
766	177	3	0
767	177	5	0
774	177	4	0
776	177	4	0
786	177	4	0
788	177	3	0
804	177	5	0
806	177	3	0
807	177	4	0
819	177	4	0
826	177	5	0
830	177	4	0
833	177	5	0
843	177	3	0
846	177	3	0
862	177	4	0
870	177	4	0
871	177	5	0
880	177	5	0
881	177	4	0
882	177	5	0
886	177	4	0
889	177	4	0
892	177	4	0
897	177	5	0
899	177	3	0
903	177	4	0
916	177	3	0
932	177	4	0
933	177	4	0
934	177	3	0
1	193	4	0
6	193	3	0
7	193	5	0
13	193	5	0
18	193	5	0
44	193	3	0
48	193	2	0
56	193	5	0
58	193	3	0
59	193	4	0
70	193	4	0
85	193	3	0
90	193	4	0
91	193	3	0
92	193	4	0
94	193	5	0
95	193	3	0
97	193	4	0
116	193	4	0
118	193	5	0
119	193	4	0
122	193	4	0
128	193	3	0
144	193	4	0
151	193	4	0
175	193	4	0
178	193	4	0
194	193	4	0
198	193	4	0
200	193	4	0
201	193	3	0
213	193	4	0
222	193	4	0
224	193	4	0
225	193	4	0
233	193	4	0
234	193	4	0
235	193	5	0
244	193	4	0
271	193	5	0
272	193	4	0
276	193	4	0
279	193	2	0
290	193	4	0
292	193	4	0
293	193	3	0
298	193	5	0
301	193	3	0
307	193	3	0
308	193	3	0
311	193	5	0
313	193	4	0
318	193	3	0
321	193	3	0
325	193	4	0
330	193	5	0
334	193	4	0
342	193	5	0
343	193	4	0
350	193	4	0
354	193	3	0
360	193	5	0
363	193	3	0
370	193	4	0
374	193	4	0
378	193	4	0
379	193	4	0
383	193	4	0
387	193	5	0
405	193	4	0
406	193	4	0
407	193	3	0
412	193	4	0
429	193	4	0
435	193	3	0
450	193	5	0
454	193	2	0
455	193	4	0
457	193	5	0
458	193	4	0
472	193	5	0
474	193	4	0
479	193	3	0
488	193	3	0
492	193	4	0
499	193	4	0
505	193	3	0
506	193	4	0
524	193	4	0
527	193	3	0
528	193	4	0
533	193	4	0
535	193	4	0
537	193	4	0
545	193	3	0
551	193	5	0
561	193	3	0
592	193	5	0
593	193	4	0
608	193	4	0
618	193	4	0
627	193	5	0
629	193	5	0
630	193	3	0
639	193	3	0
648	193	4	0
650	193	3	0
653	193	4	0
655	193	3	0
666	193	4	0
676	193	5	0
693	193	4	0
694	193	4	0
704	193	5	0
705	193	3	0
711	193	4	0
715	193	5	0
716	193	5	0
734	193	4	0
738	193	5	0
748	193	3	0
751	193	5	0
753	193	4	0
757	193	4	0
766	193	3	0
774	193	5	0
776	193	3	0
778	193	4	0
788	193	4	0
796	193	3	0
804	193	4	0
807	193	4	0
815	193	4	0
823	193	5	0
830	193	5	0
835	193	4	0
843	193	3	0
846	193	5	0
851	193	4	0
862	193	4	0
868	193	2	0
870	193	5	0
881	193	5	0
882	193	5	0
889	193	4	0
890	193	4	0
897	193	3	0
899	193	3	0
911	193	4	0
916	193	4	0
919	193	2	0
932	193	3	0
933	193	4	0
934	193	4	0
940	193	3	0
942	193	5	0
943	193	4	0
1	199	4	0
6	199	4	0
7	199	5	0
10	199	4	0
13	199	5	0
16	199	5	0
18	199	3	0
53	199	5	0
57	199	5	0
58	199	4	0
59	199	4	0
60	199	5	0
62	199	4	0
64	199	4	0
77	199	5	0
80	199	2	0
82	199	4	0
85	199	5	0
87	199	5	0
90	199	5	0
92	199	3	0
95	199	5	0
116	199	4	0
119	199	5	0
151	199	3	0
169	199	4	0
178	199	4	0
185	199	4	0
188	199	4	0
189	199	5	0
193	199	5	0
194	199	4	0
211	199	5	0
212	199	5	0
213	199	5	0
230	199	3	0
234	199	5	0
236	199	4	0
237	199	4	0
254	199	4	0
263	199	5	0
271	199	4	0
275	199	4	0
288	199	4	0
290	199	3	0
292	199	5	0
293	199	5	0
296	199	5	0
298	199	4	0
301	199	4	0
305	199	4	0
308	199	4	0
311	199	4	0
312	199	5	0
313	199	4	0
316	199	3	0
321	199	4	0
323	199	4	0
325	199	5	0
326	199	5	0
328	199	4	0
329	199	4	0
339	199	5	0
340	199	5	0
343	199	5	0
354	199	4	0
360	199	5	0
370	199	4	0
379	199	4	0
380	199	3	0
385	199	3	0
387	199	4	0
389	199	5	0
392	199	5	0
397	199	5	0
398	199	4	0
401	199	3	0
405	199	1	0
406	199	5	0
409	199	4	0
416	199	5	0
426	199	5	0
429	199	5	0
435	199	5	0
450	199	5	0
452	199	5	0
454	199	3	0
458	199	4	0
465	199	3	0
469	199	4	0
474	199	5	0
479	199	5	0
481	199	5	0
483	199	3	0
488	199	4	0
492	199	3	0
494	199	4	0
503	199	4	0
504	199	4	0
505	199	4	0
506	199	4	0
514	199	3	0
516	199	3	0
524	199	4	0
536	199	3	0
537	199	4	0
538	199	5	0
543	199	4	0
545	199	4	0
553	199	4	0
559	199	5	0
561	199	4	0
567	199	4	0
568	199	3	0
594	199	4	0
608	199	1	0
615	199	5	0
622	199	5	0
627	199	5	0
629	199	5	0
639	199	3	0
648	199	4	0
650	199	4	0
653	199	4	0
659	199	4	0
661	199	5	0
666	199	5	0
670	199	4	0
693	199	3	0
694	199	5	0
698	199	2	0
707	199	2	0
716	199	4	0
721	199	4	0
727	199	4	0
738	199	4	0
747	199	4	0
748	199	4	0
749	199	5	0
753	199	5	0
758	199	4	0
774	199	4	0
780	199	5	0
786	199	4	0
788	199	5	0
796	199	3	0
804	199	5	0
807	199	5	0
815	199	4	0
840	199	4	0
843	199	3	0
846	199	5	0
848	199	5	0
862	199	5	0
868	199	5	0
881	199	5	0
882	199	5	0
883	199	4	0
889	199	5	0
896	199	3	0
897	199	4	0
911	199	3	0
918	199	3	0
932	199	5	0
934	199	4	0
1	205	3	0
6	205	3	0
7	205	5	0
10	205	5	0
13	205	2	0
41	205	4	0
59	205	3	0
60	205	4	0
80	205	5	0
85	205	4	0
91	205	5	0
95	205	3	0
97	205	2	0
125	205	5	0
156	205	3	0
185	205	3	0
188	205	3	0
194	205	3	0
200	205	4	0
207	205	4	0
210	205	4	0
211	205	5	0
215	205	3	0
230	205	3	0
233	205	4	0
234	205	3	0
239	205	3	0
263	205	5	0
268	205	5	0
269	205	3	0
271	205	5	0
272	205	5	0
285	205	4	0
288	205	5	0
290	205	3	0
298	205	5	0
301	205	4	0
308	205	3	0
311	205	5	0
312	205	5	0
313	205	5	0
318	205	3	0
321	205	5	0
325	205	4	0
326	205	4	0
328	205	4	0
330	205	3	0
339	205	5	0
340	205	4	0
360	205	5	0
379	205	5	0
383	205	4	0
385	205	2	0
387	205	5	0
389	205	4	0
391	205	5	0
398	205	5	0
405	205	3	0
406	205	2	0
407	205	4	0
409	205	3	0
426	205	4	0
433	205	3	0
450	205	4	0
474	205	5	0
479	205	3	0
488	205	4	0
492	205	4	0
499	205	5	0
503	205	4	0
504	205	3	0
506	205	5	0
522	205	4	0
524	205	5	0
532	205	5	0
533	205	5	0
535	205	3	0
536	205	5	0
537	205	5	0
545	205	4	0
551	205	5	0
553	205	4	0
559	205	5	0
561	205	3	0
567	205	3	0
573	205	3	0
627	205	5	0
643	205	5	0
648	205	3	0
650	205	4	0
653	205	1	0
655	205	3	0
666	205	3	0
669	205	4	0
682	205	3	0
686	205	5	0
691	205	5	0
694	205	5	0
698	205	4	0
704	205	5	0
715	205	5	0
716	205	5	0
727	205	5	0
731	205	1	0
738	205	5	0
745	205	2	0
747	205	5	0
749	205	4	0
757	205	4	0
761	205	4	0
766	205	5	0
774	205	4	0
777	205	4	0
781	205	5	0
788	205	4	0
804	205	4	0
807	205	3	0
830	205	5	0
833	205	4	0
835	205	3	0
843	205	4	0
846	205	5	0
862	205	4	0
881	205	4	0
882	205	5	0
890	205	5	0
897	205	3	0
900	205	4	0
908	205	3	0
910	205	4	0
911	205	3	0
924	205	4	0
929	205	4	0
932	205	5	0
940	205	3	0
943	205	5	0
6	474	5	0
7	474	5	0
10	474	4	0
13	474	4	0
14	474	4	0
18	474	4	0
25	474	4	0
41	474	5	0
44	474	4	0
58	474	4	0
59	474	5	0
60	474	5	0
62	474	4	0
73	474	5	0
76	474	5	0
77	474	5	0
82	474	3	0
85	474	5	0
90	474	5	0
91	474	3	0
92	474	4	0
94	474	5	0
95	474	4	0
96	474	4	0
114	474	5	0
118	474	5	0
124	474	3	0
125	474	3	0
138	474	5	0
144	474	4	0
148	474	5	0
151	474	5	0
154	474	5	0
160	474	4	0
162	474	3	0
188	474	4	0
189	474	5	0
194	474	4	0
198	474	5	0
213	474	2	0
215	474	4	0
226	474	3	0
232	474	5	0
234	474	4	0
235	474	5	0
237	474	5	0
239	474	5	0
248	474	2	0
250	474	5	0
267	474	5	0
268	474	5	0
269	474	4	0
271	474	3	0
272	474	5	0
276	474	5	0
279	474	5	0
290	474	3	0
293	474	5	0
297	474	4	0
298	474	4	0
299	474	5	0
301	474	4	0
303	474	5	0
305	474	5	0
307	474	5	0
312	474	5	0
313	474	5	0
318	474	4	0
321	474	4	0
325	474	5	0
326	474	5	0
327	474	3	0
328	474	4	0
334	474	3	0
338	474	4	0
339	474	4	0
343	474	5	0
360	474	5	0
363	474	5	0
373	474	3	0
379	474	5	0
380	474	4	0
382	474	5	0
383	474	5	0
385	474	5	0
387	474	5	0
389	474	5	0
391	474	5	0
397	474	5	0
398	474	4	0
406	474	5	0
407	474	3	0
409	474	5	0
417	474	4	0
421	474	4	0
425	474	4	0
426	474	4	0
433	474	3	0
435	474	3	0
447	474	3	0
450	474	5	0
452	474	3	0
454	474	4	0
456	474	5	0
457	474	5	0
458	474	4	0
465	474	3	0
469	474	5	0
474	474	5	0
479	474	5	0
487	474	4	0
488	474	2	0
492	474	5	0
498	474	4	0
499	474	4	0
508	474	5	0
514	474	5	0
516	474	5	0
521	474	3	0
524	474	4	0
527	474	3	0
533	474	3	0
536	474	5	0
537	474	5	0
541	474	5	0
543	474	5	0
545	474	3	0
553	474	5	0
561	474	5	0
567	474	5	0
568	474	5	0
603	474	4	0
607	474	4	0
622	474	3	0
640	474	4	0
643	474	5	0
645	474	5	0
648	474	4	0
650	474	4	0
653	474	4	0
655	474	3	0
659	474	2	0
660	474	2	0
666	474	5	0
669	474	4	0
670	474	3	0
686	474	5	0
694	474	4	0
716	474	5	0
727	474	3	0
737	474	5	0
738	474	4	0
747	474	5	0
748	474	4	0
757	474	3	0
758	474	5	0
766	474	5	0
776	474	5	0
780	474	3	0
781	474	5	0
788	474	3	0
796	474	2	0
804	474	4	0
823	474	5	0
830	474	5	0
833	474	5	0
840	474	5	0
843	474	3	0
846	474	5	0
847	474	4	0
848	474	5	0
862	474	5	0
864	474	4	0
867	474	5	0
868	474	4	0
870	474	4	0
875	474	5	0
878	474	5	0
881	474	3	0
886	474	4	0
889	474	4	0
890	474	5	0
896	474	3	0
899	474	3	0
900	474	4	0
911	474	5	0
912	474	3	0
913	474	5	0
916	474	4	0
929	474	4	0
932	474	5	0
933	474	5	0
934	474	4	0
940	474	3	0
6	479	5	0
7	479	4	0
9	479	4	0
10	479	5	0
16	479	5	0
18	479	4	0
23	479	5	0
25	479	5	0
28	479	4	0
42	479	4	0
43	479	4	0
48	479	4	0
51	479	3	0
59	479	5	0
60	479	5	0
72	479	4	0
73	479	5	0
82	479	4	0
83	479	5	0
85	479	4	0
90	479	5	0
91	479	4	0
96	479	4	0
115	479	5	0
116	479	4	0
121	479	5	0
123	479	4	0
125	479	4	0
154	479	4	0
182	479	5	0
189	479	5	0
194	479	3	0
201	479	4	0
213	479	4	0
214	479	4	0
225	479	4	0
234	479	5	0
237	479	5	0
239	479	5	0
249	479	5	0
267	479	4	0
268	479	4	0
269	479	4	0
271	479	4	0
276	479	5	0
292	479	4	0
293	479	4	0
297	479	5	0
298	479	5	0
299	479	4	0
303	479	5	0
305	479	3	0
308	479	5	0
311	479	5	0
312	479	5	0
313	479	5	0
321	479	4	0
322	479	5	0
323	479	4	0
326	479	5	0
330	479	5	0
331	479	2	0
334	479	4	0
338	479	5	0
339	479	5	0
344	479	4	0
345	479	4	0
350	479	5	0
354	479	4	0
360	479	4	0
378	479	4	0
380	479	4	0
381	479	5	0
383	479	4	0
385	479	5	0
389	479	4	0
391	479	4	0
393	479	4	0
397	479	4	0
398	479	4	0
402	479	5	0
406	479	4	0
407	479	4	0
409	479	5	0
415	479	4	0
416	479	5	0
429	479	4	0
435	479	3	0
437	479	5	0
445	479	3	0
450	479	4	0
452	479	5	0
454	479	4	0
456	479	5	0
464	479	4	0
474	479	5	0
479	479	4	0
480	479	4	0
481	479	4	0
492	479	3	0
494	479	3	0
495	479	4	0
498	479	3	0
500	479	5	0
503	479	4	0
504	479	4	0
506	479	4	0
524	479	4	0
527	479	4	0
528	479	4	0
533	479	4	0
535	479	4	0
537	479	4	0
542	479	4	0
543	479	4	0
551	479	3	0
553	479	5	0
556	479	5	0
561	479	4	0
566	479	4	0
567	479	5	0
568	479	5	0
573	479	4	0
592	479	4	0
601	479	4	0
608	479	5	0
622	479	4	0
625	479	4	0
648	479	4	0
650	479	5	0
655	479	4	0
659	479	5	0
664	479	5	0
666	479	4	0
669	479	5	0
670	479	5	0
698	479	2	0
699	479	3	0
707	479	3	0
710	479	5	0
716	479	4	0
734	479	4	0
741	479	5	0
744	479	5	0
747	479	5	0
748	479	4	0
751	479	2	0
758	479	5	0
776	479	4	0
796	479	4	0
799	479	5	0
804	479	4	0
815	479	4	0
831	479	4	0
833	479	2	0
840	479	4	0
846	479	4	0
847	479	3	0
848	479	5	0
854	479	4	0
862	479	4	0
870	479	5	0
875	479	4	0
883	479	5	0
889	479	4	0
890	479	5	0
892	479	5	0
894	479	5	0
896	479	3	0
897	479	4	0
899	479	4	0
902	479	4	0
903	479	4	0
908	479	4	0
911	479	5	0
912	479	4	0
929	479	4	0
932	479	5	0
942	479	4	0
6	480	4	0
7	480	4	0
10	480	5	0
12	480	4	0
13	480	3	0
16	480	5	0
18	480	4	0
25	480	4	0
28	480	5	0
29	480	4	0
44	480	4	0
48	480	4	0
58	480	3	0
59	480	5	0
60	480	4	0
63	480	3	0
64	480	3	0
72	480	5	0
73	480	4	0
82	480	4	0
85	480	4	0
90	480	5	0
91	480	4	0
123	480	3	0
144	480	4	0
151	480	5	0
154	480	5	0
156	480	5	0
169	480	4	0
178	480	3	0
184	480	4	0
185	480	4	0
189	480	5	0
198	480	4	0
201	480	4	0
215	480	5	0
225	480	5	0
226	480	4	0
234	480	4	0
235	480	4	0
249	480	5	0
250	480	5	0
251	480	5	0
263	480	3	0
267	480	4	0
268	480	5	0
271	480	4	0
279	480	3	0
293	480	5	0
296	480	5	0
297	480	4	0
299	480	4	0
303	480	4	0
305	480	5	0
308	480	4	0
311	480	4	0
312	480	5	0
313	480	5	0
318	480	4	0
321	480	4	0
325	480	4	0
326	480	4	0
328	480	3	0
338	480	5	0
339	480	5	0
340	480	5	0
350	480	5	0
354	480	4	0
370	480	4	0
373	480	3	0
379	480	5	0
380	480	4	0
381	480	5	0
383	480	5	0
385	480	5	0
389	480	5	0
391	480	4	0
393	480	4	0
397	480	5	0
398	480	5	0
402	480	5	0
405	480	4	0
406	480	4	0
409	480	5	0
412	480	4	0
415	480	5	0
416	480	5	0
426	480	5	0
429	480	4	0
437	480	4	0
445	480	3	0
450	480	4	0
452	480	5	0
454	480	4	0
456	480	4	0
474	480	5	0
479	480	5	0
483	480	3	0
488	480	3	0
496	480	3	0
498	480	5	0
522	480	5	0
524	480	4	0
532	480	5	0
533	480	4	0
535	480	4	0
536	480	5	0
537	480	4	0
543	480	4	0
553	480	5	0
555	480	4	0
560	480	3	0
561	480	4	0
562	480	4	0
566	480	4	0
567	480	4	0
573	480	4	0
592	480	4	0
608	480	3	0
610	480	5	0
612	480	4	0
617	480	4	0
622	480	4	0
625	480	4	0
632	480	5	0
650	480	5	0
653	480	4	0
655	480	4	0
661	480	5	0
664	480	5	0
666	480	4	0
669	480	5	0
670	480	5	0
676	480	5	0
686	480	5	0
693	480	4	0
694	480	4	0
698	480	2	0
704	480	5	0
707	480	3	0
715	480	5	0
716	480	5	0
731	480	4	0
741	480	5	0
745	480	3	0
747	480	5	0
749	480	5	0
751	480	4	0
758	480	5	0
788	480	3	0
796	480	4	0
798	480	3	0
804	480	5	0
830	480	5	0
838	480	4	0
840	480	5	0
846	480	5	0
847	480	3	0
848	480	5	0
850	480	5	0
851	480	5	0
862	480	5	0
867	480	5	0
868	480	4	0
870	480	5	0
875	480	5	0
881	480	4	0
889	480	5	0
890	480	5	0
892	480	4	0
896	480	3	0
900	480	4	0
902	480	5	0
911	480	4	0
916	480	4	0
924	480	3	0
929	480	3	0
932	480	5	0
942	480	5	0
6	482	4	0
7	482	3	0
10	482	4	0
13	482	5	0
16	482	5	0
18	482	5	0
43	482	4	0
60	482	4	0
70	482	4	0
82	482	4	0
85	482	4	0
90	482	5	0
91	482	3	0
97	482	5	0
114	482	4	0
123	482	4	0
125	482	1	0
128	482	4	0
151	482	4	0
154	482	4	0
169	482	3	0
194	482	3	0
201	482	4	0
204	482	4	0
210	482	5	0
214	482	4	0
225	482	5	0
233	482	4	0
234	482	4	0
239	482	3	0
253	482	5	0
263	482	4	0
269	482	3	0
271	482	5	0
279	482	4	0
292	482	5	0
293	482	4	0
296	482	5	0
298	482	5	0
299	482	4	0
303	482	5	0
305	482	2	0
308	482	5	0
311	482	4	0
312	482	5	0
313	482	5	0
316	482	3	0
318	482	5	0
325	482	4	0
327	482	4	0
328	482	3	0
331	482	2	0
342	482	5	0
358	482	2	0
378	482	4	0
382	482	5	0
385	482	3	0
389	482	5	0
391	482	4	0
392	482	5	0
398	482	5	0
401	482	4	0
405	482	3	0
406	482	5	0
409	482	4	0
426	482	5	0
429	482	3	0
437	482	5	0
442	482	3	0
450	482	5	0
452	482	5	0
454	482	3	0
464	482	5	0
474	482	3	0
492	482	3	0
499	482	2	0
503	482	5	0
506	482	5	0
524	482	5	0
532	482	5	0
535	482	4	0
537	482	4	0
553	482	4	0
556	482	5	0
567	482	5	0
568	482	4	0
592	482	4	0
601	482	4	0
607	482	5	0
622	482	3	0
643	482	4	0
645	482	4	0
650	482	3	0
653	482	2	0
659	482	4	0
664	482	5	0
666	482	4	0
667	482	4	0
669	482	4	0
670	482	5	0
676	482	4	0
694	482	5	0
698	482	2	0
699	482	2	0
707	482	3	0
716	482	5	0
731	482	3	0
734	482	2	0
744	482	3	0
747	482	5	0
758	482	5	0
766	482	3	0
788	482	4	0
798	482	3	0
843	482	2	0
846	482	5	0
847	482	2	0
854	482	3	0
878	482	4	0
889	482	4	0
892	482	5	0
896	482	3	0
908	482	3	0
911	482	4	0
912	482	5	0
924	482	4	0
932	482	5	0
940	482	5	0
6	484	5	0
7	484	5	0
10	484	5	0
13	484	5	0
31	484	5	0
59	484	4	0
60	484	5	0
72	484	4	0
77	484	5	0
82	484	4	0
91	484	4	0
94	484	5	0
96	484	5	0
97	484	3	0
116	484	4	0
132	484	4	0
138	484	4	0
151	484	4	0
154	484	4	0
160	484	5	0
178	484	4	0
188	484	5	0
189	484	5	0
202	484	4	0
210	484	4	0
230	484	5	0
234	484	5	0
239	484	5	0
248	484	2	0
259	484	4	0
263	484	4	0
267	484	5	0
268	484	4	0
269	484	3	0
290	484	3	0
292	484	5	0
293	484	5	0
296	484	4	0
298	484	4	0
299	484	4	0
303	484	5	0
305	484	3	0
308	484	3	0
311	484	4	0
312	484	5	0
313	484	5	0
321	484	5	0
325	484	5	0
326	484	5	0
327	484	3	0
334	484	5	0
338	484	5	0
339	484	5	0
370	484	4	0
383	484	4	0
385	484	4	0
389	484	5	0
397	484	5	0
398	484	4	0
401	484	3	0
407	484	4	0
409	484	4	0
417	484	4	0
420	484	5	0
426	484	5	0
429	484	5	0
437	484	4	0
447	484	5	0
450	484	3	0
454	484	3	0
456	484	4	0
458	484	5	0
469	484	5	0
474	484	5	0
481	484	4	0
496	484	3	0
498	484	4	0
499	484	4	0
503	484	4	0
506	484	4	0
524	484	4	0
528	484	3	0
533	484	3	0
535	484	5	0
537	484	4	0
553	484	5	0
561	484	4	0
567	484	4	0
571	484	4	0
592	484	4	0
610	484	3	0
622	484	3	0
625	484	4	0
641	484	5	0
643	484	5	0
648	484	5	0
650	484	5	0
664	484	5	0
666	484	4	0
670	484	5	0
679	484	4	0
693	484	3	0
694	484	4	0
716	484	4	0
731	484	3	0
749	484	5	0
751	484	3	0
753	484	5	0
758	484	5	0
766	484	4	0
786	484	4	0
796	484	5	0
799	484	3	0
802	484	3	0
806	484	4	0
807	484	4	0
815	484	4	0
821	484	5	0
830	484	5	0
835	484	4	0
840	484	5	0
846	484	5	0
848	484	5	0
854	484	3	0
862	484	4	0
881	484	4	0
889	484	4	0
890	484	3	0
892	484	5	0
896	484	4	0
897	484	3	0
908	484	4	0
911	484	3	0
916	484	4	0
921	484	3	0
929	484	3	0
932	484	5	0
942	484	5	0
6	485	5	0
7	485	5	0
13	485	1	0
18	485	5	0
51	485	1	0
59	485	2	0
60	485	4	0
85	485	5	0
90	485	5	0
95	485	5	0
114	485	3	0
123	485	5	0
125	485	5	0
128	485	3	0
151	485	5	0
172	485	3	0
183	485	5	0
184	485	4	0
188	485	3	0
189	485	4	0
193	485	5	0
194	485	3	0
221	485	2	0
230	485	5	0
234	485	3	0
237	485	4	0
250	485	4	0
253	485	5	0
262	485	4	0
271	485	4	0
293	485	3	0
295	485	4	0
296	485	5	0
297	485	3	0
298	485	3	0
299	485	4	0
305	485	2	0
308	485	3	0
311	485	1	0
312	485	4	0
313	485	3	0
318	485	5	0
321	485	4	0
325	485	3	0
326	485	5	0
330	485	5	0
334	485	3	0
339	485	5	0
345	485	4	0
354	485	4	0
373	485	4	0
378	485	4	0
381	485	4	0
385	485	4	0
389	485	5	0
393	485	2	0
398	485	5	0
401	485	4	0
406	485	3	0
409	485	2	0
411	485	4	0
417	485	3	0
429	485	3	0
437	485	4	0
450	485	5	0
452	485	2	0
454	485	4	0
456	485	4	0
457	485	4	0
472	485	3	0
474	485	4	0
479	485	3	0
480	485	4	0
488	485	3	0
496	485	3	0
503	485	4	0
504	485	4	0
524	485	2	0
528	485	2	0
532	485	5	0
537	485	3	0
553	485	3	0
562	485	5	0
566	485	3	0
588	485	5	0
607	485	3	0
610	485	5	0
618	485	3	0
632	485	4	0
642	485	5	0
650	485	3	0
660	485	3	0
670	485	5	0
694	485	4	0
698	485	4	0
707	485	4	0
711	485	4	0
716	485	5	0
731	485	4	0
734	485	5	0
747	485	5	0
749	485	4	0
751	485	4	0
766	485	3	0
776	485	2	0
780	485	4	0
790	485	3	0
796	485	4	0
798	485	5	0
806	485	5	0
807	485	5	0
815	485	4	0
835	485	5	0
843	485	2	0
846	485	5	0
847	485	3	0
848	485	5	0
850	485	5	0
862	485	5	0
878	485	3	0
897	485	3	0
907	485	5	0
911	485	3	0
918	485	3	0
943	485	5	0
6	498	4	0
7	498	5	0
10	498	5	0
13	498	4	0
14	498	5	0
16	498	5	0
18	498	4	0
20	498	3	0
25	498	4	0
31	498	4	0
43	498	5	0
52	498	5	0
59	498	5	0
60	498	5	0
62	498	4	0
77	498	5	0
85	498	4	0
90	498	5	0
91	498	3	0
95	498	3	0
125	498	5	0
151	498	5	0
169	498	3	0
184	498	5	0
188	498	5	0
189	498	5	0
194	498	3	0
198	498	3	0
216	498	3	0
230	498	5	0
232	498	4	0
233	498	5	0
234	498	5	0
237	498	4	0
239	498	4	0
254	498	4	0
263	498	5	0
267	498	5	0
269	498	4	0
271	498	5	0
272	498	4	0
290	498	4	0
295	498	5	0
296	498	5	0
297	498	3	0
298	498	5	0
299	498	4	0
308	498	5	0
311	498	4	0
312	498	5	0
313	498	5	0
321	498	5	0
325	498	4	0
326	498	5	0
327	498	4	0
328	498	5	0
334	498	4	0
338	498	4	0
339	498	4	0
343	498	5	0
345	498	4	0
354	498	4	0
361	498	4	0
380	498	4	0
381	498	5	0
385	498	3	0
389	498	5	0
391	498	4	0
397	498	4	0
398	498	5	0
406	498	5	0
407	498	4	0
409	498	4	0
416	498	4	0
417	498	4	0
421	498	4	0
429	498	5	0
447	498	4	0
450	498	3	0
452	498	4	0
454	498	3	0
456	498	4	0
468	498	5	0
474	498	4	0
479	498	5	0
481	498	5	0
488	498	3	0
494	498	4	0
495	498	3	0
500	498	4	0
503	498	5	0
505	498	5	0
524	498	5	0
527	498	4	0
532	498	4	0
533	498	4	0
535	498	4	0
536	498	5	0
537	498	3	0
553	498	4	0
560	498	4	0
567	498	4	0
606	498	4	0
607	498	4	0
617	498	3	0
625	498	4	0
633	498	2	0
648	498	3	0
650	498	4	0
655	498	3	0
659	498	3	0
661	498	5	0
666	498	5	0
694	498	5	0
698	498	4	0
707	498	3	0
712	498	3	0
716	498	5	0
734	498	4	0
739	498	4	0
747	498	5	0
748	498	4	0
749	498	4	0
763	498	4	0
766	498	4	0
780	498	5	0
788	498	5	0
798	498	3	0
804	498	5	0
807	498	4	0
830	498	5	0
840	498	5	0
843	498	2	0
846	498	4	0
848	498	5	0
854	498	3	0
862	498	4	0
867	498	4	0
868	498	3	0
878	498	4	0
881	498	4	0
889	498	4	0
897	498	5	0
899	498	4	0
901	498	4	0
912	498	5	0
913	498	3	0
916	498	3	0
918	498	4	0
932	498	5	0
934	498	3	0
942	498	5	0
6	504	3	0
7	504	5	0
10	504	5	0
11	504	3	0
13	504	5	0
16	504	5	0
18	504	5	0
23	504	4	0
31	504	5	0
59	504	5	0
72	504	4	0
82	504	4	0
85	504	4	0
91	504	3	0
92	504	3	0
94	504	5	0
123	504	5	0
135	504	4	0
151	504	4	0
152	504	4	0
184	504	4	0
188	504	3	0
194	504	2	0
213	504	5	0
218	504	3	0
230	504	3	0
233	504	5	0
234	504	4	0
236	504	3	0
239	504	4	0
254	504	3	0
264	504	5	0
269	504	4	0
271	504	3	0
293	504	4	0
295	504	4	0
296	504	5	0
298	504	3	0
308	504	4	0
311	504	4	0
313	504	5	0
315	504	3	0
325	504	3	0
328	504	3	0
339	504	5	0
340	504	1	0
361	504	4	0
371	504	4	0
374	504	4	0
379	504	5	0
382	504	3	0
383	504	4	0
385	504	4	0
389	504	4	0
391	504	5	0
397	504	5	0
398	504	3	0
405	504	2	0
406	504	4	0
407	504	3	0
409	504	2	0
426	504	4	0
429	504	3	0
436	504	4	0
445	504	3	0
450	504	5	0
452	504	2	0
454	504	2	0
455	504	4	0
474	504	5	0
480	504	4	0
495	504	4	0
503	504	4	0
504	504	4	0
524	504	5	0
533	504	4	0
535	504	3	0
537	504	3	0
548	504	5	0
561	504	3	0
562	504	4	0
567	504	4	0
568	504	3	0
601	504	4	0
623	504	3	0
629	504	4	0
638	504	2	0
643	504	4	0
650	504	3	0
655	504	5	0
664	504	4	0
666	504	4	0
667	504	3	0
671	504	4	0
686	504	5	0
693	504	5	0
694	504	3	0
707	504	1	0
710	504	4	0
716	504	5	0
731	504	3	0
747	504	5	0
753	504	3	0
766	504	3	0
786	504	4	0
788	504	4	0
804	504	3	0
806	504	4	0
821	504	4	0
833	504	4	0
835	504	5	0
840	504	3	0
843	504	2	0
846	504	5	0
848	504	3	0
870	504	5	0
875	504	5	0
881	504	3	0
883	504	5	0
896	504	3	0
924	504	5	0
932	504	4	0
6	510	4	0
7	510	5	0
8	510	4	0
10	510	5	0
13	510	5	0
16	510	4	0
18	510	4	0
22	510	5	0
59	510	4	0
60	510	5	0
85	510	4	0
87	510	5	0
91	510	3	0
94	510	5	0
95	510	4	0
102	510	4	0
122	510	4	0
145	510	4	0
153	510	3	0
156	510	4	0
158	510	3	0
178	510	4	0
188	510	3	0
189	510	5	0
194	510	4	0
197	510	5	0
225	510	5	0
234	510	4	0
236	510	3	0
253	510	5	0
263	510	4	0
271	510	4	0
292	510	4	0
293	510	3	0
296	510	5	0
299	510	5	0
308	510	3	0
311	510	4	0
312	510	5	0
321	510	5	0
325	510	4	0
326	510	5	0
328	510	5	0
334	510	4	0
343	510	5	0
373	510	3	0
389	510	3	0
391	510	5	0
392	510	4	0
398	510	4	0
402	510	5	0
405	510	1	0
407	510	4	0
416	510	4	0
426	510	4	0
429	510	4	0
450	510	4	0
452	510	4	0
464	510	4	0
466	510	2	0
469	510	4	0
474	510	4	0
479	510	4	0
480	510	4	0
483	510	3	0
484	510	4	0
488	510	4	0
497	510	3	0
505	510	3	0
506	510	5	0
514	510	3	0
522	510	5	0
532	510	5	0
536	510	4	0
537	510	3	0
545	510	3	0
561	510	3	0
585	510	5	0
600	510	5	0
627	510	4	0
632	510	5	0
638	510	3	0
639	510	3	0
648	510	5	0
650	510	3	0
653	510	2	0
658	510	3	0
660	510	3	0
666	510	4	0
671	510	3	0
694	510	5	0
710	510	4	0
712	510	2	0
719	510	4	0
727	510	4	0
731	510	1	0
745	510	3	0
747	510	5	0
749	510	4	0
753	510	4	0
758	510	3	0
763	510	4	0
766	510	3	0
774	510	2	0
776	510	5	0
780	510	4	0
788	510	5	0
796	510	3	0
804	510	5	0
807	510	5	0
826	510	4	0
828	510	3	0
830	510	4	0
846	510	4	0
855	510	4	0
871	510	3	0
882	510	5	0
884	510	5	0
897	510	3	0
932	510	4	0
934	510	5	0
6	511	5	0
7	511	5	0
8	511	5	0
10	511	4	0
13	511	5	0
22	511	4	0
23	511	5	0
48	511	5	0
58	511	5	0
59	511	5	0
60	511	4	0
62	511	4	0
64	511	4	0
65	511	4	0
70	511	5	0
77	511	2	0
82	511	3	0
85	511	4	0
90	511	5	0
91	511	5	0
95	511	4	0
102	511	3	0
115	511	5	0
116	511	4	0
118	511	5	0
119	511	5	0
122	511	5	0
123	511	5	0
125	511	5	0
158	511	5	0
178	511	5	0
184	511	4	0
188	511	2	0
189	511	4	0
194	511	4	0
197	511	5	0
198	511	4	0
201	511	3	0
212	511	4	0
213	511	4	0
230	511	2	0
233	511	5	0
234	511	5	0
235	511	5	0
239	511	5	0
243	511	5	0
263	511	5	0
271	511	5	0
288	511	4	0
292	511	5	0
295	511	5	0
298	511	4	0
299	511	4	0
301	511	4	0
305	511	4	0
307	511	5	0
308	511	5	0
311	511	4	0
312	511	5	0
313	511	4	0
321	511	4	0
325	511	4	0
326	511	4	0
328	511	4	0
331	511	5	0
338	511	4	0
339	511	5	0
344	511	4	0
354	511	4	0
358	511	2	0
360	511	5	0
363	511	4	0
370	511	4	0
379	511	4	0
382	511	4	0
385	511	4	0
387	511	3	0
391	511	5	0
392	511	5	0
399	511	3	0
401	511	2	0
402	511	5	0
405	511	2	0
406	511	5	0
409	511	5	0
426	511	4	0
429	511	5	0
437	511	5	0
450	511	5	0
454	511	3	0
455	511	5	0
465	511	4	0
469	511	5	0
474	511	5	0
479	511	5	0
480	511	4	0
488	511	4	0
492	511	5	0
495	511	4	0
499	511	5	0
508	511	4	0
514	511	3	0
524	511	5	0
527	511	5	0
533	511	4	0
535	511	3	0
536	511	5	0
537	511	5	0
541	511	4	0
553	511	5	0
559	511	2	0
561	511	4	0
562	511	2	0
566	511	4	0
567	511	2	0
591	511	3	0
600	511	5	0
607	511	5	0
622	511	4	0
627	511	4	0
638	511	3	0
639	511	4	0
641	511	5	0
650	511	5	0
653	511	4	0
655	511	3	0
658	511	4	0
666	511	4	0
669	511	5	0
670	511	4	0
671	511	3	0
683	511	5	0
694	511	5	0
698	511	2	0
716	511	5	0
727	511	4	0
738	511	4	0
747	511	5	0
749	511	4	0
774	511	3	0
776	511	5	0
780	511	5	0
788	511	5	0
796	511	4	0
804	511	4	0
806	511	5	0
807	511	5	0
826	511	3	0
830	511	5	0
833	511	4	0
840	511	4	0
843	511	3	0
844	511	3	0
846	511	5	0
848	511	4	0
854	511	4	0
864	511	4	0
867	511	5	0
870	511	3	0
871	511	2	0
875	511	5	0
876	511	5	0
878	511	4	0
881	511	5	0
883	511	4	0
889	511	4	0
892	511	5	0
894	511	4	0
896	511	5	0
916	511	5	0
924	511	5	0
932	511	5	0
942	511	4	0
6	514	5	0
7	514	2	0
13	514	5	0
14	514	4	0
18	514	5	0
31	514	5	0
41	514	4	0
49	514	4	0
58	514	5	0
59	514	5	0
60	514	4	0
62	514	3	0
65	514	4	0
71	514	4	0
73	514	4	0
76	514	4	0
80	514	3	0
82	514	4	0
85	514	5	0
87	514	4	0
90	514	3	0
95	514	2	0
96	514	4	0
98	514	5	0
121	514	3	0
123	514	5	0
138	514	5	0
142	514	5	0
144	514	5	0
151	514	4	0
158	514	3	0
160	514	4	0
172	514	3	0
184	514	5	0
185	514	5	0
194	514	3	0
201	514	3	0
207	514	4	0
208	514	4	0
210	514	5	0
213	514	5	0
218	514	4	0
232	514	4	0
237	514	4	0
239	514	1	0
243	514	4	0
263	514	3	0
264	514	5	0
269	514	4	0
271	514	4	0
272	514	5	0
279	514	4	0
285	514	3	0
293	514	4	0
296	514	5	0
297	514	3	0
298	514	4	0
299	514	5	0
301	514	3	0
303	514	5	0
308	514	4	0
312	514	3	0
313	514	4	0
318	514	2	0
321	514	4	0
322	514	4	0
325	514	4	0
326	514	3	0
327	514	4	0
331	514	3	0
334	514	4	0
338	514	5	0
339	514	3	0
342	514	5	0
361	514	5	0
370	514	4	0
373	514	4	0
376	514	4	0
379	514	3	0
380	514	2	0
381	514	5	0
382	514	3	0
383	514	5	0
385	514	4	0
387	514	3	0
389	514	5	0
398	514	4	0
405	514	1	0
406	514	1	0
407	514	4	0
409	514	5	0
419	514	4	0
429	514	3	0
430	514	4	0
437	514	4	0
450	514	5	0
452	514	3	0
458	514	5	0
474	514	4	0
481	514	4	0
488	514	2	0
492	514	3	0
494	514	2	0
498	514	4	0
499	514	5	0
500	514	5	0
503	514	3	0
504	514	4	0
506	514	5	0
508	514	5	0
522	514	2	0
523	514	4	0
524	514	5	0
527	514	5	0
533	514	3	0
535	514	5	0
537	514	4	0
553	514	3	0
559	514	4	0
561	514	4	0
562	514	1	0
567	514	5	0
576	514	5	0
579	514	3	0
591	514	4	0
592	514	5	0
608	514	5	0
613	514	4	0
615	514	5	0
625	514	3	0
638	514	2	0
639	514	4	0
641	514	4	0
643	514	3	0
645	514	5	0
648	514	2	0
650	514	3	0
655	514	5	0
659	514	5	0
661	514	3	0
664	514	5	0
666	514	4	0
669	514	3	0
686	514	5	0
690	514	1	0
693	514	4	0
704	514	4	0
716	514	5	0
747	514	4	0
748	514	4	0
758	514	5	0
766	514	4	0
774	514	2	0
776	514	5	0
794	514	5	0
795	514	4	0
796	514	3	0
804	514	4	0
815	514	1	0
823	514	5	0
835	514	3	0
840	514	5	0
846	514	3	0
848	514	5	0
854	514	4	0
860	514	5	0
870	514	5	0
874	514	5	0
875	514	5	0
878	514	4	0
881	514	4	0
883	514	4	0
888	514	5	0
889	514	1	0
890	514	5	0
911	514	3	0
918	514	2	0
932	514	5	0
934	514	5	0
942	514	4	0
6	515	4	0
7	515	3	0
13	515	2	0
18	515	5	0
22	515	5	0
26	515	4	0
27	515	4	0
59	515	4	0
60	515	5	0
64	515	5	0
72	515	4	0
79	515	5	0
85	515	5	0
87	515	4	0
90	515	5	0
91	515	5	0
92	515	4	0
95	515	5	0
102	515	1	0
108	515	5	0
116	515	4	0
120	515	5	0
121	515	4	0
136	515	5	0
145	515	5	0
154	515	4	0
156	515	3	0
157	515	5	0
164	515	4	0
184	515	5	0
185	515	4	0
192	515	4	0
194	515	4	0
197	515	5	0
200	515	5	0
201	515	5	0
202	515	1	0
207	515	5	0
212	515	4	0
213	515	4	0
230	515	5	0
232	515	2	0
233	515	5	0
234	515	5	0
235	515	4	0
248	515	5	0
263	515	5	0
267	515	5	0
269	515	4	0
271	515	5	0
275	515	3	0
278	515	5	0
279	515	3	0
288	515	4	0
290	515	3	0
292	515	4	0
294	515	5	0
296	515	5	0
297	515	5	0
299	515	4	0
301	515	3	0
307	515	4	0
308	515	3	0
311	515	4	0
312	515	5	0
313	515	5	0
316	515	4	0
321	515	5	0
326	515	5	0
328	515	5	0
329	515	4	0
334	515	4	0
337	515	5	0
339	515	5	0
343	515	4	0
346	515	5	0
350	515	5	0
354	515	3	0
360	515	4	0
380	515	4	0
386	515	5	0
387	515	5	0
390	515	4	0
392	515	5	0
395	515	4	0
401	515	4	0
402	515	5	0
403	515	4	0
405	515	1	0
406	515	2	0
413	515	5	0
416	515	5	0
417	515	4	0
422	515	4	0
425	515	3	0
430	515	4	0
440	515	4	0
444	515	4	0
449	515	5	0
452	515	4	0
453	515	4	0
455	515	4	0
458	515	4	0
460	515	5	0
464	515	5	0
474	515	5	0
483	515	4	0
486	515	5	0
488	515	4	0
490	515	3	0
498	515	4	0
516	515	4	0
524	515	4	0
532	515	5	0
535	515	3	0
537	515	4	0
540	515	5	0
543	515	4	0
548	515	5	0
549	515	5	0
552	515	3	0
553	515	5	0
559	515	4	0
560	515	3	0
561	515	3	0
565	515	5	0
581	515	4	0
590	515	3	0
594	515	5	0
600	515	5	0
617	515	3	0
619	515	1	0
625	515	4	0
634	515	4	0
637	515	4	0
638	515	4	0
643	515	4	0
650	515	4	0
651	515	5	0
655	515	4	0
658	515	5	0
660	515	2	0
661	515	5	0
662	515	4	0
666	515	5	0
669	515	5	0
670	515	2	0
672	515	5	0
678	515	4	0
680	515	4	0
698	515	4	0
709	515	4	0
716	515	5	0
733	515	5	0
735	515	4	0
736	515	5	0
745	515	4	0
748	515	4	0
753	515	5	0
757	515	5	0
762	515	5	0
763	515	4	0
774	515	2	0
780	515	3	0
782	515	3	0
794	515	5	0
804	515	5	0
807	515	4	0
815	515	5	0
825	515	4	0
829	515	4	0
833	515	3	0
834	515	5	0
840	515	5	0
843	515	3	0
846	515	5	0
852	515	5	0
858	515	4	0
862	515	4	0
869	515	5	0
871	515	4	0
877	515	5	0
878	515	4	0
881	515	4	0
882	515	5	0
883	515	5	0
884	515	4	0
889	515	5	0
890	515	5	0
892	515	5	0
894	515	4	0
896	515	3	0
899	515	3	0
902	515	5	0
903	515	4	0
908	515	4	0
929	515	5	0
931	515	5	0
932	515	4	0
933	515	3	0
937	515	5	0
6	520	4	0
7	520	5	0
13	520	4	0
18	520	4	0
25	520	3	0
44	520	5	0
64	520	5	0
72	520	5	0
82	520	3	0
85	520	3	0
91	520	4	0
95	520	4	0
109	520	5	0
114	520	3	0
125	520	5	0
178	520	5	0
189	520	5	0
194	520	5	0
207	520	4	0
211	520	4	0
234	520	4	0
235	520	4	0
236	520	4	0
251	520	5	0
263	520	3	0
271	520	5	0
275	520	4	0
288	520	5	0
290	520	3	0
294	520	5	0
308	520	4	0
311	520	5	0
312	520	5	0
313	520	5	0
315	520	4	0
326	520	5	0
328	520	5	0
333	520	4	0
337	520	5	0
340	520	5	0
346	520	5	0
354	520	3	0
360	520	4	0
373	520	4	0
379	520	5	0
381	520	5	0
385	520	3	0
387	520	4	0
389	520	3	0
398	520	5	0
401	520	3	0
405	520	2	0
406	520	4	0
409	520	2	0
416	520	5	0
425	520	3	0
429	520	3	0
435	520	4	0
450	520	5	0
452	520	3	0
454	520	4	0
464	520	5	0
469	520	4	0
474	520	5	0
488	520	4	0
499	520	3	0
506	520	5	0
521	520	3	0
524	520	3	0
532	520	5	0
535	520	4	0
545	520	4	0
551	520	4	0
553	520	5	0
556	520	5	0
559	520	5	0
561	520	4	0
568	520	2	0
579	520	4	0
594	520	4	0
627	520	5	0
648	520	4	0
650	520	4	0
653	520	3	0
655	520	3	0
659	520	3	0
666	520	3	0
676	520	4	0
679	520	4	0
682	520	4	0
684	520	4	0
693	520	2	0
694	520	5	0
696	520	5	0
716	520	4	0
719	520	5	0
727	520	4	0
731	520	4	0
745	520	3	0
758	520	5	0
766	520	4	0
774	520	3	0
780	520	4	0
786	520	4	0
788	520	4	0
796	520	3	0
804	520	4	0
807	520	5	0
840	520	5	0
846	520	5	0
848	520	5	0
862	520	4	0
868	520	4	0
870	520	5	0
881	520	5	0
889	520	4	0
890	520	4	0
901	520	5	0
903	520	4	0
907	520	5	0
912	520	2	0
918	520	3	0
932	520	4	0
942	520	5	0
6	521	4	0
7	521	5	0
9	521	4	0
10	521	4	0
11	521	2	0
42	521	2	0
59	521	5	0
62	521	5	0
72	521	4	0
85	521	3	0
87	521	3	0
90	521	4	0
92	521	4	0
132	521	4	0
144	521	4	0
148	521	1	0
167	521	5	0
184	521	4	0
194	521	4	0
201	521	2	0
207	521	4	0
213	521	4	0
222	521	5	0
233	521	5	0
234	521	3	0
236	521	3	0
244	521	4	0
263	521	3	0
269	521	4	0
271	521	5	0
272	521	5	0
293	521	3	0
296	521	4	0
301	521	3	0
308	521	3	0
311	521	4	0
312	521	5	0
313	521	4	0
316	521	5	0
321	521	2	0
322	521	5	0
325	521	4	0
326	521	2	0
328	521	4	0
334	521	4	0
339	521	4	0
343	521	5	0
360	521	5	0
374	521	4	0
380	521	2	0
385	521	3	0
387	521	3	0
389	521	3	0
398	521	5	0
405	521	4	0
406	521	3	0
407	521	3	0
437	521	4	0
450	521	4	0
452	521	3	0
458	521	4	0
474	521	5	0
488	521	3	0
492	521	5	0
495	521	5	0
499	521	4	0
506	521	5	0
522	521	5	0
524	521	4	0
533	521	3	0
535	521	5	0
537	521	2	0
543	521	4	0
559	521	2	0
566	521	4	0
567	521	3	0
592	521	5	0
605	521	5	0
615	521	4	0
618	521	2	0
622	521	5	0
627	521	2	0
643	521	4	0
645	521	4	0
650	521	3	0
653	521	4	0
655	521	3	0
659	521	5	0
663	521	3	0
669	521	4	0
670	521	4	0
686	521	5	0
693	521	5	0
694	521	3	0
716	521	3	0
731	521	1	0
747	521	5	0
749	521	4	0
766	521	4	0
774	521	2	0
777	521	5	0
788	521	4	0
806	521	3	0
815	521	4	0
833	521	4	0
840	521	5	0
843	521	2	0
846	521	3	0
862	521	5	0
870	521	3	0
874	521	5	0
881	521	4	0
890	521	5	0
892	521	5	0
897	521	5	0
901	521	2	0
903	521	5	0
929	521	5	0
932	521	5	0
940	521	4	0
6	523	5	0
7	523	4	0
13	523	4	0
14	523	4	0
18	523	4	0
22	523	5	0
42	523	5	0
44	523	4	0
48	523	5	0
56	523	4	0
59	523	4	0
60	523	4	0
77	523	5	0
82	523	5	0
84	523	4	0
85	523	4	0
87	523	5	0
90	523	4	0
95	523	4	0
98	523	5	0
123	523	3	0
132	523	4	0
138	523	5	0
144	523	5	0
151	523	5	0
154	523	5	0
161	523	3	0
184	523	4	0
187	523	3	0
189	523	4	0
194	523	5	0
200	523	4	0
208	523	4	0
210	523	4	0
215	523	4	0
232	523	4	0
233	523	4	0
234	523	4	0
235	523	5	0
236	523	2	0
253	523	4	0
263	523	5	0
269	523	5	0
271	523	4	0
275	523	4	0
276	523	4	0
290	523	3	0
292	523	4	0
296	523	4	0
298	523	4	0
301	523	4	0
308	523	4	0
311	523	5	0
313	523	5	0
315	523	4	0
321	523	3	0
325	523	3	0
326	523	4	0
327	523	4	0
328	523	5	0
338	523	3	0
339	523	5	0
342	523	4	0
343	523	5	0
360	523	3	0
363	523	3	0
370	523	3	0
371	523	4	0
379	523	4	0
385	523	4	0
398	523	4	0
405	523	2	0
406	523	3	0
409	523	4	0
430	523	4	0
437	523	3	0
450	523	5	0
452	523	2	0
455	523	4	0
456	523	4	0
459	523	4	0
474	523	5	0
479	523	4	0
488	523	3	0
492	523	4	0
495	523	5	0
506	523	5	0
516	523	3	0
522	523	5	0
523	523	3	0
524	523	4	0
528	523	4	0
532	523	5	0
537	523	3	0
542	523	4	0
553	523	4	0
556	523	5	0
559	523	4	0
561	523	4	0
566	523	4	0
567	523	3	0
568	523	3	0
573	523	4	0
579	523	3	0
591	523	4	0
605	523	5	0
615	523	5	0
623	523	4	0
627	523	4	0
629	523	3	0
632	523	3	0
638	523	4	0
645	523	5	0
648	523	3	0
650	523	3	0
653	523	4	0
655	523	3	0
660	523	3	0
666	523	4	0
669	523	4	0
690	523	4	0
692	523	3	0
693	523	4	0
694	523	4	0
696	523	5	0
699	523	2	0
704	523	5	0
746	523	3	0
749	523	4	0
753	523	4	0
766	523	3	0
774	523	2	0
776	523	4	0
777	523	4	0
781	523	5	0
788	523	4	0
804	523	5	0
807	523	3	0
815	523	4	0
830	523	4	0
833	523	3	0
835	523	3	0
836	523	5	0
846	523	4	0
848	523	5	0
864	523	4	0
870	523	5	0
875	523	4	0
876	523	5	0
881	523	4	0
883	523	5	0
885	523	3	0
889	523	4	0
890	523	4	0
892	523	5	0
897	523	5	0
901	523	4	0
903	523	5	0
912	523	4	0
916	523	3	0
924	523	5	0
930	523	2	0
932	523	4	0
933	523	4	0
6	526	3	0
7	526	5	0
11	526	3	0
13	526	3	0
18	526	4	0
22	526	4	0
23	526	3	0
38	526	1	0
59	526	4	0
65	526	4	0
72	526	4	0
85	526	4	0
90	526	5	0
91	526	4	0
97	526	3	0
106	526	4	0
119	526	2	0
189	526	4	0
194	526	4	0
197	526	5	0
198	526	4	0
207	526	4	0
211	526	4	0
224	526	4	0
230	526	3	0
234	526	3	0
236	526	3	0
254	526	3	0
256	526	3	0
263	526	5	0
271	526	5	0
276	526	4	0
298	526	5	0
308	526	3	0
311	526	5	0
312	526	5	0
313	526	4	0
321	526	3	0
325	526	3	0
326	526	5	0
340	526	5	0
374	526	4	0
379	526	4	0
381	526	4	0
385	526	3	0
387	526	4	0
389	526	3	0
399	526	3	0
405	526	1	0
406	526	5	0
409	526	3	0
412	526	4	0
416	526	5	0
426	526	4	0
450	526	4	0
452	526	4	0
454	526	4	0
458	526	5	0
474	526	5	0
479	526	4	0
488	526	4	0
496	526	3	0
497	526	3	0
503	526	3	0
504	526	3	0
505	526	5	0
521	526	3	0
524	526	3	0
527	526	5	0
528	526	4	0
532	526	5	0
533	526	2	0
537	526	3	0
541	526	4	0
554	526	4	0
561	526	3	0
592	526	5	0
600	526	4	0
605	526	5	0
615	526	4	0
618	526	5	0
627	526	4	0
633	526	4	0
639	526	4	0
648	526	3	0
650	526	4	0
653	526	3	0
659	526	5	0
671	526	2	0
694	526	5	0
698	526	2	0
705	526	3	0
707	526	1	0
716	526	5	0
727	526	4	0
739	526	5	0
747	526	5	0
749	526	5	0
758	526	4	0
766	526	2	0
774	526	4	0
780	526	5	0
804	526	4	0
807	526	5	0
815	526	4	0
826	526	3	0
833	526	4	0
835	526	3	0
840	526	4	0
843	526	3	0
846	526	4	0
862	526	4	0
864	526	4	0
871	526	5	0
881	526	5	0
882	526	4	0
892	526	4	0
896	526	4	0
897	526	5	0
921	526	4	0
924	526	3	0
932	526	5	0
934	526	2	0
943	526	4	0
6	528	4	0
7	528	5	0
18	528	4	0
23	528	4	0
48	528	5	0
59	528	4	0
60	528	4	0
62	528	5	0
72	528	4	0
84	528	5	0
85	528	4	0
90	528	5	0
92	528	4	0
94	528	5	0
118	528	4	0
144	528	4	0
151	528	5	0
156	528	4	0
184	528	5	0
185	528	4	0
200	528	4	0
211	528	4	0
212	528	5	0
224	528	3	0
233	528	5	0
234	528	4	0
237	528	5	0
239	528	5	0
244	528	3	0
263	528	4	0
269	528	4	0
271	528	3	0
280	528	3	0
288	528	4	0
292	528	5	0
293	528	4	0
296	528	5	0
305	528	4	0
308	528	3	0
311	528	4	0
312	528	5	0
322	528	5	0
326	528	3	0
328	528	5	0
339	528	5	0
343	528	3	0
354	528	5	0
373	528	3	0
378	528	5	0
379	528	5	0
383	528	4	0
385	528	4	0
387	528	4	0
392	528	5	0
401	528	5	0
405	528	1	0
406	528	4	0
409	528	4	0
429	528	4	0
430	528	4	0
450	528	5	0
452	528	4	0
454	528	4	0
457	528	5	0
465	528	3	0
474	528	5	0
479	528	4	0
492	528	5	0
493	528	5	0
494	528	3	0
496	528	4	0
508	528	5	0
524	528	4	0
527	528	3	0
533	528	4	0
537	528	3	0
538	528	5	0
543	528	4	0
553	528	3	0
559	528	4	0
573	528	4	0
579	528	4	0
605	528	5	0
607	528	4	0
615	528	4	0
625	528	3	0
627	528	4	0
629	528	5	0
639	528	4	0
641	528	4	0
650	528	3	0
655	528	5	0
659	528	4	0
664	528	5	0
673	528	5	0
686	528	5	0
693	528	1	0
694	528	3	0
704	528	3	0
738	528	4	0
748	528	3	0
774	528	4	0
786	528	5	0
788	528	5	0
804	528	4	0
807	528	4	0
815	528	5	0
840	528	5	0
843	528	3	0
846	528	5	0
848	528	3	0
854	528	4	0
867	528	4	0
870	528	4	0
881	528	5	0
897	528	3	0
903	528	4	0
908	528	4	0
916	528	3	0
932	528	5	0
942	528	5	0
7	603	4	0
10	603	5	0
11	603	4	0
13	603	4	0
14	603	4	0
16	603	5	0
18	603	3	0
23	603	4	0
28	603	3	0
42	603	4	0
44	603	4	0
48	603	4	0
51	603	3	0
58	603	5	0
59	603	5	0
60	603	5	0
64	603	3	0
72	603	4	0
76	603	3	0
82	603	5	0
90	603	5	0
91	603	5	0
94	603	4	0
97	603	4	0
116	603	3	0
118	603	4	0
128	603	5	0
135	603	4	0
138	603	4	0
145	603	5	0
151	603	5	0
160	603	4	0
167	603	4	0
169	603	5	0
172	603	3	0
189	603	5	0
201	603	4	0
213	603	5	0
214	603	4	0
218	603	4	0
225	603	5	0
232	603	4	0
233	603	4	0
234	603	4	0
235	603	3	0
237	603	5	0
239	603	5	0
249	603	5	0
264	603	5	0
269	603	5	0
270	603	5	0
271	603	4	0
276	603	5	0
278	603	5	0
292	603	5	0
293	603	5	0
294	603	5	0
297	603	5	0
298	603	5	0
299	603	3	0
303	603	5	0
308	603	5	0
312	603	5	0
313	603	5	0
315	603	5	0
321	603	5	0
322	603	5	0
326	603	4	0
327	603	4	0
330	603	5	0
334	603	5	0
338	603	5	0
339	603	5	0
350	603	5	0
354	603	5	0
361	603	5	0
363	603	4	0
370	603	5	0
373	603	4	0
375	603	4	0
376	603	4	0
379	603	5	0
383	603	5	0
385	603	5	0
387	603	4	0
389	603	5	0
391	603	5	0
398	603	4	0
401	603	4	0
405	603	3	0
407	603	4	0
409	603	5	0
411	603	5	0
416	603	5	0
420	603	4	0
421	603	4	0
426	603	5	0
429	603	4	0
435	603	3	0
437	603	5	0
445	603	3	0
450	603	5	0
452	603	4	0
454	603	4	0
456	603	5	0
458	603	4	0
464	603	5	0
465	603	4	0
468	603	5	0
469	603	5	0
472	603	5	0
474	603	5	0
480	603	4	0
494	603	3	0
497	603	3	0
498	603	4	0
503	603	3	0
506	603	5	0
509	603	4	0
524	603	3	0
527	603	4	0
532	603	5	0
533	603	4	0
535	603	4	0
536	603	4	0
537	603	4	0
539	603	4	0
543	603	5	0
548	603	5	0
551	603	5	0
553	603	5	0
556	603	5	0
561	603	4	0
567	603	5	0
568	603	5	0
575	603	5	0
579	603	5	0
591	603	5	0
592	603	5	0
608	603	5	0
613	603	5	0
623	603	4	0
625	603	4	0
643	603	5	0
648	603	5	0
650	603	4	0
655	603	4	0
658	603	4	0
659	603	5	0
660	603	4	0
661	603	3	0
663	603	4	0
664	603	5	0
666	603	4	0
669	603	5	0
670	603	5	0
686	603	5	0
691	603	5	0
694	603	4	0
698	603	4	0
704	603	5	0
707	603	3	0
710	603	4	0
716	603	5	0
731	603	5	0
734	603	4	0
738	603	5	0
739	603	4	0
744	603	5	0
745	603	4	0
747	603	5	0
748	603	5	0
749	603	5	0
751	603	4	0
756	603	5	0
758	603	5	0
776	603	4	0
780	603	2	0
796	603	4	0
798	603	3	0
804	603	5	0
805	603	4	0
815	603	3	0
831	603	5	0
836	603	5	0
840	603	5	0
843	603	2	0
846	603	5	0
847	603	3	0
848	603	5	0
854	603	4	0
862	603	5	0
864	603	4	0
867	603	5	0
870	603	5	0
875	603	4	0
880	603	5	0
883	603	4	0
889	603	4	0
890	603	5	0
896	603	4	0
897	603	5	0
899	603	4	0
904	603	4	0
908	603	4	0
911	603	5	0
913	603	4	0
921	603	3	0
932	603	5	0
7	654	5	0
10	654	5	0
11	654	3	0
13	654	5	0
14	654	4	0
16	654	5	0
18	654	4	0
48	654	5	0
58	654	5	0
59	654	4	0
60	654	4	0
72	654	4	0
85	654	4	0
90	654	5	0
94	654	5	0
114	654	3	0
115	654	5	0
118	654	5	0
144	654	4	0
151	654	4	0
161	654	3	0
177	654	4	0
178	654	3	0
184	654	4	0
189	654	3	0
194	654	2	0
198	654	5	0
201	654	3	0
210	654	5	0
218	654	4	0
222	654	3	0
233	654	4	0
234	654	5	0
239	654	5	0
264	654	5	0
267	654	5	0
268	654	5	0
269	654	4	0
271	654	5	0
272	654	5	0
279	654	5	0
292	654	5	0
293	654	5	0
296	654	5	0
303	654	5	0
305	654	4	0
308	654	5	0
311	654	3	0
312	654	5	0
313	654	5	0
315	654	5	0
321	654	4	0
322	654	5	0
325	654	4	0
326	654	1	0
338	654	5	0
339	654	5	0
342	654	4	0
343	654	5	0
350	654	5	0
360	654	5	0
361	654	4	0
374	654	3	0
379	654	5	0
380	654	4	0
383	654	5	0
385	654	5	0
389	654	5	0
398	654	4	0
401	654	3	0
405	654	2	0
406	654	4	0
409	654	3	0
426	654	5	0
429	654	4	0
437	654	5	0
450	654	4	0
452	654	2	0
454	654	2	0
458	654	5	0
469	654	4	0
474	654	5	0
480	654	4	0
491	654	5	0
492	654	4	0
503	654	5	0
506	654	4	0
522	654	4	0
524	654	5	0
533	654	3	0
535	654	5	0
537	654	3	0
541	654	3	0
548	654	5	0
560	654	5	0
567	654	5	0
573	654	4	0
592	654	5	0
625	654	3	0
633	654	3	0
645	654	5	0
650	654	3	0
653	654	2	0
655	654	3	0
658	654	4	0
659	654	4	0
664	654	5	0
666	654	5	0
669	654	5	0
671	654	3	0
682	654	4	0
686	654	5	0
693	654	3	0
694	654	4	0
698	654	1	0
704	654	5	0
707	654	4	0
710	654	4	0
747	654	5	0
748	654	4	0
758	654	4	0
766	654	4	0
774	654	2	0
799	654	5	0
804	654	3	0
806	654	5	0
823	654	5	0
833	654	5	0
835	654	5	0
836	654	5	0
840	654	4	0
843	654	2	0
846	654	5	0
848	654	5	0
870	654	4	0
874	654	5	0
875	654	4	0
881	654	4	0
889	654	3	0
890	654	5	0
896	654	3	0
900	654	2	0
908	654	3	0
912	654	3	0
929	654	3	0
932	654	5	0
933	654	4	0
7	657	4	0
10	657	4	0
13	657	4	0
16	657	5	0
25	657	4	0
29	657	4	0
49	657	5	0
52	657	5	0
59	657	4	0
73	657	5	0
82	657	4	0
85	657	4	0
87	657	4	0
90	657	5	0
91	657	4	0
94	657	5	0
95	657	5	0
115	657	3	0
123	657	4	0
125	657	3	0
151	657	5	0
172	657	3	0
184	657	4	0
189	657	5	0
194	657	4	0
210	657	4	0
218	657	5	0
234	657	4	0
256	657	5	0
269	657	4	0
271	657	4	0
292	657	5	0
293	657	4	0
308	657	4	0
312	657	5	0
313	657	4	0
315	657	4	0
318	657	5	0
321	657	4	0
326	657	5	0
328	657	4	0
329	657	3	0
334	657	4	0
339	657	4	0
342	657	5	0
343	657	5	0
346	657	4	0
350	657	5	0
352	657	4	0
354	657	4	0
361	657	5	0
363	657	5	0
370	657	3	0
381	657	4	0
383	657	5	0
385	657	4	0
389	657	5	0
392	657	5	0
397	657	5	0
405	657	1	0
406	657	5	0
407	657	4	0
409	657	3	0
416	657	5	0
421	657	4	0
426	657	5	0
433	657	5	0
437	657	5	0
450	657	4	0
454	657	3	0
474	657	5	0
491	657	5	0
492	657	3	0
497	657	3	0
498	657	3	0
499	657	5	0
506	657	5	0
524	657	4	0
527	657	4	0
528	657	5	0
535	657	5	0
537	657	3	0
548	657	5	0
553	657	5	0
561	657	4	0
567	657	5	0
571	657	4	0
573	657	4	0
592	657	4	0
641	657	4	0
650	657	4	0
653	657	4	0
655	657	3	0
659	657	5	0
660	657	2	0
661	657	4	0
664	657	5	0
666	657	4	0
669	657	5	0
670	657	5	0
682	657	4	0
694	657	4	0
704	657	4	0
744	657	5	0
748	657	4	0
753	657	5	0
758	657	5	0
767	657	4	0
776	657	3	0
780	657	3	0
788	657	4	0
802	657	4	0
804	657	4	0
807	657	4	0
833	657	4	0
836	657	5	0
840	657	5	0
843	657	3	0
846	657	5	0
862	657	5	0
867	657	5	0
870	657	5	0
880	657	4	0
886	657	5	0
889	657	4	0
890	657	5	0
908	657	4	0
913	657	5	0
932	657	5	0
934	657	3	0
940	657	4	0
7	663	5	0
10	663	3	0
11	663	4	0
13	663	5	0
14	663	5	0
18	663	4	0
58	663	2	0
59	663	4	0
64	663	3	0
83	663	5	0
85	663	5	0
92	663	4	0
97	663	5	0
102	663	3	0
125	663	3	0
148	663	5	0
151	663	4	0
187	663	3	0
189	663	3	0
194	663	4	0
196	663	5	0
208	663	5	0
218	663	3	0
234	663	4	0
239	663	5	0
269	663	4	0
271	663	4	0
279	663	3	0
280	663	4	0
293	663	3	0
296	663	5	0
305	663	3	0
308	663	5	0
312	663	5	0
313	663	5	0
321	663	2	0
326	663	1	0
327	663	4	0
334	663	5	0
338	663	5	0
339	663	5	0
342	663	4	0
343	663	5	0
344	663	5	0
360	663	4	0
371	663	5	0
376	663	3	0
378	663	3	0
379	663	3	0
380	663	4	0
383	663	5	0
385	663	4	0
387	663	4	0
389	663	4	0
392	663	4	0
398	663	2	0
401	663	1	0
405	663	2	0
406	663	5	0
409	663	4	0
417	663	3	0
426	663	4	0
429	663	4	0
437	663	5	0
450	663	4	0
452	663	2	0
458	663	4	0
474	663	4	0
481	663	4	0
494	663	5	0
498	663	4	0
499	663	5	0
506	663	4	0
523	663	5	0
524	663	2	0
533	663	5	0
537	663	3	0
543	663	4	0
577	663	5	0
583	663	4	0
640	663	5	0
643	663	4	0
648	663	1	0
650	663	4	0
660	663	2	0
664	663	4	0
666	663	4	0
690	663	4	0
694	663	4	0
698	663	1	0
707	663	4	0
716	663	5	0
747	663	5	0
749	663	4	0
766	663	5	0
804	663	5	0
833	663	3	0
836	663	5	0
840	663	4	0
846	663	4	0
847	663	2	0
848	663	5	0
850	663	2	0
860	663	3	0
864	663	4	0
870	663	3	0
878	663	5	0
881	663	5	0
886	663	4	0
889	663	3	0
890	663	4	0
892	663	5	0
899	663	4	0
908	663	3	0
932	663	4	0
934	663	5	0
10	705	4	0
13	705	5	0
16	705	5	0
18	705	3	0
23	705	4	0
31	705	5	0
43	705	4	0
51	705	1	0
59	705	4	0
60	705	4	0
64	705	5	0
82	705	3	0
85	705	5	0
87	705	4	0
90	705	5	0
95	705	5	0
125	705	5	0
128	705	3	0
151	705	5	0
169	705	5	0
189	705	4	0
194	705	2	0
201	705	3	0
211	705	4	0
214	705	4	0
225	705	5	0
232	705	5	0
234	705	5	0
235	705	5	0
236	705	4	0
237	705	3	0
239	705	4	0
253	705	5	0
269	705	2	0
271	705	4	0
292	705	4	0
293	705	5	0
295	705	4	0
296	705	5	0
297	705	2	0
298	705	4	0
303	705	5	0
308	705	5	0
311	705	3	0
312	705	5	0
321	705	3	0
326	705	3	0
329	705	3	0
331	705	2	0
354	705	4	0
361	705	5	0
363	705	2	0
370	705	3	0
373	705	4	0
376	705	3	0
379	705	4	0
381	705	5	0
385	705	3	0
389	705	5	0
391	705	5	0
392	705	5	0
393	705	4	0
397	705	5	0
398	705	5	0
406	705	4	0
407	705	4	0
409	705	2	0
419	705	5	0
426	705	5	0
429	705	4	0
437	705	4	0
450	705	4	0
454	705	3	0
464	705	5	0
465	705	4	0
469	705	5	0
474	705	3	0
480	705	4	0
488	705	4	0
495	705	4	0
496	705	2	0
504	705	4	0
505	705	3	0
506	705	5	0
509	705	4	0
524	705	3	0
537	705	3	0
561	705	3	0
566	705	4	0
567	705	5	0
592	705	5	0
610	705	3	0
618	705	3	0
622	705	3	0
625	705	3	0
632	705	5	0
647	705	4	0
650	705	4	0
659	705	5	0
664	705	4	0
670	705	5	0
690	705	1	0
694	705	5	0
698	705	4	0
707	705	4	0
716	705	5	0
731	705	5	0
734	705	4	0
747	705	5	0
749	705	4	0
758	705	5	0
766	705	4	0
780	705	5	0
795	705	4	0
796	705	4	0
798	705	4	0
806	705	4	0
807	705	4	0
815	705	5	0
821	705	5	0
829	705	4	0
838	705	5	0
840	705	4	0
846	705	3	0
847	705	3	0
850	705	5	0
854	705	4	0
881	705	1	0
889	705	4	0
892	705	4	0
896	705	5	0
897	705	3	0
924	705	5	0
930	705	2	0
932	705	4	0
934	705	4	0
942	705	4	0
