1	6	5	0
9	6	5	0
18	6	5	0
63	6	3	0
71	6	3	0
76	6	5	0
79	6	4	0
90	6	4	0
181	6	1	0
198	6	2	0
409	6	4	0
486	6	4	0
524	6	5	0
537	6	2	0
568	6	3	0
590	6	5	0
655	6	4	0
662	6	5	0
707	6	3	0
758	6	2	0
773	6	3	0
806	6	2	0
828	6	1	0
870	6	4	0
924	6	4	0
936	6	5	0
1	46	4	0
92	46	4	0
122	46	5	0
195	46	3	0
201	46	4	0
239	46	4	0
276	46	3	0
291	46	4	0
303	46	3	0
315	46	4	0
328	46	2	0
385	46	5	0
387	46	3	0
405	46	1	0
456	46	3	0
506	46	3	0
537	46	3	0
561	46	4	0
622	46	4	0
645	46	5	0
655	46	4	0
666	46	4	0
788	46	3	0
846	46	4	0
896	46	2	0
903	46	4	0
916	46	4	0
1	107	4	0
11	107	4	0
52	107	4	0
89	107	5	0
99	107	3	0
106	107	4	0
158	107	3	0
174	107	5	0
181	107	1	0
200	107	3	0
207	107	3	0
224	107	3	0
265	107	1	0
271	107	1	0
286	107	1	0
308	107	4	0
325	107	2	0
348	107	4	0
370	107	4	0
387	107	3	0
416	107	5	0
454	107	3	0
463	107	3	0
474	107	3	0
483	107	3	0
494	107	4	0
524	107	3	0
532	107	5	0
533	107	3	0
537	107	3	0
588	107	5	0
601	107	4	0
607	107	4	0
621	107	4	0
648	107	4	0
697	107	5	0
721	107	4	0
733	107	4	0
891	107	5	0
894	107	3	0
907	107	5	0
930	107	3	0
1	126	2	0
7	126	3	0
17	126	4	0
18	126	5	0
26	126	4	0
52	126	5	0
57	126	3	0
59	126	5	0
63	126	3	0
74	126	3	0
90	126	2	0
103	126	5	0
104	126	4	0
113	126	5	0
121	126	3	0
131	126	4	0
141	126	5	0
144	126	4	0
159	126	5	0
160	126	3	0
167	126	3	0
168	126	5	0
174	126	5	0
181	126	2	0
182	126	5	0
184	126	3	0
224	126	3	0
227	126	4	0
231	126	5	0
244	126	4	0
254	126	3	0
271	126	3	0
280	126	3	0
314	126	2	0
330	126	5	0
339	126	4	0
345	126	5	0
348	126	5	0
349	126	2	0
357	126	5	0
374	126	3	0
378	126	4	0
390	126	5	0
393	126	4	0
398	126	4	0
402	126	4	0
416	126	5	0
422	126	4	0
450	126	5	0
455	126	5	0
458	126	4	0
463	126	4	0
468	126	3	0
474	126	4	0
490	126	2	0
494	126	4	0
518	126	4	0
524	126	4	0
533	126	4	0
540	126	3	0
552	126	4	0
569	126	5	0
590	126	5	0
593	126	5	0
594	126	3	0
605	126	5	0
608	126	1	0
613	126	5	0
614	126	4	0
624	126	4	0
630	126	4	0
634	126	3	0
640	126	4	0
655	126	2	0
665	126	4	0
677	126	1	0
697	126	5	0
708	126	4	0
717	126	5	0
719	126	2	0
733	126	2	0
735	126	3	0
786	126	4	0
796	126	3	0
821	126	5	0
825	126	3	0
830	126	5	0
854	126	3	0
869	126	2	0
878	126	3	0
891	126	5	0
894	126	3	0
919	126	4	0
930	126	5	0
931	126	4	0
937	126	4	0
938	126	4	0
1	206	4	0
70	206	3	0
73	206	3	0
94	206	4	0
130	206	3	0
201	206	2	0
234	206	4	0
267	206	5	0
268	206	3	0
276	206	5	0
293	206	4	0
312	206	5	0
363	206	2	0
373	206	4	0
387	206	4	0
393	206	3	0
405	206	1	0
406	206	1	0
409	206	4	0
412	206	2	0
417	206	2	0
435	206	5	0
447	206	4	0
487	206	4	0
496	206	4	0
521	206	5	0
537	206	1	0
542	206	2	0
561	206	3	0
588	206	4	0
606	206	4	0
622	206	1	0
650	206	4	0
666	206	4	0
699	206	3	0
715	206	4	0
727	206	3	0
738	206	3	0
757	206	4	0
804	206	3	0
807	206	2	0
822	206	3	0
823	206	4	0
833	206	4	0
838	206	4	0
843	206	3	0
868	206	5	0
887	206	5	0
896	206	3	0
916	206	3	0
1	236	4	0
18	236	3	0
69	236	4	0
79	236	5	0
89	236	5	0
125	236	1	0
130	236	5	0
145	236	1	0
176	236	4	0
181	236	1	0
214	236	5	0
226	236	3	0
234	236	3	0
246	236	4	0
279	236	5	0
291	236	4	0
303	236	4	0
325	236	3	0
334	236	4	0
342	236	3	0
343	236	5	0
385	236	2	0
413	236	4	0
486	236	3	0
491	236	4	0
518	236	3	0
533	236	4	0
537	236	3	0
539	236	3	0
546	236	4	0
555	236	5	0
569	236	4	0
592	236	3	0
606	236	3	0
624	236	3	0
655	236	3	0
666	236	4	0
758	236	4	0
796	236	4	0
878	236	2	0
894	236	4	0
916	236	4	0
919	236	5	0
936	236	5	0
937	236	4	0
1	256	4	0
49	256	4	0
69	256	5	0
181	256	1	0
296	256	5	0
363	256	3	0
385	256	4	0
473	256	4	0
655	256	3	0
707	256	4	0
756	256	4	0
762	256	3	0
782	256	2	0
883	256	5	0
894	256	3	0
916	256	3	0
1	262	3	0
13	262	4	0
21	262	4	0
31	262	5	0
46	262	5	0
47	262	5	0
49	262	5	0
63	262	4	0
79	262	5	0
113	262	2	0
116	262	3	0
126	262	4	0
130	262	3	0
144	262	3	0
146	262	4	0
149	262	1	0
171	262	4	0
173	262	4	0
176	262	4	0
181	262	2	0
184	262	5	0
204	262	4	0
206	262	1	0
276	262	4	0
282	262	4	0
284	262	4	0
291	262	4	0
303	262	5	0
342	262	2	0
345	262	5	0
364	262	3	0
372	262	4	0
385	262	4	0
448	262	4	0
451	262	1	0
486	262	1	0
493	262	3	0
498	262	2	0
537	262	5	0
557	262	2	0
574	262	5	0
587	262	4	0
592	262	5	0
608	262	3	0
611	262	4	0
615	262	4	0
624	262	4	0
635	262	5	0
643	262	3	0
655	262	5	0
717	262	4	0
720	262	4	0
721	262	3	0
747	262	5	0
758	262	5	0
778	262	4	0
808	262	5	0
833	262	2	0
847	262	5	0
851	262	4	0
860	262	4	0
863	262	3	0
871	262	3	0
889	262	4	0
894	262	4	0
926	262	3	0
1	267	4	0
5	267	4	0
130	267	5	0
268	267	3	0
297	267	3	0
319	267	4	0
422	267	4	0
532	267	3	0
833	267	1	0
2	277	4	0
11	277	5	0
43	277	1	0
52	277	5	0
59	277	4	0
63	277	4	0
85	277	2	0
89	277	4	0
113	277	3	0
119	277	4	0
151	277	4	0
158	277	4	0
181	277	1	0
184	277	3	0
192	277	3	0
224	277	3	0
234	277	3	0
252	277	4	0
271	277	4	0
274	277	4	0
286	277	4	0
296	277	5	0
297	277	3	0
303	277	3	0
330	277	4	0
331	277	4	0
334	277	3	0
343	277	4	0
365	277	4	0
378	277	4	0
387	277	4	0
390	277	2	0
406	277	3	0
416	277	5	0
429	277	4	0
450	277	3	0
454	277	2	0
455	277	4	0
470	277	4	0
483	277	3	0
486	277	3	0
490	277	3	0
496	277	5	0
503	277	4	0
524	277	3	0
526	277	2	0
532	277	5	0
535	277	5	0
537	277	2	0
548	277	3	0
560	277	3	0
561	277	3	0
569	277	2	0
572	277	1	0
622	277	4	0
629	277	5	0
678	277	3	0
697	277	5	0
699	277	3	0
710	277	4	0
711	277	5	0
733	277	1	0
735	277	3	0
837	277	2	0
839	277	2	0
883	277	4	0
894	277	4	0
906	277	3	0
907	277	5	0
919	277	5	0
924	277	3	0
2	279	4	0
13	279	5	0
115	279	3	0
141	279	1	0
181	279	1	0
185	279	4	0
234	279	3	0
265	279	2	0
270	279	5	0
277	279	4	0
296	279	4	0
374	279	4	0
454	279	4	0
455	279	3	0
460	279	2	0
486	279	4	0
527	279	4	0
537	279	2	0
613	279	4	0
614	279	3	0
655	279	3	0
707	279	3	0
733	279	2	0
747	279	4	0
883	279	3	0
887	279	5	0
889	279	2	0
894	279	4	0
2	292	4	0
13	292	5	0
15	292	5	0
21	292	3	0
26	292	3	0
33	292	4	0
34	292	5	0
47	292	4	0
100	292	2	0
113	292	3	0
116	292	4	0
121	292	4	0
141	292	1	0
147	292	5	0
155	292	3	0
170	292	5	0
171	292	4	0
173	292	5	0
177	292	3	0
181	292	1	0
201	292	3	0
204	292	5	0
234	292	4	0
235	292	3	0
241	292	4	0
262	292	4	0
296	292	5	0
316	292	4	0
320	292	3	0
323	292	4	0
324	292	3	0
341	292	5	0
351	292	4	0
354	292	4	0
356	292	3	0
368	292	4	0
372	292	5	0
374	292	4	0
378	292	3	0
423	292	4	0
424	292	4	0
427	292	2	0
437	292	5	0
446	292	5	0
448	292	4	0
450	292	5	0
451	292	3	0
455	292	3	0
462	292	5	0
464	292	5	0
466	292	4	0
486	292	4	0
488	292	3	0
489	292	4	0
490	292	3	0
504	292	5	0
510	292	4	0
511	292	5	0
515	292	3	0
529	292	4	0
532	292	4	0
533	292	4	0
537	292	2	0
544	292	4	0
548	292	4	0
551	292	3	0
557	292	4	0
564	292	4	0
587	292	3	0
592	292	1	0
594	292	3	0
598	292	4	0
616	292	4	0
626	292	1	0
628	292	5	0
629	292	4	0
634	292	3	0
642	292	2	0
651	292	2	0
655	292	2	0
673	292	4	0
674	292	4	0
681	292	4	0
701	292	4	0
721	292	3	0
743	292	3	0
747	292	4	0
749	292	4	0
754	292	3	0
758	292	4	0
782	292	4	0
783	292	4	0
784	292	4	0
787	292	3	0
799	292	4	0
800	292	5	0
804	292	2	0
811	292	3	0
812	292	3	0
824	292	3	0
834	292	5	0
836	292	5	0
839	292	3	0
853	292	4	0
858	292	3	0
861	292	4	0
863	292	2	0
873	292	5	0
879	292	4	0
894	292	4	0
909	292	4	0
919	292	3	0
920	292	3	0
926	292	3	0
2	296	3	0
139	296	4	0
655	296	4	0
733	296	2	0
736	296	4	0
782	296	3	0
2	305	3	0
13	305	4	0
40	305	4	0
46	305	5	0
47	305	5	0
107	305	4	0
111	305	2	0
130	305	4	0
147	305	4	0
149	305	4	0
163	305	2	0
171	305	2	0
173	305	5	0
176	305	5	0
179	305	4	0
181	305	2	0
220	305	4	0
239	305	4	0
242	305	5	0
257	305	4	0
273	305	4	0
282	305	4	0
284	305	4	0
288	305	4	0
299	305	3	0
305	305	3	0
315	305	5	0
318	305	2	0
325	305	2	0
327	305	5	0
331	305	5	0
334	305	2	0
335	305	4	0
345	305	4	0
354	305	4	0
385	305	4	0
416	305	3	0
425	305	3	0
428	305	3	0
448	305	4	0
450	305	4	0
451	305	3	0
461	305	2	0
470	305	4	0
486	305	3	0
532	305	3	0
537	305	4	0
548	305	1	0
557	305	3	0
570	305	5	0
574	305	3	0
587	305	4	0
592	305	4	0
608	305	3	0
611	305	4	0
624	305	4	0
628	305	5	0
639	305	1	0
641	305	5	0
655	305	4	0
675	305	4	0
683	305	4	0
695	305	3	0
696	305	4	0
697	305	5	0
707	305	5	0
721	305	3	0
724	305	3	0
732	305	2	0
747	305	5	0
750	305	4	0
751	305	2	0
752	305	4	0
758	305	4	0
775	305	4	0
787	305	3	0
803	305	5	0
860	305	4	0
861	305	4	0
863	305	4	0
866	305	2	0
871	305	3	0
874	305	4	0
887	305	5	0
894	305	4	0
915	305	2	0
919	305	4	0
2	311	5	0
13	311	3	0
58	311	4	0
64	311	2	0
79	311	4	0
88	311	5	0
90	311	4	0
104	311	1	0
111	311	4	0
116	311	3	0
126	311	4	0
129	311	3	0
146	311	4	0
149	311	3	0
197	311	4	0
229	311	5	0
258	311	4	0
271	311	3	0
273	311	4	0
278	311	4	0
298	311	3	0
299	311	4	0
305	311	5	0
327	311	3	0
334	311	4	0
344	311	4	0
345	311	5	0
351	311	4	0
354	311	5	0
410	311	3	0
416	311	3	0
446	311	2	0
450	311	4	0
460	311	5	0
463	311	4	0
482	311	4	0
485	311	3	0
517	311	3	0
520	311	3	0
524	311	4	0
531	311	4	0
532	311	2	0
537	311	3	0
547	311	2	0
548	311	3	0
559	311	3	0
574	311	4	0
607	311	4	0
611	311	4	0
639	311	3	0
655	311	3	0
668	311	4	0
673	311	4	0
675	311	3	0
683	311	3	0
695	311	4	0
696	311	5	0
701	311	5	0
707	311	4	0
713	311	3	0
720	311	5	0
724	311	1	0
743	311	5	0
752	311	3	0
755	311	4	0
758	311	4	0
787	311	4	0
803	311	5	0
838	311	4	0
845	311	4	0
860	311	4	0
874	311	4	0
883	311	4	0
894	311	4	0
920	311	3	0
3	329	4	0
4	329	5	0
13	329	2	0
33	329	4	0
34	329	5	0
99	329	4	0
113	329	3	0
119	329	3	0
130	329	4	0
145	329	4	0
164	329	4	0
173	329	4	0
181	329	1	0
223	329	2	0
224	329	3	0
234	329	2	0
286	329	4	0
311	329	4	0
355	329	3	0
384	329	3	0
390	329	3	0
396	329	2	0
416	329	3	0
423	329	3	0
428	329	3	0
440	329	5	0
451	329	4	0
494	329	3	0
515	329	2	0
531	329	5	0
532	329	4	0
580	329	3	0
616	329	3	0
624	329	3	0
669	329	1	0
688	329	5	0
721	329	3	0
724	329	4	0
775	329	3	0
782	329	3	0
787	329	4	0
817	329	4	0
827	329	3	0
863	329	2	0
880	329	4	0
3	344	4	0
13	344	2	0
100	344	4	0
111	344	2	0
116	344	5	0
126	344	4	0
171	344	3	0
197	344	4	0
229	344	5	0
235	344	5	0
284	344	4	0
327	344	4	0
328	344	4	0
354	344	5	0
381	344	3	0
392	344	4	0
393	344	3	0
418	344	1	0
423	344	4	0
428	344	3	0
448	344	4	0
466	344	5	0
514	344	3	0
515	344	2	0
548	344	1	0
564	344	4	0
574	344	5	0
592	344	4	0
611	344	5	0
655	344	4	0
656	344	4	0
673	344	5	0
675	344	4	0
676	344	5	0
683	344	3	0
696	344	5	0
701	344	3	0
704	344	4	0
713	344	5	0
724	344	1	0
752	344	4	0
758	344	3	0
767	344	4	0
772	344	4	0
775	344	5	0
782	344	3	0
784	344	4	0
833	344	4	0
841	344	3	0
842	344	1	0
860	344	3	0
863	344	4	0
866	344	2	0
894	344	4	0
931	344	4	0
3	345	3	0
13	345	4	0
39	345	3	0
40	345	4	0
85	345	4	0
99	345	3	0
104	345	4	0
146	345	4	0
147	345	4	0
149	345	4	0
176	345	5	0
179	345	1	0
191	345	4	0
257	345	4	0
264	345	4	0
271	345	3	0
273	345	3	0
284	345	4	0
286	345	4	0
288	345	5	0
299	345	4	0
325	345	3	0
334	345	2	0
379	345	3	0
383	345	2	0
392	345	4	0
397	345	4	0
407	345	4	0
416	345	5	0
448	345	5	0
450	345	2	0
485	345	1	0
507	345	5	0
509	345	1	0
532	345	4	0
533	345	3	0
537	345	4	0
547	345	5	0
548	345	1	0
561	345	4	0
564	345	4	0
574	345	2	0
592	345	4	0
617	345	1	0
655	345	3	0
659	345	4	0
668	345	2	0
673	345	4	0
676	345	2	0
707	345	5	0
711	345	4	0
713	345	3	0
720	345	2	0
752	345	1	0
758	345	5	0
775	345	5	0
783	345	4	0
787	345	3	0
819	345	4	0
828	345	1	0
871	345	3	0
883	345	3	0
894	345	4	0
905	345	4	0
915	345	4	0
3	348	4	0
13	348	2	0
33	348	4	0
99	348	4	0
100	348	3	0
119	348	3	0
145	348	4	0
170	348	3	0
286	348	4	0
311	348	4	0
404	348	3	0
416	348	3	0
423	348	3	0
436	348	4	0
519	348	5	0
532	348	4	0
580	348	3	0
616	348	3	0
669	348	1	0
752	348	4	0
775	348	3	0
782	348	4	0
787	348	4	0
857	348	1	0
863	348	2	0
873	348	3	0
880	348	4	0
3	354	3	0
4	354	5	0
13	354	2	0
43	354	4	0
58	354	3	0
74	354	3	0
88	354	5	0
90	354	3	0
99	354	2	0
100	354	2	0
104	354	3	0
111	354	4	0
112	354	3	0
119	354	5	0
130	354	5	0
145	354	4	0
152	354	3	0
171	354	3	0
178	354	4	0
179	354	4	0
190	354	4	0
193	354	3	0
197	354	2	0
215	354	4	0
276	354	4	0
286	354	4	0
294	354	3	0
299	354	4	0
317	354	4	0
332	354	5	0
377	354	4	0
393	354	4	0
410	354	3	0
416	354	4	0
435	354	3	0
450	354	4	0
453	354	4	0
466	354	2	0
475	354	2	0
478	354	3	0
532	354	4	0
547	354	4	0
551	354	3	0
588	354	5	0
592	354	4	0
611	354	3	0
620	354	5	0
640	354	4	0
646	354	3	0
655	354	2	0
668	354	4	0
669	354	1	0
676	354	4	0
683	354	3	0
695	354	4	0
704	354	4	0
711	354	3	0
729	354	5	0
752	354	2	0
768	354	3	0
772	354	4	0
773	354	2	0
782	354	2	0
801	354	4	0
831	354	4	0
835	354	3	0
838	354	4	0
863	354	1	0
870	354	4	0
872	354	4	0
883	354	4	0
940	354	5	0
4	359	5	0
181	359	1	0
206	359	1	0
261	359	5	0
351	359	4	0
427	359	5	0
446	359	3	0
451	359	2	0
489	359	5	0
655	359	3	0
688	359	5	0
721	359	3	0
739	359	5	0
753	359	4	0
754	359	3	0
787	359	3	0
863	359	3	0
871	359	3	0
4	360	5	0
13	360	4	0
181	360	1	0
206	360	1	0
355	360	4	0
448	360	4	0
451	360	3	0
470	360	2	0
489	360	5	0
871	360	3	0
4	361	5	0
206	361	1	0
242	361	5	0
405	361	2	0
440	361	5	0
628	361	5	0
724	361	1	0
782	361	3	0
787	361	3	0
863	361	5	0
5	372	3	0
11	372	4	0
24	372	4	0
49	372	4	0
56	372	3	0
85	372	4	0
87	372	3	0
94	372	4	0
125	372	1	0
151	372	5	0
165	372	5	0
180	372	5	0
184	372	3	0
279	372	4	0
286	372	4	0
312	372	3	0
344	372	4	0
363	372	4	0
379	372	4	0
399	372	3	0
405	372	1	0
406	372	4	0
450	372	4	0
455	372	4	0
457	372	4	0
468	372	2	0
497	372	4	0
504	372	4	0
539	372	2	0
655	372	3	0
751	372	3	0
847	372	5	0
883	372	3	0
919	372	3	0
5	389	1	0
7	389	4	0
38	389	5	0
64	389	4	0
85	389	3	0
91	389	2	0
95	389	4	0
130	389	3	0
234	389	3	0
254	389	3	0
280	389	5	0
295	389	4	0
373	389	3	0
399	389	3	0
405	389	2	0
450	389	4	0
495	389	5	0
535	389	4	0
536	389	5	0
601	389	2	0
650	389	3	0
749	389	3	0
796	389	4	0
821	389	5	0
897	389	3	0
932	389	3	0
934	389	3	0
5	390	5	0
94	390	5	0
116	390	4	0
279	390	3	0
286	390	1	0
303	390	3	0
370	390	1	0
373	390	3	0
397	390	3	0
747	390	4	0
5	394	2	0
13	394	2	0
145	394	1	0
286	394	5	0
346	394	4	0
393	394	5	0
435	394	4	0
497	394	3	0
751	394	4	0
798	394	4	0
864	394	3	0
880	394	3	0
5	445	3	0
13	445	4	0
21	445	3	0
38	445	2	0
60	445	5	0
95	445	4	0
96	445	4	0
102	445	2	0
234	445	2	0
269	445	3	0
293	445	4	0
326	445	4	0
366	445	5	0
405	445	4	0
425	445	3	0
537	445	3	0
650	445	4	0
716	445	3	0
788	445	4	0
802	445	3	0
804	445	4	0
833	445	4	0
6	466	4	0
59	466	4	0
62	466	3	0
72	466	4	0
80	466	5	0
84	466	4	0
92	466	4	0
97	466	3	0
115	466	5	0
144	466	2	0
151	466	5	0
194	466	4	0
201	466	4	0
216	466	4	0
218	466	4	0
234	466	4	0
268	466	3	0
270	466	5	0
271	466	4	0
291	466	5	0
293	466	3	0
308	466	5	0
315	466	1	0
327	466	3	0
343	466	4	0
361	466	4	0
374	466	5	0
405	466	1	0
406	466	4	0
407	466	3	0
409	466	4	0
421	466	4	0
429	466	2	0
437	466	2	0
524	466	4	0
527	466	2	0
535	466	3	0
537	466	4	0
543	466	4	0
548	466	5	0
591	466	3	0
592	466	5	0
655	466	3	0
663	466	3	0
664	466	4	0
747	466	3	0
763	466	4	0
854	466	3	0
864	466	4	0
870	466	4	0
886	466	1	0
913	466	3	0
6	532	3	0
95	532	4	0
116	532	2	0
130	532	5	0
189	532	4	0
236	532	2	0
279	532	1	0
387	532	3	0
416	532	3	0
460	532	3	0
486	532	4	0
496	532	5	0
500	532	4	0
532	532	3	0
548	532	4	0
557	532	5	0
622	532	3	0
699	532	3	0
719	532	3	0
736	532	4	0
782	532	2	0
839	532	3	0
6	534	4	0
104	534	2	0
130	534	5	0
279	534	1	0
329	534	3	0
345	534	4	0
392	534	4	0
592	534	5	0
624	534	3	0
655	534	2	0
733	534	3	0
782	534	3	0
894	534	4	0
6	536	4	0
131	536	5	0
310	536	4	0
343	536	4	0
405	536	1	0
655	536	3	0
707	536	3	0
758	536	2	0
782	536	2	0
894	536	5	0
6	538	2	0
13	538	1	0
30	538	4	0
46	538	3	0
70	538	2	0
130	538	5	0
169	538	4	0
179	538	4	0
197	538	3	0
207	538	2	0
238	538	4	0
256	538	5	0
260	538	1	0
278	538	4	0
280	538	5	0
281	538	4	0
285	538	5	0
294	538	5	0
299	538	3	0
313	538	2	0
324	538	4	0
351	538	4	0
392	538	2	0
393	538	3	0
409	538	3	0
410	538	3	0
416	538	4	0
424	538	5	0
425	538	2	0
428	538	4	0
431	538	4	0
441	538	3	0
483	538	2	0
485	538	3	0
489	538	4	0
498	538	1	0
506	538	3	0
507	538	4	0
515	538	3	0
517	538	4	0
532	538	4	0
550	538	5	0
589	538	5	0
598	538	4	0
602	538	4	0
609	538	1	0
652	538	4	0
661	538	3	0
665	538	4	0
668	538	5	0
676	538	4	0
681	538	3	0
702	538	4	0
708	538	2	0
724	538	2	0
727	538	3	0
751	538	4	0
755	538	4	0
782	538	4	0
803	538	4	0
813	538	3	0
820	538	3	0
863	538	2	0
877	538	4	0
885	538	4	0
921	538	4	0
7	547	3	0
13	547	1	0
21	547	2	0
49	547	5	0
50	547	4	0
59	547	3	0
76	547	2	0
90	547	3	0
118	547	5	0
181	547	1	0
246	547	4	0
276	547	4	0
279	547	1	0
294	547	3	0
342	547	5	0
372	547	5	0
387	547	4	0
420	547	4	0
430	547	2	0
456	547	3	0
473	547	3	0
486	547	3	0
490	547	4	0
518	547	3	0
537	547	1	0
582	547	4	0
590	547	4	0
592	547	4	0
595	547	4	0
617	547	1	0
634	547	4	0
655	547	4	0
758	547	5	0
773	547	4	0
828	547	2	0
857	547	3	0
861	547	4	0
865	547	5	0
868	547	3	0
871	547	3	0
936	547	5	0
7	580	3	0
11	580	5	0
43	580	3	0
83	580	4	0
158	580	4	0
172	580	4	0
193	580	4	0
194	580	4	0
196	580	2	0
200	580	2	0
207	580	3	0
222	580	3	0
268	580	3	0
271	580	2	0
307	580	4	0
387	580	5	0
405	580	1	0
456	580	4	0
481	580	4	0
503	580	3	0
506	580	3	0
533	580	3	0
591	580	2	0
593	580	1	0
639	580	2	0
640	580	5	0
747	580	5	0
758	580	4	0
840	580	3	0
846	580	5	0
881	580	5	0
883	580	3	0
7	592	5	0
60	592	4	0
145	592	3	0
291	592	3	0
311	592	5	0
405	592	1	0
416	592	3	0
436	592	3	0
532	592	3	0
7	605	4	0
60	605	3	0
62	605	3	0
128	605	3	0
151	605	4	0
234	605	3	0
239	605	4	0
271	605	4	0
293	605	3	0
308	605	4	0
318	605	4	0
354	605	3	0
389	605	5	0
406	605	5	0
426	605	4	0
454	605	2	0
469	605	4	0
474	605	3	0
488	605	3	0
499	605	1	0
524	605	1	0
553	605	4	0
655	605	3	0
694	605	4	0
716	605	3	0
734	605	4	0
758	605	3	0
766	605	3	0
807	605	3	0
924	605	3	0
934	605	4	0
7	624	4	0
13	624	5	0
94	624	2	0
194	624	2	0
254	624	2	0
271	624	2	0
275	624	3	0
276	624	2	0
279	624	4	0
295	624	5	0
313	624	4	0
405	624	4	0
406	624	5	0
416	624	3	0
452	624	2	0
499	624	2	0
621	624	5	0
642	624	3	0
804	624	2	0
807	624	3	0
826	624	4	0
934	624	4	0
7	626	5	0
234	626	4	0
405	626	1	0
683	626	3	0
7	630	5	0
13	630	2	0
18	630	3	0
85	630	3	0
189	630	4	0
232	630	3	0
234	630	2	0
268	630	4	0
271	630	2	0
275	630	3	0
279	630	4	0
311	630	5	0
380	630	2	0
389	630	3	0
393	630	4	0
401	630	4	0
450	630	3	0
474	630	3	0
535	630	2	0
643	630	3	0
650	630	5	0
694	630	3	0
707	630	3	0
716	630	4	0
766	630	3	0
788	630	2	0
807	630	4	0
846	630	3	0
881	630	4	0
918	630	3	0
934	630	4	0
7	664	3	0
10	664	4	0
59	664	4	0
62	664	4	0
72	664	3	0
85	664	4	0
132	664	5	0
151	664	5	0
184	664	3	0
219	664	5	0
269	664	5	0
305	664	2	0
308	664	5	0
354	664	5	0
380	664	3	0
385	664	3	0
389	664	4	0
405	664	1	0
406	664	2	0
409	664	4	0
457	664	4	0
474	664	4	0
498	664	5	0
499	664	3	0
504	664	3	0
537	664	3	0
543	664	4	0
561	664	4	0
639	664	2	0
645	664	4	0
659	664	4	0
664	664	4	0
669	664	4	0
693	664	2	0
747	664	2	0
766	664	2	0
790	664	3	0
804	664	3	0
805	664	5	0
833	664	3	0
840	664	3	0
854	664	4	0
889	664	2	0
903	664	4	0
918	664	4	0
934	664	4	0
8	686	3	0
10	686	4	0
13	686	5	0
43	686	3	0
94	686	4	0
102	686	3	0
128	686	4	0
151	686	3	0
158	686	5	0
201	686	2	0
224	686	4	0
234	686	3	0
236	686	3	0
249	686	5	0
276	686	3	0
291	686	5	0
293	686	3	0
301	686	4	0
305	686	3	0
308	686	4	0
327	686	4	0
347	686	5	0
378	686	4	0
379	686	4	0
389	686	3	0
393	686	4	0
416	686	5	0
425	686	3	0
429	686	2	0
450	686	4	0
454	686	2	0
487	686	4	0
506	686	3	0
535	686	5	0
551	686	3	0
592	686	5	0
621	686	5	0
642	686	5	0
653	686	2	0
655	686	2	0
671	686	3	0
682	686	4	0
749	686	4	0
758	686	3	0
815	686	5	0
823	686	4	0
886	686	4	0
889	686	3	0
896	686	3	0
907	686	4	0
9	691	5	0
13	691	4	0
100	691	4	0
179	691	3	0
206	691	1	0
276	691	4	0
363	691	3	0
507	691	5	0
587	691	4	0
598	691	2	0
640	691	4	0
782	691	3	0
787	691	4	0
863	691	3	0
894	691	3	0
915	691	4	0
10	697	3	0
62	697	4	0
85	697	3	0
119	697	5	0
172	697	3	0
201	697	4	0
216	697	4	0
244	697	4	0
269	697	4	0
271	697	4	0
276	697	2	0
280	697	5	0
303	697	3	0
314	697	3	0
318	697	5	0
387	697	1	0
399	697	2	0
405	697	1	0
429	697	3	0
435	697	4	0
437	697	4	0
453	697	4	0
456	697	4	0
474	697	4	0
537	697	2	0
588	697	5	0
618	697	3	0
627	697	5	0
682	697	4	0
693	697	4	0
709	697	5	0
715	697	2	0
738	697	2	0
846	697	5	0
870	697	4	0
880	697	2	0
886	697	1	0
887	697	1	0
907	697	5	0
916	697	4	0
11	713	5	0
23	713	4	0
49	713	3	0
59	713	5	0
63	713	3	0
68	713	2	0
90	713	4	0
104	713	3	0
144	713	4	0
145	713	4	0
148	713	3	0
181	713	2	0
226	713	5	0
243	713	3	0
268	713	4	0
270	713	5	0
271	713	4	0
274	713	5	0
279	713	3	0
305	713	4	0
312	713	5	0
323	713	4	0
344	713	3	0
347	713	3	0
349	713	3	0
357	713	5	0
374	713	1	0
390	713	4	0
406	713	4	0
416	713	4	0
417	713	2	0
435	713	5	0
450	713	3	0
460	713	4	0
486	713	3	0
487	713	4	0
505	713	3	0
514	713	3	0
518	713	5	0
525	713	4	0
533	713	2	0
536	713	4	0
537	713	3	0
565	713	5	0
573	713	4	0
585	713	4	0
588	713	3	0
597	713	2	0
606	713	4	0
618	713	4	0
627	713	2	0
648	713	2	0
682	713	3	0
697	713	5	0
708	713	4	0
711	713	3	0
715	713	4	0
733	713	4	0
758	713	3	0
815	713	4	0
831	713	5	0
838	713	4	0
839	713	2	0
854	713	4	0
870	713	4	0
883	713	3	0
884	713	3	0
894	713	4	0
896	713	2	0
907	713	5	0
916	713	3	0
923	713	5	0
11	714	4	0
18	714	4	0
270	714	4	0
271	714	3	0
354	714	4	0
405	714	1	0
409	714	3	0
450	714	4	0
500	714	2	0
503	714	4	0
537	714	3	0
639	714	2	0
861	714	4	0
11	730	3	0
58	730	5	0
90	730	5	0
116	730	4	0
299	730	4	0
312	730	3	0
316	730	4	0
321	730	3	0
405	730	1	0
437	730	3	0
537	730	3	0
543	730	3	0
565	730	5	0
585	730	3	0
592	730	4	0
622	730	4	0
655	730	2	0
658	730	3	0
707	730	3	0
763	730	5	0
773	730	3	0
828	730	3	0
833	730	4	0
896	730	4	0
11	740	4	0
13	740	1	0
79	740	4	0
82	740	2	0
108	740	3	0
121	740	3	0
139	740	2	0
145	740	2	0
152	740	4	0
157	740	2	0
181	740	2	0
185	740	4	0
195	740	3	0
242	740	5	0
252	740	3	0
270	740	5	0
279	740	3	0
295	740	4	0
310	740	4	0
312	740	4	0
313	740	2	0
334	740	3	0
354	740	4	0
390	740	4	0
424	740	5	0
454	740	2	0
463	740	4	0
500	740	3	0
503	740	5	0
517	740	4	0
533	740	4	0
536	740	4	0
585	740	4	0
590	740	4	0
591	740	4	0
601	740	4	0
620	740	5	0
627	740	1	0
634	740	2	0
636	740	4	0
637	740	2	0
639	740	4	0
648	740	4	0
655	740	3	0
677	740	1	0
708	740	5	0
716	740	4	0
733	740	3	0
749	740	3	0
798	740	2	0
825	740	2	0
837	740	5	0
847	740	4	0
861	740	4	0
878	740	2	0
883	740	4	0
891	740	5	0
894	740	4	0
899	740	5	0
906	740	4	0
907	740	5	0
917	740	5	0
919	740	3	0
11	741	5	0
21	741	3	0
49	741	4	0
52	741	4	0
54	741	5	0
58	741	2	0
59	741	4	0
63	741	3	0
66	741	4	0
94	741	4	0
99	741	3	0
115	741	3	0
119	741	4	0
151	741	2	0
176	741	3	0
181	741	1	0
227	741	3	0
246	741	5	0
249	741	4	0
256	741	4	0
269	741	5	0
270	741	5	0
279	741	5	0
286	741	4	0
291	741	5	0
303	741	4	0
306	741	1	0
308	741	4	0
315	741	5	0
323	741	3	0
363	741	3	0
365	741	2	0
374	741	3	0
450	741	3	0
463	741	1	0
486	741	3	0
490	741	4	0
497	741	4	0
501	741	5	0
537	741	2	0
540	741	3	0
624	741	4	0
634	741	3	0
637	741	1	0
655	741	3	0
663	741	4	0
711	741	4	0
735	741	2	0
774	741	1	0
789	741	5	0
825	741	4	0
831	741	2	0
889	741	4	0
913	741	4	0
916	741	3	0
919	741	3	0
923	741	5	0
936	741	4	0
11	752	4	0
13	752	1	0
100	752	4	0
105	752	3	0
126	752	3	0
130	752	5	0
145	752	4	0
191	752	3	0
214	752	2	0
278	752	5	0
294	752	3	0
297	752	4	0
299	752	3	0
328	752	2	0
363	752	5	0
369	752	4	0
435	752	3	0
445	752	1	0
479	752	3	0
485	752	3	0
489	752	5	0
592	752	4	0
611	752	5	0
668	752	4	0
682	752	4	0
713	752	2	0
752	752	3	0
758	752	3	0
772	752	3	0
782	752	4	0
801	752	4	0
828	752	1	0
842	752	4	0
863	752	4	0
871	752	3	0
883	752	4	0
894	752	3	0
896	752	1	0
915	752	3	0
12	754	4	0
13	754	4	0
15	754	5	0
40	754	4	0
112	754	4	0
145	754	3	0
186	754	2	0
191	754	3	0
207	754	4	0
244	754	4	0
250	754	4	0
262	754	3	0
284	754	3	0
311	754	3	0
324	754	5	0
328	754	4	0
351	754	5	0
390	754	4	0
399	754	3	0
404	754	3	0
410	754	3	0
415	754	4	0
416	754	5	0
423	754	4	0
426	754	1	0
428	754	4	0
431	754	3	0
433	754	3	0
446	754	3	0
488	754	4	0
489	754	5	0
493	754	3	0
498	754	2	0
502	754	2	0
507	754	5	0
509	754	1	0
521	754	3	0
526	754	2	0
532	754	4	0
574	754	4	0
590	754	3	0
592	754	3	0
605	754	3	0
683	754	3	0
688	754	5	0
697	754	3	0
784	754	3	0
788	754	4	0
791	754	4	0
803	754	2	0
841	754	4	0
842	754	1	0
851	754	2	0
858	754	4	0
863	754	3	0
894	754	4	0
902	754	3	0
13	776	2	0
405	776	1	0
450	776	4	0
488	776	4	0
618	776	2	0
712	776	4	0
760	776	5	0
790	776	3	0
796	776	4	0
13	787	3	0
95	787	2	0
207	787	3	0
314	787	2	0
378	787	3	0
393	787	5	0
405	787	3	0
406	787	3	0
436	787	5	0
591	787	3	0
712	787	3	0
846	787	4	0
919	787	3	0
13	789	5	0
49	789	4	0
59	789	4	0
87	789	3	0
92	789	5	0
94	789	4	0
99	789	4	0
117	789	4	0
145	789	4	0
201	789	3	0
216	789	5	0
218	789	3	0
221	789	4	0
249	789	5	0
264	789	4	0
267	789	5	0
276	789	3	0
279	789	4	0
292	789	4	0
293	789	2	0
342	789	3	0
363	789	4	0
374	789	4	0
387	789	4	0
393	789	1	0
405	789	1	0
429	789	4	0
456	789	3	0
474	789	4	0
487	789	4	0
535	789	2	0
537	789	2	0
542	789	3	0
592	789	4	0
608	789	3	0
655	789	3	0
715	789	4	0
806	789	4	0
846	789	4	0
862	789	5	0
864	789	4	0
870	789	4	0
886	789	3	0
889	789	2	0
896	789	2	0
913	789	4	0
933	789	4	0
13	793	5	0
269	793	4	0
305	793	5	0
378	793	3	0
405	793	1	0
456	793	3	0
655	793	3	0
836	793	2	0
870	793	5	0
880	793	4	0
13	799	4	0
60	799	4	0
707	799	4	0
854	799	3	0
886	799	1	0
13	806	5	0
65	806	4	0
76	806	4	0
94	806	4	0
110	806	3	0
116	806	4	0
130	806	3	0
132	806	3	0
154	806	4	0
156	806	3	0
177	806	4	0
201	806	3	0
222	806	4	0
233	806	4	0
234	806	2	0
248	806	3	0
249	806	5	0
253	806	4	0
269	806	3	0
276	806	4	0
305	806	3	0
308	806	4	0
314	806	4	0
327	806	4	0
339	806	4	0
347	806	3	0
374	806	3	0
378	806	4	0
387	806	1	0
399	806	3	0
405	806	1	0
406	806	4	0
429	806	2	0
456	806	3	0
493	806	3	0
498	806	3	0
537	806	3	0
562	806	1	0
586	806	4	0
592	806	4	0
606	806	5	0
655	806	3	0
682	806	3	0
686	806	5	0
805	806	4	0
833	806	4	0
846	806	3	0
851	806	4	0
875	806	4	0
916	806	4	0
13	844	1	0
21	844	4	0
57	844	2	0
72	844	4	0
118	844	5	0
160	844	3	0
181	844	1	0
201	844	2	0
234	844	2	0
249	844	5	0
250	844	4	0
264	844	1	0
276	844	4	0
277	844	4	0
291	844	5	0
292	844	5	0
303	844	3	0
342	844	3	0
344	844	1	0
368	844	3	0
372	844	4	0
374	844	4	0
387	844	5	0
407	844	2	0
432	844	4	0
434	844	3	0
445	844	2	0
458	844	4	0
501	844	4	0
537	844	4	0
581	844	5	0
592	844	4	0
595	844	4	0
606	844	4	0
655	844	4	0
658	844	3	0
663	844	2	0
747	844	4	0
792	844	4	0
793	844	4	0
825	844	2	0
916	844	3	0
13	854	1	0
21	854	5	0
248	854	5	0
276	854	4	0
279	854	1	0
363	854	1	0
366	854	5	0
387	854	5	0
405	854	1	0
409	854	4	0
422	854	4	0
425	854	4	0
592	854	5	0
617	854	1	0
833	854	4	0
868	854	4	0
13	865	5	0
305	865	3	0
318	865	2	0
325	865	3	0
327	865	5	0
334	865	2	0
354	865	3	0
385	865	4	0
416	865	3	0
450	865	4	0
532	865	2	0
557	865	3	0
608	865	4	0
639	865	1	0
641	865	5	0
655	865	4	0
707	865	5	0
747	865	5	0
751	865	2	0
758	865	4	0
860	865	4	0
13	882	3	0
36	882	5	0
129	882	2	0
181	882	1	0
206	882	1	0
219	882	3	0
229	882	4	0
260	882	5	0
271	882	3	0
278	882	3	0
334	882	3	0
351	882	5	0
354	882	4	0
355	882	4	0
410	882	3	0
424	882	3	0
451	882	1	0
466	882	5	0
486	882	2	0
537	882	4	0
548	882	4	0
611	882	4	0
655	882	3	0
668	882	3	0
685	882	3	0
695	882	4	0
707	882	4	0
713	882	3	0
724	882	1	0
732	882	5	0
752	882	4	0
863	882	4	0
866	882	2	0
883	882	4	0
13	883	3	0
36	883	5	0
181	883	1	0
286	883	5	0
440	883	5	0
446	883	3	0
451	883	1	0
486	883	3	0
489	883	2	0
574	883	4	0
696	883	4	0
871	883	3	0
894	883	3	0
13	884	2	0
126	884	5	0
181	884	1	0
286	884	5	0
448	884	4	0
451	884	1	0
840	884	5	0
13	887	5	0
19	887	4	0
80	887	4	0
100	887	2	0
111	887	3	0
112	887	5	0
116	887	3	0
171	887	4	0
181	887	1	0
186	887	4	0
195	887	4	0
234	887	3	0
241	887	4	0
284	887	4	0
288	887	5	0
334	887	5	0
341	887	5	0
354	887	4	0
381	887	3	0
423	887	5	0
446	887	4	0
448	887	2	0
451	887	1	0
463	887	5	0
486	887	5	0
489	887	2	0
498	887	3	0
499	887	5	0
511	887	5	0
519	887	5	0
548	887	4	0
557	887	3	0
574	887	4	0
587	887	2	0
592	887	5	0
607	887	3	0
611	887	2	0
655	887	3	0
683	887	4	0
695	887	3	0
708	887	2	0
710	887	2	0
717	887	5	0
720	887	5	0
724	887	3	0
747	887	5	0
752	887	1	0
755	887	3	0
758	887	5	0
773	887	2	0
775	887	4	0
780	887	4	0
782	887	4	0
783	887	5	0
794	887	4	0
803	887	5	0
818	887	4	0
828	887	4	0
853	887	2	0
863	887	3	0
866	887	3	0
894	887	4	0
896	887	2	0
919	887	3	0
13	888	2	0
86	888	4	0
112	888	4	0
116	888	2	0
130	888	3	0
286	888	5	0
334	888	2	0
351	888	4	0
446	888	1	0
587	888	3	0
599	888	5	0
717	888	5	0
782	888	3	0
841	888	5	0
894	888	4	0
13	889	3	0
15	889	3	0
86	889	5	0
90	889	3	0
206	889	2	0
299	889	3	0
354	889	5	0
485	889	5	0
486	889	4	0
655	889	3	0
704	889	3	0
758	889	3	0
866	889	2	0
13	899	1	0
34	899	5	0
334	899	4	0
418	899	5	0
466	899	5	0
655	899	2	0
696	899	3	0
787	899	3	0
848	899	3	0
13	904	1	0
49	904	2	0
88	904	5	0
90	904	3	0
147	904	5	0
206	904	1	0
305	904	4	0
354	904	5	0
405	904	1	0
440	904	5	0
450	904	5	0
648	904	2	0
655	904	5	0
752	904	4	0
787	904	3	0
828	904	3	0
845	904	3	0
871	904	3	0
894	904	4	0
936	904	5	0
13	917	4	0
119	917	4	0
179	917	3	0
416	917	4	0
532	917	4	0
551	917	3	0
751	917	2	0
15	925	2	0
21	925	2	0
27	925	3	0
42	925	4	0
92	925	3	0
145	925	4	0
181	925	2	0
186	925	5	0
224	925	3	0
234	925	2	0
256	925	5	0
277	925	4	0
280	925	4	0
374	925	3	0
403	925	4	0
436	925	4	0
458	925	3	0
493	925	3	0
532	925	4	0
548	925	2	0
561	925	3	0
592	925	3	0
606	925	4	0
618	925	2	0
663	925	3	0
671	925	3	0
682	925	3	0
804	925	4	0
825	925	4	0
830	925	4	0
851	925	3	0
854	925	2	0
872	925	4	0
897	925	5	0
15	935	3	0
219	935	3	0
486	935	4	0
523	935	5	0
655	935	3	0
782	935	2	0
894	935	3	0
15	937	4	0
35	937	4	0
39	937	5	0
79	937	2	0
112	937	4	0
121	937	4	0
147	937	3	0
173	937	4	0
174	937	5	0
181	937	3	0
229	937	2	0
334	937	3	0
356	937	2	0
409	937	2	0
416	937	2	0
427	937	5	0
440	937	5	0
451	937	4	0
537	937	3	0
587	937	4	0
615	937	2	0
616	937	4	0
675	937	1	0
721	937	3	0
724	937	3	0
732	937	4	0
754	937	4	0
755	937	4	0
759	937	4	0
770	937	4	0
782	937	1	0
787	937	3	0
861	937	4	0
871	937	3	0
875	937	4	0
894	937	4	0
919	937	4	0
16	943	3	0
94	943	3	0
135	943	3	0
145	943	3	0
162	943	4	0
201	943	3	0
216	943	5	0
221	943	4	0
250	943	4	0
267	943	4	0
270	943	5	0
276	943	4	0
291	943	4	0
293	943	2	0
303	943	2	0
305	943	2	0
343	943	4	0
347	943	4	0
387	943	4	0
405	943	1	0
417	943	3	0
425	943	4	0
435	943	3	0
442	943	4	0
456	943	4	0
468	943	3	0
474	943	4	0
497	943	4	0
524	943	3	0
551	943	5	0
561	943	3	0
658	943	3	0
682	943	3	0
833	943	4	0
870	943	2	0
881	943	4	0
886	943	3	0
889	943	3	0
916	943	4	0
943	943	5	0
16	947	4	0
92	947	4	0
102	947	3	0
110	947	3	0
197	947	2	0
305	947	4	0
331	947	5	0
405	947	1	0
452	947	5	0
543	947	4	0
600	947	4	0
627	947	3	0
671	947	3	0
774	947	2	0
776	947	2	0
871	947	2	0
889	947	4	0
18	953	3	0
42	953	2	0
59	953	5	0
151	953	5	0
174	953	5	0
210	953	3	0
244	953	4	0
303	953	3	0
354	953	3	0
387	953	2	0
393	953	4	0
398	953	3	0
405	953	3	0
435	953	3	0
535	953	5	0
537	953	3	0
639	953	2	0
655	953	3	0
707	953	4	0
798	953	2	0
885	953	3	0
919	953	3	0
18	955	4	0
58	955	4	0
62	955	4	0
76	955	4	0
85	955	4	0
92	955	4	0
128	955	5	0
160	955	4	0
201	955	3	0
244	955	4	0
262	955	2	0
268	955	3	0
286	955	5	0
293	955	2	0
299	955	4	0
334	955	1	0
344	955	4	0
345	955	4	0
354	955	3	0
360	955	5	0
389	955	4	0
405	955	1	0
416	955	4	0
437	955	4	0
456	955	4	0
468	955	4	0
487	955	5	0
524	955	1	0
535	955	3	0
537	955	4	0
551	955	3	0
561	955	3	0
618	955	2	0
642	955	3	0
645	955	4	0
655	955	3	0
711	955	1	0
712	955	2	0
715	955	4	0
758	955	2	0
762	955	5	0
763	955	2	0
828	955	3	0
846	955	3	0
859	955	5	0
871	955	3	0
877	955	4	0
883	955	5	0
889	955	3	0
18	956	5	0
43	956	1	0
65	956	4	0
106	956	3	0
122	956	4	0
144	956	4	0
151	956	4	0
184	956	3	0
201	956	4	0
210	956	3	0
234	956	3	0
269	956	3	0
271	956	4	0
293	956	3	0
303	956	4	0
328	956	4	0
345	956	4	0
354	956	4	0
378	956	3	0
380	956	4	0
405	956	2	0
450	956	4	0
454	956	2	0
457	956	4	0
458	956	5	0
474	956	4	0
487	956	4	0
527	956	4	0
537	956	4	0
538	956	3	0
539	956	5	0
561	956	4	0
591	956	4	0
608	956	3	0
627	956	2	0
643	956	4	0
645	956	4	0
655	956	3	0
663	956	4	0
666	956	4	0
707	956	5	0
716	956	4	0
867	956	4	0
878	956	2	0
880	956	3	0
883	956	4	0
18	960	4	0
58	960	4	0
76	960	3	0
95	960	2	0
118	960	5	0
144	960	2	0
177	960	3	0
201	960	2	0
214	960	2	0
303	960	4	0
305	960	1	0
327	960	5	0
405	960	1	0
406	960	2	0
458	960	1	0
537	960	3	0
561	960	4	0
645	960	4	0
655	960	3	0
658	960	4	0
666	960	4	0
763	960	4	0
828	960	5	0
894	960	5	0
916	960	4	0
18	964	3	0
90	964	5	0
234	964	4	0
393	964	2	0
405	964	1	0
500	964	4	0
537	964	3	0
571	964	4	0
875	964	4	0
18	970	3	0
234	970	4	0
235	970	4	0
299	970	4	0
405	970	1	0
537	970	3	0
565	970	4	0
585	970	3	0
18	973	3	0
504	973	4	0
653	973	2	0
848	973	5	0
21	993	4	0
43	993	3	0
45	993	4	0
56	993	3	0
63	993	2	0
70	993	3	0
83	993	2	0
92	993	4	0
94	993	4	0
102	993	2	0
116	993	2	0
130	993	5	0
145	993	3	0
148	993	4	0
178	993	5	0
203	993	3	0
207	993	3	0
223	993	4	0
246	993	3	0
249	993	3	0
250	993	5	0
276	993	3	0
286	993	2	0
290	993	4	0
298	993	4	0
303	993	2	0
314	993	5	0
323	993	4	0
330	993	4	0
398	993	3	0
407	993	4	0
417	993	3	0
459	993	3	0
463	993	2	0
490	993	1	0
536	993	3	0
541	993	4	0
545	993	2	0
550	993	4	0
606	993	5	0
620	993	5	0
622	993	4	0
624	993	4	0
642	993	4	0
647	993	4	0
668	993	4	0
676	993	5	0
690	993	3	0
703	993	4	0
708	993	4	0
727	993	4	0
736	993	4	0
771	993	4	0
782	993	3	0
798	993	3	0
804	993	2	0
815	993	2	0
821	993	4	0
838	993	3	0
864	993	4	0
887	993	5	0
896	993	4	0
902	993	3	0
938	993	5	0
939	993	4	0
941	993	4	0
26	1008	3	0
50	1008	5	0
58	1008	1	0
63	1008	3	0
79	1008	4	0
115	1008	5	0
176	1008	4	0
181	1008	1	0
184	1008	4	0
201	1008	3	0
227	1008	4	0
257	1008	5	0
277	1008	3	0
334	1008	4	0
342	1008	3	0
343	1008	4	0
345	1008	3	0
385	1008	4	0
387	1008	4	0
406	1008	4	0
445	1008	1	0
456	1008	4	0
468	1008	4	0
500	1008	4	0
537	1008	2	0
560	1008	3	0
592	1008	4	0
634	1008	2	0
655	1008	3	0
707	1008	3	0
789	1008	4	0
805	1008	4	0
825	1008	1	0
859	1008	4	0
870	1008	3	0
903	1008	3	0
936	1008	5	0
26	1009	2	0
49	1009	3	0
52	1009	5	0
59	1009	4	0
62	1009	4	0
63	1009	4	0
85	1009	2	0
94	1009	4	0
101	1009	2	0
145	1009	2	0
181	1009	1	0
223	1009	1	0
264	1009	4	0
270	1009	5	0
283	1009	3	0
296	1009	3	0
306	1009	4	0
342	1009	1	0
345	1009	2	0
363	1009	2	0
378	1009	3	0
401	1009	4	0
445	1009	2	0
447	1009	4	0
449	1009	4	0
456	1009	5	0
463	1009	3	0
474	1009	4	0
500	1009	4	0
503	1009	2	0
523	1009	5	0
537	1009	2	0
553	1009	4	0
561	1009	4	0
585	1009	5	0
590	1009	3	0
592	1009	3	0
595	1009	4	0
608	1009	4	0
614	1009	3	0
634	1009	2	0
654	1009	3	0
655	1009	2	0
657	1009	4	0
663	1009	3	0
665	1009	4	0
699	1009	4	0
733	1009	2	0
756	1009	4	0
765	1009	5	0
837	1009	5	0
839	1009	3	0
851	1009	2	0
859	1009	4	0
861	1009	5	0
862	1009	4	0
865	1009	5	0
883	1009	4	0
884	1009	2	0
894	1009	4	0
903	1009	4	0
906	1009	2	0
916	1009	5	0
936	1009	4	0
31	1022	5	0
47	1022	3	0
79	1022	5	0
146	1022	5	0
171	1022	3	0
181	1022	1	0
196	1022	4	0
204	1022	5	0
206	1022	1	0
247	1022	4	0
257	1022	2	0
307	1022	4	0
310	1022	5	0
379	1022	3	0
385	1022	3	0
448	1022	5	0
451	1022	4	0
521	1022	4	0
523	1022	4	0
567	1022	5	0
574	1022	2	0
592	1022	5	0
646	1022	4	0
655	1022	3	0
697	1022	1	0
707	1022	3	0
758	1022	5	0
845	1022	2	0
863	1022	2	0
871	1022	3	0
889	1022	4	0
931	1022	1	0
42	1045	2	0
90	1045	2	0
94	1045	4	0
122	1045	4	0
194	1045	2	0
201	1045	2	0
222	1045	3	0
224	1045	2	0
244	1045	5	0
308	1045	4	0
380	1045	3	0
405	1045	3	0
474	1045	4	0
535	1045	4	0
537	1045	3	0
655	1045	3	0
661	1045	3	0
666	1045	4	0
682	1045	3	0
715	1045	2	0
747	1045	4	0
835	1045	4	0
846	1045	3	0
883	1045	5	0
896	1045	3	0
43	1053	3	0
128	1053	3	0
152	1053	5	0
174	1053	5	0
222	1053	3	0
224	1053	3	0
244	1053	2	0
286	1053	4	0
314	1053	5	0
345	1053	3	0
378	1053	3	0
393	1053	3	0
405	1053	5	0
416	1053	4	0
436	1053	4	0
450	1053	3	0
472	1053	4	0
541	1053	3	0
588	1053	3	0
642	1053	3	0
655	1053	1	0
711	1053	4	0
712	1053	4	0
880	1053	3	0
43	1056	3	0
189	1056	3	0
201	1056	2	0
239	1056	5	0
276	1056	4	0
299	1056	4	0
327	1056	2	0
363	1056	4	0
804	1056	4	0
828	1056	1	0
44	1058	4	0
94	1058	4	0
130	1058	5	0
194	1058	2	0
224	1058	3	0
378	1058	3	0
393	1058	4	0
405	1058	1	0
416	1058	5	0
436	1058	4	0
472	1058	4	0
588	1058	2	0
618	1058	3	0
642	1058	3	0
880	1058	2	0
48	1063	3	0
58	1063	1	0
64	1063	3	0
82	1063	3	0
128	1063	2	0
201	1063	3	0
215	1063	5	0
234	1063	3	0
274	1063	4	0
280	1063	3	0
314	1063	5	0
318	1063	3	0
354	1063	3	0
378	1063	4	0
383	1063	5	0
393	1063	4	0
405	1063	5	0
437	1063	5	0
454	1063	4	0
474	1063	5	0
496	1063	3	0
505	1063	3	0
506	1063	5	0
535	1063	4	0
536	1063	5	0
601	1063	3	0
608	1063	5	0
612	1063	5	0
618	1063	3	0
642	1063	3	0
647	1063	3	0
655	1063	3	0
698	1063	2	0
790	1063	5	0
798	1063	3	0
799	1063	4	0
807	1063	4	0
831	1063	4	0
835	1063	4	0
848	1063	5	0
887	1063	1	0
48	1065	2	0
59	1065	5	0
64	1065	1	0
70	1065	4	0
85	1065	3	0
94	1065	4	0
144	1065	4	0
151	1065	3	0
187	1065	4	0
189	1065	5	0
201	1065	3	0
214	1065	5	0
239	1065	5	0
268	1065	4	0
269	1065	5	0
288	1065	4	0
307	1065	3	0
308	1065	5	0
315	1065	4	0
354	1065	3	0
380	1065	4	0
385	1065	3	0
405	1065	1	0
406	1065	2	0
409	1065	2	0
524	1065	1	0
537	1065	1	0
556	1065	4	0
566	1065	5	0
606	1065	5	0
615	1065	4	0
639	1065	1	0
643	1065	4	0
650	1065	4	0
653	1065	1	0
660	1065	2	0
721	1065	5	0
763	1065	5	0
804	1065	3	0
805	1065	5	0
836	1065	4	0
840	1065	5	0
843	1065	3	0
848	1065	2	0
867	1065	5	0
878	1065	1	0
883	1065	5	0
886	1065	4	0
889	1065	4	0
890	1065	3	0
918	1065	4	0
932	1065	5	0
934	1065	2	0
49	1067	3	0
63	1067	3	0
99	1067	4	0
115	1067	4	0
158	1067	4	0
177	1067	4	0
181	1067	1	0
216	1067	5	0
221	1067	3	0
227	1067	4	0
287	1067	2	0
291	1067	4	0
294	1067	4	0
327	1067	4	0
343	1067	3	0
363	1067	3	0
442	1067	3	0
445	1067	1	0
458	1067	5	0
460	1067	4	0
463	1067	2	0
470	1067	4	0
490	1067	2	0
501	1067	5	0
508	1067	4	0
551	1067	2	0
592	1067	5	0
595	1067	4	0
624	1067	4	0
634	1067	4	0
640	1067	4	0
655	1067	2	0
663	1067	3	0
682	1067	3	0
697	1067	5	0
733	1067	5	0
747	1067	2	0
793	1067	4	0
823	1067	4	0
829	1067	4	0
886	1067	5	0
889	1067	3	0
903	1067	2	0
943	1067	2	0
49	1075	2	0
85	1075	3	0
234	1075	3	0
286	1075	5	0
327	1075	4	0
379	1075	3	0
437	1075	4	0
52	1086	4	0
90	1086	4	0
119	1086	4	0
174	1086	5	0
181	1086	1	0
184	1086	4	0
209	1086	4	0
256	1086	5	0
303	1086	1	0
399	1086	3	0
417	1086	4	0
455	1086	3	0
486	1086	3	0
533	1086	3	0
655	1086	3	0
663	1086	3	0
731	1086	1	0
847	1086	4	0
854	1086	3	0
919	1086	4	0
936	1086	3	0
58	1097	5	0
90	1097	4	0
176	1097	4	0
181	1097	1	0
303	1097	3	0
327	1097	4	0
385	1097	5	0
387	1097	3	0
409	1097	2	0
445	1097	1	0
470	1097	3	0
501	1097	5	0
581	1097	4	0
592	1097	4	0
655	1097	3	0
773	1097	4	0
889	1097	3	0
936	1097	5	0
58	1099	2	0
189	1099	5	0
239	1099	5	0
280	1099	5	0
363	1099	2	0
405	1099	1	0
409	1099	4	0
543	1099	4	0
591	1099	5	0
655	1099	3	0
670	1099	3	0
844	1099	2	0
918	1099	4	0
59	1109	3	0
90	1109	3	0
151	1109	4	0
244	1109	4	0
256	1109	4	0
270	1109	5	0
276	1109	3	0
291	1109	4	0
297	1109	3	0
303	1109	4	0
328	1109	3	0
372	1109	4	0
405	1109	1	0
406	1109	4	0
429	1109	2	0
435	1109	3	0
452	1109	2	0
458	1109	4	0
527	1109	3	0
629	1109	4	0
664	1109	4	0
671	1109	2	0
707	1109	5	0
846	1109	3	0
862	1109	5	0
864	1109	4	0
916	1109	3	0
919	1109	3	0
59	1111	5	0
405	1111	1	0
500	1111	4	0
537	1111	3	0
591	1111	4	0
655	1111	3	0
758	1111	4	0
59	1113	4	0
85	1113	2	0
122	1113	5	0
151	1113	4	0
279	1113	3	0
286	1113	3	0
339	1113	4	0
373	1113	1	0
379	1113	4	0
380	1113	4	0
405	1113	1	0
429	1113	3	0
437	1113	4	0
474	1113	3	0
524	1113	3	0
537	1113	3	0
608	1113	3	0
655	1113	3	0
707	1113	2	0
716	1113	4	0
889	1113	5	0
916	1113	4	0
59	1114	5	0
181	1114	1	0
256	1114	4	0
280	1114	4	0
283	1114	5	0
389	1114	2	0
518	1114	2	0
624	1114	4	0
733	1114	3	0
919	1114	3	0
59	1115	3	0
104	1115	4	0
106	1115	4	0
125	1115	3	0
181	1115	1	0
189	1115	4	0
207	1115	2	0
239	1115	2	0
243	1115	3	0
295	1115	5	0
381	1115	4	0
387	1115	3	0
450	1115	4	0
459	1115	3	0
460	1115	3	0
463	1115	4	0
514	1115	4	0
536	1115	5	0
561	1115	3	0
608	1115	4	0
654	1115	3	0
678	1115	3	0
698	1115	2	0
711	1115	4	0
733	1115	3	0
838	1115	4	0
883	1115	4	0
894	1115	4	0
936	1115	4	0
60	1126	4	0
82	1126	4	0
91	1126	1	0
95	1126	4	0
97	1126	3	0
167	1126	5	0
234	1126	4	0
263	1126	5	0
308	1126	3	0
312	1126	4	0
321	1126	3	0
326	1126	2	0
328	1126	3	0
398	1126	4	0
406	1126	3	0
450	1126	4	0
454	1126	2	0
493	1126	2	0
524	1126	1	0
553	1126	4	0
562	1126	4	0
642	1126	1	0
650	1126	4	0
694	1126	5	0
696	1126	3	0
716	1126	3	0
745	1126	2	0
766	1126	4	0
788	1126	5	0
796	1126	1	0
848	1126	5	0
932	1126	5	0
62	1129	5	0
65	1129	4	0
76	1129	5	0
181	1129	1	0
214	1129	4	0
257	1129	5	0
276	1129	4	0
277	1129	3	0
327	1129	2	0
385	1129	5	0
387	1129	4	0
425	1129	3	0
445	1129	4	0
456	1129	4	0
473	1129	4	0
486	1129	4	0
524	1129	2	0
537	1129	1	0
590	1129	3	0
592	1129	5	0
655	1129	3	0
678	1129	1	0
699	1129	3	0
733	1129	4	0
763	1129	4	0
771	1129	5	0
806	1129	3	0
936	1129	5	0
62	1134	2	0
69	1134	5	0
82	1134	2	0
90	1134	3	0
116	1134	4	0
160	1134	4	0
172	1134	2	0
181	1134	2	0
221	1134	4	0
235	1134	4	0
294	1134	3	0
360	1134	3	0
374	1134	4	0
378	1134	4	0
387	1134	1	0
423	1134	4	0
437	1134	4	0
456	1134	4	0
468	1134	5	0
470	1134	4	0
474	1134	3	0
486	1134	3	0
537	1134	3	0
560	1134	3	0
592	1134	5	0
595	1134	5	0
614	1134	2	0
627	1134	1	0
655	1134	3	0
744	1134	3	0
747	1134	5	0
854	1134	3	0
869	1134	1	0
870	1134	4	0
880	1134	5	0
889	1134	4	0
896	1134	3	0
919	1134	2	0
62	1136	3	0
85	1136	3	0
90	1136	3	0
128	1136	3	0
130	1136	4	0
152	1136	5	0
184	1136	4	0
201	1136	1	0
244	1136	3	0
297	1136	3	0
314	1136	5	0
328	1136	4	0
416	1136	4	0
429	1136	4	0
455	1136	3	0
504	1136	5	0
506	1136	3	0
530	1136	4	0
532	1136	2	0
535	1136	4	0
551	1136	5	0
627	1136	4	0
642	1136	4	0
653	1136	2	0
655	1136	2	0
693	1136	3	0
749	1136	4	0
887	1136	5	0
919	1136	2	0
63	1138	2	0
144	1138	4	0
659	1138	4	0
782	1138	2	0
807	1138	5	0
64	1141	5	0
128	1141	4	0
276	1141	3	0
299	1141	4	0
327	1141	3	0
331	1141	3	0
559	1141	2	0
655	1141	3	0
707	1141	3	0
72	1148	4	0
184	1148	3	0
243	1148	3	0
269	1148	4	0
270	1148	5	0
405	1148	1	0
437	1148	4	0
846	1148	3	0
861	1148	3	0
75	1152	1	0
159	1152	4	0
181	1152	2	0
224	1152	3	0
242	1152	5	0
274	1152	4	0
314	1152	4	0
361	1152	2	0
416	1152	4	0
434	1152	5	0
450	1152	5	0
483	1152	4	0
524	1152	3	0
552	1152	3	0
597	1152	4	0
599	1152	4	0
642	1152	5	0
708	1152	5	0
711	1152	1	0
714	1152	2	0
741	1152	3	0
761	1152	2	0
764	1152	3	0
889	1152	3	0
904	1152	4	0
919	1152	4	0
931	1152	4	0
938	1152	3	0
76	1153	2	0
85	1153	4	0
94	1153	4	0
119	1153	5	0
201	1153	2	0
303	1153	3	0
339	1153	4	0
406	1153	2	0
437	1153	5	0
450	1153	5	0
508	1153	4	0
561	1153	3	0
608	1153	3	0
655	1153	3	0
682	1153	3	0
828	1153	3	0
835	1153	4	0
889	1153	4	0
894	1153	3	0
76	1154	5	0
96	1154	5	0
132	1154	3	0
189	1154	3	0
269	1154	3	0
308	1154	2	0
385	1154	5	0
524	1154	1	0
537	1154	1	0
666	1154	3	0
833	1154	4	0
867	1154	5	0
76	1155	2	0
585	1155	5	0
655	1155	3	0
76	1159	3	0
183	1159	3	0
358	1159	5	0
385	1159	4	0
405	1159	1	0
409	1159	2	0
543	1159	5	0
645	1159	4	0
747	1159	2	0
758	1159	5	0
867	1159	5	0
78	1160	5	0
119	1160	5	0
184	1160	5	0
192	1160	4	0
257	1160	4	0
296	1160	4	0
303	1160	2	0
318	1160	5	0
342	1160	3	0
345	1160	3	0
385	1160	2	0
392	1160	2	0
407	1160	1	0
416	1160	4	0
450	1160	5	0
455	1160	4	0
500	1160	5	0
514	1160	4	0
560	1160	3	0
655	1160	3	0
697	1160	1	0
711	1160	5	0
782	1160	2	0
819	1160	4	0
847	1160	4	0
936	1160	5	0
85	1167	3	0
184	1167	5	0
249	1167	4	0
312	1167	4	0
342	1167	1	0
405	1167	1	0
455	1167	4	0
655	1167	3	0
847	1167	5	0
907	1167	5	0
940	1167	4	0
85	1168	3	0
122	1168	4	0
193	1168	4	0
234	1168	2	0
244	1168	4	0
269	1168	2	0
280	1168	5	0
363	1168	2	0
378	1168	3	0
380	1168	3	0
389	1168	3	0
393	1168	3	0
405	1168	1	0
416	1168	4	0
456	1168	4	0
457	1168	5	0
468	1168	2	0
532	1168	4	0
659	1168	4	0
707	1168	3	0
711	1168	4	0
846	1168	4	0
85	1174	3	0
181	1174	1	0
201	1174	5	0
455	1174	3	0
533	1174	3	0
543	1174	3	0
655	1174	3	0
707	1174	5	0
86	1175	5	0
126	1175	5	0
206	1175	1	0
355	1175	5	0
405	1175	1	0
86	1176	5	0
129	1176	4	0
139	1176	4	0
206	1176	1	0
235	1176	5	0
405	1176	3	0
409	1176	4	0
448	1176	2	0
466	1176	5	0
486	1176	3	0
557	1176	5	0
646	1176	4	0
648	1176	1	0
655	1176	4	0
681	1176	4	0
696	1176	4	0
707	1176	2	0
713	1176	3	0
720	1176	5	0
724	1176	1	0
752	1176	2	0
871	1176	3	0
87	1186	3	0
234	1186	4	0
655	1186	3	0
87	1187	2	0
181	1187	1	0
201	1187	3	0
303	1187	4	0
387	1187	4	0
422	1187	4	0
445	1187	3	0
592	1187	4	0
617	1187	3	0
699	1187	4	0
773	1187	3	0
793	1187	2	0
833	1187	5	0
87	1190	4	0
159	1190	5	0
238	1190	3	0
454	1190	3	0
459	1190	4	0
606	1190	3	0
672	1190	2	0
711	1190	3	0
782	1190	2	0
936	1190	3	0
939	1190	5	0
90	1192	5	0
91	1192	4	0
128	1192	2	0
201	1192	3	0
230	1192	4	0
237	1192	5	0
239	1192	1	0
312	1192	3	0
399	1192	3	0
405	1192	1	0
450	1192	5	0
615	1192	4	0
655	1192	4	0
90	1195	5	0
184	1195	3	0
279	1195	1	0
405	1195	1	0
449	1195	5	0
500	1195	4	0
523	1195	5	0
639	1195	2	0
655	1195	3	0
889	1195	3	0
918	1195	4	0
90	1197	4	0
119	1197	4	0
144	1197	4	0
151	1197	5	0
160	1197	4	0
168	1197	5	0
178	1197	4	0
181	1197	1	0
207	1197	4	0
223	1197	3	0
243	1197	4	0
265	1197	2	0
277	1197	4	0
308	1197	4	0
354	1197	3	0
360	1197	3	0
374	1197	4	0
389	1197	3	0
393	1197	3	0
406	1197	3	0
411	1197	4	0
434	1197	5	0
450	1197	3	0
455	1197	4	0
463	1197	4	0
486	1197	4	0
494	1197	3	0
537	1197	3	0
569	1197	4	0
630	1197	3	0
634	1197	4	0
655	1197	3	0
674	1197	3	0
703	1197	3	0
725	1197	3	0
754	1197	3	0
761	1197	3	0
792	1197	4	0
796	1197	3	0
821	1197	5	0
854	1197	3	0
871	1197	3	0
880	1197	3	0
891	1197	5	0
919	1197	4	0
90	1200	4	0
167	1200	4	0
234	1200	3	0
405	1200	1	0
474	1200	4	0
553	1200	3	0
918	1200	4	0
90	1202	5	0
119	1202	4	0
181	1202	1	0
286	1202	3	0
334	1202	4	0
406	1202	3	0
486	1202	4	0
936	1202	4	0
92	1211	3	0
94	1211	5	0
194	1211	2	0
201	1211	3	0
308	1211	3	0
343	1211	4	0
378	1211	3	0
437	1211	4	0
527	1211	3	0
539	1211	3	0
655	1211	4	0
707	1211	4	0
94	1218	4	0
110	1218	3	0
177	1218	4	0
216	1218	3	0
221	1218	3	0
222	1218	1	0
246	1218	3	0
276	1218	4	0
303	1218	4	0
314	1218	4	0
327	1218	4	0
332	1218	5	0
336	1218	3	0
374	1218	2	0
405	1218	5	0
429	1218	3	0
442	1218	2	0
456	1218	3	0
542	1218	3	0
586	1218	5	0
709	1218	4	0
727	1218	4	0
774	1218	3	0
846	1218	4	0
889	1218	4	0
893	1218	3	0
94	1223	4	0
160	1223	4	0
299	1223	3	0
655	1223	3	0
94	1226	4	0
104	1226	3	0
116	1226	2	0
144	1226	4	0
207	1226	2	0
222	1226	4	0
293	1226	3	0
299	1226	2	0
303	1226	4	0
334	1226	4	0
345	1226	3	0
392	1226	4	0
416	1226	3	0
450	1226	4	0
458	1226	2	0
464	1226	4	0
467	1226	4	0
486	1226	4	0
500	1226	4	0
530	1226	4	0
532	1226	4	0
540	1226	4	0
592	1226	4	0
605	1226	4	0
637	1226	2	0
655	1226	3	0
733	1226	3	0
782	1226	2	0
854	1226	4	0
883	1226	3	0
894	1226	4	0
936	1226	3	0
100	1233	3	0
139	1233	5	0
206	1233	1	0
355	1233	4	0
637	1233	5	0
655	1233	3	0
100	1237	3	0
261	1237	3	0
507	1237	5	0
646	1237	3	0
782	1237	3	0
863	1237	4	0
119	1261	4	0
405	1261	1	0
450	1261	4	0
458	1261	4	0
119	1264	3	0
151	1264	4	0
293	1264	3	0
416	1264	4	0
578	1264	3	0
592	1264	4	0
595	1264	2	0
122	1268	2	0
201	1268	4	0
382	1268	5	0
405	1268	1	0
435	1268	5	0
524	1268	3	0
655	1268	3	0
763	1268	5	0
828	1268	2	0
916	1268	3	0
130	1277	4	0
181	1277	2	0
186	1277	4	0
291	1277	4	0
328	1277	3	0
357	1277	5	0
374	1277	3	0
445	1277	2	0
504	1277	4	0
552	1277	3	0
599	1277	4	0
606	1277	3	0
761	1277	1	0
788	1277	3	0
851	1277	2	0
880	1277	4	0
919	1277	4	0
923	1277	5	0
939	1277	5	0
141	1282	3	0
174	1282	5	0
181	1282	1	0
271	1282	2	0
450	1282	3	0
533	1282	3	0
717	1282	4	0
790	1282	5	0
798	1282	3	0
149	1296	3	0
181	1296	1	0
204	1296	5	0
297	1296	4	0
309	1296	2	0
331	1296	5	0
390	1296	2	0
408	1296	4	0
427	1296	5	0
429	1296	2	0
451	1296	3	0
601	1296	1	0
628	1296	5	0
655	1296	3	0
704	1296	4	0
721	1296	3	0
782	1296	3	0
863	1296	3	0
880	1296	3	0
898	1296	4	0
157	1302	5	0
181	1302	1	0
486	1302	3	0
499	1302	5	0
782	1302	3	0
181	1326	1	0
199	1326	3	0
447	1326	4	0
500	1326	4	0
859	1326	4	0
907	1326	4	0
181	1344	1	0
585	1344	3	0
637	1344	4	0
655	1344	3	0
936	1344	5	0
181	1377	1	0
463	1377	4	0
592	1377	3	0
936	1377	5	0
181	1381	2	0
224	1381	3	0
382	1381	3	0
662	1381	5	0
707	1381	3	0
839	1381	3	0
894	1381	3	0
903	1381	4	0
181	1388	1	0
480	1388	4	0
655	1388	3	0
736	1388	5	0
782	1388	3	0
871	1388	4	0
184	1397	3	0
234	1397	4	0
269	1397	4	0
707	1397	1	0
932	1397	4	0
189	1404	5	0
253	1404	3	0
308	1404	4	0
334	1404	4	0
339	1404	5	0
380	1404	2	0
405	1404	1	0
437	1404	2	0
449	1404	5	0
498	1404	3	0
537	1404	2	0
883	1404	3	0
894	1404	3	0
192	1405	5	0
405	1405	1	0
486	1405	5	0
548	1405	3	0
560	1405	4	0
782	1405	2	0
193	1406	4	0
622	1406	3	0
655	1406	3	0
896	1406	3	0
914	1406	4	0
201	1426	2	0
250	1426	5	0
303	1426	2	0
334	1426	4	0
416	1426	5	0
498	1426	3	0
532	1426	3	0
655	1426	2	0
206	1431	1	0
713	1431	3	0
739	1431	5	0
863	1431	4	0
871	1431	4	0
234	1463	5	0
752	1463	4	0
845	1463	1	0
253	1468	3	0
393	1468	4	0
405	1468	1	0
436	1468	5	0
618	1468	3	0
880	1468	4	0
257	1472	2	0
523	1472	5	0
276	1483	3	0
328	1483	4	0
416	1483	4	0
444	1483	2	0
499	1483	1	0
532	1483	4	0
587	1483	4	0
603	1483	5	0
660	1483	3	0
676	1483	4	0
683	1483	3	0
807	1483	4	0
279	1485	4	0
305	1485	3	0
363	1485	4	0
585	1485	3	0
279	1499	4	0
385	1499	5	0
405	1499	1	0
655	1499	3	0
303	1511	3	0
354	1511	4	0
662	1511	4	0
782	1511	2	0
796	1511	3	0
378	1531	4	0
393	1531	4	0
405	1531	1	0
577	1531	4	0
642	1531	3	0
864	1531	3	0
897	1531	4	0
399	1541	3	0
409	1541	4	0
448	1602	4	0
655	1602	3	0
860	1602	3	0
466	1607	5	0
655	1607	3	0
863	1607	2	0
550	1620	4	0
552	1620	3	0
592	1620	1	0
644	1620	4	0
653	1620	2	0
674	1620	4	0
782	1620	3	0
880	1620	3	0
901	1620	5	0
655	1631	4	0
747	1631	3	0
655	1646	3	0
828	1646	4	0
713	1656	2	0
883	1656	5	0
782	1664	4	0
839	1664	1	0
870	1664	4	0
880	1664	4	0
