1	1	5	0
2	1	4	0
5	1	4	0
6	1	4	0
10	1	4	0
13	1	3	0
15	1	1	0
16	1	5	0
17	1	4	0
18	1	5	0
20	1	3	0
21	1	5	0
23	1	5	0
25	1	5	0
26	1	3	0
38	1	5	0
41	1	4	0
42	1	5	0
43	1	5	0
44	1	4	0
45	1	5	0
49	1	2	0
54	1	4	0
56	1	4	0
57	1	5	0
58	1	5	0
59	1	2	0
62	1	2	0
63	1	3	0
64	1	4	0
65	1	3	0
66	1	3	0
67	1	3	0
70	1	4	0
72	1	4	0
73	1	2	0
75	1	4	0
77	1	5	0
79	1	4	0
81	1	4	0
82	1	4	0
83	1	4	0
84	1	2	0
89	1	5	0
92	1	4	0
93	1	5	0
94	1	4	0
95	1	5	0
96	1	5	0
97	1	4	0
99	1	4	0
101	1	3	0
102	1	3	0
106	1	4	0
108	1	4	0
109	1	4	0
117	1	4	0
120	1	4	0
121	1	4	0
124	1	3	0
125	1	4	0
128	1	4	0
130	1	5	0
131	1	4	0
134	1	5	0
137	1	3	0
138	1	4	0
141	1	3	0
144	1	4	0
145	1	3	0
148	1	4	0
150	1	4	0
151	1	5	0
157	1	5	0
158	1	4	0
160	1	4	0
162	1	4	0
168	1	5	0
174	1	3	0
177	1	3	0
178	1	4	0
181	1	3	0
182	1	4	0
184	1	4	0
189	1	5	0
193	1	4	0
194	1	4	0
198	1	4	0
199	1	1	0
200	1	5	0
201	1	3	0
202	1	3	0
203	1	3	0
204	1	2	0
209	1	5	0
210	1	5	0
213	1	2	0
216	1	4	0
222	1	4	0
223	1	4	0
230	1	5	0
231	1	3	0
232	1	4	0
234	1	3	0
235	1	4	0
242	1	4	0
243	1	4	0
244	1	4	0
246	1	4	0
247	1	4	0
248	1	3	0
249	1	4	0
250	1	4	0
251	1	4	0
252	1	5	0
253	1	5	0
254	1	3	0
256	1	5	0
262	1	3	0
263	1	5	0
265	1	5	0
268	1	3	0
271	1	3	0
274	1	4	0
275	1	4	0
276	1	5	0
277	1	4	0
279	1	3	0
280	1	4	0
286	1	4	0
287	1	5	0
289	1	3	0
290	1	5	0
291	1	5	0
292	1	4	0
293	1	2	0
294	1	5	0
295	1	4	0
296	1	5	0
297	1	3	0
298	1	5	0
299	1	3	0
301	1	4	0
303	1	5	0
305	1	5	0
307	1	5	0
308	1	4	0
311	1	4	0
312	1	5	0
313	1	4	0
314	1	5	0
320	1	3	0
322	1	2	0
324	1	5	0
325	1	2	0
326	1	3	0
327	1	4	0
330	1	5	0
331	1	1	0
332	1	4	0
336	1	3	0
338	1	3	0
339	1	5	0
340	1	5	0
343	1	5	0
344	1	3	0
345	1	3	0
347	1	4	0
348	1	4	0
350	1	4	0
357	1	5	0
359	1	4	0
360	1	3	0
363	1	2	0
365	1	4	0
371	1	4	0
374	1	4	0
378	1	4	0
379	1	4	0
380	1	4	0
381	1	5	0
387	1	4	0
388	1	5	0
389	1	4	0
390	1	5	0
393	1	3	0
394	1	4	0
395	1	5	0
396	1	4	0
398	1	5	0
399	1	4	0
401	1	2	0
402	1	5	0
403	1	4	0
406	1	4	0
407	1	4	0
411	1	4	0
412	1	4	0
416	1	5	0
417	1	4	0
419	1	4	0
422	1	3	0
424	1	1	0
425	1	2	0
429	1	3	0
432	1	2	0
434	1	4	0
435	1	5	0
438	1	4	0
441	1	5	0
445	1	3	0
447	1	3	0
450	1	4	0
454	1	3	0
455	1	4	0
456	1	2	0
457	1	4	0
458	1	4	0
459	1	4	0
460	1	2	0
463	1	1	0
465	1	4	0
467	1	4	0
468	1	5	0
470	1	3	0
471	1	4	0
472	1	5	0
478	1	4	0
479	1	5	0
483	1	4	0
484	1	5	0
486	1	4	0
487	1	5	0
488	1	3	0
490	1	3	0
493	1	3	0
494	1	3	0
495	1	4	0
497	1	4	0
500	1	4	0
503	1	5	0
505	1	3	0
508	1	5	0
512	1	4	0
514	1	5	0
517	1	3	0
518	1	4	0
521	1	2	0
523	1	5	0
525	1	4	0
526	1	5	0
532	1	5	0
533	1	4	0
534	1	5	0
535	1	3	0
536	1	5	0
537	1	2	0
540	1	3	0
541	1	4	0
542	1	4	0
545	1	5	0
548	1	4	0
549	1	5	0
550	1	3	0
552	1	3	0
553	1	3	0
554	1	3	0
560	1	4	0
561	1	2	0
562	1	2	0
567	1	3	0
569	1	4	0
576	1	4	0
577	1	5	0
579	1	4	0
580	1	3	0
582	1	4	0
588	1	4	0
592	1	4	0
593	1	3	0
597	1	3	0
599	1	4	0
602	1	4	0
605	1	4	0
606	1	5	0
609	1	1	0
610	1	4	0
612	1	4	0
613	1	4	0
614	1	5	0
618	1	4	0
620	1	5	0
621	1	3	0
622	1	3	0
624	1	4	0
630	1	4	0
632	1	3	0
634	1	3	0
635	1	4	0
636	1	3	0
637	1	4	0
642	1	5	0
643	1	5	0
648	1	5	0
649	1	5	0
650	1	3	0
653	1	4	0
654	1	4	0
655	1	2	0
657	1	3	0
658	1	4	0
660	1	3	0
661	1	5	0
663	1	4	0
664	1	4	0
665	1	4	0
669	1	5	0
674	1	4	0
676	1	5	0
677	1	4	0
678	1	5	0
679	1	3	0
680	1	4	0
682	1	4	0
684	1	4	0
689	1	3	0
690	1	4	0
691	1	5	0
692	1	4	0
697	1	5	0
698	1	4	0
699	1	3	0
701	1	4	0
703	1	4	0
705	1	5	0
706	1	4	0
708	1	5	0
709	1	4	0
710	1	4	0
714	1	3	0
715	1	5	0
716	1	5	0
721	1	5	0
723	1	3	0
726	1	4	0
727	1	3	0
730	1	4	0
731	1	2	0
733	1	2	0
735	1	4	0
738	1	5	0
742	1	4	0
744	1	4	0
745	1	2	0
746	1	4	0
747	1	5	0
748	1	4	0
749	1	4	0
751	1	3	0
756	1	4	0
757	1	4	0
759	1	5	0
761	1	1	0
763	1	4	0
764	1	4	0
767	1	5	0
768	1	5	0
769	1	4	0
770	1	5	0
771	1	5	0
773	1	3	0
777	1	4	0
779	1	4	0
785	1	4	0
786	1	4	0
788	1	3	0
789	1	3	0
790	1	3	0
792	1	4	0
793	1	4	0
794	1	4	0
795	1	4	0
796	1	2	0
798	1	4	0
800	1	4	0
804	1	5	0
805	1	4	0
806	1	4	0
807	1	4	0
815	1	5	0
817	1	4	0
821	1	5	0
822	1	4	0
823	1	4	0
826	1	4	0
829	1	4	0
830	1	4	0
831	1	4	0
835	1	3	0
838	1	5	0
839	1	4	0
843	1	3	0
847	1	3	0
852	1	4	0
854	1	3	0
864	1	5	0
865	1	1	0
867	1	4	0
868	1	4	0
870	1	5	0
872	1	3	0
879	1	4	0
880	1	4	0
881	1	4	0
882	1	5	0
883	1	3	0
885	1	5	0
886	1	4	0
887	1	5	0
889	1	3	0
890	1	4	0
892	1	5	0
893	1	5	0
894	1	4	0
895	1	4	0
896	1	4	0
897	1	5	0
899	1	3	0
901	1	5	0
902	1	5	0
903	1	3	0
907	1	5	0
910	1	4	0
913	1	2	0
916	1	4	0
917	1	3	0
918	1	3	0
919	1	4	0
921	1	3	0
922	1	5	0
923	1	3	0
924	1	5	0
927	1	5	0
929	1	3	0
930	1	3	0
932	1	4	0
933	1	3	0
934	1	2	0
935	1	3	0
936	1	4	0
938	1	4	0
941	1	5	0
1	50	5	0
2	50	5	0
4	50	5	0
5	50	4	0
6	50	4	0
7	50	5	0
8	50	5	0
9	50	5	0
10	50	5	0
12	50	4	0
13	50	5	0
14	50	5	0
15	50	5	0
18	50	4	0
20	50	3	0
21	50	3	0
22	50	5	0
23	50	4	0
25	50	5	0
26	50	4	0
27	50	3	0
28	50	4	0
30	50	3	0
32	50	4	0
37	50	5	0
41	50	5	0
42	50	5	0
43	50	4	0
44	50	5	0
45	50	5	0
46	50	4	0
48	50	4	0
49	50	1	0
51	50	5	0
53	50	4	0
54	50	5	0
55	50	4	0
56	50	5	0
57	50	5	0
58	50	4	0
59	50	5	0
60	50	5	0
62	50	5	0
63	50	4	0
64	50	5	0
65	50	5	0
66	50	5	0
68	50	5	0
69	50	5	0
70	50	4	0
71	50	3	0
72	50	2	0
77	50	4	0
79	50	4	0
80	50	3	0
82	50	5	0
83	50	3	0
85	50	5	0
87	50	5	0
89	50	5	0
91	50	5	0
92	50	5	0
94	50	5	0
95	50	5	0
96	50	5	0
97	50	5	0
99	50	5	0
101	50	4	0
102	50	4	0
103	50	5	0
104	50	5	0
108	50	4	0
109	50	5	0
113	50	5	0
115	50	5	0
116	50	3	0
117	50	5	0
119	50	5	0
120	50	4	0
121	50	5	0
123	50	3	0
124	50	3	0
125	50	5	0
127	50	4	0
128	50	4	0
130	50	5	0
132	50	3	0
137	50	5	0
141	50	4	0
144	50	5	0
145	50	5	0
148	50	5	0
150	50	5	0
151	50	5	0
153	50	1	0
154	50	5	0
157	50	4	0
158	50	4	0
160	50	4	0
161	50	2	0
162	50	5	0
169	50	5	0
174	50	4	0
175	50	5	0
176	50	5	0
177	50	5	0
178	50	5	0
182	50	5	0
183	50	2	0
184	50	4	0
185	50	4	0
188	50	4	0
189	50	5	0
192	50	4	0
194	50	3	0
197	50	5	0
198	50	5	0
200	50	5	0
201	50	4	0
203	50	5	0
209	50	5	0
210	50	5	0
213	50	5	0
214	50	3	0
215	50	5	0
216	50	4	0
217	50	1	0
221	50	4	0
222	50	4	0
227	50	4	0
230	50	5	0
231	50	4	0
232	50	4	0
233	50	3	0
234	50	4	0
235	50	5	0
236	50	3	0
239	50	5	0
244	50	5	0
245	50	4	0
246	50	5	0
247	50	5	0
248	50	5	0
249	50	4	0
250	50	5	0
251	50	5	0
253	50	4	0
254	50	5	0
256	50	4	0
257	50	5	0
262	50	2	0
263	50	5	0
265	50	2	0
267	50	5	0
268	50	5	0
269	50	3	0
270	50	5	0
271	50	5	0
272	50	4	0
274	50	5	0
275	50	4	0
276	50	5	0
277	50	3	0
279	50	3	0
280	50	3	0
283	50	5	0
286	50	4	0
287	50	5	0
288	50	4	0
290	50	5	0
291	50	5	0
292	50	4	0
293	50	5	0
294	50	5	0
295	50	5	0
296	50	5	0
297	50	5	0
298	50	5	0
299	50	4	0
301	50	5	0
303	50	5	0
305	50	5	0
307	50	5	0
308	50	5	0
310	50	5	0
311	50	5	0
312	50	5	0
313	50	5	0
316	50	1	0
318	50	2	0
320	50	4	0
321	50	4	0
322	50	5	0
323	50	5	0
324	50	5	0
325	50	5	0
326	50	5	0
327	50	3	0
328	50	4	0
329	50	4	0
330	50	5	0
332	50	5	0
334	50	5	0
336	50	4	0
337	50	5	0
339	50	4	0
340	50	4	0
343	50	5	0
344	50	5	0
345	50	5	0
346	50	5	0
347	50	5	0
350	50	5	0
352	50	5	0
354	50	4	0
359	50	5	0
360	50	4	0
361	50	5	0
363	50	5	0
367	50	5	0
368	50	4	0
369	50	5	0
370	50	4	0
371	50	4	0
373	50	5	0
374	50	3	0
378	50	4	0
379	50	4	0
380	50	4	0
381	50	5	0
382	50	1	0
385	50	1	0
386	50	4	0
387	50	5	0
389	50	5	0
391	50	4	0
392	50	5	0
393	50	5	0
394	50	5	0
395	50	5	0
397	50	5	0
398	50	5	0
399	50	3	0
401	50	1	0
402	50	4	0
403	50	5	0
405	50	5	0
406	50	5	0
407	50	4	0
409	50	5	0
411	50	5	0
413	50	5	0
416	50	5	0
417	50	3	0
419	50	5	0
421	50	5	0
422	50	4	0
424	50	3	0
425	50	5	0
426	50	4	0
429	50	5	0
430	50	4	0
432	50	5	0
433	50	5	0
435	50	5	0
436	50	4	0
437	50	5	0
438	50	5	0
444	50	5	0
445	50	2	0
447	50	5	0
450	50	5	0
452	50	5	0
453	50	5	0
454	50	4	0
455	50	5	0
456	50	4	0
457	50	5	0
458	50	2	0
459	50	4	0
461	50	3	0
463	50	4	0
464	50	4	0
465	50	4	0
466	50	5	0
467	50	4	0
468	50	5	0
470	50	5	0
471	50	3	0
472	50	5	0
474	50	5	0
475	50	5	0
478	50	3	0
479	50	4	0
480	50	4	0
481	50	4	0
482	50	4	0
483	50	5	0
484	50	5	0
486	50	5	0
487	50	4	0
488	50	4	0
490	50	5	0
493	50	5	0
494	50	5	0
495	50	5	0
496	50	5	0
497	50	5	0
498	50	4	0
499	50	3	0
500	50	3	0
503	50	5	0
504	50	3	0
505	50	3	0
506	50	5	0
507	50	5	0
508	50	5	0
509	50	5	0
512	50	5	0
513	50	5	0
514	50	5	0
516	50	5	0
517	50	5	0
521	50	4	0
523	50	5	0
524	50	4	0
526	50	5	0
527	50	4	0
528	50	5	0
530	50	4	0
533	50	5	0
535	50	5	0
536	50	5	0
537	50	4	0
538	50	5	0
539	50	3	0
540	50	5	0
541	50	5	0
542	50	4	0
545	50	5	0
546	50	5	0
548	50	5	0
549	50	5	0
550	50	5	0
551	50	2	0
552	50	4	0
553	50	4	0
554	50	4	0
555	50	5	0
557	50	4	0
560	50	5	0
561	50	3	0
562	50	5	0
563	50	5	0
564	50	4	0
566	50	2	0
567	50	1	0
569	50	5	0
573	50	4	0
575	50	2	0
576	50	4	0
577	50	4	0
579	50	5	0
580	50	5	0
581	50	4	0
582	50	5	0
584	50	4	0
586	50	4	0
588	50	5	0
592	50	5	0
593	50	4	0
594	50	3	0
595	50	5	0
596	50	5	0
597	50	5	0
600	50	4	0
601	50	5	0
602	50	5	0
603	50	5	0
606	50	5	0
608	50	1	0
610	50	4	0
613	50	5	0
618	50	5	0
619	50	4	0
620	50	4	0
621	50	5	0
622	50	5	0
623	50	5	0
624	50	5	0
625	50	5	0
629	50	5	0
630	50	3	0
632	50	5	0
633	50	4	0
634	50	4	0
637	50	4	0
638	50	4	0
641	50	3	0
642	50	5	0
643	50	4	0
644	50	4	0
645	50	4	0
648	50	5	0
649	50	4	0
650	50	5	0
653	50	5	0
654	50	5	0
655	50	4	0
658	50	4	0
659	50	3	0
660	50	4	0
661	50	5	0
662	50	3	0
663	50	5	0
664	50	5	0
665	50	4	0
666	50	3	0
668	50	5	0
669	50	5	0
671	50	5	0
672	50	3	0
674	50	4	0
676	50	5	0
678	50	4	0
679	50	5	0
680	50	5	0
682	50	5	0
684	50	4	0
686	50	4	0
689	50	5	0
691	50	4	0
693	50	3	0
694	50	5	0
697	50	5	0
698	50	5	0
699	50	3	0
700	50	5	0
701	50	5	0
703	50	5	0
704	50	5	0
705	50	4	0
706	50	5	0
708	50	5	0
709	50	5	0
710	50	4	0
711	50	4	0
712	50	4	0
714	50	5	0
715	50	5	0
716	50	5	0
717	50	4	0
719	50	2	0
721	50	5	0
723	50	4	0
727	50	4	0
730	50	4	0
734	50	4	0
735	50	5	0
736	50	3	0
738	50	5	0
739	50	4	0
741	50	5	0
742	50	4	0
744	50	3	0
745	50	2	0
746	50	5	0
747	50	5	0
748	50	5	0
749	50	5	0
751	50	5	0
753	50	4	0
756	50	4	0
757	50	4	0
758	50	4	0
759	50	4	0
760	50	3	0
761	50	5	0
763	50	4	0
764	50	3	0
765	50	2	0
766	50	4	0
768	50	4	0
770	50	3	0
771	50	4	0
773	50	5	0
774	50	4	0
776	50	5	0
779	50	5	0
780	50	5	0
781	50	5	0
782	50	3	0
785	50	5	0
786	50	4	0
789	50	5	0
790	50	4	0
791	50	5	0
793	50	5	0
794	50	5	0
795	50	3	0
796	50	5	0
797	50	5	0
798	50	5	0
799	50	4	0
800	50	4	0
804	50	4	0
805	50	4	0
806	50	5	0
807	50	5	0
815	50	5	0
823	50	5	0
825	50	4	0
826	50	5	0
830	50	5	0
831	50	5	0
832	50	3	0
833	50	2	0
834	50	5	0
835	50	4	0
838	50	5	0
839	50	5	0
840	50	4	0
843	50	3	0
844	50	5	0
846	50	5	0
847	50	4	0
848	50	5	0
850	50	5	0
851	50	5	0
852	50	5	0
854	50	4	0
862	50	5	0
864	50	5	0
867	50	5	0
868	50	5	0
869	50	4	0
870	50	3	0
871	50	5	0
875	50	5	0
878	50	4	0
879	50	4	0
880	50	5	0
881	50	3	0
882	50	5	0
883	50	4	0
885	50	3	0
886	50	5	0
887	50	5	0
889	50	4	0
890	50	5	0
891	50	4	0
892	50	5	0
893	50	5	0
894	50	4	0
895	50	5	0
896	50	5	0
897	50	5	0
899	50	5	0
901	50	4	0
902	50	5	0
903	50	5	0
907	50	4	0
908	50	4	0
910	50	5	0
913	50	4	0
916	50	5	0
917	50	3	0
919	50	3	0
921	50	4	0
922	50	5	0
923	50	5	0
924	50	5	0
929	50	4	0
930	50	2	0
931	50	3	0
933	50	4	0
934	50	5	0
936	50	4	0
937	50	5	0
938	50	5	0
940	50	4	0
942	50	5	0
943	50	4	0
1	181	5	0
3	181	4	0
5	181	5	0
7	181	3	0
8	181	4	0
13	181	5	0
14	181	5	0
15	181	5	0
18	181	3	0
20	181	4	0
22	181	5	0
23	181	4	0
25	181	5	0
26	181	4	0
30	181	4	0
32	181	4	0
41	181	4	0
42	181	5	0
43	181	4	0
44	181	4	0
45	181	4	0
46	181	4	0
48	181	5	0
49	181	1	0
51	181	5	0
53	181	4	0
54	181	5	0
55	181	4	0
56	181	5	0
57	181	5	0
58	181	3	0
59	181	5	0
60	181	4	0
62	181	4	0
63	181	3	0
64	181	4	0
66	181	5	0
68	181	5	0
69	181	5	0
70	181	4	0
71	181	3	0
72	181	1	0
77	181	3	0
82	181	4	0
83	181	4	0
85	181	4	0
87	181	5	0
89	181	4	0
91	181	5	0
92	181	4	0
94	181	4	0
95	181	4	0
96	181	5	0
99	181	5	0
101	181	4	0
102	181	2	0
103	181	4	0
104	181	5	0
108	181	3	0
109	181	5	0
115	181	4	0
116	181	4	0
117	181	5	0
119	181	4	0
121	181	5	0
125	181	5	0
128	181	4	0
130	181	5	0
137	181	5	0
141	181	4	0
142	181	5	0
144	181	4	0
145	181	5	0
148	181	5	0
150	181	5	0
151	181	5	0
153	181	1	0
158	181	3	0
161	181	2	0
162	181	4	0
164	181	5	0
165	181	5	0
168	181	4	0
169	181	5	0
176	181	3	0
177	181	4	0
178	181	5	0
180	181	2	0
182	181	5	0
183	181	2	0
184	181	4	0
185	181	4	0
188	181	3	0
189	181	3	0
194	181	3	0
195	181	5	0
197	181	5	0
198	181	4	0
201	181	2	0
203	181	5	0
207	181	3	0
209	181	4	0
210	181	5	0
211	181	1	0
213	181	4	0
214	181	3	0
215	181	4	0
216	181	3	0
217	181	1	0
221	181	4	0
222	181	4	0
230	181	4	0
231	181	4	0
232	181	4	0
234	181	3	0
235	181	3	0
236	181	4	0
238	181	3	0
239	181	3	0
244	181	4	0
245	181	4	0
246	181	5	0
247	181	4	0
248	181	4	0
249	181	3	0
250	181	4	0
251	181	4	0
254	181	5	0
256	181	4	0
257	181	5	0
259	181	4	0
262	181	3	0
263	181	4	0
265	181	2	0
267	181	5	0
268	181	4	0
269	181	2	0
270	181	4	0
271	181	5	0
274	181	5	0
275	181	4	0
276	181	5	0
277	181	3	0
279	181	3	0
280	181	3	0
286	181	3	0
287	181	3	0
290	181	5	0
291	181	5	0
292	181	4	0
293	181	3	0
294	181	5	0
295	181	4	0
296	181	5	0
297	181	4	0
298	181	4	0
299	181	3	0
301	181	5	0
303	181	5	0
305	181	4	0
307	181	5	0
308	181	4	0
310	181	4	0
311	181	4	0
312	181	4	0
313	181	4	0
323	181	5	0
325	181	4	0
326	181	4	0
327	181	4	0
328	181	4	0
329	181	4	0
330	181	5	0
332	181	5	0
334	181	4	0
337	181	2	0
339	181	4	0
340	181	4	0
344	181	3	0
345	181	4	0
346	181	5	0
347	181	5	0
350	181	4	0
352	181	4	0
354	181	4	0
359	181	5	0
360	181	4	0
363	181	5	0
368	181	4	0
369	181	5	0
370	181	4	0
371	181	3	0
373	181	5	0
374	181	3	0
376	181	4	0
378	181	4	0
379	181	4	0
380	181	3	0
385	181	1	0
386	181	3	0
387	181	4	0
389	181	4	0
390	181	4	0
392	181	5	0
393	181	4	0
394	181	4	0
395	181	5	0
397	181	4	0
398	181	4	0
399	181	3	0
401	181	3	0
402	181	4	0
403	181	4	0
405	181	5	0
406	181	5	0
407	181	3	0
409	181	4	0
411	181	5	0
413	181	5	0
416	181	5	0
417	181	3	0
419	181	4	0
422	181	4	0
425	181	4	0
429	181	5	0
430	181	4	0
432	181	5	0
435	181	5	0
437	181	4	0
438	181	4	0
442	181	4	0
445	181	2	0
447	181	5	0
450	181	4	0
452	181	4	0
453	181	5	0
454	181	3	0
455	181	4	0
456	181	3	0
457	181	4	0
458	181	2	0
459	181	4	0
462	181	4	0
464	181	3	0
465	181	3	0
466	181	4	0
467	181	3	0
468	181	3	0
470	181	4	0
472	181	5	0
474	181	5	0
479	181	5	0
481	181	5	0
483	181	4	0
484	181	5	0
486	181	4	0
487	181	4	0
488	181	4	0
490	181	4	0
493	181	5	0
494	181	4	0
495	181	5	0
496	181	5	0
497	181	5	0
498	181	2	0
499	181	3	0
500	181	3	0
501	181	4	0
503	181	5	0
504	181	3	0
505	181	3	0
506	181	5	0
507	181	5	0
508	181	3	0
509	181	4	0
513	181	5	0
514	181	4	0
516	181	4	0
517	181	4	0
521	181	4	0
523	181	5	0
524	181	3	0
525	181	4	0
526	181	4	0
527	181	4	0
528	181	5	0
530	181	3	0
532	181	5	0
533	181	5	0
535	181	4	0
536	181	5	0
537	181	2	0
538	181	3	0
540	181	4	0
541	181	5	0
542	181	4	0
545	181	5	0
546	181	5	0
548	181	4	0
549	181	4	0
550	181	5	0
551	181	2	0
552	181	3	0
553	181	4	0
554	181	4	0
555	181	5	0
560	181	4	0
561	181	3	0
562	181	3	0
563	181	4	0
564	181	4	0
566	181	2	0
567	181	1	0
571	181	4	0
575	181	2	0
576	181	4	0
577	181	5	0
580	181	5	0
581	181	3	0
582	181	4	0
584	181	4	0
586	181	4	0
588	181	5	0
592	181	3	0
593	181	4	0
594	181	3	0
595	181	5	0
596	181	4	0
597	181	4	0
600	181	4	0
601	181	5	0
602	181	5	0
603	181	5	0
606	181	5	0
618	181	5	0
619	181	4	0
620	181	4	0
621	181	5	0
622	181	5	0
623	181	5	0
624	181	4	0
625	181	4	0
630	181	3	0
632	181	5	0
637	181	4	0
638	181	5	0
642	181	5	0
643	181	3	0
644	181	4	0
645	181	4	0
648	181	5	0
649	181	4	0
650	181	4	0
653	181	4	0
654	181	3	0
655	181	3	0
658	181	3	0
659	181	3	0
660	181	4	0
661	181	5	0
663	181	4	0
665	181	4	0
666	181	2	0
669	181	5	0
671	181	5	0
672	181	3	0
674	181	4	0
676	181	5	0
678	181	3	0
679	181	5	0
682	181	5	0
684	181	4	0
686	181	4	0
689	181	5	0
693	181	3	0
694	181	5	0
697	181	4	0
698	181	3	0
699	181	3	0
700	181	5	0
703	181	5	0
705	181	5	0
706	181	4	0
708	181	5	0
709	181	4	0
710	181	3	0
711	181	4	0
712	181	5	0
714	181	5	0
715	181	4	0
716	181	4	0
721	181	5	0
725	181	4	0
727	181	3	0
730	181	2	0
735	181	4	0
736	181	2	0
738	181	4	0
741	181	4	0
742	181	3	0
743	181	3	0
745	181	2	0
746	181	5	0
747	181	5	0
748	181	4	0
749	181	5	0
751	181	5	0
753	181	3	0
756	181	4	0
757	181	3	0
758	181	4	0
759	181	5	0
760	181	3	0
761	181	5	0
766	181	4	0
770	181	3	0
771	181	4	0
773	181	5	0
774	181	3	0
776	181	4	0
779	181	5	0
781	181	5	0
782	181	3	0
786	181	4	0
789	181	4	0
790	181	4	0
791	181	5	0
793	181	4	0
794	181	4	0
795	181	4	0
796	181	5	0
797	181	5	0
798	181	5	0
800	181	4	0
804	181	5	0
805	181	3	0
806	181	2	0
807	181	5	0
815	181	5	0
821	181	4	0
823	181	4	0
825	181	4	0
826	181	5	0
830	181	5	0
831	181	5	0
832	181	3	0
833	181	2	0
834	181	5	0
837	181	3	0
838	181	5	0
839	181	3	0
840	181	3	0
843	181	3	0
844	181	5	0
846	181	5	0
847	181	4	0
848	181	5	0
850	181	5	0
852	181	4	0
858	181	2	0
862	181	5	0
864	181	5	0
867	181	5	0
868	181	5	0
869	181	3	0
870	181	4	0
871	181	3	0
875	181	4	0
878	181	3	0
879	181	4	0
880	181	5	0
881	181	4	0
882	181	5	0
885	181	3	0
886	181	5	0
887	181	5	0
889	181	4	0
890	181	4	0
891	181	3	0
892	181	4	0
895	181	5	0
896	181	5	0
897	181	3	0
899	181	3	0
901	181	4	0
902	181	3	0
903	181	4	0
904	181	3	0
907	181	4	0
908	181	3	0
910	181	1	0
913	181	3	0
916	181	4	0
919	181	4	0
921	181	5	0
922	181	5	0
923	181	5	0
924	181	3	0
931	181	4	0
933	181	2	0
934	181	4	0
935	181	4	0
936	181	4	0
938	181	5	0
940	181	3	0
941	181	5	0
943	181	4	0
