1	7	4	0
6	7	2	0
7	7	5	0
8	7	3	0
9	7	4	0
10	7	4	0
13	7	2	0
14	7	5	0
15	7	1	0
16	7	5	0
17	7	4	0
21	7	5	0
23	7	4	0
24	7	4	0
25	7	4	0
26	7	3	0
28	7	5	0
30	7	4	0
32	7	4	0
37	7	4	0
43	7	4	0
44	7	5	0
45	7	3	0
46	7	4	0
49	7	4	0
52	7	5	0
53	7	3	0
54	7	4	0
55	7	3	0
56	7	5	0
57	7	4	0
58	7	5	0
59	7	4	0
60	7	5	0
62	7	4	0
64	7	4	0
65	7	1	0
66	7	3	0
67	7	5	0
68	7	3	0
69	7	5	0
72	7	1	0
73	7	4	0
74	7	4	0
76	7	4	0
79	7	5	0
81	7	4	0
82	7	3	0
84	7	4	0
87	7	4	0
89	7	5	0
92	7	4	0
94	7	4	0
95	7	5	0
96	7	5	0
97	7	5	0
99	7	4	0
101	7	3	0
102	7	2	0
104	7	3	0
108	7	5	0
109	7	4	0
113	7	3	0
115	7	5	0
116	7	2	0
117	7	3	0
118	7	5	0
119	7	5	0
124	7	4	0
130	7	5	0
141	7	5	0
142	7	4	0
144	7	2	0
145	7	5	0
148	7	5	0
151	7	4	0
158	7	5	0
159	7	5	0
160	7	3	0
162	7	3	0
168	7	1	0
176	7	5	0
177	7	4	0
178	7	4	0
181	7	4	0
184	7	3	0
188	7	5	0
189	7	3	0
190	7	4	0
192	7	4	0
194	7	3	0
198	7	4	0
199	7	4	0
200	7	4	0
201	7	3	0
203	7	3	0
213	7	4	0
214	7	5	0
216	7	5	0
217	7	4	0
221	7	4	0
222	7	5	0
226	7	4	0
227	7	5	0
230	7	3	0
234	7	2	0
235	7	4	0
243	7	3	0
244	7	4	0
247	7	4	0
248	7	2	0
249	7	5	0
250	7	4	0
251	7	3	0
252	7	4	0
255	7	2	0
256	7	4	0
262	7	4	0
264	7	5	0
265	7	2	0
267	7	5	0
268	7	4	0
269	7	3	0
270	7	4	0
276	7	5	0
277	7	2	0
279	7	5	0
280	7	4	0
286	7	4	0
289	7	4	0
291	7	5	0
292	7	3	0
293	7	3	0
294	7	4	0
295	7	5	0
296	7	5	0
297	7	4	0
299	7	3	0
301	7	4	0
303	7	4	0
305	7	4	0
308	7	4	0
314	7	4	0
320	7	4	0
321	7	4	0
323	7	2	0
327	7	3	0
328	7	4	0
329	7	3	0
331	7	4	0
332	7	4	0
334	7	5	0
339	7	4	0
342	7	4	0
343	7	5	0
344	7	4	0
346	7	2	0
347	7	4	0
348	7	4	0
352	7	3	0
354	7	4	0
357	7	3	0
359	7	5	0
363	7	3	0
365	7	2	0
366	7	2	0
367	7	5	0
368	7	4	0
372	7	3	0
374	7	1	0
377	7	4	0
378	7	4	0
379	7	5	0
380	7	3	0
382	7	2	0
386	7	3	0
387	7	5	0
393	7	4	0
394	7	5	0
397	7	5	0
402	7	4	0
403	7	5	0
406	7	4	0
407	7	4	0
412	7	5	0
413	7	3	0
416	7	4	0
417	7	3	0
421	7	3	0
422	7	3	0
425	7	3	0
429	7	2	0
430	7	3	0
432	7	2	0
434	7	1	0
435	7	4	0
439	7	4	0
441	7	4	0
442	7	4	0
445	7	1	0
447	7	5	0
450	7	4	0
452	7	5	0
453	7	5	0
455	7	4	0
457	7	4	0
458	7	4	0
459	7	5	0
460	7	3	0
463	7	4	0
465	7	5	0
466	7	4	0
467	7	5	0
468	7	3	0
470	7	3	0
472	7	5	0
473	7	2	0
474	7	5	0
478	7	1	0
484	7	4	0
486	7	5	0
490	7	3	0
491	7	3	0
493	7	3	0
496	7	4	0
497	7	3	0
498	7	3	0
499	7	4	0
500	7	5	0
501	7	4	0
505	7	3	0
514	7	5	0
518	7	3	0
521	7	3	0
524	7	2	0
525	7	3	0
526	7	4	0
527	7	5	0
532	7	5	0
534	7	4	0
535	7	5	0
537	7	4	0
540	7	4	0
546	7	5	0
548	7	5	0
551	7	5	0
552	7	3	0
554	7	3	0
555	7	4	0
560	7	3	0
561	7	5	0
566	7	4	0
567	7	4	0
569	7	4	0
576	7	5	0
577	7	2	0
579	7	3	0
580	7	3	0
581	7	4	0
582	7	5	0
583	7	5	0
588	7	3	0
592	7	5	0
603	7	5	0
604	7	4	0
606	7	4	0
610	7	2	0
612	7	3	0
614	7	2	0
617	7	3	0
618	7	4	0
620	7	4	0
621	7	4	0
622	7	5	0
624	7	4	0
627	7	5	0
629	7	2	0
630	7	4	0
632	7	3	0
634	7	4	0
637	7	1	0
643	7	4	0
648	7	3	0
650	7	4	0
653	7	2	0
655	7	3	0
657	7	3	0
658	7	4	0
659	7	3	0
660	7	3	0
663	7	4	0
664	7	3	0
665	7	4	0
666	7	4	0
669	7	3	0
671	7	5	0
677	7	4	0
678	7	4	0
680	7	5	0
682	7	4	0
689	7	5	0
693	7	4	0
697	7	5	0
699	7	2	0
703	7	4	0
706	7	3	0
709	7	3	0
714	7	4	0
715	7	3	0
717	7	4	0
719	7	2	0
722	7	4	0
727	7	2	0
730	7	4	0
733	7	3	0
735	7	3	0
738	7	4	0
741	7	3	0
742	7	3	0
745	7	4	0
747	7	4	0
748	7	4	0
751	7	3	0
757	7	4	0
758	7	5	0
761	7	4	0
764	7	4	0
770	7	5	0
773	7	2	0
774	7	2	0
776	7	4	0
778	7	4	0
779	7	3	0
786	7	5	0
788	7	4	0
790	7	4	0
792	7	4	0
793	7	3	0
795	7	5	0
802	7	5	0
804	7	4	0
805	7	5	0
814	7	4	0
815	7	4	0
817	7	4	0
823	7	5	0
825	7	5	0
831	7	5	0
833	7	3	0
834	7	4	0
838	7	5	0
839	7	2	0
840	7	4	0
843	7	5	0
844	7	3	0
847	7	3	0
852	7	3	0
854	7	4	0
862	7	5	0
864	7	5	0
865	7	5	0
867	7	5	0
868	7	5	0
870	7	4	0
880	7	3	0
881	7	4	0
882	7	4	0
883	7	5	0
885	7	3	0
886	7	5	0
887	7	4	0
889	7	3	0
890	7	4	0
892	7	4	0
894	7	4	0
896	7	4	0
903	7	2	0
905	7	4	0
906	7	3	0
908	7	3	0
911	7	4	0
913	7	5	0
916	7	4	0
919	7	3	0
924	7	4	0
927	7	3	0
932	7	4	0
933	7	4	0
936	7	4	0
938	7	4	0
940	7	4	0
941	7	4	0
1	24	3	0
5	24	4	0
11	24	3	0
13	24	1	0
22	24	5	0
26	24	3	0
37	24	4	0
44	24	3	0
45	24	3	0
53	24	3	0
54	24	1	0
57	24	3	0
59	24	4	0
62	24	4	0
66	24	3	0
67	24	4	0
70	24	4	0
76	24	2	0
92	24	3	0
94	24	4	0
95	24	3	0
101	24	4	0
103	24	4	0
119	24	4	0
130	24	5	0
144	24	4	0
158	24	4	0
159	24	5	0
160	24	5	0
178	24	3	0
181	24	1	0
189	24	4	0
190	24	3	0
193	24	2	0
198	24	2	0
200	24	2	0
203	24	4	0
213	24	5	0
214	24	3	0
221	24	5	0
222	24	3	0
226	24	4	0
246	24	4	0
249	24	4	0
251	24	3	0
267	24	5	0
268	24	2	0
276	24	4	0
277	24	4	0
279	24	5	0
283	24	4	0
289	24	4	0
291	24	5	0
292	24	4	0
294	24	4	0
296	24	2	0
297	24	4	0
299	24	3	0
301	24	4	0
303	24	3	0
307	24	4	0
308	24	4	0
310	24	4	0
314	24	1	0
318	24	4	0
320	24	3	0
327	24	2	0
347	24	3	0
357	24	4	0
359	24	3	0
363	24	3	0
371	24	4	0
373	24	4	0
374	24	3	0
385	24	3	0
386	24	4	0
387	24	5	0
393	24	3	0
394	24	5	0
399	24	4	0
406	24	3	0
412	24	3	0
416	24	5	0
417	24	3	0
425	24	2	0
429	24	3	0
432	24	1	0
435	24	4	0
447	24	3	0
453	24	4	0
455	24	3	0
463	24	3	0
466	24	4	0
467	24	4	0
468	24	3	0
472	24	5	0
479	24	3	0
484	24	1	0
487	24	4	0
490	24	4	0
493	24	4	0
497	24	4	0
501	24	3	0
514	24	3	0
524	24	3	0
532	24	5	0
534	24	5	0
537	24	1	0
543	24	3	0
549	24	3	0
551	24	5	0
560	24	2	0
561	24	3	0
588	24	2	0
592	24	4	0
597	24	3	0
606	24	5	0
618	24	2	0
621	24	4	0
622	24	4	0
624	24	3	0
637	24	2	0
643	24	4	0
648	24	3	0
649	24	4	0
654	24	4	0
655	24	3	0
658	24	3	0
660	24	3	0
665	24	3	0
680	24	4	0
682	24	4	0
699	24	3	0
706	24	3	0
715	24	3	0
717	24	2	0
727	24	3	0
742	24	3	0
746	24	4	0
749	24	2	0
757	24	4	0
758	24	4	0
759	24	3	0
773	24	3	0
792	24	3	0
794	24	5	0
804	24	5	0
805	24	4	0
806	24	3	0
817	24	4	0
828	24	4	0
833	24	4	0
838	24	4	0
844	24	5	0
854	24	4	0
857	24	1	0
862	24	4	0
864	24	5	0
865	24	4	0
868	24	2	0
880	24	3	0
883	24	4	0
886	24	4	0
887	24	5	0
889	24	4	0
893	24	4	0
896	24	4	0
910	24	3	0
916	24	2	0
921	24	3	0
927	24	3	0
930	24	1	0
936	24	4	0
943	24	4	0
1	151	4	0
5	151	3	0
6	151	3	0
7	151	4	0
14	151	5	0
16	151	5	0
17	151	4	0
18	151	3	0
20	151	3	0
23	151	3	0
24	151	5	0
25	151	4	0
26	151	3	0
32	151	3	0
42	151	4	0
43	151	4	0
44	151	4	0
45	151	2	0
46	151	4	0
49	151	5	0
52	151	5	0
53	151	4	0
54	151	2	0
56	151	4	0
57	151	3	0
58	151	3	0
59	151	5	0
60	151	5	0
62	151	5	0
64	151	3	0
67	151	4	0
69	151	5	0
70	151	3	0
71	151	1	0
75	151	5	0
81	151	2	0
82	151	2	0
83	151	3	0
84	151	4	0
89	151	5	0
90	151	2	0
93	151	1	0
94	151	5	0
95	151	4	0
101	151	3	0
109	151	5	0
117	151	4	0
128	151	3	0
132	151	3	0
138	151	4	0
141	151	2	0
148	151	4	0
150	151	4	0
151	151	5	0
152	151	4	0
160	151	4	0
162	151	3	0
168	151	5	0
174	151	3	0
176	151	4	0
181	151	2	0
188	151	3	0
189	151	5	0
198	151	4	0
200	151	3	0
203	151	4	0
213	151	5	0
214	151	5	0
215	151	5	0
216	151	3	0
221	151	1	0
222	151	3	0
231	151	1	0
234	151	3	0
236	151	2	0
238	151	2	0
243	151	3	0
244	151	5	0
245	151	3	0
246	151	5	0
247	151	4	0
250	151	4	0
251	151	5	0
254	151	2	0
256	151	5	0
257	151	4	0
265	151	2	0
268	151	3	0
269	151	5	0
276	151	5	0
277	151	3	0
279	151	4	0
283	151	4	0
285	151	5	0
286	151	5	0
289	151	2	0
290	151	2	0
291	151	5	0
292	151	5	0
293	151	4	0
294	151	5	0
295	151	4	0
296	151	2	0
297	151	3	0
298	151	3	0
299	151	4	0
301	151	2	0
303	151	5	0
305	151	4	0
308	151	4	0
312	151	2	0
313	151	1	0
314	151	4	0
323	151	4	0
327	151	4	0
330	151	4	0
334	151	4	0
336	151	1	0
337	151	5	0
339	151	4	0
344	151	5	0
345	151	5	0
346	151	4	0
347	151	3	0
348	151	3	0
354	151	3	0
357	151	5	0
363	151	4	0
365	151	4	0
373	151	4	0
374	151	3	0
378	151	3	0
379	151	4	0
380	151	4	0
381	151	5	0
382	151	4	0
385	151	2	0
387	151	3	0
389	151	4	0
394	151	5	0
395	151	3	0
396	151	3	0
399	151	2	0
401	151	1	0
402	151	5	0
403	151	4	0
406	151	2	0
407	151	4	0
416	151	3	0
417	151	5	0
422	151	4	0
424	151	2	0
429	151	5	0
430	151	4	0
432	151	4	0
434	151	5	0
435	151	3	0
437	151	5	0
445	151	4	0
447	151	3	0
450	151	5	0
453	151	3	0
457	151	5	0
460	151	3	0
463	151	4	0
465	151	3	0
471	151	2	0
472	151	3	0
474	151	3	0
478	151	5	0
479	151	4	0
483	151	2	0
484	151	4	0
486	151	2	0
490	151	1	0
493	151	3	0
495	151	5	0
496	151	3	0
497	151	3	0
498	151	4	0
500	151	3	0
501	151	4	0
504	151	4	0
505	151	3	0
508	151	5	0
518	151	3	0
521	151	3	0
524	151	1	0
525	151	5	0
532	151	5	0
533	151	3	0
534	151	4	0
535	151	4	0
536	151	3	0
537	151	2	0
541	151	3	0
545	151	4	0
548	151	1	0
549	151	3	0
552	151	3	0
553	151	5	0
554	151	4	0
560	151	3	0
561	151	2	0
569	151	5	0
577	151	4	0
580	151	2	0
582	151	4	0
588	151	4	0
592	151	4	0
595	151	5	0
597	151	4	0
601	151	3	0
606	151	5	0
618	151	3	0
620	151	4	0
621	151	5	0
625	151	3	0
637	151	5	0
640	151	4	0
642	151	3	0
648	151	2	0
650	151	3	0
653	151	3	0
654	151	4	0
657	151	4	0
658	151	5	0
660	151	5	0
663	151	3	0
664	151	4	0
665	151	3	0
666	151	2	0
669	151	5	0
674	151	2	0
677	151	4	0
680	151	5	0
682	151	5	0
684	151	3	0
689	151	3	0
699	151	3	0
705	151	3	0
707	151	4	0
708	151	4	0
711	151	4	0
714	151	3	0
716	151	5	0
722	151	5	0
730	151	4	0
733	151	4	0
738	151	4	0
741	151	3	0
745	151	2	0
749	151	5	0
756	151	4	0
757	151	4	0
758	151	5	0
761	151	2	0
763	151	4	0
764	151	4	0
765	151	4	0
768	151	2	0
770	151	5	0
788	151	1	0
789	151	2	0
790	151	4	0
792	151	3	0
793	151	5	0
795	151	3	0
796	151	5	0
798	151	3	0
804	151	3	0
805	151	5	0
807	151	4	0
815	151	4	0
821	151	4	0
823	151	4	0
829	151	4	0
830	151	3	0
833	151	4	0
834	151	4	0
837	151	5	0
843	151	2	0
844	151	4	0
847	151	4	0
848	151	4	0
852	151	4	0
854	151	4	0
859	151	2	0
862	151	5	0
864	151	5	0
868	151	5	0
869	151	5	0
872	151	2	0
878	151	1	0
879	151	3	0
880	151	4	0
881	151	2	0
882	151	5	0
883	151	5	0
885	151	4	0
887	151	5	0
889	151	3	0
890	151	5	0
892	151	4	0
893	151	4	0
895	151	5	0
897	151	5	0
899	151	2	0
901	151	3	0
907	151	4	0
908	151	3	0
911	151	5	0
913	151	4	0
916	151	3	0
918	151	2	0
919	151	4	0
921	151	3	0
922	151	5	0
923	151	4	0
930	151	2	0
932	151	3	0
933	151	4	0
934	151	3	0
938	151	4	0
940	151	3	0
943	151	4	0
1	222	4	0
5	222	4	0
8	222	5	0
11	222	3	0
13	222	3	0
14	222	4	0
15	222	3	0
17	222	3	0
21	222	2	0
22	222	4	0
23	222	4	0
25	222	4	0
26	222	3	0
28	222	5	0
32	222	3	0
37	222	3	0
42	222	4	0
43	222	4	0
44	222	4	0
56	222	5	0
57	222	5	0
58	222	4	0
60	222	4	0
62	222	5	0
63	222	3	0
64	222	4	0
69	222	3	0
70	222	4	0
71	222	3	0
72	222	1	0
75	222	5	0
77	222	4	0
79	222	4	0
81	222	2	0
82	222	3	0
84	222	4	0
85	222	2	0
87	222	4	0
89	222	5	0
92	222	4	0
93	222	4	0
94	222	3	0
97	222	5	0
101	222	3	0
102	222	3	0
103	222	3	0
104	222	3	0
108	222	2	0
109	222	4	0
113	222	3	0
117	222	5	0
119	222	5	0
125	222	5	0
127	222	5	0
128	222	3	0
130	222	4	0
137	222	5	0
138	222	4	0
139	222	3	0
141	222	4	0
145	222	5	0
148	222	4	0
151	222	5	0
154	222	2	0
158	222	3	0
162	222	4	0
164	222	4	0
165	222	5	0
167	222	4	0
168	222	5	0
176	222	5	0
178	222	4	0
180	222	5	0
181	222	4	0
182	222	3	0
183	222	4	0
190	222	4	0
194	222	1	0
198	222	3	0
200	222	5	0
201	222	3	0
203	222	4	0
210	222	4	0
213	222	3	0
215	222	4	0
217	222	5	0
221	222	3	0
222	222	4	0
224	222	4	0
234	222	3	0
236	222	4	0
244	222	2	0
245	222	4	0
247	222	3	0
249	222	4	0
250	222	4	0
251	222	4	0
253	222	4	0
254	222	4	0
255	222	3	0
256	222	4	0
263	222	4	0
264	222	5	0
267	222	4	0
268	222	4	0
270	222	5	0
275	222	4	0
276	222	4	0
279	222	1	0
280	222	3	0
285	222	4	0
287	222	5	0
289	222	2	0
290	222	4	0
292	222	3	0
293	222	3	0
294	222	4	0
295	222	4	0
296	222	5	0
297	222	4	0
299	222	2	0
301	222	4	0
303	222	3	0
305	222	2	0
307	222	4	0
310	222	3	0
311	222	4	0
312	222	3	0
313	222	3	0
323	222	3	0
327	222	2	0
328	222	3	0
332	222	4	0
334	222	4	0
337	222	5	0
339	222	4	0
343	222	4	0
344	222	4	0
347	222	4	0
354	222	3	0
357	222	5	0
360	222	2	0
361	222	2	0
363	222	5	0
365	222	4	0
370	222	3	0
374	222	4	0
378	222	3	0
380	222	3	0
386	222	4	0
387	222	4	0
391	222	2	0
393	222	4	0
394	222	4	0
396	222	5	0
399	222	3	0
402	222	4	0
403	222	5	0
406	222	3	0
407	222	4	0
411	222	3	0
413	222	4	0
417	222	3	0
422	222	4	0
425	222	5	0
429	222	4	0
430	222	4	0
432	222	4	0
435	222	3	0
442	222	3	0
447	222	3	0
450	222	3	0
454	222	3	0
455	222	3	0
456	222	2	0
457	222	5	0
459	222	4	0
467	222	3	0
468	222	4	0
470	222	3	0
472	222	5	0
474	222	4	0
478	222	2	0
479	222	4	0
483	222	3	0
484	222	5	0
486	222	3	0
487	222	4	0
488	222	4	0
490	222	3	0
493	222	3	0
494	222	5	0
495	222	5	0
496	222	3	0
497	222	3	0
498	222	3	0
501	222	4	0
506	222	4	0
507	222	5	0
508	222	3	0
513	222	5	0
514	222	4	0
517	222	4	0
518	222	5	0
521	222	4	0
524	222	2	0
533	222	5	0
536	222	4	0
537	222	2	0
540	222	4	0
541	222	4	0
545	222	4	0
546	222	4	0
548	222	5	0
550	222	4	0
551	222	5	0
552	222	4	0
554	222	4	0
560	222	4	0
561	222	3	0
569	222	3	0
572	222	2	0
578	222	4	0
580	222	3	0
581	222	3	0
582	222	4	0
584	222	4	0
586	222	3	0
588	222	3	0
592	222	1	0
594	222	4	0
595	222	3	0
596	222	3	0
601	222	4	0
603	222	4	0
606	222	3	0
607	222	3	0
621	222	4	0
622	222	5	0
623	222	4	0
625	222	4	0
630	222	4	0
634	222	3	0
636	222	5	0
638	222	4	0
647	222	4	0
648	222	5	0
650	222	4	0
653	222	3	0
654	222	5	0
655	222	2	0
660	222	2	0
661	222	3	0
664	222	3	0
665	222	3	0
666	222	3	0
669	222	3	0
670	222	4	0
671	222	1	0
674	222	3	0
676	222	4	0
677	222	4	0
678	222	3	0
679	222	4	0
682	222	4	0
689	222	5	0
693	222	2	0
697	222	4	0
698	222	4	0
699	222	3	0
700	222	3	0
702	222	5	0
703	222	4	0
704	222	3	0
705	222	5	0
708	222	5	0
711	222	3	0
715	222	3	0
716	222	4	0
717	222	4	0
718	222	4	0
721	222	5	0
727	222	3	0
734	222	1	0
737	222	3	0
738	222	4	0
742	222	2	0
743	222	4	0
745	222	2	0
746	222	3	0
747	222	2	0
748	222	4	0
749	222	3	0
756	222	2	0
757	222	4	0
758	222	4	0
759	222	5	0
761	222	4	0
763	222	5	0
764	222	4	0
765	222	2	0
767	222	5	0
768	222	4	0
769	222	4	0
770	222	4	0
771	222	2	0
774	222	3	0
779	222	4	0
786	222	4	0
788	222	3	0
790	222	3	0
793	222	3	0
795	222	3	0
796	222	5	0
798	222	3	0
800	222	4	0
804	222	5	0
805	222	4	0
806	222	4	0
807	222	4	0
815	222	4	0
817	222	4	0
823	222	3	0
825	222	5	0
829	222	4	0
830	222	3	0
837	222	3	0
838	222	4	0
843	222	3	0
844	222	3	0
847	222	5	0
854	222	4	0
862	222	5	0
864	222	4	0
865	222	2	0
867	222	4	0
868	222	3	0
877	222	2	0
879	222	4	0
880	222	4	0
881	222	5	0
882	222	5	0
883	222	3	0
886	222	4	0
887	222	3	0
892	222	4	0
895	222	3	0
896	222	4	0
897	222	4	0
899	222	4	0
901	222	4	0
910	222	4	0
913	222	3	0
916	222	3	0
919	222	3	0
921	222	5	0
922	222	4	0
923	222	4	0
927	222	5	0
932	222	4	0
933	222	1	0
937	222	3	0
938	222	5	0
939	222	5	0
941	222	2	0
1	235	5	0
5	235	4	0
13	235	2	0
15	235	1	0
23	235	1	0
26	235	2	0
32	235	3	0
43	235	3	0
49	235	2	0
52	235	2	0
56	235	1	0
59	235	1	0
62	235	4	0
64	235	4	0
67	235	3	0
69	235	3	0
75	235	4	0
82	235	1	0
83	235	1	0
87	235	3	0
89	235	5	0
92	235	3	0
93	235	4	0
94	235	4	0
102	235	3	0
104	235	2	0
119	235	5	0
121	235	1	0
125	235	2	0
130	235	4	0
137	235	5	0
141	235	1	0
144	235	1	0
145	235	4	0
150	235	4	0
157	235	5	0
158	235	1	0
167	235	3	0
168	235	2	0
178	235	1	0
180	235	4	0
181	235	1	0
184	235	2	0
192	235	3	0
194	235	2	0
195	235	3	0
200	235	2	0
210	235	3	0
213	235	1	0
244	235	1	0
246	235	3	0
248	235	3	0
249	235	4	0
250	235	2	0
256	235	3	0
259	235	2	0
262	235	2	0
264	235	5	0
267	235	3	0
268	235	3	0
269	235	3	0
271	235	3	0
276	235	4	0
279	235	3	0
280	235	5	0
286	235	4	0
287	235	4	0
290	235	3	0
291	235	2	0
292	235	3	0
293	235	3	0
294	235	3	0
295	235	4	0
297	235	2	0
299	235	1	0
301	235	2	0
303	235	4	0
306	235	4	0
308	235	3	0
313	235	3	0
320	235	3	0
325	235	1	0
328	235	3	0
330	235	5	0
332	235	3	0
334	235	3	0
337	235	3	0
339	235	3	0
343	235	4	0
344	235	3	0
345	235	3	0
347	235	2	0
357	235	4	0
363	235	5	0
365	235	2	0
374	235	3	0
378	235	4	0
382	235	5	0
385	235	5	0
398	235	2	0
399	235	4	0
401	235	1	0
402	235	3	0
403	235	5	0
406	235	4	0
407	235	4	0
416	235	2	0
417	235	2	0
422	235	2	0
429	235	3	0
430	235	2	0
435	235	4	0
445	235	1	0
447	235	2	0
450	235	3	0
457	235	3	0
459	235	1	0
463	235	2	0
470	235	3	0
472	235	5	0
478	235	2	0
479	235	3	0
484	235	2	0
486	235	2	0
493	235	2	0
495	235	5	0
500	235	5	0
518	235	4	0
521	235	3	0
524	235	1	0
532	235	3	0
534	235	4	0
537	235	1	0
541	235	1	0
542	235	3	0
548	235	3	0
551	235	1	0
555	235	3	0
560	235	2	0
561	235	3	0
566	235	3	0
582	235	3	0
586	235	3	0
591	235	3	0
592	235	3	0
595	235	3	0
597	235	4	0
606	235	3	0
614	235	5	0
621	235	3	0
624	235	4	0
625	235	3	0
634	235	3	0
636	235	4	0
637	235	1	0
642	235	2	0
643	235	4	0
648	235	4	0
650	235	3	0
658	235	2	0
660	235	3	0
663	235	2	0
669	235	2	0
675	235	1	0
682	235	1	0
697	235	4	0
699	235	3	0
703	235	1	0
715	235	2	0
716	235	2	0
717	235	4	0
727	235	3	0
738	235	2	0
747	235	5	0
756	235	3	0
757	235	3	0
758	235	5	0
761	235	3	0
768	235	2	0
769	235	3	0
773	235	4	0
774	235	1	0
779	235	4	0
788	235	3	0
790	235	1	0
793	235	3	0
795	235	3	0
804	235	5	0
805	235	2	0
807	235	1	0
822	235	3	0
825	235	3	0
833	235	4	0
838	235	2	0
839	235	4	0
847	235	1	0
852	235	4	0
854	235	2	0
864	235	5	0
870	235	3	0
880	235	3	0
882	235	3	0
886	235	3	0
887	235	3	0
889	235	3	0
893	235	3	0
896	235	1	0
897	235	3	0
901	235	3	0
907	235	4	0
913	235	1	0
916	235	3	0
922	235	2	0
930	235	2	0
932	235	2	0
936	235	3	0
938	235	1	0
1	240	3	0
14	240	5	0
16	240	4	0
21	240	4	0
26	240	3	0
32	240	2	0
44	240	4	0
49	240	3	0
54	240	4	0
57	240	2	0
58	240	4	0
59	240	2	0
64	240	1	0
67	240	5	0
69	240	3	0
75	240	1	0
82	240	1	0
83	240	1	0
89	240	4	0
92	240	2	0
99	240	4	0
115	240	5	0
117	240	3	0
130	240	4	0
145	240	5	0
160	240	4	0
167	240	1	0
174	240	1	0
176	240	4	0
181	240	1	0
188	240	1	0
201	240	3	0
221	240	4	0
222	240	2	0
227	240	1	0
230	240	1	0
244	240	3	0
245	240	1	0
246	240	3	0
249	240	4	0
250	240	4	0
254	240	1	0
264	240	4	0
265	240	3	0
267	240	4	0
268	240	2	0
276	240	4	0
279	240	4	0
286	240	3	0
287	240	2	0
291	240	4	0
293	240	2	0
294	240	3	0
296	240	1	0
299	240	2	0
301	240	4	0
303	240	3	0
320	240	3	0
325	240	1	0
332	240	4	0
339	240	4	0
342	240	3	0
346	240	1	0
347	240	5	0
348	240	3	0
374	240	1	0
385	240	4	0
389	240	3	0
393	240	2	0
395	240	1	0
403	240	1	0
406	240	4	0
416	240	1	0
435	240	3	0
439	240	3	0
442	240	2	0
457	240	3	0
467	240	3	0
472	240	4	0
495	240	4	0
497	240	4	0
504	240	1	0
518	240	1	0
520	240	1	0
521	240	3	0
532	240	3	0
533	240	1	0
534	240	5	0
538	240	2	0
540	240	3	0
542	240	3	0
551	240	3	0
552	240	2	0
560	240	3	0
561	240	1	0
566	240	3	0
577	240	3	0
582	240	4	0
586	240	3	0
595	240	3	0
620	240	5	0
621	240	4	0
622	240	3	0
624	240	2	0
630	240	3	0
634	240	3	0
642	240	3	0
643	240	5	0
648	240	2	0
655	240	3	0
663	240	3	0
665	240	5	0
677	240	5	0
682	240	4	0
690	240	1	0
711	240	1	0
717	240	2	0
718	240	1	0
719	240	1	0
727	240	3	0
738	240	3	0
749	240	1	0
758	240	3	0
770	240	2	0
773	240	2	0
774	240	1	0
786	240	1	0
790	240	3	0
793	240	4	0
795	240	2	0
804	240	4	0
805	240	3	0
806	240	2	0
815	240	2	0
823	240	3	0
833	240	4	0
847	240	1	0
851	240	4	0
865	240	2	0
868	240	5	0
869	240	4	0
880	240	4	0
881	240	1	0
886	240	3	0
887	240	5	0
889	240	3	0
893	240	4	0
897	240	4	0
903	240	4	0
906	240	3	0
911	240	1	0
919	240	3	0
921	240	1	0
927	240	3	0
930	240	1	0
938	240	2	0
1	250	4	0
5	250	3	0
22	250	5	0
23	250	4	0
26	250	3	0
32	250	4	0
43	250	2	0
44	250	5	0
52	250	3	0
53	250	2	0
54	250	4	0
57	250	3	0
62	250	5	0
63	250	5	0
77	250	3	0
85	250	3	0
92	250	4	0
94	250	4	0
95	250	4	0
103	250	4	0
104	250	3	0
109	250	2	0
116	250	4	0
119	250	2	0
121	250	2	0
130	250	3	0
137	250	5	0
141	250	4	0
145	250	5	0
157	250	1	0
158	250	4	0
159	250	3	0
160	250	4	0
176	250	4	0
178	250	4	0
183	250	2	0
184	250	4	0
186	250	1	0
203	250	4	0
214	250	2	0
221	250	5	0
222	250	2	0
226	250	4	0
227	250	2	0
232	250	4	0
246	250	4	0
248	250	3	0
249	250	4	0
251	250	3	0
263	250	2	0
267	250	5	0
268	250	4	0
270	250	2	0
276	250	4	0
279	250	3	0
286	250	4	0
287	250	3	0
291	250	4	0
292	250	3	0
293	250	3	0
294	250	5	0
296	250	2	0
297	250	1	0
301	250	4	0
303	250	4	0
320	250	4	0
324	250	4	0
327	250	2	0
329	250	3	0
334	250	3	0
337	250	3	0
339	250	5	0
343	250	5	0
346	250	3	0
359	250	4	0
363	250	1	0
367	250	5	0
385	250	3	0
387	250	4	0
392	250	3	0
393	250	4	0
394	250	4	0
407	250	4	0
413	250	3	0
416	250	4	0
417	250	4	0
422	250	5	0
425	250	4	0
429	250	2	0
432	250	1	0
435	250	4	0
454	250	4	0
455	250	3	0
458	250	1	0
459	250	5	0
460	250	2	0
463	250	4	0
472	250	5	0
479	250	4	0
483	250	3	0
484	250	4	0
486	250	1	0
493	250	4	0
497	250	3	0
500	250	4	0
506	250	2	0
507	250	5	0
513	250	3	0
516	250	4	0
521	250	3	0
525	250	3	0
526	250	2	0
528	250	3	0
532	250	3	0
540	250	4	0
546	250	4	0
548	250	5	0
552	250	3	0
560	250	4	0
578	250	2	0
580	250	5	0
582	250	3	0
586	250	3	0
592	250	4	0
597	250	4	0
601	250	4	0
603	250	5	0
606	250	4	0
621	250	4	0
622	250	4	0
624	250	4	0
625	250	4	0
630	250	1	0
642	250	5	0
644	250	4	0
647	250	3	0
648	250	4	0
649	250	3	0
654	250	1	0
655	250	3	0
660	250	4	0
671	250	5	0
676	250	4	0
682	250	4	0
689	250	5	0
697	250	4	0
699	250	4	0
709	250	4	0
711	250	2	0
714	250	5	0
715	250	2	0
717	250	1	0
727	250	5	0
733	250	1	0
738	250	4	0
742	250	3	0
748	250	5	0
749	250	3	0
751	250	3	0
757	250	4	0
758	250	4	0
770	250	5	0
774	250	3	0
782	250	4	0
790	250	5	0
793	250	4	0
796	250	5	0
804	250	4	0
807	250	4	0
815	250	1	0
825	250	5	0
829	250	3	0
831	250	5	0
833	250	3	0
837	250	2	0
843	250	4	0
851	250	5	0
852	250	4	0
854	250	4	0
862	250	5	0
864	250	3	0
867	250	4	0
880	250	3	0
883	250	3	0
889	250	4	0
894	250	4	0
896	250	3	0
899	250	2	0
901	250	3	0
902	250	4	0
910	250	1	0
916	250	4	0
919	250	3	0
922	250	2	0
931	250	2	0
936	250	5	0
938	250	3	0
1	257	4	0
2	257	4	0
5	257	5	0
6	257	2	0
15	257	4	0
23	257	3	0
25	257	4	0
26	257	3	0
30	257	4	0
32	257	4	0
38	257	1	0
43	257	4	0
44	257	4	0
45	257	5	0
52	257	3	0
53	257	4	0
54	257	4	0
55	257	3	0
57	257	5	0
58	257	5	0
62	257	2	0
63	257	3	0
66	257	3	0
70	257	4	0
71	257	5	0
78	257	4	0
79	257	3	0
89	257	5	0
92	257	2	0
94	257	4	0
95	257	5	0
101	257	4	0
103	257	3	0
104	257	4	0
109	257	5	0
113	257	5	0
116	257	3	0
117	257	5	0
119	257	4	0
120	257	2	0
121	257	5	0
130	257	4	0
136	257	3	0
137	257	5	0
141	257	3	0
144	257	4	0
145	257	5	0
161	257	3	0
168	257	5	0
176	257	1	0
178	257	5	0
182	257	3	0
183	257	2	0
186	257	4	0
192	257	4	0
196	257	2	0
203	257	3	0
210	257	5	0
211	257	5	0
213	257	4	0
214	257	3	0
216	257	3	0
221	257	4	0
222	257	4	0
223	257	4	0
233	257	4	0
238	257	4	0
246	257	4	0
247	257	4	0
248	257	3	0
249	257	3	0
251	257	3	0
254	257	3	0
265	257	4	0
268	257	4	0
270	257	4	0
271	257	4	0
275	257	3	0
276	257	4	0
277	257	3	0
279	257	5	0
286	257	3	0
287	257	4	0
290	257	4	0
293	257	2	0
294	257	3	0
296	257	5	0
297	257	3	0
298	257	4	0
299	257	2	0
300	257	4	0
303	257	4	0
305	257	2	0
306	257	4	0
307	257	5	0
308	257	4	0
310	257	5	0
314	257	5	0
318	257	5	0
320	257	4	0
323	257	2	0
327	257	2	0
330	257	5	0
332	257	4	0
334	257	4	0
336	257	4	0
337	257	3	0
339	257	4	0
342	257	2	0
343	257	3	0
347	257	4	0
354	257	3	0
360	257	4	0
363	257	2	0
370	257	5	0
374	257	3	0
378	257	4	0
379	257	4	0
385	257	3	0
389	257	3	0
392	257	5	0
393	257	4	0
394	257	4	0
395	257	5	0
401	257	2	0
402	257	4	0
403	257	2	0
407	257	4	0
413	257	4	0
416	257	3	0
417	257	3	0
419	257	4	0
422	257	4	0
425	257	3	0
429	257	4	0
432	257	5	0
435	257	4	0
438	257	4	0
439	257	4	0
445	257	2	0
447	257	3	0
453	257	3	0
454	257	4	0
455	257	4	0
457	257	3	0
459	257	5	0
460	257	2	0
463	257	4	0
464	257	4	0
465	257	4	0
467	257	4	0
468	257	4	0
470	257	4	0
472	257	4	0
473	257	4	0
474	257	3	0
479	257	4	0
480	257	4	0
482	257	4	0
483	257	2	0
484	257	5	0
486	257	3	0
487	257	4	0
490	257	3	0
493	257	5	0
497	257	4	0
499	257	5	0
500	257	3	0
501	257	4	0
504	257	5	0
507	257	5	0
513	257	4	0
514	257	4	0
521	257	3	0
523	257	5	0
525	257	4	0
533	257	4	0
540	257	4	0
541	257	5	0
545	257	5	0
548	257	5	0
550	257	4	0
552	257	3	0
557	257	2	0
559	257	3	0
560	257	3	0
563	257	5	0
564	257	4	0
567	257	3	0
569	257	4	0
576	257	4	0
580	257	5	0
582	257	3	0
586	257	3	0
592	257	4	0
601	257	2	0
602	257	4	0
606	257	5	0
619	257	3	0
621	257	5	0
622	257	3	0
624	257	3	0
625	257	4	0
630	257	3	0
637	257	2	0
642	257	5	0
644	257	5	0
647	257	2	0
649	257	5	0
650	257	3	0
652	257	2	0
653	257	3	0
654	257	4	0
655	257	3	0
658	257	4	0
659	257	2	0
660	257	4	0
665	257	3	0
666	257	3	0
668	257	3	0
669	257	3	0
671	257	5	0
674	257	4	0
676	257	5	0
680	257	4	0
682	257	2	0
689	257	5	0
692	257	4	0
697	257	5	0
698	257	3	0
701	257	4	0
703	257	5	0
705	257	4	0
711	257	3	0
714	257	3	0
715	257	4	0
716	257	5	0
718	257	4	0
726	257	3	0
727	257	2	0
730	257	5	0
736	257	3	0
738	257	3	0
749	257	3	0
751	257	4	0
757	257	4	0
758	257	5	0
759	257	4	0
768	257	4	0
770	257	4	0
779	257	4	0
782	257	3	0
793	257	4	0
794	257	4	0
795	257	3	0
796	257	5	0
797	257	5	0
798	257	4	0
800	257	4	0
804	257	5	0
806	257	4	0
807	257	4	0
815	257	3	0
825	257	4	0
829	257	4	0
835	257	3	0
838	257	5	0
839	257	3	0
840	257	3	0
844	257	4	0
847	257	3	0
852	257	4	0
854	257	3	0
859	257	2	0
860	257	3	0
862	257	5	0
864	257	4	0
867	257	4	0
880	257	5	0
881	257	5	0
883	257	5	0
887	257	5	0
889	257	4	0
894	257	3	0
896	257	4	0
899	257	4	0
901	257	4	0
902	257	3	0
910	257	3	0
916	257	3	0
919	257	4	0
921	257	3	0
922	257	4	0
923	257	5	0
927	257	5	0
930	257	4	0
931	257	4	0
934	257	4	0
935	257	2	0
936	257	3	0
938	257	5	0
939	257	5	0
941	257	4	0
5	455	4	0
7	455	4	0
11	455	3	0
13	455	3	0
14	455	4	0
15	455	1	0
22	455	5	0
25	455	4	0
26	455	3	0
32	455	2	0
49	455	1	0
62	455	3	0
77	455	3	0
82	455	4	0
92	455	2	0
94	455	3	0
119	455	4	0
125	455	5	0
130	455	4	0
144	455	3	0
158	455	4	0
160	455	4	0
178	455	3	0
181	455	1	0
188	455	4	0
198	455	3	0
200	455	3	0
201	455	3	0
211	455	3	0
213	455	4	0
222	455	3	0
244	455	2	0
249	455	4	0
255	455	2	0
267	455	3	0
268	455	3	0
276	455	4	0
279	455	5	0
283	455	4	0
285	455	4	0
286	455	1	0
289	455	4	0
291	455	5	0
293	455	2	0
294	455	3	0
296	455	1	0
297	455	4	0
301	455	5	0
303	455	3	0
308	455	4	0
327	455	2	0
346	455	3	0
347	455	2	0
349	455	2	0
357	455	5	0
359	455	4	0
363	455	5	0
385	455	4	0
386	455	3	0
387	455	4	0
394	455	4	0
396	455	2	0
399	455	4	0
402	455	3	0
407	455	3	0
425	455	2	0
429	455	3	0
435	455	3	0
450	455	4	0
452	455	1	0
455	455	3	0
457	455	4	0
459	455	2	0
463	455	3	0
466	455	3	0
467	455	3	0
472	455	4	0
479	455	4	0
487	455	2	0
490	455	4	0
493	455	5	0
497	455	4	0
506	455	3	0
534	455	5	0
537	455	1	0
540	455	4	0
551	455	1	0
552	455	3	0
561	455	3	0
569	455	3	0
580	455	4	0
582	455	1	0
592	455	4	0
601	455	4	0
606	455	2	0
621	455	4	0
624	455	3	0
638	455	3	0
648	455	3	0
653	455	3	0
654	455	3	0
657	455	1	0
663	455	2	0
671	455	4	0
677	455	5	0
682	455	4	0
697	455	4	0
699	455	3	0
715	455	3	0
717	455	2	0
721	455	5	0
727	455	3	0
738	455	4	0
746	455	4	0
757	455	3	0
758	455	4	0
761	455	2	0
773	455	4	0
786	455	1	0
794	455	4	0
804	455	5	0
805	455	4	0
806	455	3	0
817	455	3	0
825	455	4	0
833	455	3	0
838	455	4	0
839	455	4	0
847	455	2	0
851	455	3	0
854	455	2	0
865	455	4	0
868	455	5	0
882	455	3	0
883	455	4	0
887	455	5	0
889	455	4	0
896	455	2	0
897	455	3	0
899	455	3	0
922	455	4	0
923	455	4	0
930	455	1	0
936	455	3	0
941	455	4	0
