1	15	5	0
6	15	3	0
11	15	5	0
12	15	5	0
14	15	4	0
15	15	4	0
16	15	5	0
18	15	4	0
20	15	4	0
21	15	4	0
26	15	4	0
42	15	4	0
43	15	5	0
44	15	4	0
45	15	4	0
50	15	2	0
52	15	5	0
53	15	5	0
57	15	4	0
59	15	5	0
60	15	4	0
62	15	2	0
63	15	3	0
65	15	5	0
66	15	3	0
70	15	3	0
72	15	5	0
74	15	4	0
77	15	2	0
82	15	3	0
83	15	4	0
84	15	4	0
89	15	5	0
92	15	3	0
93	15	5	0
95	15	4	0
104	15	5	0
106	15	3	0
109	15	4	0
117	15	5	0
120	15	4	0
128	15	4	0
134	15	5	0
136	15	4	0
137	15	4	0
138	15	4	0
141	15	5	0
144	15	4	0
145	15	2	0
151	15	4	0
152	15	5	0
159	15	5	0
160	15	2	0
161	15	2	0
165	15	5	0
168	15	5	0
174	15	5	0
178	15	5	0
181	15	3	0
182	15	4	0
184	15	3	0
185	15	3	0
189	15	2	0
190	15	4	0
194	15	4	0
198	15	3	0
200	15	4	0
201	15	3	0
207	15	4	0
210	15	4	0
215	15	3	0
216	15	3	0
222	15	3	0
224	15	4	0
227	15	4	0
231	15	4	0
234	15	3	0
236	15	5	0
243	15	3	0
251	15	4	0
253	15	4	0
254	15	3	0
256	15	5	0
259	15	3	0
262	15	3	0
265	15	3	0
269	15	2	0
271	15	3	0
274	15	5	0
277	15	4	0
288	15	4	0
289	15	3	0
290	15	4	0
291	15	5	0
293	15	3	0
296	15	3	0
301	15	4	0
303	15	3	0
305	15	1	0
308	15	3	0
311	15	5	0
313	15	2	0
314	15	5	0
318	15	5	0
323	15	3	0
330	15	5	0
336	15	4	0
337	15	5	0
340	15	5	0
342	15	3	0
345	15	4	0
347	15	2	0
348	15	4	0
349	15	4	0
360	15	3	0
365	15	3	0
373	15	4	0
374	15	3	0
378	15	4	0
381	15	2	0
389	15	2	0
391	15	4	0
393	15	3	0
395	15	3	0
398	15	5	0
399	15	5	0
402	15	5	0
406	15	4	0
413	15	4	0
416	15	4	0
417	15	5	0
422	15	3	0
423	15	4	0
424	15	4	0
429	15	5	0
432	15	4	0
434	15	3	0
435	15	3	0
437	15	4	0
438	15	4	0
441	15	3	0
447	15	1	0
449	15	4	0
450	15	3	0
452	15	4	0
454	15	2	0
455	15	2	0
457	15	4	0
459	15	4	0
463	15	4	0
468	15	4	0
474	15	5	0
477	15	4	0
478	15	5	0
479	15	3	0
484	15	5	0
486	15	3	0
488	15	4	0
490	15	1	0
494	15	5	0
500	15	2	0
514	15	4	0
525	15	4	0
533	15	4	0
534	15	4	0
537	15	3	0
540	15	3	0
541	15	3	0
542	15	2	0
543	15	3	0
548	15	2	0
550	15	5	0
551	15	5	0
552	15	3	0
554	15	4	0
558	15	3	0
561	15	3	0
566	15	3	0
569	15	4	0
576	15	4	0
577	15	3	0
580	15	3	0
582	15	3	0
588	15	5	0
590	15	3	0
592	15	5	0
593	15	4	0
594	15	4	0
595	15	4	0
597	15	5	0
601	15	1	0
605	15	5	0
606	15	5	0
609	15	5	0
612	15	4	0
618	15	3	0
620	15	5	0
622	15	4	0
623	15	4	0
624	15	4	0
629	15	5	0
630	15	3	0
634	15	4	0
635	15	3	0
636	15	5	0
637	15	4	0
642	15	5	0
647	15	4	0
648	15	1	0
649	15	4	0
650	15	3	0
653	15	3	0
654	15	3	0
655	15	3	0
663	15	4	0
665	15	4	0
670	15	4	0
672	15	3	0
674	15	4	0
678	15	3	0
680	15	3	0
682	15	4	0
684	15	5	0
689	15	5	0
694	15	4	0
699	15	1	0
703	15	5	0
705	15	3	0
707	15	4	0
708	15	3	0
714	15	3	0
718	15	5	0
721	15	4	0
725	15	4	0
728	15	4	0
730	15	4	0
731	15	4	0
734	15	4	0
741	15	4	0
742	15	4	0
743	15	3	0
747	15	4	0
749	15	5	0
754	15	5	0
761	15	5	0
764	15	4	0
765	15	2	0
768	15	2	0
769	15	3	0
770	15	5	0
771	15	5	0
777	15	4	0
779	15	4	0
786	15	3	0
790	15	5	0
792	15	4	0
796	15	4	0
798	15	4	0
800	15	4	0
817	15	3	0
821	15	5	0
830	15	4	0
834	15	4	0
835	15	5	0
837	15	3	0
849	15	5	0
850	15	5	0
854	15	3	0
859	15	4	0
864	15	4	0
869	15	1	0
878	15	4	0
879	15	4	0
881	15	3	0
882	15	5	0
886	15	3	0
891	15	4	0
892	15	4	0
894	15	3	0
896	15	3	0
901	15	5	0
906	15	3	0
907	15	5	0
912	15	4	0
913	15	3	0
919	15	5	0
921	15	4	0
922	15	4	0
927	15	5	0
935	15	5	0
938	15	2	0
939	15	5	0
941	15	4	0
1	25	4	0
2	25	4	0
5	25	3	0
7	25	3	0
11	25	3	0
13	25	1	0
14	25	2	0
15	25	3	0
18	25	3	0
24	25	4	0
25	25	5	0
26	25	3	0
42	25	3	0
43	25	5	0
44	25	2	0
45	25	4	0
49	25	2	0
52	25	5	0
53	25	4	0
54	25	4	0
56	25	4	0
58	25	4	0
59	25	4	0
63	25	4	0
65	25	4	0
67	25	4	0
68	25	4	0
72	25	5	0
75	25	5	0
77	25	2	0
78	25	3	0
81	25	5	0
82	25	2	0
83	25	2	0
84	25	3	0
85	25	2	0
87	25	4	0
89	25	5	0
90	25	5	0
92	25	3	0
94	25	3	0
95	25	3	0
98	25	5	0
99	25	3	0
104	25	3	0
106	25	4	0
109	25	4	0
117	25	4	0
119	25	5	0
120	25	5	0
121	25	5	0
125	25	1	0
128	25	3	0
141	25	5	0
145	25	2	0
151	25	4	0
152	25	3	0
157	25	3	0
159	25	5	0
162	25	4	0
168	25	5	0
176	25	3	0
178	25	3	0
181	25	5	0
184	25	4	0
185	25	4	0
192	25	4	0
193	25	4	0
194	25	2	0
196	25	4	0
198	25	2	0
200	25	4	0
201	25	3	0
207	25	4	0
210	25	4	0
213	25	4	0
216	25	3	0
222	25	3	0
223	25	1	0
226	25	4	0
227	25	4	0
230	25	3	0
234	25	3	0
243	25	3	0
246	25	3	0
251	25	4	0
256	25	5	0
264	25	4	0
266	25	3	0
268	25	3	0
270	25	5	0
271	25	3	0
274	25	5	0
276	25	4	0
277	25	4	0
279	25	5	0
286	25	3	0
293	25	3	0
295	25	5	0
297	25	4	0
299	25	3	0
301	25	3	0
303	25	4	0
306	25	3	0
308	25	4	0
313	25	2	0
314	25	3	0
315	25	5	0
318	25	5	0
327	25	2	0
330	25	5	0
336	25	3	0
337	25	3	0
339	25	4	0
342	25	2	0
343	25	2	0
344	25	4	0
345	25	3	0
347	25	2	0
348	25	4	0
349	25	3	0
354	25	2	0
360	25	4	0
363	25	3	0
365	25	4	0
373	25	4	0
374	25	5	0
378	25	4	0
382	25	2	0
387	25	2	0
389	25	3	0
393	25	2	0
396	25	3	0
398	25	4	0
401	25	4	0
402	25	4	0
406	25	1	0
407	25	3	0
413	25	3	0
416	25	4	0
417	25	2	0
424	25	4	0
429	25	4	0
435	25	5	0
441	25	3	0
447	25	4	0
450	25	3	0
452	25	2	0
453	25	4	0
455	25	3	0
457	25	4	0
458	25	1	0
459	25	2	0
463	25	3	0
468	25	5	0
473	25	4	0
474	25	5	0
477	25	5	0
484	25	3	0
486	25	4	0
487	25	1	0
493	25	4	0
497	25	4	0
500	25	3	0
501	25	3	0
503	25	4	0
504	25	4	0
514	25	4	0
517	25	2	0
518	25	5	0
520	25	4	0
521	25	2	0
523	25	4	0
525	25	5	0
533	25	4	0
534	25	5	0
535	25	4	0
537	25	2	0
540	25	4	0
545	25	2	0
548	25	2	0
551	25	1	0
552	25	3	0
555	25	4	0
560	25	3	0
561	25	2	0
566	25	2	0
569	25	4	0
577	25	4	0
579	25	4	0
580	25	3	0
582	25	3	0
584	25	3	0
588	25	4	0
591	25	4	0
593	25	3	0
606	25	5	0
608	25	4	0
612	25	3	0
614	25	1	0
618	25	2	0
621	25	4	0
624	25	4	0
625	25	2	0
630	25	2	0
632	25	1	0
634	25	4	0
636	25	5	0
637	25	4	0
648	25	2	0
650	25	3	0
654	25	1	0
655	25	3	0
663	25	4	0
666	25	3	0
672	25	5	0
674	25	4	0
678	25	2	0
680	25	4	0
682	25	4	0
690	25	3	0
692	25	4	0
693	25	4	0
697	25	3	0
698	25	2	0
703	25	3	0
706	25	4	0
708	25	3	0
711	25	4	0
716	25	4	0
717	25	5	0
722	25	4	0
726	25	4	0
727	25	3	0
728	25	4	0
735	25	4	0
741	25	3	0
747	25	3	0
749	25	4	0
751	25	5	0
758	25	4	0
760	25	2	0
763	25	4	0
764	25	2	0
765	25	4	0
768	25	4	0
770	25	5	0
790	25	2	0
792	25	2	0
795	25	5	0
800	25	4	0
804	25	4	0
805	25	4	0
822	25	3	0
823	25	3	0
825	25	4	0
832	25	2	0
834	25	3	0
835	25	5	0
837	25	3	0
843	25	2	0
847	25	3	0
848	25	5	0
852	25	3	0
854	25	3	0
859	25	4	0
864	25	4	0
869	25	2	0
879	25	4	0
880	25	4	0
881	25	3	0
882	25	2	0
885	25	4	0
887	25	2	0
891	25	5	0
892	25	4	0
894	25	2	0
896	25	3	0
897	25	2	0
899	25	3	0
903	25	4	0
907	25	5	0
910	25	3	0
913	25	3	0
917	25	4	0
918	25	4	0
919	25	4	0
921	25	3	0
927	25	3	0
933	25	2	0
934	25	4	0
936	25	4	0
938	25	4	0
1	111	5	0
2	111	4	0
6	111	2	0
11	111	4	0
13	111	5	0
14	111	3	0
15	111	4	0
17	111	3	0
18	111	3	0
26	111	3	0
32	111	3	0
42	111	1	0
43	111	4	0
45	111	4	0
49	111	2	0
52	111	4	0
56	111	2	0
57	111	4	0
58	111	4	0
59	111	4	0
62	111	3	0
63	111	3	0
64	111	4	0
65	111	4	0
68	111	3	0
75	111	4	0
81	111	3	0
82	111	4	0
83	111	3	0
84	111	4	0
87	111	4	0
89	111	4	0
92	111	3	0
94	111	4	0
95	111	4	0
99	111	1	0
101	111	2	0
104	111	1	0
109	111	4	0
119	111	5	0
125	111	3	0
128	111	3	0
130	111	5	0
138	111	4	0
145	111	3	0
151	111	4	0
152	111	5	0
157	111	3	0
158	111	4	0
159	111	4	0
174	111	5	0
175	111	4	0
176	111	4	0
178	111	4	0
180	111	5	0
181	111	3	0
182	111	4	0
185	111	4	0
192	111	2	0
193	111	1	0
196	111	4	0
199	111	3	0
207	111	3	0
222	111	3	0
223	111	4	0
234	111	3	0
236	111	4	0
238	111	4	0
242	111	4	0
243	111	4	0
244	111	4	0
246	111	3	0
247	111	5	0
250	111	4	0
251	111	3	0
262	111	4	0
265	111	2	0
269	111	1	0
271	111	4	0
274	111	4	0
277	111	4	0
280	111	4	0
286	111	5	0
287	111	3	0
292	111	4	0
293	111	2	0
294	111	4	0
296	111	3	0
297	111	3	0
299	111	3	0
301	111	1	0
303	111	3	0
304	111	3	0
306	111	4	0
314	111	4	0
327	111	4	0
334	111	3	0
336	111	3	0
342	111	3	0
344	111	4	0
345	111	4	0
348	111	5	0
357	111	5	0
361	111	3	0
374	111	2	0
376	111	4	0
378	111	3	0
385	111	2	0
388	111	3	0
389	111	3	0
393	111	3	0
398	111	3	0
401	111	4	0
402	111	4	0
403	111	4	0
416	111	4	0
417	111	3	0
429	111	2	0
432	111	4	0
434	111	5	0
435	111	3	0
436	111	4	0
437	111	3	0
447	111	3	0
450	111	4	0
452	111	3	0
454	111	1	0
456	111	3	0
457	111	3	0
459	111	3	0
463	111	2	0
468	111	4	0
474	111	4	0
477	111	5	0
478	111	3	0
479	111	4	0
484	111	4	0
486	111	4	0
487	111	3	0
488	111	4	0
497	111	4	0
500	111	4	0
501	111	3	0
514	111	5	0
517	111	3	0
524	111	5	0
525	111	4	0
533	111	4	0
537	111	3	0
540	111	4	0
541	111	1	0
543	111	4	0
551	111	5	0
552	111	3	0
553	111	4	0
554	111	4	0
555	111	4	0
560	111	3	0
569	111	3	0
575	111	1	0
577	111	4	0
579	111	4	0
588	111	1	0
590	111	3	0
593	111	5	0
595	111	4	0
597	111	3	0
599	111	5	0
605	111	3	0
606	111	4	0
608	111	1	0
618	111	3	0
622	111	4	0
624	111	3	0
629	111	5	0
630	111	5	0
634	111	4	0
637	111	3	0
639	111	2	0
643	111	4	0
648	111	5	0
653	111	2	0
654	111	4	0
655	111	2	0
657	111	5	0
663	111	3	0
665	111	4	0
666	111	3	0
669	111	4	0
674	111	5	0
678	111	4	0
679	111	3	0
682	111	3	0
684	111	4	0
689	111	3	0
699	111	3	0
705	111	4	0
707	111	4	0
708	111	4	0
711	111	2	0
714	111	3	0
715	111	3	0
716	111	4	0
717	111	4	0
718	111	4	0
721	111	4	0
722	111	3	0
725	111	3	0
727	111	3	0
734	111	3	0
747	111	4	0
749	111	3	0
751	111	3	0
756	111	4	0
760	111	4	0
762	111	2	0
763	111	2	0
764	111	4	0
768	111	3	0
769	111	5	0
770	111	5	0
771	111	4	0
779	111	4	0
786	111	5	0
789	111	3	0
790	111	3	0
792	111	3	0
796	111	4	0
798	111	1	0
805	111	3	0
806	111	3	0
821	111	4	0
822	111	4	0
823	111	4	0
825	111	3	0
833	111	2	0
837	111	4	0
838	111	4	0
839	111	4	0
851	111	3	0
854	111	3	0
859	111	4	0
862	111	5	0
864	111	3	0
865	111	1	0
870	111	3	0
872	111	4	0
874	111	3	0
877	111	3	0
878	111	4	0
879	111	4	0
880	111	4	0
885	111	4	0
887	111	5	0
888	111	4	0
891	111	3	0
894	111	3	0
899	111	4	0
901	111	3	0
903	111	3	0
904	111	4	0
907	111	5	0
908	111	3	0
914	111	1	0
916	111	4	0
919	111	4	0
921	111	4	0
927	111	4	0
931	111	3	0
936	111	4	0
938	111	5	0
943	111	4	0
1	117	3	0
6	117	2	0
13	117	3	0
17	117	3	0
22	117	4	0
24	117	4	0
26	117	3	0
28	117	4	0
32	117	3	0
37	117	4	0
43	117	4	0
49	117	1	0
52	117	4	0
54	117	5	0
55	117	3	0
56	117	5	0
57	117	4	0
62	117	4	0
66	117	3	0
67	117	5	0
68	117	4	0
69	117	4	0
72	117	4	0
75	117	4	0
83	117	5	0
84	117	4	0
89	117	5	0
90	117	3	0
92	117	4	0
95	117	4	0
99	117	5	0
101	117	4	0
102	117	3	0
103	117	4	0
104	117	2	0
109	117	5	0
115	117	4	0
117	117	5	0
119	117	5	0
120	117	3	0
121	117	1	0
124	117	3	0
125	117	3	0
128	117	5	0
130	117	5	0
136	117	4	0
137	117	5	0
138	117	4	0
141	117	4	0
144	117	4	0
145	117	5	0
152	117	4	0
157	117	5	0
158	117	3	0
159	117	5	0
160	117	4	0
162	117	4	0
164	117	5	0
168	117	5	0
174	117	5	0
176	117	4	0
178	117	4	0
181	117	2	0
184	117	2	0
186	117	5	0
190	117	4	0
193	117	4	0
194	117	3	0
198	117	1	0
199	117	3	0
200	117	5	0
201	117	2	0
203	117	4	0
207	117	3	0
211	117	4	0
213	117	4	0
214	117	4	0
217	117	4	0
221	117	4	0
222	117	5	0
223	117	5	0
227	117	2	0
230	117	5	0
232	117	3	0
233	117	3	0
234	117	2	0
236	117	3	0
244	117	2	0
246	117	3	0
248	117	5	0
249	117	4	0
250	117	3	0
251	117	4	0
253	117	5	0
255	117	2	0
256	117	5	0
259	117	4	0
261	117	4	0
263	117	3	0
265	117	5	0
268	117	4	0
271	117	3	0
274	117	4	0
275	117	3	0
276	117	4	0
277	117	4	0
279	117	5	0
280	117	5	0
286	117	2	0
287	117	5	0
289	117	4	0
290	117	3	0
291	117	5	0
292	117	4	0
293	117	3	0
294	117	4	0
296	117	3	0
297	117	4	0
301	117	5	0
303	117	3	0
305	117	2	0
308	117	3	0
311	117	4	0
313	117	4	0
314	117	4	0
320	117	4	0
323	117	3	0
327	117	3	0
328	117	4	0
329	117	3	0
330	117	5	0
332	117	4	0
334	117	3	0
336	117	3	0
339	117	3	0
343	117	2	0
344	117	3	0
345	117	4	0
346	117	4	0
347	117	5	0
348	117	4	0
357	117	5	0
359	117	4	0
363	117	5	0
371	117	3	0
373	117	4	0
374	117	5	0
378	117	3	0
386	117	5	0
387	117	3	0
388	117	5	0
393	117	4	0
394	117	5	0
396	117	4	0
397	117	3	0
398	117	4	0
399	117	2	0
401	117	3	0
402	117	3	0
403	117	4	0
406	117	4	0
407	117	3	0
411	117	2	0
412	117	4	0
416	117	5	0
417	117	4	0
421	117	5	0
422	117	2	0
425	117	3	0
429	117	4	0
430	117	3	0
432	117	4	0
435	117	3	0
437	117	1	0
441	117	4	0
442	117	3	0
445	117	1	0
447	117	4	0
449	117	3	0
450	117	4	0
453	117	4	0
454	117	3	0
455	117	3	0
457	117	4	0
458	117	4	0
459	117	5	0
460	117	3	0
463	117	3	0
466	117	5	0
467	117	2	0
468	117	2	0
472	117	3	0
474	117	4	0
479	117	3	0
484	117	4	0
486	117	3	0
487	117	5	0
490	117	1	0
493	117	5	0
499	117	3	0
500	117	4	0
501	117	4	0
504	117	4	0
505	117	4	0
507	117	3	0
513	117	5	0
517	117	4	0
518	117	5	0
521	117	4	0
524	117	3	0
532	117	5	0
533	117	5	0
534	117	5	0
536	117	4	0
537	117	2	0
538	117	3	0
540	117	4	0
543	117	3	0
545	117	4	0
548	117	4	0
551	117	5	0
552	117	3	0
554	117	4	0
555	117	4	0
561	117	3	0
564	117	4	0
566	117	4	0
569	117	3	0
577	117	4	0
582	117	3	0
586	117	4	0
588	117	4	0
592	117	5	0
593	117	4	0
602	117	5	0
605	117	2	0
606	117	4	0
610	117	4	0
612	117	4	0
614	117	3	0
618	117	5	0
619	117	5	0
621	117	5	0
622	117	4	0
624	117	3	0
627	117	3	0
629	117	5	0
630	117	5	0
633	117	3	0
634	117	4	0
635	117	2	0
637	117	2	0
638	117	4	0
642	117	4	0
643	117	3	0
644	117	4	0
647	117	3	0
648	117	2	0
649	117	5	0
650	117	4	0
653	117	4	0
654	117	4	0
655	117	2	0
657	117	4	0
658	117	4	0
660	117	3	0
661	117	4	0
663	117	4	0
665	117	4	0
669	117	1	0
671	117	3	0
674	117	5	0
676	117	4	0
677	117	4	0
678	117	4	0
680	117	4	0
682	117	4	0
684	117	4	0
689	117	4	0
693	117	4	0
699	117	4	0
703	117	4	0
705	117	5	0
706	117	4	0
708	117	4	0
709	117	4	0
714	117	5	0
715	117	3	0
716	117	4	0
717	117	4	0
722	117	4	0
726	117	1	0
727	117	3	0
728	117	4	0
730	117	3	0
733	117	2	0
735	117	3	0
738	117	3	0
742	117	2	0
746	117	4	0
747	117	2	0
749	117	4	0
751	117	4	0
754	117	4	0
756	117	4	0
757	117	4	0
758	117	4	0
759	117	5	0
761	117	5	0
764	117	5	0
768	117	4	0
770	117	5	0
774	117	2	0
777	117	5	0
778	117	3	0
779	117	4	0
786	117	4	0
788	117	4	0
790	117	5	0
793	117	4	0
795	117	4	0
796	117	5	0
805	117	3	0
806	117	2	0
807	117	4	0
815	117	3	0
817	117	5	0
821	117	3	0
825	117	5	0
831	117	3	0
834	117	4	0
839	117	5	0
840	117	3	0
844	117	4	0
847	117	2	0
852	117	4	0
854	117	3	0
862	117	5	0
864	117	4	0
865	117	2	0
867	117	3	0
868	117	2	0
872	117	4	0
879	117	4	0
880	117	4	0
881	117	5	0
882	117	4	0
885	117	4	0
886	117	2	0
889	117	4	0
891	117	3	0
892	117	4	0
893	117	4	0
894	117	3	0
895	117	3	0
896	117	2	0
897	117	3	0
899	117	4	0
900	117	2	0
901	117	4	0
904	117	4	0
905	117	3	0
906	117	4	0
907	117	5	0
910	117	4	0
913	117	1	0
916	117	2	0
919	117	4	0
923	117	4	0
924	117	2	0
930	117	3	0
933	117	2	0
935	117	4	0
936	117	4	0
938	117	3	0
941	117	5	0
942	117	4	0
943	117	4	0
1	118	3	0
7	118	2	0
13	118	4	0
15	118	1	0
20	118	4	0
21	118	1	0
22	118	4	0
26	118	3	0
27	118	3	0
32	118	3	0
37	118	2	0
38	118	5	0
42	118	4	0
43	118	4	0
44	118	3	0
45	118	4	0
53	118	4	0
54	118	4	0
55	118	5	0
56	118	4	0
59	118	5	0
62	118	2	0
68	118	2	0
72	118	3	0
75	118	3	0
81	118	2	0
82	118	3	0
83	118	3	0
87	118	4	0
92	118	2	0
93	118	3	0
94	118	3	0
99	118	2	0
101	118	3	0
102	118	3	0
103	118	3	0
109	118	3	0
120	118	2	0
121	118	2	0
128	118	5	0
130	118	4	0
137	118	5	0
141	118	5	0
145	118	3	0
151	118	3	0
157	118	2	0
158	118	5	0
159	118	4	0
160	118	3	0
161	118	2	0
164	118	5	0
168	118	4	0
174	118	2	0
178	118	4	0
181	118	2	0
184	118	2	0
186	118	2	0
188	118	3	0
189	118	1	0
190	118	3	0
192	118	2	0
194	118	3	0
198	118	2	0
200	118	4	0
201	118	1	0
213	118	4	0
217	118	4	0
221	118	1	0
222	118	4	0
223	118	2	0
238	118	3	0
244	118	2	0
246	118	1	0
251	118	3	0
254	118	4	0
255	118	1	0
256	118	5	0
265	118	4	0
270	118	3	0
271	118	3	0
274	118	4	0
275	118	3	0
276	118	3	0
280	118	2	0
290	118	4	0
291	118	2	0
292	118	3	0
294	118	3	0
295	118	3	0
297	118	3	0
298	118	4	0
299	118	2	0
301	118	4	0
303	118	2	0
308	118	3	0
311	118	3	0
313	118	4	0
320	118	1	0
328	118	3	0
330	118	5	0
332	118	5	0
343	118	2	0
344	118	3	0
345	118	3	0
347	118	4	0
348	118	4	0
349	118	2	0
357	118	5	0
359	118	3	0
374	118	5	0
378	118	4	0
380	118	2	0
381	118	1	0
386	118	3	0
389	118	2	0
393	118	4	0
394	118	4	0
395	118	3	0
396	118	4	0
399	118	3	0
402	118	4	0
403	118	5	0
407	118	3	0
416	118	2	0
417	118	4	0
425	118	1	0
429	118	3	0
432	118	4	0
434	118	5	0
435	118	2	0
437	118	2	0
438	118	4	0
445	118	2	0
447	118	4	0
449	118	1	0
450	118	3	0
454	118	4	0
455	118	4	0
457	118	4	0
468	118	3	0
470	118	4	0
472	118	4	0
479	118	3	0
490	118	2	0
493	118	4	0
497	118	4	0
500	118	3	0
501	118	3	0
504	118	3	0
507	118	5	0
513	118	4	0
514	118	2	0
518	118	5	0
524	118	4	0
525	118	3	0
532	118	4	0
533	118	4	0
534	118	4	0
541	118	4	0
543	118	3	0
546	118	5	0
548	118	5	0
549	118	4	0
551	118	5	0
552	118	3	0
554	118	4	0
555	118	4	0
560	118	3	0
562	118	3	0
563	118	4	0
564	118	4	0
569	118	4	0
577	118	3	0
582	118	2	0
586	118	4	0
588	118	3	0
592	118	3	0
593	118	4	0
597	118	3	0
601	118	1	0
602	118	3	0
605	118	3	0
606	118	4	0
612	118	3	0
618	118	3	0
619	118	5	0
620	118	4	0
621	118	3	0
622	118	1	0
630	118	4	0
634	118	4	0
636	118	5	0
637	118	1	0
638	118	3	0
642	118	3	0
643	118	2	0
648	118	4	0
650	118	4	0
653	118	3	0
654	118	2	0
655	118	2	0
657	118	1	0
660	118	2	0
661	118	4	0
664	118	3	0
666	118	3	0
669	118	2	0
671	118	5	0
674	118	3	0
684	118	4	0
689	118	4	0
690	118	4	0
693	118	2	0
694	118	4	0
697	118	3	0
699	118	4	0
703	118	5	0
705	118	4	0
706	118	3	0
708	118	5	0
709	118	5	0
714	118	5	0
715	118	2	0
716	118	2	0
718	118	4	0
719	118	2	0
722	118	4	0
727	118	4	0
738	118	3	0
741	118	1	0
748	118	2	0
749	118	3	0
751	118	2	0
754	118	2	0
756	118	2	0
757	118	3	0
758	118	2	0
759	118	5	0
764	118	3	0
769	118	4	0
770	118	4	0
774	118	1	0
779	118	5	0
788	118	3	0
792	118	2	0
793	118	2	0
794	118	2	0
795	118	2	0
796	118	4	0
798	118	4	0
800	118	3	0
804	118	4	0
805	118	3	0
807	118	4	0
817	118	3	0
821	118	3	0
825	118	4	0
833	118	2	0
839	118	2	0
840	118	3	0
847	118	3	0
848	118	2	0
849	118	5	0
852	118	4	0
854	118	2	0
859	118	3	0
864	118	4	0
865	118	1	0
869	118	1	0
872	118	4	0
879	118	3	0
880	118	3	0
881	118	4	0
882	118	4	0
886	118	1	0
887	118	5	0
890	118	2	0
891	118	4	0
892	118	4	0
893	118	4	0
896	118	2	0
897	118	5	0
901	118	3	0
903	118	4	0
907	118	4	0
910	118	3	0
916	118	2	0
919	118	4	0
927	118	5	0
935	118	4	0
936	118	3	0
938	118	5	0
939	118	5	0
1	121	4	0
5	121	4	0
7	121	5	0
11	121	3	0
13	121	5	0
14	121	3	0
15	121	3	0
20	121	3	0
21	121	1	0
22	121	3	0
25	121	4	0
26	121	3	0
27	121	4	0
37	121	2	0
42	121	4	0
43	121	4	0
44	121	4	0
45	121	4	0
49	121	1	0
52	121	4	0
53	121	4	0
54	121	4	0
55	121	3	0
56	121	5	0
57	121	4	0
58	121	2	0
59	121	4	0
60	121	4	0
62	121	4	0
63	121	1	0
64	121	2	0
65	121	4	0
66	121	3	0
67	121	4	0
68	121	1	0
70	121	3	0
72	121	3	0
74	121	4	0
75	121	4	0
76	121	2	0
77	121	2	0
81	121	4	0
82	121	4	0
83	121	4	0
84	121	4	0
85	121	2	0
87	121	5	0
89	121	5	0
92	121	5	0
93	121	3	0
94	121	2	0
95	121	4	0
99	121	3	0
101	121	4	0
102	121	3	0
103	121	3	0
104	121	2	0
108	121	3	0
109	121	5	0
115	121	3	0
117	121	4	0
119	121	4	0
120	121	4	0
121	121	2	0
128	121	4	0
130	121	5	0
137	121	5	0
138	121	4	0
141	121	4	0
145	121	2	0
150	121	2	0
151	121	5	0
152	121	5	0
158	121	4	0
159	121	3	0
162	121	4	0
164	121	5	0
168	121	4	0
177	121	2	0
178	121	5	0
180	121	5	0
181	121	4	0
182	121	3	0
183	121	3	0
184	121	2	0
186	121	2	0
188	121	4	0
189	121	2	0
190	121	3	0
192	121	2	0
193	121	3	0
194	121	2	0
198	121	3	0
200	121	5	0
201	121	2	0
207	121	3	0
210	121	4	0
213	121	5	0
214	121	4	0
217	121	1	0
221	121	2	0
222	121	3	0
223	121	3	0
227	121	2	0
230	121	4	0
231	121	4	0
233	121	4	0
238	121	4	0
244	121	1	0
246	121	4	0
247	121	4	0
248	121	2	0
249	121	3	0
251	121	4	0
253	121	5	0
254	121	3	0
255	121	2	0
256	121	5	0
257	121	3	0
259	121	3	0
262	121	3	0
267	121	3	0
268	121	2	0
269	121	1	0
270	121	4	0
271	121	2	0
275	121	3	0
276	121	4	0
277	121	2	0
279	121	4	0
286	121	3	0
287	121	4	0
288	121	2	0
289	121	3	0
290	121	4	0
291	121	2	0
293	121	3	0
294	121	5	0
295	121	4	0
296	121	5	0
298	121	4	0
301	121	4	0
303	121	3	0
305	121	3	0
307	121	1	0
308	121	3	0
311	121	4	0
312	121	3	0
313	121	4	0
314	121	4	0
315	121	2	0
318	121	1	0
320	121	5	0
323	121	3	0
327	121	2	0
328	121	4	0
330	121	4	0
332	121	5	0
334	121	3	0
336	121	4	0
337	121	5	0
339	121	3	0
343	121	2	0
344	121	3	0
345	121	3	0
346	121	4	0
347	121	3	0
348	121	5	0
349	121	2	0
357	121	5	0
359	121	4	0
361	121	2	0
363	121	2	0
374	121	4	0
378	121	4	0
380	121	3	0
381	121	2	0
386	121	3	0
387	121	2	0
388	121	4	0
393	121	4	0
394	121	4	0
395	121	3	0
396	121	5	0
399	121	3	0
401	121	3	0
403	121	5	0
406	121	5	0
407	121	4	0
416	121	5	0
417	121	3	0
425	121	4	0
429	121	3	0
430	121	2	0
432	121	4	0
434	121	4	0
435	121	3	0
437	121	3	0
438	121	5	0
439	121	2	0
441	121	4	0
442	121	2	0
445	121	1	0
447	121	5	0
450	121	3	0
452	121	5	0
454	121	4	0
455	121	4	0
456	121	2	0
457	121	4	0
458	121	1	0
459	121	5	0
461	121	2	0
463	121	3	0
466	121	3	0
468	121	4	0
472	121	5	0
474	121	4	0
479	121	4	0
483	121	2	0
484	121	4	0
486	121	3	0
487	121	4	0
493	121	5	0
494	121	4	0
495	121	5	0
497	121	4	0
498	121	2	0
500	121	3	0
501	121	4	0
503	121	3	0
504	121	4	0
505	121	4	0
507	121	5	0
508	121	2	0
513	121	5	0
518	121	5	0
521	121	2	0
525	121	4	0
526	121	2	0
532	121	4	0
533	121	4	0
534	121	4	0
535	121	4	0
536	121	4	0
537	121	1	0
538	121	3	0
540	121	2	0
541	121	3	0
542	121	2	0
545	121	5	0
546	121	5	0
548	121	5	0
549	121	4	0
550	121	5	0
551	121	5	0
552	121	4	0
554	121	4	0
555	121	3	0
560	121	3	0
561	121	3	0
564	121	4	0
566	121	3	0
569	121	3	0
572	121	2	0
577	121	5	0
580	121	4	0
582	121	3	0
586	121	5	0
588	121	5	0
592	121	4	0
593	121	4	0
595	121	2	0
601	121	2	0
602	121	4	0
605	121	1	0
606	121	4	0
607	121	2	0
614	121	4	0
618	121	4	0
619	121	5	0
620	121	5	0
621	121	3	0
622	121	1	0
623	121	4	0
624	121	3	0
625	121	3	0
627	121	3	0
630	121	4	0
633	121	3	0
634	121	5	0
636	121	5	0
637	121	4	0
638	121	4	0
642	121	5	0
643	121	4	0
644	121	5	0
647	121	4	0
648	121	5	0
649	121	2	0
650	121	3	0
653	121	4	0
654	121	4	0
655	121	3	0
659	121	4	0
660	121	2	0
661	121	2	0
663	121	4	0
664	121	3	0
665	121	2	0
666	121	3	0
669	121	3	0
671	121	4	0
674	121	4	0
679	121	2	0
680	121	3	0
682	121	4	0
684	121	3	0
689	121	5	0
690	121	3	0
693	121	2	0
694	121	5	0
697	121	4	0
698	121	2	0
699	121	3	0
703	121	5	0
705	121	5	0
708	121	3	0
709	121	4	0
711	121	1	0
714	121	4	0
715	121	4	0
716	121	5	0
717	121	2	0
718	121	4	0
719	121	1	0
722	121	5	0
727	121	4	0
730	121	4	0
733	121	3	0
734	121	4	0
738	121	4	0
741	121	2	0
746	121	3	0
749	121	3	0
751	121	4	0
756	121	3	0
757	121	2	0
758	121	2	0
759	121	5	0
764	121	5	0
768	121	4	0
769	121	4	0
773	121	2	0
774	121	1	0
778	121	3	0
779	121	3	0
786	121	2	0
788	121	4	0
790	121	3	0
792	121	4	0
793	121	3	0
795	121	3	0
796	121	5	0
798	121	5	0
800	121	4	0
804	121	4	0
805	121	3	0
806	121	4	0
807	121	4	0
815	121	2	0
817	121	3	0
821	121	3	0
825	121	5	0
833	121	1	0
838	121	2	0
839	121	3	0
840	121	2	0
843	121	3	0
844	121	3	0
847	121	3	0
848	121	4	0
849	121	5	0
850	121	5	0
851	121	4	0
852	121	4	0
854	121	1	0
862	121	5	0
864	121	4	0
865	121	1	0
868	121	2	0
871	121	4	0
872	121	4	0
879	121	4	0
880	121	2	0
881	121	5	0
882	121	4	0
887	121	5	0
889	121	4	0
890	121	2	0
891	121	4	0
892	121	4	0
893	121	4	0
894	121	3	0
896	121	3	0
897	121	5	0
899	121	5	0
900	121	2	0
901	121	4	0
903	121	3	0
906	121	4	0
907	121	4	0
910	121	1	0
916	121	3	0
917	121	1	0
921	121	5	0
923	121	4	0
924	121	4	0
927	121	5	0
930	121	4	0
931	121	2	0
932	121	3	0
933	121	3	0
934	121	3	0
935	121	4	0
936	121	4	0
938	121	5	0
939	121	5	0
943	121	3	0
1	125	3	0
6	125	3	0
7	125	4	0
11	125	4	0
15	125	5	0
16	125	3	0
17	125	1	0
18	125	3	0
25	125	5	0
26	125	4	0
42	125	4	0
46	125	4	0
50	125	2	0
57	125	3	0
59	125	3	0
62	125	4	0
64	125	2	0
65	125	4	0
67	125	4	0
68	125	1	0
75	125	3	0
77	125	3	0
82	125	3	0
83	125	5	0
92	125	4	0
93	125	1	0
94	125	1	0
99	125	4	0
101	125	4	0
108	125	3	0
109	125	5	0
119	125	5	0
120	125	4	0
121	125	2	0
130	125	5	0
141	125	5	0
144	125	4	0
151	125	4	0
152	125	5	0
158	125	3	0
159	125	5	0
164	125	5	0
168	125	4	0
174	125	5	0
178	125	4	0
181	125	3	0
190	125	3	0
192	125	3	0
194	125	2	0
200	125	5	0
201	125	2	0
207	125	4	0
213	125	5	0
222	125	5	0
223	125	3	0
224	125	3	0
230	125	5	0
234	125	3	0
238	125	3	0
243	125	3	0
249	125	3	0
251	125	4	0
253	125	3	0
254	125	3	0
256	125	5	0
261	125	5	0
262	125	3	0
263	125	4	0
265	125	4	0
271	125	3	0
274	125	4	0
276	125	4	0
280	125	2	0
283	125	5	0
286	125	4	0
289	125	2	0
290	125	3	0
291	125	4	0
292	125	2	0
293	125	2	0
294	125	3	0
295	125	5	0
296	125	5	0
298	125	3	0
303	125	2	0
311	125	4	0
313	125	3	0
314	125	5	0
324	125	5	0
332	125	5	0
334	125	3	0
336	125	3	0
337	125	4	0
342	125	2	0
344	125	3	0
345	125	3	0
347	125	5	0
349	125	4	0
357	125	5	0
365	125	3	0
373	125	4	0
374	125	5	0
378	125	2	0
391	125	3	0
393	125	4	0
396	125	3	0
398	125	3	0
401	125	3	0
406	125	3	0
416	125	5	0
417	125	5	0
423	125	2	0
434	125	5	0
435	125	3	0
436	125	4	0
439	125	3	0
450	125	4	0
453	125	3	0
455	125	3	0
456	125	4	0
457	125	4	0
459	125	4	0
463	125	4	0
470	125	4	0
472	125	5	0
484	125	4	0
486	125	3	0
487	125	5	0
500	125	3	0
501	125	3	0
503	125	3	0
504	125	4	0
505	125	3	0
518	125	5	0
521	125	3	0
525	125	3	0
526	125	2	0
532	125	5	0
533	125	5	0
534	125	3	0
540	125	3	0
550	125	4	0
551	125	4	0
552	125	3	0
554	125	3	0
569	125	3	0
576	125	4	0
577	125	4	0
580	125	3	0
582	125	3	0
588	125	3	0
590	125	3	0
592	125	2	0
593	125	4	0
601	125	1	0
602	125	4	0
606	125	4	0
609	125	4	0
618	125	3	0
620	125	2	0
621	125	4	0
622	125	3	0
624	125	3	0
627	125	2	0
630	125	3	0
634	125	4	0
637	125	3	0
642	125	4	0
644	125	4	0
648	125	2	0
652	125	2	0
653	125	2	0
655	125	2	0
660	125	3	0
663	125	3	0
665	125	4	0
669	125	3	0
674	125	5	0
682	125	4	0
689	125	3	0
697	125	3	0
706	125	5	0
708	125	4	0
709	125	4	0
715	125	3	0
717	125	4	0
721	125	3	0
727	125	4	0
730	125	4	0
731	125	3	0
733	125	2	0
745	125	5	0
749	125	5	0
757	125	2	0
758	125	2	0
760	125	4	0
761	125	4	0
763	125	3	0
764	125	4	0
779	125	4	0
786	125	4	0
788	125	3	0
792	125	3	0
796	125	4	0
798	125	3	0
800	125	3	0
804	125	4	0
815	125	5	0
821	125	4	0
823	125	4	0
825	125	5	0
829	125	3	0
837	125	5	0
844	125	3	0
847	125	3	0
848	125	5	0
851	125	4	0
854	125	3	0
864	125	4	0
869	125	3	0
874	125	3	0
879	125	5	0
881	125	5	0
887	125	5	0
889	125	4	0
892	125	4	0
893	125	3	0
894	125	3	0
897	125	4	0
899	125	3	0
905	125	3	0
906	125	4	0
907	125	4	0
910	125	3	0
916	125	3	0
919	125	4	0
921	125	3	0
923	125	4	0
927	125	4	0
931	125	4	0
933	125	4	0
935	125	4	0
936	125	4	0
938	125	3	0
1	237	2	0
2	237	4	0
6	237	2	0
7	237	5	0
11	237	4	0
13	237	5	0
15	237	3	0
16	237	5	0
17	237	2	0
18	237	3	0
24	237	4	0
26	237	3	0
42	237	4	0
43	237	4	0
44	237	3	0
45	237	4	0
52	237	4	0
54	237	4	0
56	237	5	0
57	237	4	0
58	237	4	0
59	237	3	0
60	237	4	0
62	237	3	0
63	237	3	0
64	237	4	0
65	237	4	0
66	237	4	0
68	237	5	0
69	237	3	0
72	237	3	0
74	237	4	0
75	237	2	0
78	237	5	0
80	237	4	0
81	237	4	0
82	237	3	0
84	237	4	0
85	237	3	0
89	237	4	0
90	237	4	0
92	237	4	0
95	237	2	0
99	237	5	0
101	237	5	0
104	237	3	0
108	237	3	0
109	237	4	0
113	237	3	0
115	237	2	0
117	237	4	0
119	237	5	0
120	237	3	0
121	237	5	0
128	237	4	0
130	237	5	0
136	237	4	0
137	237	4	0
139	237	3	0
141	237	4	0
144	237	4	0
145	237	5	0
152	237	5	0
159	237	3	0
160	237	3	0
162	237	4	0
164	237	2	0
167	237	4	0
174	237	4	0
176	237	3	0
178	237	4	0
181	237	5	0
182	237	3	0
184	237	4	0
185	237	4	0
186	237	2	0
188	237	3	0
190	237	5	0
193	237	4	0
194	237	3	0
198	237	2	0
201	237	4	0
203	237	3	0
207	237	4	0
215	237	4	0
216	237	5	0
222	237	4	0
223	237	5	0
224	237	3	0
225	237	5	0
230	237	5	0
234	237	3	0
235	237	4	0
236	237	4	0
238	237	3	0
242	237	4	0
243	237	2	0
244	237	5	0
249	237	5	0
250	237	2	0
251	237	5	0
253	237	4	0
256	237	4	0
257	237	2	0
262	237	3	0
263	237	2	0
265	237	5	0
266	237	3	0
269	237	2	0
270	237	1	0
271	237	4	0
274	237	4	0
276	237	5	0
277	237	4	0
280	237	3	0
285	237	4	0
286	237	2	0
287	237	5	0
288	237	4	0
291	237	4	0
293	237	3	0
294	237	4	0
295	237	4	0
296	237	5	0
297	237	4	0
298	237	5	0
299	237	2	0
301	237	4	0
303	237	5	0
304	237	5	0
305	237	2	0
308	237	3	0
313	237	2	0
314	237	5	0
318	237	5	0
326	237	2	0
327	237	4	0
328	237	4	0
330	237	4	0
332	237	5	0
334	237	4	0
336	237	5	0
342	237	4	0
343	237	4	0
344	237	3	0
345	237	4	0
346	237	4	0
347	237	4	0
348	237	4	0
349	237	2	0
357	237	5	0
360	237	4	0
361	237	4	0
363	237	2	0
365	237	3	0
371	237	5	0
374	237	5	0
376	237	3	0
378	237	4	0
383	237	4	0
388	237	5	0
391	237	4	0
393	237	4	0
395	237	4	0
396	237	4	0
398	237	3	0
399	237	3	0
401	237	3	0
402	237	4	0
403	237	5	0
406	237	1	0
413	237	4	0
416	237	3	0
422	237	4	0
423	237	4	0
429	237	3	0
430	237	5	0
432	237	5	0
434	237	5	0
437	237	4	0
438	237	5	0
439	237	5	0
445	237	2	0
447	237	4	0
450	237	5	0
452	237	2	0
453	237	4	0
454	237	4	0
455	237	3	0
457	237	4	0
458	237	4	0
462	237	5	0
463	237	4	0
468	237	4	0
474	237	4	0
477	237	4	0
478	237	5	0
480	237	2	0
483	237	3	0
484	237	3	0
486	237	4	0
487	237	4	0
490	237	1	0
491	237	3	0
494	237	4	0
497	237	3	0
498	237	2	0
500	237	3	0
501	237	4	0
503	237	4	0
504	237	3	0
505	237	3	0
514	237	4	0
517	237	1	0
518	237	4	0
524	237	3	0
525	237	4	0
530	237	4	0
533	237	2	0
534	237	4	0
535	237	4	0
537	237	3	0
538	237	4	0
542	237	4	0
543	237	4	0
548	237	4	0
549	237	4	0
550	237	3	0
551	237	4	0
552	237	4	0
554	237	3	0
563	237	5	0
569	237	4	0
573	237	4	0
576	237	4	0
577	237	4	0
582	237	3	0
586	237	4	0
588	237	2	0
590	237	3	0
591	237	3	0
592	237	4	0
593	237	4	0
594	237	3	0
595	237	3	0
599	237	5	0
602	237	4	0
605	237	3	0
606	237	4	0
612	237	3	0
614	237	2	0
615	237	4	0
618	237	4	0
620	237	4	0
624	237	4	0
627	237	4	0
630	237	5	0
632	237	3	0
633	237	4	0
634	237	5	0
635	237	3	0
637	237	2	0
639	237	1	0
642	237	5	0
644	237	4	0
647	237	3	0
653	237	2	0
654	237	4	0
655	237	3	0
661	237	4	0
663	237	4	0
664	237	2	0
665	237	3	0
666	237	3	0
671	237	5	0
672	237	2	0
677	237	4	0
678	237	3	0
682	237	3	0
684	237	5	0
689	237	3	0
690	237	4	0
694	237	4	0
697	237	5	0
701	237	5	0
703	237	5	0
706	237	4	0
708	237	5	0
714	237	3	0
715	237	4	0
716	237	5	0
717	237	5	0
719	237	2	0
721	237	3	0
722	237	4	0
728	237	4	0
730	237	3	0
731	237	4	0
733	237	3	0
735	237	4	0
742	237	4	0
744	237	4	0
748	237	4	0
749	237	3	0
751	237	2	0
754	237	3	0
758	237	4	0
759	237	3	0
760	237	3	0
761	237	5	0
762	237	3	0
763	237	3	0
764	237	4	0
765	237	3	0
768	237	4	0
769	237	3	0
771	237	5	0
786	237	5	0
788	237	4	0
790	237	4	0
792	237	3	0
793	237	3	0
796	237	5	0
800	237	4	0
804	237	4	0
806	237	2	0
821	237	5	0
823	237	4	0
825	237	4	0
829	237	3	0
831	237	4	0
834	237	5	0
835	237	4	0
837	237	3	0
839	237	3	0
854	237	3	0
864	237	4	0
868	237	1	0
869	237	4	0
871	237	3	0
872	237	4	0
877	237	4	0
878	237	3	0
879	237	4	0
880	237	4	0
882	237	5	0
883	237	3	0
885	237	5	0
886	237	4	0
888	237	5	0
889	237	4	0
890	237	3	0
891	237	5	0
892	237	4	0
893	237	4	0
894	237	4	0
896	237	5	0
899	237	4	0
900	237	4	0
901	237	3	0
904	237	5	0
905	237	3	0
906	237	4	0
907	237	5	0
910	237	4	0
913	237	4	0
916	237	3	0
917	237	5	0
919	237	4	0
921	237	3	0
922	237	4	0
923	237	4	0
924	237	4	0
926	237	3	0
927	237	4	0
930	237	3	0
931	237	3	0
934	237	4	0
935	237	5	0
936	237	4	0
937	237	4	0
938	237	2	0
939	237	5	0
943	237	4	0
2	282	4	0
12	282	5	0
15	282	3	0
16	282	5	0
26	282	4	0
28	282	4	0
42	282	4	0
45	282	4	0
52	282	4	0
57	282	5	0
63	282	1	0
66	282	3	0
68	282	1	0
69	282	3	0
71	282	3	0
81	282	5	0
84	282	4	0
85	282	3	0
92	282	4	0
94	282	3	0
95	282	4	0
99	282	3	0
101	282	3	0
104	282	3	0
108	282	3	0
109	282	3	0
115	282	4	0
117	282	5	0
119	282	5	0
120	282	4	0
121	282	1	0
128	282	3	0
130	282	5	0
141	282	5	0
144	282	4	0
145	282	5	0
160	282	4	0
164	282	5	0
168	282	5	0
178	282	3	0
181	282	4	0
190	282	3	0
193	282	5	0
194	282	3	0
200	282	4	0
201	282	2	0
203	282	1	0
207	282	4	0
216	282	5	0
221	282	4	0
222	282	4	0
223	282	4	0
224	282	4	0
236	282	5	0
248	282	2	0
251	282	4	0
253	282	4	0
256	282	3	0
265	282	5	0
270	282	3	0
271	282	2	0
274	282	5	0
276	282	4	0
277	282	4	0
280	282	3	0
289	282	3	0
291	282	4	0
292	282	4	0
293	282	2	0
294	282	3	0
296	282	4	0
297	282	3	0
298	282	4	0
301	282	4	0
303	282	3	0
305	282	3	0
311	282	5	0
314	282	5	0
318	282	4	0
323	282	3	0
324	282	5	0
326	282	2	0
328	282	3	0
329	282	3	0
332	282	5	0
334	282	4	0
336	282	3	0
342	282	1	0
345	282	3	0
347	282	5	0
363	282	2	0
374	282	5	0
378	282	4	0
391	282	4	0
393	282	4	0
394	282	3	0
396	282	4	0
399	282	3	0
401	282	3	0
403	282	5	0
406	282	3	0
416	282	5	0
423	282	4	0
429	282	3	0
432	282	5	0
438	282	5	0
439	282	3	0
441	282	4	0
447	282	4	0
449	282	3	0
450	282	5	0
453	282	4	0
455	282	3	0
456	282	3	0
457	282	4	0
458	282	2	0
459	282	3	0
463	282	3	0
474	282	4	0
477	282	4	0
478	282	3	0
479	282	5	0
486	282	2	0
487	282	4	0
495	282	5	0
500	282	4	0
501	282	4	0
504	282	4	0
525	282	4	0
526	282	3	0
532	282	5	0
533	282	4	0
534	282	5	0
535	282	3	0
542	282	3	0
548	282	4	0
549	282	3	0
551	282	5	0
552	282	3	0
554	282	3	0
580	282	5	0
588	282	5	0
590	282	2	0
592	282	4	0
593	282	5	0
595	282	4	0
599	282	5	0
605	282	4	0
606	282	4	0
618	282	3	0
624	282	4	0
627	282	2	0
630	282	3	0
632	282	4	0
634	282	4	0
637	282	3	0
643	282	3	0
649	282	4	0
652	282	4	0
653	282	3	0
654	282	3	0
655	282	3	0
657	282	3	0
663	282	3	0
665	282	4	0
666	282	3	0
674	282	5	0
678	282	3	0
682	282	4	0
684	282	4	0
693	282	4	0
697	282	4	0
705	282	5	0
709	282	5	0
710	282	2	0
714	282	4	0
715	282	3	0
716	282	3	0
717	282	5	0
718	282	5	0
719	282	4	0
721	282	4	0
727	282	4	0
728	282	4	0
733	282	3	0
734	282	4	0
742	282	3	0
747	282	2	0
754	282	4	0
758	282	3	0
761	282	4	0
764	282	4	0
768	282	4	0
770	282	5	0
776	282	3	0
788	282	4	0
790	282	4	0
792	282	3	0
793	282	4	0
796	282	4	0
804	282	4	0
823	282	3	0
825	282	4	0
834	282	4	0
854	282	2	0
859	282	3	0
862	282	5	0
864	282	3	0
869	282	3	0
872	282	5	0
879	282	4	0
880	282	2	0
881	282	4	0
886	282	3	0
889	282	4	0
891	282	5	0
896	282	2	0
899	282	5	0
903	282	4	0
905	282	3	0
907	282	4	0
910	282	3	0
917	282	4	0
919	282	4	0
921	282	2	0
923	282	4	0
930	282	4	0
933	282	3	0
935	282	4	0
936	282	2	0
942	282	5	0
943	282	5	0
2	284	4	0
6	284	2	0
16	284	1	0
18	284	3	0
26	284	3	0
42	284	3	0
43	284	5	0
45	284	4	0
53	284	2	0
57	284	3	0
58	284	4	0
59	284	2	0
63	284	3	0
64	284	4	0
66	284	3	0
75	284	2	0
81	284	3	0
82	284	4	0
84	284	3	0
85	284	3	0
92	284	2	0
101	284	4	0
108	284	3	0
115	284	2	0
128	284	3	0
130	284	2	0
141	284	5	0
144	284	3	0
145	284	4	0
152	284	5	0
158	284	5	0
161	284	3	0
168	284	2	0
174	284	4	0
178	284	4	0
181	284	2	0
192	284	5	0
194	284	3	0
201	284	3	0
207	284	3	0
213	284	5	0
222	284	3	0
223	284	2	0
224	284	3	0
230	284	1	0
234	284	3	0
246	284	1	0
256	284	4	0
265	284	4	0
268	284	3	0
271	284	3	0
276	284	4	0
277	284	4	0
279	284	1	0
280	284	3	0
291	284	4	0
293	284	2	0
296	284	4	0
297	284	4	0
298	284	4	0
301	284	4	0
303	284	4	0
308	284	4	0
314	284	3	0
318	284	3	0
320	284	4	0
328	284	3	0
329	284	3	0
330	284	5	0
332	284	5	0
336	284	4	0
344	284	3	0
345	284	4	0
347	284	3	0
349	284	5	0
357	284	4	0
360	284	3	0
363	284	2	0
374	284	1	0
378	284	3	0
379	284	4	0
398	284	2	0
399	284	2	0
401	284	3	0
403	284	1	0
406	284	1	0
413	284	4	0
416	284	4	0
429	284	3	0
432	284	4	0
435	284	2	0
438	284	2	0
447	284	4	0
450	284	4	0
457	284	3	0
458	284	4	0
463	284	3	0
470	284	4	0
474	284	4	0
486	284	2	0
490	284	3	0
491	284	3	0
493	284	4	0
500	284	3	0
517	284	2	0
518	284	4	0
524	284	3	0
532	284	5	0
533	284	1	0
535	284	4	0
537	284	3	0
548	284	3	0
551	284	4	0
552	284	3	0
554	284	3	0
560	284	3	0
561	284	1	0
569	284	4	0
572	284	3	0
577	284	4	0
586	284	3	0
590	284	2	0
593	284	4	0
599	284	4	0
601	284	4	0
605	284	2	0
606	284	4	0
622	284	1	0
627	284	2	0
629	284	4	0
634	284	4	0
654	284	4	0
655	284	2	0
663	284	4	0
666	284	3	0
672	284	4	0
682	284	4	0
690	284	4	0
697	284	5	0
698	284	1	0
705	284	3	0
708	284	5	0
714	284	3	0
715	284	4	0
716	284	3	0
718	284	4	0
719	284	2	0
721	284	4	0
727	284	3	0
733	284	2	0
742	284	3	0
749	284	4	0
754	284	3	0
764	284	4	0
768	284	1	0
769	284	3	0
779	284	3	0
788	284	3	0
789	284	3	0
790	284	4	0
796	284	3	0
804	284	4	0
821	284	3	0
825	284	3	0
829	284	3	0
831	284	3	0
833	284	1	0
834	284	4	0
837	284	1	0
851	284	3	0
869	284	1	0
870	284	2	0
872	284	3	0
880	284	4	0
882	284	3	0
887	284	4	0
892	284	5	0
894	284	3	0
895	284	3	0
896	284	4	0
899	284	3	0
900	284	2	0
906	284	4	0
907	284	5	0
910	284	3	0
916	284	2	0
919	284	3	0
921	284	4	0
929	284	2	0
933	284	2	0
935	284	4	0
938	284	2	0
943	284	2	0
5	405	3	0
6	405	1	0
7	405	3	0
11	405	3	0
13	405	2	0
15	405	2	0
20	405	3	0
22	405	1	0
23	405	4	0
26	405	2	0
32	405	4	0
37	405	4	0
38	405	5	0
42	405	4	0
43	405	4	0
44	405	3	0
52	405	4	0
54	405	4	0
55	405	1	0
56	405	4	0
57	405	4	0
58	405	2	0
59	405	3	0
60	405	4	0
62	405	3	0
63	405	4	0
64	405	3	0
66	405	3	0
67	405	5	0
68	405	3	0
70	405	3	0
72	405	3	0
75	405	4	0
77	405	3	0
81	405	3	0
82	405	3	0
83	405	5	0
84	405	3	0
85	405	2	0
87	405	4	0
89	405	3	0
92	405	2	0
94	405	3	0
95	405	3	0
99	405	4	0
101	405	4	0
102	405	2	0
103	405	3	0
104	405	3	0
108	405	3	0
109	405	5	0
117	405	5	0
119	405	4	0
120	405	4	0
121	405	2	0
128	405	4	0
130	405	4	0
137	405	5	0
141	405	3	0
144	405	4	0
145	405	3	0
151	405	3	0
157	405	3	0
159	405	5	0
160	405	3	0
164	405	5	0
168	405	4	0
176	405	2	0
178	405	3	0
181	405	4	0
183	405	4	0
184	405	2	0
186	405	3	0
189	405	2	0
190	405	4	0
193	405	3	0
194	405	2	0
198	405	2	0
199	405	2	0
200	405	3	0
201	405	4	0
213	405	3	0
216	405	3	0
217	405	3	0
221	405	3	0
222	405	3	0
223	405	1	0
226	405	4	0
227	405	2	0
230	405	4	0
231	405	4	0
238	405	4	0
248	405	4	0
249	405	3	0
251	405	3	0
254	405	3	0
255	405	4	0
256	405	4	0
257	405	3	0
259	405	3	0
262	405	2	0
267	405	3	0
268	405	2	0
269	405	1	0
271	405	2	0
274	405	4	0
275	405	2	0
276	405	3	0
277	405	3	0
279	405	3	0
280	405	2	0
286	405	3	0
289	405	2	0
290	405	2	0
291	405	4	0
292	405	3	0
293	405	1	0
294	405	4	0
295	405	5	0
301	405	4	0
303	405	4	0
305	405	3	0
313	405	3	0
314	405	4	0
318	405	2	0
320	405	4	0
327	405	2	0
328	405	4	0
330	405	5	0
332	405	4	0
334	405	3	0
336	405	3	0
340	405	5	0
343	405	4	0
344	405	2	0
345	405	4	0
346	405	3	0
347	405	4	0
348	405	4	0
357	405	5	0
359	405	3	0
360	405	3	0
363	405	4	0
374	405	4	0
378	405	3	0
379	405	3	0
385	405	2	0
386	405	4	0
393	405	4	0
394	405	3	0
396	405	3	0
399	405	3	0
401	405	2	0
403	405	5	0
406	405	3	0
407	405	3	0
411	405	4	0
416	405	5	0
417	405	3	0
419	405	3	0
425	405	2	0
429	405	3	0
432	405	4	0
435	405	4	0
439	405	4	0
441	405	3	0
442	405	3	0
445	405	4	0
447	405	2	0
450	405	4	0
455	405	3	0
456	405	1	0
457	405	5	0
458	405	4	0
459	405	3	0
466	405	3	0
468	405	2	0
472	405	5	0
474	405	4	0
479	405	4	0
483	405	3	0
484	405	4	0
486	405	4	0
487	405	4	0
488	405	3	0
493	405	2	0
497	405	3	0
500	405	4	0
501	405	4	0
503	405	3	0
507	405	5	0
513	405	3	0
514	405	2	0
517	405	4	0
518	405	5	0
521	405	2	0
524	405	2	0
525	405	4	0
533	405	3	0
534	405	3	0
536	405	2	0
537	405	2	0
538	405	3	0
540	405	3	0
541	405	3	0
545	405	4	0
548	405	4	0
549	405	4	0
550	405	4	0
551	405	3	0
552	405	3	0
554	405	4	0
555	405	4	0
560	405	4	0
561	405	2	0
566	405	5	0
569	405	3	0
577	405	3	0
580	405	2	0
582	405	3	0
586	405	5	0
592	405	4	0
593	405	3	0
601	405	1	0
605	405	3	0
606	405	4	0
614	405	2	0
619	405	3	0
621	405	5	0
622	405	4	0
624	405	4	0
625	405	3	0
627	405	3	0
633	405	4	0
634	405	4	0
637	405	1	0
638	405	3	0
642	405	3	0
643	405	3	0
647	405	4	0
648	405	4	0
653	405	3	0
654	405	4	0
655	405	2	0
660	405	2	0
663	405	3	0
665	405	3	0
666	405	2	0
671	405	3	0
674	405	4	0
677	405	4	0
682	405	2	0
689	405	5	0
699	405	3	0
705	405	4	0
708	405	4	0
709	405	3	0
714	405	5	0
715	405	3	0
716	405	4	0
717	405	3	0
718	405	5	0
722	405	3	0
727	405	3	0
733	405	2	0
738	405	2	0
746	405	2	0
749	405	2	0
751	405	3	0
757	405	4	0
758	405	4	0
759	405	4	0
764	405	4	0
768	405	4	0
769	405	2	0
774	405	1	0
778	405	3	0
786	405	4	0
788	405	4	0
790	405	3	0
792	405	3	0
793	405	3	0
795	405	1	0
796	405	5	0
798	405	5	0
800	405	4	0
804	405	4	0
805	405	3	0
806	405	3	0
807	405	4	0
815	405	4	0
817	405	3	0
821	405	4	0
825	405	5	0
833	405	3	0
834	405	4	0
835	405	3	0
838	405	4	0
840	405	4	0
844	405	2	0
847	405	3	0
848	405	5	0
851	405	5	0
852	405	3	0
854	405	4	0
862	405	2	0
864	405	5	0
865	405	2	0
868	405	1	0
872	405	4	0
880	405	4	0
881	405	4	0
882	405	4	0
883	405	3	0
885	405	4	0
886	405	3	0
887	405	5	0
889	405	2	0
891	405	3	0
892	405	4	0
893	405	5	0
894	405	3	0
896	405	2	0
897	405	5	0
900	405	3	0
901	405	4	0
903	405	4	0
906	405	3	0
907	405	4	0
910	405	4	0
916	405	2	0
917	405	3	0
921	405	3	0
923	405	4	0
927	405	5	0
930	405	3	0
932	405	4	0
933	405	3	0
934	405	5	0
935	405	4	0
936	405	2	0
938	405	3	0
939	405	4	0
943	405	4	0
6	471	2	0
7	471	4	0
12	471	5	0
13	471	1	0
15	471	4	0
16	471	3	0
17	471	2	0
26	471	2	0
42	471	4	0
43	471	3	0
52	471	4	0
54	471	4	0
57	471	4	0
65	471	4	0
66	471	5	0
68	471	3	0
72	471	4	0
81	471	3	0
83	471	3	0
90	471	4	0
92	471	4	0
94	471	4	0
95	471	5	0
99	471	4	0
101	471	3	0
103	471	4	0
104	471	3	0
108	471	2	0
115	471	2	0
119	471	4	0
128	471	4	0
130	471	2	0
141	471	4	0
144	471	4	0
145	471	4	0
158	471	4	0
159	471	4	0
164	471	5	0
174	471	5	0
178	471	4	0
181	471	2	0
182	471	4	0
190	471	5	0
194	471	3	0
201	471	2	0
203	471	4	0
207	471	3	0
213	471	3	0
222	471	3	0
231	471	5	0
232	471	3	0
234	471	3	0
238	471	4	0
244	471	1	0
249	471	4	0
251	471	3	0
256	471	5	0
265	471	4	0
270	471	5	0
271	471	3	0
274	471	4	0
276	471	4	0
277	471	3	0
280	471	3	0
289	471	4	0
291	471	4	0
293	471	3	0
294	471	4	0
297	471	3	0
298	471	4	0
305	471	4	0
308	471	3	0
311	471	4	0
313	471	4	0
324	471	5	0
328	471	3	0
332	471	4	0
337	471	5	0
343	471	4	0
344	471	3	0
345	471	3	0
347	471	4	0
349	471	3	0
357	471	5	0
360	471	4	0
373	471	3	0
374	471	4	0
378	471	3	0
389	471	4	0
391	471	2	0
393	471	4	0
396	471	4	0
399	471	3	0
401	471	4	0
402	471	4	0
403	471	5	0
413	471	4	0
416	471	5	0
423	471	3	0
432	471	3	0
434	471	2	0
438	471	4	0
447	471	4	0
450	471	4	0
453	471	4	0
454	471	3	0
455	471	4	0
457	471	4	0
459	471	3	0
468	471	3	0
470	471	5	0
474	471	3	0
479	471	4	0
484	471	4	0
486	471	5	0
487	471	3	0
500	471	4	0
505	471	4	0
518	471	3	0
524	471	4	0
533	471	4	0
534	471	5	0
535	471	4	0
537	471	3	0
540	471	4	0
543	471	3	0
548	471	5	0
551	471	5	0
552	471	3	0
569	471	3	0
576	471	4	0
577	471	3	0
580	471	3	0
588	471	5	0
592	471	4	0
593	471	3	0
599	471	4	0
605	471	3	0
606	471	4	0
613	471	3	0
618	471	3	0
624	471	4	0
627	471	3	0
630	471	4	0
634	471	4	0
637	471	2	0
639	471	2	0
648	471	4	0
649	471	5	0
653	471	2	0
655	471	3	0
658	471	4	0
661	471	4	0
663	471	3	0
665	471	3	0
666	471	4	0
676	471	3	0
677	471	4	0
682	471	3	0
689	471	4	0
693	471	3	0
699	471	3	0
703	471	4	0
705	471	5	0
706	471	4	0
708	471	4	0
714	471	4	0
715	471	4	0
716	471	2	0
717	471	4	0
718	471	5	0
721	471	5	0
722	471	4	0
727	471	3	0
728	471	4	0
733	471	3	0
757	471	4	0
758	471	3	0
759	471	4	0
761	471	3	0
768	471	3	0
779	471	4	0
786	471	4	0
788	471	3	0
792	471	4	0
807	471	4	0
815	471	2	0
821	471	4	0
823	471	3	0
832	471	4	0
844	471	3	0
854	471	2	0
864	471	5	0
865	471	1	0
870	471	4	0
880	471	4	0
882	471	4	0
887	471	3	0
889	471	3	0
891	471	5	0
893	471	4	0
894	471	4	0
896	471	3	0
899	471	4	0
900	471	2	0
905	471	4	0
906	471	3	0
907	471	5	0
917	471	4	0
919	471	3	0
921	471	2	0
922	471	3	0
924	471	4	0
927	471	4	0
931	471	3	0
933	471	3	0
935	471	4	0
938	471	3	0
939	471	5	0
940	471	4	0
943	471	5	0
7	546	4	0
13	546	3	0
15	546	2	0
16	546	4	0
22	546	3	0
23	546	3	0
26	546	2	0
37	546	3	0
42	546	3	0
43	546	4	0
49	546	1	0
53	546	4	0
54	546	3	0
56	546	3	0
57	546	4	0
58	546	2	0
60	546	4	0
62	546	4	0
63	546	2	0
64	546	3	0
67	546	3	0
70	546	2	0
75	546	3	0
82	546	3	0
83	546	4	0
84	546	3	0
87	546	3	0
92	546	2	0
94	546	3	0
95	546	2	0
99	546	4	0
101	546	4	0
102	546	3	0
104	546	1	0
109	546	3	0
117	546	3	0
119	546	4	0
120	546	2	0
121	546	1	0
130	546	4	0
137	546	5	0
141	546	4	0
145	546	3	0
151	546	2	0
158	546	3	0
159	546	4	0
168	546	3	0
174	546	3	0
178	546	3	0
181	546	2	0
186	546	4	0
190	546	3	0
194	546	3	0
200	546	3	0
201	546	2	0
207	546	3	0
213	546	4	0
216	546	2	0
217	546	2	0
219	546	4	0
222	546	3	0
223	546	5	0
234	546	1	0
236	546	4	0
238	546	3	0
249	546	3	0
255	546	3	0
256	546	4	0
259	546	3	0
262	546	2	0
267	546	3	0
268	546	4	0
270	546	4	0
271	546	2	0
274	546	3	0
276	546	3	0
279	546	3	0
280	546	4	0
286	546	1	0
287	546	4	0
290	546	2	0
291	546	3	0
293	546	1	0
294	546	4	0
295	546	4	0
297	546	3	0
298	546	3	0
299	546	3	0
301	546	4	0
303	546	2	0
308	546	3	0
313	546	4	0
314	546	4	0
320	546	4	0
323	546	2	0
327	546	2	0
328	546	3	0
332	546	4	0
336	546	3	0
339	546	4	0
343	546	1	0
344	546	3	0
346	546	4	0
347	546	4	0
348	546	3	0
349	546	3	0
357	546	5	0
359	546	3	0
363	546	3	0
374	546	5	0
378	546	2	0
382	546	2	0
386	546	2	0
391	546	3	0
393	546	2	0
394	546	4	0
396	546	4	0
399	546	2	0
403	546	3	0
416	546	3	0
417	546	3	0
423	546	2	0
425	546	3	0
429	546	3	0
432	546	3	0
434	546	5	0
435	546	4	0
436	546	3	0
442	546	3	0
445	546	2	0
447	546	2	0
449	546	2	0
450	546	4	0
455	546	3	0
456	546	4	0
457	546	2	0
458	546	3	0
459	546	1	0
466	546	4	0
470	546	4	0
472	546	4	0
477	546	4	0
479	546	2	0
486	546	2	0
487	546	3	0
493	546	5	0
500	546	4	0
501	546	4	0
503	546	4	0
504	546	4	0
513	546	4	0
518	546	4	0
524	546	4	0
533	546	3	0
534	546	4	0
536	546	2	0
545	546	3	0
548	546	4	0
551	546	2	0
554	546	3	0
555	546	3	0
560	546	2	0
561	546	1	0
569	546	3	0
577	546	3	0
580	546	1	0
590	546	1	0
592	546	4	0
593	546	3	0
595	546	4	0
599	546	4	0
605	546	2	0
606	546	4	0
614	546	1	0
619	546	2	0
621	546	3	0
624	546	3	0
625	546	2	0
627	546	3	0
630	546	3	0
634	546	4	0
637	546	1	0
643	546	3	0
644	546	4	0
648	546	4	0
650	546	1	0
653	546	2	0
654	546	4	0
660	546	2	0
663	546	3	0
665	546	2	0
666	546	4	0
671	546	5	0
676	546	3	0
682	546	3	0
690	546	4	0
693	546	1	0
697	546	4	0
699	546	3	0
705	546	3	0
708	546	3	0
709	546	4	0
715	546	4	0
716	546	1	0
717	546	3	0
718	546	4	0
722	546	3	0
727	546	2	0
728	546	2	0
733	546	1	0
742	546	1	0
746	546	3	0
749	546	3	0
757	546	3	0
758	546	3	0
761	546	5	0
769	546	4	0
770	546	4	0
774	546	1	0
786	546	4	0
788	546	3	0
790	546	1	0
792	546	3	0
795	546	3	0
796	546	4	0
804	546	3	0
805	546	2	0
807	546	4	0
817	546	4	0
825	546	5	0
833	546	2	0
852	546	4	0
862	546	4	0
864	546	4	0
865	546	1	0
872	546	4	0
880	546	3	0
881	546	4	0
882	546	2	0
886	546	1	0
889	546	4	0
891	546	3	0
896	546	2	0
897	546	4	0
899	546	2	0
901	546	4	0
916	546	2	0
923	546	4	0
931	546	3	0
933	546	2	0
935	546	4	0
938	546	3	0
939	546	4	0
943	546	4	0
7	597	3	0
11	597	2	0
13	597	3	0
20	597	3	0
23	597	3	0
26	597	2	0
37	597	5	0
43	597	3	0
45	597	3	0
54	597	2	0
55	597	2	0
56	597	3	0
57	597	3	0
59	597	2	0
62	597	2	0
66	597	3	0
70	597	3	0
75	597	3	0
82	597	3	0
83	597	2	0
84	597	3	0
92	597	2	0
94	597	2	0
95	597	3	0
99	597	4	0
101	597	3	0
102	597	3	0
109	597	2	0
117	597	4	0
119	597	4	0
130	597	4	0
137	597	5	0
141	597	4	0
144	597	4	0
145	597	4	0
157	597	3	0
159	597	5	0
162	597	4	0
164	597	4	0
168	597	3	0
174	597	3	0
178	597	4	0
181	597	3	0
190	597	2	0
200	597	4	0
201	597	2	0
207	597	3	0
213	597	5	0
217	597	4	0
222	597	1	0
223	597	4	0
231	597	3	0
245	597	4	0
246	597	2	0
249	597	2	0
251	597	3	0
255	597	4	0
256	597	4	0
261	597	4	0
267	597	3	0
268	597	2	0
269	597	1	0
274	597	3	0
275	597	3	0
276	597	3	0
279	597	5	0
286	597	3	0
291	597	3	0
294	597	3	0
299	597	3	0
301	597	3	0
303	597	1	0
305	597	2	0
308	597	3	0
314	597	4	0
320	597	3	0
324	597	4	0
328	597	3	0
332	597	5	0
344	597	2	0
346	597	3	0
347	597	3	0
357	597	4	0
363	597	4	0
374	597	4	0
378	597	3	0
386	597	3	0
393	597	3	0
394	597	2	0
396	597	4	0
399	597	3	0
403	597	2	0
416	597	3	0
417	597	3	0
425	597	1	0
435	597	3	0
445	597	1	0
447	597	3	0
450	597	4	0
452	597	5	0
455	597	3	0
457	597	3	0
458	597	3	0
459	597	3	0
463	597	2	0
472	597	5	0
484	597	3	0
486	597	3	0
487	597	4	0
493	597	4	0
497	597	3	0
501	597	3	0
507	597	5	0
517	597	4	0
521	597	2	0
525	597	3	0
533	597	3	0
534	597	5	0
540	597	4	0
548	597	4	0
551	597	4	0
554	597	4	0
560	597	2	0
561	597	3	0
564	597	4	0
580	597	1	0
582	597	3	0
588	597	4	0
592	597	2	0
593	597	2	0
595	597	2	0
605	597	3	0
618	597	4	0
619	597	4	0
622	597	5	0
624	597	3	0
625	597	2	0
627	597	3	0
630	597	4	0
634	597	4	0
642	597	4	0
643	597	2	0
644	597	4	0
650	597	3	0
653	597	4	0
654	597	4	0
663	597	3	0
665	597	3	0
671	597	4	0
674	597	3	0
682	597	1	0
689	597	4	0
699	597	3	0
705	597	4	0
708	597	2	0
709	597	4	0
714	597	3	0
717	597	4	0
718	597	5	0
722	597	3	0
727	597	3	0
746	597	4	0
751	597	2	0
758	597	2	0
764	597	4	0
768	597	2	0
769	597	2	0
774	597	2	0
788	597	3	0
790	597	3	0
792	597	3	0
793	597	3	0
796	597	5	0
800	597	4	0
804	597	3	0
805	597	3	0
807	597	4	0
817	597	2	0
821	597	3	0
825	597	5	0
833	597	1	0
844	597	3	0
851	597	4	0
852	597	3	0
854	597	2	0
862	597	3	0
864	597	4	0
865	597	1	0
872	597	4	0
879	597	2	0
880	597	3	0
882	597	4	0
887	597	5	0
889	597	3	0
891	597	3	0
893	597	4	0
895	597	2	0
896	597	4	0
897	597	5	0
899	597	2	0
910	597	3	0
916	597	2	0
933	597	1	0
935	597	4	0
938	597	3	0
939	597	4	0
11	742	3	0
15	742	2	0
20	742	4	0
21	742	3	0
24	742	4	0
25	742	4	0
26	742	3	0
27	742	3	0
32	742	3	0
38	742	5	0
42	742	4	0
43	742	5	0
45	742	4	0
52	742	4	0
54	742	5	0
59	742	3	0
62	742	2	0
66	742	5	0
68	742	1	0
69	742	3	0
75	742	1	0
81	742	2	0
84	742	3	0
92	742	3	0
94	742	3	0
95	742	4	0
99	742	5	0
101	742	4	0
109	742	5	0
113	742	3	0
117	742	4	0
119	742	5	0
120	742	4	0
121	742	5	0
128	742	3	0
130	742	5	0
138	742	4	0
141	742	4	0
144	742	4	0
145	742	4	0
158	742	4	0
159	742	2	0
162	742	4	0
164	742	5	0
168	742	5	0
174	742	4	0
178	742	3	0
181	742	4	0
184	742	3	0
186	742	3	0
188	742	5	0
189	742	3	0
190	742	3	0
193	742	4	0
200	742	4	0
203	742	3	0
207	742	4	0
222	742	5	0
223	742	3	0
230	742	5	0
249	742	3	0
250	742	3	0
251	742	5	0
252	742	4	0
253	742	4	0
256	742	5	0
264	742	2	0
265	742	5	0
267	742	3	0
270	742	2	0
271	742	3	0
274	742	4	0
276	742	4	0
277	742	4	0
280	742	4	0
286	742	5	0
287	742	3	0
288	742	3	0
289	742	4	0
290	742	2	0
291	742	3	0
293	742	2	0
294	742	4	0
297	742	3	0
298	742	3	0
299	742	4	0
301	742	4	0
303	742	4	0
304	742	3	0
308	742	4	0
313	742	3	0
314	742	4	0
320	742	4	0
324	742	5	0
328	742	4	0
332	742	5	0
334	742	2	0
336	742	3	0
337	742	5	0
344	742	3	0
345	742	4	0
346	742	4	0
347	742	5	0
348	742	4	0
357	742	4	0
361	742	1	0
363	742	2	0
365	742	3	0
374	742	5	0
378	742	4	0
381	742	4	0
387	742	2	0
388	742	5	0
390	742	4	0
393	742	4	0
394	742	5	0
396	742	4	0
399	742	4	0
416	742	4	0
417	742	2	0
422	742	2	0
429	742	4	0
432	742	4	0
435	742	4	0
436	742	5	0
442	742	3	0
445	742	1	0
447	742	3	0
449	742	3	0
450	742	4	0
453	742	3	0
454	742	3	0
457	742	4	0
458	742	4	0
459	742	4	0
467	742	2	0
468	742	3	0
470	742	4	0
472	742	5	0
484	742	3	0
486	742	2	0
487	742	5	0
488	742	4	0
493	742	3	0
495	742	5	0
499	742	4	0
500	742	3	0
504	742	4	0
505	742	4	0
506	742	5	0
518	742	5	0
521	742	3	0
524	742	3	0
525	742	3	0
526	742	3	0
533	742	4	0
534	742	5	0
540	742	4	0
543	742	3	0
545	742	4	0
548	742	5	0
551	742	5	0
552	742	4	0
554	742	3	0
566	742	3	0
577	742	4	0
582	742	3	0
586	742	3	0
588	742	4	0
592	742	4	0
593	742	4	0
595	742	2	0
597	742	4	0
608	742	4	0
620	742	5	0
622	742	3	0
624	742	4	0
630	742	5	0
634	742	4	0
635	742	3	0
637	742	4	0
642	742	5	0
647	742	4	0
648	742	5	0
650	742	3	0
653	742	3	0
654	742	4	0
655	742	3	0
660	742	2	0
663	742	4	0
665	742	4	0
666	742	3	0
671	742	5	0
674	742	5	0
677	742	4	0
678	742	4	0
682	742	3	0
684	742	4	0
690	742	3	0
693	742	3	0
697	742	3	0
703	742	3	0
706	742	2	0
708	742	1	0
717	742	5	0
718	742	5	0
719	742	4	0
728	742	4	0
730	742	3	0
733	742	3	0
734	742	4	0
741	742	4	0
749	742	4	0
751	742	3	0
754	742	3	0
756	742	3	0
757	742	4	0
758	742	4	0
759	742	5	0
761	742	2	0
763	742	4	0
764	742	3	0
768	742	3	0
770	742	4	0
788	742	3	0
789	742	3	0
790	742	4	0
792	742	3	0
793	742	3	0
795	742	2	0
796	742	3	0
800	742	4	0
804	742	4	0
805	742	3	0
821	742	4	0
823	742	4	0
825	742	4	0
831	742	3	0
833	742	3	0
839	742	3	0
847	742	3	0
850	742	5	0
851	742	5	0
854	742	2	0
862	742	5	0
864	742	4	0
872	742	4	0
880	742	4	0
881	742	4	0
889	742	3	0
891	742	4	0
895	742	4	0
896	742	1	0
897	742	3	0
899	742	4	0
905	742	4	0
906	742	3	0
907	742	5	0
910	742	4	0
913	742	3	0
919	742	4	0
923	742	4	0
924	742	3	0
927	742	5	0
935	742	5	0
938	742	3	0
939	742	5	0
