1	9	5	0
6	9	4	0
7	9	5	0
10	9	4	0
11	9	5	0
13	9	3	0
14	9	4	0
15	9	4	0
16	9	5	0
17	9	3	0
18	9	5	0
21	9	5	0
24	9	5	0
26	9	4	0
27	9	4	0
32	9	3	0
43	9	4	0
44	9	5	0
50	9	4	0
58	9	4	0
59	9	4	0
60	9	5	0
62	9	4	0
64	9	4	0
65	9	5	0
66	9	4	0
68	9	4	0
69	9	4	0
72	9	5	0
74	9	4	0
82	9	4	0
85	9	4	0
87	9	4	0
90	9	4	0
92	9	4	0
94	9	5	0
104	9	2	0
106	9	4	0
109	9	3	0
113	9	3	0
115	9	5	0
119	9	4	0
120	9	4	0
121	9	5	0
123	9	5	0
131	9	5	0
136	9	5	0
144	9	5	0
145	9	2	0
151	9	4	0
156	9	4	0
159	9	3	0
160	9	3	0
164	9	4	0
168	9	1	0
174	9	5	0
175	9	4	0
178	9	2	0
181	9	4	0
184	9	5	0
185	9	4	0
189	9	3	0
190	9	1	0
192	9	5	0
194	9	4	0
199	9	5	0
200	9	4	0
201	9	3	0
204	9	5	0
207	9	4	0
209	9	3	0
211	9	3	0
216	9	4	0
222	9	5	0
226	9	5	0
227	9	3	0
233	9	5	0
234	9	3	0
236	9	5	0
237	9	4	0
239	9	5	0
244	9	5	0
249	9	5	0
250	9	2	0
252	9	5	0
256	9	4	0
266	9	4	0
269	9	4	0
271	9	4	0
274	9	5	0
276	9	5	0
277	9	4	0
280	9	5	0
287	9	5	0
291	9	5	0
292	9	4	0
296	9	4	0
298	9	4	0
301	9	3	0
303	9	5	0
308	9	4	0
311	9	4	0
314	9	4	0
316	9	4	0
321	9	4	0
322	9	4	0
323	9	4	0
324	9	5	0
326	9	1	0
327	9	5	0
328	9	4	0
332	9	4	0
334	9	4	0
339	9	5	0
342	9	5	0
343	9	5	0
344	9	5	0
345	9	4	0
349	9	4	0
354	9	3	0
363	9	3	0
374	9	1	0
378	9	5	0
379	9	4	0
380	9	3	0
382	9	4	0
383	9	5	0
388	9	3	0
390	9	5	0
391	9	5	0
393	9	4	0
396	9	4	0
399	9	3	0
401	9	3	0
402	9	4	0
403	9	3	0
406	9	5	0
409	9	4	0
411	9	4	0
413	9	4	0
416	9	5	0
423	9	5	0
424	9	5	0
430	9	3	0
434	9	1	0
435	9	4	0
438	9	4	0
441	9	4	0
444	9	5	0
445	9	2	0
447	9	2	0
449	9	4	0
453	9	3	0
455	9	4	0
456	9	3	0
457	9	5	0
458	9	5	0
460	9	3	0
461	9	5	0
468	9	5	0
470	9	5	0
473	9	5	0
474	9	5	0
483	9	2	0
484	9	1	0
486	9	5	0
488	9	4	0
490	9	4	0
494	9	2	0
495	9	5	0
498	9	2	0
500	9	4	0
504	9	4	0
518	9	3	0
523	9	4	0
527	9	5	0
532	9	5	0
533	9	4	0
535	9	5	0
540	9	5	0
543	9	4	0
548	9	1	0
551	9	5	0
554	9	4	0
558	9	4	0
561	9	4	0
567	9	4	0
569	9	5	0
572	9	5	0
576	9	3	0
581	9	5	0
590	9	3	0
592	9	5	0
593	9	3	0
595	9	4	0
601	9	4	0
602	9	4	0
605	9	4	0
608	9	4	0
610	9	3	0
612	9	3	0
614	9	4	0
618	9	3	0
622	9	4	0
627	9	4	0
629	9	4	0
630	9	2	0
634	9	5	0
636	9	3	0
637	9	1	0
648	9	1	0
655	9	3	0
657	9	4	0
658	9	4	0
663	9	2	0
665	9	4	0
667	9	5	0
676	9	2	0
680	9	4	0
682	9	3	0
690	9	3	0
693	9	3	0
694	9	5	0
696	9	5	0
697	9	4	0
698	9	3	0
699	9	2	0
703	9	2	0
706	9	3	0
707	9	5	0
708	9	1	0
714	9	3	0
719	9	4	0
723	9	3	0
725	9	4	0
733	9	3	0
735	9	4	0
743	9	5	0
744	9	3	0
745	9	4	0
747	9	5	0
749	9	3	0
754	9	4	0
756	9	2	0
761	9	2	0
764	9	4	0
768	9	5	0
777	9	5	0
786	9	5	0
788	9	4	0
789	9	5	0
791	9	5	0
792	9	3	0
793	9	3	0
796	9	3	0
805	9	3	0
813	9	3	0
815	9	4	0
817	9	3	0
825	9	3	0
834	9	3	0
837	9	3	0
838	9	4	0
851	9	4	0
854	9	5	0
858	9	5	0
864	9	5	0
867	9	5	0
870	9	5	0
878	9	4	0
881	9	3	0
883	9	4	0
884	9	5	0
886	9	5	0
887	9	2	0
889	9	4	0
894	9	4	0
896	9	4	0
900	9	2	0
903	9	3	0
904	9	4	0
906	9	4	0
910	9	4	0
913	9	5	0
916	9	5	0
917	9	5	0
919	9	5	0
923	9	4	0
924	9	4	0
928	9	5	0
932	9	5	0
933	9	3	0
935	9	1	0
936	9	4	0
937	9	5	0
938	9	3	0
939	9	5	0
940	9	3	0
943	9	3	0
1	100	5	0
2	100	5	0
5	100	5	0
6	100	5	0
7	100	5	0
10	100	5	0
11	100	4	0
13	100	5	0
14	100	5	0
16	100	5	0
17	100	4	0
18	100	5	0
21	100	5	0
23	100	5	0
24	100	5	0
26	100	5	0
27	100	5	0
28	100	5	0
32	100	3	0
41	100	4	0
43	100	4	0
44	100	5	0
45	100	5	0
46	100	4	0
49	100	4	0
50	100	2	0
52	100	4	0
53	100	5	0
54	100	5	0
57	100	5	0
58	100	5	0
59	100	5	0
62	100	4	0
63	100	5	0
64	100	4	0
65	100	3	0
69	100	5	0
71	100	4	0
72	100	5	0
73	100	4	0
74	100	4	0
75	100	5	0
76	100	5	0
77	100	3	0
79	100	5	0
80	100	5	0
81	100	3	0
82	100	5	0
84	100	4	0
85	100	3	0
87	100	5	0
89	100	5	0
90	100	5	0
92	100	5	0
94	100	5	0
96	100	5	0
97	100	2	0
99	100	5	0
104	100	4	0
106	100	3	0
108	100	4	0
109	100	4	0
113	100	4	0
114	100	5	0
115	100	5	0
118	100	5	0
119	100	5	0
121	100	4	0
123	100	4	0
130	100	3	0
131	100	5	0
132	100	4	0
136	100	5	0
138	100	5	0
139	100	5	0
141	100	4	0
144	100	5	0
145	100	5	0
150	100	2	0
151	100	3	0
156	100	4	0
157	100	5	0
158	100	5	0
160	100	5	0
161	100	4	0
164	100	5	0
168	100	4	0
174	100	5	0
175	100	2	0
176	100	5	0
177	100	5	0
178	100	4	0
181	100	3	0
182	100	3	0
184	100	5	0
186	100	4	0
188	100	4	0
189	100	4	0
190	100	4	0
192	100	5	0
193	100	5	0
194	100	4	0
195	100	5	0
198	100	1	0
199	100	3	0
201	100	4	0
203	100	1	0
207	100	2	0
213	100	5	0
214	100	4	0
216	100	5	0
218	100	4	0
221	100	5	0
222	100	5	0
227	100	5	0
230	100	4	0
232	100	5	0
233	100	4	0
234	100	4	0
235	100	4	0
236	100	3	0
237	100	5	0
239	100	3	0
244	100	4	0
246	100	4	0
247	100	3	0
248	100	4	0
249	100	5	0
250	100	5	0
251	100	4	0
252	100	5	0
253	100	4	0
255	100	3	0
256	100	4	0
257	100	5	0
262	100	3	0
263	100	5	0
264	100	5	0
265	100	5	0
266	100	5	0
267	100	5	0
268	100	3	0
269	100	5	0
271	100	5	0
274	100	5	0
276	100	5	0
277	100	4	0
279	100	4	0
280	100	3	0
283	100	4	0
285	100	4	0
286	100	3	0
287	100	5	0
288	100	5	0
291	100	5	0
292	100	5	0
293	100	4	0
294	100	4	0
295	100	5	0
296	100	5	0
297	100	5	0
299	100	3	0
300	100	3	0
301	100	5	0
303	100	5	0
305	100	3	0
306	100	4	0
307	100	3	0
308	100	5	0
311	100	1	0
312	100	4	0
313	100	5	0
315	100	5	0
316	100	4	0
318	100	5	0
320	100	4	0
321	100	4	0
323	100	4	0
325	100	4	0
327	100	4	0
328	100	5	0
329	100	4	0
330	100	4	0
331	100	4	0
333	100	4	0
334	100	5	0
336	100	3	0
338	100	4	0
339	100	5	0
342	100	5	0
343	100	5	0
344	100	5	0
345	100	5	0
346	100	3	0
347	100	3	0
348	100	4	0
349	100	4	0
352	100	4	0
354	100	5	0
360	100	5	0
361	100	5	0
363	100	5	0
365	100	5	0
367	100	5	0
368	100	4	0
370	100	4	0
372	100	3	0
373	100	3	0
374	100	5	0
376	100	4	0
377	100	3	0
378	100	4	0
379	100	5	0
380	100	4	0
381	100	4	0
382	100	4	0
383	100	4	0
385	100	4	0
387	100	5	0
388	100	3	0
389	100	5	0
390	100	5	0
391	100	4	0
393	100	1	0
395	100	4	0
396	100	2	0
397	100	5	0
398	100	3	0
399	100	3	0
401	100	4	0
402	100	5	0
403	100	5	0
406	100	4	0
407	100	5	0
409	100	5	0
413	100	4	0
414	100	5	0
416	100	5	0
417	100	3	0
419	100	5	0
420	100	5	0
421	100	4	0
422	100	4	0
423	100	5	0
424	100	5	0
425	100	4	0
426	100	4	0
429	100	5	0
430	100	5	0
432	100	3	0
435	100	3	0
437	100	4	0
438	100	4	0
439	100	3	0
441	100	3	0
442	100	2	0
444	100	5	0
445	100	2	0
447	100	5	0
449	100	5	0
450	100	4	0
452	100	5	0
453	100	5	0
454	100	4	0
455	100	4	0
456	100	3	0
457	100	5	0
458	100	4	0
459	100	1	0
460	100	5	0
462	100	4	0
463	100	4	0
465	100	3	0
467	100	5	0
468	100	5	0
470	100	4	0
472	100	5	0
474	100	5	0
475	100	5	0
478	100	5	0
479	100	3	0
480	100	4	0
481	100	4	0
486	100	5	0
487	100	5	0
488	100	2	0
490	100	3	0
491	100	5	0
492	100	4	0
493	100	5	0
494	100	5	0
497	100	4	0
498	100	3	0
499	100	4	0
500	100	4	0
501	100	4	0
503	100	5	0
504	100	5	0
514	100	4	0
518	100	4	0
520	100	4	0
521	100	3	0
522	100	5	0
524	100	5	0
525	100	4	0
526	100	5	0
527	100	5	0
530	100	4	0
532	100	5	0
533	100	5	0
535	100	5	0
537	100	4	0
538	100	4	0
540	100	5	0
542	100	4	0
546	100	3	0
548	100	5	0
549	100	4	0
551	100	4	0
552	100	4	0
553	100	5	0
554	100	3	0
555	100	5	0
558	100	5	0
560	100	5	0
561	100	4	0
566	100	5	0
567	100	1	0
568	100	4	0
569	100	5	0
572	100	3	0
574	100	5	0
576	100	4	0
577	100	4	0
579	100	4	0
580	100	3	0
581	100	5	0
582	100	5	0
583	100	5	0
588	100	1	0
590	100	5	0
591	100	5	0
592	100	5	0
593	100	5	0
594	100	4	0
595	100	4	0
601	100	4	0
603	100	4	0
604	100	5	0
605	100	5	0
606	100	5	0
607	100	4	0
608	100	4	0
612	100	4	0
614	100	5	0
615	100	3	0
617	100	4	0
618	100	4	0
620	100	1	0
621	100	5	0
622	100	5	0
624	100	5	0
625	100	3	0
627	100	5	0
629	100	5	0
630	100	3	0
632	100	3	0
634	100	4	0
636	100	5	0
637	100	4	0
638	100	3	0
639	100	1	0
643	100	5	0
644	100	4	0
650	100	4	0
653	100	4	0
654	100	1	0
655	100	3	0
658	100	4	0
660	100	3	0
662	100	5	0
663	100	4	0
664	100	5	0
665	100	3	0
666	100	4	0
676	100	5	0
678	100	5	0
679	100	3	0
680	100	3	0
682	100	3	0
684	100	4	0
692	100	4	0
694	100	4	0
698	100	2	0
699	100	4	0
701	100	5	0
703	100	4	0
704	100	4	0
706	100	1	0
707	100	5	0
710	100	4	0
714	100	1	0
715	100	2	0
717	100	4	0
722	100	4	0
725	100	5	0
727	100	2	0
728	100	5	0
730	100	5	0
733	100	5	0
735	100	2	0
737	100	5	0
738	100	2	0
739	100	5	0
742	100	5	0
743	100	5	0
745	100	5	0
747	100	5	0
749	100	3	0
751	100	4	0
756	100	5	0
757	100	3	0
758	100	5	0
763	100	5	0
764	100	4	0
767	100	5	0
768	100	5	0
770	100	5	0
773	100	4	0
774	100	1	0
777	100	1	0
781	100	5	0
786	100	4	0
788	100	5	0
789	100	5	0
790	100	2	0
792	100	4	0
793	100	4	0
794	100	5	0
795	100	5	0
796	100	3	0
804	100	5	0
805	100	5	0
806	100	4	0
814	100	4	0
821	100	2	0
823	100	5	0
825	100	4	0
829	100	4	0
830	100	5	0
831	100	4	0
833	100	4	0
834	100	4	0
838	100	4	0
839	100	3	0
840	100	5	0
844	100	4	0
852	100	4	0
854	100	5	0
858	100	3	0
860	100	4	0
862	100	5	0
864	100	5	0
865	100	4	0
868	100	5	0
869	100	5	0
870	100	4	0
874	100	4	0
878	100	2	0
880	100	5	0
881	100	4	0
883	100	4	0
884	100	5	0
885	100	3	0
886	100	4	0
887	100	2	0
888	100	4	0
889	100	4	0
891	100	5	0
892	100	5	0
894	100	4	0
895	100	4	0
896	100	3	0
900	100	4	0
903	100	5	0
905	100	4	0
906	100	4	0
907	100	5	0
908	100	4	0
910	100	4	0
913	100	3	0
916	100	5	0
917	100	4	0
919	100	5	0
923	100	5	0
924	100	4	0
929	100	4	0
930	100	3	0
931	100	4	0
932	100	5	0
933	100	5	0
934	100	4	0
935	100	3	0
936	100	4	0
937	100	3	0
938	100	5	0
940	100	3	0
943	100	5	0
1	127	5	0
2	127	5	0
6	127	5	0
7	127	5	0
8	127	5	0
10	127	5	0
12	127	4	0
13	127	5	0
14	127	2	0
15	127	2	0
16	127	5	0
18	127	5	0
21	127	5	0
22	127	5	0
24	127	5	0
25	127	3	0
26	127	5	0
37	127	4	0
38	127	2	0
43	127	4	0
45	127	5	0
46	127	5	0
54	127	4	0
58	127	4	0
59	127	5	0
62	127	4	0
64	127	5	0
66	127	4	0
68	127	4	0
72	127	5	0
73	127	5	0
77	127	2	0
82	127	2	0
83	127	4	0
85	127	5	0
87	127	4	0
89	127	5	0
90	127	4	0
91	127	5	0
94	127	5	0
95	127	4	0
96	127	5	0
102	127	2	0
103	127	4	0
104	127	3	0
108	127	4	0
109	127	2	0
113	127	4	0
115	127	5	0
116	127	5	0
120	127	4	0
121	127	5	0
122	127	5	0
123	127	5	0
131	127	4	0
132	127	4	0
136	127	5	0
139	127	5	0
141	127	2	0
144	127	4	0
148	127	1	0
150	127	5	0
153	127	3	0
157	127	5	0
158	127	5	0
159	127	5	0
160	127	5	0
161	127	3	0
165	127	4	0
169	127	4	0
175	127	5	0
177	127	5	0
178	127	5	0
184	127	5	0
185	127	5	0
188	127	4	0
189	127	4	0
192	127	4	0
193	127	5	0
194	127	5	0
195	127	5	0
197	127	5	0
198	127	5	0
201	127	5	0
207	127	5	0
209	127	5	0
210	127	5	0
211	127	4	0
212	127	2	0
213	127	5	0
214	127	4	0
215	127	4	0
222	127	5	0
227	127	4	0
231	127	3	0
232	127	3	0
233	127	5	0
234	127	4	0
236	127	5	0
237	127	5	0
243	127	4	0
248	127	5	0
250	127	4	0
253	127	5	0
256	127	4	0
263	127	4	0
267	127	5	0
268	127	4	0
269	127	4	0
271	127	5	0
272	127	5	0
276	127	5	0
280	127	5	0
286	127	4	0
288	127	5	0
292	127	5	0
293	127	5	0
294	127	5	0
296	127	5	0
298	127	5	0
299	127	5	0
301	127	4	0
303	127	5	0
305	127	5	0
308	127	4	0
311	127	4	0
313	127	5	0
315	127	5	0
316	127	2	0
318	127	5	0
321	127	3	0
322	127	4	0
323	127	5	0
324	127	4	0
325	127	5	0
326	127	1	0
327	127	4	0
328	127	5	0
329	127	4	0
332	127	5	0
333	127	4	0
334	127	4	0
337	127	3	0
339	127	5	0
343	127	5	0
344	127	5	0
346	127	5	0
347	127	5	0
350	127	5	0
358	127	1	0
360	127	5	0
363	127	4	0
368	127	4	0
371	127	4	0
373	127	2	0
374	127	4	0
379	127	5	0
382	127	3	0
385	127	4	0
386	127	5	0
387	127	4	0
389	127	5	0
391	127	5	0
392	127	5	0
395	127	5	0
397	127	5	0
398	127	4	0
399	127	2	0
401	127	1	0
402	127	5	0
403	127	4	0
405	127	5	0
406	127	4	0
407	127	3	0
409	127	4	0
416	127	5	0
417	127	4	0
420	127	5	0
421	127	4	0
422	127	4	0
423	127	4	0
424	127	4	0
425	127	4	0
429	127	4	0
430	127	4	0
435	127	4	0
436	127	5	0
445	127	2	0
449	127	5	0
450	127	5	0
452	127	5	0
455	127	5	0
456	127	5	0
457	127	5	0
458	127	5	0
459	127	4	0
460	127	4	0
463	127	5	0
464	127	5	0
465	127	4	0
466	127	3	0
467	127	5	0
468	127	4	0
469	127	4	0
473	127	5	0
474	127	5	0
475	127	4	0
479	127	5	0
480	127	3	0
482	127	4	0
486	127	5	0
488	127	4	0
490	127	5	0
491	127	3	0
492	127	5	0
493	127	3	0
494	127	5	0
495	127	4	0
497	127	5	0
498	127	4	0
499	127	4	0
501	127	5	0
503	127	5	0
504	127	5	0
505	127	1	0
513	127	4	0
517	127	4	0
521	127	4	0
524	127	5	0
525	127	3	0
526	127	4	0
527	127	5	0
532	127	5	0
533	127	5	0
537	127	5	0
538	127	5	0
539	127	3	0
542	127	5	0
548	127	5	0
549	127	5	0
551	127	5	0
552	127	4	0
556	127	5	0
557	127	4	0
559	127	4	0
560	127	5	0
562	127	5	0
564	127	4	0
566	127	5	0
567	127	5	0
568	127	4	0
573	127	4	0
575	127	2	0
581	127	5	0
586	127	4	0
590	127	4	0
591	127	4	0
592	127	5	0
594	127	4	0
595	127	5	0
597	127	4	0
600	127	5	0
601	127	4	0
602	127	5	0
604	127	4	0
605	127	5	0
606	127	4	0
608	127	5	0
610	127	5	0
612	127	2	0
613	127	4	0
615	127	5	0
618	127	5	0
619	127	4	0
622	127	5	0
623	127	4	0
624	127	4	0
629	127	5	0
630	127	2	0
634	127	5	0
637	127	2	0
638	127	2	0
643	127	5	0
644	127	4	0
648	127	3	0
649	127	5	0
650	127	2	0
651	127	4	0
653	127	5	0
655	127	5	0
658	127	5	0
659	127	5	0
663	127	5	0
664	127	5	0
665	127	4	0
666	127	5	0
669	127	5	0
672	127	4	0
674	127	5	0
678	127	5	0
682	127	5	0
683	127	4	0
686	127	5	0
690	127	4	0
692	127	3	0
693	127	4	0
694	127	5	0
697	127	5	0
698	127	4	0
699	127	3	0
701	127	4	0
703	127	5	0
708	127	3	0
709	127	5	0
710	127	5	0
716	127	5	0
717	127	4	0
719	127	3	0
721	127	5	0
727	127	4	0
731	127	4	0
733	127	3	0
735	127	4	0
736	127	4	0
737	127	5	0
738	127	4	0
742	127	5	0
744	127	5	0
745	127	2	0
746	127	2	0
747	127	5	0
749	127	4	0
754	127	4	0
758	127	5	0
759	127	2	0
761	127	3	0
763	127	4	0
765	127	5	0
766	127	5	0
768	127	5	0
773	127	5	0
774	127	4	0
776	127	5	0
777	127	1	0
781	127	5	0
782	127	4	0
786	127	4	0
789	127	5	0
793	127	5	0
794	127	5	0
796	127	5	0
797	127	4	0
799	127	4	0
800	127	4	0
804	127	3	0
805	127	3	0
806	127	5	0
807	127	3	0
815	127	3	0
823	127	5	0
825	127	3	0
826	127	5	0
830	127	4	0
833	127	5	0
834	127	5	0
835	127	4	0
838	127	5	0
839	127	5	0
840	127	4	0
843	127	2	0
846	127	5	0
848	127	3	0
851	127	5	0
852	127	4	0
854	127	4	0
858	127	5	0
862	127	5	0
864	127	4	0
868	127	4	0
869	127	5	0
870	127	5	0
871	127	5	0
874	127	5	0
878	127	4	0
879	127	5	0
880	127	5	0
881	127	4	0
883	127	5	0
884	127	4	0
886	127	4	0
887	127	3	0
889	127	4	0
890	127	5	0
891	127	4	0
892	127	5	0
896	127	5	0
897	127	5	0
902	127	3	0
903	127	5	0
908	127	4	0
910	127	5	0
913	127	4	0
922	127	3	0
924	127	3	0
928	127	5	0
929	127	5	0
931	127	5	0
933	127	5	0
935	127	4	0
936	127	5	0
938	127	5	0
939	127	5	0
943	127	5	0
2	273	4	0
7	273	3	0
8	273	3	0
10	273	4	0
13	273	3	0
16	273	5	0
21	273	4	0
37	273	3	0
42	273	3	0
54	273	4	0
55	273	5	0
59	273	2	0
62	273	4	0
64	273	2	0
67	273	4	0
69	273	3	0
75	273	5	0
81	273	4	0
84	273	4	0
87	273	3	0
90	273	3	0
92	273	4	0
94	273	4	0
99	273	5	0
102	273	3	0
104	273	3	0
106	273	3	0
113	273	4	0
115	273	4	0
144	273	4	0
145	273	5	0
150	273	4	0
157	273	5	0
158	273	3	0
159	273	5	0
160	273	5	0
168	273	4	0
175	273	2	0
176	273	4	0
178	273	3	0
181	273	1	0
183	273	4	0
190	273	4	0
195	273	4	0
201	273	2	0
207	273	4	0
213	273	5	0
218	273	4	0
221	273	5	0
227	273	3	0
234	273	3	0
236	273	1	0
249	273	4	0
253	273	3	0
255	273	2	0
265	273	5	0
267	273	4	0
268	273	3	0
276	273	4	0
277	273	5	0
279	273	2	0
291	273	3	0
293	273	4	0
294	273	3	0
297	273	4	0
301	273	1	0
303	273	3	0
308	273	2	0
315	273	3	0
323	273	4	0
324	273	5	0
327	273	2	0
328	273	3	0
332	273	5	0
336	273	5	0
344	273	4	0
346	273	4	0
347	273	5	0
352	273	2	0
357	273	5	0
359	273	4	0
361	273	3	0
363	273	3	0
372	273	5	0
374	273	2	0
378	273	4	0
385	273	2	0
386	273	3	0
387	273	4	0
393	273	3	0
395	273	2	0
397	273	4	0
399	273	3	0
401	273	2	0
402	273	4	0
413	273	2	0
416	273	4	0
417	273	3	0
422	273	5	0
425	273	4	0
429	273	4	0
430	273	4	0
433	273	3	0
435	273	5	0
436	273	4	0
439	273	2	0
442	273	4	0
445	273	2	0
449	273	4	0
450	273	3	0
453	273	4	0
456	273	3	0
458	273	4	0
460	273	4	0
466	273	4	0
467	273	4	0
468	273	2	0
470	273	3	0
473	273	5	0
479	273	4	0
486	273	3	0
487	273	5	0
490	273	1	0
491	273	5	0
493	273	4	0
497	273	4	0
501	273	4	0
512	273	5	0
518	273	5	0
521	273	3	0
524	273	3	0
526	273	2	0
534	273	5	0
537	273	3	0
538	273	3	0
542	273	3	0
548	273	5	0
551	273	4	0
554	273	3	0
561	273	5	0
566	273	5	0
567	273	5	0
569	273	3	0
586	273	5	0
592	273	5	0
595	273	3	0
603	273	1	0
606	273	4	0
618	273	4	0
619	273	4	0
621	273	4	0
624	273	4	0
627	273	4	0
629	273	2	0
630	273	5	0
634	273	3	0
637	273	3	0
643	273	3	0
655	273	4	0
657	273	3	0
658	273	4	0
663	273	4	0
666	273	3	0
671	273	4	0
680	273	3	0
682	273	4	0
689	273	3	0
693	273	3	0
697	273	5	0
699	273	3	0
706	273	3	0
709	273	4	0
715	273	5	0
718	273	3	0
730	273	2	0
733	273	4	0
741	273	3	0
743	273	3	0
749	273	4	0
754	273	3	0
758	273	4	0
764	273	3	0
774	273	1	0
777	273	4	0
785	273	3	0
790	273	5	0
793	273	3	0
794	273	4	0
796	273	2	0
805	273	2	0
806	273	4	0
817	273	5	0
823	273	3	0
825	273	5	0
831	273	3	0
833	273	3	0
851	273	5	0
854	273	4	0
864	273	5	0
867	273	3	0
868	273	3	0
870	273	3	0
872	273	3	0
880	273	5	0
883	273	4	0
886	273	2	0
889	273	4	0
892	273	4	0
894	273	3	0
896	273	5	0
897	273	3	0
903	273	3	0
905	273	3	0
906	273	4	0
910	273	3	0
913	273	3	0
916	273	3	0
923	273	5	0
924	273	3	0
933	273	3	0
936	273	3	0
938	273	5	0
941	273	3	0
2	276	4	0
6	276	2	0
9	276	4	0
10	276	4	0
12	276	4	0
13	276	5	0
14	276	4	0
17	276	4	0
18	276	5	0
24	276	5	0
26	276	4	0
32	276	4	0
41	276	2	0
42	276	1	0
43	276	4	0
45	276	5	0
50	276	2	0
54	276	5	0
59	276	5	0
62	276	5	0
63	276	4	0
67	276	4	0
68	276	5	0
71	276	4	0
74	276	4	0
76	276	5	0
77	276	2	0
79	276	3	0
81	276	4	0
82	276	4	0
84	276	4	0
90	276	4	0
92	276	5	0
93	276	2	0
99	276	2	0
104	276	4	0
119	276	2	0
121	276	3	0
123	276	4	0
128	276	4	0
130	276	4	0
131	276	5	0
136	276	5	0
141	276	1	0
144	276	3	0
145	276	1	0
150	276	5	0
156	276	3	0
157	276	4	0
159	276	5	0
160	276	5	0
161	276	5	0
164	276	3	0
168	276	1	0
174	276	5	0
177	276	5	0
178	276	3	0
181	276	2	0
184	276	4	0
185	276	4	0
189	276	3	0
190	276	4	0
192	276	2	0
193	276	4	0
194	276	3	0
195	276	4	0
198	276	3	0
199	276	4	0
200	276	5	0
201	276	5	0
203	276	4	0
207	276	2	0
209	276	2	0
210	276	5	0
214	276	3	0
216	276	4	0
222	276	5	0
223	276	4	0
224	276	3	0
227	276	4	0
230	276	5	0
232	276	5	0
233	276	5	0
234	276	3	0
239	276	5	0
244	276	5	0
250	276	4	0
252	276	5	0
256	276	3	0
257	276	5	0
266	276	3	0
269	276	5	0
271	276	3	0
274	276	4	0
276	276	4	0
277	276	4	0
280	276	5	0
285	276	4	0
287	276	4	0
288	276	4	0
292	276	5	0
294	276	4	0
296	276	5	0
298	276	2	0
299	276	4	0
301	276	1	0
303	276	4	0
308	276	4	0
311	276	4	0
312	276	4	0
314	276	1	0
315	276	4	0
316	276	2	0
320	276	2	0
321	276	3	0
324	276	5	0
329	276	4	0
332	276	3	0
333	276	4	0
334	276	4	0
336	276	4	0
339	276	4	0
342	276	3	0
343	276	5	0
344	276	4	0
346	276	1	0
347	276	3	0
348	276	3	0
349	276	5	0
354	276	3	0
361	276	4	0
365	276	2	0
374	276	4	0
378	276	4	0
381	276	3	0
382	276	3	0
385	276	3	0
388	276	2	0
391	276	3	0
392	276	4	0
398	276	4	0
399	276	3	0
401	276	4	0
402	276	5	0
403	276	4	0
406	276	4	0
409	276	4	0
411	276	3	0
412	276	5	0
413	276	4	0
416	276	3	0
422	276	5	0
423	276	5	0
424	276	2	0
429	276	5	0
430	276	1	0
432	276	4	0
433	276	5	0
436	276	4	0
437	276	5	0
439	276	5	0
442	276	4	0
445	276	3	0
447	276	4	0
449	276	5	0
452	276	1	0
453	276	5	0
455	276	4	0
457	276	4	0
458	276	5	0
460	276	5	0
463	276	3	0
467	276	5	0
470	276	5	0
473	276	4	0
474	276	5	0
478	276	5	0
486	276	4	0
487	276	3	0
500	276	5	0
501	276	4	0
504	276	3	0
518	276	5	0
525	276	5	0
526	276	4	0
533	276	1	0
534	276	5	0
535	276	3	0
537	276	4	0
538	276	1	0
540	276	4	0
548	276	3	0
551	276	5	0
554	276	3	0
561	276	4	0
569	276	4	0
573	276	3	0
576	276	3	0
581	276	3	0
583	276	4	0
586	276	3	0
590	276	4	0
592	276	5	0
593	276	1	0
594	276	3	0
596	276	3	0
599	276	2	0
601	276	4	0
605	276	4	0
608	276	2	0
610	276	4	0
614	276	4	0
618	276	3	0
621	276	4	0
622	276	4	0
624	276	5	0
627	276	2	0
629	276	5	0
630	276	1	0
632	276	2	0
633	276	3	0
634	276	5	0
635	276	3	0
643	276	5	0
644	276	4	0
651	276	4	0
654	276	1	0
655	276	4	0
658	276	4	0
662	276	3	0
663	276	3	0
664	276	5	0
669	276	2	0
678	276	5	0
680	276	5	0
682	276	3	0
690	276	3	0
697	276	5	0
699	276	3	0
703	276	3	0
708	276	2	0
714	276	2	0
715	276	3	0
725	276	4	0
730	276	3	0
733	276	5	0
735	276	4	0
743	276	5	0
744	276	4	0
745	276	1	0
747	276	5	0
754	276	5	0
757	276	4	0
758	276	2	0
764	276	3	0
776	276	4	0
786	276	1	0
789	276	5	0
792	276	3	0
793	276	3	0
800	276	3	0
825	276	1	0
829	276	4	0
834	276	5	0
837	276	1	0
838	276	4	0
839	276	3	0
859	276	4	0
862	276	5	0
864	276	5	0
867	276	1	0
869	276	4	0
870	276	4	0
871	276	5	0
874	276	4	0
876	276	4	0
878	276	3	0
879	276	4	0
880	276	4	0
881	276	5	0
883	276	5	0
889	276	4	0
892	276	4	0
894	276	5	0
903	276	5	0
906	276	5	0
913	276	3	0
916	276	4	0
917	276	5	0
919	276	5	0
921	276	1	0
922	276	3	0
923	276	5	0
924	276	2	0
928	276	5	0
929	276	2	0
936	276	5	0
938	276	3	0
6	475	5	0
10	475	4	0
13	475	3	0
14	475	3	0
17	475	4	0
24	475	4	0
26	475	3	0
27	475	2	0
32	475	5	0
49	475	4	0
50	475	5	0
52	475	4	0
54	475	5	0
57	475	2	0
58	475	5	0
62	475	4	0
63	475	4	0
64	475	5	0
66	475	2	0
68	475	5	0
69	475	3	0
71	475	5	0
73	475	4	0
75	475	5	0
81	475	5	0
82	475	1	0
89	475	5	0
90	475	3	0
92	475	5	0
94	475	5	0
99	475	5	0
104	475	4	0
109	475	1	0
115	475	5	0
117	475	5	0
118	475	5	0
119	475	4	0
125	475	1	0
130	475	3	0
135	475	4	0
136	475	4	0
139	475	5	0
144	475	1	0
150	475	5	0
154	475	4	0
157	475	3	0
160	475	5	0
176	475	5	0
177	475	4	0
181	475	2	0
198	475	4	0
199	475	5	0
201	475	4	0
203	475	3	0
207	475	2	0
213	475	4	0
214	475	5	0
216	475	5	0
221	475	4	0
222	475	4	0
227	475	4	0
228	475	3	0
232	475	5	0
239	475	5	0
242	475	3	0
244	475	4	0
246	475	4	0
248	475	5	0
250	475	4	0
252	475	5	0
257	475	5	0
259	475	5	0
264	475	5	0
267	475	5	0
268	475	4	0
269	475	5	0
270	475	5	0
276	475	5	0
286	475	4	0
291	475	5	0
292	475	5	0
294	475	5	0
296	475	4	0
297	475	5	0
299	475	4	0
303	475	4	0
305	475	4	0
308	475	4	0
315	475	4	0
323	475	3	0
324	475	5	0
325	475	4	0
327	475	4	0
331	475	3	0
334	475	4	0
336	475	4	0
339	475	5	0
342	475	5	0
343	475	5	0
347	475	4	0
349	475	4	0
361	475	4	0
374	475	1	0
382	475	3	0
383	475	2	0
387	475	3	0
389	475	5	0
390	475	1	0
397	475	4	0
399	475	5	0
402	475	3	0
409	475	4	0
416	475	2	0
417	475	4	0
420	475	4	0
422	475	4	0
425	475	5	0
429	475	4	0
432	475	4	0
437	475	3	0
439	475	3	0
445	475	5	0
449	475	5	0
452	475	2	0
453	475	5	0
455	475	4	0
456	475	5	0
458	475	4	0
463	475	3	0
465	475	3	0
467	475	4	0
468	475	4	0
470	475	4	0
472	475	5	0
473	475	5	0
474	475	4	0
479	475	1	0
486	475	4	0
490	475	4	0
491	475	4	0
493	475	3	0
497	475	4	0
498	475	3	0
500	475	5	0
501	475	5	0
503	475	2	0
506	475	1	0
518	475	4	0
521	475	3	0
525	475	3	0
526	475	5	0
527	475	3	0
533	475	1	0
534	475	4	0
537	475	4	0
540	475	4	0
542	475	3	0
548	475	4	0
551	475	5	0
561	475	3	0
567	475	4	0
568	475	4	0
569	475	3	0
576	475	1	0
581	475	4	0
582	475	5	0
588	475	2	0
590	475	4	0
592	475	5	0
595	475	5	0
601	475	4	0
605	475	3	0
606	475	4	0
607	475	4	0
608	475	3	0
609	475	2	0
615	475	4	0
617	475	1	0
624	475	4	0
629	475	4	0
632	475	3	0
634	475	5	0
637	475	1	0
648	475	1	0
655	475	3	0
657	475	4	0
658	475	4	0
663	475	4	0
665	475	3	0
667	475	5	0
668	475	4	0
669	475	3	0
677	475	4	0
682	475	3	0
689	475	4	0
699	475	4	0
711	475	5	0
715	475	4	0
717	475	5	0
735	475	4	0
737	475	4	0
741	475	3	0
742	475	4	0
747	475	5	0
758	475	5	0
762	475	5	0
763	475	4	0
768	475	2	0
770	475	5	0
773	475	3	0
789	475	5	0
790	475	3	0
794	475	5	0
805	475	5	0
806	475	4	0
823	475	5	0
828	475	4	0
829	475	4	0
833	475	3	0
834	475	5	0
839	475	5	0
851	475	4	0
854	475	4	0
855	475	4	0
857	475	5	0
859	475	4	0
861	475	3	0
865	475	4	0
867	475	5	0
868	475	4	0
870	475	5	0
877	475	4	0
880	475	4	0
884	475	4	0
886	475	5	0
889	475	4	0
894	475	3	0
903	475	4	0
905	475	3	0
906	475	3	0
907	475	3	0
913	475	4	0
916	475	4	0
919	475	3	0
923	475	5	0
932	475	4	0
933	475	2	0
936	475	5	0
941	475	4	0
943	475	5	0
6	508	3	0
11	508	4	0
13	508	3	0
15	508	2	0
17	508	3	0
24	508	4	0
26	508	3	0
27	508	3	0
32	508	4	0
38	508	2	0
49	508	3	0
50	508	5	0
59	508	5	0
60	508	4	0
62	508	4	0
63	508	4	0
66	508	4	0
69	508	4	0
74	508	4	0
75	508	4	0
79	508	3	0
82	508	2	0
83	508	2	0
85	508	2	0
92	508	5	0
94	508	5	0
99	508	4	0
104	508	2	0
109	508	4	0
113	508	4	0
115	508	5	0
118	508	4	0
120	508	2	0
121	508	4	0
125	508	1	0
128	508	4	0
130	508	4	0
134	508	3	0
139	508	4	0
144	508	4	0
157	508	5	0
160	508	5	0
161	508	2	0
162	508	5	0
175	508	1	0
176	508	3	0
177	508	4	0
178	508	3	0
181	508	3	0
184	508	4	0
190	508	3	0
193	508	4	0
195	508	3	0
199	508	4	0
201	508	4	0
207	508	4	0
213	508	4	0
214	508	4	0
216	508	4	0
221	508	4	0
222	508	3	0
226	508	4	0
232	508	1	0
239	508	5	0
244	508	4	0
266	508	4	0
269	508	4	0
276	508	5	0
277	508	4	0
280	508	3	0
291	508	5	0
294	508	4	0
296	508	5	0
297	508	4	0
299	508	4	0
303	508	4	0
314	508	3	0
315	508	4	0
318	508	4	0
322	508	4	0
323	508	4	0
324	508	5	0
326	508	3	0
327	508	2	0
334	508	3	0
339	508	4	0
342	508	3	0
343	508	5	0
344	508	4	0
345	508	4	0
347	508	3	0
354	508	3	0
357	508	5	0
377	508	4	0
378	508	4	0
382	508	3	0
385	508	2	0
387	508	4	0
388	508	3	0
391	508	2	0
394	508	4	0
399	508	3	0
401	508	3	0
406	508	4	0
407	508	4	0
412	508	4	0
413	508	4	0
417	508	3	0
420	508	3	0
423	508	4	0
424	508	3	0
429	508	4	0
432	508	5	0
442	508	3	0
445	508	2	0
447	508	3	0
453	508	4	0
455	508	4	0
456	508	4	0
463	508	4	0
468	508	4	0
470	508	5	0
473	508	2	0
474	508	3	0
486	508	4	0
497	508	3	0
501	508	4	0
518	508	3	0
523	508	3	0
524	508	5	0
526	508	4	0
527	508	3	0
532	508	4	0
533	508	4	0
534	508	4	0
535	508	5	0
537	508	4	0
540	508	4	0
542	508	3	0
543	508	4	0
551	508	4	0
557	508	4	0
558	508	5	0
559	508	3	0
560	508	3	0
566	508	4	0
569	508	3	0
582	508	4	0
591	508	4	0
592	508	5	0
595	508	5	0
599	508	3	0
601	508	4	0
602	508	3	0
605	508	5	0
606	508	4	0
608	508	4	0
610	508	3	0
614	508	4	0
624	508	4	0
632	508	2	0
634	508	4	0
637	508	2	0
643	508	4	0
653	508	3	0
654	508	1	0
655	508	3	0
657	508	4	0
663	508	4	0
665	508	2	0
669	508	3	0
676	508	1	0
677	508	5	0
692	508	3	0
693	508	2	0
703	508	3	0
708	508	4	0
709	508	4	0
722	508	4	0
728	508	4	0
731	508	1	0
742	508	4	0
744	508	5	0
747	508	5	0
758	508	4	0
761	508	1	0
770	508	5	0
774	508	3	0
780	508	3	0
789	508	4	0
792	508	2	0
793	508	4	0
825	508	4	0
831	508	3	0
833	508	5	0
839	508	3	0
854	508	4	0
860	508	4	0
870	508	3	0
880	508	4	0
894	508	3	0
896	508	2	0
900	508	3	0
905	508	4	0
910	508	4	0
913	508	3	0
919	508	5	0
931	508	4	0
933	508	3	0
936	508	3	0
937	508	1	0
938	508	4	0
939	508	5	0
940	508	5	0
943	508	5	0
