1	104	1	0
181	104	1	0
276	104	1	0
648	104	1	0
847	104	3	0
2	314	1	0
13	314	1	0
206	314	1	0
537	314	1	0
609	314	1	0
5	424	1	0
13	424	1	0
21	424	1	0
38	424	3	0
82	424	1	0
113	424	1	0
181	424	1	0
222	424	1	0
374	424	1	0
425	424	2	0
434	424	1	0
435	424	1	0
453	424	1	0
617	424	1	0
727	424	1	0
802	424	2	0
830	424	1	0
933	424	1	0
939	424	3	0
5	437	1	0
13	437	1	0
21	437	1	0
405	437	1	0
776	437	1	0
5	438	1	0
13	438	1	0
21	438	1	0
201	438	1	0
405	438	1	0
776	438	2	0
5	439	1	0
13	439	1	0
21	439	1	0
405	439	1	0
776	439	1	0
5	442	1	0
13	442	1	0
405	442	1	0
776	442	2	0
7	599	1	0
13	777	1	0
201	777	1	0
368	777	2	0
405	777	1	0
13	784	1	0
405	784	1	0
13	830	1	0
13	852	1	0
13	858	1	0
21	858	1	0
405	858	1	0
13	897	1	0
489	897	2	0
110	1246	2	0
125	1246	2	0
130	1246	3	0
399	1246	1	0
405	1246	1	0
747	1246	1	0
933	1246	1	0
110	1250	3	0
221	1250	2	0
222	1250	1	0
279	1250	1	0
405	1250	1	0
727	1250	1	0
145	1287	2	0
181	1287	1	0
642	1287	2	0
761	1287	1	0
851	1287	1	0
921	1287	1	0
145	1290	1	0
405	1290	2	0
167	1307	2	0
405	1307	1	0
167	1308	1	0
405	1308	1	0
167	1309	1	0
181	1318	1	0
405	1318	1	0
449	1318	2	0
181	1320	1	0
181	1325	1	0
181	1329	1	0
181	1334	1	0
405	1334	1	0
181	1339	1	0
181	1340	1	0
181	1341	1	0
181	1343	1	0
181	1348	1	0
181	1349	1	0
181	1350	1	0
207	1350	2	0
181	1352	1	0
181	1354	1	0
199	1354	1	0
181	1359	1	0
405	1359	1	0
181	1360	1	0
409	1360	2	0
181	1363	1	0
181	1364	1	0
181	1365	1	0
793	1365	2	0
181	1366	1	0
181	1371	1	0
394	1371	2	0
181	1373	1	0
181	1374	1	0
637	1374	1	0
194	1408	1	0
405	1408	1	0
622	1408	1	0
197	1420	1	0
365	1420	2	0
537	1420	1	0
206	1432	1	0
405	1432	1	0
724	1432	1	0
279	1486	1	0
279	1493	1	0
279	1494	1	0
286	1502	2	0
532	1502	1	0
405	1546	1	0
405	1548	1	0
405	1549	1	0
655	1549	2	0
405	1557	1	0
405	1559	1	0
405	1561	1	0
405	1562	1	0
405	1563	1	0
405	1564	1	0
405	1565	1	0
405	1566	1	0
405	1567	1	0
405	1568	1	0
405	1569	1	0
405	1570	1	0
405	1571	1	0
405	1572	1	0
405	1574	1	0
405	1575	1	0
405	1576	1	0
405	1577	1	0
405	1579	1	0
405	1580	1	0
405	1581	1	0
405	1582	1	0
405	1583	1	0
405	1584	1	0
405	1586	1	0
405	1587	1	0
445	1601	1	0
528	1618	1	0
551	1621	1	0
648	1626	1	0
655	1644	1	0
782	1644	2	0
676	1654	1	0
747	1659	1	0
751	1661	1	0
787	1671	1	0
863	1678	1	0
