1	48	5	0
1	32	5	0
1	115	5	0
1	119	5	0
1	75	4	0
3	320	5	0
4	360	5	0
6	32	4	0
7	634	5	0
7	677	3	0
7	644	5	0
7	32	4	0
7	645	4	0
10	48	4	0
10	701	4	0
10	32	4	0
13	813	1	0
13	48	5	0
13	766	4	0
13	857	3	0
13	850	4	0
13	811	5	0
13	32	4	0
13	884	2	0
13	757	3	0
13	320	1	0
13	360	4	0
13	814	5	0
13	847	4	0
14	32	5	0
14	813	2	0
18	973	3	0
18	48	4	0
18	32	2	0
18	954	3	0
21	320	3	0
23	32	3	0
31	32	5	0
31	1022	5	0
31	811	4	0
42	48	5	0
43	847	5	0
44	644	3	0
47	1022	3	0
48	1065	2	0
49	320	5	0
49	813	3	0
50	1084	5	0
54	634	1	0
58	32	5	0
58	645	5	0
58	850	5	0
58	1084	4	0
58	813	5	0
59	48	5	0
59	1065	5	0
59	644	4	0
59	32	4	0
62	1128	2	0
62	1130	4	0
63	813	5	0
64	847	3	0
64	48	5	0
64	32	1	0
64	1141	5	0
64	1065	1	0
65	1142	4	0
65	48	5	0
69	1142	4	0
69	48	5	0
70	48	4	0
70	1065	4	0
72	644	4	0
72	48	4	0
73	48	2	0
73	32	4	0
74	1084	3	0
76	811	4	0
78	813	2	0
79	813	5	0
79	1022	5	0
82	1128	1	0
85	1065	3	0
85	813	4	0
87	48	4	0
87	1184	3	0
89	813	5	0
90	811	4	0
90	954	4	0
90	847	5	0
90	644	5	0
90	813	4	0
90	1201	5	0
92	115	3	0
92	1142	4	0
92	48	4	0
92	32	3	0
94	813	5	0
94	644	5	0
94	32	5	0
94	1065	4	0
95	32	1	0
95	48	4	0
96	1232	5	0
96	645	5	0
97	115	5	0
97	32	5	0
104	847	2	0
106	48	3	0
115	644	3	0
115	32	5	0
115	48	5	0
115	847	4	0
116	1142	4	0
118	320	5	0
118	32	5	0
119	813	4	0
121	644	4	0
123	847	4	0
125	813	1	0
126	884	5	0
128	1141	4	0
128	48	4	0
130	1142	4	0
131	813	3	0
136	847	4	0
136	1142	4	0
141	1142	1	0
144	847	4	0
144	1142	5	0
144	32	4	0
144	48	5	0
144	1065	4	0
146	1022	5	0
146	1294	4	0
151	813	4	0
151	847	5	0
151	1065	3	0
156	48	4	0
160	32	5	0
160	1142	5	0
161	48	1	0
167	1307	2	0
167	48	1	0
171	1022	3	0
181	766	1	0
181	847	1	0
181	884	1	0
181	813	2	0
181	1366	1	0
181	1084	2	0
181	1363	1	0
181	360	1	0
181	1318	1	0
181	1022	1	0
181	1331	1	0
181	1128	1	0
181	1378	1	0
182	48	3	0
184	644	4	0
184	766	3	0
184	645	3	0
184	1232	3	0
184	813	4	0
185	701	3	0
187	1065	4	0
189	634	3	0
189	1065	5	0
189	847	4	0
192	813	4	0
195	1084	4	0
196	1022	4	0
198	1142	5	0
199	813	3	0
200	48	2	0
201	1065	3	0
201	1128	4	0
201	644	3	0
201	847	2	0
201	32	3	0
201	48	3	0
204	1022	5	0
206	1022	1	0
206	360	1	0
207	1331	3	0
207	1378	3	0
207	847	3	0
209	766	4	0
209	813	5	0
212	645	3	0
213	48	5	0
214	32	4	0
214	1065	5	0
221	32	4	0
221	48	5	0
221	847	4	0
222	48	5	0
226	813	4	0
232	1128	2	0
232	48	5	0
232	32	4	0
233	48	5	0
233	644	5	0
234	850	2	0
234	634	4	0
234	1184	2	0
234	119	3	0
234	847	4	0
234	48	2	0
234	32	3	0
235	701	4	0
239	701	5	0
239	954	5	0
239	634	4	0
239	1065	5	0
243	813	4	0
244	32	2	0
246	1232	1	0
247	1022	4	0
249	634	5	0
250	813	5	0
251	813	3	0
252	847	4	0
254	75	1	0
257	1022	2	0
264	813	4	0
264	320	4	0
264	645	4	0
268	1065	4	0
269	645	4	0
269	644	5	0
269	48	5	0
269	1065	5	0
271	48	4	0
271	644	3	0
271	847	4	0
272	32	4	0
272	48	4	0
276	1232	3	0
276	1141	3	0
276	634	4	0
276	1482	4	0
279	1142	1	0
279	644	1	0
279	32	3	0
279	1497	2	0
286	884	5	0
286	766	3	0
288	1065	4	0
291	48	5	0
292	320	5	0
292	48	5	0
292	115	4	0
292	1142	4	0
293	48	5	0
295	115	5	0
296	48	5	0
296	32	4	0
296	1142	5	0
297	32	4	0
298	1142	4	0
299	115	3	0
299	847	4	0
299	813	4	0
299	48	4	0
299	32	3	0
299	954	3	0
299	645	4	0
299	811	4	0
299	1141	4	0
299	634	2	0
303	1142	4	0
303	634	3	0
303	1232	3	0
303	813	4	0
303	847	4	0
305	48	5	0
307	1022	4	0
307	634	3	0
307	1065	3	0
308	634	4	0
308	32	5	0
308	1065	5	0
308	48	4	0
308	811	4	0
310	1022	5	0
310	1142	5	0
311	645	5	0
311	1232	4	0
312	847	3	0
312	850	5	0
312	644	5	0
312	813	5	0
315	48	4	0
315	1065	4	0
315	1084	4	0
315	645	4	0
316	1084	4	0
321	1331	4	0
321	32	3	0
321	48	4	0
322	32	5	0
322	48	4	0
323	847	3	0
325	115	3	0
325	32	3	0
325	1232	1	0
326	701	4	0
326	48	3	0
327	644	3	0
327	811	4	0
327	1141	3	0
327	32	4	0
327	48	4	0
327	645	4	0
327	634	5	0
328	645	4	0
330	1084	5	0
331	1141	3	0
331	634	3	0
331	811	4	0
331	32	4	0
334	115	5	0
334	634	4	0
339	32	5	0
339	644	5	0
342	1128	5	0
342	813	5	0
342	320	5	0
342	32	5	0
343	48	3	0
344	1142	5	0
344	119	5	0
345	48	5	0
346	1232	1	0
349	1128	3	0
349	847	4	0
354	847	3	0
354	32	3	0
354	1065	3	0
354	811	5	0
355	360	4	0
356	1294	4	0
360	1142	4	0
361	813	4	0
363	32	2	0
365	813	5	0
368	320	5	0
373	48	5	0
373	645	5	0
374	48	5	0
378	1232	3	0
378	48	5	0
379	644	5	0
379	701	4	0
379	1022	3	0
380	1065	4	0
381	634	3	0
381	847	4	0
382	1142	3	0
385	320	3	0
385	1065	3	0
385	954	4	0
385	1128	3	0
385	1022	3	0
385	811	4	0
385	32	5	0
385	48	5	0
387	847	3	0
387	32	5	0
387	48	4	0
387	320	4	0
387	1128	4	0
389	847	4	0
389	954	4	0
391	48	4	0
392	847	4	0
392	813	3	0
392	1142	5	0
393	644	3	0
393	48	2	0
399	320	3	0
399	1184	3	0
399	48	3	0
399	1232	3	0
399	813	3	0
401	634	1	0
402	48	5	0
402	32	3	0
405	1547	2	0
405	757	1	0
405	75	2	0
405	48	1	0
405	644	3	0
405	1562	1	0
405	1307	1	0
405	954	4	0
405	1318	1	0
405	1232	1	0
405	32	1	0
405	1561	1	0
405	1184	1	0
405	1065	1	0
405	645	1	0
405	1585	1	0
406	115	4	0
406	48	5	0
406	32	5	0
406	645	5	0
406	1065	2	0
406	701	5	0
406	634	4	0
406	813	4	0
409	1065	2	0
409	48	2	0
409	115	2	0
412	634	5	0
416	32	2	0
416	1594	5	0
417	1232	2	0
417	32	2	0
424	115	1	0
424	1084	5	0
425	32	3	0
429	847	3	0
429	32	4	0
429	48	3	0
435	1128	2	0
435	115	4	0
437	1142	4	0
443	644	3	0
445	644	3	0
445	1378	2	0
447	1142	5	0
448	360	4	0
448	884	4	0
448	1294	1	0
448	1022	5	0
449	1318	2	0
449	1142	4	0
450	1184	1	0
450	847	4	0
451	884	1	0
451	360	3	0
451	1022	4	0
452	48	5	0
453	48	4	0
454	48	4	0
456	32	4	0
456	1547	4	0
457	48	5	0
458	644	4	0
458	32	4	0
458	48	4	0
458	847	5	0
460	1142	4	0
460	847	3	0
463	813	4	0
465	48	3	0
465	32	3	0
467	1142	5	0
470	360	2	0
470	1084	3	0
470	847	3	0
470	813	3	0
473	1142	5	0
473	813	3	0
474	48	4	0
478	48	4	0
478	32	3	0
479	32	3	0
479	1142	5	0
486	1142	5	0
486	766	4	0
486	813	5	0
487	48	2	0
489	360	5	0
490	1128	4	0
490	847	3	0
493	48	4	0
493	115	4	0
497	645	3	0
498	32	4	0
498	1142	4	0
504	1084	4	0
504	973	4	0
504	75	4	0
506	48	2	0
508	115	3	0
514	48	4	0
518	847	5	0
521	1022	4	0
522	48	4	0
523	634	5	0
523	1022	4	0
523	954	5	0
524	1184	3	0
524	32	4	0
524	1065	1	0
526	1084	5	0
527	634	5	0
532	1594	4	0
533	48	4	0
533	1142	4	0
533	847	3	0
535	813	5	0
535	32	3	0
535	645	4	0
537	1084	3	0
537	1065	1	0
537	644	5	0
537	32	3	0
537	48	4	0
541	1084	4	0
542	48	5	0
556	48	5	0
556	1065	4	0
558	847	4	0
559	1141	2	0
560	813	4	0
560	847	4	0
561	645	3	0
561	811	3	0
561	48	4	0
561	701	3	0
561	32	4	0
561	1294	1	0
561	644	3	0
566	1232	2	0
566	1065	5	0
567	847	4	0
567	811	4	0
567	1022	5	0
567	32	5	0
568	954	2	0
571	32	2	0
572	813	4	0
574	1022	2	0
577	48	5	0
581	813	5	0
581	847	3	0
585	634	4	0
588	645	5	0
590	1331	4	0
591	48	4	0
591	954	3	0
592	1022	5	0
592	1142	5	0
592	847	5	0
592	48	5	0
592	32	5	0
592	813	4	0
592	1184	5	0
592	320	5	0
595	1142	5	0
601	1084	5	0
604	48	5	0
606	1065	5	0
606	48	4	0
607	847	4	0
614	1142	3	0
615	48	5	0
615	1065	4	0
615	1128	1	0
615	644	4	0
617	320	5	0
617	644	4	0
634	1084	2	0
634	1142	3	0
636	813	5	0
637	847	3	0
639	48	4	0
639	1065	1	0
643	32	4	0
643	1065	4	0
645	32	5	0
645	48	4	0
646	1022	4	0
650	644	3	0
650	1065	4	0
653	973	2	0
653	1065	1	0
655	847	2	0
655	1649	3	0
655	766	3	0
655	1022	3	0
655	320	5	0
655	48	4	0
655	1141	3	0
655	644	3	0
655	1641	3	0
655	1378	3	0
655	645	3	0
655	1629	3	0
655	1084	3	0
655	1128	3	0
655	954	2	0
655	1585	4	0
655	813	3	0
655	32	4	0
655	1232	3	0
655	1142	2	0
658	32	3	0
660	1065	2	0
661	48	4	0
662	813	3	0
666	32	4	0
666	811	4	0
666	48	4	0
666	644	3	0
682	48	4	0
682	75	4	0
682	1232	2	0
682	1084	2	0
684	48	4	0
686	1184	1	0
686	48	5	0
693	48	5	0
693	1232	2	0
694	645	4	0
694	48	4	0
697	1022	1	0
700	48	4	0
707	766	3	0
707	1142	1	0
707	1022	3	0
707	811	4	0
707	847	5	0
707	1141	3	0
708	847	3	0
711	48	4	0
716	48	5	0
721	1065	5	0
731	320	1	0
733	847	3	0
733	1142	4	0
735	813	4	0
737	32	4	0
741	48	4	0
747	32	5	0
747	1497	4	0
747	48	5	0
747	811	3	0
747	634	5	0
747	1142	4	0
747	320	5	0
747	644	5	0
748	813	4	0
748	847	4	0
748	48	4	0
749	48	3	0
752	1294	3	0
758	1142	5	0
758	634	5	0
758	1022	5	0
758	320	5	0
763	1065	5	0
765	847	4	0
770	813	5	0
773	32	4	0
774	644	4	0
782	1378	2	0
782	1142	3	0
788	645	3	0
793	1142	5	0
794	847	5	0
796	48	3	0
804	32	3	0
804	1065	3	0
805	1629	5	0
805	1065	5	0
805	645	5	0
805	32	4	0
805	1232	3	0
807	757	4	0
807	1084	4	0
821	1084	5	0
823	48	5	0
833	320	4	0
833	32	5	0
833	645	3	0
836	1065	4	0
839	813	4	0
840	644	4	0
840	48	3	0
840	645	3	0
840	1065	5	0
840	884	5	0
841	1294	5	0
843	1065	3	0
845	1022	2	0
846	48	5	0
847	645	3	0
848	32	5	0
848	1065	2	0
848	973	5	0
851	48	4	0
854	811	3	0
854	757	3	0
854	32	4	0
863	1294	4	0
863	1022	2	0
864	48	5	0
865	847	5	0
867	1065	5	0
870	813	4	0
870	644	2	0
870	48	4	0
871	813	3	0
871	360	3	0
871	1022	3	0
875	32	5	0
876	48	5	0
878	1065	1	0
880	1184	3	0
883	1065	5	0
883	634	3	0
883	847	4	0
883	48	4	0
886	813	4	0
886	1065	4	0
886	48	4	0
887	115	5	0
887	1084	5	0
888	644	4	0
889	1142	4	0
889	1065	4	0
889	32	4	0
889	1022	4	0
889	847	4	0
890	1065	3	0
894	32	4	0
894	1142	4	0
894	847	4	0
896	320	3	0
896	48	4	0
899	48	4	0
903	1142	5	0
903	48	4	0
907	813	5	0
908	701	4	0
916	48	5	0
918	1065	4	0
918	645	4	0
919	813	4	0
924	701	4	0
928	48	5	0
929	32	3	0
931	1022	1	0
932	811	4	0
932	1065	5	0
932	119	5	0
932	1184	3	0
934	1065	2	0
934	811	4	0
936	813	5	0
936	766	3	0
937	847	4	0
