1	102	2	0
1	259	1	0
1	95	4	0
1	141	3	0
1	247	1	0
1	261	1	0
1	139	3	0
1	243	1	0
1	8	1	0
1	99	3	0
1	140	1	0
1	138	1	0
1	103	1	0
1	132	4	0
1	78	1	0
1	1	5	0
1	94	2	0
1	151	4	0
1	91	5	0
1	142	2	0
1	63	2	0
1	225	2	0
1	112	1	0
1	71	3	0
1	35	1	0
2	304	4	0
2	314	1	0
2	308	3	0
2	1	4	0
5	432	4	0
5	418	3	0
5	374	3	0
5	1	4	0
5	422	4	0
5	426	3	0
5	139	3	0
5	420	3	0
5	398	2	0
5	259	1	0
5	457	1	0
5	94	3	0
5	389	1	0
5	415	1	0
5	151	3	0
5	400	1	0
5	225	2	0
5	419	3	0
5	423	4	0
5	95	4	0
5	416	1	0
5	63	1	0
5	377	1	0
5	243	1	0
5	99	3	0
5	404	2	0
5	383	3	0
5	102	3	0
5	417	3	0
6	308	3	0
6	432	4	0
6	132	5	0
6	261	3	0
6	419	4	0
6	8	4	0
6	71	4	0
6	1	4	0
6	539	2	0
6	477	1	0
6	473	2	0
6	304	4	0
6	538	2	0
6	259	1	0
6	465	1	0
6	151	3	0
6	501	5	0
6	423	3	0
6	500	4	0
6	95	2	0
7	91	3	0
7	389	4	0
7	622	4	0
7	259	3	0
7	626	5	0
7	418	4	0
7	548	5	0
7	99	5	0
7	465	4	0
7	584	4	0
7	623	3	0
7	588	4	0
7	404	5	0
7	542	4	0
7	596	5	0
7	501	5	0
7	139	3	0
7	151	4	0
7	415	2	0
7	419	3	0
7	140	5	0
7	560	3	0
7	600	4	0
7	420	5	0
7	78	3	0
7	416	5	0
7	132	5	0
7	624	4	0
7	71	5	0
7	8	5	0
7	417	3	0
7	625	3	0
7	423	5	0
7	142	3	0
7	141	5	0
7	432	4	0
8	243	2	0
8	457	1	0
8	259	1	0
10	132	5	0
10	418	4	0
10	1	4	0
10	99	5	0
10	588	4	0
10	420	4	0
10	432	4	0
10	404	4	0
11	259	3	0
11	423	5	0
11	94	3	0
11	726	3	0
11	383	2	0
11	8	4	0
12	71	4	0
12	416	3	0
12	132	5	0
13	624	5	0
13	377	1	0
13	828	1	0
13	539	1	0
13	417	2	0
13	99	4	0
13	308	3	0
13	812	2	0
13	755	3	0
13	501	5	0
13	894	1	0
13	625	2	0
13	768	4	0
13	418	2	0
13	416	3	0
13	820	4	0
13	432	4	0
13	261	1	0
13	420	4	0
13	538	1	0
13	843	5	0
13	95	5	0
13	400	4	0
13	132	4	0
13	588	4	0
13	419	3	0
13	71	4	0
13	243	3	0
13	94	3	0
13	398	2	0
13	832	4	0
13	404	5	0
13	1	3	0
13	457	1	0
13	473	4	0
13	862	3	0
13	842	2	0
13	8	4	0
13	878	1	0
13	477	4	0
13	314	1	0
13	795	2	0
13	78	1	0
13	138	1	0
13	892	3	0
13	91	2	0
13	548	3	0
13	791	5	0
13	596	3	0
13	141	2	0
13	225	2	0
13	423	5	0
14	473	5	0
14	588	4	0
14	820	3	0
14	477	4	0
14	151	5	0
14	596	3	0
15	473	1	0
15	243	1	0
15	929	1	0
15	932	1	0
15	1	1	0
15	308	5	0
15	225	3	0
16	418	5	0
16	8	5	0
16	812	2	0
16	946	5	0
16	151	5	0
16	71	5	0
16	1	5	0
16	99	5	0
16	423	5	0
16	95	5	0
16	404	5	0
17	1	4	0
17	151	4	0
17	243	1	0
18	99	5	0
18	951	3	0
18	588	4	0
18	423	5	0
18	91	3	0
18	419	3	0
18	404	4	0
18	142	4	0
18	432	4	0
18	132	5	0
18	8	5	0
18	418	3	0
18	94	3	0
18	416	5	0
18	969	3	0
18	151	3	0
18	71	4	0
18	1	5	0
18	95	4	0
19	8	5	0
20	243	4	0
20	423	2	0
20	820	2	0
20	151	3	0
20	94	2	0
20	588	4	0
20	1	3	0
20	95	3	0
21	878	2	0
21	103	1	0
21	457	1	0
21	596	3	0
21	261	1	0
21	989	3	0
21	243	2	0
21	820	3	0
21	993	4	0
21	259	2	0
21	1	5	0
21	473	3	0
22	1003	1	0
22	932	1	0
22	377	1	0
22	862	1	0
22	94	3	0
22	791	1	0
22	996	1	0
22	878	1	0
23	588	4	0
23	1	5	0
23	95	4	0
23	99	4	0
23	132	4	0
23	418	4	0
23	8	4	0
23	419	3	0
23	151	3	0
23	91	4	0
23	404	4	0
23	71	3	0
23	432	4	0
23	102	3	0
23	423	3	0
24	132	3	0
24	477	5	0
24	8	5	0
24	71	5	0
24	151	5	0
25	151	4	0
25	432	2	0
25	419	4	0
25	1	5	0
25	404	3	0
25	477	4	0
25	8	4	0
25	929	4	0
25	969	3	0
25	141	4	0
25	501	3	0
26	151	3	0
26	1015	3	0
26	1	3	0
26	304	4	0
27	596	2	0
28	423	2	0
28	95	3	0
28	588	3	0
29	539	2	0
29	259	4	0
30	259	4	0
30	892	4	0
30	304	4	0
30	539	3	0
30	538	4	0
32	151	3	0
32	259	2	0
34	259	2	0
35	243	2	0
35	261	3	0
35	259	4	0
36	878	5	0
36	261	5	0
38	1032	4	0
38	94	5	0
38	71	5	0
38	225	5	0
38	432	1	0
38	465	5	0
38	400	1	0
38	247	5	0
38	423	5	0
38	35	5	0
38	112	5	0
38	389	5	0
38	1033	5	0
38	1031	5	0
38	99	5	0
38	95	5	0
38	78	5	0
38	243	3	0
38	501	5	0
38	419	5	0
38	383	2	0
38	418	5	0
38	588	5	0
38	1	5	0
38	259	3	0
38	768	5	0
38	140	5	0
38	420	5	0
38	404	5	0
38	139	2	0
40	259	2	0
40	243	2	0
41	1	4	0
41	969	4	0
41	423	2	0
42	423	5	0
42	142	4	0
42	625	3	0
42	1	5	0
42	132	5	0
42	103	3	0
42	151	4	0
42	404	5	0
42	419	5	0
42	418	5	0
42	969	5	0
42	63	4	0
42	102	5	0
42	141	3	0
42	501	5	0
42	95	5	0
42	71	4	0
42	588	5	0
42	755	4	0
42	99	5	0
42	432	3	0
43	946	4	0
43	1	5	0
43	418	4	0
43	225	2	0
43	423	4	0
43	820	2	0
43	588	4	0
43	542	3	0
43	91	3	0
43	63	3	0
43	432	3	0
43	596	3	0
43	71	4	0
43	151	4	0
43	969	5	0
43	140	4	0
43	8	4	0
43	501	4	0
43	102	4	0
43	892	3	0
43	539	3	0
43	755	3	0
43	625	4	0
43	473	3	0
43	95	4	0
43	993	3	0
43	951	3	0
44	71	3	0
44	423	4	0
44	432	5	0
44	99	4	0
44	1	4	0
44	419	4	0
44	755	3	0
44	95	4	0
44	132	4	0
44	91	2	0
44	946	3	0
44	588	4	0
44	151	4	0
44	102	2	0
44	542	3	0
44	625	3	0
45	151	2	0
45	225	4	0
45	1	5	0
45	596	3	0
45	993	4	0
45	1060	3	0
45	820	4	0
45	473	3	0
46	538	3	0
46	151	4	0
47	304	3	0
48	71	3	0
48	308	5	0
48	243	3	0
48	259	4	0
48	423	4	0
48	132	5	0
48	1063	3	0
49	419	4	0
49	1078	1	0
49	71	3	0
49	432	5	0
49	878	2	0
49	404	3	0
49	225	2	0
49	1003	2	0
49	1066	2	0
49	8	3	0
49	588	4	0
49	91	5	0
49	95	2	0
49	418	3	0
49	477	2	0
49	542	2	0
49	423	2	0
49	1	2	0
49	1076	2	0
49	625	3	0
49	99	4	0
49	501	3	0
49	102	2	0
49	420	4	0
49	465	3	0
49	820	1	0
49	151	5	0
49	473	3	0
49	946	2	0
51	132	4	0
52	473	4	0
52	151	5	0
52	588	4	0
52	95	4	0
53	151	4	0
54	151	2	0
54	820	3	0
54	1	4	0
56	95	4	0
56	383	2	0
56	820	3	0
56	588	4	0
56	1	4	0
56	225	2	0
56	151	4	0
56	862	3	0
56	993	3	0
56	94	4	0
56	946	4	0
56	1091	2	0
56	501	3	0
56	71	4	0
56	755	3	0
56	91	4	0
56	969	3	0
56	423	5	0
56	426	4	0
56	623	3	0
56	473	2	0
56	63	3	0
56	596	4	0
56	78	3	0
56	432	5	0
57	243	3	0
57	820	3	0
57	151	3	0
57	304	5	0
57	477	4	0
57	932	3	0
57	8	4	0
57	419	3	0
57	225	3	0
57	588	4	0
57	473	3	0
57	1	5	0
58	8	4	0
58	584	5	0
58	151	3	0
58	501	2	0
58	1063	1	0
58	1	5	0
59	929	2	0
59	465	2	0
59	418	2	0
59	71	3	0
59	132	5	0
59	423	5	0
59	102	2	0
59	91	4	0
59	243	1	0
59	584	4	0
59	969	3	0
59	141	4	0
59	477	3	0
59	151	5	0
59	140	1	0
59	142	1	0
59	1	2	0
59	99	4	0
59	419	2	0
59	951	3	0
59	416	3	0
59	755	4	0
59	588	2	0
59	473	3	0
59	946	1	0
59	95	2	0
59	404	3	0
59	622	4	0
59	625	3	0
59	501	1	0
59	432	4	0
60	95	4	0
60	419	3	0
60	420	4	0
60	225	3	0
60	842	4	0
60	755	4	0
60	404	3	0
60	151	5	0
60	1060	4	0
60	501	3	0
60	71	3	0
60	141	3	0
60	138	2	0
60	423	4	0
60	417	4	0
60	418	3	0
60	8	3	0
60	416	4	0
60	132	4	0
61	243	2	0
61	304	4	0
62	78	2	0
62	138	1	0
62	71	4	0
62	225	3	0
62	1091	3	0
62	8	5	0
62	473	4	0
62	1060	1	0
62	1133	4	0
62	1	2	0
62	91	4	0
62	132	5	0
62	423	3	0
62	151	5	0
63	1	3	0
63	993	2	0
63	828	1	0
63	259	3	0
63	225	2	0
63	596	2	0
63	473	2	0
63	929	3	0
64	1	4	0
64	95	4	0
64	71	3	0
64	539	1	0
64	625	3	0
64	132	4	0
64	389	4	0
64	969	3	0
64	588	4	0
64	151	3	0
64	141	4	0
64	91	4	0
64	419	2	0
64	1133	4	0
64	423	4	0
64	1063	3	0
64	768	2	0
64	8	4	0
64	420	3	0
65	1	3	0
65	423	5	0
65	63	2	0
66	1	3	0
67	151	4	0
67	1	3	0
68	596	2	0
69	151	5	0
70	91	3	0
70	404	4	0
70	8	4	0
70	423	5	0
70	501	4	0
70	596	3	0
70	71	3	0
70	755	3	0
70	151	3	0
70	225	3	0
70	417	3	0
70	432	3	0
70	398	2	0
70	538	2	0
70	542	2	0
70	418	3	0
70	95	4	0
70	419	5	0
70	946	3	0
70	588	5	0
70	63	3	0
70	993	3	0
70	142	3	0
70	383	2	0
70	132	4	0
70	94	3	0
70	820	1	0
70	625	3	0
70	584	3	0
70	1	4	0
70	473	3	0
70	139	3	0
70	99	4	0
70	1133	3	0
71	151	1	0
72	423	5	0
72	1	4	0
73	94	1	0
73	588	2	0
73	894	1	0
73	1	2	0
74	539	3	0
75	477	4	0
75	820	3	0
75	225	2	0
75	151	5	0
75	473	3	0
75	1	4	0
75	304	2	0
77	1	5	0
77	91	3	0
77	132	3	0
79	1	4	0
80	423	3	0
81	432	2	0
81	151	2	0
81	726	4	0
81	1	4	0
81	596	3	0
82	539	3	0
82	1063	3	0
82	304	3	0
82	1078	3	0
82	473	2	0
82	71	4	0
82	946	2	0
82	103	2	0
82	112	1	0
82	1	4	0
82	820	3	0
82	432	4	0
82	418	4	0
82	596	3	0
82	99	4	0
82	225	3	0
82	477	3	0
82	588	5	0
82	140	3	0
82	1164	2	0
82	8	4	0
82	1033	1	0
82	151	2	0
83	71	3	0
83	1	4	0
83	755	5	0
83	623	4	0
83	259	2	0
83	243	3	0
83	828	3	0
83	1060	3	0
83	768	4	0
83	465	4	0
83	78	2	0
83	832	3	0
83	35	1	0
83	63	4	0
83	993	2	0
83	151	3	0
83	139	3	0
83	929	3	0
83	892	2	0
83	95	4	0
83	423	4	0
83	225	3	0
83	94	4	0
83	820	2	0
83	477	2	0
83	795	3	0
83	932	4	0
83	862	4	0
83	584	4	0
84	477	4	0
84	151	4	0
84	225	4	0
84	95	4	0
84	1033	4	0
84	1	2	0
85	423	4	0
85	132	5	0
85	95	4	0
85	501	3	0
85	588	3	0
85	71	4	0
85	416	3	0
85	8	4	0
85	622	3	0
85	404	3	0
85	842	3	0
85	432	4	0
85	259	2	0
85	99	5	0
85	418	3	0
85	465	4	0
85	420	4	0
85	596	3	0
85	141	3	0
85	94	3	0
85	419	5	0
85	417	3	0
85	389	3	0
86	259	4	0
86	304	3	0
87	132	5	0
87	996	3	0
87	477	3	0
87	94	4	0
87	791	2	0
87	423	3	0
87	63	4	0
87	8	5	0
88	261	5	0
88	308	4	0
89	1	5	0
89	151	5	0
90	501	5	0
90	1200	4	0
90	500	4	0
90	8	5	0
90	151	2	0
90	141	5	0
90	423	5	0
90	259	2	0
90	132	5	0
91	423	5	0
91	418	2	0
91	389	2	0
91	99	2	0
91	501	2	0
91	132	3	0
92	1	4	0
92	993	4	0
92	423	3	0
92	304	4	0
92	243	1	0
92	95	3	0
92	755	3	0
92	225	3	0
92	820	1	0
92	418	3	0
92	91	3	0
92	383	1	0
92	102	2	0
92	8	5	0
92	94	3	0
92	500	4	0
92	432	3	0
92	132	3	0
92	596	2	0
92	1033	2	0
92	501	2	0
92	78	3	0
92	63	3	0
92	71	5	0
93	820	3	0
93	477	5	0
93	1	5	0
93	151	1	0
94	624	2	0
94	1091	3	0
94	1	4	0
94	91	5	0
94	588	4	0
94	423	4	0
94	132	4	0
94	946	3	0
94	477	2	0
94	142	3	0
94	432	4	0
94	151	5	0
94	420	4	0
94	94	2	0
94	625	4	0
94	63	3	0
94	768	3	0
94	969	4	0
94	404	4	0
94	417	3	0
94	993	4	0
94	932	2	0
94	99	3	0
94	8	5	0
94	465	5	0
94	501	4	0
94	820	1	0
94	1032	2	0
94	418	3	0
94	71	4	0
94	1219	4	0
94	584	4	0
94	951	3	0
94	102	3	0
94	622	3	0
94	225	3	0
94	419	3	0
95	1	5	0
95	99	4	0
95	95	3	0
95	419	4	0
95	560	1	0
95	78	3	0
95	8	5	0
95	622	4	0
95	623	3	0
95	415	3	0
95	1091	3	0
95	768	1	0
95	417	3	0
95	1133	3	0
95	141	4	0
95	132	3	0
95	625	4	0
95	404	5	0
95	140	3	0
95	91	5	0
95	946	3	0
95	423	5	0
95	878	1	0
95	432	3	0
95	892	3	0
95	791	3	0
95	465	3	0
95	473	4	0
95	71	5	0
95	389	4	0
95	588	3	0
95	422	2	0
95	862	1	0
95	539	4	0
95	596	2	0
95	94	5	0
95	139	4	0
95	63	3	0
95	416	4	0
95	151	4	0
95	1219	1	0
95	102	4	0
95	542	2	0
95	142	4	0
95	420	4	0
95	843	4	0
95	398	1	0
96	8	5	0
96	423	5	0
96	1	5	0
96	91	5	0
97	432	4	0
97	423	5	0
97	132	5	0
97	1	4	0
99	473	4	0
99	1	4	0
100	892	2	0
101	304	3	0
101	820	3	0
101	151	3	0
101	1	3	0
101	596	3	0
101	225	3	0
102	892	2	0
102	768	2	0
102	588	4	0
102	1	3	0
102	432	3	0
102	596	2	0
102	1076	2	0
102	501	2	0
102	99	2	0
102	548	2	0
102	95	4	0
102	91	3	0
102	993	2	0
102	418	3	0
102	102	3	0
102	94	2	0
102	625	3	0
106	8	4	0
106	828	2	0
106	1	4	0
106	584	4	0
107	259	2	0
108	304	3	0
108	1	4	0
109	584	2	0
109	94	4	0
109	755	5	0
109	1	4	0
109	8	3	0
109	63	3	0
109	820	3	0
109	95	4	0
109	423	4	0
109	588	4	0
109	542	3	0
109	1060	4	0
109	151	5	0
109	91	4	0
109	71	4	0
110	423	4	0
110	63	3	0
110	94	4	0
110	791	2	0
111	304	4	0
115	969	1	0
115	8	5	0
115	596	1	0
116	596	5	0
116	539	2	0
116	993	2	0
116	304	2	0
116	259	4	0
117	151	4	0
117	588	3	0
117	596	3	0
117	423	4	0
117	132	4	0
117	1	4	0
118	132	4	0
119	473	3	0
119	259	4	0
119	755	1	0
119	132	5	0
120	1	4	0
121	1	4	0
122	423	4	0
123	132	3	0
123	432	5	0
124	1	3	0
125	94	5	0
125	996	3	0
125	95	5	0
125	1	4	0
125	243	2	0
125	8	4	0
125	383	2	0
125	63	3	0
125	1060	4	0
126	243	5	0
126	878	5	0
127	243	5	0
128	422	4	0
128	151	3	0
128	132	3	0
128	99	4	0
128	622	4	0
128	419	3	0
128	465	4	0
128	416	3	0
128	404	3	0
128	71	4	0
128	140	4	0
128	432	2	0
128	588	5	0
128	417	4	0
128	423	4	0
128	1	4	0
128	501	3	0
128	1063	2	0
128	418	4	0
129	304	3	0
130	398	3	0
130	63	4	0
130	588	4	0
130	389	3	0
130	374	4	0
130	94	5	0
130	99	5	0
130	419	5	0
130	820	5	0
130	946	4	0
130	404	5	0
130	501	5	0
130	418	5	0
130	1279	4	0
130	95	5	0
130	261	4	0
130	932	3	0
130	465	5	0
130	993	5	0
130	894	4	0
130	929	4	0
130	477	4	0
130	538	5	0
130	542	3	0
130	71	5	0
130	426	4	0
130	622	3	0
130	892	3	0
130	243	2	0
130	596	4	0
130	625	5	0
130	423	5	0
130	1	5	0
130	420	5	0
130	132	5	0
131	1	4	0
132	151	3	0
133	304	3	0
133	308	4	0
133	539	1	0
133	243	3	0
134	892	2	0
134	259	2	0
134	1	5	0
134	539	4	0
137	261	5	0
137	892	3	0
137	243	4	0
137	1	3	0
138	1	4	0
138	151	4	0
140	304	4	0
141	932	3	0
141	259	1	0
141	1	3	0
141	225	3	0
141	151	2	0
141	261	1	0
142	259	3	0
142	243	1	0
142	91	5	0
144	8	4	0
144	304	4	0
144	500	4	0
144	423	5	0
144	588	4	0
144	1	4	0
144	91	2	0
145	894	1	0
145	993	3	0
145	1033	1	0
145	1279	1	0
145	259	3	0
145	892	2	0
145	1292	1	0
145	929	2	0
145	308	2	0
145	1	3	0
145	304	2	0
145	477	2	0
145	820	2	0
146	1293	5	0
147	304	5	0
148	418	3	0
148	8	4	0
148	71	5	0
148	132	4	0
148	588	4	0
148	993	4	0
148	140	1	0
148	432	5	0
148	473	5	0
148	1	4	0
148	969	4	0
148	78	1	0
148	501	4	0
148	151	4	0
148	596	5	0
149	308	2	0
150	1	4	0
150	151	4	0
151	417	3	0
151	91	2	0
151	418	3	0
151	423	4	0
151	1	5	0
151	132	5	0
151	419	3	0
151	420	5	0
151	584	3	0
151	432	5	0
151	929	3	0
151	969	5	0
151	755	3	0
151	151	5	0
151	473	4	0
152	596	2	0
152	423	5	0
152	132	5	0
152	71	5	0
152	151	4	0
152	8	5	0
157	1	5	0
158	8	5	0
158	1	4	0
159	243	4	0
159	259	4	0
159	225	4	0
159	103	1	0
159	832	3	0
159	588	2	0
159	932	3	0
160	1	4	0
160	151	4	0
160	432	3	0
160	832	1	0
160	969	1	0
161	225	1	0
161	929	1	0
161	132	1	0
161	473	1	0
162	1	4	0
162	151	3	0
165	91	4	0
165	432	5	0
165	304	3	0
165	419	4	0
165	500	3	0
166	243	3	0
166	894	4	0
167	404	3	0
167	726	1	0
167	99	4	0
167	1200	4	0
167	465	5	0
167	8	5	0
167	225	3	0
168	473	2	0
168	596	4	0
168	151	5	0
168	225	5	0
168	1	5	0
168	259	2	0
169	308	3	0
169	243	3	0
169	538	4	0
170	304	4	0
170	259	3	0
171	304	3	0
173	259	3	0
174	1	3	0
174	423	2	0
174	1091	3	0
174	140	4	0
174	843	2	0
174	623	3	0
174	1033	1	0
174	417	4	0
174	151	3	0
174	1032	3	0
174	768	1	0
174	415	3	0
174	951	1	0
174	94	2	0
174	139	3	0
174	132	2	0
174	383	1	0
174	63	4	0
174	862	1	0
174	99	3	0
174	138	1	0
175	132	3	0
175	71	4	0
175	419	5	0
176	151	4	0
177	243	1	0
177	1	3	0
177	878	1	0
178	588	4	0
178	8	4	0
178	259	1	0
178	500	4	0
178	71	4	0
178	625	3	0
178	423	4	0
178	596	3	0
178	993	5	0
178	99	4	0
178	304	4	0
178	465	3	0
178	1033	2	0
178	1	4	0
178	95	5	0
179	538	4	0
180	423	4	0
181	1164	3	0
181	828	1	0
181	929	1	0
181	1383	1	0
181	1336	1	0
181	457	1	0
181	477	1	0
181	596	4	0
181	832	1	0
181	1015	1	0
181	1060	1	0
181	878	1	0
181	243	1	0
181	103	1	0
181	932	1	0
181	259	1	0
181	1	3	0
181	112	1	0
181	308	1	0
181	1033	1	0
181	989	1	0
181	304	1	0
181	820	1	0
181	473	2	0
181	151	2	0
181	261	1	0
181	225	3	0
182	1	4	0
182	423	5	0
182	596	5	0
183	94	3	0
183	225	1	0
184	596	4	0
184	132	5	0
184	91	3	0
184	95	4	0
184	588	5	0
184	71	4	0
184	584	3	0
184	259	3	0
184	423	4	0
184	1	4	0
184	473	4	0
185	423	5	0
186	95	3	0
186	225	4	0
186	588	4	0
186	71	5	0
186	1336	3	0
186	1033	3	0
186	596	4	0
186	820	2	0
186	243	2	0
186	477	4	0
187	8	5	0
187	423	4	0
188	259	3	0
188	151	3	0
188	419	5	0
189	501	4	0
189	820	1	0
189	91	3	0
189	225	4	0
189	473	5	0
189	500	5	0
189	1	5	0
189	8	5	0
189	418	3	0
189	1060	5	0
189	151	5	0
189	132	5	0
189	99	5	0
189	596	3	0
189	588	4	0
189	423	5	0
190	989	3	0
190	539	2	0
193	465	3	0
193	1	4	0
193	755	4	0
193	94	3	0
193	1078	4	0
193	259	2	0
194	225	3	0
194	1412	2	0
194	623	1	0
194	1066	3	0
194	1091	3	0
194	95	3	0
194	625	3	0
194	423	3	0
194	820	1	0
194	588	4	0
194	419	2	0
194	432	4	0
194	1409	2	0
194	383	1	0
194	465	3	0
194	132	3	0
194	501	3	0
194	1	4	0
194	542	3	0
194	94	3	0
194	259	2	0
194	624	2	0
194	78	1	0
194	99	3	0
194	417	2	0
194	404	3	0
194	8	3	0
194	946	3	0
194	91	3	0
194	71	4	0
194	951	3	0
195	500	4	0
195	1415	1	0
195	304	4	0
195	477	2	0
195	99	3	0
195	132	5	0
196	94	3	0
196	8	5	0
197	538	3	0
197	259	1	0
198	501	4	0
198	71	3	0
198	95	3	0
198	151	4	0
198	423	3	0
198	132	4	0
198	1	4	0
198	820	1	0
199	989	1	0
199	892	1	0
199	539	1	0
199	259	1	0
199	243	1	0
199	1	1	0
199	473	4	0
200	103	2	0
200	755	5	0
200	812	4	0
200	132	5	0
200	420	5	0
200	473	4	0
200	465	4	0
200	140	4	0
200	622	3	0
200	95	5	0
200	243	3	0
200	91	4	0
200	139	3	0
200	8	4	0
200	141	4	0
200	1060	3	0
200	423	5	0
200	560	4	0
200	820	3	0
200	596	4	0
200	419	4	0
200	584	4	0
200	151	3	0
200	1091	4	0
200	1219	3	0
200	94	4	0
200	501	4	0
200	304	5	0
200	588	5	0
200	99	5	0
200	929	4	0
200	432	5	0
200	1033	2	0
200	112	3	0
200	892	4	0
200	1	5	0
200	225	4	0
200	542	3	0
200	71	4	0
200	951	5	0
200	63	4	0
200	768	4	0
201	8	3	0
201	1	3	0
201	71	3	0
201	596	4	0
201	473	3	0
201	99	3	0
201	588	4	0
201	432	3	0
201	304	2	0
201	1063	3	0
201	423	4	0
201	95	3	0
202	423	3	0
202	1	3	0
203	304	3	0
203	993	3	0
203	1	3	0
203	477	4	0
203	151	4	0
204	304	3	0
204	259	2	0
204	1	2	0
205	304	3	0
205	243	2	0
206	314	1	0
206	308	2	0
207	8	3	0
207	538	2	0
207	423	4	0
207	832	3	0
207	993	3	0
208	996	3	0
209	304	2	0
209	1	5	0
210	243	2	0
210	423	5	0
210	132	4	0
210	465	4	0
210	94	4	0
210	755	3	0
210	969	4	0
210	501	4	0
210	404	5	0
210	419	4	0
210	1	5	0
210	832	3	0
210	99	4	0
210	420	4	0
211	423	5	0
211	457	4	0
211	596	3	0
212	423	4	0
213	132	5	0
213	432	4	0
213	1	2	0
213	8	3	0
213	151	5	0
214	8	4	0
214	151	5	0
214	132	5	0
215	432	5	0
215	151	5	0
215	423	5	0
215	132	5	0
215	8	2	0
215	1063	5	0
215	99	4	0
216	151	3	0
216	95	3	0
216	423	4	0
216	1	4	0
216	91	4	0
216	416	3	0
217	398	1	0
218	8	3	0
219	132	5	0
219	71	1	0
221	423	2	0
221	623	3	0
221	259	4	0
221	151	1	0
221	94	3	0
221	588	3	0
222	419	2	0
222	1060	2	0
222	623	2	0
222	132	2	0
222	1066	1	0
222	755	4	0
222	142	2	0
222	465	2	0
222	501	2	0
222	588	4	0
222	8	1	0
222	422	2	0
222	946	2	0
222	78	1	0
222	99	3	0
222	35	1	0
222	477	2	0
222	596	3	0
222	377	1	0
222	542	2	0
222	151	3	0
222	102	2	0
222	929	1	0
222	225	1	0
222	1	4	0
222	812	2	0
222	432	3	0
222	1078	2	0
222	91	2	0
222	473	1	0
222	140	1	0
222	418	2	0
222	1336	2	0
222	71	4	0
222	247	1	0
222	457	1	0
222	768	2	0
222	95	4	0
222	423	4	0
222	426	1	0
222	261	1	0
222	63	3	0
222	94	3	0
223	477	3	0
223	243	3	0
223	993	4	0
223	225	3	0
223	71	5	0
223	820	4	0
223	259	3	0
223	8	2	0
223	95	5	0
223	1	4	0
223	969	5	0
223	596	3	0
223	423	3	0
223	929	3	0
224	243	2	0
224	423	4	0
225	418	5	0
226	596	3	0
228	812	5	0
230	418	5	0
230	132	5	0
230	420	5	0
230	138	3	0
230	99	3	0
230	95	5	0
230	91	3	0
230	1	5	0
230	622	3	0
230	419	4	0
230	140	3	0
230	969	4	0
230	951	5	0
230	588	5	0
230	142	4	0
230	423	5	0
230	141	4	0
230	71	5	0
230	422	3	0
230	501	3	0
230	304	5	0
230	8	5	0
230	1444	2	0
230	432	4	0
231	1	3	0
231	151	1	0
232	8	2	0
232	423	4	0
232	132	5	0
232	91	5	0
232	419	4	0
232	1	4	0
233	828	4	0
233	501	3	0
233	261	5	0
233	71	5	0
233	8	3	0
233	623	3	0
233	588	5	0
233	423	4	0
233	91	3	0
233	418	4	0
233	584	4	0
233	95	5	0
233	432	3	0
233	99	3	0
233	304	5	0
234	423	4	0
234	832	2	0
234	473	5	0
234	989	2	0
234	929	1	0
234	71	3	0
234	259	2	0
234	1200	3	0
234	99	5	0
234	102	2	0
234	477	1	0
234	132	4	0
234	419	4	0
234	418	3	0
234	596	2	0
234	417	3	0
234	1063	3	0
234	416	4	0
234	8	5	0
234	404	4	0
234	626	4	0
234	500	3	0
234	95	3	0
234	142	2	0
234	465	2	0
234	1015	2	0
234	243	1	0
234	1133	3	0
234	588	3	0
234	151	3	0
234	1078	2	0
234	304	3	0
234	389	3	0
234	843	2	0
234	432	4	0
234	878	2	0
234	140	2	0
234	768	2	0
234	623	2	0
234	842	4	0
234	91	5	0
234	622	2	0
234	951	1	0
234	625	3	0
234	501	4	0
234	584	3	0
234	1	3	0
234	141	3	0
234	1003	2	0
235	419	5	0
235	1	4	0
236	596	4	0
236	132	4	0
236	71	3	0
236	419	5	0
236	225	3	0
236	420	4	0
236	432	5	0
236	304	4	0
236	151	2	0
236	423	5	0
237	423	4	0
238	151	2	0
238	538	4	0
239	304	1	0
239	91	4	0
239	8	5	0
239	419	3	0
239	132	5	0
239	432	5	0
242	1	4	0
243	225	3	0
243	423	3	0
243	477	4	0
243	8	5	0
243	1	4	0
243	151	3	0
244	71	4	0
244	383	3	0
244	151	5	0
244	1	4	0
244	95	4	0
244	946	4	0
244	596	4	0
244	584	5	0
245	94	2	0
245	151	3	0
245	894	1	0
245	112	4	0
245	596	4	0
245	473	2	0
245	1033	5	0
246	477	4	0
246	932	1	0
246	8	3	0
246	138	1	0
246	132	4	0
246	426	3	0
246	588	4	0
246	416	3	0
246	99	3	0
246	432	3	0
246	94	2	0
246	151	5	0
246	420	3	0
246	596	3	0
246	95	3	0
246	993	3	0
246	418	3	0
246	423	3	0
246	1	4	0
246	404	3	0
247	151	4	0
247	259	3	0
247	1	4	0
248	1	3	0
249	423	4	0
249	588	3	0
249	993	3	0
249	1	4	0
250	501	5	0
250	588	5	0
250	91	5	0
250	95	5	0
250	71	5	0
250	969	5	0
250	596	5	0
250	140	3	0
250	1	4	0
250	151	4	0
250	259	1	0
250	993	5	0
250	404	4	0
250	477	3	0
250	418	5	0
251	151	5	0
251	418	4	0
251	1	4	0
251	132	5	0
251	596	3	0
252	1	5	0
253	132	5	0
253	8	4	0
253	465	5	0
253	95	4	0
253	1	5	0
253	259	2	0
253	588	5	0
253	243	2	0
254	951	4	0
254	1033	3	0
254	102	3	0
254	8	5	0
254	432	2	0
254	140	4	0
254	389	3	0
254	755	3	0
254	151	2	0
254	1469	3	0
254	596	4	0
254	419	4	0
254	418	3	0
254	625	3	0
254	588	3	0
254	1091	3	0
254	415	3	0
254	768	3	0
254	417	3	0
254	112	2	0
254	542	3	0
254	225	3	0
254	141	3	0
254	457	2	0
254	71	3	0
254	132	4	0
254	99	3	0
254	35	2	0
254	416	4	0
254	843	2	0
254	465	3	0
254	622	4	0
254	1	3	0
254	584	3	0
254	1444	3	0
254	892	3	0
254	1133	3	0
254	423	5	0
254	400	3	0
254	142	3	0
254	138	1	0
254	103	2	0
254	94	3	0
254	243	2	0
254	842	3	0
254	1470	2	0
254	548	2	0
254	624	2	0
254	78	3	0
254	259	2	0
254	501	3	0
254	1060	3	0
255	259	3	0
256	1033	4	0
256	989	5	0
256	1	5	0
256	225	4	0
256	473	5	0
256	932	3	0
256	538	5	0
256	151	5	0
256	243	4	0
257	151	4	0
258	243	3	0
260	538	1	0
261	243	5	0
261	259	4	0
261	892	5	0
261	304	3	0
261	596	2	0
262	432	3	0
262	418	3	0
262	588	4	0
262	473	2	0
262	423	4	0
262	91	3	0
262	1	3	0
262	596	4	0
262	71	4	0
262	140	2	0
262	95	3	0
262	419	3	0
262	625	3	0
262	929	3	0
262	420	3	0
262	132	3	0
262	417	2	0
262	99	3	0
262	755	3	0
263	588	3	0
263	416	5	0
263	99	3	0
263	1	5	0
263	141	5	0
263	132	5	0
263	892	3	0
263	432	2	0
263	423	5	0
263	465	4	0
263	1444	3	0
263	622	4	0
263	1473	5	0
263	95	5	0
263	419	5	0
265	477	3	0
265	151	2	0
265	1	5	0
267	1336	1	0
267	423	3	0
267	622	3	0
267	94	3	0
267	141	4	0
268	588	3	0
268	99	3	0
268	94	2	0
268	1091	2	0
268	423	2	0
268	141	3	0
268	404	4	0
268	374	2	0
268	95	4	0
268	71	3	0
268	768	3	0
268	1	3	0
268	259	3	0
268	139	2	0
268	622	3	0
268	63	1	0
268	151	3	0
268	477	3	0
268	91	3	0
268	432	3	0
268	946	3	0
269	8	2	0
269	1480	1	0
269	432	4	0
269	417	2	0
269	1444	1	0
269	132	5	0
269	142	1	0
269	151	5	0
269	1091	2	0
269	139	1	0
269	63	1	0
269	843	3	0
269	1133	1	0
269	423	4	0
270	584	5	0
270	596	5	0
271	423	4	0
271	625	3	0
271	141	4	0
271	1	3	0
271	419	3	0
271	95	4	0
271	951	2	0
271	539	1	0
271	8	4	0
271	477	3	0
271	1091	4	0
271	1133	3	0
271	132	5	0
271	624	2	0
272	8	4	0
272	423	4	0
273	304	3	0
274	1063	4	0
274	1	4	0
274	71	4	0
274	243	2	0
274	596	3	0
274	1060	4	0
275	1219	2	0
275	501	3	0
275	946	3	0
275	142	2	0
275	588	3	0
275	624	3	0
275	99	3	0
275	625	2	0
275	95	3	0
275	102	3	0
275	1066	3	0
275	969	2	0
275	542	3	0
275	432	4	0
275	1091	2	0
275	416	3	0
275	419	3	0
275	1	4	0
275	423	4	0
275	132	3	0
275	473	3	0
275	418	3	0
275	304	3	0
275	71	3	0
275	420	2	0
276	63	3	0
276	843	4	0
276	1091	3	0
276	951	3	0
276	78	4	0
276	473	4	0
276	423	5	0
276	755	3	0
276	432	5	0
276	1031	2	0
276	151	5	0
276	993	3	0
276	588	4	0
276	768	3	0
276	1	5	0
276	91	5	0
276	99	4	0
276	71	4	0
276	820	3	0
276	415	3	0
276	418	4	0
276	501	4	0
276	94	2	0
276	141	4	0
276	95	5	0
276	404	4	0
276	225	3	0
276	420	4	0
276	142	3	0
276	8	4	0
276	624	2	0
276	426	3	0
276	417	4	0
276	139	4	0
276	969	4	0
276	419	5	0
276	383	2	0
277	151	3	0
277	473	2	0
277	1	4	0
278	538	4	0
279	1133	2	0
279	843	4	0
279	139	3	0
279	71	3	0
279	832	3	0
279	132	3	0
279	99	3	0
279	418	3	0
279	1	3	0
279	398	4	0
279	415	3	0
279	820	4	0
279	1336	1	0
279	94	3	0
279	374	1	0
279	624	4	0
279	946	3	0
279	432	3	0
279	501	3	0
279	1219	3	0
279	63	3	0
279	932	3	0
279	259	3	0
279	625	3	0
279	1480	3	0
279	465	5	0
279	969	3	0
279	862	5	0
279	95	3	0
279	151	4	0
279	1444	3	0
279	1032	3	0
280	420	3	0
280	1015	3	0
280	1066	4	0
280	1	4	0
280	389	5	0
280	1473	3	0
280	755	2	0
280	8	5	0
280	1060	3	0
280	225	4	0
280	404	3	0
280	465	3	0
280	142	4	0
280	102	5	0
280	140	4	0
280	538	5	0
280	112	3	0
280	419	3	0
280	132	4	0
280	423	5	0
280	416	5	0
280	103	3	0
280	588	5	0
280	1133	3	0
280	542	3	0
280	94	2	0
280	71	4	0
280	99	2	0
280	584	4	0
280	95	5	0
280	946	4	0
280	1063	3	0
281	308	1	0
281	304	5	0
281	989	2	0
281	259	3	0
281	538	4	0
283	432	5	0
283	71	4	0
283	151	4	0
283	625	3	0
283	820	4	0
283	91	5	0
283	95	5	0
283	588	4	0
284	539	2	0
284	304	4	0
284	259	2	0
285	538	5	0
285	151	5	0
286	588	5	0
286	473	3	0
286	151	5	0
286	132	5	0
286	993	2	0
286	142	4	0
286	1503	3	0
286	404	5	0
286	768	3	0
286	1091	4	0
286	423	4	0
286	596	3	0
286	929	4	0
286	91	4	0
286	1060	5	0
286	477	3	0
286	95	5	0
286	432	3	0
286	417	3	0
286	1	4	0
286	139	3	0
286	465	5	0
286	99	4	0
286	946	3	0
286	419	5	0
286	1133	4	0
286	969	5	0
287	1	5	0
287	426	3	0
288	132	3	0
289	1	3	0
289	477	2	0
289	151	2	0
289	473	1	0
290	91	2	0
290	404	3	0
290	832	3	0
290	141	4	0
290	418	3	0
290	432	5	0
290	132	3	0
290	419	4	0
290	95	4	0
290	102	3	0
290	99	4	0
290	243	3	0
290	473	1	0
290	588	4	0
290	625	4	0
290	1060	3	0
290	596	4	0
290	1091	2	0
290	622	3	0
290	71	5	0
290	1	5	0
290	1336	3	0
290	465	3	0
290	993	4	0
290	755	4	0
290	139	2	0
290	423	5	0
290	151	2	0
291	418	4	0
291	99	4	0
291	501	4	0
291	404	4	0
291	417	4	0
291	588	4	0
291	416	4	0
291	820	4	0
291	8	4	0
291	420	4	0
291	140	4	0
291	94	2	0
291	71	4	0
291	1219	4	0
291	755	2	0
291	946	4	0
291	95	4	0
291	383	2	0
291	423	4	0
291	1	5	0
291	151	5	0
291	1078	4	0
292	1	4	0
292	132	4	0
292	423	5	0
292	419	4	0
292	151	5	0
293	8	3	0
293	94	2	0
293	71	4	0
293	420	4	0
293	151	4	0
293	423	3	0
293	99	3	0
293	501	4	0
293	91	2	0
293	404	4	0
293	843	3	0
293	139	3	0
293	426	1	0
293	820	2	0
293	432	5	0
293	1	2	0
293	416	4	0
293	419	3	0
293	132	4	0
293	588	3	0
294	538	5	0
294	1	5	0
294	151	5	0
294	539	4	0
295	419	4	0
295	95	4	0
295	99	4	0
295	588	4	0
295	389	4	0
295	71	5	0
295	151	4	0
295	94	4	0
295	142	4	0
295	1503	2	0
295	417	5	0
295	1133	4	0
295	843	4	0
295	812	4	0
295	132	5	0
295	420	4	0
295	102	4	0
295	465	4	0
295	946	2	0
295	404	4	0
295	1473	4	0
295	416	4	0
295	1	4	0
295	423	4	0
295	951	5	0
295	624	5	0
295	91	5	0
296	151	2	0
296	304	3	0
296	259	1	0
296	1	5	0
297	419	3	0
297	243	1	0
297	1	3	0
297	946	2	0
297	423	3	0
297	102	1	0
297	588	4	0
297	465	3	0
297	625	3	0
297	8	5	0
297	151	3	0
297	95	3	0
297	432	4	0
297	596	3	0
298	419	5	0
298	132	5	0
298	820	4	0
298	588	4	0
298	842	4	0
298	625	4	0
298	432	4	0
298	91	2	0
298	465	4	0
298	418	4	0
298	993	4	0
298	423	5	0
298	99	3	0
298	151	3	0
298	71	5	0
298	596	3	0
298	261	4	0
298	951	4	0
298	477	4	0
298	8	5	0
298	473	3	0
298	946	3	0
298	1	5	0
299	95	3	0
299	432	3	0
299	820	3	0
299	538	3	0
299	501	3	0
299	588	4	0
299	418	4	0
299	71	3	0
299	423	3	0
299	99	3	0
299	259	3	0
299	91	4	0
299	473	3	0
299	151	4	0
299	1	3	0
299	94	1	0
300	243	4	0
300	261	3	0
301	755	4	0
301	426	4	0
301	8	4	0
301	132	4	0
301	501	3	0
301	423	1	0
301	151	2	0
301	99	4	0
301	138	2	0
301	419	3	0
301	404	3	0
301	1091	3	0
301	95	5	0
301	1	4	0
301	420	3	0
301	820	3	0
301	91	3	0
301	71	4	0
301	418	3	0
301	94	4	0
301	588	5	0
301	142	3	0
301	465	4	0
303	477	3	0
303	398	1	0
303	420	4	0
303	755	2	0
303	95	5	0
303	71	3	0
303	423	4	0
303	501	4	0
303	820	3	0
303	416	3	0
303	141	3	0
303	63	1	0
303	91	5	0
303	993	2	0
303	426	3	0
303	132	5	0
303	588	5	0
303	94	3	0
303	596	4	0
303	78	2	0
303	404	4	0
303	418	4	0
303	259	3	0
303	151	5	0
303	139	3	0
303	99	4	0
303	8	5	0
303	542	2	0
303	419	4	0
303	473	4	0
303	842	2	0
303	1	5	0
303	432	3	0
304	259	1	0
304	243	3	0
305	1	5	0
305	91	2	0
305	1015	1	0
305	71	3	0
305	151	4	0
305	423	4	0
307	91	4	0
307	419	4	0
307	94	3	0
307	1	5	0
307	99	4	0
307	423	5	0
307	132	4	0
307	588	4	0
307	71	5	0
308	71	4	0
308	477	4	0
308	473	3	0
308	99	4	0
308	420	4	0
308	423	5	0
308	259	3	0
308	842	3	0
308	132	3	0
308	432	4	0
308	755	3	0
308	1	4	0
308	141	3	0
308	151	4	0
308	8	5	0
308	843	3	0
308	91	4	0
308	584	4	0
308	419	4	0
308	139	3	0
308	404	3	0
308	501	4	0
308	95	4	0
308	588	5	0
308	417	3	0
309	304	3	0
309	989	3	0
310	304	5	0
310	832	1	0
311	141	4	0
311	623	2	0
311	132	4	0
311	501	5	0
311	91	3	0
311	946	4	0
311	416	4	0
311	755	4	0
311	404	3	0
311	539	4	0
311	584	3	0
311	432	4	0
311	951	3	0
311	465	4	0
311	768	2	0
311	423	5	0
311	622	3	0
311	417	3	0
311	63	3	0
311	71	4	0
311	420	1	0
311	99	5	0
311	419	3	0
311	588	4	0
311	1	4	0
311	726	3	0
311	8	4	0
311	94	3	0
311	415	3	0
311	418	4	0
312	625	3	0
312	584	5	0
312	596	5	0
312	151	2	0
312	588	5	0
312	91	3	0
312	1	5	0
312	132	5	0
312	432	5	0
312	419	3	0
312	71	4	0
312	8	5	0
313	432	5	0
313	820	2	0
313	768	3	0
313	465	3	0
313	542	3	0
313	1470	1	0
313	132	5	0
313	95	3	0
313	420	5	0
313	843	3	0
313	1066	2	0
313	538	2	0
313	473	3	0
313	141	4	0
313	63	4	0
313	99	4	0
313	417	2	0
313	94	3	0
313	501	5	0
313	8	3	0
313	588	4	0
313	946	3	0
313	419	3	0
313	1091	2	0
313	625	4	0
313	1	4	0
313	892	4	0
313	969	4	0
313	142	3	0
313	102	3	0
313	624	4	0
313	423	4	0
313	404	4	0
313	151	1	0
313	225	4	0
313	418	3	0
313	415	2	0
313	139	3	0
313	71	4	0
314	1503	3	0
314	94	4	0
314	820	5	0
314	99	4	0
314	71	5	0
314	993	5	0
314	1063	5	0
314	419	4	0
314	932	4	0
314	8	4	0
314	417	4	0
314	588	5	0
314	795	4	0
314	418	5	0
314	1	5	0
314	477	3	0
314	78	4	0
314	929	3	0
314	812	4	0
314	501	4	0
314	996	4	0
314	1473	4	0
314	132	4	0
314	1469	4	0
314	623	5	0
314	946	5	0
314	138	5	0
314	768	5	0
314	151	4	0
314	423	4	0
314	377	3	0
314	542	4	0
314	1032	4	0
314	95	5	0
314	791	4	0
315	8	3	0
316	304	3	0
316	132	4	0
316	588	1	0
316	71	1	0
318	1032	3	0
318	8	4	0
318	842	2	0
318	768	2	0
318	140	4	0
318	132	4	0
318	419	5	0
318	795	2	0
318	423	5	0
318	138	4	0
318	892	3	0
318	63	3	0
318	94	4	0
318	1063	3	0
318	142	4	0
318	501	4	0
318	404	3	0
319	259	2	0
319	261	3	0
320	71	3	0
320	946	5	0
320	1	3	0
320	95	3	0
320	99	4	0
320	1091	4	0
320	501	3	0
320	625	4	0
320	892	3	0
320	588	3	0
321	432	5	0
321	419	4	0
321	8	4	0
321	132	5	0
322	1	2	0
323	243	1	0
323	151	4	0
323	993	4	0
324	259	5	0
324	538	4	0
324	1033	4	0
324	1	5	0
325	95	2	0
325	99	5	0
325	542	2	0
325	548	3	0
325	1003	3	0
325	383	1	0
325	1	2	0
325	71	3	0
325	432	5	0
325	132	3	0
325	768	3	0
326	8	4	0
326	501	3	0
326	500	3	0
326	423	3	0
326	969	4	0
326	94	4	0
326	1	3	0
326	419	3	0
326	132	4	0
326	588	3	0
326	141	3	0
327	99	4	0
327	95	3	0
327	8	4	0
327	151	4	0
327	1	4	0
327	132	5	0
327	418	3	0
327	419	4	0
327	423	3	0
327	588	4	0
328	623	3	0
328	383	3	0
328	71	4	0
328	1015	3	0
328	8	3	0
328	423	4	0
328	432	1	0
328	726	4	0
328	132	5	0
328	755	3	0
329	8	2	0
329	423	4	0
329	892	2	0
330	225	4	0
330	422	4	0
330	432	4	0
330	588	5	0
330	969	5	0
330	151	4	0
330	473	4	0
330	94	4	0
330	71	5	0
330	989	5	0
330	95	5	0
330	1	5	0
330	596	5	0
330	418	5	0
330	465	5	0
330	501	5	0
330	419	5	0
330	584	3	0
330	102	4	0
330	91	4	0
330	423	5	0
330	63	3	0
330	99	4	0
330	993	4	0
330	8	5	0
330	132	5	0
331	132	3	0
331	8	3	0
331	304	5	0
331	1	1	0
332	225	3	0
332	95	5	0
332	8	5	0
332	820	4	0
332	1	4	0
333	894	3	0
334	71	3	0
334	8	4	0
334	95	3	0
334	151	4	0
334	142	3	0
334	132	3	0
334	500	3	0
334	91	4	0
334	99	4	0
334	423	5	0
334	419	3	0
334	225	3	0
334	1133	4	0
334	969	4	0
334	304	3	0
336	63	2	0
336	383	1	0
336	151	1	0
336	1	3	0
336	94	3	0
337	1133	4	0
337	151	5	0
338	1	3	0
338	132	2	0
339	151	4	0
339	1	5	0
339	132	5	0
339	415	3	0
339	423	3	0
339	94	2	0
339	99	4	0
339	139	3	0
339	383	1	0
339	404	4	0
339	91	5	0
340	423	4	0
340	1133	5	0
340	417	5	0
340	969	5	0
340	95	5	0
340	588	5	0
340	71	5	0
340	584	3	0
340	946	5	0
340	1	5	0
340	418	5	0
341	259	3	0
342	584	4	0
342	132	5	0
342	423	4	0
342	95	4	0
342	8	4	0
343	63	4	0
343	132	5	0
343	423	5	0
343	1	5	0
343	473	3	0
343	951	1	0
343	8	5	0
344	1	3	0
344	8	5	0
344	151	5	0
344	95	4	0
344	588	5	0
344	473	4	0
344	477	3	0
344	71	3	0
344	304	3	0
344	132	4	0
345	151	5	0
345	91	4	0
345	1	3	0
345	473	2	0
345	588	3	0
345	132	5	0
345	71	3	0
345	416	4	0
346	423	4	0
346	415	2	0
346	94	3	0
346	132	4	0
346	259	2	0
346	141	4	0
346	951	2	0
346	842	1	0
346	91	1	0
346	151	4	0
346	932	2	0
347	91	1	0
347	820	2	0
347	99	3	0
347	501	4	0
347	588	3	0
347	432	4	0
347	416	3	0
347	423	4	0
347	95	4	0
347	465	3	0
347	418	4	0
347	404	4	0
347	151	3	0
347	1	4	0
347	132	5	0
348	1	4	0
348	225	3	0
348	473	3	0
348	596	4	0
348	1060	3	0
348	477	3	0
348	151	3	0
348	243	3	0
349	596	2	0
350	132	5	0
350	1	4	0
351	538	4	0
351	989	4	0
351	304	3	0
354	473	3	0
354	419	4	0
354	584	5	0
354	423	4	0
354	929	4	0
354	8	5	0
354	308	4	0
354	432	3	0
354	1063	3	0
354	151	3	0
356	892	1	0
357	820	4	0
357	932	4	0
357	1	5	0
357	473	3	0
357	151	5	0
357	304	5	0
358	584	4	0
358	8	5	0
358	132	5	0
359	1	4	0
360	1	3	0
360	588	3	0
360	304	4	0
360	308	4	0
360	423	4	0
363	588	2	0
363	417	1	0
363	473	4	0
363	71	3	0
363	426	2	0
363	102	4	0
363	946	4	0
363	151	4	0
363	1	2	0
363	625	4	0
363	95	3	0
363	91	4	0
363	8	5	0
363	423	3	0
364	261	2	0
365	1	4	0
365	151	4	0
365	894	1	0
365	473	4	0
369	243	3	0
370	423	4	0
371	1	4	0
371	423	5	0
373	946	5	0
373	404	4	0
373	842	3	0
373	1078	3	0
373	132	3	0
373	102	5	0
373	423	2	0
373	432	5	0
373	828	3	0
373	142	3	0
373	94	2	0
373	843	3	0
373	71	5	0
373	596	3	0
373	225	4	0
373	625	4	0
373	420	4	0
373	151	4	0
373	1133	3	0
373	417	3	0
373	139	3	0
373	1066	4	0
373	95	5	0
373	588	3	0
373	1444	3	0
373	99	5	0
373	259	5	0
373	389	3	0
373	465	4	0
373	418	5	0
374	423	3	0
374	247	1	0
374	95	4	0
374	225	3	0
374	151	3	0
374	1	4	0
374	832	1	0
374	465	5	0
374	477	1	0
374	71	5	0
374	1033	4	0
374	932	1	0
374	820	4	0
374	457	1	0
378	95	4	0
378	78	3	0
378	1063	4	0
378	99	4	0
378	420	4	0
378	404	4	0
378	768	4	0
378	1	4	0
378	623	3	0
378	969	4	0
378	63	3	0
378	423	4	0
378	1091	2	0
378	418	3	0
378	432	4	0
378	417	3	0
378	1531	4	0
378	755	3	0
378	304	4	0
378	151	3	0
378	132	4	0
378	141	3	0
378	94	3	0
378	91	3	0
378	225	3	0
378	501	4	0
378	500	4	0
378	588	5	0
378	419	4	0
378	542	4	0
378	932	2	0
378	596	5	0
378	473	3	0
378	8	4	0
378	951	3	0
378	71	4	0
378	465	3	0
379	8	5	0
379	63	2	0
379	151	4	0
379	94	5	0
379	843	4	0
379	1219	2	0
379	419	4	0
379	141	4	0
379	622	5	0
379	1	4	0
379	842	4	0
379	1032	2	0
379	398	1	0
379	417	5	0
379	383	2	0
380	132	4	0
380	423	3	0
380	1444	1	0
380	71	4	0
380	419	3	0
380	151	4	0
380	1	4	0
380	139	1	0
380	95	4	0
380	416	2	0
380	465	4	0
381	1	5	0
381	419	5	0
381	596	3	0
381	259	2	0
381	418	3	0
381	142	3	0
381	225	3	0
381	132	5	0
381	1060	5	0
381	304	5	0
381	473	5	0
381	102	2	0
381	588	3	0
381	151	5	0
381	139	3	0
381	432	5	0
381	501	4	0
381	99	5	0
381	94	3	0
381	95	4	0
382	151	4	0
383	1063	5	0
383	132	5	0
384	878	4	0
384	989	4	0
385	417	2	0
385	500	4	0
385	99	2	0
385	473	3	0
385	132	4	0
385	419	2	0
385	304	3	0
385	151	2	0
385	1066	4	0
385	8	5	0
385	423	2	0
385	383	1	0
387	423	3	0
387	1091	1	0
387	625	2	0
387	501	4	0
387	432	4	0
387	969	3	0
387	71	2	0
387	588	3	0
387	95	2	0
387	418	3	0
387	768	1	0
387	1	4	0
387	99	5	0
387	473	4	0
387	243	1	0
387	8	4	0
387	102	3	0
387	477	1	0
387	1078	1	0
387	151	3	0
387	91	4	0
388	259	3	0
388	596	4	0
388	1	5	0
389	95	3	0
389	8	4	0
389	99	5	0
389	404	5	0
389	383	2	0
389	477	4	0
389	423	5	0
389	416	4	0
389	820	3	0
389	418	4	0
389	419	3	0
389	969	4	0
389	1444	3	0
389	71	4	0
389	584	4	0
389	1	4	0
389	94	2	0
389	946	3	0
389	420	3	0
389	132	5	0
389	151	4	0
389	588	5	0
389	501	5	0
389	142	3	0
390	1	5	0
390	304	5	0
390	989	5	0
391	8	3	0
391	132	4	0
391	71	3	0
392	304	4	0
392	99	5	0
392	538	2	0
392	8	5	0
393	1219	4	0
393	377	3	0
393	996	3	0
393	398	4	0
393	820	3	0
393	1	3	0
393	929	3	0
393	71	3	0
393	94	4	0
393	420	3	0
393	623	3	0
393	892	3	0
393	932	3	0
393	1531	4	0
393	538	3	0
393	755	3	0
393	142	4	0
393	477	3	0
393	259	4	0
393	139	4	0
393	1091	2	0
393	500	4	0
393	419	4	0
393	1469	3	0
393	465	4	0
393	501	3	0
393	539	3	0
393	560	3	0
393	951	3	0
393	404	3	0
393	596	4	0
393	304	4	0
393	417	3	0
393	423	3	0
393	473	3	0
393	138	3	0
393	141	2	0
393	95	4	0
393	622	4	0
393	78	2	0
393	99	3	0
393	812	3	0
393	243	4	0
393	132	2	0
393	1063	4	0
393	1409	4	0
393	842	4	0
393	843	3	0
393	625	4	0
393	8	3	0
393	588	4	0
393	1076	3	0
393	1032	3	0
393	418	3	0
393	415	4	0
393	374	3	0
394	383	2	0
394	63	4	0
394	795	2	0
394	416	5	0
394	132	4	0
394	151	5	0
394	418	4	0
394	141	3	0
394	91	4	0
394	1	4	0
394	419	5	0
394	1033	3	0
394	423	5	0
395	892	3	0
395	423	5	0
395	596	2	0
395	1	5	0
395	1060	2	0
395	151	3	0
396	151	3	0
396	1	4	0
397	243	1	0
397	894	1	0
397	261	1	0
397	878	1	0
397	989	1	0
397	457	1	0
397	95	4	0
397	8	4	0
397	423	5	0
397	588	4	0
398	993	3	0
398	132	5	0
398	63	2	0
398	432	3	0
398	1	5	0
398	94	2	0
398	969	4	0
398	423	5	0
398	71	5	0
398	501	3	0
398	95	5	0
398	8	3	0
398	417	3	0
398	588	4	0
399	102	3	0
399	426	3	0
399	78	3	0
399	588	5	0
399	1480	3	0
399	1279	3	0
399	1540	3	0
399	225	3	0
399	946	3	0
399	1060	3	0
399	622	4	0
399	389	3	0
399	94	5	0
399	420	3	0
399	768	3	0
399	99	3	0
399	560	3	0
399	419	3	0
399	400	3	0
399	501	2	0
399	95	3	0
399	132	3	0
399	432	3	0
399	820	4	0
399	1	4	0
399	418	3	0
399	1219	3	0
399	969	3	0
399	755	2	0
399	91	4	0
399	63	3	0
399	423	3	0
399	151	2	0
399	140	4	0
399	8	3	0
399	465	3	0
399	71	3	0
399	383	2	0
399	404	3	0
399	139	3	0
399	542	3	0
400	259	3	0
400	304	4	0
401	99	4	0
401	243	3	0
401	473	1	0
401	225	1	0
401	501	2	0
401	588	2	0
401	151	1	0
401	1	2	0
401	404	2	0
401	892	1	0
401	71	2	0
401	584	3	0
401	477	1	0
402	95	5	0
402	1060	3	0
402	1	5	0
402	151	5	0
403	151	4	0
403	477	4	0
403	1	4	0
404	243	3	0
404	259	5	0
404	892	2	0
405	1032	1	0
405	1219	1	0
405	1066	1	0
405	78	2	0
405	416	2	0
405	842	5	0
405	1540	2	0
405	8	4	0
405	624	4	0
405	99	5	0
405	415	2	0
405	1415	1	0
405	1412	1	0
405	139	3	0
405	1470	2	0
405	140	3	0
405	1469	1	0
405	377	1	0
405	432	3	0
405	843	2	0
405	71	1	0
405	308	1	0
405	426	1	0
405	1444	2	0
405	398	1	0
405	951	1	0
405	1078	1	0
405	560	1	0
405	400	1	0
405	584	1	0
405	548	1	0
405	132	5	0
405	422	1	0
405	465	1	0
405	141	2	0
405	946	2	0
405	142	1	0
405	404	4	0
405	420	5	0
405	1200	1	0
405	795	2	0
405	1555	1	0
405	383	1	0
405	417	2	0
405	501	3	0
405	35	2	0
405	1531	1	0
405	1480	2	0
405	63	3	0
405	626	1	0
405	91	2	0
405	996	1	0
405	791	1	0
405	102	1	0
405	1091	1	0
405	726	1	0
405	389	2	0
405	423	5	0
405	588	2	0
405	95	3	0
405	418	5	0
405	622	1	0
405	1063	5	0
405	1031	1	0
405	419	4	0
405	623	1	0
405	1076	2	0
405	542	1	0
405	94	5	0
405	969	3	0
405	625	3	0
405	768	3	0
405	755	2	0
405	812	1	0
405	1503	1	0
405	1409	1	0
405	374	1	0
406	419	1	0
406	588	4	0
406	596	3	0
406	95	4	0
406	8	4	0
406	501	5	0
406	404	5	0
406	132	5	0
406	624	5	0
406	151	2	0
406	432	5	0
406	1	4	0
406	99	5	0
406	71	3	0
406	63	3	0
406	418	5	0
406	420	4	0
407	969	4	0
407	400	1	0
407	151	4	0
407	993	4	0
407	94	4	0
407	588	4	0
407	99	4	0
407	8	5	0
407	132	4	0
407	95	3	0
407	418	4	0
407	1	4	0
407	755	3	0
407	416	3	0
407	71	3	0
407	91	4	0
407	432	4	0
407	423	4	0
408	539	1	0
409	99	3	0
409	8	3	0
409	538	3	0
409	404	2	0
410	538	3	0
411	1470	3	0
411	304	3	0
411	1	4	0
411	8	3	0
412	1	4	0
412	969	3	0
415	432	4	0
415	243	1	0
416	151	3	0
416	791	2	0
416	419	4	0
416	538	4	0
416	404	3	0
416	417	3	0
416	304	5	0
416	415	4	0
416	768	3	0
416	1503	4	0
416	842	4	0
416	418	4	0
416	132	4	0
416	71	4	0
416	78	2	0
416	1540	4	0
416	432	2	0
416	625	5	0
416	1	5	0
416	542	1	0
416	501	5	0
416	477	4	0
416	560	3	0
416	103	3	0
416	929	4	0
416	416	4	0
416	140	4	0
416	795	2	0
416	259	2	0
416	8	5	0
416	95	3	0
416	423	4	0
416	755	4	0
416	1469	3	0
416	1133	4	0
416	812	4	0
416	624	3	0
416	1091	3	0
416	588	5	0
416	473	2	0
416	843	3	0
416	500	5	0
416	142	4	0
416	99	4	0
416	94	2	0
416	420	3	0
416	1336	1	0
416	225	1	0
417	501	3	0
417	1091	3	0
417	465	4	0
417	420	4	0
417	94	3	0
417	419	4	0
417	95	5	0
417	404	3	0
417	151	5	0
417	142	3	0
417	418	4	0
417	99	4	0
417	423	4	0
417	102	3	0
417	588	3	0
417	422	3	0
417	91	2	0
417	625	4	0
417	132	4	0
417	63	3	0
417	1	4	0
417	139	3	0
417	473	2	0
417	141	3	0
417	596	3	0
417	946	4	0
417	993	3	0
417	78	2	0
418	304	4	0
419	1	4	0
421	423	2	0
422	477	4	0
422	151	4	0
422	1	3	0
423	304	4	0
424	1	1	0
424	261	3	0
424	243	4	0
424	989	2	0
424	969	1	0
424	304	4	0
424	538	5	0
424	151	2	0
424	259	2	0
425	538	2	0
425	259	1	0
425	398	1	0
425	1	2	0
426	99	4	0
426	404	3	0
426	418	3	0
426	432	3	0
426	132	4	0
427	304	4	0
427	989	5	0
428	259	4	0
428	894	4	0
428	892	4	0
428	538	4	0
428	243	4	0
429	419	4	0
429	151	5	0
429	1033	1	0
429	91	3	0
429	843	1	0
429	457	1	0
429	500	1	0
429	423	4	0
429	63	2	0
429	1	3	0
429	1076	2	0
429	8	3	0
429	99	3	0
429	71	3	0
429	1133	2	0
429	596	3	0
429	755	3	0
429	404	4	0
429	415	3	0
429	140	1	0
429	726	2	0
429	820	3	0
429	132	3	0
429	95	3	0
429	141	3	0
429	625	3	0
429	584	4	0
429	768	3	0
429	432	4	0
429	418	3	0
429	473	3	0
429	225	2	0
430	151	4	0
431	538	4	0
432	1	2	0
432	151	4	0
433	95	3	0
433	457	1	0
434	225	4	0
434	1060	3	0
434	1	4	0
434	477	5	0
434	151	5	0
435	820	1	0
435	91	4	0
435	542	1	0
435	423	2	0
435	63	2	0
435	8	3	0
435	95	3	0
435	465	2	0
435	1133	2	0
435	862	1	0
435	584	3	0
435	1	5	0
435	225	3	0
435	929	2	0
435	625	2	0
435	132	3	0
435	596	4	0
435	501	3	0
435	139	2	0
435	588	4	0
435	755	2	0
435	768	3	0
435	151	3	0
435	404	2	0
435	71	3	0
435	432	3	0
435	141	2	0
435	946	2	0
435	420	4	0
435	473	3	0
436	95	4	0
436	423	4	0
436	400	3	0
436	99	3	0
436	132	1	0
436	102	4	0
437	420	3	0
437	91	3	0
437	501	4	0
437	99	4	0
437	8	4	0
437	588	3	0
437	71	3	0
437	1091	3	0
437	946	3	0
437	95	4	0
437	584	3	0
437	415	4	0
437	404	5	0
437	132	5	0
437	419	5	0
437	755	3	0
437	842	4	0
437	1063	5	0
437	139	3	0
437	151	5	0
437	432	3	0
437	94	4	0
437	812	3	0
437	418	3	0
437	473	5	0
437	969	4	0
437	423	5	0
437	843	4	0
437	417	5	0
438	1	4	0
440	304	5	0
440	243	1	0
441	1	5	0
441	538	3	0
441	259	3	0
445	151	4	0
445	1	3	0
447	132	4	0
447	91	4	0
447	1	3	0
447	151	3	0
448	304	3	0
449	473	3	0
450	95	3	0
450	465	4	0
450	102	4	0
450	389	4	0
450	969	4	0
450	304	4	0
450	132	5	0
450	878	2	0
450	139	5	0
450	259	3	0
450	416	5	0
450	140	3	0
450	1091	4	0
450	417	4	0
450	1033	3	0
450	94	4	0
450	457	2	0
450	63	4	0
450	400	3	0
450	225	4	0
450	415	3	0
450	91	4	0
450	1480	3	0
450	622	5	0
450	99	4	0
450	795	3	0
450	501	4	0
450	832	2	0
450	432	4	0
450	812	4	0
450	477	4	0
450	419	5	0
450	151	5	0
450	383	2	0
450	951	4	0
450	423	5	0
450	422	3	0
450	500	4	0
450	588	4	0
450	142	5	0
450	35	2	0
450	418	4	0
450	141	3	0
450	112	2	0
450	71	3	0
450	1444	4	0
450	78	2	0
450	842	4	0
450	584	5	0
450	1	4	0
451	878	1	0
451	243	4	0
451	989	1	0
451	259	4	0
451	457	2	0
451	304	3	0
451	261	2	0
451	308	1	0
452	465	5	0
452	588	3	0
452	102	2	0
452	432	2	0
452	419	4	0
452	418	4	0
452	969	2	0
452	243	5	0
452	259	2	0
452	404	4	0
452	99	3	0
452	501	3	0
452	8	4	0
452	132	2	0
452	624	2	0
452	423	5	0
452	1383	1	0
452	94	1	0
452	625	3	0
452	842	2	0
452	420	3	0
452	71	3	0
453	1032	1	0
453	132	3	0
453	151	3	0
453	99	3	0
453	94	4	0
453	416	2	0
453	423	4	0
454	132	2	0
454	419	4	0
454	588	3	0
454	8	5	0
454	95	2	0
454	259	4	0
454	1	3	0
454	71	3	0
454	465	3	0
454	404	3	0
454	140	3	0
454	423	4	0
454	1003	2	0
454	99	3	0
454	842	2	0
454	418	3	0
454	1063	4	0
455	304	3	0
455	95	4	0
455	8	4	0
455	465	3	0
455	1	4	0
455	584	4	0
455	755	3	0
455	71	3	0
455	423	5	0
455	259	2	0
456	95	4	0
456	419	4	0
456	423	3	0
456	432	4	0
456	94	3	0
456	91	2	0
456	71	3	0
456	1	2	0
456	588	3	0
456	99	3	0
457	225	4	0
457	584	4	0
457	8	5	0
457	243	2	0
457	500	5	0
457	94	3	0
457	417	4	0
457	91	4	0
457	588	5	0
457	151	5	0
457	423	5	0
457	132	5	0
457	755	4	0
457	304	4	0
457	623	3	0
457	473	4	0
457	1	4	0
458	1	4	0
458	99	4	0
458	969	4	0
458	423	2	0
458	473	4	0
458	8	4	0
458	588	5	0
458	596	4	0
458	304	4	0
459	473	4	0
459	993	3	0
459	596	3	0
459	259	4	0
459	989	5	0
459	1	4	0
459	477	1	0
459	932	4	0
459	969	3	0
459	8	5	0
459	225	3	0
459	832	3	0
459	1060	1	0
460	304	2	0
460	1	2	0
460	151	3	0
461	304	4	0
461	259	2	0
462	259	3	0
462	539	3	0
462	261	2	0
463	473	4	0
463	103	1	0
463	151	4	0
463	1	1	0
463	243	1	0
463	993	2	0
463	1033	2	0
463	1060	2	0
463	539	1	0
463	1383	2	0
463	477	2	0
463	1164	1	0
463	225	3	0
463	304	3	0
463	892	2	0
463	112	1	0
463	596	3	0
464	259	4	0
465	584	3	0
465	477	4	0
465	132	4	0
465	423	3	0
465	1	4	0
465	404	2	0
465	1078	2	0
465	588	4	0
465	929	3	0
465	8	4	0
465	151	3	0
466	308	1	0
466	95	2	0
467	1	4	0
468	423	4	0
468	71	5	0
468	132	5	0
468	1	5	0
468	91	5	0
468	95	4	0
468	432	5	0
468	8	4	0
468	377	2	0
468	584	4	0
470	1	3	0
471	477	5	0
471	99	2	0
471	418	3	0
471	422	5	0
471	932	5	0
471	225	5	0
471	465	5	0
471	501	3	0
471	71	3	0
471	1	4	0
471	420	1	0
471	432	1	0
471	878	4	0
471	151	2	0
471	404	2	0
471	102	5	0
471	946	2	0
471	95	4	0
471	140	5	0
471	94	5	0
471	768	3	0
471	8	5	0
471	969	2	0
471	1219	4	0
471	588	1	0
471	596	1	0
472	473	4	0
472	1469	4	0
472	548	1	0
472	426	4	0
472	588	3	0
472	768	5	0
472	404	3	0
472	432	5	0
472	63	4	0
472	625	4	0
472	584	1	0
472	95	3	0
472	755	4	0
472	99	3	0
472	1	5	0
472	501	3	0
472	141	4	0
472	374	2	0
472	78	1	0
472	416	3	0
472	400	5	0
472	417	4	0
472	951	1	0
472	91	5	0
472	1091	4	0
472	151	3	0
472	465	3	0
472	423	5	0
472	420	3	0
472	946	2	0
472	477	5	0
472	418	3	0
472	419	4	0
472	94	5	0
472	71	2	0
472	140	3	0
472	132	5	0
474	416	4	0
474	71	5	0
474	929	3	0
474	418	3	0
474	141	4	0
474	99	4	0
474	584	5	0
474	1200	4	0
474	151	3	0
474	419	4	0
474	1063	5	0
474	996	3	0
474	132	4	0
474	259	1	0
474	8	5	0
474	423	5	0
475	539	3	0
475	259	5	0
476	63	3	0
476	94	2	0
478	1	4	0
478	151	5	0
478	843	5	0
478	946	2	0
478	71	3	0
479	422	3	0
479	71	1	0
479	8	5	0
479	95	4	0
479	1444	1	0
479	1608	2	0
479	151	4	0
479	500	4	0
479	304	4	0
479	1	5	0
479	423	2	0
479	261	1	0
479	398	1	0
479	588	1	0
479	584	3	0
480	8	5	0
481	596	4	0
481	8	3	0
481	500	4	0
482	243	2	0
483	432	3	0
483	538	2	0
483	91	3	0
483	99	3	0
483	1	4	0
483	473	3	0
483	151	2	0
484	419	4	0
484	415	3	0
484	951	1	0
484	422	3	0
484	1	5	0
484	625	4	0
484	423	5	0
484	588	5	0
484	71	2	0
484	94	4	0
484	755	4	0
484	141	4	0
484	151	4	0
484	560	4	0
484	95	4	0
485	538	3	0
486	151	2	0
486	304	3	0
486	473	3	0
486	1	4	0
487	404	4	0
487	932	3	0
487	423	4	0
487	95	4	0
487	1	5	0
487	432	3	0
487	501	4	0
487	259	2	0
487	419	3	0
487	820	3	0
487	596	5	0
487	426	3	0
487	94	3	0
487	588	5	0
487	71	3	0
487	140	3	0
487	99	4	0
487	768	3	0
488	8	3	0
488	1	3	0
488	259	1	0
488	243	3	0
488	71	3	0
488	500	4	0
488	304	4	0
488	418	3	0
488	419	3	0
488	132	3	0
489	457	3	0
489	1293	5	0
489	538	4	0
489	878	2	0
489	261	2	0
489	892	3	0
489	259	2	0
489	304	3	0
489	243	4	0
489	308	4	0
489	989	3	0
489	539	4	0
490	993	1	0
490	1	3	0
490	1383	1	0
490	473	2	0
490	151	1	0
490	596	1	0
493	71	5	0
493	423	2	0
493	95	5	0
493	91	3	0
493	404	4	0
493	1	3	0
493	151	3	0
494	1	3	0
495	969	4	0
495	418	4	0
495	140	5	0
495	1091	4	0
495	95	3	0
495	417	3	0
495	132	4	0
495	416	5	0
495	843	3	0
495	404	4	0
495	94	3	0
495	91	2	0
495	622	2	0
495	501	3	0
495	71	5	0
495	1444	2	0
495	423	5	0
495	139	2	0
495	225	4	0
495	1	4	0
495	389	5	0
495	1133	3	0
495	419	1	0
495	1469	5	0
495	465	5	0
495	768	3	0
495	151	5	0
495	432	5	0
496	432	4	0
496	419	2	0
496	416	1	0
496	842	2	0
496	141	3	0
496	1060	1	0
496	420	3	0
496	151	3	0
496	1133	3	0
496	1091	1	0
496	418	3	0
496	142	2	0
496	417	1	0
496	99	3	0
496	1444	1	0
496	625	4	0
496	426	3	0
496	132	3	0
496	94	1	0
496	1473	3	0
496	1063	3	0
497	417	2	0
497	139	3	0
497	1	4	0
497	795	1	0
497	584	4	0
497	625	3	0
497	622	2	0
497	1615	3	0
497	1555	2	0
497	951	2	0
497	501	2	0
497	151	3	0
497	465	3	0
497	91	2	0
497	420	3	0
497	71	4	0
497	418	3	0
497	432	3	0
497	141	3	0
497	225	3	0
497	588	4	0
497	946	4	0
497	423	3	0
497	95	4	0
497	416	2	0
497	99	3	0
497	94	3	0
497	63	3	0
497	1415	2	0
498	548	2	0
498	538	1	0
498	423	3	0
498	151	4	0
499	132	4	0
499	588	4	0
499	539	1	0
499	8	5	0
499	624	2	0
500	584	1	0
500	1	4	0
500	423	3	0
500	768	2	0
500	1469	1	0
500	304	2	0
500	94	2	0
500	151	3	0
500	996	1	0
500	8	4	0
500	383	3	0
500	755	3	0
501	151	4	0
502	539	3	0
502	259	3	0
502	892	2	0
502	243	3	0
502	261	2	0
503	132	5	0
503	423	5	0
503	432	5	0
503	1	5	0
503	8	5	0
503	416	2	0
504	71	5	0
504	416	4	0
504	142	3	0
504	94	4	0
504	99	3	0
504	132	5	0
504	969	4	0
504	63	3	0
504	420	3	0
504	622	4	0
504	151	4	0
504	418	3	0
504	423	4	0
504	791	3	0
504	102	3	0
504	1415	3	0
504	419	3	0
504	623	3	0
504	225	4	0
504	465	3	0
504	141	3	0
504	404	4	0
504	548	2	0
504	400	3	0
504	1133	3	0
504	417	3	0
504	1444	3	0
504	755	4	0
504	139	3	0
505	422	3	0
505	419	3	0
505	95	4	0
505	989	1	0
505	132	5	0
505	1	3	0
505	423	4	0
505	588	5	0
505	1063	3	0
505	501	2	0
505	623	3	0
505	243	2	0
505	102	1	0
505	755	3	0
505	71	4	0
505	951	3	0
505	140	4	0
505	151	3	0
505	1409	3	0
505	584	4	0
505	99	4	0
505	259	3	0
506	542	3	0
506	539	4	0
506	1219	2	0
506	132	4	0
506	71	5	0
506	261	3	0
506	1279	4	0
506	417	4	0
506	951	3	0
506	63	4	0
506	404	5	0
506	94	3	0
506	892	1	0
506	140	3	0
506	1608	2	0
506	755	4	0
506	1063	5	0
506	418	4	0
506	95	5	0
506	878	3	0
506	465	4	0
506	560	3	0
506	423	5	0
506	538	3	0
506	432	4	0
506	8	5	0
507	538	4	0
507	894	5	0
507	892	5	0
508	151	5	0
508	423	5	0
508	1	5	0
508	91	4	0
508	132	5	0
509	892	1	0
510	457	2	0
510	259	2	0
510	261	2	0
510	243	3	0
512	1	4	0
514	473	3	0
514	423	5	0
514	259	4	0
514	95	4	0
514	243	2	0
514	419	4	0
514	132	4	0
514	432	4	0
514	1	5	0
515	304	4	0
515	538	3	0
515	243	3	0
515	259	3	0
517	538	4	0
517	755	3	0
517	1	3	0
518	820	2	0
518	1	4	0
518	151	3	0
519	878	5	0
519	243	1	0
519	259	1	0
519	1293	5	0
521	755	3	0
521	95	3	0
521	625	3	0
521	99	3	0
521	1	2	0
521	8	3	0
521	423	3	0
521	132	3	0
521	151	3	0
523	8	5	0
523	432	5	0
523	1	5	0
523	95	4	0
523	477	3	0
524	584	1	0
524	95	3	0
524	132	4	0
524	1540	2	0
524	71	3	0
524	501	2	0
524	418	1	0
524	304	4	0
524	432	1	0
524	94	2	0
524	151	1	0
524	416	4	0
524	423	4	0
524	419	1	0
524	259	3	0
525	1	4	0
525	596	4	0
525	151	5	0
526	1	5	0
526	243	1	0
527	91	2	0
527	588	4	0
527	878	1	0
527	99	3	0
527	423	3	0
528	423	1	0
528	588	2	0
528	422	2	0
531	892	3	0
531	259	1	0
531	894	1	0
531	457	1	0
532	795	2	0
532	95	5	0
532	1	5	0
532	419	5	0
532	132	5	0
532	588	5	0
532	477	4	0
532	426	5	0
532	1415	2	0
532	420	4	0
532	151	5	0
532	500	5	0
532	259	3	0
532	1470	5	0
532	929	3	0
532	501	5	0
532	99	5	0
532	139	5	0
532	8	5	0
532	538	4	0
532	404	5	0
532	304	5	0
532	842	4	0
532	946	5	0
533	1	4	0
533	94	4	0
533	91	2	0
533	132	5	0
533	8	3	0
533	423	5	0
533	1033	4	0
533	151	3	0
533	820	2	0
533	755	3	0
533	103	3	0
533	243	3	0
533	596	2	0
533	477	4	0
533	71	4	0
534	151	4	0
534	1	5	0
534	243	3	0
534	820	3	0
534	477	3	0
535	423	5	0
535	389	4	0
535	151	4	0
535	8	4	0
535	71	4	0
535	132	5	0
535	1	3	0
535	419	3	0
535	1063	4	0
536	132	4	0
536	1	5	0
536	584	5	0
536	419	3	0
536	404	4	0
536	588	3	0
536	71	5	0
536	993	3	0
536	139	4	0
536	542	1	0
536	304	3	0
536	416	4	0
536	500	4	0
536	432	4	0
536	141	4	0
536	755	4	0
536	63	4	0
536	95	5	0
536	94	4	0
536	1063	5	0
536	862	3	0
536	423	4	0
536	151	3	0
536	596	3	0
536	501	3	0
536	8	5	0
536	389	5	0
537	314	1	0
537	1	2	0
537	140	2	0
537	404	3	0
537	539	1	0
537	457	1	0
537	141	3	0
537	91	2	0
537	419	2	0
537	132	3	0
537	417	2	0
537	588	1	0
537	99	2	0
537	501	3	0
537	259	1	0
537	423	2	0
537	584	2	0
537	243	1	0
537	151	2	0
537	426	1	0
537	625	3	0
537	894	1	0
537	102	1	0
537	95	1	0
538	423	4	0
539	132	5	0
540	473	3	0
540	820	3	0
540	596	4	0
540	1	3	0
541	225	4	0
541	1412	1	0
541	420	4	0
541	1078	4	0
541	423	3	0
541	588	4	0
541	1	4	0
541	1409	4	0
541	71	5	0
541	584	3	0
541	560	3	0
541	140	5	0
541	465	4	0
541	946	5	0
541	419	5	0
541	812	3	0
541	102	4	0
541	500	4	0
541	843	4	0
541	417	4	0
541	1091	3	0
541	63	3	0
541	993	4	0
541	304	4	0
541	622	3	0
541	625	4	0
541	142	5	0
541	501	4	0
541	404	4	0
541	596	4	0
541	259	1	0
541	418	5	0
541	432	4	0
541	755	5	0
541	99	4	0
541	8	5	0
541	477	4	0
541	139	3	0
541	623	3	0
541	151	3	0
541	95	4	0
541	542	1	0
541	91	5	0
542	99	5	0
542	1	4	0
542	63	3	0
542	132	3	0
542	420	3	0
542	423	4	0
542	588	4	0
542	625	3	0
542	94	3	0
542	501	4	0
542	71	3	0
542	432	5	0
542	418	4	0
542	8	3	0
542	95	3	0
543	102	4	0
543	1555	3	0
543	432	4	0
543	8	4	0
543	95	3	0
543	423	3	0
543	94	3	0
543	71	4	0
544	304	3	0
544	259	1	0
545	419	3	0
545	1	5	0
545	426	3	0
545	139	3	0
545	142	3	0
545	71	5	0
545	151	4	0
545	95	4	0
545	542	2	0
545	132	4	0
545	993	2	0
545	1091	3	0
545	423	4	0
545	99	4	0
545	404	4	0
545	78	2	0
545	820	3	0
545	588	4	0
545	94	3	0
546	457	1	0
546	892	4	0
548	539	2	0
548	151	1	0
548	477	1	0
548	1	4	0
549	1	5	0
549	225	3	0
549	151	3	0
550	596	2	0
550	243	2	0
550	993	4	0
550	892	2	0
550	259	2	0
550	538	5	0
550	304	3	0
550	1	3	0
551	415	4	0
551	132	5	0
551	91	1	0
551	755	4	0
551	423	1	0
551	71	4	0
551	596	5	0
551	95	5	0
552	225	3	0
552	151	3	0
552	932	3	0
552	243	3	0
552	1	3	0
553	99	5	0
553	1200	3	0
553	132	4	0
553	8	3	0
553	151	5	0
553	423	3	0
553	1	3	0
554	151	4	0
554	820	2	0
554	951	3	0
554	8	4	0
554	432	4	0
554	95	4	0
554	542	3	0
554	71	4	0
554	596	3	0
554	423	4	0
554	1	3	0
554	132	4	0
556	132	5	0
556	243	1	0
557	892	3	0
557	8	5	0
559	261	3	0
559	398	3	0
559	94	3	0
559	259	3	0
560	132	3	0
560	423	4	0
560	151	3	0
560	1	4	0
561	151	2	0
561	426	1	0
561	243	1	0
561	432	5	0
561	588	2	0
561	423	2	0
561	542	1	0
561	1015	2	0
561	584	3	0
561	71	2	0
561	501	3	0
561	539	1	0
561	8	3	0
561	946	3	0
561	132	2	0
561	304	3	0
561	95	2	0
561	1	2	0
561	99	3	0
561	473	3	0
561	417	2	0
561	596	2	0
561	141	2	0
561	91	4	0
562	1	2	0
562	432	5	0
562	418	5	0
562	416	5	0
562	132	4	0
562	501	5	0
562	477	4	0
562	141	4	0
563	862	1	0
563	304	2	0
566	78	1	0
566	755	2	0
566	465	2	0
566	95	2	0
566	419	2	0
566	8	4	0
566	423	2	0
566	94	2	0
566	71	2	0
567	1	3	0
567	423	2	0
567	132	3	0
568	132	2	0
568	423	4	0
569	151	5	0
569	1	4	0
569	225	3	0
569	473	4	0
570	243	1	0
573	423	3	0
575	304	2	0
576	1	4	0
576	259	2	0
577	465	4	0
577	423	4	0
577	71	5	0
577	623	5	0
577	795	3	0
577	151	4	0
577	768	3	0
577	1336	1	0
577	225	4	0
577	1	5	0
577	95	5	0
577	132	4	0
577	932	3	0
577	140	4	0
577	560	3	0
577	8	4	0
577	588	4	0
577	99	3	0
577	1219	3	0
577	1033	4	0
577	63	4	0
577	996	3	0
577	1032	3	0
577	102	4	0
577	1531	4	0
579	1	4	0
580	151	2	0
580	1	3	0
582	477	4	0
582	1	4	0
582	473	3	0
582	1033	2	0
582	151	4	0
582	932	2	0
584	423	4	0
585	584	3	0
586	820	4	0
586	423	2	0
587	989	2	0
587	243	3	0
587	259	4	0
587	539	3	0
587	892	3	0
587	304	4	0
587	261	3	0
587	878	2	0
587	308	3	0
588	419	5	0
588	94	2	0
588	63	5	0
588	623	3	0
588	969	5	0
588	832	1	0
588	71	4	0
588	423	3	0
588	432	4	0
588	8	5	0
588	91	5	0
588	588	4	0
588	625	3	0
588	542	3	0
588	132	5	0
588	1	4	0
588	95	4	0
588	417	5	0
588	142	5	0
588	99	5	0
588	1219	2	0
588	151	4	0
588	225	5	0
588	1078	4	0
588	584	3	0
588	755	3	0
588	1469	3	0
588	842	3	0
588	1091	4	0
588	404	3	0
589	259	5	0
589	892	4	0
589	243	3	0
589	538	5	0
589	304	5	0
591	94	3	0
591	8	3	0
592	501	4	0
592	71	4	0
592	99	5	0
592	243	1	0
592	261	1	0
592	423	5	0
592	969	4	0
592	259	2	0
592	418	4	0
592	132	5	0
592	8	5	0
592	1060	2	0
592	457	1	0
592	820	3	0
592	1	4	0
592	151	4	0
592	95	4	0
592	432	1	0
592	140	3	0
592	892	1	0
593	8	3	0
593	140	4	0
593	417	5	0
593	501	2	0
593	71	4	0
593	1	3	0
593	423	4	0
593	584	3	0
595	929	2	0
595	151	5	0
595	304	3	0
595	820	2	0
597	151	4	0
597	477	5	0
597	1	3	0
597	225	4	0
598	259	3	0
598	308	4	0
598	243	2	0
598	538	4	0
599	1	4	0
601	584	4	0
601	140	1	0
601	389	2	0
601	225	1	0
601	151	3	0
601	1615	4	0
601	132	5	0
601	8	3	0
601	99	3	0
601	842	1	0
601	141	4	0
601	91	5	0
601	1063	3	0
601	419	4	0
601	820	1	0
601	71	1	0
601	588	3	0
601	623	1	0
601	418	2	0
601	473	3	0
601	416	3	0
601	259	1	0
601	1540	2	0
602	261	3	0
602	304	4	0
602	1	4	0
602	457	3	0
602	538	4	0
602	243	3	0
602	259	4	0
603	419	2	0
605	132	5	0
605	1	4	0
606	103	3	0
606	8	2	0
606	71	5	0
606	588	5	0
606	91	5	0
606	95	4	0
606	423	5	0
606	993	5	0
606	99	4	0
606	969	5	0
606	132	5	0
606	477	4	0
606	951	2	0
606	225	1	0
606	419	4	0
606	404	4	0
606	151	5	0
606	473	4	0
606	501	4	0
606	138	3	0
606	1	5	0
606	418	5	0
606	432	5	0
606	596	4	0
606	63	3	0
608	8	2	0
608	132	2	0
608	1063	5	0
608	969	5	0
608	418	1	0
608	423	4	0
608	419	4	0
609	259	1	0
609	878	1	0
609	314	1	0
609	304	5	0
609	243	1	0
609	538	1	0
609	1	1	0
609	894	1	0
610	95	2	0
610	419	5	0
610	1	4	0
610	477	2	0
610	755	5	0
610	71	4	0
610	8	4	0
610	423	4	0
612	1060	4	0
612	477	2	0
612	1063	5	0
612	259	3	0
612	1	4	0
612	243	2	0
612	878	2	0
613	1	4	0
614	1	5	0
615	259	1	0
615	423	5	0
617	423	1	0
617	132	1	0
618	91	4	0
618	151	3	0
618	1063	3	0
618	588	4	0
618	1	4	0
618	95	3	0
618	404	5	0
618	501	4	0
618	416	4	0
618	1066	3	0
618	419	4	0
618	625	4	0
618	418	3	0
618	969	3	0
618	1032	2	0
618	420	3	0
618	596	4	0
618	755	2	0
618	423	5	0
618	71	4	0
618	432	5	0
618	132	4	0
618	477	2	0
618	8	3	0
618	99	3	0
620	1503	4	0
620	138	5	0
620	1219	3	0
620	501	4	0
620	1	5	0
620	243	3	0
620	404	4	0
620	422	1	0
620	1091	4	0
620	8	3	0
620	588	5	0
620	755	5	0
620	71	5	0
620	795	4	0
620	432	4	0
620	993	5	0
620	951	3	0
620	95	4	0
620	820	4	0
620	465	4	0
620	418	3	0
620	419	2	0
620	768	5	0
620	560	4	0
620	99	3	0
620	623	4	0
620	140	4	0
620	596	2	0
620	151	4	0
620	1066	5	0
620	423	5	0
620	91	2	0
620	946	4	0
620	625	3	0
620	35	3	0
620	969	4	0
620	420	3	0
620	416	4	0
620	225	3	0
620	63	5	0
620	94	5	0
620	1480	3	0
620	112	4	0
620	78	4	0
621	624	5	0
621	71	3	0
621	542	2	0
621	142	3	0
621	419	4	0
621	94	2	0
621	894	1	0
621	63	1	0
621	91	3	0
621	588	3	0
621	432	4	0
621	8	5	0
621	95	4	0
621	423	4	0
621	501	3	0
621	539	1	0
621	584	5	0
621	418	3	0
621	625	4	0
621	420	4	0
621	417	3	0
621	1	3	0
621	755	3	0
621	795	1	0
621	383	2	0
621	151	5	0
621	404	3	0
621	398	2	0
622	1	3	0
622	404	3	0
622	501	3	0
622	625	3	0
622	1060	3	0
622	95	4	0
622	423	3	0
622	993	4	0
622	755	4	0
622	795	2	0
622	8	4	0
622	1078	3	0
622	419	4	0
622	142	3	0
622	94	2	0
622	132	4	0
622	432	5	0
622	99	4	0
622	542	2	0
622	418	3	0
622	588	4	0
624	473	3	0
624	993	4	0
624	477	3	0
624	1	4	0
625	423	4	0
625	588	4	0
625	95	3	0
625	584	3	0
625	151	3	0
625	91	4	0
626	243	1	0
627	423	3	0
628	8	2	0
629	416	4	0
629	423	5	0
629	132	5	0
630	477	4	0
630	1	4	0
630	932	2	0
630	929	4	0
630	832	2	0
630	465	1	0
630	243	2	0
630	71	3	0
630	820	4	0
632	404	5	0
632	132	5	0
632	99	5	0
632	91	3	0
632	622	4	0
632	419	4	0
632	71	4	0
632	1	3	0
632	95	5	0
632	588	2	0
632	423	4	0
632	432	3	0
633	423	4	0
633	94	4	0
633	71	3	0
634	1	3	0
634	477	3	0
634	929	3	0
634	473	2	0
634	225	3	0
634	596	3	0
634	932	3	0
635	1	4	0
636	1	3	0
636	596	5	0
637	596	2	0
637	225	3	0
637	1033	3	0
637	1	4	0
637	1060	2	0
637	151	5	0
639	584	2	0
639	423	2	0
640	91	4	0
640	151	4	0
640	304	4	0
641	432	5	0
641	969	4	0
642	35	2	0
642	1480	1	0
642	91	4	0
642	1	5	0
642	1336	2	0
642	1219	4	0
642	102	5	0
642	8	5	0
642	417	3	0
642	1473	4	0
642	71	5	0
642	1133	3	0
642	625	3	0
642	383	5	0
642	1063	3	0
642	419	4	0
642	139	1	0
642	624	3	0
642	473	1	0
642	1076	2	0
642	969	2	0
642	63	3	0
642	560	4	0
642	622	4	0
642	1091	4	0
642	141	4	0
642	142	4	0
642	99	2	0
642	1531	3	0
642	996	2	0
642	623	4	0
642	584	4	0
642	259	5	0
642	1503	2	0
642	596	5	0
642	812	4	0
642	542	5	0
642	993	4	0
642	138	4	0
642	501	2	0
642	477	5	0
642	726	2	0
642	151	3	0
642	432	2	0
642	768	4	0
642	422	3	0
642	1415	4	0
642	1033	3	0
642	862	4	0
642	132	3	0
642	1469	4	0
642	832	3	0
642	1032	4	0
642	951	3	0
642	1066	3	0
642	755	3	0
642	400	4	0
642	398	2	0
642	418	5	0
642	78	3	0
642	94	2	0
642	843	3	0
642	423	3	0
642	420	4	0
642	795	4	0
642	946	2	0
642	465	4	0
642	588	5	0
642	377	3	0
642	140	3	0
642	404	3	0
642	1078	5	0
642	932	5	0
642	416	5	0
642	225	4	0
642	95	5	0
643	432	5	0
643	419	4	0
643	969	4	0
643	418	4	0
643	420	4	0
643	1	5	0
643	94	4	0
643	820	3	0
643	132	5	0
643	404	4	0
643	501	4	0
643	99	4	0
643	423	4	0
644	308	4	0
644	457	4	0
644	261	4	0
644	243	4	0
644	259	4	0
645	91	3	0
645	243	1	0
646	304	3	0
646	892	2	0
646	259	3	0
647	1063	3	0
647	588	4	0
647	993	4	0
647	71	4	0
648	500	5	0
648	477	3	0
648	377	3	0
648	473	3	0
648	820	2	0
648	1003	4	0
648	63	4	0
648	596	3	0
648	929	4	0
648	304	5	0
648	71	3	0
648	726	3	0
648	862	1	0
648	225	1	0
648	151	2	0
648	423	4	0
648	1060	2	0
648	103	1	0
648	95	3	0
648	112	2	0
648	878	3	0
648	94	5	0
648	1	5	0
648	1033	2	0
648	432	5	0
649	1	5	0
650	1	3	0
650	417	3	0
650	140	2	0
650	99	4	0
650	423	3	0
650	843	2	0
650	969	3	0
650	132	4	0
650	625	3	0
650	404	3	0
650	432	4	0
650	243	2	0
650	1031	3	0
650	151	3	0
650	622	3	0
650	419	4	0
650	755	3	0
650	501	3	0
650	420	3	0
650	71	3	0
650	588	3	0
650	95	3	0
650	389	3	0
650	416	3	0
650	63	2	0
650	91	4	0
650	141	4	0
650	1060	3	0
652	538	4	0
652	259	2	0
653	94	2	0
653	416	1	0
653	132	3	0
653	142	2	0
653	862	2	0
653	63	2	0
653	622	3	0
653	423	2	0
653	225	1	0
653	151	3	0
653	755	2	0
653	1133	2	0
653	1444	3	0
653	139	2	0
653	1	4	0
654	473	2	0
654	71	3	0
654	95	4	0
654	1	4	0
654	151	4	0
654	588	4	0
654	596	3	0
654	423	4	0
654	969	5	0
654	418	4	0
654	8	5	0
655	1063	3	0
655	1	2	0
655	8	3	0
655	132	3	0
655	423	3	0
655	417	2	0
655	500	2	0
655	304	2	0
655	726	2	0
655	584	3	0
655	1473	3	0
657	151	4	0
657	1	3	0
658	151	5	0
658	8	5	0
658	1	4	0
658	477	3	0
659	419	5	0
659	423	4	0
660	71	2	0
660	259	4	0
660	95	2	0
660	404	2	0
660	1615	2	0
660	139	2	0
660	1133	2	0
660	473	2	0
660	1	3	0
660	423	3	0
660	243	2	0
660	91	4	0
660	151	5	0
660	132	3	0
660	63	2	0
660	8	2	0
660	625	3	0
660	1078	2	0
660	946	2	0
660	432	4	0
660	996	1	0
660	99	2	0
660	419	2	0
660	542	2	0
660	94	2	0
660	755	2	0
661	8	5	0
661	1	5	0
661	538	3	0
661	423	4	0
661	501	4	0
661	418	4	0
661	95	5	0
661	71	4	0
661	132	5	0
661	140	3	0
661	304	2	0
663	588	4	0
663	243	3	0
663	151	3	0
663	259	2	0
663	473	3	0
663	1	4	0
664	95	4	0
664	71	4	0
664	1	4	0
664	588	3	0
664	151	4	0
664	132	4	0
665	419	4	0
665	71	4	0
665	538	4	0
665	151	3	0
665	432	4	0
665	588	4	0
665	1	4	0
665	473	4	0
665	423	4	0
665	417	3	0
665	418	4	0
666	91	3	0
666	132	4	0
666	432	3	0
666	423	3	0
666	151	2	0
668	596	3	0
668	993	4	0
668	538	5	0
669	151	5	0
669	132	4	0
669	1	5	0
670	417	4	0
670	969	2	0
670	419	4	0
670	8	4	0
672	225	2	0
674	929	3	0
674	539	1	0
674	151	2	0
674	304	3	0
674	1	4	0
676	259	4	0
676	539	4	0
676	1	5	0
676	132	5	0
676	892	4	0
676	538	4	0
676	993	5	0
677	457	1	0
677	243	3	0
677	1	4	0
677	91	5	0
677	539	3	0
677	151	4	0
678	1	5	0
679	8	2	0
679	416	3	0
679	1	3	0
679	419	3	0
679	132	4	0
679	95	3	0
679	432	4	0
679	63	3	0
679	588	3	0
679	423	3	0
680	151	5	0
680	1	4	0
681	259	2	0
681	538	3	0
681	304	3	0
681	539	4	0
681	894	1	0
682	95	5	0
682	542	2	0
682	304	1	0
682	862	1	0
682	151	5	0
682	623	3	0
682	71	5	0
682	423	5	0
682	625	3	0
682	243	1	0
682	94	3	0
682	932	1	0
682	420	3	0
682	1	4	0
682	259	3	0
682	465	3	0
682	1091	3	0
682	8	3	0
682	419	3	0
682	820	3	0
682	946	4	0
683	132	5	0
683	259	3	0
683	308	3	0
683	588	4	0
683	626	3	0
684	151	3	0
684	625	3	0
684	1	4	0
684	225	3	0
684	63	4	0
684	8	5	0
684	94	3	0
684	477	5	0
684	596	3	0
686	99	5	0
686	542	1	0
686	969	5	0
686	588	4	0
688	259	5	0
688	304	5	0
689	1	3	0
689	596	3	0
689	151	3	0
690	63	3	0
690	8	4	0
690	94	4	0
690	993	3	0
690	1	4	0
691	8	2	0
691	1	5	0
691	243	1	0
691	500	3	0
691	304	3	0
692	1	4	0
693	132	4	0
693	419	2	0
693	432	4	0
693	99	3	0
693	423	3	0
694	584	4	0
694	141	5	0
694	71	4	0
694	138	3	0
694	132	5	0
694	423	5	0
694	432	4	0
694	419	4	0
695	989	3	0
697	225	3	0
697	1	5	0
697	989	2	0
697	473	5	0
697	596	4	0
697	820	3	0
698	465	3	0
698	423	2	0
698	404	1	0
698	625	3	0
698	419	3	0
698	132	4	0
698	1	4	0
698	95	3	0
698	1063	2	0
698	588	4	0
699	878	3	0
699	1336	3	0
699	929	3	0
699	473	3	0
699	243	2	0
699	1615	3	0
699	1033	4	0
699	95	3	0
699	477	3	0
699	596	3	0
699	308	4	0
699	304	4	0
699	820	2	0
699	1060	3	0
699	112	3	0
699	225	3	0
699	828	3	0
699	151	3	0
699	1	3	0
699	989	4	0
700	423	4	0
701	304	4	0
701	1	4	0
702	259	3	0
702	538	4	0
703	993	4	0
703	259	1	0
703	596	3	0
703	1	4	0
704	304	2	0
704	432	5	0
704	259	2	0
705	400	4	0
705	99	3	0
705	623	5	0
705	419	3	0
705	843	2	0
705	862	1	0
705	71	5	0
705	377	4	0
705	1	5	0
705	560	2	0
705	932	5	0
705	625	5	0
705	423	2	0
705	416	3	0
705	588	3	0
705	820	3	0
705	142	2	0
705	94	4	0
705	151	3	0
705	8	3	0
705	95	4	0
705	755	5	0
705	225	4	0
705	622	4	0
706	1	4	0
707	420	3	0
707	151	4	0
707	140	2	0
707	473	4	0
707	419	3	0
707	8	5	0
708	538	2	0
708	1	5	0
708	112	1	0
708	457	4	0
708	473	1	0
708	596	4	0
708	304	4	0
708	151	4	0
708	225	2	0
708	993	4	0
709	423	3	0
709	1	4	0
710	419	4	0
710	1	4	0
710	142	3	0
710	95	3	0
710	418	3	0
710	99	4	0
710	420	4	0
710	501	3	0
710	432	5	0
711	417	4	0
711	419	5	0
711	420	5	0
711	755	3	0
711	94	2	0
711	969	5	0
711	588	4	0
711	416	3	0
711	91	4	0
711	432	4	0
711	71	3	0
711	95	4	0
711	8	5	0
711	99	3	0
711	151	4	0
711	132	5	0
711	622	4	0
711	542	1	0
711	404	3	0
711	423	3	0
712	243	4	0
712	588	4	0
712	625	3	0
712	99	4	0
712	417	4	0
712	1503	4	0
712	501	3	0
712	95	4	0
712	542	4	0
712	432	4	0
712	465	4	0
712	584	4	0
712	812	4	0
712	94	4	0
712	400	3	0
712	560	3	0
712	416	3	0
712	1469	4	0
712	946	4	0
712	63	4	0
712	140	4	0
712	102	4	0
712	996	4	0
712	842	3	0
712	843	3	0
712	71	5	0
712	415	4	0
712	78	4	0
712	768	5	0
712	420	3	0
712	141	3	0
712	969	4	0
712	419	3	0
712	755	4	0
712	623	4	0
712	418	3	0
712	1480	4	0
712	423	3	0
712	1091	3	0
712	404	3	0
712	622	4	0
712	398	4	0
712	142	4	0
713	539	3	0
714	151	3	0
714	477	2	0
714	1	3	0
715	588	4	0
715	426	5	0
715	755	2	0
715	1	5	0
715	71	3	0
715	95	4	0
716	418	4	0
716	465	5	0
716	842	3	0
716	420	4	0
716	141	4	0
716	1	5	0
716	132	5	0
716	969	4	0
716	622	3	0
716	142	3	0
716	99	5	0
716	501	5	0
716	423	4	0
716	417	3	0
716	95	4	0
716	419	5	0
716	588	4	0
716	91	5	0
716	473	4	0
716	416	3	0
716	225	3	0
716	946	2	0
716	102	2	0
716	404	4	0
716	151	5	0
716	432	5	0
718	820	2	0
719	71	3	0
719	423	3	0
720	304	4	0
721	878	3	0
721	1	5	0
721	8	4	0
721	261	3	0
721	989	3	0
721	304	3	0
721	259	3	0
721	423	5	0
721	755	4	0
721	243	3	0
721	457	3	0
722	151	5	0
723	1	3	0
724	259	2	0
724	308	1	0
724	538	2	0
724	304	4	0
724	989	1	0
726	1	4	0
726	832	5	0
727	259	4	0
727	71	3	0
727	993	4	0
727	596	4	0
727	538	3	0
727	132	2	0
727	419	2	0
727	432	2	0
727	94	4	0
727	398	2	0
727	423	3	0
727	588	4	0
727	755	2	0
727	95	4	0
727	63	2	0
727	91	4	0
727	542	2	0
727	1	3	0
727	465	2	0
727	820	2	0
727	539	2	0
727	1076	2	0
727	1615	1	0
728	304	4	0
728	243	2	0
729	894	1	0
730	1	4	0
730	151	4	0
731	140	2	0
731	8	2	0
731	1	2	0
731	95	3	0
731	588	3	0
731	419	4	0
731	132	3	0
731	1503	5	0
732	304	5	0
732	243	5	0
733	820	2	0
733	151	4	0
733	1	2	0
734	419	4	0
734	132	3	0
734	465	4	0
734	423	4	0
734	95	4	0
734	99	4	0
735	304	4	0
735	1	4	0
736	993	4	0
737	501	1	0
738	141	3	0
738	418	3	0
738	91	4	0
738	755	3	0
738	1	5	0
738	423	4	0
738	225	3	0
738	951	2	0
738	71	3	0
738	151	4	0
738	63	3	0
738	95	4	0
738	969	4	0
739	969	1	0
739	132	4	0
739	465	1	0
741	423	3	0
741	95	2	0
741	151	3	0
741	94	3	0
742	1	4	0
743	308	2	0
743	259	3	0
744	1	4	0
745	1	2	0
745	8	4	0
745	151	2	0
746	423	3	0
746	8	4	0
746	1	4	0
746	132	4	0
747	91	5	0
747	596	5	0
747	951	2	0
747	1003	1	0
747	304	4	0
747	71	5	0
747	500	4	0
747	1015	4	0
747	416	5	0
747	404	5	0
747	132	4	0
747	94	4	0
747	63	3	0
747	473	3	0
747	584	5	0
747	423	5	0
747	989	3	0
747	1	5	0
747	432	5	0
747	929	3	0
747	501	5	0
747	8	5	0
747	726	2	0
747	625	3	0
747	95	3	0
747	588	5	0
747	418	5	0
747	842	5	0
747	419	5	0
747	99	5	0
748	588	4	0
748	71	3	0
748	8	4	0
748	1	4	0
748	132	3	0
749	755	4	0
749	418	5	0
749	465	4	0
749	477	3	0
749	142	4	0
749	932	3	0
749	501	4	0
749	1615	4	0
749	71	4	0
749	420	4	0
749	78	3	0
749	419	5	0
749	969	4	0
749	141	4	0
749	151	5	0
749	132	4	0
749	95	3	0
749	139	4	0
749	398	3	0
749	812	3	0
749	1133	2	0
749	622	3	0
749	404	5	0
749	140	3	0
749	625	3	0
749	94	5	0
749	389	3	0
749	423	4	0
749	951	4	0
749	584	3	0
749	99	5	0
749	843	3	0
749	1	4	0
750	304	4	0
751	142	4	0
751	94	3	0
751	432	4	0
751	418	5	0
751	538	4	0
751	99	4	0
751	755	4	0
751	596	4	0
751	1	3	0
751	588	5	0
751	417	2	0
751	91	4	0
751	419	4	0
751	95	5	0
751	1078	3	0
752	1279	3	0
752	259	5	0
752	539	4	0
753	71	5	0
753	304	4	0
754	477	5	0
754	243	1	0
755	304	4	0
755	259	3	0
755	538	4	0
756	420	4	0
756	91	3	0
756	404	3	0
756	1031	2	0
756	432	4	0
756	383	3	0
756	588	4	0
756	423	3	0
756	151	4	0
756	622	3	0
756	1	4	0
756	225	1	0
756	473	3	0
756	99	3	0
756	8	4	0
756	138	2	0
756	141	3	0
756	501	3	0
756	419	3	0
756	95	3	0
756	418	3	0
756	755	3	0
756	1060	4	0
756	63	3	0
756	71	3	0
756	398	3	0
757	95	4	0
757	588	3	0
757	426	3	0
757	423	3	0
757	1	4	0
757	432	3	0
757	969	3	0
757	151	4	0
757	71	4	0
757	91	4	0
758	139	4	0
758	419	4	0
758	141	4	0
758	1292	1	0
758	99	3	0
758	542	2	0
758	91	4	0
758	420	3	0
758	892	2	0
758	95	3	0
758	151	5	0
758	820	4	0
758	8	5	0
759	1	5	0
760	71	4	0
761	1	1	0
761	457	1	0
761	426	1	0
761	151	2	0
761	243	3	0
761	261	1	0
761	477	1	0
763	132	3	0
763	151	4	0
763	625	4	0
763	432	5	0
763	588	4	0
763	1	4	0
763	418	4	0
763	99	4	0
764	71	5	0
764	151	4	0
764	95	5	0
764	946	4	0
764	588	5	0
764	596	3	0
764	132	5	0
764	432	5	0
764	820	3	0
764	418	4	0
764	1	4	0
764	140	3	0
764	99	4	0
765	151	4	0
766	91	5	0
766	8	5	0
766	71	3	0
766	1444	2	0
766	132	4	0
766	95	3	0
766	588	3	0
766	465	3	0
766	423	3	0
766	951	3	0
766	584	3	0
766	99	3	0
766	432	3	0
766	419	3	0
767	432	5	0
767	141	4	0
767	1	5	0
768	1	5	0
768	151	2	0
769	1	4	0
769	473	3	0
770	477	4	0
770	151	5	0
770	473	5	0
770	1	5	0
770	596	4	0
770	929	4	0
771	71	5	0
771	304	5	0
771	588	5	0
771	91	4	0
771	95	4	0
771	596	4	0
771	542	4	0
771	1	5	0
771	8	5	0
771	768	4	0
771	477	5	0
771	243	3	0
771	892	5	0
771	993	4	0
772	259	2	0
772	304	4	0
773	91	4	0
773	432	4	0
773	1555	4	0
773	588	1	0
773	1	3	0
774	548	1	0
774	8	1	0
774	91	1	0
774	398	1	0
774	94	2	0
774	418	2	0
774	1091	1	0
774	423	1	0
774	795	1	0
774	501	1	0
776	588	4	0
776	91	4	0
776	422	2	0
776	432	1	0
776	132	3	0
776	95	4	0
776	1219	3	0
777	1	4	0
778	623	1	0
778	94	2	0
778	132	2	0
778	423	1	0
778	35	1	0
778	78	1	0
778	755	2	0
778	8	1	0
779	596	4	0
779	304	3	0
779	243	4	0
779	1	4	0
779	95	5	0
779	225	4	0
779	71	4	0
780	423	5	0
780	419	4	0
781	878	1	0
782	261	2	0
782	894	2	0
782	1292	3	0
782	304	4	0
782	308	4	0
782	243	3	0
782	1383	3	0
782	1615	3	0
782	247	1	0
782	1279	3	0
782	989	3	0
782	878	3	0
782	259	1	0
782	993	3	0
782	538	4	0
782	539	3	0
782	1608	3	0
784	304	4	0
785	1	4	0
785	423	2	0
786	71	5	0
786	465	4	0
786	404	4	0
786	501	4	0
786	588	5	0
786	95	5	0
786	132	5	0
786	99	4	0
786	102	4	0
786	419	4	0
786	1	4	0
786	418	4	0
786	416	4	0
786	423	5	0
787	308	3	0
787	259	4	0
787	304	4	0
788	423	5	0
788	141	3	0
788	755	3	0
788	132	5	0
788	726	4	0
788	112	3	0
788	151	1	0
788	1	3	0
788	432	1	0
788	828	3	0
788	623	3	0
788	71	3	0
789	1	3	0
789	151	2	0
790	862	1	0
790	259	2	0
790	1091	1	0
790	91	3	0
790	139	2	0
790	63	2	0
790	584	4	0
790	1063	5	0
790	755	3	0
790	417	2	0
790	151	4	0
790	1	3	0
791	259	3	0
791	304	4	0
792	1	4	0
792	151	3	0
792	1164	3	0
792	596	3	0
792	1015	5	0
793	151	5	0
793	1	4	0
794	473	4	0
794	420	4	0
794	1	4	0
795	91	5	0
795	768	3	0
795	1555	3	0
795	820	3	0
795	465	3	0
795	473	2	0
795	477	3	0
795	755	3	0
795	423	2	0
795	95	4	0
795	588	5	0
795	132	3	0
795	151	3	0
795	8	5	0
795	1	4	0
795	419	3	0
795	432	3	0
796	132	4	0
796	755	4	0
796	95	4	0
796	151	5	0
796	423	4	0
796	419	5	0
796	1076	2	0
796	768	2	0
796	99	3	0
796	78	3	0
796	477	2	0
796	243	3	0
796	542	3	0
796	63	3	0
796	91	2	0
796	1032	3	0
796	8	5	0
796	1415	3	0
796	1	2	0
796	623	3	0
796	432	2	0
796	417	4	0
796	389	4	0
796	932	4	0
796	795	3	0
796	418	4	0
796	112	4	0
796	71	4	0
796	94	3	0
796	500	4	0
796	588	5	0
797	243	2	0
797	259	3	0
798	465	4	0
798	225	4	0
798	415	3	0
798	1540	4	0
798	768	4	0
798	929	3	0
798	1032	3	0
798	95	5	0
798	423	3	0
798	878	4	0
798	420	3	0
798	946	2	0
798	63	5	0
798	623	3	0
798	418	4	0
798	560	3	0
798	112	3	0
798	94	3	0
798	432	4	0
798	1	4	0
798	151	3	0
798	138	3	0
798	1063	3	0
798	996	3	0
798	259	5	0
798	1003	3	0
798	400	3	0
798	243	4	0
798	862	3	0
798	932	4	0
798	140	4	0
798	1469	3	0
798	755	3	0
798	584	3	0
798	993	3	0
798	1066	2	0
798	1076	3	0
798	795	3	0
798	1503	3	0
798	951	3	0
798	377	3	0
798	132	4	0
798	828	4	0
798	1164	3	0
798	417	3	0
798	588	4	0
798	71	3	0
798	419	4	0
798	473	2	0
798	832	4	0
798	142	3	0
799	1063	4	0
800	304	3	0
800	457	2	0
800	1	4	0
801	259	3	0
802	304	3	0
802	261	3	0
802	259	2	0
803	538	4	0
803	261	1	0
803	259	2	0
803	304	3	0
803	243	1	0
804	625	3	0
804	820	4	0
804	151	3	0
804	473	4	0
804	588	4	0
804	141	3	0
804	932	3	0
804	1	5	0
804	423	3	0
804	584	4	0
804	94	4	0
804	969	4	0
804	1076	3	0
804	419	3	0
804	415	3	0
804	993	2	0
804	1060	3	0
804	1615	4	0
804	71	4	0
804	91	4	0
804	243	3	0
804	139	3	0
804	929	3	0
804	259	4	0
804	99	4	0
804	768	3	0
804	755	3	0
804	951	3	0
804	624	2	0
804	63	4	0
804	95	2	0
804	432	3	0
804	132	4	0
805	432	5	0
805	1091	2	0
805	588	2	0
805	420	4	0
805	419	4	0
805	141	2	0
805	625	3	0
805	423	1	0
805	383	2	0
805	8	3	0
805	95	3	0
805	91	5	0
805	1	4	0
805	142	4	0
805	1033	3	0
805	102	4	0
805	71	3	0
805	259	1	0
805	99	2	0
805	417	2	0
805	94	1	0
805	477	4	0
805	755	3	0
805	501	5	0
805	422	4	0
805	151	5	0
805	768	2	0
805	418	2	0
805	946	2	0
805	140	3	0
805	225	1	0
805	473	4	0
806	588	4	0
806	419	5	0
806	1	4	0
806	95	5	0
807	416	3	0
807	625	3	0
807	596	4	0
807	423	5	0
807	63	5	0
807	1063	4	0
807	142	3	0
807	91	5	0
807	419	5	0
807	477	4	0
807	422	4	0
807	94	2	0
807	420	3	0
807	969	4	0
807	141	3	0
807	1066	5	0
807	8	4	0
807	1078	4	0
807	465	4	0
807	398	3	0
807	417	3	0
807	95	4	0
807	501	3	0
807	151	4	0
807	132	4	0
807	139	2	0
807	1076	3	0
807	1133	3	0
807	946	3	0
807	418	4	0
807	542	5	0
807	1615	4	0
807	71	5	0
807	588	5	0
807	820	3	0
807	622	3	0
807	624	3	0
807	415	3	0
807	842	4	0
807	99	5	0
807	432	5	0
807	1444	3	0
807	404	3	0
807	584	4	0
807	102	4	0
807	1091	3	0
807	843	2	0
807	1409	4	0
807	473	3	0
807	140	3	0
807	1	4	0
807	374	3	0
810	878	4	0
810	304	4	0
810	243	4	0
811	304	5	0
811	243	3	0
811	892	4	0
811	308	4	0
812	261	1	0
813	243	3	0
813	892	1	0
813	259	2	0
813	304	1	0
813	538	3	0
815	625	4	0
815	151	4	0
815	71	5	0
815	102	3	0
815	584	3	0
815	542	4	0
815	99	4	0
815	91	3	0
815	465	5	0
815	1133	3	0
815	1	5	0
815	1078	2	0
815	432	5	0
815	94	3	0
815	141	4	0
815	419	3	0
815	993	2	0
815	404	4	0
815	132	5	0
815	95	3	0
815	596	5	0
815	969	5	0
815	417	5	0
815	418	4	0
815	501	3	0
815	423	5	0
815	623	3	0
815	588	5	0
816	259	2	0
816	243	4	0
817	1	4	0
819	862	2	0
819	304	4	0
820	538	3	0
821	132	5	0
821	71	5	0
821	1	5	0
821	95	5	0
821	993	4	0
821	151	4	0
821	389	5	0
821	473	3	0
821	1060	5	0
821	560	3	0
822	539	2	0
822	91	3	0
822	95	4	0
822	1091	1	0
822	71	4	0
822	1	4	0
822	432	3	0
822	588	2	0
823	419	4	0
823	151	4	0
823	94	2	0
823	374	1	0
823	426	4	0
823	1	4	0
823	625	4	0
823	418	4	0
823	8	5	0
823	95	4	0
823	102	4	0
823	404	4	0
823	588	3	0
823	91	3	0
823	140	3	0
823	71	3	0
823	473	3	0
823	423	5	0
823	141	4	0
824	243	1	0
824	259	4	0
824	989	2	0
824	304	3	0
825	1015	2	0
825	832	3	0
825	243	4	0
825	932	3	0
825	423	5	0
826	501	3	0
826	71	5	0
826	432	3	0
826	625	3	0
826	1091	3	0
826	946	3	0
826	420	3	0
826	1409	2	0
826	1219	4	0
826	422	2	0
826	768	3	0
826	426	2	0
826	95	5	0
826	99	3	0
826	588	4	0
826	624	4	0
826	91	4	0
826	102	4	0
826	820	3	0
826	1	4	0
829	1	4	0
829	259	2	0
829	151	4	0
830	1	4	0
830	588	5	0
830	225	3	0
830	432	3	0
830	501	3	0
830	820	1	0
830	625	3	0
830	151	3	0
830	418	3	0
830	71	4	0
830	99	3	0
830	95	3	0
831	1063	4	0
831	1	4	0
832	243	2	0
833	432	4	0
833	151	4	0
834	151	4	0
835	1063	4	0
835	465	3	0
835	132	5	0
835	225	2	0
835	1	3	0
835	423	4	0
835	588	3	0
836	419	2	0
837	225	3	0
837	151	5	0
837	596	3	0
838	1	5	0
838	596	5	0
838	993	3	0
838	8	4	0
838	419	5	0
838	584	4	0
838	71	3	0
839	1	4	0
840	419	5	0
840	432	5	0
840	423	5	0
840	91	5	0
840	473	5	0
840	99	5	0
840	465	4	0
840	71	3	0
840	132	4	0
840	588	4	0
840	8	5	0
840	501	4	0
841	892	3	0
843	71	2	0
843	1480	2	0
843	132	3	0
843	95	2	0
843	596	3	0
843	625	2	0
843	423	2	0
843	465	2	0
843	141	4	0
843	416	2	0
843	588	2	0
843	142	2	0
843	501	2	0
843	473	2	0
843	542	2	0
843	432	2	0
843	1	3	0
843	99	2	0
843	151	2	0
843	419	2	0
843	91	3	0
843	422	2	0
843	102	2	0
843	225	2	0
843	420	3	0
844	95	4	0
844	432	5	0
844	71	3	0
844	418	3	0
844	588	4	0
844	625	3	0
844	99	3	0
844	946	3	0
844	151	4	0
844	423	3	0
845	308	4	0
846	419	5	0
846	1540	3	0
846	1133	2	0
846	139	2	0
846	755	3	0
846	622	4	0
846	102	2	0
846	542	3	0
846	141	4	0
846	91	4	0
846	432	3	0
846	140	4	0
846	398	1	0
846	142	3	0
846	417	4	0
846	404	4	0
846	400	1	0
846	1473	5	0
846	8	4	0
846	99	4	0
846	415	2	0
846	1066	3	0
846	95	3	0
846	423	4	0
846	132	5	0
846	377	2	0
846	768	4	0
846	63	3	0
846	94	4	0
846	426	1	0
846	71	4	0
846	560	1	0
846	623	1	0
846	588	4	0
846	1078	2	0
847	8	4	0
847	404	3	0
847	141	3	0
847	99	2	0
847	501	3	0
847	243	1	0
847	820	1	0
847	142	3	0
847	1031	2	0
847	261	1	0
847	426	2	0
847	151	4	0
847	71	4	0
847	596	3	0
847	225	1	0
847	419	3	0
847	417	2	0
847	95	4	0
847	1	3	0
847	473	2	0
848	95	5	0
848	99	3	0
848	584	3	0
848	812	2	0
848	141	4	0
848	423	4	0
848	419	5	0
848	432	2	0
848	501	3	0
848	755	5	0
848	588	3	0
848	151	4	0
848	1063	5	0
848	132	5	0
848	71	5	0
849	588	5	0
849	625	5	0
850	95	5	0
850	132	5	0
850	8	5	0
850	419	5	0
850	71	5	0
850	584	4	0
850	969	5	0
851	473	4	0
851	820	3	0
851	71	4	0
851	261	3	0
851	112	1	0
851	1540	2	0
851	828	2	0
851	892	2	0
851	132	4	0
851	95	4	0
851	932	3	0
851	588	4	0
851	304	3	0
851	8	4	0
852	151	4	0
852	473	3	0
852	259	4	0
852	1	4	0
852	820	4	0
852	1615	2	0
852	969	5	0
853	261	3	0
853	304	4	0
853	259	3	0
854	8	5	0
854	225	1	0
854	151	4	0
854	132	5	0
854	423	4	0
854	1	3	0
857	259	4	0
857	892	3	0
857	304	2	0
859	151	2	0
860	894	2	0
861	584	5	0
862	416	3	0
862	432	5	0
862	969	5	0
862	151	5	0
862	91	5	0
862	99	4	0
862	423	4	0
862	141	4	0
862	132	5	0
862	820	4	0
863	304	3	0
863	259	1	0
863	538	2	0
864	140	3	0
864	755	4	0
864	588	3	0
864	132	5	0
864	419	4	0
864	1	5	0
864	423	5	0
864	951	3	0
864	8	5	0
864	422	3	0
864	102	4	0
864	501	3	0
864	623	3	0
864	418	3	0
864	432	2	0
864	71	3	0
864	473	4	0
864	404	4	0
864	596	4	0
864	1412	1	0
864	63	3	0
864	542	4	0
864	768	3	0
864	225	3	0
864	465	3	0
864	99	3	0
864	625	4	0
864	1033	2	0
864	151	5	0
864	892	3	0
864	91	5	0
864	993	4	0
864	95	5	0
864	94	4	0
864	969	4	0
864	1531	3	0
865	91	3	0
865	625	1	0
865	501	1	0
865	473	3	0
865	432	1	0
865	929	2	0
865	418	1	0
865	71	1	0
865	1	1	0
865	588	2	0
865	99	1	0
865	95	1	0
865	946	1	0
867	423	3	0
867	588	3	0
867	132	3	0
867	1608	2	0
867	1	4	0
868	398	1	0
868	432	2	0
868	1	4	0
868	843	1	0
868	501	3	0
868	426	4	0
868	142	1	0
868	225	1	0
868	94	1	0
868	1076	1	0
868	95	2	0
868	588	1	0
868	91	3	0
868	139	1	0
868	1031	1	0
868	151	5	0
868	1480	1	0
868	946	1	0
868	726	2	0
868	423	2	0
868	417	1	0
868	132	4	0
868	419	3	0
868	755	4	0
869	596	3	0
869	151	5	0
870	1	5	0
870	132	4	0
870	1412	2	0
870	95	4	0
870	477	4	0
871	989	3	0
871	259	3	0
872	820	3	0
872	1	3	0
872	932	4	0
872	892	3	0
872	151	2	0
873	259	1	0
875	8	3	0
875	501	4	0
875	423	5	0
875	71	2	0
875	418	4	0
876	878	2	0
877	538	4	0
877	584	4	0
878	140	2	0
878	151	1	0
878	584	4	0
878	71	4	0
878	99	4	0
878	416	5	0
878	588	2	0
878	225	3	0
878	432	3	0
878	755	2	0
878	8	3	0
878	418	3	0
879	151	3	0
879	1	4	0
879	596	2	0
879	304	4	0
880	71	4	0
880	477	3	0
880	423	5	0
880	94	3	0
880	418	4	0
880	584	3	0
880	795	2	0
880	1415	2	0
880	99	3	0
880	625	4	0
880	8	4	0
880	473	3	0
880	243	2	0
880	768	2	0
880	383	3	0
880	91	3	0
880	1	4	0
880	588	4	0
880	95	3	0
880	755	3	0
880	151	4	0
880	63	3	0
880	820	3	0
880	791	2	0
880	398	3	0
880	623	4	0
880	140	4	0
881	112	2	0
881	141	3	0
881	1033	1	0
881	225	2	0
881	8	4	0
881	259	3	0
881	473	2	0
881	588	3	0
881	755	4	0
881	95	4	0
881	99	3	0
881	139	3	0
881	1133	2	0
881	542	1	0
881	103	1	0
881	795	2	0
881	1066	3	0
881	1078	3	0
881	432	3	0
881	1480	2	0
881	400	2	0
881	63	4	0
881	94	2	0
881	625	5	0
881	465	3	0
881	1	4	0
881	1164	1	0
881	304	3	0
881	140	2	0
881	812	2	0
881	1540	1	0
881	243	2	0
881	419	5	0
881	420	3	0
881	71	4	0
881	132	3	0
881	477	4	0
881	417	2	0
881	820	2	0
881	596	3	0
881	423	4	0
881	768	3	0
881	151	2	0
882	932	4	0
882	151	5	0
882	820	3	0
882	99	5	0
882	140	3	0
882	71	5	0
882	1060	3	0
882	465	3	0
882	416	4	0
882	1015	3	0
882	420	5	0
882	1	5	0
882	423	5	0
882	8	5	0
882	501	5	0
882	432	5	0
882	473	3	0
882	132	5	0
882	1444	4	0
882	969	5	0
882	243	4	0
882	588	4	0
882	419	5	0
882	929	1	0
882	1412	3	0
882	225	5	0
882	95	4	0
883	151	5	0
883	8	4	0
883	304	3	0
883	1	3	0
883	477	5	0
883	989	5	0
883	584	3	0
885	423	4	0
885	95	4	0
885	420	4	0
885	94	2	0
885	501	3	0
885	596	4	0
885	151	4	0
885	946	3	0
885	418	4	0
885	91	3	0
885	99	4	0
885	1	5	0
885	142	2	0
885	625	3	0
885	71	4	0
885	432	4	0
885	538	4	0
885	383	2	0
885	584	3	0
885	588	4	0
885	225	3	0
885	419	4	0
885	417	3	0
886	132	3	0
886	726	1	0
886	419	3	0
886	1	4	0
886	95	5	0
886	623	1	0
886	94	4	0
886	71	4	0
886	423	3	0
886	63	3	0
886	584	4	0
887	95	4	0
887	501	4	0
887	473	4	0
887	828	3	0
887	419	2	0
887	91	5	0
887	1540	5	0
887	932	2	0
887	71	5	0
887	1383	4	0
887	768	4	0
887	8	4	0
887	969	5	0
887	142	1	0
887	420	5	0
887	1033	4	0
887	151	5	0
887	99	5	0
887	140	5	0
887	132	4	0
887	418	4	0
887	1279	3	0
887	755	5	0
887	596	5	0
887	404	4	0
887	243	1	0
887	929	1	0
887	946	4	0
887	423	2	0
887	1473	1	0
887	588	4	0
887	1063	1	0
887	465	5	0
887	1060	5	0
887	993	5	0
887	1015	5	0
887	432	5	0
887	1	5	0
887	225	4	0
887	832	2	0
887	477	1	0
887	416	2	0
887	548	1	0
889	755	3	0
889	71	3	0
889	132	4	0
889	91	4	0
889	820	2	0
889	473	4	0
889	151	3	0
889	8	3	0
889	1	3	0
889	423	4	0
889	95	4	0
889	94	4	0
890	1	4	0
890	625	3	0
890	501	4	0
890	132	5	0
890	404	4	0
890	843	3	0
890	142	3	0
890	151	5	0
890	423	5	0
890	102	3	0
892	542	1	0
892	419	3	0
892	501	3	0
892	500	5	0
892	151	4	0
892	8	5	0
892	465	4	0
892	588	5	0
892	473	3	0
892	1444	3	0
892	432	4	0
892	755	4	0
892	1219	2	0
892	420	2	0
892	1	5	0
892	625	3	0
892	477	4	0
892	422	1	0
892	768	4	0
892	820	3	0
892	1078	3	0
892	969	4	0
892	596	3	0
892	951	4	0
892	95	4	0
892	418	4	0
892	417	3	0
892	71	3	0
892	946	3	0
892	63	4	0
892	132	5	0
892	1091	2	0
892	99	3	0
892	423	5	0
892	102	3	0
893	820	3	0
893	426	4	0
893	259	3	0
893	1	5	0
893	151	4	0
894	1	4	0
895	1	4	0
895	151	5	0
896	993	4	0
896	768	2	0
896	139	2	0
896	422	3	0
896	71	5	0
896	1	4	0
896	473	2	0
896	398	2	0
896	225	1	0
896	132	3	0
896	588	5	0
896	420	4	0
896	91	2	0
896	423	3	0
896	542	3	0
896	426	2	0
896	8	5	0
896	141	3	0
896	820	2	0
896	596	2	0
896	1078	3	0
896	95	4	0
897	416	5	0
897	132	5	0
897	99	5	0
897	419	4	0
897	588	4	0
897	1	5	0
897	1033	4	0
897	622	3	0
897	8	3	0
897	140	3	0
897	501	5	0
897	473	3	0
897	71	5	0
897	418	4	0
897	404	4	0
897	243	4	0
897	951	3	0
897	141	4	0
897	1219	4	0
897	423	5	0
897	151	5	0
897	1531	4	0
897	465	5	0
897	389	3	0
897	477	3	0
897	95	3	0
898	243	1	0
898	539	3	0
899	423	4	0
899	151	2	0
899	71	4	0
899	8	4	0
899	1	3	0
899	95	5	0
899	588	3	0
901	78	4	0
901	71	4	0
901	477	3	0
901	35	4	0
901	465	4	0
901	95	4	0
901	560	3	0
901	91	1	0
901	795	3	0
901	929	4	0
901	63	5	0
901	94	4	0
901	151	3	0
901	423	4	0
901	1	5	0
901	243	2	0
901	623	4	0
901	140	4	0
901	932	4	0
901	8	3	0
901	768	3	0
901	259	2	0
901	142	4	0
901	419	5	0
902	989	2	0
902	304	3	0
902	993	3	0
902	423	4	0
902	95	4	0
902	8	5	0
902	1	5	0
903	91	5	0
903	820	4	0
903	1	3	0
906	473	4	0
907	151	4	0
907	71	5	0
907	1	5	0
907	596	4	0
907	225	5	0
907	8	3	0
907	828	5	0
908	419	4	0
908	423	4	0
908	151	3	0
909	261	5	0
910	1	4	0
911	548	3	0
911	432	3	0
911	969	5	0
911	465	5	0
911	423	4	0
911	588	4	0
911	374	1	0
911	473	3	0
911	420	4	0
911	383	3	0
911	102	3	0
911	622	3	0
911	151	5	0
911	99	3	0
911	584	3	0
911	625	5	0
911	1060	4	0
911	419	5	0
911	501	3	0
911	142	4	0
911	404	3	0
912	423	5	0
912	132	5	0
912	418	4	0
912	501	4	0
912	419	4	0
913	465	2	0
913	95	4	0
913	419	5	0
913	596	1	0
913	588	3	0
913	423	3	0
913	99	4	0
913	151	4	0
913	432	3	0
913	8	2	0
913	1	2	0
913	418	3	0
913	132	3	0
915	304	3	0
916	71	3	0
916	132	3	0
916	417	2	0
916	423	3	0
916	755	2	0
916	151	3	0
916	91	4	0
916	1	4	0
916	820	2	0
917	473	3	0
917	1	3	0
918	132	4	0
918	1	3	0
918	1200	4	0
918	417	2	0
918	151	2	0
918	419	3	0
919	112	3	0
919	596	3	0
919	140	5	0
919	1060	3	0
919	304	4	0
919	418	4	0
919	261	3	0
919	151	4	0
919	1	4	0
919	432	4	0
919	419	5	0
919	477	4	0
919	243	3	0
919	946	4	0
919	259	4	0
919	878	2	0
919	755	3	0
919	989	2	0
919	95	4	0
919	832	3	0
919	892	3	0
919	99	4	0
919	423	5	0
919	539	3	0
921	755	4	0
921	259	4	0
921	820	3	0
921	419	5	0
921	932	3	0
921	560	2	0
921	1060	2	0
921	304	2	0
921	132	3	0
921	422	3	0
921	151	3	0
921	1032	5	0
921	929	1	0
921	400	4	0
921	892	3	0
921	8	3	0
921	1279	2	0
921	71	4	0
921	1	3	0
921	538	4	0
922	63	3	0
922	432	5	0
922	596	4	0
922	95	3	0
922	71	4	0
922	588	4	0
922	94	3	0
922	99	4	0
922	418	4	0
922	91	4	0
922	151	5	0
922	1	5	0
923	1	3	0
923	151	4	0
924	71	5	0
924	1	5	0
927	560	2	0
927	768	4	0
927	542	2	0
927	426	4	0
927	138	4	0
927	132	2	0
927	501	4	0
927	99	2	0
927	1	5	0
927	404	4	0
927	420	5	0
927	374	4	0
927	588	5	0
927	95	5	0
927	625	3	0
927	820	4	0
927	477	3	0
927	417	4	0
927	71	5	0
927	1415	4	0
927	755	5	0
927	94	2	0
927	91	4	0
927	623	3	0
927	63	4	0
927	8	4	0
927	422	4	0
928	8	5	0
928	878	5	0
929	419	4	0
929	423	4	0
929	1	3	0
930	151	2	0
930	8	3	0
930	1	3	0
931	304	4	0
932	389	3	0
932	432	4	0
932	600	2	0
932	416	3	0
932	99	4	0
932	141	4	0
932	225	2	0
932	1	4	0
932	755	2	0
932	151	3	0
932	560	2	0
933	151	4	0
933	63	2	0
933	132	3	0
933	94	1	0
933	95	3	0
933	1	3	0
934	151	3	0
934	419	4	0
934	432	5	0
934	99	3	0
934	225	2	0
934	423	3	0
934	755	4	0
934	420	4	0
934	1	2	0
934	132	4	0
934	624	4	0
934	501	4	0
934	389	3	0
934	94	4	0
934	584	4	0
935	1	3	0
936	243	2	0
936	1279	3	0
936	1	4	0
936	259	3	0
937	304	4	0
937	225	2	0
938	243	4	0
938	929	2	0
938	225	4	0
938	596	5	0
938	1	4	0
938	151	4	0
938	259	2	0
938	477	1	0
938	1033	2	0
938	473	3	0
938	993	5	0
939	993	4	0
940	95	5	0
940	420	4	0
940	8	5	0
940	151	3	0
940	259	4	0
941	1	5	0
941	993	4	0
942	259	4	0
942	71	5	0
942	969	4	0
942	878	4	0
942	304	5	0
942	99	5	0
942	892	3	0
942	95	5	0
942	261	4	0
942	584	4	0
942	423	5	0
942	500	5	0
942	539	3	0
943	625	3	0
943	415	1	0
943	426	4	0
943	94	4	0
943	132	3	0
943	151	4	0
943	139	1	0
943	423	3	0
943	419	2	0
