1	119	5	0
234	119	3	0
344	119	5	0
932	119	5	0
13	814	5	0
48	1064	4	0
234	1064	4	0
426	1064	4	0
659	1064	5	0
60	1122	5	0
60	1125	4	0
90	1125	4	0
167	1125	5	0
568	1125	4	0
87	1189	5	0
416	1189	5	0
532	1189	5	0
88	1191	5	0
440	1191	5	0
782	1191	3	0
90	1201	5	0
146	1293	5	0
489	1293	5	0
519	1293	5	0
184	1398	5	0
201	1398	4	0
234	1449	4	0
380	1449	4	0
385	1449	4	0
409	1449	5	0
561	1449	5	0
585	1449	5	0
932	1449	5	0
934	1449	5	0
244	1467	5	0
886	1467	5	0
279	1500	5	0
781	1500	5	0
334	1524	4	0
358	1524	5	0
385	1524	5	0
409	1524	4	0
415	1524	5	0
543	1524	4	0
561	1524	4	0
585	1524	3	0
385	1536	5	0
416	1594	5	0
532	1594	4	0
437	1599	5	0
655	1639	4	0
840	1639	4	0
918	1639	5	0
655	1642	4	0
707	1642	5	0
675	1653	5	0
