1	16	5	0
10	16	4	0
178	16	4	0
181	16	1	0
189	16	3	0
209	16	4	0
234	16	2	0
243	16	3	0
268	16	3	0
279	16	4	0
286	16	3	0
293	16	2	0
305	16	3	0
325	16	1	0
381	16	4	0
402	16	3	0
417	16	3	0
459	16	2	0
463	16	4	0
464	16	4	0
486	16	3	0
500	16	4	0
535	16	4	0
543	16	3	0
569	16	3	0
608	16	2	0
699	16	3	0
711	16	5	0
733	16	3	0
763	16	5	0
768	16	3	0
825	16	3	0
837	16	2	0
883	16	4	0
894	16	3	0
918	16	4	0
919	16	4	0
930	16	1	0
936	16	4	0
1	41	2	0
24	41	5	0
94	41	3	0
110	41	4	0
125	41	2	0
130	41	3	0
174	41	1	0
222	41	3	0
246	41	2	0
276	41	3	0
279	41	2	0
286	41	2	0
291	41	4	0
301	41	3	0
303	41	5	0
311	41	3	0
314	41	5	0
332	41	5	0
336	41	3	0
393	41	4	0
399	41	2	0
405	41	1	0
416	41	3	0
442	41	4	0
472	41	4	0
478	41	3	0
542	41	4	0
621	41	4	0
622	41	3	0
642	41	3	0
660	41	1	0
682	41	3	0
790	41	3	0
846	41	3	0
880	41	1	0
927	41	4	0
943	41	4	0
1	43	4	0
42	43	2	0
83	43	4	0
92	43	3	0
95	43	2	0
110	43	3	0
200	43	3	0
224	43	3	0
271	43	3	0
276	43	1	0
290	43	3	0
295	43	4	0
301	43	5	0
303	43	3	0
311	43	4	0
328	43	3	0
345	43	3	0
378	43	3	0
399	43	3	0
405	43	1	0
416	43	1	0
436	43	2	0
450	43	4	0
472	43	4	0
487	43	3	0
500	43	3	0
533	43	4	0
551	43	2	0
554	43	3	0
655	43	3	0
659	43	4	0
727	43	3	0
758	43	3	0
788	43	3	0
796	43	4	0
864	43	3	0
881	43	3	0
886	43	2	0
896	43	3	0
922	43	3	0
1	74	1	0
276	74	3	0
308	74	4	0
334	74	2	0
339	74	4	0
617	74	5	0
843	74	2	0
1	75	4	0
254	75	1	0
405	75	2	0
504	75	4	0
682	75	4	0
1	84	4	0
38	84	5	0
130	84	4	0
276	84	2	0
291	84	3	0
295	84	2	0
393	84	3	0
394	84	4	0
399	84	2	0
435	84	2	0
495	84	3	0
504	84	3	0
536	84	4	0
551	84	1	0
660	84	2	0
721	84	3	0
804	84	3	0
887	84	4	0
1	102	2	0
5	102	3	0
23	102	3	0
42	102	5	0
43	102	4	0
44	102	2	0
49	102	2	0
59	102	2	0
92	102	2	0
94	102	3	0
95	102	4	0
102	102	3	0
222	102	2	0
234	102	2	0
254	102	3	0
275	102	3	0
280	102	5	0
290	102	3	0
295	102	4	0
297	102	1	0
313	102	3	0
330	102	4	0
363	102	4	0
373	102	5	0
381	102	2	0
387	102	3	0
399	102	3	0
405	102	1	0
417	102	3	0
436	102	4	0
450	102	4	0
452	102	2	0
471	102	5	0
504	102	3	0
505	102	1	0
537	102	1	0
541	102	4	0
543	102	4	0
577	102	4	0
642	102	5	0
712	102	4	0
716	102	2	0
786	102	4	0
805	102	4	0
807	102	4	0
815	102	3	0
823	102	4	0
826	102	4	0
843	102	2	0
846	102	2	0
864	102	4	0
890	102	3	0
892	102	3	0
911	102	3	0
1	107	4	0
11	107	4	0
52	107	4	0
89	107	5	0
99	107	3	0
106	107	4	0
158	107	3	0
174	107	5	0
181	107	1	0
200	107	3	0
207	107	3	0
224	107	3	0
265	107	1	0
271	107	1	0
286	107	1	0
308	107	4	0
325	107	2	0
348	107	4	0
370	107	4	0
387	107	3	0
416	107	5	0
454	107	3	0
463	107	3	0
474	107	3	0
483	107	3	0
494	107	4	0
524	107	3	0
532	107	5	0
533	107	3	0
537	107	3	0
588	107	5	0
601	107	4	0
607	107	4	0
621	107	4	0
648	107	4	0
697	107	5	0
721	107	4	0
733	107	4	0
891	107	5	0
894	107	3	0
907	107	5	0
930	107	3	0
1	126	2	0
7	126	3	0
17	126	4	0
18	126	5	0
26	126	4	0
52	126	5	0
57	126	3	0
59	126	5	0
63	126	3	0
74	126	3	0
90	126	2	0
103	126	5	0
104	126	4	0
113	126	5	0
121	126	3	0
131	126	4	0
141	126	5	0
144	126	4	0
159	126	5	0
160	126	3	0
167	126	3	0
168	126	5	0
174	126	5	0
181	126	2	0
182	126	5	0
184	126	3	0
224	126	3	0
227	126	4	0
231	126	5	0
244	126	4	0
254	126	3	0
271	126	3	0
280	126	3	0
314	126	2	0
330	126	5	0
339	126	4	0
345	126	5	0
348	126	5	0
349	126	2	0
357	126	5	0
374	126	3	0
378	126	4	0
390	126	5	0
393	126	4	0
398	126	4	0
402	126	4	0
416	126	5	0
422	126	4	0
450	126	5	0
455	126	5	0
458	126	4	0
463	126	4	0
468	126	3	0
474	126	4	0
490	126	2	0
494	126	4	0
518	126	4	0
524	126	4	0
533	126	4	0
540	126	3	0
552	126	4	0
569	126	5	0
590	126	5	0
593	126	5	0
594	126	3	0
605	126	5	0
608	126	1	0
613	126	5	0
614	126	4	0
624	126	4	0
630	126	4	0
634	126	3	0
640	126	4	0
655	126	2	0
665	126	4	0
677	126	1	0
697	126	5	0
708	126	4	0
717	126	5	0
719	126	2	0
733	126	2	0
735	126	3	0
786	126	4	0
796	126	3	0
821	126	5	0
825	126	3	0
830	126	5	0
854	126	3	0
869	126	2	0
878	126	3	0
891	126	5	0
894	126	3	0
919	126	4	0
930	126	5	0
931	126	4	0
937	126	4	0
938	126	4	0
1	140	1	0
7	140	5	0
38	140	5	0
43	140	4	0
59	140	1	0
82	140	3	0
95	140	3	0
128	140	4	0
148	140	1	0
174	140	4	0
200	140	4	0
222	140	1	0
230	140	3	0
234	140	2	0
250	140	3	0
254	140	4	0
262	140	2	0
280	140	4	0
291	140	4	0
318	140	4	0
399	140	4	0
405	140	3	0
416	140	4	0
429	140	1	0
450	140	3	0
454	140	3	0
471	140	5	0
472	140	3	0
487	140	3	0
495	140	5	0
505	140	4	0
506	140	3	0
537	140	2	0
541	140	5	0
577	140	4	0
592	140	3	0
593	140	4	0
601	140	1	0
620	140	4	0
642	140	3	0
650	140	2	0
661	140	3	0
707	140	2	0
712	140	4	0
731	140	2	0
749	140	3	0
764	140	3	0
798	140	4	0
805	140	3	0
807	140	3	0
823	140	3	0
846	140	4	0
864	140	3	0
878	140	2	0
880	140	4	0
881	140	2	0
882	140	3	0
887	140	5	0
897	140	3	0
901	140	4	0
919	140	5	0
1	149	2	0
59	149	4	0
90	149	3	0
92	149	3	0
158	149	3	0
181	149	1	0
224	149	1	0
252	149	5	0
328	149	2	0
342	149	5	0
354	149	5	0
405	149	1	0
460	149	4	0
463	149	2	0
534	149	2	0
537	149	3	0
592	149	4	0
596	149	3	0
637	149	2	0
655	149	4	0
664	149	3	0
708	149	3	0
733	149	4	0
1	220	3	0
15	220	4	0
59	220	2	0
72	220	3	0
75	220	1	0
82	220	2	0
90	220	4	0
92	220	1	0
128	220	1	0
152	220	5	0
159	220	5	0
172	220	4	0
178	220	3	0
181	220	4	0
184	220	3	0
238	220	3	0
244	220	2	0
253	220	4	0
256	220	3	0
271	220	3	0
274	220	4	0
280	220	5	0
314	220	4	0
334	220	3	0
342	220	1	0
345	220	3	0
357	220	5	0
374	220	2	0
378	220	2	0
406	220	3	0
416	220	4	0
434	220	5	0
438	220	4	0
450	220	4	0
459	220	3	0
486	220	3	0
530	220	5	0
540	220	3	0
554	220	3	0
563	220	4	0
588	220	5	0
593	220	3	0
599	220	5	0
642	220	4	0
648	220	3	0
655	220	2	0
672	220	2	0
698	220	3	0
699	220	2	0
707	220	2	0
712	220	5	0
719	220	5	0
733	220	2	0
759	220	5	0
764	220	3	0
798	220	3	0
837	220	4	0
839	220	3	0
847	220	4	0
854	220	4	0
860	220	3	0
893	220	3	0
907	220	5	0
931	220	3	0
938	220	4	0
939	220	5	0
1	244	2	0
15	244	2	0
21	244	4	0
27	244	3	0
106	244	4	0
141	244	5	0
144	244	3	0
157	244	5	0
158	244	4	0
174	244	4	0
178	244	1	0
227	244	3	0
250	244	4	0
268	244	4	0
270	244	3	0
271	244	2	0
291	244	2	0
296	244	1	0
299	244	2	0
334	244	3	0
344	244	3	0
345	244	3	0
392	244	3	0
407	244	3	0
425	244	1	0
437	244	3	0
449	244	4	0
463	244	4	0
474	244	4	0
486	244	3	0
500	244	3	0
555	244	5	0
590	244	3	0
637	244	1	0
675	244	3	0
697	244	5	0
699	244	3	0
733	244	2	0
770	244	4	0
782	244	4	0
839	244	3	0
854	244	3	0
870	244	3	0
894	244	4	0
916	244	4	0
919	244	2	0
930	244	4	0
936	244	4	0
1	267	4	0
5	267	4	0
130	267	5	0
268	267	3	0
297	267	3	0
319	267	4	0
422	267	4	0
532	267	3	0
833	267	1	0
2	277	4	0
11	277	5	0
43	277	1	0
52	277	5	0
59	277	4	0
63	277	4	0
85	277	2	0
89	277	4	0
113	277	3	0
119	277	4	0
151	277	4	0
158	277	4	0
181	277	1	0
184	277	3	0
192	277	3	0
224	277	3	0
234	277	3	0
252	277	4	0
271	277	4	0
274	277	4	0
286	277	4	0
296	277	5	0
297	277	3	0
303	277	3	0
330	277	4	0
331	277	4	0
334	277	3	0
343	277	4	0
365	277	4	0
378	277	4	0
387	277	4	0
390	277	2	0
406	277	3	0
416	277	5	0
429	277	4	0
450	277	3	0
454	277	2	0
455	277	4	0
470	277	4	0
483	277	3	0
486	277	3	0
490	277	3	0
496	277	5	0
503	277	4	0
524	277	3	0
526	277	2	0
532	277	5	0
535	277	5	0
537	277	2	0
548	277	3	0
560	277	3	0
561	277	3	0
569	277	2	0
572	277	1	0
622	277	4	0
629	277	5	0
678	277	3	0
697	277	5	0
699	277	3	0
710	277	4	0
711	277	5	0
733	277	1	0
735	277	3	0
837	277	2	0
839	277	2	0
883	277	4	0
894	277	4	0
906	277	3	0
907	277	5	0
919	277	5	0
924	277	3	0
2	278	3	0
15	278	1	0
43	278	3	0
45	278	3	0
92	278	3	0
101	278	2	0
109	278	3	0
145	278	4	0
150	278	2	0
152	278	4	0
174	278	5	0
181	278	2	0
222	278	2	0
223	278	4	0
244	278	3	0
256	278	5	0
262	278	3	0
277	278	1	0
286	278	5	0
299	278	3	0
304	278	4	0
314	278	5	0
320	278	3	0
344	278	3	0
345	278	3	0
373	278	5	0
374	278	2	0
393	278	4	0
401	278	4	0
416	278	3	0
436	278	2	0
447	278	3	0
450	278	5	0
458	278	2	0
459	278	4	0
541	278	2	0
560	278	1	0
588	278	5	0
593	278	3	0
599	278	3	0
624	278	4	0
630	278	4	0
654	278	3	0
708	278	4	0
727	278	2	0
760	278	4	0
761	278	4	0
764	278	4	0
768	278	2	0
796	278	4	0
829	278	1	0
837	278	3	0
872	278	3	0
885	278	3	0
891	278	4	0
894	278	4	0
904	278	5	0
907	278	5	0
917	278	3	0
927	278	1	0
2	279	4	0
13	279	5	0
115	279	3	0
141	279	1	0
181	279	1	0
185	279	4	0
234	279	3	0
265	279	2	0
270	279	5	0
277	279	4	0
296	279	4	0
374	279	4	0
454	279	4	0
455	279	3	0
460	279	2	0
486	279	4	0
527	279	4	0
537	279	2	0
613	279	4	0
614	279	3	0
655	279	3	0
707	279	3	0
733	279	2	0
747	279	4	0
883	279	3	0
887	279	5	0
889	279	2	0
894	279	4	0
2	280	3	0
13	280	4	0
15	280	3	0
42	280	4	0
43	280	3	0
52	280	3	0
56	280	4	0
66	280	4	0
81	280	4	0
101	280	3	0
106	280	2	0
128	280	1	0
144	280	1	0
152	280	5	0
168	280	4	0
174	280	5	0
178	280	4	0
181	280	4	0
193	280	4	0
198	280	3	0
200	280	4	0
216	280	2	0
222	280	3	0
224	280	4	0
230	280	4	0
234	280	3	0
243	280	1	0
256	280	5	0
274	280	1	0
286	280	4	0
293	280	2	0
314	280	3	0
344	280	3	0
345	280	3	0
347	280	4	0
357	280	5	0
374	280	3	0
378	280	2	0
393	280	4	0
401	280	2	0
429	280	2	0
438	280	5	0
450	280	4	0
477	280	4	0
486	280	2	0
487	280	5	0
503	280	1	0
518	280	4	0
540	280	3	0
551	280	3	0
552	280	3	0
576	280	5	0
593	280	3	0
599	280	5	0
622	280	3	0
630	280	2	0
637	280	2	0
639	280	3	0
655	280	2	0
661	280	3	0
663	280	3	0
672	280	2	0
682	280	3	0
697	280	3	0
708	280	4	0
717	280	4	0
741	280	3	0
749	280	4	0
763	280	2	0
764	280	4	0
786	280	3	0
796	280	4	0
798	280	2	0
837	280	2	0
872	280	3	0
880	280	2	0
888	280	3	0
891	280	3	0
894	280	3	0
900	280	2	0
904	280	5	0
916	280	2	0
921	280	3	0
923	280	3	0
939	280	5	0
2	287	3	0
13	287	1	0
18	287	4	0
49	287	4	0
52	287	5	0
59	287	5	0
63	287	3	0
90	287	4	0
104	287	2	0
119	287	4	0
131	287	4	0
151	287	4	0
181	287	2	0
184	287	4	0
185	287	5	0
192	287	4	0
196	287	3	0
224	287	3	0
227	287	4	0
234	287	3	0
244	287	3	0
296	287	4	0
303	287	4	0
305	287	3	0
306	287	4	0
321	287	3	0
334	287	3	0
342	287	3	0
345	287	4	0
354	287	3	0
357	287	4	0
365	287	4	0
378	287	2	0
416	287	4	0
422	287	3	0
434	287	5	0
436	287	4	0
437	287	2	0
450	287	4	0
457	287	4	0
458	287	4	0
486	287	4	0
500	287	3	0
569	287	4	0
590	287	4	0
592	287	3	0
601	287	1	0
606	287	4	0
608	287	3	0
609	287	5	0
614	287	3	0
634	287	3	0
655	287	3	0
663	287	5	0
665	287	4	0
678	287	3	0
692	287	3	0
697	287	4	0
707	287	4	0
717	287	5	0
728	287	4	0
733	287	3	0
747	287	4	0
758	287	5	0
834	287	2	0
835	287	4	0
854	287	3	0
859	287	5	0
860	287	3	0
869	287	2	0
880	287	4	0
894	287	4	0
901	287	3	0
906	287	5	0
907	287	4	0
917	287	4	0
919	287	4	0
936	287	4	0
2	292	4	0
13	292	5	0
15	292	5	0
21	292	3	0
26	292	3	0
33	292	4	0
34	292	5	0
47	292	4	0
100	292	2	0
113	292	3	0
116	292	4	0
121	292	4	0
141	292	1	0
147	292	5	0
155	292	3	0
170	292	5	0
171	292	4	0
173	292	5	0
177	292	3	0
181	292	1	0
201	292	3	0
204	292	5	0
234	292	4	0
235	292	3	0
241	292	4	0
262	292	4	0
296	292	5	0
316	292	4	0
320	292	3	0
323	292	4	0
324	292	3	0
341	292	5	0
351	292	4	0
354	292	4	0
356	292	3	0
368	292	4	0
372	292	5	0
374	292	4	0
378	292	3	0
423	292	4	0
424	292	4	0
427	292	2	0
437	292	5	0
446	292	5	0
448	292	4	0
450	292	5	0
451	292	3	0
455	292	3	0
462	292	5	0
464	292	5	0
466	292	4	0
486	292	4	0
488	292	3	0
489	292	4	0
490	292	3	0
504	292	5	0
510	292	4	0
511	292	5	0
515	292	3	0
529	292	4	0
532	292	4	0
533	292	4	0
537	292	2	0
544	292	4	0
548	292	4	0
551	292	3	0
557	292	4	0
564	292	4	0
587	292	3	0
592	292	1	0
594	292	3	0
598	292	4	0
616	292	4	0
626	292	1	0
628	292	5	0
629	292	4	0
634	292	3	0
642	292	2	0
651	292	2	0
655	292	2	0
673	292	4	0
674	292	4	0
681	292	4	0
701	292	4	0
721	292	3	0
743	292	3	0
747	292	4	0
749	292	4	0
754	292	3	0
758	292	4	0
782	292	4	0
783	292	4	0
784	292	4	0
787	292	3	0
799	292	4	0
800	292	5	0
804	292	2	0
811	292	3	0
812	292	3	0
824	292	3	0
834	292	5	0
836	292	5	0
839	292	3	0
853	292	4	0
858	292	3	0
861	292	4	0
863	292	2	0
873	292	5	0
879	292	4	0
894	292	4	0
909	292	4	0
919	292	3	0
920	292	3	0
926	292	3	0
2	295	4	0
21	295	3	0
27	295	3	0
54	295	3	0
56	295	3	0
57	295	5	0
66	295	3	0
92	295	2	0
109	295	4	0
116	295	3	0
130	295	3	0
141	295	5	0
168	295	4	0
178	295	3	0
186	295	2	0
223	295	3	0
227	295	5	0
251	295	4	0
270	295	5	0
294	295	4	0
308	295	3	0
323	295	3	0
329	295	4	0
332	295	3	0
344	295	3	0
345	295	4	0
359	295	3	0
378	295	3	0
387	295	3	0
399	295	4	0
416	295	5	0
422	295	3	0
432	295	3	0
445	295	1	0
459	295	3	0
464	295	5	0
470	295	3	0
479	295	1	0
482	295	3	0
486	295	3	0
499	295	2	0
500	295	4	0
504	295	4	0
506	295	4	0
532	295	5	0
533	295	4	0
548	295	5	0
569	295	3	0
586	295	3	0
592	295	4	0
596	295	4	0
597	295	3	0
605	295	4	0
619	295	4	0
624	295	3	0
630	295	4	0
648	295	4	0
655	295	3	0
676	295	1	0
689	295	1	0
697	295	3	0
709	295	3	0
749	295	3	0
754	295	4	0
761	295	4	0
770	295	4	0
782	295	2	0
851	295	5	0
867	295	4	0
880	295	5	0
894	295	3	0
902	295	2	0
916	295	2	0
919	295	3	0
923	295	5	0
936	295	3	0
937	295	4	0
2	296	3	0
139	296	4	0
655	296	4	0
733	296	2	0
736	296	4	0
782	296	3	0
2	305	3	0
13	305	4	0
40	305	4	0
46	305	5	0
47	305	5	0
107	305	4	0
111	305	2	0
130	305	4	0
147	305	4	0
149	305	4	0
163	305	2	0
171	305	2	0
173	305	5	0
176	305	5	0
179	305	4	0
181	305	2	0
220	305	4	0
239	305	4	0
242	305	5	0
257	305	4	0
273	305	4	0
282	305	4	0
284	305	4	0
288	305	4	0
299	305	3	0
305	305	3	0
315	305	5	0
318	305	2	0
325	305	2	0
327	305	5	0
331	305	5	0
334	305	2	0
335	305	4	0
345	305	4	0
354	305	4	0
385	305	4	0
416	305	3	0
425	305	3	0
428	305	3	0
448	305	4	0
450	305	4	0
451	305	3	0
461	305	2	0
470	305	4	0
486	305	3	0
532	305	3	0
537	305	4	0
548	305	1	0
557	305	3	0
570	305	5	0
574	305	3	0
587	305	4	0
592	305	4	0
608	305	3	0
611	305	4	0
624	305	4	0
628	305	5	0
639	305	1	0
641	305	5	0
655	305	4	0
675	305	4	0
683	305	4	0
695	305	3	0
696	305	4	0
697	305	5	0
707	305	5	0
721	305	3	0
724	305	3	0
732	305	2	0
747	305	5	0
750	305	4	0
751	305	2	0
752	305	4	0
758	305	4	0
775	305	4	0
787	305	3	0
803	305	5	0
860	305	4	0
861	305	4	0
863	305	4	0
866	305	2	0
871	305	3	0
874	305	4	0
887	305	5	0
894	305	4	0
915	305	2	0
919	305	4	0
2	308	3	0
6	308	3	0
13	308	3	0
15	308	5	0
48	308	5	0
88	308	4	0
133	308	4	0
145	308	2	0
149	308	2	0
169	308	3	0
181	308	1	0
206	308	2	0
281	308	1	0
354	308	4	0
360	308	4	0
405	308	1	0
451	308	1	0
466	308	1	0
489	308	4	0
587	308	3	0
598	308	4	0
644	308	4	0
683	308	3	0
699	308	4	0
724	308	1	0
743	308	2	0
782	308	4	0
787	308	3	0
811	308	4	0
845	308	4	0
2	311	5	0
13	311	3	0
58	311	4	0
64	311	2	0
79	311	4	0
88	311	5	0
90	311	4	0
104	311	1	0
111	311	4	0
116	311	3	0
126	311	4	0
129	311	3	0
146	311	4	0
149	311	3	0
197	311	4	0
229	311	5	0
258	311	4	0
271	311	3	0
273	311	4	0
278	311	4	0
298	311	3	0
299	311	4	0
305	311	5	0
327	311	3	0
334	311	4	0
344	311	4	0
345	311	5	0
351	311	4	0
354	311	5	0
410	311	3	0
416	311	3	0
446	311	2	0
450	311	4	0
460	311	5	0
463	311	4	0
482	311	4	0
485	311	3	0
517	311	3	0
520	311	3	0
524	311	4	0
531	311	4	0
532	311	2	0
537	311	3	0
547	311	2	0
548	311	3	0
559	311	3	0
574	311	4	0
607	311	4	0
611	311	4	0
639	311	3	0
655	311	3	0
668	311	4	0
673	311	4	0
675	311	3	0
683	311	3	0
695	311	4	0
696	311	5	0
701	311	5	0
707	311	4	0
713	311	3	0
720	311	5	0
724	311	1	0
743	311	5	0
752	311	3	0
755	311	4	0
758	311	4	0
787	311	4	0
803	311	5	0
838	311	4	0
845	311	4	0
860	311	4	0
874	311	4	0
883	311	4	0
894	311	4	0
920	311	3	0
3	329	4	0
4	329	5	0
13	329	2	0
33	329	4	0
34	329	5	0
99	329	4	0
113	329	3	0
119	329	3	0
130	329	4	0
145	329	4	0
164	329	4	0
173	329	4	0
181	329	1	0
223	329	2	0
224	329	3	0
234	329	2	0
286	329	4	0
311	329	4	0
355	329	3	0
384	329	3	0
390	329	3	0
396	329	2	0
416	329	3	0
423	329	3	0
428	329	3	0
440	329	5	0
451	329	4	0
494	329	3	0
515	329	2	0
531	329	5	0
532	329	4	0
580	329	3	0
616	329	3	0
624	329	3	0
669	329	1	0
688	329	5	0
721	329	3	0
724	329	4	0
775	329	3	0
782	329	3	0
787	329	4	0
817	329	4	0
827	329	3	0
863	329	2	0
880	329	4	0
3	330	2	0
21	330	4	0
104	330	1	0
130	330	4	0
141	330	1	0
181	330	1	0
186	330	4	0
286	330	5	0
303	330	3	0
341	330	5	0
416	330	3	0
445	330	2	0
451	330	3	0
458	330	3	0
462	330	3	0
485	330	3	0
489	330	4	0
504	330	4	0
510	330	2	0
519	330	5	0
532	330	4	0
537	330	2	0
587	330	3	0
592	330	3	0
595	330	4	0
626	330	3	0
628	330	5	0
644	330	4	0
655	330	2	0
663	330	4	0
698	330	4	0
710	330	3	0
721	330	3	0
750	330	2	0
782	330	4	0
783	330	1	0
802	330	2	0
851	330	3	0
853	330	1	0
863	330	2	0
894	330	3	0
3	334	3	0
7	334	5	0
10	334	4	0
13	334	1	0
49	334	4	0
69	334	3	0
94	334	3	0
102	334	2	0
140	334	2	0
173	334	4	0
177	334	3	0
181	334	1	0
201	334	4	0
214	334	3	0
260	334	5	0
276	334	4	0
284	334	3	0
294	334	4	0
301	334	3	0
303	334	3	0
309	334	4	0
323	334	3	0
343	334	5	0
357	334	4	0
360	334	4	0
367	334	4	0
382	334	5	0
391	334	5	0
397	334	3	0
408	334	2	0
422	334	4	0
425	334	4	0
427	334	5	0
428	334	4	0
446	334	3	0
451	334	3	0
455	334	3	0
466	334	3	0
489	334	4	0
507	334	5	0
551	334	4	0
557	334	4	0
587	334	3	0
589	334	1	0
592	334	3	0
611	334	5	0
631	334	2	0
685	334	1	0
710	334	2	0
721	334	1	0
770	334	5	0
783	334	3	0
784	334	3	0
832	334	2	0
853	334	3	0
858	334	4	0
863	334	5	0
872	334	1	0
875	334	4	0
894	334	3	0
898	334	3	0
915	334	3	0
919	334	4	0
923	334	5	0
3	337	1	0
40	337	4	0
126	337	5	0
149	337	2	0
181	337	1	0
206	337	2	0
334	337	4	0
385	337	4	0
449	337	4	0
451	337	2	0
498	337	4	0
537	337	3	0
557	337	5	0
608	337	4	0
655	337	2	0
685	337	2	0
805	337	2	0
871	337	3	0
3	339	3	0
13	339	3	0
33	339	3	0
36	339	5	0
39	339	3	0
112	339	4	0
129	339	2	0
134	339	2	0
145	339	3	0
147	339	5	0
178	339	3	0
179	339	1	0
191	339	3	0
223	339	4	0
261	339	5	0
284	339	3	0
286	339	5	0
324	339	3	0
379	339	3	0
404	339	1	0
409	339	2	0
416	339	5	0
422	339	2	0
423	339	2	0
489	339	3	0
519	339	3	0
532	339	5	0
587	339	3	0
589	339	5	0
592	339	3	0
616	339	3	0
666	339	4	0
682	339	2	0
688	339	5	0
697	339	2	0
780	339	4	0
782	339	3	0
796	339	2	0
803	339	3	0
810	339	5	0
829	339	2	0
851	339	4	0
860	339	3	0
863	339	3	0
873	339	3	0
894	339	4	0
909	339	4	0
3	341	1	0
7	341	3	0
8	341	2	0
13	341	2	0
286	341	5	0
351	341	4	0
405	341	1	0
427	341	5	0
485	341	4	0
634	341	2	0
688	341	5	0
3	345	3	0
13	345	4	0
39	345	3	0
40	345	4	0
85	345	4	0
99	345	3	0
104	345	4	0
146	345	4	0
147	345	4	0
149	345	4	0
176	345	5	0
179	345	1	0
191	345	4	0
257	345	4	0
264	345	4	0
271	345	3	0
273	345	3	0
284	345	4	0
286	345	4	0
288	345	5	0
299	345	4	0
325	345	3	0
334	345	2	0
379	345	3	0
383	345	2	0
392	345	4	0
397	345	4	0
407	345	4	0
416	345	5	0
448	345	5	0
450	345	2	0
485	345	1	0
507	345	5	0
509	345	1	0
532	345	4	0
533	345	3	0
537	345	4	0
547	345	5	0
548	345	1	0
561	345	4	0
564	345	4	0
574	345	2	0
592	345	4	0
617	345	1	0
655	345	3	0
659	345	4	0
668	345	2	0
673	345	4	0
676	345	2	0
707	345	5	0
711	345	4	0
713	345	3	0
720	345	2	0
752	345	1	0
758	345	5	0
775	345	5	0
783	345	4	0
787	345	3	0
819	345	4	0
828	345	1	0
871	345	3	0
883	345	3	0
894	345	4	0
905	345	4	0
915	345	4	0
3	348	4	0
13	348	2	0
33	348	4	0
99	348	4	0
100	348	3	0
119	348	3	0
145	348	4	0
170	348	3	0
286	348	4	0
311	348	4	0
404	348	3	0
416	348	3	0
423	348	3	0
436	348	4	0
519	348	5	0
532	348	4	0
580	348	3	0
616	348	3	0
669	348	1	0
752	348	4	0
775	348	3	0
782	348	4	0
787	348	4	0
857	348	1	0
863	348	2	0
873	348	3	0
880	348	4	0
3	350	3	0
11	350	4	0
13	350	2	0
102	350	3	0
116	350	3	0
126	350	2	0
130	350	4	0
142	350	4	0
241	350	2	0
260	350	4	0
294	350	4	0
317	350	5	0
319	350	3	0
328	350	3	0
332	350	4	0
362	350	5	0
363	350	1	0
405	350	1	0
428	350	4	0
440	350	5	0
442	350	2	0
466	350	4	0
478	350	1	0
502	350	3	0
519	350	5	0
587	350	3	0
592	350	4	0
598	350	4	0
611	350	4	0
619	350	3	0
683	350	2	0
702	350	1	0
752	350	4	0
757	350	3	0
758	350	4	0
782	350	4	0
787	350	1	0
863	350	1	0
872	350	3	0
894	350	3	0
920	350	4	0
3	354	3	0
4	354	5	0
13	354	2	0
43	354	4	0
58	354	3	0
74	354	3	0
88	354	5	0
90	354	3	0
99	354	2	0
100	354	2	0
104	354	3	0
111	354	4	0
112	354	3	0
119	354	5	0
130	354	5	0
145	354	4	0
152	354	3	0
171	354	3	0
178	354	4	0
179	354	4	0
190	354	4	0
193	354	3	0
197	354	2	0
215	354	4	0
276	354	4	0
286	354	4	0
294	354	3	0
299	354	4	0
317	354	4	0
332	354	5	0
377	354	4	0
393	354	4	0
410	354	3	0
416	354	4	0
435	354	3	0
450	354	4	0
453	354	4	0
466	354	2	0
475	354	2	0
478	354	3	0
532	354	4	0
547	354	4	0
551	354	3	0
588	354	5	0
592	354	4	0
611	354	3	0
620	354	5	0
640	354	4	0
646	354	3	0
655	354	2	0
668	354	4	0
669	354	1	0
676	354	4	0
683	354	3	0
695	354	4	0
704	354	4	0
711	354	3	0
729	354	5	0
752	354	2	0
768	354	3	0
772	354	4	0
773	354	2	0
782	354	2	0
801	354	4	0
831	354	4	0
835	354	3	0
838	354	4	0
863	354	1	0
870	354	4	0
872	354	4	0
883	354	4	0
940	354	5	0
4	360	5	0
13	360	4	0
181	360	1	0
206	360	1	0
355	360	4	0
448	360	4	0
451	360	3	0
470	360	2	0
489	360	5	0
871	360	3	0
5	365	1	0
7	365	4	0
11	365	3	0
62	365	2	0
65	365	3	0
94	365	3	0
109	365	4	0
200	365	5	0
222	365	4	0
224	365	3	0
244	365	2	0
262	365	4	0
269	365	2	0
276	365	3	0
291	365	3	0
308	365	3	0
311	365	4	0
314	365	3	0
345	365	2	0
346	365	1	0
378	365	2	0
393	365	3	0
395	365	5	0
401	365	4	0
405	365	1	0
417	365	4	0
429	365	2	0
472	365	4	0
483	365	2	0
551	365	5	0
577	365	5	0
588	365	5	0
601	365	3	0
642	365	4	0
682	365	3	0
684	365	4	0
711	365	3	0
712	365	3	0
749	365	3	0
760	365	5	0
774	365	2	0
790	365	4	0
798	365	3	0
804	365	4	0
846	365	2	0
880	365	2	0
885	365	3	0
887	365	5	0
5	371	1	0
9	371	5	0
10	371	4	0
13	371	3	0
42	371	4	0
43	371	4	0
59	371	4	0
83	371	3	0
95	371	2	0
128	371	1	0
151	371	4	0
152	371	4	0
174	371	5	0
184	371	5	0
194	371	3	0
208	371	5	0
230	371	4	0
233	371	5	0
234	371	3	0
269	371	5	0
271	371	5	0
293	371	2	0
295	371	4	0
308	371	3	0
311	371	5	0
328	371	4	0
334	371	2	0
337	371	4	0
343	371	2	0
347	371	1	0
389	371	4	0
401	371	3	0
405	371	1	0
407	371	2	0
429	371	2	0
450	371	3	0
452	371	3	0
454	371	3	0
457	371	4	0
500	371	4	0
504	371	3	0
533	371	3	0
537	371	3	0
543	371	5	0
561	371	1	0
593	371	3	0
605	371	5	0
618	371	3	0
639	371	1	0
650	371	2	0
653	371	1	0
655	371	3	0
684	371	2	0
707	371	3	0
727	371	2	0
764	371	3	0
788	371	3	0
796	371	5	0
805	371	1	0
835	371	5	0
877	371	5	0
878	371	3	0
886	371	1	0
896	371	2	0
897	371	2	0
914	371	4	0
922	371	3	0
5	389	1	0
7	389	4	0
38	389	5	0
64	389	4	0
85	389	3	0
91	389	2	0
95	389	4	0
130	389	3	0
234	389	3	0
254	389	3	0
280	389	5	0
295	389	4	0
373	389	3	0
399	389	3	0
405	389	2	0
450	389	4	0
495	389	5	0
535	389	4	0
536	389	5	0
601	389	2	0
650	389	3	0
749	389	3	0
796	389	4	0
821	389	5	0
897	389	3	0
932	389	3	0
934	389	3	0
5	390	5	0
94	390	5	0
116	390	4	0
279	390	3	0
286	390	1	0
303	390	3	0
370	390	1	0
373	390	3	0
397	390	3	0
747	390	4	0
5	394	2	0
13	394	2	0
145	394	1	0
286	394	5	0
346	394	4	0
393	394	5	0
435	394	4	0
497	394	3	0
751	394	4	0
798	394	4	0
864	394	3	0
880	394	3	0
5	409	2	0
13	409	3	0
15	409	3	0
38	409	5	0
42	409	3	0
43	409	3	0
57	409	4	0
68	409	3	0
75	409	3	0
82	409	1	0
83	409	4	0
87	409	3	0
92	409	3	0
99	409	2	0
102	409	2	0
109	409	2	0
141	409	5	0
168	409	4	0
181	409	2	0
200	409	2	0
222	409	3	0
223	409	3	0
244	409	4	0
246	409	2	0
249	409	4	0
256	409	4	0
265	409	3	0
276	409	3	0
280	409	3	0
283	409	4	0
300	409	4	0
301	409	4	0
313	409	2	0
314	409	4	0
332	409	3	0
348	409	4	0
373	409	2	0
378	409	2	0
393	409	4	0
429	409	2	0
435	409	3	0
459	409	2	0
500	409	4	0
504	409	4	0
577	409	5	0
592	409	1	0
620	409	4	0
630	409	3	0
642	409	5	0
653	409	2	0
684	409	3	0
726	409	3	0
747	409	1	0
756	409	2	0
788	409	3	0
796	409	3	0
825	409	3	0
854	409	2	0
872	409	3	0
880	409	2	0
881	409	4	0
882	409	4	0
887	409	4	0
891	409	4	0
897	409	4	0
901	409	3	0
903	409	4	0
907	409	4	0
927	409	4	0
939	409	4	0
5	445	3	0
13	445	4	0
21	445	3	0
38	445	2	0
60	445	5	0
95	445	4	0
96	445	4	0
102	445	2	0
234	445	2	0
269	445	3	0
293	445	4	0
326	445	4	0
366	445	5	0
405	445	4	0
425	445	3	0
537	445	3	0
650	445	4	0
716	445	3	0
788	445	4	0
802	445	3	0
804	445	4	0
833	445	4	0
6	460	2	0
75	460	5	0
139	460	3	0
145	460	1	0
160	460	2	0
178	460	2	0
181	460	1	0
227	460	2	0
256	460	4	0
291	460	5	0
293	460	3	0
303	460	4	0
347	460	3	0
391	460	4	0
413	460	3	0
445	460	2	0
456	460	3	0
458	460	4	0
486	460	4	0
537	460	2	0
548	460	4	0
551	460	3	0
592	460	3	0
595	460	4	0
634	460	3	0
637	460	2	0
833	460	2	0
923	460	4	0
6	532	3	0
95	532	4	0
116	532	2	0
130	532	5	0
189	532	4	0
236	532	2	0
279	532	1	0
387	532	3	0
416	532	3	0
460	532	3	0
486	532	4	0
496	532	5	0
500	532	4	0
532	532	3	0
548	532	4	0
557	532	5	0
622	532	3	0
699	532	3	0
719	532	3	0
736	532	4	0
782	532	2	0
839	532	3	0
6	534	4	0
104	534	2	0
130	534	5	0
279	534	1	0
329	534	3	0
345	534	4	0
392	534	4	0
592	534	5	0
624	534	3	0
655	534	2	0
733	534	3	0
782	534	3	0
894	534	4	0
6	535	2	0
66	535	4	0
87	535	4	0
141	535	5	0
178	535	3	0
207	535	3	0
223	535	3	0
251	535	3	0
270	535	5	0
286	535	5	0
292	535	3	0
294	535	4	0
297	535	3	0
303	535	1	0
314	535	4	0
323	535	3	0
342	535	3	0
344	535	3	0
345	535	3	0
401	535	2	0
416	535	4	0
429	535	2	0
447	535	4	0
450	535	3	0
479	535	3	0
500	535	3	0
530	535	4	0
532	535	5	0
593	535	3	0
599	535	4	0
614	535	2	0
630	535	4	0
637	535	2	0
654	535	3	0
655	535	2	0
665	535	4	0
708	535	2	0
726	535	3	0
730	535	2	0
768	535	3	0
782	535	3	0
837	535	1	0
854	535	3	0
859	535	5	0
878	535	1	0
888	535	4	0
894	535	4	0
904	535	3	0
916	535	3	0
917	535	4	0
919	535	3	0
927	535	3	0
930	535	4	0
936	535	2	0
6	536	4	0
131	536	5	0
310	536	4	0
343	536	4	0
405	536	1	0
655	536	3	0
707	536	3	0
758	536	2	0
782	536	2	0
894	536	5	0
6	538	2	0
13	538	1	0
30	538	4	0
46	538	3	0
70	538	2	0
130	538	5	0
169	538	4	0
179	538	4	0
197	538	3	0
207	538	2	0
238	538	4	0
256	538	5	0
260	538	1	0
278	538	4	0
280	538	5	0
281	538	4	0
285	538	5	0
294	538	5	0
299	538	3	0
313	538	2	0
324	538	4	0
351	538	4	0
392	538	2	0
393	538	3	0
409	538	3	0
410	538	3	0
416	538	4	0
424	538	5	0
425	538	2	0
428	538	4	0
431	538	4	0
441	538	3	0
483	538	2	0
485	538	3	0
489	538	4	0
498	538	1	0
506	538	3	0
507	538	4	0
515	538	3	0
517	538	4	0
532	538	4	0
550	538	5	0
589	538	5	0
598	538	4	0
602	538	4	0
609	538	1	0
652	538	4	0
661	538	3	0
665	538	4	0
668	538	5	0
676	538	4	0
681	538	3	0
702	538	4	0
708	538	2	0
724	538	2	0
727	538	3	0
751	538	4	0
755	538	4	0
782	538	4	0
803	538	4	0
813	538	3	0
820	538	3	0
863	538	2	0
877	538	4	0
885	538	4	0
921	538	4	0
7	547	3	0
13	547	1	0
21	547	2	0
49	547	5	0
50	547	4	0
59	547	3	0
76	547	2	0
90	547	3	0
118	547	5	0
181	547	1	0
246	547	4	0
276	547	4	0
279	547	1	0
294	547	3	0
342	547	5	0
372	547	5	0
387	547	4	0
420	547	4	0
430	547	2	0
456	547	3	0
473	547	3	0
486	547	3	0
490	547	4	0
518	547	3	0
537	547	1	0
582	547	4	0
590	547	4	0
592	547	4	0
595	547	4	0
617	547	1	0
634	547	4	0
655	547	4	0
758	547	5	0
773	547	4	0
828	547	2	0
857	547	3	0
861	547	4	0
865	547	5	0
868	547	3	0
871	547	3	0
936	547	5	0
7	553	3	0
13	553	2	0
43	553	4	0
44	553	3	0
72	553	5	0
90	553	2	0
94	553	3	0
122	553	3	0
128	553	3	0
145	553	3	0
174	553	5	0
184	553	3	0
188	553	4	0
193	553	4	0
224	553	4	0
244	553	5	0
262	553	4	0
270	553	1	0
293	553	3	0
299	553	3	0
311	553	3	0
328	553	3	0
334	553	1	0
373	553	4	0
389	553	2	0
393	553	3	0
401	553	5	0
405	553	1	0
416	553	4	0
436	553	3	0
450	553	2	0
455	553	3	0
457	553	5	0
474	553	2	0
477	553	5	0
497	553	2	0
500	553	2	0
505	553	4	0
537	553	2	0
541	553	4	0
588	553	4	0
593	553	2	0
622	553	3	0
627	553	3	0
639	553	3	0
642	553	5	0
655	553	2	0
671	553	5	0
682	553	3	0
684	553	4	0
712	553	5	0
727	553	2	0
774	553	2	0
788	553	3	0
796	553	4	0
806	553	3	0
844	553	4	0
851	553	4	0
877	553	4	0
878	553	3	0
883	553	4	0
904	553	3	0
907	553	5	0
7	557	4	0
49	557	3	0
234	557	1	0
305	557	4	0
312	557	5	0
363	557	1	0
385	557	2	0
405	557	1	0
450	557	5	0
500	557	3	0
537	557	3	0
585	557	4	0
794	557	4	0
828	557	2	0
877	557	4	0
896	557	3	0
916	557	4	0
7	562	5	0
59	562	4	0
94	562	3	0
119	562	4	0
158	562	4	0
183	562	3	0
193	562	3	0
194	562	2	0
207	562	2	0
217	562	3	0
268	562	4	0
276	562	3	0
279	562	3	0
291	562	4	0
301	562	3	0
303	562	4	0
311	562	3	0
314	562	4	0
332	562	5	0
344	562	2	0
405	562	1	0
417	562	4	0
425	562	1	0
429	562	2	0
435	562	5	0
472	562	5	0
484	562	3	0
497	562	2	0
532	562	5	0
543	562	2	0
600	562	3	0
606	562	4	0
619	562	3	0
627	562	2	0
671	562	5	0
682	562	2	0
727	562	2	0
757	562	3	0
788	562	3	0
846	562	5	0
864	562	4	0
868	562	2	0
887	562	5	0
889	562	3	0
896	562	2	0
922	562	3	0
924	562	3	0
932	562	2	0
7	580	3	0
11	580	5	0
43	580	3	0
83	580	4	0
158	580	4	0
172	580	4	0
193	580	4	0
194	580	4	0
196	580	2	0
200	580	2	0
207	580	3	0
222	580	3	0
268	580	3	0
271	580	2	0
307	580	4	0
387	580	5	0
405	580	1	0
456	580	4	0
481	580	4	0
503	580	3	0
506	580	3	0
533	580	3	0
591	580	2	0
593	580	1	0
639	580	2	0
640	580	5	0
747	580	5	0
758	580	4	0
840	580	3	0
846	580	5	0
881	580	5	0
883	580	3	0
7	583	2	0
16	583	4	0
49	583	4	0
59	583	5	0
92	583	3	0
94	583	3	0
158	583	3	0
201	583	1	0
224	583	1	0
249	583	4	0
256	583	5	0
268	583	4	0
270	583	5	0
276	583	3	0
293	583	3	0
303	583	1	0
308	583	4	0
327	583	2	0
343	583	4	0
375	583	2	0
387	583	4	0
389	583	2	0
405	583	1	0
425	583	3	0
429	583	3	0
437	583	1	0
450	583	4	0
524	583	4	0
551	583	3	0
600	583	3	0
671	583	3	0
682	583	2	0
790	583	2	0
795	583	4	0
870	583	2	0
916	583	4	0
933	583	3	0
7	592	5	0
60	592	4	0
145	592	3	0
291	592	3	0
311	592	5	0
405	592	1	0
416	592	3	0
436	592	3	0
532	592	3	0
7	593	5	0
60	593	5	0
158	593	4	0
181	593	1	0
288	593	2	0
312	593	5	0
387	593	3	0
405	593	1	0
449	593	4	0
463	593	1	0
825	593	3	0
916	593	4	0
7	600	4	0
932	600	2	0
7	605	4	0
60	605	3	0
62	605	3	0
128	605	3	0
151	605	4	0
234	605	3	0
239	605	4	0
271	605	4	0
293	605	3	0
308	605	4	0
318	605	4	0
354	605	3	0
389	605	5	0
406	605	5	0
426	605	4	0
454	605	2	0
469	605	4	0
474	605	3	0
488	605	3	0
499	605	1	0
524	605	1	0
553	605	4	0
655	605	3	0
694	605	4	0
716	605	3	0
734	605	4	0
758	605	3	0
766	605	3	0
807	605	3	0
924	605	3	0
934	605	4	0
7	620	4	0
15	620	4	0
59	620	4	0
92	620	3	0
145	620	3	0
164	620	3	0
181	620	2	0
222	620	3	0
223	620	2	0
224	620	3	0
256	620	3	0
314	620	3	0
328	620	3	0
334	620	2	0
345	620	2	0
374	620	3	0
378	620	3	0
393	620	4	0
416	620	4	0
423	620	4	0
432	620	4	0
450	620	4	0
455	620	3	0
486	620	2	0
487	620	3	0
504	620	4	0
549	620	3	0
552	620	3	0
606	620	4	0
630	620	4	0
650	620	2	0
653	620	3	0
665	620	3	0
716	620	3	0
719	620	4	0
749	620	4	0
768	620	2	0
788	620	3	0
825	620	3	0
854	620	2	0
881	620	2	0
907	620	4	0
935	620	2	0
7	621	5	0
13	621	4	0
230	621	2	0
254	621	3	0
311	621	4	0
379	621	4	0
405	621	1	0
749	621	3	0
752	621	1	0
788	621	3	0
868	621	2	0
7	622	4	0
59	622	4	0
85	622	3	0
94	622	3	0
95	622	4	0
128	622	4	0
130	622	3	0
200	622	3	0
230	622	3	0
234	622	2	0
254	622	4	0
263	622	4	0
267	622	3	0
268	622	3	0
290	622	3	0
311	622	3	0
379	622	5	0
393	622	4	0
399	622	4	0
405	622	1	0
450	622	5	0
495	622	2	0
497	622	2	0
504	622	4	0
541	622	3	0
632	622	4	0
642	622	4	0
650	622	3	0
653	622	3	0
705	622	4	0
711	622	4	0
712	622	4	0
716	622	3	0
749	622	3	0
756	622	3	0
807	622	3	0
846	622	4	0
897	622	3	0
911	622	3	0
7	624	4	0
13	624	5	0
94	624	2	0
194	624	2	0
254	624	2	0
271	624	2	0
275	624	3	0
276	624	2	0
279	624	4	0
295	624	5	0
313	624	4	0
405	624	4	0
406	624	5	0
416	624	3	0
452	624	2	0
499	624	2	0
621	624	5	0
642	624	3	0
804	624	2	0
807	624	3	0
826	624	4	0
934	624	4	0
7	626	5	0
234	626	4	0
405	626	1	0
683	626	3	0
7	630	5	0
13	630	2	0
18	630	3	0
85	630	3	0
189	630	4	0
232	630	3	0
234	630	2	0
268	630	4	0
271	630	2	0
275	630	3	0
279	630	4	0
311	630	5	0
380	630	2	0
389	630	3	0
393	630	4	0
401	630	4	0
450	630	3	0
474	630	3	0
535	630	2	0
643	630	3	0
650	630	5	0
694	630	3	0
707	630	3	0
716	630	4	0
766	630	3	0
788	630	2	0
807	630	4	0
846	630	3	0
881	630	4	0
918	630	3	0
934	630	4	0
7	637	4	0
13	637	2	0
21	637	4	0
38	637	2	0
60	637	4	0
94	637	3	0
145	637	3	0
201	637	3	0
222	637	2	0
264	637	4	0
293	637	3	0
308	637	3	0
328	637	3	0
339	637	4	0
366	637	5	0
367	637	3	0
368	637	2	0
372	637	4	0
374	637	4	0
379	637	2	0
429	637	3	0
435	637	4	0
450	637	4	0
495	637	3	0
604	637	4	0
606	637	3	0
617	637	3	0
648	637	2	0
650	637	3	0
709	637	3	0
749	637	1	0
776	637	3	0
788	637	2	0
804	637	3	0
840	637	3	0
843	637	2	0
890	637	3	0
896	637	2	0
7	643	4	0
358	643	3	0
405	643	1	0
914	643	4	0
7	670	5	0
13	670	3	0
21	670	3	0
28	670	4	0
59	670	4	0
94	670	3	0
97	670	5	0
201	670	4	0
222	670	3	0
280	670	2	0
291	670	5	0
303	670	2	0
313	670	3	0
326	670	3	0
367	670	4	0
368	670	3	0
380	670	1	0
405	670	1	0
406	670	3	0
422	670	2	0
425	670	3	0
479	670	3	0
524	670	4	0
537	670	2	0
604	670	5	0
617	670	1	0
650	670	3	0
653	670	1	0
655	670	3	0
659	670	2	0
776	670	3	0
788	670	3	0
802	670	4	0
804	670	4	0
833	670	1	0
897	670	3	0
7	676	3	0
15	676	4	0
54	676	5	0
62	676	3	0
63	676	3	0
65	676	5	0
79	676	3	0
90	676	2	0
99	676	4	0
139	676	4	0
141	676	5	0
181	676	3	0
184	676	4	0
201	676	2	0
224	676	3	0
244	676	4	0
250	676	5	0
257	676	4	0
264	676	3	0
265	676	2	0
266	676	3	0
283	676	3	0
294	676	3	0
312	676	3	0
327	676	3	0
345	676	4	0
354	676	5	0
387	676	1	0
409	676	2	0
416	676	5	0
457	676	3	0
459	676	3	0
460	676	4	0
474	676	3	0
483	676	4	0
504	676	4	0
506	676	1	0
524	676	3	0
525	676	2	0
526	676	5	0
532	676	5	0
533	676	5	0
537	676	4	0
541	676	3	0
561	676	3	0
569	676	4	0
579	676	3	0
582	676	2	0
586	676	3	0
590	676	4	0
595	676	2	0
618	676	2	0
620	676	3	0
621	676	3	0
634	676	4	0
637	676	3	0
648	676	2	0
655	676	2	0
661	676	4	0
663	676	3	0
707	676	4	0
708	676	3	0
711	676	5	0
733	676	4	0
735	676	3	0
754	676	3	0
758	676	2	0
849	676	5	0
851	676	3	0
865	676	2	0
874	676	3	0
889	676	2	0
894	676	3	0
906	676	5	0
919	676	4	0
932	676	4	0
938	676	3	0
7	677	3	0
10	695	3	0
49	695	3	0
201	695	1	0
218	695	3	0
221	695	4	0
405	695	1	0
442	695	5	0
457	695	3	0
542	695	2	0
608	695	5	0
655	695	3	0
747	695	2	0
889	695	3	0
10	698	4	0
49	698	2	0
167	698	4	0
363	698	2	0
405	698	1	0
437	698	2	0
537	698	3	0
551	698	4	0
655	698	4	0
894	698	4	0
10	702	3	0
18	702	3	0
49	702	3	0
59	702	5	0
62	702	2	0
85	702	2	0
87	702	3	0
89	702	5	0
92	702	3	0
128	702	3	0
151	702	3	0
201	702	1	0
234	702	2	0
264	702	4	0
279	702	4	0
299	702	4	0
301	702	4	0
311	702	3	0
327	702	2	0
331	702	3	0
339	702	4	0
343	702	4	0
345	702	4	0
354	702	3	0
378	702	4	0
405	702	1	0
406	702	3	0
429	702	5	0
437	702	1	0
449	702	5	0
450	702	4	0
503	702	2	0
524	702	4	0
535	702	1	0
537	702	3	0
543	702	2	0
561	702	3	0
592	702	4	0
608	702	1	0
639	702	2	0
653	702	3	0
655	702	2	0
664	702	4	0
707	702	3	0
763	702	3	0
804	702	2	0
806	702	3	0
828	702	2	0
846	702	4	0
877	702	4	0
878	702	1	0
894	702	4	0
916	702	3	0
10	704	3	0
18	704	3	0
62	704	2	0
83	704	3	0
92	704	3	0
123	704	3	0
224	704	3	0
286	704	2	0
295	704	5	0
321	704	3	0
373	704	2	0
379	704	3	0
405	704	2	0
450	704	3	0
457	704	4	0
458	704	2	0
524	704	4	0
543	704	3	0
627	704	4	0
711	704	4	0
751	704	2	0
870	704	3	0
916	704	3	0
918	704	4	0
10	712	4	0
13	712	4	0
22	712	4	0
62	712	4	0
85	712	3	0
92	712	3	0
95	712	2	0
106	712	3	0
194	712	3	0
207	712	4	0
218	712	3	0
222	712	3	0
234	712	2	0
244	712	3	0
279	712	5	0
293	712	2	0
308	712	4	0
318	712	4	0
334	712	3	0
343	712	4	0
346	712	3	0
379	712	3	0
380	712	2	0
389	712	3	0
398	712	2	0
405	712	1	0
406	712	3	0
407	712	2	0
416	712	4	0
450	712	3	0
476	712	3	0
506	712	3	0
524	712	4	0
538	712	3	0
591	712	3	0
643	712	3	0
653	712	3	0
655	712	3	0
659	712	3	0
690	712	4	0
707	712	3	0
749	712	3	0
766	712	3	0
774	712	1	0
778	712	3	0
788	712	3	0
815	712	3	0
860	712	3	0
881	712	3	0
883	712	3	0
934	712	4	0
11	713	5	0
23	713	4	0
49	713	3	0
59	713	5	0
63	713	3	0
68	713	2	0
90	713	4	0
104	713	3	0
144	713	4	0
145	713	4	0
148	713	3	0
181	713	2	0
226	713	5	0
243	713	3	0
268	713	4	0
270	713	5	0
271	713	4	0
274	713	5	0
279	713	3	0
305	713	4	0
312	713	5	0
323	713	4	0
344	713	3	0
347	713	3	0
349	713	3	0
357	713	5	0
374	713	1	0
390	713	4	0
406	713	4	0
416	713	4	0
417	713	2	0
435	713	5	0
450	713	3	0
460	713	4	0
486	713	3	0
487	713	4	0
505	713	3	0
514	713	3	0
518	713	5	0
525	713	4	0
533	713	2	0
536	713	4	0
537	713	3	0
565	713	5	0
573	713	4	0
585	713	4	0
588	713	3	0
597	713	2	0
606	713	4	0
618	713	4	0
627	713	2	0
648	713	2	0
682	713	3	0
697	713	5	0
708	713	4	0
711	713	3	0
715	713	4	0
733	713	4	0
758	713	3	0
815	713	4	0
831	713	5	0
838	713	4	0
839	713	2	0
854	713	4	0
870	713	4	0
883	713	3	0
884	713	3	0
894	713	4	0
896	713	2	0
907	713	5	0
916	713	3	0
923	713	5	0
11	714	4	0
18	714	4	0
270	714	4	0
271	714	3	0
354	714	4	0
405	714	1	0
409	714	3	0
450	714	4	0
500	714	2	0
503	714	4	0
537	714	3	0
639	714	2	0
861	714	4	0
11	716	3	0
13	716	4	0
14	716	5	0
18	716	5	0
62	716	4	0
89	716	3	0
94	716	3	0
95	716	3	0
119	716	5	0
151	716	2	0
152	716	5	0
174	716	5	0
180	716	1	0
184	716	3	0
207	716	3	0
222	716	2	0
244	716	3	0
256	716	5	0
269	716	4	0
270	716	4	0
297	716	3	0
303	716	2	0
311	716	4	0
316	716	5	0
320	716	1	0
334	716	3	0
336	716	2	0
342	716	2	0
344	716	3	0
345	716	3	0
354	716	3	0
378	716	3	0
405	716	1	0
437	716	5	0
447	716	2	0
450	716	4	0
455	716	3	0
497	716	4	0
504	716	4	0
588	716	5	0
639	716	1	0
643	716	3	0
655	716	2	0
682	716	2	0
684	716	2	0
690	716	1	0
707	716	2	0
711	716	5	0
712	716	5	0
758	716	2	0
790	716	4	0
795	716	3	0
796	716	3	0
805	716	4	0
846	716	3	0
847	716	3	0
860	716	2	0
864	716	2	0
11	723	5	0
62	723	2	0
94	723	3	0
128	723	3	0
174	723	5	0
222	723	3	0
224	723	2	0
244	723	3	0
249	723	4	0
269	723	1	0
280	723	5	0
311	723	4	0
328	723	3	0
342	723	3	0
378	723	3	0
405	723	1	0
416	723	4	0
417	723	5	0
436	723	3	0
450	723	3	0
504	723	4	0
537	723	2	0
588	723	2	0
593	723	4	0
618	723	3	0
642	723	4	0
655	723	3	0
682	723	1	0
707	723	3	0
711	723	5	0
716	723	4	0
760	723	2	0
788	723	3	0
846	723	2	0
11	731	4	0
22	731	3	0
43	731	4	0
64	731	3	0
89	731	3	0
92	731	4	0
94	731	3	0
130	731	3	0
145	731	3	0
158	731	2	0
178	731	4	0
224	731	4	0
234	731	2	0
280	731	3	0
314	731	4	0
378	731	3	0
387	731	1	0
389	731	3	0
393	731	3	0
405	731	3	0
450	731	3	0
477	731	4	0
497	731	3	0
504	731	3	0
506	731	4	0
588	731	2	0
618	731	2	0
639	731	2	0
642	731	5	0
655	731	3	0
711	731	4	0
712	731	5	0
749	731	3	0
756	731	3	0
796	731	3	0
798	731	3	0
846	731	3	0
880	731	4	0
889	731	2	0
11	733	4	0
13	733	5	0
167	733	2	0
180	733	5	0
201	733	3	0
299	733	3	0
305	733	3	0
354	733	3	0
405	733	1	0
409	733	4	0
537	733	3	0
561	733	3	0
655	733	3	0
829	733	2	0
886	733	4	0
11	740	4	0
13	740	1	0
79	740	4	0
82	740	2	0
108	740	3	0
121	740	3	0
139	740	2	0
145	740	2	0
152	740	4	0
157	740	2	0
181	740	2	0
185	740	4	0
195	740	3	0
242	740	5	0
252	740	3	0
270	740	5	0
279	740	3	0
295	740	4	0
310	740	4	0
312	740	4	0
313	740	2	0
334	740	3	0
354	740	4	0
390	740	4	0
424	740	5	0
454	740	2	0
463	740	4	0
500	740	3	0
503	740	5	0
517	740	4	0
533	740	4	0
536	740	4	0
585	740	4	0
590	740	4	0
591	740	4	0
601	740	4	0
620	740	5	0
627	740	1	0
634	740	2	0
636	740	4	0
637	740	2	0
639	740	4	0
648	740	4	0
655	740	3	0
677	740	1	0
708	740	5	0
716	740	4	0
733	740	3	0
749	740	3	0
798	740	2	0
825	740	2	0
837	740	5	0
847	740	4	0
861	740	4	0
878	740	2	0
883	740	4	0
891	740	5	0
894	740	4	0
899	740	5	0
906	740	4	0
907	740	5	0
917	740	5	0
919	740	3	0
11	741	5	0
21	741	3	0
49	741	4	0
52	741	4	0
54	741	5	0
58	741	2	0
59	741	4	0
63	741	3	0
66	741	4	0
94	741	4	0
99	741	3	0
115	741	3	0
119	741	4	0
151	741	2	0
176	741	3	0
181	741	1	0
227	741	3	0
246	741	5	0
249	741	4	0
256	741	4	0
269	741	5	0
270	741	5	0
279	741	5	0
286	741	4	0
291	741	5	0
303	741	4	0
306	741	1	0
308	741	4	0
315	741	5	0
323	741	3	0
363	741	3	0
365	741	2	0
374	741	3	0
450	741	3	0
463	741	1	0
486	741	3	0
490	741	4	0
497	741	4	0
501	741	5	0
537	741	2	0
540	741	3	0
624	741	4	0
634	741	3	0
637	741	1	0
655	741	3	0
663	741	4	0
711	741	4	0
735	741	2	0
774	741	1	0
789	741	5	0
825	741	4	0
831	741	2	0
889	741	4	0
913	741	4	0
916	741	3	0
919	741	3	0
923	741	5	0
936	741	4	0
11	744	4	0
15	744	4	0
17	744	3	0
57	744	5	0
62	744	3	0
71	744	4	0
84	744	4	0
94	744	4	0
104	744	1	0
120	744	4	0
121	744	3	0
131	744	4	0
135	744	4	0
136	744	5	0
139	744	5	0
141	744	5	0
158	744	4	0
168	744	5	0
178	744	3	0
181	744	2	0
194	744	3	0
203	744	2	0
224	744	1	0
232	744	3	0
244	744	3	0
271	744	4	0
274	744	5	0
279	744	2	0
303	744	3	0
306	744	4	0
313	744	3	0
323	744	5	0
328	744	4	0
334	744	3	0
343	744	4	0
345	744	4	0
349	744	2	0
354	744	4	0
357	744	5	0
360	744	4	0
378	744	3	0
380	744	3	0
387	744	3	0
399	744	3	0
423	744	4	0
429	744	4	0
430	744	3	0
445	744	2	0
455	744	3	0
457	744	3	0
458	744	4	0
460	744	3	0
463	744	3	0
474	744	3	0
503	744	2	0
518	744	4	0
533	744	2	0
537	744	3	0
542	744	2	0
558	744	4	0
561	744	3	0
590	744	4	0
592	744	3	0
593	744	3	0
594	744	3	0
595	744	3	0
634	744	5	0
637	744	4	0
655	744	2	0
657	744	4	0
666	744	3	0
707	744	3	0
711	744	4	0
718	744	3	0
733	744	4	0
735	744	3	0
743	744	5	0
754	744	3	0
768	744	3	0
788	744	4	0
819	744	5	0
834	744	4	0
854	744	2	0
865	744	4	0
877	744	5	0
894	744	3	0
896	744	3	0
900	744	2	0
906	744	4	0
907	744	5	0
909	744	3	0
931	744	4	0
11	749	5	0
13	749	3	0
15	749	1	0
133	749	4	0
170	749	5	0
181	749	1	0
206	749	2	0
223	749	4	0
234	749	3	0
286	749	3	0
294	749	3	0
299	749	1	0
305	749	2	0
324	749	3	0
327	749	3	0
400	749	4	0
409	749	3	0
428	749	4	0
440	749	3	0
450	749	4	0
451	749	3	0
463	749	3	0
489	749	4	0
506	749	4	0
529	749	4	0
537	749	2	0
544	749	4	0
587	749	2	0
589	749	3	0
606	749	4	0
661	749	2	0
663	749	3	0
669	749	3	0
687	749	4	0
688	749	5	0
699	749	3	0
720	749	3	0
721	749	3	0
724	749	4	0
739	749	5	0
750	749	3	0
762	749	1	0
782	749	4	0
787	749	4	0
831	749	2	0
842	749	4	0
856	749	3	0
863	749	2	0
883	749	3	0
889	749	2	0
928	749	5	0
11	752	4	0
13	752	1	0
100	752	4	0
105	752	3	0
126	752	3	0
130	752	5	0
145	752	4	0
191	752	3	0
214	752	2	0
278	752	5	0
294	752	3	0
297	752	4	0
299	752	3	0
328	752	2	0
363	752	5	0
369	752	4	0
435	752	3	0
445	752	1	0
479	752	3	0
485	752	3	0
489	752	5	0
592	752	4	0
611	752	5	0
668	752	4	0
682	752	4	0
713	752	2	0
752	752	3	0
758	752	3	0
772	752	3	0
782	752	4	0
801	752	4	0
828	752	1	0
842	752	4	0
863	752	4	0
871	752	3	0
883	752	4	0
894	752	3	0
896	752	1	0
915	752	3	0
12	754	4	0
13	754	4	0
15	754	5	0
40	754	4	0
112	754	4	0
145	754	3	0
186	754	2	0
191	754	3	0
207	754	4	0
244	754	4	0
250	754	4	0
262	754	3	0
284	754	3	0
311	754	3	0
324	754	5	0
328	754	4	0
351	754	5	0
390	754	4	0
399	754	3	0
404	754	3	0
410	754	3	0
415	754	4	0
416	754	5	0
423	754	4	0
426	754	1	0
428	754	4	0
431	754	3	0
433	754	3	0
446	754	3	0
488	754	4	0
489	754	5	0
493	754	3	0
498	754	2	0
502	754	2	0
507	754	5	0
509	754	1	0
521	754	3	0
526	754	2	0
532	754	4	0
574	754	4	0
590	754	3	0
592	754	3	0
605	754	3	0
683	754	3	0
688	754	5	0
697	754	3	0
784	754	3	0
788	754	4	0
791	754	4	0
803	754	2	0
841	754	4	0
842	754	1	0
851	754	2	0
858	754	4	0
863	754	3	0
894	754	4	0
902	754	3	0
13	761	4	0
16	761	2	0
56	761	3	0
92	761	2	0
130	761	3	0
145	761	4	0
151	761	3	0
217	761	4	0
256	761	4	0
268	761	1	0
269	761	2	0
286	761	4	0
291	761	3	0
293	761	2	0
311	761	3	0
314	761	4	0
334	761	2	0
363	761	3	0
374	761	3	0
375	761	3	0
393	761	4	0
405	761	1	0
416	761	4	0
429	761	2	0
436	761	4	0
450	761	4	0
506	761	2	0
517	761	5	0
532	761	4	0
543	761	2	0
551	761	1	0
586	761	3	0
593	761	2	0
600	761	4	0
640	761	5	0
655	761	2	0
682	761	4	0
715	761	3	0
796	761	3	0
805	761	3	0
833	761	2	0
880	761	4	0
886	761	4	0
927	761	3	0
13	766	4	0
181	766	1	0
184	766	3	0
209	766	4	0
286	766	3	0
486	766	4	0
655	766	3	0
707	766	3	0
936	766	3	0
13	772	1	0
76	772	3	0
115	772	4	0
117	772	4	0
130	772	4	0
156	772	3	0
172	772	1	0
201	772	5	0
222	772	2	0
244	772	4	0
259	772	4	0
272	772	2	0
276	772	4	0
291	772	4	0
301	772	3	0
314	772	1	0
323	772	3	0
327	772	3	0
339	772	4	0
342	772	1	0
345	772	4	0
387	772	4	0
391	772	2	0
399	772	4	0
405	772	1	0
406	772	4	0
429	772	3	0
456	772	4	0
468	772	4	0
487	772	3	0
492	772	1	0
498	772	1	0
506	772	1	0
537	772	3	0
542	772	4	0
561	772	4	0
566	772	4	0
568	772	1	0
645	772	3	0
655	772	3	0
658	772	3	0
682	772	4	0
691	772	5	0
805	772	3	0
846	772	4	0
851	772	3	0
870	772	4	0
875	772	5	0
886	772	1	0
13	773	1	0
21	773	3	0
58	773	4	0
201	773	4	0
276	773	3	0
291	773	3	0
303	773	4	0
366	773	3	0
375	773	3	0
387	773	4	0
388	773	3	0
394	773	4	0
405	773	1	0
422	773	3	0
504	773	3	0
655	773	3	0
925	773	1	0
13	776	2	0
405	776	1	0
450	776	4	0
488	776	4	0
618	776	2	0
712	776	4	0
760	776	5	0
790	776	3	0
796	776	4	0
13	785	3	0
42	785	4	0
43	785	3	0
92	785	3	0
102	785	2	0
125	785	3	0
128	785	2	0
144	785	4	0
152	785	5	0
180	785	4	0
234	785	3	0
256	785	4	0
262	785	3	0
291	785	4	0
299	785	2	0
303	785	3	0
311	785	3	0
314	785	3	0
336	785	1	0
346	785	3	0
389	785	3	0
393	785	3	0
405	785	1	0
407	785	3	0
416	785	3	0
436	785	2	0
450	785	3	0
618	785	3	0
654	785	4	0
655	785	2	0
712	785	5	0
741	785	3	0
751	785	4	0
796	785	5	0
798	785	3	0
846	785	4	0
883	785	3	0
904	785	5	0
943	785	2	0
13	787	3	0
95	787	2	0
207	787	3	0
314	787	2	0
378	787	3	0
393	787	5	0
405	787	3	0
406	787	3	0
436	787	5	0
591	787	3	0
712	787	3	0
846	787	4	0
919	787	3	0
13	796	3	0
87	796	4	0
109	796	3	0
125	796	3	0
145	796	3	0
222	796	4	0
256	796	5	0
276	796	1	0
311	796	3	0
314	796	2	0
318	796	3	0
336	796	3	0
378	796	2	0
398	796	3	0
405	796	3	0
407	796	2	0
417	796	4	0
429	796	3	0
472	796	4	0
495	796	4	0
506	796	3	0
514	796	4	0
524	796	3	0
532	796	5	0
543	796	3	0
551	796	4	0
639	796	1	0
642	796	4	0
655	796	2	0
712	796	4	0
796	796	4	0
846	796	1	0
878	796	2	0
883	796	3	0
904	796	3	0
943	796	3	0
13	797	5	0
56	797	4	0
94	797	2	0
102	797	2	0
109	797	3	0
158	797	3	0
195	797	3	0
217	797	4	0
276	797	3	0
279	797	4	0
301	797	4	0
393	797	3	0
394	797	3	0
417	797	3	0
435	797	3	0
453	797	1	0
495	797	4	0
497	797	3	0
622	797	2	0
627	797	4	0
648	797	3	0
653	797	2	0
660	797	2	0
682	797	2	0
705	797	4	0
795	797	3	0
796	797	3	0
804	797	4	0
864	797	3	0
892	797	4	0
921	797	3	0
13	799	4	0
60	799	4	0
707	799	4	0
854	799	3	0
886	799	1	0
13	804	2	0
87	804	3	0
279	804	4	0
293	804	1	0
417	804	3	0
429	804	3	0
621	804	4	0
682	804	3	0
13	812	2	0
16	812	2	0
200	812	4	0
222	812	2	0
228	812	5	0
295	812	4	0
314	812	4	0
393	812	3	0
405	812	1	0
416	812	4	0
437	812	3	0
450	812	4	0
541	812	3	0
642	812	4	0
712	812	4	0
749	812	3	0
848	812	2	0
881	812	2	0
13	821	3	0
49	821	1	0
90	821	3	0
145	821	3	0
210	821	3	0
262	821	3	0
269	821	1	0
286	821	4	0
393	821	3	0
416	821	4	0
435	821	2	0
436	821	4	0
450	821	2	0
500	821	2	0
588	821	4	0
654	821	3	0
734	821	2	0
749	821	3	0
796	821	4	0
798	821	5	0
885	821	3	0
907	821	5	0
13	822	3	0
82	822	2	0
85	822	3	0
308	822	4	0
13	833	2	0
37	833	4	0
57	833	4	0
67	833	4	0
75	833	2	0
77	833	1	0
130	833	4	0
181	833	1	0
216	833	2	0
222	833	2	0
244	833	3	0
255	833	4	0
279	833	4	0
291	833	3	0
300	833	4	0
303	833	2	0
314	833	4	0
320	833	1	0
332	833	5	0
342	833	3	0
357	833	4	0
386	833	3	0
393	833	4	0
416	833	3	0
429	833	3	0
434	833	4	0
487	833	4	0
493	833	2	0
521	833	2	0
532	833	4	0
551	833	3	0
592	833	4	0
606	833	5	0
621	833	3	0
622	833	4	0
624	833	4	0
637	833	1	0
663	833	4	0
665	833	3	0
682	833	1	0
697	833	3	0
709	833	4	0
726	833	5	0
749	833	2	0
825	833	4	0
851	833	3	0
880	833	4	0
886	833	5	0
889	833	3	0
13	842	2	0
60	842	4	0
85	842	3	0
234	842	4	0
254	842	3	0
298	842	4	0
303	842	2	0
308	842	3	0
318	842	2	0
346	842	1	0
373	842	3	0
379	842	4	0
393	842	4	0
405	842	5	0
416	842	4	0
437	842	4	0
450	842	4	0
452	842	2	0
454	842	2	0
496	842	2	0
532	842	4	0
588	842	3	0
601	842	1	0
712	842	3	0
716	842	3	0
747	842	5	0
807	842	4	0
13	843	5	0
95	843	4	0
174	843	2	0
234	843	2	0
254	843	2	0
269	843	3	0
276	843	4	0
279	843	4	0
293	843	3	0
295	843	4	0
308	843	3	0
313	843	3	0
373	843	3	0
379	843	4	0
393	843	3	0
405	843	2	0
416	843	3	0
429	843	1	0
437	843	4	0
478	843	5	0
495	843	3	0
541	843	4	0
642	843	3	0
650	843	2	0
705	843	2	0
712	843	3	0
749	843	3	0
807	843	2	0
868	843	1	0
890	843	3	0
13	844	1	0
21	844	4	0
57	844	2	0
72	844	4	0
118	844	5	0
160	844	3	0
181	844	1	0
201	844	2	0
234	844	2	0
249	844	5	0
250	844	4	0
264	844	1	0
276	844	4	0
277	844	4	0
291	844	5	0
292	844	5	0
303	844	3	0
342	844	3	0
344	844	1	0
368	844	3	0
372	844	4	0
374	844	4	0
387	844	5	0
407	844	2	0
432	844	4	0
434	844	3	0
445	844	2	0
458	844	4	0
501	844	4	0
537	844	4	0
581	844	5	0
592	844	4	0
595	844	4	0
606	844	4	0
655	844	4	0
658	844	3	0
663	844	2	0
747	844	4	0
792	844	4	0
793	844	4	0
825	844	2	0
916	844	3	0
13	846	2	0
59	846	4	0
83	846	3	0
92	846	3	0
101	846	3	0
174	846	5	0
178	846	3	0
181	846	3	0
223	846	2	0
224	846	4	0
231	846	4	0
256	846	4	0
274	846	2	0
296	846	2	0
314	846	3	0
324	846	5	0
334	846	3	0
342	846	2	0
345	846	4	0
365	846	3	0
374	846	2	0
416	846	3	0
450	846	3	0
459	846	4	0
477	846	4	0
486	846	2	0
500	846	3	0
504	846	4	0
533	846	2	0
550	846	2	0
551	846	3	0
588	846	4	0
593	846	2	0
599	846	5	0
660	846	2	0
708	846	2	0
717	846	4	0
733	846	2	0
839	846	2	0
854	846	3	0
859	846	5	0
860	846	2	0
869	846	2	0
935	846	4	0
13	854	1	0
21	854	5	0
248	854	5	0
276	854	4	0
279	854	1	0
363	854	1	0
366	854	5	0
387	854	5	0
405	854	1	0
409	854	4	0
422	854	4	0
425	854	4	0
592	854	5	0
617	854	1	0
833	854	4	0
868	854	4	0
13	857	3	0
13	865	5	0
305	865	3	0
318	865	2	0
325	865	3	0
327	865	5	0
334	865	2	0
354	865	3	0
385	865	4	0
416	865	3	0
450	865	4	0
532	865	2	0
557	865	3	0
608	865	4	0
639	865	1	0
641	865	5	0
655	865	4	0
707	865	5	0
747	865	5	0
751	865	2	0
758	865	4	0
860	865	4	0
13	869	3	0
56	869	3	0
128	869	3	0
145	869	4	0
175	869	3	0
193	869	3	0
222	869	3	0
270	869	1	0
279	869	1	0
303	869	2	0
314	869	4	0
318	869	3	0
320	869	4	0
407	869	3	0
416	869	3	0
436	869	4	0
450	869	4	0
478	869	2	0
655	869	2	0
707	869	1	0
796	869	4	0
888	869	4	0
889	869	3	0
907	869	5	0
13	872	3	0
21	872	2	0
33	872	3	0
86	872	3	0
116	872	3	0
140	872	3	0
141	872	1	0
155	872	3	0
159	872	1	0
181	872	1	0
214	872	2	0
234	872	2	0
255	872	4	0
270	872	5	0
277	872	3	0
294	872	4	0
300	872	5	0
303	872	3	0
324	872	5	0
341	872	4	0
355	872	4	0
372	872	4	0
374	872	5	0
392	872	4	0
451	872	2	0
486	872	5	0
489	872	2	0
511	872	5	0
557	872	5	0
599	872	2	0
655	872	3	0
663	872	3	0
685	872	2	0
720	872	3	0
721	872	3	0
724	872	1	0
755	872	1	0
782	872	2	0
783	872	4	0
808	872	5	0
863	872	2	0
896	872	3	0
13	874	5	0
21	874	2	0
29	874	4	0
47	874	3	0
100	874	1	0
113	874	5	0
149	874	3	0
154	874	3	0
173	874	4	0
176	874	4	0
181	874	1	0
204	874	3	0
234	874	1	0
266	874	2	0
327	874	3	0
372	874	4	0
385	874	3	0
416	874	1	0
427	874	5	0
448	874	3	0
451	874	4	0
452	874	2	0
470	874	3	0
486	874	3	0
489	874	2	0
519	874	5	0
523	874	4	0
537	874	3	0
628	874	5	0
635	874	3	0
655	874	4	0
672	874	4	0
675	874	4	0
710	874	3	0
721	874	3	0
828	874	3	0
842	874	5	0
894	874	4	0
937	874	3	0
13	880	3	0
33	880	3	0
40	880	3	0
78	880	5	0
88	880	3	0
89	880	5	0
100	880	1	0
105	880	3	0
116	880	3	0
140	880	4	0
141	880	1	0
144	880	5	0
159	880	1	0
173	880	4	0
181	880	1	0
186	880	3	0
197	880	3	0
204	880	2	0
241	880	5	0
288	880	1	0
319	880	4	0
341	880	5	0
351	880	2	0
374	880	5	0
392	880	4	0
446	880	2	0
451	880	1	0
463	880	4	0
486	880	5	0
488	880	3	0
489	880	2	0
506	880	1	0
511	880	5	0
529	880	4	0
587	880	3	0
588	880	1	0
595	880	3	0
602	880	4	0
629	880	4	0
646	880	3	0
655	880	2	0
667	880	3	0
683	880	3	0
699	880	3	0
707	880	2	0
708	880	3	0
721	880	3	0
724	880	3	0
755	880	4	0
782	880	4	0
783	880	4	0
787	880	3	0
796	880	3	0
836	880	4	0
851	880	3	0
853	880	5	0
896	880	4	0
909	880	4	0
919	880	3	0
13	882	3	0
36	882	5	0
129	882	2	0
181	882	1	0
206	882	1	0
219	882	3	0
229	882	4	0
260	882	5	0
271	882	3	0
278	882	3	0
334	882	3	0
351	882	5	0
354	882	4	0
355	882	4	0
410	882	3	0
424	882	3	0
451	882	1	0
466	882	5	0
486	882	2	0
537	882	4	0
548	882	4	0
611	882	4	0
655	882	3	0
668	882	3	0
685	882	3	0
695	882	4	0
707	882	4	0
713	882	3	0
724	882	1	0
732	882	5	0
752	882	4	0
863	882	4	0
866	882	2	0
883	882	4	0
13	883	3	0
36	883	5	0
181	883	1	0
286	883	5	0
440	883	5	0
446	883	3	0
451	883	1	0
486	883	3	0
489	883	2	0
574	883	4	0
696	883	4	0
871	883	3	0
894	883	3	0
13	884	2	0
126	884	5	0
181	884	1	0
286	884	5	0
448	884	4	0
451	884	1	0
840	884	5	0
13	886	5	0
31	886	2	0
69	886	4	0
80	886	4	0
88	886	5	0
100	886	3	0
117	886	5	0
181	886	1	0
201	886	1	0
228	886	1	0
229	886	1	0
244	886	5	0
263	886	2	0
269	886	3	0
323	886	3	0
327	886	2	0
334	886	4	0
345	886	3	0
410	886	2	0
414	886	4	0
428	886	4	0
440	886	5	0
445	886	3	0
451	886	4	0
486	886	3	0
493	886	2	0
499	886	4	0
526	886	3	0
529	886	4	0
570	886	2	0
587	886	2	0
592	886	3	0
608	886	1	0
611	886	4	0
615	886	2	0
624	886	4	0
629	886	3	0
631	886	4	0
635	886	4	0
685	886	1	0
697	886	5	0
699	886	3	0
710	886	3	0
750	886	3	0
782	886	3	0
785	886	3	0
828	886	1	0
834	886	4	0
842	886	4	0
863	886	3	0
883	886	3	0
889	886	3	0
894	886	3	0
13	887	5	0
19	887	4	0
80	887	4	0
100	887	2	0
111	887	3	0
112	887	5	0
116	887	3	0
171	887	4	0
181	887	1	0
186	887	4	0
195	887	4	0
234	887	3	0
241	887	4	0
284	887	4	0
288	887	5	0
334	887	5	0
341	887	5	0
354	887	4	0
381	887	3	0
423	887	5	0
446	887	4	0
448	887	2	0
451	887	1	0
463	887	5	0
486	887	5	0
489	887	2	0
498	887	3	0
499	887	5	0
511	887	5	0
519	887	5	0
548	887	4	0
557	887	3	0
574	887	4	0
587	887	2	0
592	887	5	0
607	887	3	0
611	887	2	0
655	887	3	0
683	887	4	0
695	887	3	0
708	887	2	0
710	887	2	0
717	887	5	0
720	887	5	0
724	887	3	0
747	887	5	0
752	887	1	0
755	887	3	0
758	887	5	0
773	887	2	0
775	887	4	0
780	887	4	0
782	887	4	0
783	887	5	0
794	887	4	0
803	887	5	0
818	887	4	0
828	887	4	0
853	887	2	0
863	887	3	0
866	887	3	0
894	887	4	0
896	887	2	0
919	887	3	0
13	888	2	0
86	888	4	0
112	888	4	0
116	888	2	0
130	888	3	0
286	888	5	0
334	888	2	0
351	888	4	0
446	888	1	0
587	888	3	0
599	888	5	0
717	888	5	0
782	888	3	0
841	888	5	0
894	888	4	0
13	889	3	0
15	889	3	0
86	889	5	0
90	889	3	0
206	889	2	0
299	889	3	0
354	889	5	0
485	889	5	0
486	889	4	0
655	889	3	0
704	889	3	0
758	889	3	0
866	889	2	0
13	898	1	0
34	898	5	0
64	898	2	0
88	898	4	0
100	898	4	0
145	898	1	0
147	898	5	0
161	898	3	0
190	898	2	0
209	898	3	0
229	898	5	0
235	898	3	0
240	898	5	0
296	898	4	0
318	898	4	0
351	898	5	0
353	898	2	0
381	898	5	0
410	898	3	0
416	898	4	0
423	898	4	0
425	898	3	0
455	898	3	0
466	898	1	0
489	898	3	0
499	898	4	0
507	898	5	0
514	898	2	0
520	898	5	0
524	898	4	0
531	898	5	0
532	898	4	0
546	898	4	0
548	898	1	0
592	898	2	0
598	898	4	0
624	898	1	0
650	898	3	0
660	898	4	0
669	898	1	0
673	898	3	0
681	898	4	0
688	898	5	0
713	898	3	0
720	898	4	0
724	898	1	0
726	898	2	0
753	898	4	0
758	898	3	0
772	898	3	0
782	898	3	0
784	898	4	0
787	898	3	0
813	898	1	0
857	898	5	0
863	898	1	0
894	898	4	0
936	898	1	0
13	899	1	0
34	899	5	0
334	899	4	0
418	899	5	0
466	899	5	0
655	899	2	0
696	899	3	0
787	899	3	0
848	899	3	0
13	903	3	0
90	903	4	0
112	903	1	0
116	903	2	0
129	903	2	0
206	903	2	0
284	903	4	0
328	903	3	0
345	903	3	0
519	903	5	0
655	903	3	0
656	903	2	0
695	903	4	0
707	903	3	0
828	903	4	0
845	903	4	0
863	903	3	0
894	903	4	0
13	904	1	0
49	904	2	0
88	904	5	0
90	904	3	0
147	904	5	0
206	904	1	0
305	904	4	0
354	904	5	0
405	904	1	0
440	904	5	0
450	904	5	0
648	904	2	0
655	904	5	0
752	904	4	0
787	904	3	0
828	904	3	0
845	904	3	0
871	904	3	0
894	904	4	0
936	904	5	0
13	905	2	0
90	905	4	0
100	905	3	0
110	905	3	0
116	905	2	0
126	905	2	0
174	905	3	0
179	905	4	0
193	905	4	0
328	905	3	0
334	905	1	0
353	905	4	0
393	905	3	0
410	905	4	0
450	905	5	0
515	905	2	0
531	905	4	0
548	905	4	0
587	905	3	0
624	905	4	0
711	905	3	0
752	905	2	0
782	905	4	0
831	905	4	0
871	905	3	0
872	905	4	0
894	905	3	0
13	906	3	0
79	906	5	0
90	906	2	0
129	906	5	0
171	906	3	0
209	906	2	0
219	906	4	0
284	906	3	0
286	906	5	0
334	906	5	0
363	906	2	0
444	906	4	0
611	906	2	0
655	906	2	0
683	906	4	0
696	906	3	0
720	906	4	0
724	906	1	0
787	906	1	0
828	906	3	0
863	906	4	0
13	912	2	0
328	912	3	0
425	912	2	0
444	912	4	0
551	912	3	0
655	912	3	0
676	912	3	0
818	912	3	0
851	912	4	0
13	916	4	0
38	916	5	0
116	916	2	0
119	916	1	0
179	916	5	0
276	916	4	0
299	916	3	0
328	916	2	0
416	916	3	0
444	916	3	0
472	916	5	0
532	916	3	0
587	916	3	0
655	916	2	0
676	916	5	0
738	916	3	0
751	916	1	0
851	916	3	0
13	917	4	0
119	917	4	0
179	917	3	0
416	917	4	0
532	917	4	0
551	917	3	0
751	917	2	0
13	918	3	0
159	918	4	0
358	918	1	0
378	918	3	0
416	918	4	0
532	918	4	0
587	918	3	0
655	918	2	0
15	924	3	0
42	924	3	0
53	924	3	0
62	924	1	0
63	924	3	0
85	924	1	0
101	924	4	0
109	924	3	0
119	924	4	0
120	924	4	0
128	924	3	0
145	924	2	0
168	924	2	0
181	924	3	0
200	924	5	0
201	924	3	0
213	924	4	0
223	924	1	0
224	924	3	0
231	924	5	0
244	924	4	0
266	924	2	0
271	924	3	0
274	924	3	0
286	924	4	0
291	924	4	0
293	924	2	0
314	924	5	0
329	924	3	0
348	924	4	0
374	924	5	0
378	924	3	0
391	924	2	0
393	924	4	0
395	924	4	0
399	924	5	0
406	924	4	0
416	924	5	0
423	924	4	0
435	924	3	0
452	924	5	0
455	924	3	0
472	924	2	0
474	924	4	0
484	924	5	0
486	924	3	0
494	924	4	0
495	924	3	0
518	924	3	0
537	924	3	0
541	924	5	0
548	924	3	0
550	924	4	0
551	924	5	0
564	924	3	0
569	924	3	0
572	924	1	0
606	924	5	0
612	924	5	0
618	924	4	0
620	924	3	0
624	924	4	0
634	924	4	0
648	924	1	0
663	924	3	0
665	924	4	0
666	924	2	0
678	924	2	0
682	924	5	0
684	924	2	0
714	924	3	0
733	924	4	0
761	924	4	0
770	924	5	0
773	924	1	0
798	924	3	0
817	924	3	0
825	924	2	0
851	924	4	0
854	924	4	0
881	924	3	0
891	924	5	0
907	924	5	0
921	924	3	0
935	924	4	0
15	925	2	0
21	925	2	0
27	925	3	0
42	925	4	0
92	925	3	0
145	925	4	0
181	925	2	0
186	925	5	0
224	925	3	0
234	925	2	0
256	925	5	0
277	925	4	0
280	925	4	0
374	925	3	0
403	925	4	0
436	925	4	0
458	925	3	0
493	925	3	0
532	925	4	0
548	925	2	0
561	925	3	0
592	925	3	0
606	925	4	0
618	925	2	0
663	925	3	0
671	925	3	0
682	925	3	0
804	925	4	0
825	925	4	0
830	925	4	0
851	925	3	0
854	925	2	0
872	925	4	0
897	925	5	0
15	927	4	0
176	927	3	0
181	927	1	0
234	927	4	0
655	927	3	0
936	927	4	0
15	935	3	0
219	935	3	0
486	935	4	0
523	935	5	0
655	935	3	0
782	935	2	0
894	935	3	0
15	937	4	0
35	937	4	0
39	937	5	0
79	937	2	0
112	937	4	0
121	937	4	0
147	937	3	0
173	937	4	0
174	937	5	0
181	937	3	0
229	937	2	0
334	937	3	0
356	937	2	0
409	937	2	0
416	937	2	0
427	937	5	0
440	937	5	0
451	937	4	0
537	937	3	0
587	937	4	0
615	937	2	0
616	937	4	0
675	937	1	0
721	937	3	0
724	937	3	0
732	937	4	0
754	937	4	0
755	937	4	0
759	937	4	0
770	937	4	0
782	937	1	0
787	937	3	0
861	937	4	0
871	937	3	0
875	937	4	0
894	937	4	0
919	937	4	0
16	941	1	0
42	941	4	0
193	941	4	0
194	941	2	0
222	941	3	0
244	941	4	0
246	941	1	0
268	941	2	0
276	941	3	0
287	941	3	0
291	941	4	0
293	941	2	0
295	941	4	0
305	941	2	0
311	941	4	0
314	941	3	0
318	941	4	0
345	941	3	0
373	941	4	0
393	941	4	0
399	941	3	0
405	941	1	0
416	941	3	0
429	941	3	0
436	941	4	0
453	941	2	0
487	941	3	0
541	941	4	0
551	941	4	0
577	941	4	0
588	941	5	0
627	941	3	0
640	941	5	0
653	941	1	0
682	941	4	0
711	941	3	0
712	941	5	0
715	941	2	0
727	941	2	0
749	941	5	0
763	941	3	0
790	941	3	0
798	941	3	0
846	941	2	0
886	941	2	0
943	941	1	0
16	947	4	0
92	947	4	0
102	947	3	0
110	947	3	0
197	947	2	0
305	947	4	0
331	947	5	0
405	947	1	0
452	947	5	0
543	947	4	0
600	947	4	0
627	947	3	0
671	947	3	0
774	947	2	0
776	947	2	0
871	947	2	0
889	947	4	0
18	952	2	0
45	952	4	0
62	952	3	0
63	952	3	0
75	952	5	0
89	952	2	0
115	952	5	0
151	952	3	0
160	952	4	0
176	952	2	0
181	952	1	0
189	952	5	0
214	952	3	0
279	952	3	0
286	952	2	0
287	952	4	0
303	952	3	0
327	952	2	0
342	952	3	0
374	952	2	0
387	952	5	0
447	952	4	0
456	952	4	0
458	952	2	0
463	952	1	0
468	952	3	0
470	952	3	0
490	952	2	0
501	952	4	0
542	952	4	0
561	952	3	0
592	952	4	0
595	952	5	0
624	952	3	0
640	952	4	0
658	952	2	0
707	952	3	0
747	952	2	0
805	952	5	0
806	952	2	0
870	952	3	0
883	952	3	0
889	952	3	0
896	952	4	0
936	952	4	0
18	953	3	0
42	953	2	0
59	953	5	0
151	953	5	0
174	953	5	0
210	953	3	0
244	953	4	0
303	953	3	0
354	953	3	0
387	953	2	0
393	953	4	0
398	953	3	0
405	953	3	0
435	953	3	0
535	953	5	0
537	953	3	0
639	953	2	0
655	953	3	0
707	953	4	0
798	953	2	0
885	953	3	0
919	953	3	0
18	960	4	0
58	960	4	0
76	960	3	0
95	960	2	0
118	960	5	0
144	960	2	0
177	960	3	0
201	960	2	0
214	960	2	0
303	960	4	0
305	960	1	0
327	960	5	0
405	960	1	0
406	960	2	0
458	960	1	0
537	960	3	0
561	960	4	0
645	960	4	0
655	960	3	0
658	960	4	0
666	960	4	0
763	960	4	0
828	960	5	0
894	960	5	0
916	960	4	0
18	962	4	0
90	962	2	0
123	962	3	0
144	962	4	0
151	962	1	0
201	962	4	0
224	962	2	0
299	962	4	0
308	962	4	0
327	962	3	0
354	962	4	0
406	962	4	0
527	962	3	0
535	962	4	0
539	962	4	0
618	962	1	0
639	962	1	0
655	962	5	0
666	962	3	0
667	962	2	0
676	962	4	0
707	962	2	0
918	962	4	0
18	964	3	0
90	964	5	0
234	964	4	0
393	964	2	0
405	964	1	0
500	964	4	0
537	964	3	0
571	964	4	0
875	964	4	0
18	967	3	0
254	967	3	0
311	967	3	0
312	967	3	0
346	967	2	0
429	967	4	0
450	967	5	0
521	967	3	0
653	967	2	0
747	967	3	0
846	967	3	0
932	967	4	0
18	970	3	0
234	970	4	0
235	970	4	0
299	970	4	0
405	970	1	0
537	970	3	0
565	970	4	0
585	970	3	0
18	972	3	0
59	972	4	0
72	972	4	0
90	972	4	0
151	972	4	0
184	972	3	0
201	972	3	0
222	972	2	0
344	972	4	0
345	972	4	0
378	972	4	0
387	972	2	0
405	972	1	0
407	972	3	0
416	972	4	0
429	972	4	0
454	972	2	0
504	972	3	0
506	972	3	0
537	972	3	0
655	972	3	0
661	972	3	0
763	972	3	0
766	972	3	0
804	972	3	0
864	972	2	0
918	972	5	0
934	972	3	0
21	974	3	0
59	974	3	0
92	974	2	0
130	974	4	0
141	974	4	0
145	974	1	0
181	974	4	0
190	974	2	0
223	974	2	0
256	974	3	0
262	974	3	0
276	974	2	0
291	974	1	0
320	974	3	0
332	974	4	0
342	974	2	0
345	974	3	0
348	974	4	0
374	974	4	0
396	974	4	0
434	974	5	0
436	974	5	0
493	974	3	0
593	974	2	0
642	974	3	0
655	974	2	0
666	974	4	0
796	974	3	0
851	974	2	0
862	974	2	0
872	974	4	0
897	974	4	0
21	975	3	0
57	975	3	0
59	975	4	0
99	975	3	0
101	975	2	0
109	975	3	0
113	975	5	0
130	975	5	0
181	975	2	0
223	975	1	0
256	975	3	0
265	975	4	0
276	975	3	0
280	975	4	0
291	975	2	0
332	975	3	0
342	975	2	0
348	975	4	0
374	975	4	0
399	975	2	0
416	975	2	0
434	975	5	0
442	975	3	0
453	975	2	0
478	975	4	0
486	975	3	0
537	975	3	0
551	975	5	0
560	975	3	0
592	975	4	0
599	975	5	0
620	975	3	0
630	975	4	0
642	975	2	0
655	975	3	0
663	975	4	0
697	975	1	0
717	975	2	0
718	975	2	0
749	975	4	0
851	975	2	0
872	975	4	0
923	975	4	0
936	975	3	0
21	979	2	0
26	979	3	0
63	979	3	0
101	979	2	0
113	979	5	0
145	979	3	0
181	979	2	0
198	979	5	0
201	979	2	0
294	979	3	0
303	979	4	0
363	979	1	0
374	979	3	0
378	979	3	0
394	979	5	0
417	979	3	0
442	979	3	0
445	979	2	0
456	979	3	0
501	979	3	0
537	979	2	0
551	979	4	0
569	979	3	0
595	979	3	0
624	979	4	0
634	979	3	0
655	979	3	0
697	979	5	0
793	979	3	0
825	979	4	0
851	979	3	0
854	979	4	0
862	979	5	0
889	979	3	0
894	979	3	0
21	980	2	0
92	980	3	0
115	980	4	0
181	980	1	0
201	980	3	0
224	980	1	0
234	980	2	0
267	980	3	0
343	980	5	0
345	980	4	0
416	980	4	0
457	980	4	0
458	980	5	0
532	980	4	0
537	980	3	0
561	980	3	0
624	980	4	0
655	980	2	0
677	980	2	0
717	980	4	0
833	980	3	0
889	980	4	0
21	990	2	0
34	990	5	0
90	990	3	0
100	990	3	0
126	990	4	0
129	990	2	0
155	990	3	0
181	990	1	0
189	990	3	0
206	990	1	0
260	990	5	0
279	990	1	0
338	990	4	0
351	990	5	0
364	990	4	0
390	990	4	0
416	990	2	0
424	990	5	0
427	990	5	0
451	990	3	0
520	990	4	0
531	990	5	0
532	990	3	0
537	990	2	0
597	990	2	0
639	990	1	0
681	990	4	0
721	990	5	0
782	990	3	0
797	990	2	0
803	990	2	0
863	990	1	0
894	990	3	0
21	992	2	0
279	992	4	0
782	992	2	0
880	992	4	0
21	993	4	0
43	993	3	0
45	993	4	0
56	993	3	0
63	993	2	0
70	993	3	0
83	993	2	0
92	993	4	0
94	993	4	0
102	993	2	0
116	993	2	0
130	993	5	0
145	993	3	0
148	993	4	0
178	993	5	0
203	993	3	0
207	993	3	0
223	993	4	0
246	993	3	0
249	993	3	0
250	993	5	0
276	993	3	0
286	993	2	0
290	993	4	0
298	993	4	0
303	993	2	0
314	993	5	0
323	993	4	0
330	993	4	0
398	993	3	0
407	993	4	0
417	993	3	0
459	993	3	0
463	993	2	0
490	993	1	0
536	993	3	0
541	993	4	0
545	993	2	0
550	993	4	0
606	993	5	0
620	993	5	0
622	993	4	0
624	993	4	0
642	993	4	0
647	993	4	0
668	993	4	0
676	993	5	0
690	993	3	0
703	993	4	0
708	993	4	0
727	993	4	0
736	993	4	0
771	993	4	0
782	993	3	0
798	993	3	0
804	993	2	0
815	993	2	0
821	993	4	0
838	993	3	0
864	993	4	0
887	993	5	0
896	993	4	0
902	993	3	0
938	993	5	0
939	993	4	0
941	993	4	0
21	995	2	0
47	995	3	0
49	995	3	0
90	995	4	0
119	995	4	0
129	995	2	0
173	995	5	0
181	995	1	0
184	995	3	0
220	995	3	0
365	995	4	0
381	995	4	0
409	995	4	0
451	995	1	0
466	995	5	0
486	995	4	0
587	995	3	0
589	995	1	0
651	995	1	0
655	995	3	0
695	995	4	0
707	995	4	0
711	995	4	0
717	995	5	0
720	995	4	0
721	995	3	0
724	995	1	0
752	995	4	0
785	995	3	0
918	995	3	0
936	995	3	0
22	1000	3	0
87	1000	3	0
125	1000	3	0
276	1000	2	0
279	1000	4	0
393	1000	3	0
417	1000	4	0
497	1000	2	0
642	1000	3	0
880	1000	3	0
23	1004	3	0
94	1004	3	0
178	1004	4	0
405	1004	1	0
504	1004	4	0
600	1004	4	0
627	1004	4	0
846	1004	3	0
896	1004	2	0
26	1008	3	0
50	1008	5	0
58	1008	1	0
63	1008	3	0
79	1008	4	0
115	1008	5	0
176	1008	4	0
181	1008	1	0
184	1008	4	0
201	1008	3	0
227	1008	4	0
257	1008	5	0
277	1008	3	0
334	1008	4	0
342	1008	3	0
343	1008	4	0
345	1008	3	0
385	1008	4	0
387	1008	4	0
406	1008	4	0
445	1008	1	0
456	1008	4	0
468	1008	4	0
500	1008	4	0
537	1008	2	0
560	1008	3	0
592	1008	4	0
634	1008	2	0
655	1008	3	0
707	1008	3	0
789	1008	4	0
805	1008	4	0
825	1008	1	0
859	1008	4	0
870	1008	3	0
903	1008	3	0
936	1008	5	0
26	1009	2	0
49	1009	3	0
52	1009	5	0
59	1009	4	0
62	1009	4	0
63	1009	4	0
85	1009	2	0
94	1009	4	0
101	1009	2	0
145	1009	2	0
181	1009	1	0
223	1009	1	0
264	1009	4	0
270	1009	5	0
283	1009	3	0
296	1009	3	0
306	1009	4	0
342	1009	1	0
345	1009	2	0
363	1009	2	0
378	1009	3	0
401	1009	4	0
445	1009	2	0
447	1009	4	0
449	1009	4	0
456	1009	5	0
463	1009	3	0
474	1009	4	0
500	1009	4	0
503	1009	2	0
523	1009	5	0
537	1009	2	0
553	1009	4	0
561	1009	4	0
585	1009	5	0
590	1009	3	0
592	1009	3	0
595	1009	4	0
608	1009	4	0
614	1009	3	0
634	1009	2	0
654	1009	3	0
655	1009	2	0
657	1009	4	0
663	1009	3	0
665	1009	4	0
699	1009	4	0
733	1009	2	0
756	1009	4	0
765	1009	5	0
837	1009	5	0
839	1009	3	0
851	1009	2	0
859	1009	4	0
861	1009	5	0
862	1009	4	0
865	1009	5	0
883	1009	4	0
884	1009	2	0
894	1009	4	0
903	1009	4	0
906	1009	2	0
916	1009	5	0
936	1009	4	0
26	1010	2	0
50	1010	5	0
63	1010	3	0
85	1010	2	0
94	1010	4	0
104	1010	1	0
144	1010	3	0
181	1010	1	0
184	1010	4	0
201	1010	3	0
216	1010	3	0
221	1010	3	0
227	1010	3	0
234	1010	2	0
257	1010	4	0
276	1010	3	0
292	1010	4	0
334	1010	5	0
342	1010	1	0
363	1010	4	0
374	1010	5	0
385	1010	3	0
406	1010	4	0
429	1010	3	0
445	1010	1	0
449	1010	4	0
456	1010	5	0
500	1010	4	0
501	1010	4	0
537	1010	2	0
561	1010	3	0
572	1010	2	0
592	1010	5	0
595	1010	4	0
606	1010	3	0
624	1010	4	0
640	1010	3	0
655	1010	3	0
699	1010	3	0
806	1010	3	0
886	1010	5	0
894	1010	4	0
916	1010	4	0
930	1010	2	0
27	1017	4	0
49	1017	3	0
69	1017	5	0
75	1017	5	0
79	1017	3	0
104	1017	1	0
130	1017	3	0
151	1017	2	0
174	1017	2	0
181	1017	1	0
214	1017	4	0
221	1017	4	0
227	1017	4	0
244	1017	4	0
269	1017	5	0
279	1017	3	0
291	1017	4	0
293	1017	3	0
323	1017	3	0
327	1017	2	0
331	1017	2	0
336	1017	5	0
339	1017	5	0
345	1017	2	0
354	1017	3	0
365	1017	4	0
382	1017	4	0
385	1017	3	0
422	1017	4	0
429	1017	3	0
453	1017	3	0
456	1017	4	0
463	1017	2	0
467	1017	2	0
486	1017	3	0
518	1017	3	0
590	1017	4	0
591	1017	3	0
592	1017	4	0
624	1017	3	0
655	1017	3	0
663	1017	2	0
774	1017	3	0
789	1017	3	0
805	1017	3	0
833	1017	4	0
834	1017	2	0
880	1017	3	0
923	1017	5	0
933	1017	3	0
29	1018	4	0
49	1018	2	0
62	1018	3	0
85	1018	4	0
92	1018	4	0
95	1018	3	0
293	1018	3	0
299	1018	3	0
305	1018	5	0
325	1018	3	0
346	1018	3	0
381	1018	4	0
387	1018	3	0
397	1018	4	0
405	1018	1	0
417	1018	3	0
429	1018	3	0
500	1018	3	0
561	1018	3	0
565	1018	5	0
585	1018	2	0
645	1018	3	0
655	1018	3	0
707	1018	3	0
773	1018	3	0
806	1018	4	0
829	1018	2	0
840	1018	3	0
846	1018	4	0
884	1018	2	0
896	1018	3	0
934	1018	4	0
31	1022	5	0
47	1022	3	0
79	1022	5	0
146	1022	5	0
171	1022	3	0
181	1022	1	0
196	1022	4	0
204	1022	5	0
206	1022	1	0
247	1022	4	0
257	1022	2	0
307	1022	4	0
310	1022	5	0
379	1022	3	0
385	1022	3	0
448	1022	5	0
451	1022	4	0
521	1022	4	0
523	1022	4	0
567	1022	5	0
574	1022	2	0
592	1022	5	0
646	1022	4	0
655	1022	3	0
697	1022	1	0
707	1022	3	0
758	1022	5	0
845	1022	2	0
863	1022	2	0
871	1022	3	0
889	1022	4	0
931	1022	1	0
42	1041	4	0
65	1041	3	0
83	1041	4	0
87	1041	4	0
92	1041	3	0
145	1041	5	0
151	1041	3	0
152	1041	5	0
174	1041	5	0
188	1041	3	0
194	1041	2	0
222	1041	3	0
244	1041	4	0
256	1041	4	0
268	1041	1	0
280	1041	5	0
293	1041	2	0
303	1041	2	0
311	1041	3	0
314	1041	4	0
320	1041	3	0
328	1041	3	0
334	1041	3	0
336	1041	2	0
361	1041	2	0
389	1041	3	0
398	1041	3	0
405	1041	5	0
407	1041	3	0
416	1041	3	0
417	1041	3	0
450	1041	4	0
477	1041	5	0
478	1041	3	0
496	1041	1	0
497	1041	3	0
504	1041	3	0
523	1041	4	0
524	1041	2	0
533	1041	2	0
541	1041	3	0
554	1041	3	0
588	1041	2	0
591	1041	2	0
648	1041	3	0
655	1041	3	0
690	1041	3	0
741	1041	4	0
747	1041	4	0
749	1041	4	0
795	1041	3	0
796	1041	5	0
804	1041	3	0
846	1041	4	0
860	1041	2	0
870	1041	2	0
878	1041	1	0
880	1041	4	0
883	1041	3	0
901	1041	5	0
904	1041	2	0
912	1041	4	0
42	1042	3	0
92	1042	3	0
186	1042	5	0
222	1042	4	0
256	1042	5	0
276	1042	1	0
291	1042	4	0
293	1042	3	0
311	1042	3	0
328	1042	3	0
332	1042	4	0
374	1042	5	0
378	1042	3	0
399	1042	3	0
405	1042	1	0
497	1042	3	0
554	1042	3	0
577	1042	4	0
586	1042	4	0
653	1042	2	0
655	1042	2	0
690	1042	4	0
727	1042	2	0
788	1042	3	0
796	1042	4	0
870	1042	2	0
896	1042	2	0
916	1042	3	0
42	1043	2	0
83	1043	3	0
393	1043	3	0
405	1043	1	0
620	1043	4	0
705	1043	5	0
712	1043	3	0
798	1043	3	0
42	1044	4	0
65	1044	3	0
94	1044	4	0
122	1044	5	0
151	1044	2	0
194	1044	2	0
222	1044	4	0
224	1044	3	0
234	1044	2	0
246	1044	1	0
276	1044	3	0
293	1044	2	0
303	1044	3	0
318	1044	4	0
330	1044	5	0
378	1044	3	0
393	1044	4	0
405	1044	4	0
407	1044	3	0
417	1044	3	0
435	1044	4	0
450	1044	4	0
487	1044	3	0
524	1044	4	0
551	1044	3	0
561	1044	2	0
566	1044	3	0
577	1044	4	0
588	1044	4	0
627	1044	2	0
653	1044	1	0
655	1044	3	0
659	1044	4	0
786	1044	4	0
790	1044	4	0
846	1044	4	0
864	1044	3	0
870	1044	2	0
880	1044	4	0
943	1044	3	0
42	1045	2	0
90	1045	2	0
94	1045	4	0
122	1045	4	0
194	1045	2	0
201	1045	2	0
222	1045	3	0
224	1045	2	0
244	1045	5	0
308	1045	4	0
380	1045	3	0
405	1045	3	0
474	1045	4	0
535	1045	4	0
537	1045	3	0
655	1045	3	0
661	1045	3	0
666	1045	4	0
682	1045	3	0
715	1045	2	0
747	1045	4	0
835	1045	4	0
846	1045	3	0
883	1045	5	0
896	1045	3	0
42	1046	3	0
92	1046	3	0
94	1046	2	0
130	1046	4	0
135	1046	3	0
145	1046	4	0
180	1046	2	0
186	1046	3	0
207	1046	4	0
256	1046	4	0
268	1046	3	0
271	1046	4	0
276	1046	3	0
291	1046	4	0
293	1046	1	0
303	1046	3	0
308	1046	4	0
311	1046	3	0
374	1046	5	0
375	1046	2	0
378	1046	3	0
405	1046	2	0
447	1046	3	0
495	1046	5	0
497	1046	3	0
504	1046	4	0
506	1046	4	0
524	1046	3	0
532	1046	4	0
554	1046	4	0
577	1046	4	0
586	1046	3	0
633	1046	4	0
653	1046	1	0
655	1046	3	0
682	1046	3	0
711	1046	3	0
758	1046	4	0
764	1046	4	0
796	1046	3	0
823	1046	3	0
870	1046	3	0
881	1046	3	0
886	1046	2	0
896	1046	2	0
916	1046	2	0
42	1051	4	0
72	1051	4	0
101	1051	2	0
145	1051	2	0
157	1051	4	0
168	1051	4	0
178	1051	3	0
181	1051	2	0
223	1051	3	0
234	1051	2	0
256	1051	4	0
274	1051	4	0
280	1051	4	0
286	1051	4	0
334	1051	4	0
336	1051	2	0
374	1051	4	0
393	1051	3	0
416	1051	3	0
434	1051	3	0
445	1051	1	0
459	1051	3	0
468	1051	2	0
477	1051	5	0
520	1051	3	0
548	1051	4	0
551	1051	4	0
552	1051	3	0
637	1051	2	0
663	1051	3	0
708	1051	4	0
717	1051	3	0
749	1051	3	0
825	1051	4	0
851	1051	2	0
887	1051	4	0
897	1051	3	0
905	1051	2	0
907	1051	5	0
921	1051	3	0
939	1051	5	0
43	1053	3	0
128	1053	3	0
152	1053	5	0
174	1053	5	0
222	1053	3	0
224	1053	3	0
244	1053	2	0
286	1053	4	0
314	1053	5	0
345	1053	3	0
378	1053	3	0
393	1053	3	0
405	1053	5	0
416	1053	4	0
436	1053	4	0
450	1053	3	0
472	1053	4	0
541	1053	3	0
588	1053	3	0
642	1053	3	0
655	1053	1	0
711	1053	4	0
712	1053	4	0
880	1053	3	0
43	1055	2	0
110	1055	2	0
393	1055	4	0
405	1055	3	0
606	1055	4	0
630	1055	3	0
642	1055	4	0
712	1055	4	0
796	1055	3	0
846	1055	3	0
43	1056	3	0
189	1056	3	0
201	1056	2	0
239	1056	5	0
276	1056	4	0
299	1056	4	0
327	1056	2	0
363	1056	4	0
804	1056	4	0
828	1056	1	0
44	1058	4	0
94	1058	4	0
130	1058	5	0
194	1058	2	0
224	1058	3	0
378	1058	3	0
393	1058	4	0
405	1058	1	0
416	1058	5	0
436	1058	4	0
472	1058	4	0
588	1058	2	0
618	1058	3	0
642	1058	3	0
880	1058	2	0
45	1060	3	0
60	1060	4	0
62	1060	1	0
83	1060	3	0
109	1060	4	0
125	1060	4	0
181	1060	1	0
189	1060	5	0
200	1060	3	0
222	1060	2	0
254	1060	3	0
274	1060	4	0
280	1060	3	0
286	1060	5	0
290	1060	3	0
348	1060	3	0
381	1060	5	0
395	1060	2	0
399	1060	3	0
402	1060	3	0
434	1060	3	0
459	1060	1	0
463	1060	2	0
496	1060	1	0
592	1060	2	0
612	1060	4	0
622	1060	3	0
637	1060	2	0
648	1060	2	0
650	1060	3	0
699	1060	3	0
756	1060	4	0
804	1060	3	0
821	1060	5	0
882	1060	3	0
887	1060	5	0
911	1060	4	0
919	1060	3	0
921	1060	2	0
45	1061	2	0
181	1061	2	0
184	1061	3	0
192	1061	4	0
256	1061	4	0
348	1061	5	0
378	1061	2	0
435	1061	3	0
436	1061	3	0
450	1061	4	0
542	1061	2	0
588	1061	5	0
590	1061	2	0
595	1061	3	0
630	1061	2	0
655	1061	2	0
665	1061	4	0
672	1061	4	0
699	1061	3	0
707	1061	3	0
708	1061	3	0
768	1061	1	0
854	1061	1	0
859	1061	4	0
860	1061	3	0
869	1061	1	0
872	1061	4	0
885	1061	2	0
938	1061	4	0
49	1066	2	0
194	1066	3	0
222	1066	1	0
275	1066	3	0
280	1066	4	0
313	1066	2	0
373	1066	4	0
385	1066	4	0
405	1066	1	0
618	1066	3	0
620	1066	5	0
642	1066	3	0
798	1066	2	0
807	1066	5	0
846	1066	3	0
881	1066	3	0
49	1067	3	0
63	1067	3	0
99	1067	4	0
115	1067	4	0
158	1067	4	0
177	1067	4	0
181	1067	1	0
216	1067	5	0
221	1067	3	0
227	1067	4	0
287	1067	2	0
291	1067	4	0
294	1067	4	0
327	1067	4	0
343	1067	3	0
363	1067	3	0
442	1067	3	0
445	1067	1	0
458	1067	5	0
460	1067	4	0
463	1067	2	0
470	1067	4	0
490	1067	2	0
501	1067	5	0
508	1067	4	0
551	1067	2	0
592	1067	5	0
595	1067	4	0
624	1067	4	0
634	1067	4	0
640	1067	4	0
655	1067	2	0
663	1067	3	0
682	1067	3	0
697	1067	5	0
733	1067	5	0
747	1067	2	0
793	1067	4	0
823	1067	4	0
829	1067	4	0
886	1067	5	0
889	1067	3	0
903	1067	2	0
943	1067	2	0
49	1068	3	0
181	1068	1	0
227	1068	4	0
299	1068	3	0
537	1068	3	0
558	1068	2	0
655	1068	3	0
699	1068	3	0
707	1068	4	0
767	1068	4	0
828	1068	4	0
936	1068	4	0
49	1069	3	0
58	1069	2	0
201	1069	2	0
249	1069	5	0
264	1069	5	0
327	1069	4	0
385	1069	4	0
387	1069	2	0
405	1069	1	0
435	1069	4	0
500	1069	4	0
523	1069	5	0
537	1069	2	0
561	1069	4	0
655	1069	1	0
773	1069	4	0
846	1069	4	0
889	1069	1	0
49	1075	2	0
85	1075	3	0
234	1075	3	0
286	1075	5	0
327	1075	4	0
379	1075	3	0
437	1075	4	0
49	1077	4	0
62	1077	3	0
145	1077	3	0
291	1077	4	0
416	1077	1	0
497	1077	4	0
790	1077	3	0
854	1077	3	0
52	1085	4	0
181	1085	1	0
224	1085	1	0
314	1085	1	0
354	1085	3	0
537	1085	4	0
592	1085	3	0
655	1085	2	0
733	1085	4	0
758	1085	5	0
839	1085	5	0
52	1086	4	0
90	1086	4	0
119	1086	4	0
174	1086	5	0
181	1086	1	0
184	1086	4	0
209	1086	4	0
256	1086	5	0
303	1086	1	0
399	1086	3	0
417	1086	4	0
455	1086	3	0
486	1086	3	0
533	1086	3	0
655	1086	3	0
663	1086	3	0
731	1086	1	0
847	1086	4	0
854	1086	3	0
919	1086	4	0
936	1086	3	0
57	1093	3	0
59	1093	5	0
67	1093	5	0
101	1093	1	0
125	1093	1	0
181	1093	1	0
194	1093	3	0
279	1093	4	0
311	1093	5	0
374	1093	2	0
409	1093	2	0
486	1093	4	0
504	1093	1	0
524	1093	4	0
535	1093	4	0
621	1093	4	0
682	1093	3	0
699	1093	3	0
769	1093	3	0
862	1093	5	0
880	1093	3	0
886	1093	1	0
927	1093	4	0
58	1099	2	0
189	1099	5	0
239	1099	5	0
280	1099	5	0
363	1099	2	0
405	1099	1	0
409	1099	4	0
543	1099	4	0
591	1099	5	0
655	1099	3	0
670	1099	3	0
844	1099	2	0
918	1099	4	0
58	1104	2	0
114	1104	5	0
305	1104	4	0
405	1104	1	0
58	1106	4	0
112	1106	4	0
328	1106	2	0
655	1106	2	0
59	1107	4	0
62	1107	1	0
194	1107	3	0
244	1107	2	0
328	1107	3	0
343	1107	3	0
378	1107	3	0
405	1107	1	0
450	1107	4	0
454	1107	4	0
456	1107	4	0
524	1107	4	0
655	1107	4	0
682	1107	2	0
707	1107	3	0
788	1107	3	0
823	1107	3	0
846	1107	4	0
59	1109	3	0
90	1109	3	0
151	1109	4	0
244	1109	4	0
256	1109	4	0
270	1109	5	0
276	1109	3	0
291	1109	4	0
297	1109	3	0
303	1109	4	0
328	1109	3	0
372	1109	4	0
405	1109	1	0
406	1109	4	0
429	1109	2	0
435	1109	3	0
452	1109	2	0
458	1109	4	0
527	1109	3	0
629	1109	4	0
664	1109	4	0
671	1109	2	0
707	1109	5	0
846	1109	3	0
862	1109	5	0
864	1109	4	0
916	1109	3	0
919	1109	3	0
59	1111	5	0
405	1111	1	0
500	1111	4	0
537	1111	3	0
591	1111	4	0
655	1111	3	0
758	1111	4	0
59	1113	4	0
85	1113	2	0
122	1113	5	0
151	1113	4	0
279	1113	3	0
286	1113	3	0
339	1113	4	0
373	1113	1	0
379	1113	4	0
380	1113	4	0
405	1113	1	0
429	1113	3	0
437	1113	4	0
474	1113	3	0
524	1113	3	0
537	1113	3	0
608	1113	3	0
655	1113	3	0
707	1113	2	0
716	1113	4	0
889	1113	5	0
916	1113	4	0
59	1114	5	0
181	1114	1	0
256	1114	4	0
280	1114	4	0
283	1114	5	0
389	1114	2	0
518	1114	2	0
624	1114	4	0
733	1114	3	0
919	1114	3	0
59	1115	3	0
104	1115	4	0
106	1115	4	0
125	1115	3	0
181	1115	1	0
189	1115	4	0
207	1115	2	0
239	1115	2	0
243	1115	3	0
295	1115	5	0
381	1115	4	0
387	1115	3	0
450	1115	4	0
459	1115	3	0
460	1115	3	0
463	1115	4	0
514	1115	4	0
536	1115	5	0
561	1115	3	0
608	1115	4	0
654	1115	3	0
678	1115	3	0
698	1115	2	0
711	1115	4	0
733	1115	3	0
838	1115	4	0
883	1115	4	0
894	1115	4	0
936	1115	4	0
59	1117	4	0
137	1117	2	0
161	1117	3	0
181	1117	2	0
184	1117	2	0
189	1117	5	0
198	1117	3	0
226	1117	3	0
271	1117	3	0
343	1117	3	0
345	1117	4	0
349	1117	3	0
381	1117	4	0
463	1117	1	0
708	1117	4	0
711	1117	4	0
733	1117	2	0
825	1117	3	0
862	1117	4	0
59	1120	1	0
181	1120	1	0
234	1120	3	0
271	1120	2	0
279	1120	3	0
318	1120	3	0
348	1120	3	0
393	1120	3	0
486	1120	3	0
561	1120	4	0
591	1120	4	0
624	1120	4	0
707	1120	4	0
829	1120	2	0
851	1120	2	0
887	1120	5	0
901	1120	4	0
60	1126	4	0
82	1126	4	0
91	1126	1	0
95	1126	4	0
97	1126	3	0
167	1126	5	0
234	1126	4	0
263	1126	5	0
308	1126	3	0
312	1126	4	0
321	1126	3	0
326	1126	2	0
328	1126	3	0
398	1126	4	0
406	1126	3	0
450	1126	4	0
454	1126	2	0
493	1126	2	0
524	1126	1	0
553	1126	4	0
562	1126	4	0
642	1126	1	0
650	1126	4	0
694	1126	5	0
696	1126	3	0
716	1126	3	0
745	1126	2	0
766	1126	4	0
788	1126	5	0
796	1126	1	0
848	1126	5	0
932	1126	5	0
61	1127	4	0
179	1127	1	0
206	1127	4	0
211	1127	1	0
688	1127	5	0
702	1127	2	0
713	1127	3	0
724	1127	3	0
752	1127	3	0
782	1127	2	0
863	1127	4	0
62	1133	4	0
64	1133	4	0
70	1133	3	0
95	1133	3	0
234	1133	3	0
254	1133	3	0
269	1133	1	0
271	1133	3	0
279	1133	2	0
280	1133	3	0
286	1133	4	0
295	1133	4	0
334	1133	4	0
337	1133	4	0
340	1133	5	0
373	1133	3	0
416	1133	4	0
429	1133	2	0
435	1133	2	0
495	1133	3	0
496	1133	3	0
504	1133	3	0
642	1133	3	0
653	1133	2	0
660	1133	2	0
749	1133	2	0
807	1133	3	0
815	1133	3	0
846	1133	2	0
881	1133	2	0
62	1134	2	0
69	1134	5	0
82	1134	2	0
90	1134	3	0
116	1134	4	0
160	1134	4	0
172	1134	2	0
181	1134	2	0
221	1134	4	0
235	1134	4	0
294	1134	3	0
360	1134	3	0
374	1134	4	0
378	1134	4	0
387	1134	1	0
423	1134	4	0
437	1134	4	0
456	1134	4	0
468	1134	5	0
470	1134	4	0
474	1134	3	0
486	1134	3	0
537	1134	3	0
560	1134	3	0
592	1134	5	0
595	1134	5	0
614	1134	2	0
627	1134	1	0
655	1134	3	0
744	1134	3	0
747	1134	5	0
854	1134	3	0
869	1134	1	0
870	1134	4	0
880	1134	5	0
889	1134	4	0
896	1134	3	0
919	1134	2	0
62	1136	3	0
85	1136	3	0
90	1136	3	0
128	1136	3	0
130	1136	4	0
152	1136	5	0
184	1136	4	0
201	1136	1	0
244	1136	3	0
297	1136	3	0
314	1136	5	0
328	1136	4	0
416	1136	4	0
429	1136	4	0
455	1136	3	0
504	1136	5	0
506	1136	3	0
530	1136	4	0
532	1136	2	0
535	1136	4	0
551	1136	5	0
627	1136	4	0
642	1136	4	0
653	1136	2	0
655	1136	2	0
693	1136	3	0
749	1136	4	0
887	1136	5	0
919	1136	2	0
63	1138	2	0
144	1138	4	0
659	1138	4	0
782	1138	2	0
807	1138	5	0
64	1141	5	0
128	1141	4	0
276	1141	3	0
299	1141	4	0
327	1141	3	0
331	1141	3	0
559	1141	2	0
655	1141	3	0
707	1141	3	0
72	1148	4	0
184	1148	3	0
243	1148	3	0
269	1148	4	0
270	1148	5	0
405	1148	1	0
437	1148	4	0
846	1148	3	0
861	1148	3	0
75	1150	4	0
181	1150	1	0
223	1150	2	0
244	1150	4	0
256	1150	5	0
314	1150	4	0
332	1150	3	0
374	1150	1	0
894	1150	4	0
75	1152	1	0
159	1152	4	0
181	1152	2	0
224	1152	3	0
242	1152	5	0
274	1152	4	0
314	1152	4	0
361	1152	2	0
416	1152	4	0
434	1152	5	0
450	1152	5	0
483	1152	4	0
524	1152	3	0
552	1152	3	0
597	1152	4	0
599	1152	4	0
642	1152	5	0
708	1152	5	0
711	1152	1	0
714	1152	2	0
741	1152	3	0
761	1152	2	0
764	1152	3	0
889	1152	3	0
904	1152	4	0
919	1152	4	0
931	1152	4	0
938	1152	3	0
76	1153	2	0
85	1153	4	0
94	1153	4	0
119	1153	5	0
201	1153	2	0
303	1153	3	0
339	1153	4	0
406	1153	2	0
437	1153	5	0
450	1153	5	0
508	1153	4	0
561	1153	3	0
608	1153	3	0
655	1153	3	0
682	1153	3	0
828	1153	3	0
835	1153	4	0
889	1153	4	0
894	1153	3	0
76	1154	5	0
96	1154	5	0
132	1154	3	0
189	1154	3	0
269	1154	3	0
308	1154	2	0
385	1154	5	0
524	1154	1	0
537	1154	1	0
666	1154	3	0
833	1154	4	0
867	1154	5	0
76	1155	2	0
585	1155	5	0
655	1155	3	0
76	1156	3	0
79	1161	2	0
109	1161	3	0
181	1161	1	0
216	1161	4	0
250	1161	4	0
293	1161	2	0
294	1161	3	0
437	1161	4	0
498	1161	3	0
533	1161	3	0
655	1161	3	0
663	1161	3	0
789	1161	3	0
85	1166	4	0
119	1166	5	0
201	1166	3	0
342	1166	1	0
387	1166	3	0
405	1166	1	0
500	1166	4	0
524	1166	5	0
535	1166	4	0
537	1166	2	0
592	1166	3	0
655	1166	3	0
85	1168	3	0
122	1168	4	0
193	1168	4	0
234	1168	2	0
244	1168	4	0
269	1168	2	0
280	1168	5	0
363	1168	2	0
378	1168	3	0
380	1168	3	0
389	1168	3	0
393	1168	3	0
405	1168	1	0
416	1168	4	0
456	1168	4	0
457	1168	5	0
468	1168	2	0
532	1168	4	0
659	1168	4	0
707	1168	3	0
711	1168	4	0
846	1168	4	0
85	1170	3	0
119	1170	3	0
125	1170	1	0
201	1170	4	0
207	1170	2	0
234	1170	1	0
276	1170	4	0
279	1170	1	0
295	1170	5	0
327	1170	4	0
334	1170	4	0
342	1170	3	0
399	1170	3	0
406	1170	4	0
442	1170	4	0
453	1170	3	0
535	1170	3	0
561	1170	3	0
655	1170	3	0
666	1170	4	0
711	1170	3	0
747	1170	2	0
773	1170	3	0
804	1170	3	0
805	1170	5	0
886	1170	3	0
889	1170	2	0
85	1171	3	0
181	1171	1	0
192	1171	2	0
455	1171	3	0
460	1171	3	0
486	1171	3	0
560	1171	3	0
572	1171	3	0
655	1171	3	0
707	1171	3	0
733	1171	3	0
883	1171	5	0
918	1171	4	0
936	1171	5	0
85	1174	3	0
181	1174	1	0
201	1174	5	0
455	1174	3	0
533	1174	3	0
543	1174	3	0
655	1174	3	0
707	1174	5	0
86	1175	5	0
126	1175	5	0
206	1175	1	0
355	1175	5	0
405	1175	1	0
86	1176	5	0
129	1176	4	0
139	1176	4	0
206	1176	1	0
235	1176	5	0
405	1176	3	0
409	1176	4	0
448	1176	2	0
466	1176	5	0
486	1176	3	0
557	1176	5	0
646	1176	4	0
648	1176	1	0
655	1176	4	0
681	1176	4	0
696	1176	4	0
707	1176	2	0
713	1176	3	0
720	1176	5	0
724	1176	1	0
752	1176	2	0
871	1176	3	0
87	1186	3	0
234	1186	4	0
655	1186	3	0
87	1187	2	0
181	1187	1	0
201	1187	3	0
303	1187	4	0
387	1187	4	0
422	1187	4	0
445	1187	3	0
592	1187	4	0
617	1187	3	0
699	1187	4	0
773	1187	3	0
793	1187	2	0
833	1187	5	0
87	1190	4	0
159	1190	5	0
238	1190	3	0
454	1190	3	0
459	1190	4	0
606	1190	3	0
672	1190	2	0
711	1190	3	0
782	1190	2	0
936	1190	3	0
939	1190	5	0
90	1192	5	0
91	1192	4	0
128	1192	2	0
201	1192	3	0
230	1192	4	0
237	1192	5	0
239	1192	1	0
312	1192	3	0
399	1192	3	0
405	1192	1	0
450	1192	5	0
615	1192	4	0
655	1192	4	0
90	1195	5	0
184	1195	3	0
279	1195	1	0
405	1195	1	0
449	1195	5	0
500	1195	4	0
523	1195	5	0
639	1195	2	0
655	1195	3	0
889	1195	3	0
918	1195	4	0
90	1196	4	0
655	1196	3	0
828	1196	2	0
90	1197	4	0
119	1197	4	0
144	1197	4	0
151	1197	5	0
160	1197	4	0
168	1197	5	0
178	1197	4	0
181	1197	1	0
207	1197	4	0
223	1197	3	0
243	1197	4	0
265	1197	2	0
277	1197	4	0
308	1197	4	0
354	1197	3	0
360	1197	3	0
374	1197	4	0
389	1197	3	0
393	1197	3	0
406	1197	3	0
411	1197	4	0
434	1197	5	0
450	1197	3	0
455	1197	4	0
463	1197	4	0
486	1197	4	0
494	1197	3	0
537	1197	3	0
569	1197	4	0
630	1197	3	0
634	1197	4	0
655	1197	3	0
674	1197	3	0
703	1197	3	0
725	1197	3	0
754	1197	3	0
761	1197	3	0
792	1197	4	0
796	1197	3	0
821	1197	5	0
854	1197	3	0
871	1197	3	0
880	1197	3	0
891	1197	5	0
919	1197	4	0
90	1198	5	0
181	1198	1	0
234	1198	3	0
334	1198	3	0
387	1198	3	0
456	1198	4	0
655	1198	3	0
90	1200	4	0
167	1200	4	0
234	1200	3	0
405	1200	1	0
474	1200	4	0
553	1200	3	0
918	1200	4	0
90	1205	3	0
234	1205	1	0
279	1205	3	0
694	1205	3	0
747	1205	3	0
932	1205	5	0
92	1211	3	0
94	1211	5	0
194	1211	2	0
201	1211	3	0
308	1211	3	0
343	1211	4	0
378	1211	3	0
437	1211	4	0
527	1211	3	0
539	1211	3	0
655	1211	4	0
707	1211	4	0
92	1216	4	0
116	1216	3	0
145	1216	2	0
463	1216	3	0
622	1216	4	0
782	1216	2	0
94	1218	4	0
110	1218	3	0
177	1218	4	0
216	1218	3	0
221	1218	3	0
222	1218	1	0
246	1218	3	0
276	1218	4	0
303	1218	4	0
314	1218	4	0
327	1218	4	0
332	1218	5	0
336	1218	3	0
374	1218	2	0
405	1218	5	0
429	1218	3	0
442	1218	2	0
456	1218	3	0
542	1218	3	0
586	1218	5	0
709	1218	4	0
727	1218	4	0
774	1218	3	0
846	1218	4	0
889	1218	4	0
893	1218	3	0
94	1226	4	0
104	1226	3	0
116	1226	2	0
144	1226	4	0
207	1226	2	0
222	1226	4	0
293	1226	3	0
299	1226	2	0
303	1226	4	0
334	1226	4	0
345	1226	3	0
392	1226	4	0
416	1226	3	0
450	1226	4	0
458	1226	2	0
464	1226	4	0
467	1226	4	0
486	1226	4	0
500	1226	4	0
530	1226	4	0
532	1226	4	0
540	1226	4	0
592	1226	4	0
605	1226	4	0
637	1226	2	0
655	1226	3	0
733	1226	3	0
782	1226	2	0
854	1226	4	0
883	1226	3	0
894	1226	4	0
936	1226	3	0
100	1236	3	0
100	1238	2	0
404	1238	3	0
423	1238	3	0
489	1238	4	0
512	1238	4	0
519	1238	5	0
655	1238	2	0
845	1238	2	0
109	1245	2	0
130	1245	3	0
145	1245	5	0
181	1245	1	0
198	1245	4	0
201	1245	4	0
239	1245	5	0
276	1245	3	0
294	1245	3	0
445	1245	1	0
495	1245	5	0
537	1245	3	0
655	1245	3	0
663	1245	4	0
677	1245	4	0
697	1245	1	0
839	1245	4	0
851	1245	4	0
893	1245	2	0
110	1248	3	0
130	1248	3	0
145	1248	3	0
291	1248	4	0
293	1248	2	0
328	1248	3	0
339	1248	3	0
374	1248	3	0
405	1248	1	0
436	1248	3	0
450	1248	4	0
456	1248	3	0
472	1248	4	0
655	1248	3	0
693	1248	3	0
788	1248	3	0
846	1248	4	0
864	1248	3	0
896	1248	2	0
113	1252	4	0
181	1252	1	0
308	1252	3	0
385	1252	5	0
445	1252	1	0
567	1252	3	0
655	1252	3	0
773	1252	4	0
782	1252	3	0
119	1261	4	0
405	1261	1	0
450	1261	4	0
458	1261	4	0
119	1263	3	0
188	1263	3	0
234	1263	3	0
254	1263	1	0
314	1263	2	0
328	1263	3	0
334	1263	4	0
407	1263	2	0
436	1263	3	0
450	1263	4	0
495	1263	4	0
504	1263	4	0
647	1263	3	0
694	1263	3	0
749	1263	2	0
119	1264	3	0
151	1264	4	0
293	1264	3	0
416	1264	4	0
578	1264	3	0
592	1264	4	0
595	1264	2	0
119	1265	3	0
173	1265	3	0
181	1265	1	0
192	1265	3	0
286	1265	5	0
405	1265	2	0
423	1265	4	0
427	1265	5	0
440	1265	5	0
451	1265	4	0
455	1265	3	0
489	1265	2	0
560	1265	3	0
587	1265	4	0
592	1265	1	0
655	1265	3	0
721	1265	3	0
752	1265	3	0
918	1265	1	0
121	1266	4	0
161	1266	2	0
271	1266	2	0
279	1266	1	0
358	1266	4	0
405	1266	1	0
585	1266	3	0
655	1266	3	0
666	1266	5	0
840	1266	5	0
918	1266	4	0
932	1266	4	0
122	1267	4	0
130	1267	4	0
201	1267	3	0
221	1267	3	0
222	1267	3	0
269	1267	1	0
276	1267	4	0
293	1267	3	0
303	1267	3	0
314	1267	3	0
339	1267	3	0
343	1267	4	0
363	1267	2	0
378	1267	3	0
405	1267	1	0
406	1267	3	0
437	1267	4	0
456	1267	4	0
537	1267	3	0
551	1267	4	0
561	1267	3	0
627	1267	4	0
653	1267	1	0
655	1267	2	0
659	1267	3	0
682	1267	3	0
823	1267	4	0
846	1267	3	0
870	1267	2	0
880	1267	4	0
886	1267	3	0
889	1267	3	0
896	1267	2	0
122	1268	2	0
201	1268	4	0
382	1268	5	0
405	1268	1	0
435	1268	5	0
524	1268	3	0
655	1268	3	0
763	1268	5	0
828	1268	2	0
916	1268	3	0
130	1277	4	0
181	1277	2	0
186	1277	4	0
291	1277	4	0
328	1277	3	0
357	1277	5	0
374	1277	3	0
445	1277	2	0
504	1277	4	0
552	1277	3	0
599	1277	4	0
606	1277	3	0
761	1277	1	0
788	1277	3	0
851	1277	2	0
880	1277	4	0
919	1277	4	0
923	1277	5	0
939	1277	5	0
130	1279	4	0
145	1279	1	0
399	1279	3	0
506	1279	4	0
752	1279	3	0
782	1279	3	0
887	1279	3	0
921	1279	2	0
936	1279	3	0
131	1281	4	0
181	1281	1	0
204	1281	2	0
243	1281	5	0
345	1281	4	0
491	1281	3	0
592	1281	3	0
608	1281	4	0
655	1281	3	0
707	1281	4	0
854	1281	2	0
859	1281	3	0
894	1281	3	0
141	1282	3	0
174	1282	5	0
181	1282	1	0
271	1282	2	0
450	1282	3	0
533	1282	3	0
717	1282	4	0
790	1282	5	0
798	1282	3	0
144	1285	3	0
234	1285	3	0
290	1285	3	0
393	1285	3	0
429	1285	3	0
505	1285	3	0
642	1285	4	0
654	1285	4	0
711	1285	3	0
796	1285	4	0
798	1285	3	0
804	1285	2	0
868	1285	2	0
892	1285	4	0
934	1285	3	0
145	1288	4	0
181	1288	1	0
279	1288	4	0
286	1288	4	0
417	1288	1	0
655	1288	3	0
883	1288	4	0
146	1294	4	0
356	1294	4	0
448	1294	1	0
561	1294	1	0
752	1294	3	0
841	1294	5	0
863	1294	4	0
149	1296	3	0
181	1296	1	0
204	1296	5	0
297	1296	4	0
309	1296	2	0
331	1296	5	0
390	1296	2	0
408	1296	4	0
427	1296	5	0
429	1296	2	0
451	1296	3	0
601	1296	1	0
628	1296	5	0
655	1296	3	0
704	1296	4	0
721	1296	3	0
782	1296	3	0
863	1296	3	0
880	1296	3	0
898	1296	4	0
151	1299	4	0
312	1299	4	0
454	1299	2	0
670	1299	4	0
698	1299	2	0
704	1299	3	0
796	1299	2	0
815	1299	3	0
157	1302	5	0
181	1302	1	0
486	1302	3	0
499	1302	5	0
782	1302	3	0
167	1306	5	0
405	1306	1	0
167	1310	3	0
174	1312	4	0
181	1312	1	0
279	1312	3	0
334	1312	4	0
532	1312	4	0
595	1312	3	0
769	1312	2	0
174	1313	4	0
190	1313	2	0
206	1313	1	0
280	1313	5	0
328	1313	4	0
334	1313	4	0
418	1313	2	0
428	1313	4	0
466	1313	3	0
574	1313	4	0
616	1313	4	0
646	1313	3	0
863	1313	1	0
894	1313	3	0
178	1315	4	0
189	1315	3	0
195	1315	4	0
303	1315	3	0
332	1315	2	0
334	1315	4	0
342	1315	1	0
345	1315	3	0
447	1315	4	0
500	1315	4	0
525	1315	4	0
541	1315	1	0
552	1315	3	0
592	1315	2	0
599	1315	4	0
613	1315	4	0
665	1315	4	0
782	1315	3	0
859	1315	4	0
894	1315	3	0
919	1315	2	0
930	1315	3	0
936	1315	3	0
181	1326	1	0
199	1326	3	0
447	1326	4	0
500	1326	4	0
859	1326	4	0
907	1326	4	0
181	1328	1	0
236	1328	4	0
409	1328	2	0
439	1328	4	0
456	1328	4	0
699	1328	4	0
181	1331	1	0
207	1331	3	0
321	1331	4	0
590	1331	4	0
181	1344	1	0
585	1344	3	0
637	1344	4	0
655	1344	3	0
936	1344	5	0
181	1358	1	0
288	1358	5	0
181	1372	1	0
189	1372	4	0
449	1372	4	0
181	1377	1	0
463	1377	4	0
592	1377	3	0
936	1377	5	0
181	1379	1	0
299	1379	3	0
409	1379	3	0
486	1379	3	0
655	1379	3	0
782	1379	3	0
894	1379	4	0
181	1381	2	0
224	1381	3	0
382	1381	3	0
662	1381	5	0
707	1381	3	0
839	1381	3	0
894	1381	3	0
903	1381	4	0
181	1388	1	0
480	1388	4	0
655	1388	3	0
736	1388	5	0
782	1388	3	0
871	1388	4	0
181	1389	1	0
782	1389	3	0
901	1389	5	0
184	1397	3	0
234	1397	4	0
269	1397	4	0
707	1397	1	0
932	1397	4	0
189	1400	3	0
234	1400	3	0
378	1400	3	0
381	1400	3	0
405	1400	1	0
416	1400	4	0
537	1400	2	0
655	1400	3	0
847	1400	5	0
924	1400	4	0
189	1401	4	0
201	1401	2	0
214	1401	4	0
224	1401	1	0
236	1401	3	0
267	1401	4	0
280	1401	5	0
295	1401	5	0
328	1401	2	0
381	1401	4	0
399	1401	3	0
435	1401	4	0
450	1401	4	0
496	1401	3	0
559	1401	3	0
707	1401	3	0
916	1401	3	0
940	1401	1	0
189	1404	5	0
253	1404	3	0
308	1404	4	0
334	1404	4	0
339	1404	5	0
380	1404	2	0
405	1404	1	0
437	1404	2	0
449	1404	5	0
498	1404	3	0
537	1404	2	0
883	1404	3	0
894	1404	3	0
192	1405	5	0
405	1405	1	0
486	1405	5	0
548	1405	3	0
560	1405	4	0
782	1405	2	0
193	1406	4	0
622	1406	3	0
655	1406	3	0
896	1406	3	0
914	1406	4	0
201	1421	3	0
293	1421	2	0
308	1421	4	0
405	1421	1	0
450	1421	4	0
456	1421	3	0
474	1421	4	0
504	1421	4	0
524	1421	5	0
655	1421	3	0
886	1421	2	0
201	1426	2	0
250	1426	5	0
303	1426	2	0
334	1426	4	0
416	1426	5	0
498	1426	3	0
532	1426	3	0
655	1426	2	0
206	1431	1	0
713	1431	3	0
739	1431	5	0
863	1431	4	0
871	1431	4	0
222	1439	3	0
328	1439	3	0
378	1439	3	0
381	1439	3	0
405	1439	1	0
504	1439	4	0
551	1439	5	0
846	1439	2	0
222	1440	3	0
393	1440	3	0
487	1440	4	0
682	1440	2	0
749	1440	3	0
234	1446	3	0
295	1446	4	0
336	1446	1	0
393	1446	5	0
417	1446	3	0
450	1446	4	0
487	1446	3	0
579	1446	2	0
711	1446	2	0
727	1446	3	0
751	1446	2	0
790	1446	4	0
798	1446	4	0
864	1446	3	0
880	1446	4	0
234	1447	3	0
234	1454	3	0
454	1454	2	0
524	1454	3	0
704	1454	3	0
892	1454	3	0
932	1454	4	0
234	1457	3	0
234	1460	3	0
234	1463	5	0
752	1463	4	0
845	1463	1	0
253	1468	3	0
393	1468	4	0
405	1468	1	0
436	1468	5	0
618	1468	3	0
880	1468	4	0
254	1469	3	0
314	1469	4	0
393	1469	3	0
405	1469	1	0
416	1469	3	0
472	1469	4	0
495	1469	5	0
500	1469	1	0
588	1469	3	0
642	1469	4	0
712	1469	4	0
798	1469	3	0
264	1475	2	0
405	1475	1	0
411	1475	3	0
503	1475	5	0
537	1475	2	0
585	1475	3	0
655	1475	3	0
773	1475	4	0
276	1481	2	0
279	1481	4	0
276	1483	3	0
328	1483	4	0
416	1483	4	0
444	1483	2	0
499	1483	1	0
532	1483	4	0
587	1483	4	0
603	1483	5	0
660	1483	3	0
676	1483	4	0
683	1483	3	0
807	1483	4	0
279	1488	4	0
405	1488	1	0
585	1488	4	0
804	1488	3	0
279	1490	4	0
450	1490	3	0
655	1490	2	0
279	1491	5	0
671	1491	1	0
279	1497	2	0
747	1497	4	0
279	1499	4	0
385	1499	5	0
405	1499	1	0
655	1499	3	0
279	1501	1	0
585	1501	4	0
655	1501	3	0
758	1501	3	0
894	1501	4	0
286	1503	3	0
295	1503	2	0
314	1503	3	0
405	1503	1	0
416	1503	4	0
620	1503	4	0
642	1503	2	0
712	1503	4	0
731	1503	5	0
798	1503	3	0
299	1507	3	0
303	1510	3	0
303	1511	3	0
354	1511	4	0
662	1511	4	0
782	1511	2	0
796	1511	3	0
306	1514	4	0
486	1514	4	0
592	1514	5	0
655	1514	2	0
782	1514	2	0
806	1514	3	0
919	1514	2	0
314	1518	4	0
328	1518	3	0
389	1518	2	0
405	1518	2	0
450	1518	4	0
474	1518	3	0
551	1518	4	0
606	1518	4	0
711	1518	3	0
788	1518	3	0
846	1518	2	0
880	1518	2	0
314	1519	4	0
405	1519	2	0
314	1520	3	0
318	1521	3	0
416	1521	3	0
450	1521	3	0
478	1521	3	0
325	1523	4	0
378	1523	2	0
378	1531	4	0
393	1531	4	0
405	1531	1	0
577	1531	4	0
642	1531	3	0
864	1531	3	0
897	1531	4	0
385	1535	4	0
405	1535	1	0
585	1535	4	0
655	1535	3	0
387	1538	3	0
655	1538	3	0
782	1538	3	0
399	1542	2	0
495	1542	4	0
399	1543	3	0
405	1547	2	0
456	1547	4	0
405	1550	3	0
417	1550	3	0
405	1554	4	0
655	1554	2	0
405	1589	1	0
486	1589	3	0
782	1589	3	0
889	1589	5	0
405	1591	1	0
440	1591	5	0
445	1591	4	0
519	1591	5	0
724	1591	1	0
883	1591	3	0
425	1597	3	0
671	1597	1	0
828	1597	3	0
833	1597	5	0
916	1597	3	0
448	1602	4	0
655	1602	3	0
860	1602	3	0
450	1603	3	0
463	1605	2	0
655	1605	3	0
782	1605	2	0
901	1605	5	0
466	1607	5	0
655	1607	3	0
863	1607	2	0
486	1611	3	0
782	1611	3	0
496	1614	3	0
497	1615	3	0
601	1615	4	0
660	1615	2	0
699	1615	3	0
727	1615	1	0
749	1615	4	0
782	1615	3	0
804	1615	4	0
807	1615	4	0
852	1615	2	0
519	1617	5	0
724	1617	1	0
543	1619	3	0
550	1620	4	0
552	1620	3	0
592	1620	1	0
644	1620	4	0
653	1620	2	0
674	1620	4	0
782	1620	3	0
880	1620	3	0
901	1620	5	0
650	1627	3	0
655	1630	3	0
655	1632	3	0
655	1633	3	0
655	1635	3	0
655	1637	3	0
655	1638	3	0
655	1640	3	0
655	1641	3	0
655	1647	3	0
655	1649	3	0
727	1657	3	0
733	1658	3	0
782	1658	2	0
894	1658	4	0
782	1664	4	0
839	1664	1	0
870	1664	4	0
880	1664	4	0
782	1667	3	0
782	1668	3	0
782	1670	3	0
835	1673	3	0
851	1675	3	0
854	1677	3	0
863	1679	3	0
896	1681	3	0
916	1682	3	0
