1	104	1	0
181	104	1	0
276	104	1	0
648	104	1	0
847	104	3	0
2	286	4	0
6	286	2	0
7	286	4	0
9	286	5	0
10	286	4	0
11	286	5	0
13	286	3	0
15	286	2	0
16	286	2	0
17	286	3	0
18	286	5	0
21	286	3	0
24	286	5	0
26	286	3	0
27	286	3	0
28	286	3	0
29	286	5	0
30	286	5	0
34	286	5	0
40	286	2	0
41	286	4	0
43	286	4	0
46	286	5	0
47	286	3	0
48	286	3	0
50	286	2	0
59	286	3	0
60	286	5	0
62	286	3	0
63	286	4	0
66	286	1	0
68	286	5	0
71	286	4	0
73	286	4	0
76	286	5	0
79	286	5	0
82	286	4	0
84	286	5	0
85	286	4	0
86	286	3	0
88	286	5	0
90	286	5	0
94	286	4	0
95	286	5	0
100	286	3	0
102	286	3	0
104	286	1	0
105	286	4	0
106	286	4	0
107	286	2	0
111	286	4	0
112	286	4	0
113	286	4	0
116	286	3	0
119	286	5	0
120	286	5	0
123	286	5	0
126	286	3	0
127	286	1	0
129	286	5	0
130	286	5	0
131	286	5	0
132	286	3	0
133	286	2	0
134	286	3	0
136	286	5	0
139	286	4	0
140	286	5	0
141	286	4	0
143	286	2	0
144	286	4	0
145	286	3	0
146	286	3	0
147	286	5	0
149	286	5	0
151	286	5	0
152	286	5	0
154	286	4	0
155	286	4	0
157	286	5	0
158	286	4	0
159	286	1	0
161	286	2	0
163	286	3	0
166	286	1	0
171	286	3	0
173	286	5	0
174	286	5	0
176	286	2	0
178	286	3	0
181	286	1	0
184	286	4	0
185	286	4	0
191	286	4	0
193	286	4	0
194	286	1	0
196	286	5	0
197	286	1	0
199	286	5	0
200	286	4	0
201	286	2	0
202	286	1	0
204	286	3	0
205	286	2	0
207	286	2	0
209	286	2	0
211	286	4	0
212	286	4	0
213	286	3	0
216	286	4	0
220	286	5	0
221	286	4	0
223	286	1	0
224	286	3	0
225	286	4	0
226	286	4	0
227	286	3	0
228	286	5	0
229	286	4	0
232	286	3	0
233	286	3	0
234	286	3	0
236	286	5	0
237	286	3	0
238	286	5	0
239	286	1	0
240	286	5	0
241	286	5	0
243	286	4	0
252	286	5	0
254	286	1	0
257	286	5	0
258	286	5	0
259	286	4	0
264	286	2	0
266	286	4	0
268	286	5	0
270	286	5	0
271	286	4	0
273	286	3	0
277	286	5	0
278	286	5	0
280	286	4	0
284	286	4	0
285	286	3	0
288	286	4	0
293	286	3	0
294	286	5	0
296	286	5	0
297	286	5	0
298	286	4	0
299	286	4	0
303	286	5	0
304	286	1	0
305	286	4	0
306	286	4	0
307	286	3	0
309	286	4	0
315	286	5	0
316	286	5	0
318	286	3	0
321	286	4	0
323	286	3	0
324	286	5	0
325	286	4	0
327	286	2	0
328	286	5	0
329	286	4	0
330	286	5	0
331	286	4	0
334	286	4	0
338	286	4	0
339	286	5	0
342	286	4	0
343	286	4	0
344	286	3	0
345	286	3	0
347	286	3	0
350	286	5	0
351	286	5	0
353	286	5	0
354	286	4	0
355	286	5	0
356	286	3	0
359	286	5	0
360	286	5	0
361	286	5	0
364	286	5	0
372	286	5	0
373	286	3	0
378	286	5	0
379	286	4	0
380	286	5	0
382	286	2	0
383	286	5	0
384	286	4	0
385	286	3	0
387	286	2	0
389	286	2	0
390	286	4	0
391	286	4	0
392	286	2	0
395	286	4	0
397	286	4	0
400	286	4	0
401	286	2	0
402	286	5	0
404	286	1	0
406	286	3	0
407	286	4	0
408	286	3	0
409	286	5	0
410	286	4	0
413	286	5	0
416	286	5	0
417	286	5	0
419	286	4	0
420	286	4	0
422	286	5	0
423	286	4	0
424	286	4	0
425	286	1	0
427	286	4	0
428	286	3	0
430	286	4	0
431	286	4	0
433	286	5	0
437	286	2	0
438	286	2	0
442	286	2	0
443	286	5	0
444	286	2	0
446	286	3	0
447	286	2	0
448	286	2	0
449	286	4	0
450	286	4	0
451	286	1	0
452	286	4	0
454	286	3	0
455	286	5	0
456	286	3	0
458	286	4	0
459	286	4	0
460	286	4	0
463	286	4	0
464	286	3	0
465	286	4	0
468	286	4	0
469	286	5	0
470	286	4	0
474	286	5	0
475	286	2	0
479	286	1	0
482	286	3	0
483	286	3	0
485	286	2	0
486	286	2	0
487	286	2	0
488	286	1	0
489	286	4	0
490	286	2	0
491	286	4	0
492	286	4	0
494	286	4	0
500	286	1	0
503	286	3	0
510	286	3	0
512	286	5	0
515	286	2	0
516	286	5	0
520	286	5	0
524	286	5	0
527	286	2	0
529	286	4	0
531	286	5	0
533	286	4	0
534	286	3	0
535	286	2	0
537	286	3	0
539	286	4	0
540	286	4	0
544	286	4	0
546	286	2	0
548	286	1	0
551	286	4	0
552	286	4	0
554	286	4	0
556	286	4	0
558	286	4	0
561	286	4	0
562	286	4	0
568	286	3	0
569	286	5	0
570	286	4	0
572	286	4	0
573	286	3	0
574	286	3	0
579	286	4	0
580	286	4	0
583	286	4	0
585	286	4	0
587	286	4	0
588	286	4	0
589	286	3	0
590	286	5	0
591	286	4	0
592	286	5	0
593	286	5	0
594	286	3	0
596	286	4	0
597	286	3	0
598	286	5	0
605	286	4	0
608	286	4	0
611	286	5	0
614	286	2	0
615	286	4	0
616	286	5	0
623	286	2	0
624	286	5	0
625	286	4	0
626	286	5	0
629	286	4	0
631	286	3	0
634	286	5	0
637	286	5	0
639	286	4	0
645	286	4	0
646	286	3	0
648	286	1	0
650	286	3	0
651	286	4	0
652	286	3	0
653	286	4	0
655	286	3	0
656	286	1	0
657	286	4	0
662	286	3	0
663	286	3	0
664	286	4	0
665	286	4	0
666	286	5	0
668	286	4	0
673	286	4	0
675	286	4	0
676	286	4	0
677	286	1	0
679	286	5	0
680	286	4	0
681	286	5	0
683	286	2	0
685	286	1	0
687	286	3	0
695	286	3	0
696	286	5	0
697	286	4	0
699	286	3	0
701	286	4	0
704	286	5	0
705	286	3	0
707	286	5	0
710	286	4	0
711	286	4	0
713	286	3	0
717	286	3	0
720	286	5	0
721	286	5	0
722	286	4	0
723	286	3	0
724	286	1	0
725	286	5	0
728	286	3	0
732	286	5	0
733	286	4	0
735	286	5	0
736	286	4	0
739	286	2	0
740	286	5	0
743	286	3	0
745	286	1	0
747	286	4	0
748	286	3	0
750	286	4	0
752	286	1	0
753	286	3	0
754	286	3	0
755	286	5	0
758	286	5	0
762	286	4	0
763	286	4	0
764	286	4	0
765	286	5	0
771	286	2	0
773	286	3	0
775	286	4	0
777	286	2	0
780	286	4	0
781	286	1	0
782	286	2	0
783	286	3	0
784	286	3	0
786	286	4	0
787	286	3	0
788	286	5	0
789	286	1	0
791	286	3	0
794	286	3	0
796	286	2	0
797	286	2	0
799	286	5	0
802	286	2	0
803	286	5	0
806	286	3	0
808	286	4	0
809	286	4	0
810	286	4	0
811	286	5	0
812	286	2	0
818	286	4	0
819	286	5	0
820	286	4	0
823	286	5	0
824	286	2	0
825	286	4	0
827	286	3	0
828	286	4	0
829	286	4	0
832	286	3	0
834	286	4	0
835	286	3	0
836	286	3	0
837	286	4	0
838	286	4	0
839	286	4	0
841	286	5	0
845	286	5	0
851	286	4	0
853	286	3	0
854	286	1	0
856	286	4	0
858	286	4	0
860	286	4	0
861	286	4	0
863	286	5	0
864	286	5	0
867	286	5	0
870	286	4	0
871	286	3	0
873	286	2	0
874	286	4	0
875	286	3	0
876	286	5	0
877	286	2	0
878	286	4	0
881	286	2	0
883	286	3	0
888	286	5	0
890	286	5	0
891	286	5	0
893	286	4	0
894	286	5	0
898	286	2	0
906	286	5	0
907	286	5	0
909	286	4	0
910	286	3	0
915	286	4	0
916	286	4	0
919	286	4	0
920	286	2	0
924	286	3	0
926	286	4	0
930	286	3	0
931	286	5	0
934	286	4	0
935	286	5	0
936	286	5	0
937	286	4	0
938	286	3	0
940	286	3	0
2	288	3	0
3	288	2	0
4	288	4	0
7	288	4	0
13	288	1	0
14	288	4	0
16	288	3	0
19	288	3	0
20	288	1	0
21	288	3	0
24	288	3	0
26	288	4	0
27	288	3	0
28	288	5	0
32	288	4	0
33	288	4	0
34	288	2	0
36	288	4	0
37	288	4	0
38	288	5	0
39	288	5	0
45	288	3	0
46	288	2	0
47	288	2	0
50	288	4	0
52	288	3	0
54	288	4	0
57	288	4	0
59	288	5	0
62	288	2	0
63	288	3	0
64	288	4	0
66	288	4	0
68	288	4	0
69	288	5	0
73	288	3	0
74	288	3	0
76	288	2	0
78	288	4	0
79	288	3	0
81	288	3	0
82	288	3	0
86	288	3	0
92	288	3	0
94	288	3	0
99	288	4	0
100	288	2	0
101	288	4	0
102	288	2	0
104	288	2	0
105	288	4	0
107	288	3	0
109	288	5	0
110	288	4	0
113	288	3	0
116	288	3	0
117	288	3	0
118	288	5	0
119	288	4	0
123	288	3	0
126	288	4	0
127	288	5	0
129	288	1	0
130	288	5	0
135	288	3	0
139	288	4	0
140	288	3	0
141	288	3	0
142	288	3	0
143	288	5	0
144	288	2	0
150	288	4	0
154	288	3	0
155	288	3	0
159	288	3	0
160	288	5	0
163	288	3	0
165	288	2	0
166	288	3	0
167	288	3	0
168	288	1	0
170	288	3	0
171	288	2	0
174	288	3	0
176	288	3	0
177	288	5	0
178	288	5	0
179	288	5	0
181	288	4	0
186	288	1	0
188	288	4	0
190	288	5	0
191	288	3	0
193	288	1	0
197	288	3	0
200	288	5	0
201	288	4	0
203	288	5	0
204	288	3	0
206	288	5	0
213	288	4	0
214	288	3	0
215	288	2	0
218	288	2	0
220	288	5	0
221	288	3	0
222	288	4	0
223	288	3	0
227	288	2	0
228	288	4	0
229	288	4	0
234	288	3	0
239	288	2	0
240	288	5	0
241	288	5	0
246	288	5	0
250	288	4	0
251	288	4	0
255	288	4	0
256	288	5	0
257	288	3	0
258	288	1	0
259	288	3	0
260	288	3	0
261	288	4	0
262	288	3	0
264	288	5	0
265	288	4	0
268	288	4	0
270	288	5	0
272	288	4	0
274	288	4	0
276	288	4	0
278	288	5	0
279	288	3	0
280	288	5	0
281	288	4	0
282	288	4	0
283	288	2	0
285	288	5	0
286	288	5	0
291	288	5	0
292	288	3	0
293	288	3	0
294	288	5	0
297	288	3	0
299	288	3	0
300	288	4	0
301	288	4	0
303	288	4	0
304	288	3	0
308	288	4	0
314	288	5	0
315	288	3	0
317	288	4	0
320	288	4	0
323	288	3	0
324	288	5	0
327	288	4	0
329	288	2	0
332	288	5	0
334	288	3	0
335	288	4	0
336	288	3	0
339	288	3	0
341	288	4	0
342	288	5	0
343	288	2	0
344	288	4	0
345	288	3	0
346	288	2	0
347	288	5	0
348	288	5	0
349	288	3	0
351	288	3	0
355	288	5	0
356	288	4	0
362	288	4	0
363	288	4	0
364	288	4	0
365	288	5	0
366	288	4	0
367	288	5	0
368	288	3	0
372	288	5	0
374	288	4	0
375	288	4	0
376	288	3	0
377	288	5	0
378	288	3	0
387	288	3	0
388	288	5	0
391	288	3	0
392	288	4	0
393	288	3	0
394	288	4	0
395	288	2	0
396	288	3	0
397	288	4	0
399	288	3	0
400	288	4	0
403	288	4	0
404	288	3	0
405	288	5	0
407	288	4	0
408	288	4	0
409	288	1	0
412	288	4	0
414	288	5	0
416	288	5	0
417	288	3	0
418	288	5	0
420	288	3	0
422	288	3	0
424	288	1	0
425	288	5	0
428	288	4	0
429	288	3	0
430	288	4	0
432	288	5	0
434	288	5	0
435	288	4	0
436	288	4	0
437	288	2	0
439	288	3	0
441	288	2	0
442	288	4	0
445	288	2	0
446	288	2	0
447	288	4	0
448	288	1	0
449	288	3	0
450	288	3	0
451	288	5	0
452	288	2	0
453	288	4	0
455	288	2	0
457	288	4	0
458	288	3	0
460	288	2	0
462	288	5	0
463	288	1	0
464	288	4	0
466	288	4	0
467	288	4	0
470	288	4	0
472	288	5	0
474	288	3	0
476	288	4	0
478	288	5	0
479	288	3	0
482	288	3	0
485	288	3	0
486	288	4	0
487	288	4	0
488	288	2	0
489	288	4	0
493	288	4	0
495	288	4	0
496	288	2	0
497	288	2	0
498	288	3	0
501	288	4	0
502	288	5	0
504	288	5	0
507	288	5	0
509	288	5	0
510	288	3	0
511	288	4	0
515	288	4	0
518	288	3	0
519	288	4	0
521	288	3	0
525	288	4	0
526	288	4	0
529	288	4	0
531	288	1	0
533	288	2	0
534	288	4	0
537	288	2	0
542	288	2	0
544	288	2	0
546	288	4	0
548	288	3	0
549	288	4	0
550	288	5	0
551	288	4	0
552	288	2	0
554	288	3	0
555	288	3	0
556	288	4	0
557	288	1	0
560	288	4	0
566	288	3	0
569	288	3	0
570	288	2	0
574	288	4	0
578	288	3	0
579	288	4	0
580	288	5	0
582	288	3	0
586	288	4	0
587	288	4	0
588	288	4	0
589	288	5	0
592	288	5	0
593	288	4	0
595	288	3	0
596	288	4	0
599	288	4	0
601	288	1	0
603	288	3	0
604	288	3	0
605	288	5	0
606	288	4	0
608	288	5	0
609	288	2	0
610	288	3	0
611	288	3	0
614	288	2	0
616	288	4	0
617	288	1	0
618	288	3	0
619	288	3	0
620	288	4	0
623	288	1	0
624	288	4	0
626	288	3	0
627	288	3	0
628	288	5	0
629	288	4	0
630	288	4	0
631	288	3	0
632	288	3	0
633	288	2	0
634	288	3	0
642	288	1	0
643	288	4	0
645	288	3	0
646	288	3	0
648	288	4	0
650	288	3	0
652	288	2	0
654	288	3	0
655	288	3	0
663	288	4	0
666	288	3	0
668	288	4	0
671	288	5	0
673	288	4	0
674	288	3	0
676	288	1	0
677	288	5	0
679	288	4	0
681	288	1	0
682	288	4	0
683	288	3	0
685	288	2	0
687	288	4	0
688	288	5	0
693	288	2	0
695	288	4	0
697	288	2	0
699	288	3	0
702	288	1	0
703	288	4	0
706	288	3	0
709	288	5	0
711	288	1	0
715	288	4	0
717	288	1	0
721	288	3	0
724	288	4	0
725	288	3	0
729	288	2	0
732	288	4	0
733	288	2	0
734	288	4	0
735	288	4	0
739	288	1	0
740	288	4	0
741	288	4	0
743	288	2	0
747	288	4	0
750	288	4	0
752	288	5	0
755	288	1	0
757	288	4	0
758	288	4	0
760	288	4	0
761	288	4	0
768	288	4	0
770	288	4	0
772	288	2	0
773	288	2	0
777	288	4	0
781	288	2	0
782	288	4	0
783	288	3	0
785	288	3	0
787	288	1	0
789	288	3	0
790	288	4	0
791	288	3	0
793	288	4	0
801	288	5	0
802	288	3	0
804	288	1	0
805	288	1	0
806	288	3	0
808	288	3	0
810	288	3	0
812	288	4	0
814	288	4	0
816	288	4	0
817	288	4	0
818	288	5	0
820	288	5	0
824	288	3	0
825	288	1	0
826	288	3	0
827	288	3	0
828	288	3	0
830	288	1	0
831	288	1	0
832	288	3	0
833	288	2	0
834	288	5	0
835	288	2	0
836	288	1	0
841	288	3	0
842	288	3	0
843	288	4	0
846	288	4	0
847	288	4	0
849	288	5	0
853	288	4	0
854	288	5	0
859	288	4	0
862	288	5	0
863	288	4	0
864	288	5	0
869	288	3	0
870	288	4	0
872	288	5	0
875	288	4	0
876	288	3	0
877	288	3	0
880	288	4	0
882	288	3	0
886	288	4	0
887	288	4	0
892	288	4	0
893	288	3	0
894	288	3	0
896	288	3	0
897	288	5	0
898	288	4	0
900	288	2	0
903	288	4	0
904	288	4	0
907	288	5	0
908	288	4	0
910	288	3	0
913	288	2	0
915	288	2	0
919	288	4	0
920	288	3	0
921	288	3	0
922	288	2	0
923	288	5	0
924	288	3	0
925	288	5	0
926	288	3	0
927	288	5	0
928	288	3	0
930	288	1	0
938	288	5	0
2	294	1	0
3	294	2	0
4	294	5	0
6	294	2	0
7	294	1	0
8	294	3	0
9	294	4	0
10	294	3	0
13	294	2	0
16	294	4	0
17	294	4	0
19	294	3	0
21	294	3	0
22	294	1	0
23	294	1	0
24	294	3	0
26	294	3	0
28	294	3	0
29	294	4	0
30	294	4	0
32	294	3	0
33	294	3	0
34	294	1	0
38	294	5	0
39	294	4	0
40	294	4	0
42	294	4	0
43	294	5	0
44	294	4	0
46	294	2	0
48	294	3	0
49	294	1	0
56	294	4	0
57	294	4	0
61	294	2	0
62	294	1	0
63	294	2	0
65	294	4	0
66	294	4	0
69	294	2	0
74	294	4	0
75	294	3	0
78	294	3	0
82	294	4	0
83	294	3	0
84	294	3	0
91	294	3	0
92	294	3	0
95	294	2	0
99	294	4	0
100	294	4	0
102	294	2	0
103	294	4	0
104	294	3	0
108	294	4	0
109	294	4	0
110	294	3	0
112	294	3	0
113	294	4	0
116	294	2	0
119	294	1	0
121	294	4	0
123	294	1	0
125	294	4	0
126	294	3	0
127	294	4	0
128	294	4	0
130	294	5	0
133	294	3	0
134	294	4	0
135	294	4	0
140	294	3	0
141	294	4	0
142	294	3	0
143	294	3	0
144	294	4	0
145	294	4	0
146	294	1	0
152	294	4	0
153	294	2	0
155	294	3	0
158	294	1	0
159	294	4	0
162	294	3	0
166	294	3	0
168	294	4	0
170	294	3	0
173	294	5	0
176	294	2	0
177	294	4	0
178	294	2	0
181	294	2	0
183	294	3	0
186	294	3	0
188	294	2	0
189	294	5	0
190	294	3	0
193	294	1	0
194	294	4	0
197	294	4	0
199	294	1	0
200	294	4	0
203	294	2	0
205	294	3	0
206	294	2	0
207	294	3	0
213	294	3	0
214	294	3	0
218	294	2	0
220	294	4	0
222	294	3	0
223	294	4	0
224	294	4	0
227	294	3	0
230	294	5	0
232	294	2	0
234	294	3	0
236	294	2	0
238	294	3	0
241	294	3	0
242	294	4	0
244	294	4	0
246	294	2	0
248	294	3	0
249	294	3	0
250	294	1	0
251	294	3	0
253	294	4	0
255	294	2	0
256	294	3	0
258	294	4	0
259	294	3	0
261	294	4	0
262	294	2	0
263	294	2	0
264	294	3	0
265	294	4	0
267	294	3	0
268	294	3	0
271	294	2	0
274	294	3	0
275	294	4	0
276	294	4	0
278	294	4	0
279	294	2	0
280	294	2	0
281	294	3	0
282	294	4	0
283	294	4	0
287	294	5	0
288	294	2	0
291	294	5	0
293	294	2	0
294	294	4	0
296	294	1	0
297	294	3	0
298	294	3	0
299	294	2	0
300	294	3	0
301	294	4	0
302	294	1	0
303	294	4	0
304	294	4	0
308	294	3	0
310	294	1	0
311	294	4	0
314	294	5	0
318	294	4	0
320	294	4	0
323	294	3	0
324	294	5	0
327	294	3	0
328	294	3	0
329	294	2	0
332	294	5	0
333	294	3	0
336	294	4	0
338	294	1	0
341	294	3	0
342	294	3	0
345	294	3	0
346	294	3	0
347	294	1	0
348	294	4	0
356	294	1	0
357	294	4	0
362	294	3	0
364	294	5	0
365	294	1	0
370	294	1	0
374	294	2	0
377	294	5	0
378	294	2	0
379	294	3	0
381	294	5	0
387	294	2	0
388	294	4	0
391	294	2	0
392	294	4	0
393	294	4	0
394	294	4	0
400	294	3	0
401	294	1	0
404	294	4	0
406	294	3	0
408	294	5	0
414	294	2	0
416	294	4	0
417	294	4	0
422	294	3	0
424	294	5	0
425	294	2	0
428	294	4	0
430	294	2	0
431	294	5	0
432	294	4	0
433	294	3	0
435	294	4	0
441	294	4	0
442	294	2	0
443	294	5	0
446	294	1	0
447	294	4	0
450	294	4	0
451	294	5	0
452	294	2	0
456	294	1	0
457	294	2	0
459	294	5	0
460	294	2	0
461	294	3	0
464	294	4	0
466	294	3	0
468	294	3	0
470	294	3	0
472	294	4	0
474	294	3	0
476	294	3	0
477	294	4	0
479	294	3	0
480	294	1	0
482	294	4	0
484	294	4	0
485	294	1	0
486	294	2	0
487	294	4	0
488	294	4	0
489	294	3	0
491	294	2	0
494	294	4	0
497	294	4	0
500	294	3	0
501	294	3	0
502	294	3	0
504	294	2	0
505	294	3	0
506	294	4	0
507	294	5	0
509	294	2	0
510	294	3	0
511	294	4	0
514	294	3	0
515	294	3	0
517	294	1	0
520	294	3	0
526	294	3	0
528	294	3	0
529	294	4	0
533	294	4	0
534	294	5	0
537	294	1	0
538	294	3	0
540	294	4	0
544	294	2	0
546	294	1	0
547	294	1	0
548	294	3	0
550	294	3	0
551	294	4	0
552	294	4	0
554	294	3	0
556	294	2	0
557	294	3	0
559	294	1	0
563	294	3	0
569	294	2	0
575	294	1	0
576	294	3	0
577	294	4	0
578	294	3	0
579	294	4	0
580	294	4	0
582	294	1	0
587	294	3	0
588	294	4	0
589	294	5	0
592	294	3	0
595	294	2	0
596	294	4	0
597	294	4	0
599	294	4	0
601	294	1	0
602	294	5	0
603	294	4	0
605	294	4	0
606	294	2	0
608	294	3	0
609	294	2	0
610	294	1	0
614	294	4	0
615	294	3	0
617	294	1	0
619	294	1	0
620	294	5	0
622	294	3	0
624	294	3	0
625	294	3	0
626	294	3	0
628	294	4	0
629	294	3	0
630	294	4	0
631	294	3	0
634	294	4	0
635	294	3	0
637	294	3	0
642	294	5	0
644	294	4	0
646	294	2	0
647	294	3	0
648	294	3	0
650	294	3	0
651	294	1	0
652	294	2	0
653	294	2	0
654	294	3	0
655	294	3	0
657	294	5	0
659	294	4	0
660	294	3	0
661	294	4	0
663	294	3	0
665	294	2	0
666	294	3	0
668	294	3	0
673	294	4	0
674	294	4	0
676	294	4	0
677	294	5	0
679	294	1	0
680	294	4	0
681	294	5	0
682	294	3	0
683	294	3	0
687	294	3	0
690	294	3	0
691	294	4	0
692	294	3	0
697	294	4	0
698	294	4	0
699	294	3	0
702	294	1	0
703	294	2	0
706	294	4	0
707	294	2	0
708	294	3	0
709	294	3	0
710	294	3	0
712	294	4	0
714	294	4	0
716	294	4	0
717	294	3	0
719	294	2	0
721	294	3	0
722	294	2	0
724	294	4	0
725	294	3	0
726	294	5	0
727	294	4	0
729	294	2	0
730	294	4	0
732	294	3	0
733	294	2	0
734	294	1	0
736	294	3	0
740	294	4	0
742	294	3	0
743	294	2	0
749	294	2	0
750	294	4	0
752	294	3	0
753	294	5	0
755	294	3	0
758	294	5	0
759	294	5	0
761	294	3	0
764	294	3	0
766	294	2	0
770	294	3	0
771	294	4	0
772	294	4	0
774	294	1	0
779	294	5	0
780	294	3	0
781	294	1	0
782	294	3	0
783	294	3	0
785	294	4	0
787	294	3	0
788	294	3	0
789	294	3	0
790	294	2	0
791	294	3	0
793	294	5	0
796	294	3	0
797	294	3	0
800	294	3	0
801	294	5	0
802	294	4	0
804	294	5	0
805	294	1	0
808	294	5	0
810	294	5	0
811	294	4	0
812	294	5	0
813	294	1	0
816	294	5	0
817	294	4	0
821	294	4	0
823	294	3	0
824	294	3	0
825	294	4	0
826	294	4	0
827	294	4	0
829	294	2	0
830	294	3	0
831	294	4	0
832	294	4	0
834	294	3	0
835	294	3	0
837	294	4	0
844	294	2	0
846	294	3	0
848	294	5	0
850	294	5	0
853	294	2	0
854	294	2	0
856	294	4	0
857	294	3	0
859	294	3	0
860	294	2	0
861	294	3	0
863	294	4	0
864	294	4	0
865	294	4	0
867	294	3	0
869	294	3	0
872	294	3	0
873	294	4	0
875	294	2	0
876	294	4	0
879	294	3	0
880	294	4	0
881	294	3	0
882	294	4	0
887	294	5	0
889	294	3	0
893	294	3	0
895	294	4	0
897	294	3	0
900	294	4	0
901	294	3	0
902	294	2	0
905	294	3	0
907	294	4	0
909	294	3	0
919	294	3	0
921	294	4	0
922	294	4	0
923	294	4	0
926	294	3	0
927	294	5	0
936	294	3	0
937	294	1	0
940	294	4	0
941	294	4	0
2	314	1	0
13	314	1	0
206	314	1	0
537	314	1	0
609	314	1	0
5	424	1	0
13	424	1	0
21	424	1	0
38	424	3	0
82	424	1	0
113	424	1	0
181	424	1	0
222	424	1	0
374	424	1	0
425	424	2	0
434	424	1	0
435	424	1	0
453	424	1	0
617	424	1	0
727	424	1	0
802	424	2	0
830	424	1	0
933	424	1	0
939	424	3	0
5	437	1	0
13	437	1	0
21	437	1	0
405	437	1	0
776	437	1	0
5	438	1	0
13	438	1	0
21	438	1	0
201	438	1	0
405	438	1	0
776	438	2	0
5	439	1	0
13	439	1	0
21	439	1	0
405	439	1	0
776	439	1	0
5	440	1	0
7	440	1	0
13	440	1	0
21	440	1	0
201	440	2	0
405	440	1	0
429	440	1	0
497	440	1	0
504	440	3	0
617	440	4	0
727	440	1	0
776	440	2	0
802	440	3	0
843	440	1	0
5	442	1	0
13	442	1	0
405	442	1	0
776	442	2	0
5	457	1	0
8	457	1	0
13	457	1	0
21	457	1	0
181	457	1	0
211	457	4	0
222	457	1	0
254	457	2	0
374	457	1	0
397	457	1	0
429	457	1	0
433	457	1	0
450	457	2	0
451	457	2	0
489	457	3	0
510	457	2	0
531	457	1	0
537	457	1	0
546	457	1	0
592	457	1	0
602	457	3	0
644	457	4	0
677	457	1	0
708	457	4	0
721	457	3	0
761	457	1	0
800	457	2	0
7	599	1	0
7	669	1	0
13	669	1	0
21	669	1	0
130	669	4	0
175	669	1	0
276	669	1	0
346	669	1	0
405	669	1	0
417	669	2	0
425	669	3	0
617	669	1	0
802	669	1	0
814	669	3	0
8	688	1	0
13	688	1	0
21	688	1	0
22	688	1	0
30	688	3	0
110	688	1	0
145	688	4	0
146	688	1	0
166	688	3	0
181	688	1	0
197	688	1	0
209	688	1	0
250	688	2	0
265	688	2	0
288	688	1	0
296	688	1	0
328	688	1	0
397	688	1	0
424	688	2	0
427	688	5	0
446	688	2	0
451	688	1	0
479	688	1	0
489	688	2	0
531	688	1	0
537	688	1	0
550	688	3	0
587	688	3	0
589	688	4	0
592	688	1	0
597	688	4	0
635	688	2	0
676	688	1	0
702	688	1	0
721	688	3	0
750	688	1	0
755	688	3	0
761	688	2	0
782	688	2	0
803	688	1	0
831	688	1	0
853	688	3	0
856	688	2	0
901	688	2	0
13	758	1	0
21	758	1	0
38	758	1	0
49	758	1	0
92	758	1	0
116	758	1	0
117	758	2	0
181	758	1	0
200	758	3	0
246	758	1	0
301	758	3	0
366	758	3	0
374	758	1	0
417	758	2	0
457	758	2	0
472	758	1	0
497	758	2	0
546	758	4	0
620	758	2	0
648	758	2	0
774	758	1	0
13	777	1	0
201	777	1	0
368	777	2	0
405	777	1	0
13	784	1	0
405	784	1	0
13	788	1	0
405	788	1	0
925	788	3	0
13	830	1	0
13	852	1	0
13	858	1	0
21	858	1	0
405	858	1	0
13	897	1	0
489	897	2	0
21	981	2	0
181	981	1	0
246	981	1	0
268	981	1	0
447	981	2	0
708	981	3	0
804	981	3	0
851	981	1	0
53	1087	4	0
145	1087	1	0
181	1087	1	0
222	1087	1	0
279	1087	2	0
373	1087	1	0
551	1087	1	0
653	1087	2	0
731	1087	1	0
825	1087	3	0
82	1162	1	0
181	1162	1	0
279	1162	3	0
532	1162	2	0
634	1162	1	0
110	1246	2	0
125	1246	2	0
130	1246	3	0
399	1246	1	0
405	1246	1	0
747	1246	1	0
933	1246	1	0
110	1250	3	0
221	1250	2	0
222	1250	1	0
279	1250	1	0
405	1250	1	0
727	1250	1	0
116	1257	1	0
655	1257	3	0
707	1257	2	0
782	1257	1	0
130	1274	2	0
276	1274	1	0
279	1274	3	0
399	1274	1	0
405	1274	1	0
600	1274	2	0
749	1274	2	0
756	1274	2	0
774	1274	1	0
807	1274	3	0
833	1274	1	0
145	1287	2	0
181	1287	1	0
642	1287	2	0
761	1287	1	0
851	1287	1	0
921	1287	1	0
145	1290	1	0
405	1290	2	0
145	1292	1	0
758	1292	1	0
782	1292	3	0
167	1307	2	0
405	1307	1	0
167	1308	1	0
405	1308	1	0
167	1309	1	0
181	1318	1	0
405	1318	1	0
449	1318	2	0
181	1319	1	0
585	1319	2	0
592	1319	1	0
655	1319	3	0
181	1320	1	0
181	1325	1	0
181	1329	1	0
181	1334	1	0
405	1334	1	0
181	1339	1	0
181	1340	1	0
181	1341	1	0
181	1343	1	0
181	1348	1	0
181	1349	1	0
181	1350	1	0
207	1350	2	0
181	1352	1	0
181	1354	1	0
199	1354	1	0
181	1359	1	0
405	1359	1	0
181	1360	1	0
409	1360	2	0
181	1363	1	0
181	1364	1	0
181	1365	1	0
793	1365	2	0
181	1366	1	0
181	1371	1	0
394	1371	2	0
181	1373	1	0
181	1374	1	0
637	1374	1	0
181	1384	1	0
405	1384	1	0
782	1384	3	0
194	1408	1	0
405	1408	1	0
622	1408	1	0
194	1412	2	0
405	1412	1	0
541	1412	1	0
864	1412	1	0
870	1412	2	0
882	1412	3	0
197	1420	1	0
365	1420	2	0
537	1420	1	0
206	1432	1	0
405	1432	1	0
724	1432	1	0
279	1486	1	0
279	1493	1	0
279	1494	1	0
286	1502	2	0
532	1502	1	0
303	1509	1	0
405	1509	1	0
642	1509	2	0
798	1509	3	0
868	1509	1	0
393	1539	2	0
405	1539	1	0
417	1539	2	0
798	1539	2	0
405	1546	1	0
405	1548	1	0
405	1549	1	0
655	1549	2	0
405	1557	1	0
405	1559	1	0
405	1561	1	0
405	1562	1	0
405	1563	1	0
405	1564	1	0
405	1565	1	0
405	1566	1	0
405	1567	1	0
405	1568	1	0
405	1569	1	0
405	1570	1	0
405	1571	1	0
405	1572	1	0
405	1574	1	0
405	1575	1	0
405	1576	1	0
405	1577	1	0
405	1579	1	0
405	1580	1	0
405	1581	1	0
405	1582	1	0
405	1583	1	0
405	1584	1	0
405	1586	1	0
405	1587	1	0
445	1601	1	0
486	1609	3	0
592	1609	1	0
782	1609	1	0
528	1618	1	0
551	1621	1	0
648	1626	1	0
655	1644	1	0
782	1644	2	0
662	1652	3	0
756	1652	1	0
782	1652	1	0
676	1654	1	0
747	1659	1	0
751	1661	1	0
787	1671	1	0
863	1678	1	0
