1	8	1	0
6	8	4	0
7	8	5	0
11	8	4	0
13	8	4	0
16	8	5	0
18	8	5	0
19	8	5	0
23	8	4	0
24	8	5	0
25	8	4	0
43	8	4	0
49	8	3	0
57	8	4	0
58	8	4	0
60	8	3	0
62	8	5	0
64	8	4	0
70	8	4	0
82	8	4	0
85	8	4	0
87	8	5	0
90	8	5	0
92	8	5	0
94	8	5	0
95	8	5	0
96	8	5	0
106	8	4	0
109	8	3	0
115	8	5	0
125	8	4	0
144	8	4	0
148	8	4	0
152	8	5	0
158	8	5	0
167	8	5	0
178	8	4	0
187	8	5	0
189	8	5	0
194	8	3	0
196	8	5	0
200	8	4	0
201	8	3	0
207	8	3	0
213	8	3	0
214	8	4	0
215	8	2	0
218	8	3	0
222	8	1	0
223	8	2	0
230	8	5	0
232	8	2	0
233	8	3	0
234	8	5	0
239	8	5	0
243	8	5	0
246	8	3	0
253	8	4	0
254	8	5	0
269	8	2	0
271	8	4	0
272	8	4	0
276	8	4	0
280	8	5	0
291	8	4	0
293	8	3	0
297	8	5	0
298	8	5	0
301	8	4	0
303	8	5	0
308	8	5	0
311	8	4	0
312	8	5	0
313	8	3	0
314	8	4	0
315	8	3	0
318	8	4	0
321	8	4	0
326	8	4	0
327	8	4	0
328	8	3	0
329	8	2	0
330	8	5	0
331	8	3	0
332	8	5	0
334	8	4	0
342	8	4	0
343	8	5	0
344	8	5	0
354	8	5	0
358	8	5	0
363	8	5	0
378	8	4	0
379	8	5	0
385	8	5	0
387	8	4	0
389	8	4	0
391	8	3	0
392	8	5	0
393	8	3	0
397	8	4	0
398	8	3	0
399	8	3	0
405	8	4	0
406	8	4	0
407	8	5	0
409	8	3	0
411	8	3	0
416	8	5	0
429	8	3	0
435	8	3	0
437	8	4	0
452	8	4	0
454	8	5	0
455	8	4	0
457	8	5	0
458	8	4	0
459	8	5	0
465	8	4	0
468	8	4	0
471	8	5	0
474	8	5	0
479	8	5	0
480	8	5	0
481	8	3	0
488	8	3	0
499	8	5	0
500	8	4	0
503	8	5	0
506	8	5	0
521	8	3	0
523	8	5	0
532	8	5	0
533	8	3	0
535	8	4	0
536	8	5	0
541	8	5	0
542	8	3	0
543	8	4	0
553	8	3	0
554	8	4	0
557	8	5	0
561	8	3	0
566	8	4	0
577	8	4	0
588	8	5	0
591	8	3	0
592	8	5	0
593	8	3	0
601	8	3	0
606	8	2	0
608	8	2	0
610	8	4	0
618	8	3	0
620	8	3	0
621	8	5	0
622	8	4	0
628	8	2	0
642	8	5	0
654	8	5	0
655	8	3	0
658	8	5	0
660	8	2	0
661	8	5	0
670	8	4	0
679	8	2	0
682	8	3	0
684	8	5	0
690	8	4	0
691	8	2	0
705	8	3	0
707	8	5	0
711	8	5	0
721	8	4	0
731	8	2	0
745	8	4	0
746	8	4	0
747	8	5	0
748	8	4	0
756	8	4	0
758	8	5	0
766	8	5	0
771	8	5	0
774	8	1	0
778	8	1	0
795	8	5	0
796	8	5	0
805	8	3	0
807	8	4	0
823	8	5	0
838	8	4	0
840	8	5	0
846	8	4	0
847	8	4	0
850	8	5	0
851	8	4	0
854	8	5	0
864	8	5	0
875	8	3	0
878	8	3	0
880	8	4	0
881	8	4	0
882	8	5	0
883	8	4	0
887	8	4	0
889	8	3	0
892	8	5	0
896	8	5	0
897	8	3	0
899	8	4	0
901	8	3	0
902	8	5	0
907	8	3	0
913	8	2	0
921	8	3	0
927	8	4	0
928	8	5	0
930	8	3	0
940	8	5	0
1	58	4	0
11	58	3	0
13	58	4	0
16	58	4	0
18	58	4	0
24	58	3	0
41	58	3	0
42	58	5	0
43	58	3	0
59	58	4	0
64	58	3	0
72	58	4	0
80	58	4	0
85	58	4	0
92	58	4	0
94	58	5	0
95	58	3	0
109	58	4	0
128	58	3	0
130	58	2	0
144	58	3	0
151	58	4	0
156	58	4	0
178	58	5	0
184	58	4	0
194	58	4	0
198	58	3	0
200	58	4	0
201	58	4	0
207	58	3	0
210	58	4	0
216	58	4	0
222	58	3	0
233	58	3	0
236	58	2	0
237	58	4	0
239	58	5	0
244	58	3	0
247	58	4	0
249	58	5	0
262	58	3	0
263	58	4	0
269	58	2	0
271	58	3	0
276	58	4	0
280	58	4	0
292	58	5	0
298	58	4	0
299	58	3	0
301	58	4	0
308	58	3	0
311	58	3	0
313	58	3	0
316	58	3	0
318	58	4	0
325	58	3	0
328	58	4	0
330	58	5	0
331	58	3	0
334	58	4	0
339	58	3	0
342	58	5	0
343	58	4	0
344	58	3	0
345	58	4	0
346	58	3	0
354	58	3	0
363	58	3	0
373	58	4	0
378	58	4	0
380	58	2	0
383	58	4	0
385	58	4	0
387	58	4	0
389	58	4	0
391	58	4	0
392	58	4	0
393	58	3	0
397	58	5	0
398	58	4	0
399	58	3	0
405	58	1	0
406	58	4	0
409	58	4	0
411	58	3	0
416	58	5	0
417	58	3	0
429	58	4	0
435	58	3	0
437	58	4	0
450	58	3	0
452	58	3	0
454	58	4	0
455	58	3	0
457	58	4	0
458	58	5	0
468	58	4	0
474	58	4	0
479	58	4	0
487	58	5	0
488	58	3	0
500	58	3	0
503	58	4	0
504	58	3	0
506	58	4	0
514	58	4	0
524	58	4	0
528	58	5	0
532	58	4	0
533	58	4	0
535	58	5	0
537	58	4	0
538	58	4	0
539	58	3	0
542	58	4	0
551	58	5	0
554	58	4	0
557	58	4	0
560	58	3	0
561	58	3	0
577	58	4	0
592	58	5	0
593	58	4	0
601	58	1	0
606	58	3	0
608	58	2	0
627	58	5	0
629	58	4	0
632	58	3	0
639	58	3	0
642	58	3	0
643	58	4	0
655	58	3	0
659	58	4	0
661	58	4	0
664	58	4	0
682	58	3	0
693	58	3	0
704	58	3	0
705	58	2	0
707	58	3	0
711	58	4	0
715	58	4	0
716	58	5	0
719	58	3	0
721	58	2	0
737	58	4	0
747	58	3	0
748	58	4	0
749	58	3	0
757	58	3	0
758	58	4	0
774	58	1	0
788	58	4	0
795	58	4	0
796	58	3	0
805	58	4	0
823	58	5	0
833	58	2	0
846	58	4	0
854	58	3	0
864	58	5	0
870	58	5	0
881	58	3	0
883	58	3	0
886	58	4	0
889	58	3	0
892	58	4	0
896	58	3	0
901	58	4	0
913	58	5	0
916	58	5	0
919	58	5	0
933	58	3	0
943	58	4	0
1	66	4	0
5	66	1	0
13	66	3	0
16	66	4	0
18	66	3	0
42	66	4	0
43	66	4	0
56	66	3	0
65	66	3	0
83	66	4	0
87	66	5	0
89	66	3	0
92	66	3	0
94	66	2	0
99	66	3	0
102	66	3	0
125	66	5	0
128	66	3	0
130	66	5	0
144	66	4	0
145	66	4	0
151	66	4	0
152	66	5	0
174	66	5	0
178	66	4	0
184	66	4	0
188	66	3	0
194	66	3	0
196	66	3	0
208	66	4	0
216	66	2	0
222	66	4	0
234	66	3	0
235	66	2	0
236	66	2	0
244	66	4	0
246	66	3	0
256	66	4	0
262	66	3	0
269	66	1	0
270	66	4	0
276	66	3	0
279	66	2	0
280	66	5	0
286	66	4	0
290	66	4	0
291	66	4	0
293	66	2	0
301	66	4	0
305	66	3	0
308	66	4	0
311	66	4	0
313	66	1	0
314	66	5	0
318	66	4	0
320	66	4	0
327	66	3	0
330	66	5	0
333	66	5	0
336	66	3	0
340	66	5	0
343	66	3	0
345	66	3	0
354	66	2	0
361	66	4	0
363	66	4	0
371	66	4	0
373	66	4	0
374	66	3	0
378	66	3	0
389	66	3	0
393	66	3	0
398	66	4	0
399	66	3	0
404	66	4	0
405	66	5	0
416	66	5	0
417	66	3	0
429	66	2	0
436	66	5	0
437	66	3	0
450	66	4	0
452	66	4	0
454	66	4	0
457	66	4	0
472	66	5	0
474	66	4	0
476	66	3	0
477	66	5	0
479	66	3	0
481	66	3	0
487	66	5	0
497	66	3	0
503	66	3	0
504	66	4	0
505	66	4	0
506	66	4	0
523	66	4	0
524	66	3	0
532	66	5	0
533	66	4	0
541	66	4	0
543	66	3	0
551	66	2	0
554	66	3	0
562	66	1	0
579	66	4	0
588	66	3	0
591	66	2	0
593	66	5	0
610	66	3	0
618	66	4	0
622	66	3	0
623	66	4	0
639	66	3	0
640	66	4	0
642	66	5	0
643	66	3	0
648	66	5	0
650	66	3	0
654	66	4	0
655	66	2	0
659	66	4	0
666	66	4	0
671	66	5	0
682	66	3	0
684	66	4	0
690	66	3	0
692	66	2	0
698	66	3	0
711	66	4	0
712	66	5	0
719	66	3	0
727	66	3	0
731	66	4	0
741	66	3	0
749	66	3	0
756	66	4	0
758	66	3	0
760	66	2	0
786	66	4	0
790	66	3	0
796	66	5	0
798	66	3	0
823	66	4	0
840	66	3	0
846	66	4	0
847	66	3	0
864	66	3	0
870	66	4	0
878	66	3	0
882	66	4	0
883	66	3	0
886	66	3	0
897	66	3	0
899	66	4	0
901	66	5	0
904	66	4	0
916	66	3	0
921	66	5	0
934	66	4	0
940	66	4	0
1	70	3	0
5	70	4	0
6	70	3	0
7	70	1	0
10	70	4	0
11	70	4	0
13	70	3	0
14	70	1	0
16	70	4	0
18	70	4	0
23	70	2	0
28	70	4	0
38	70	5	0
42	70	3	0
43	70	4	0
49	70	2	0
56	70	4	0
58	70	4	0
59	70	3	0
60	70	4	0
62	70	3	0
64	70	5	0
65	70	1	0
72	70	4	0
76	70	4	0
82	70	4	0
83	70	4	0
84	70	5	0
85	70	4	0
87	70	5	0
90	70	5	0
94	70	4	0
95	70	4	0
98	70	3	0
102	70	3	0
106	70	3	0
109	70	4	0
119	70	3	0
122	70	5	0
125	70	3	0
128	70	3	0
144	70	4	0
148	70	5	0
151	70	4	0
158	70	4	0
161	70	3	0
174	70	5	0
178	70	4	0
184	70	4	0
187	70	4	0
194	70	3	0
196	70	3	0
198	70	3	0
201	70	3	0
207	70	3	0
208	70	3	0
210	70	4	0
213	70	3	0
215	70	3	0
221	70	3	0
222	70	3	0
224	70	2	0
230	70	4	0
233	70	5	0
234	70	3	0
235	70	5	0
244	70	4	0
247	70	5	0
257	70	4	0
262	70	4	0
264	70	4	0
268	70	3	0
269	70	1	0
270	70	5	0
271	70	5	0
276	70	4	0
279	70	1	0
280	70	4	0
283	70	4	0
286	70	5	0
291	70	4	0
293	70	3	0
295	70	5	0
297	70	5	0
299	70	3	0
303	70	4	0
305	70	4	0
307	70	4	0
308	70	4	0
311	70	4	0
312	70	5	0
314	70	1	0
318	70	5	0
327	70	4	0
328	70	4	0
330	70	4	0
332	70	2	0
334	70	3	0
336	70	5	0
344	70	3	0
345	70	5	0
347	70	2	0
354	70	3	0
361	70	4	0
363	70	2	0
373	70	4	0
374	70	4	0
378	70	4	0
393	70	3	0
398	70	4	0
401	70	4	0
405	70	3	0
406	70	3	0
407	70	4	0
412	70	4	0
416	70	5	0
417	70	4	0
425	70	3	0
429	70	4	0
437	70	3	0
440	70	4	0
447	70	3	0
449	70	4	0
450	70	4	0
452	70	5	0
454	70	4	0
455	70	3	0
457	70	4	0
468	70	3	0
474	70	4	0
475	70	4	0
476	70	3	0
479	70	4	0
481	70	5	0
484	70	5	0
487	70	3	0
488	70	3	0
497	70	4	0
500	70	4	0
503	70	4	0
504	70	3	0
506	70	4	0
508	70	4	0
514	70	5	0
523	70	5	0
524	70	4	0
527	70	4	0
530	70	4	0
532	70	4	0
533	70	4	0
535	70	4	0
536	70	2	0
537	70	4	0
542	70	4	0
543	70	4	0
551	70	4	0
554	70	4	0
559	70	3	0
561	70	4	0
563	70	4	0
565	70	5	0
566	70	4	0
576	70	5	0
579	70	3	0
585	70	5	0
591	70	4	0
592	70	4	0
593	70	5	0
605	70	3	0
608	70	4	0
610	70	4	0
615	70	4	0
618	70	3	0
622	70	3	0
623	70	4	0
625	70	3	0
627	70	4	0
630	70	2	0
639	70	3	0
640	70	4	0
642	70	2	0
643	70	3	0
645	70	4	0
647	70	3	0
648	70	2	0
653	70	2	0
654	70	4	0
655	70	2	0
658	70	3	0
659	70	4	0
661	70	4	0
664	70	3	0
666	70	4	0
679	70	4	0
682	70	4	0
684	70	4	0
690	70	2	0
699	70	4	0
707	70	3	0
711	70	5	0
715	70	3	0
716	70	4	0
721	70	3	0
727	70	5	0
741	70	4	0
747	70	4	0
751	70	4	0
763	70	5	0
764	70	4	0
768	70	4	0
773	70	3	0
780	70	2	0
786	70	4	0
788	70	4	0
790	70	3	0
795	70	3	0
804	70	4	0
806	70	2	0
819	70	4	0
821	70	4	0
828	70	3	0
829	70	4	0
838	70	4	0
840	70	3	0
844	70	4	0
846	70	4	0
847	70	3	0
860	70	5	0
861	70	4	0
862	70	4	0
864	70	4	0
870	70	4	0
877	70	5	0
878	70	3	0
880	70	4	0
881	70	2	0
882	70	3	0
883	70	3	0
884	70	4	0
885	70	5	0
889	70	3	0
892	70	4	0
894	70	3	0
896	70	4	0
916	70	4	0
918	70	3	0
919	70	4	0
932	70	4	0
933	70	2	0
934	70	4	0
940	70	3	0
1	71	3	0
6	71	4	0
7	71	5	0
12	71	4	0
13	71	4	0
16	71	5	0
18	71	4	0
23	71	3	0
24	71	5	0
38	71	5	0
42	71	4	0
43	71	4	0
44	71	3	0
48	71	3	0
49	71	3	0
56	71	4	0
59	71	3	0
60	71	3	0
62	71	4	0
64	71	3	0
70	71	3	0
82	71	4	0
83	71	3	0
85	71	4	0
92	71	5	0
94	71	4	0
95	71	5	0
109	71	4	0
128	71	4	0
130	71	5	0
148	71	5	0
152	71	5	0
175	71	4	0
178	71	4	0
184	71	4	0
186	71	5	0
194	71	4	0
198	71	3	0
200	71	4	0
201	71	3	0
219	71	1	0
222	71	4	0
223	71	5	0
230	71	5	0
233	71	5	0
234	71	3	0
236	71	3	0
244	71	4	0
250	71	5	0
254	71	3	0
262	71	4	0
268	71	3	0
274	71	4	0
275	71	3	0
276	71	4	0
279	71	3	0
280	71	4	0
283	71	4	0
290	71	5	0
291	71	4	0
293	71	4	0
295	71	5	0
298	71	5	0
299	71	3	0
301	71	4	0
303	71	3	0
305	71	3	0
307	71	5	0
308	71	4	0
311	71	4	0
312	71	4	0
313	71	4	0
314	71	5	0
316	71	1	0
320	71	3	0
325	71	3	0
328	71	4	0
330	71	5	0
334	71	3	0
340	71	5	0
344	71	3	0
345	71	3	0
363	71	3	0
373	71	5	0
374	71	5	0
378	71	4	0
380	71	4	0
387	71	2	0
389	71	4	0
391	71	3	0
393	71	3	0
398	71	5	0
399	71	3	0
401	71	2	0
405	71	1	0
406	71	3	0
407	71	3	0
416	71	4	0
429	71	3	0
435	71	3	0
437	71	3	0
450	71	3	0
452	71	3	0
454	71	3	0
455	71	3	0
456	71	3	0
468	71	5	0
471	71	3	0
472	71	2	0
474	71	5	0
478	71	3	0
479	71	1	0
484	71	2	0
487	71	3	0
488	71	3	0
493	71	5	0
495	71	5	0
497	71	4	0
504	71	5	0
505	71	4	0
506	71	5	0
524	71	3	0
533	71	4	0
535	71	4	0
536	71	5	0
541	71	5	0
542	71	3	0
543	71	4	0
545	71	5	0
551	71	4	0
554	71	4	0
561	71	2	0
566	71	2	0
577	71	5	0
588	71	4	0
592	71	4	0
593	71	4	0
601	71	1	0
606	71	5	0
610	71	4	0
618	71	4	0
620	71	5	0
621	71	3	0
630	71	3	0
632	71	4	0
633	71	3	0
642	71	5	0
647	71	4	0
648	71	3	0
650	71	3	0
654	71	3	0
660	71	2	0
661	71	4	0
664	71	4	0
665	71	4	0
682	71	5	0
694	71	4	0
705	71	5	0
711	71	3	0
712	71	5	0
715	71	3	0
719	71	3	0
727	71	3	0
738	71	3	0
747	71	5	0
748	71	3	0
749	71	4	0
753	71	5	0
756	71	3	0
757	71	4	0
760	71	4	0
764	71	5	0
766	71	3	0
771	71	5	0
779	71	4	0
786	71	5	0
788	71	3	0
796	71	4	0
798	71	3	0
804	71	4	0
805	71	3	0
807	71	5	0
815	71	5	0
821	71	5	0
822	71	4	0
823	71	3	0
826	71	5	0
830	71	4	0
838	71	3	0
840	71	3	0
843	71	2	0
844	71	3	0
846	71	4	0
847	71	4	0
848	71	5	0
850	71	5	0
851	71	4	0
864	71	3	0
865	71	1	0
875	71	2	0
878	71	4	0
880	71	4	0
881	71	4	0
882	71	5	0
885	71	4	0
886	71	4	0
887	71	5	0
889	71	3	0
892	71	3	0
896	71	5	0
897	71	5	0
899	71	4	0
901	71	4	0
907	71	5	0
916	71	3	0
921	71	4	0
922	71	4	0
924	71	5	0
927	71	5	0
942	71	5	0
1	73	3	0
7	73	3	0
13	73	3	0
23	73	3	0
42	73	4	0
43	73	4	0
56	73	4	0
59	73	4	0
60	73	4	0
65	73	4	0
82	73	4	0
87	73	3	0
92	73	3	0
95	73	4	0
102	73	3	0
125	73	5	0
128	73	3	0
144	73	3	0
151	73	4	0
167	73	2	0
178	73	5	0
193	73	3	0
194	73	3	0
198	73	3	0
207	73	3	0
210	73	5	0
222	73	4	0
234	73	2	0
268	73	3	0
271	73	2	0
276	73	3	0
279	73	4	0
280	73	3	0
286	73	5	0
293	73	2	0
295	73	4	0
297	73	2	0
299	73	2	0
301	73	4	0
303	73	3	0
308	73	3	0
311	73	4	0
313	73	5	0
314	73	4	0
328	73	4	0
330	73	5	0
332	73	4	0
334	73	3	0
339	73	3	0
344	73	3	0
347	73	2	0
363	73	2	0
371	73	5	0
378	73	3	0
393	73	4	0
394	73	3	0
398	73	3	0
399	73	3	0
405	73	5	0
406	73	2	0
407	73	4	0
411	73	4	0
416	73	3	0
417	73	3	0
429	73	3	0
435	73	3	0
436	73	4	0
450	73	3	0
452	73	3	0
453	73	4	0
454	73	3	0
472	73	4	0
474	73	3	0
476	73	4	0
484	73	4	0
487	73	3	0
497	73	3	0
505	73	4	0
506	73	4	0
508	73	3	0
514	73	4	0
521	73	3	0
536	73	4	0
541	73	4	0
542	73	3	0
545	73	4	0
551	73	2	0
559	73	4	0
562	73	4	0
588	73	3	0
593	73	2	0
618	73	3	0
621	73	5	0
632	73	3	0
642	73	4	0
645	73	3	0
647	73	5	0
650	73	3	0
659	73	4	0
664	73	2	0
679	73	4	0
682	73	5	0
684	73	4	0
690	73	2	0
700	73	3	0
712	73	5	0
715	73	4	0
716	73	4	0
727	73	4	0
747	73	4	0
749	73	4	0
763	73	3	0
788	73	3	0
790	73	4	0
798	73	4	0
807	73	3	0
846	73	4	0
864	73	5	0
868	73	1	0
889	73	3	0
892	73	3	0
896	73	3	0
897	73	3	0
899	73	4	0
901	73	5	0
916	73	3	0
933	73	4	0
943	73	3	0
1	88	4	0
11	88	3	0
12	88	5	0
13	88	4	0
18	88	3	0
23	88	3	0
38	88	5	0
42	88	5	0
43	88	5	0
44	88	2	0
56	88	1	0
60	88	4	0
65	88	4	0
70	88	4	0
83	88	5	0
87	88	5	0
89	88	4	0
92	88	3	0
94	88	3	0
95	88	4	0
98	88	3	0
102	88	3	0
106	88	3	0
109	88	4	0
110	88	4	0
125	88	5	0
128	88	4	0
130	88	2	0
145	88	5	0
151	88	5	0
152	88	5	0
174	88	5	0
175	88	4	0
183	88	3	0
184	88	3	0
188	88	4	0
194	88	3	0
200	88	4	0
207	88	2	0
208	88	5	0
210	88	4	0
215	88	3	0
222	88	4	0
234	88	3	0
236	88	2	0
244	88	4	0
249	88	4	0
256	88	5	0
264	88	3	0
267	88	4	0
268	88	2	0
269	88	1	0
270	88	5	0
271	88	4	0
274	88	4	0
276	88	3	0
279	88	1	0
280	88	3	0
286	88	4	0
290	88	4	0
293	88	3	0
295	88	4	0
298	88	5	0
299	88	3	0
301	88	4	0
303	88	4	0
305	88	2	0
308	88	4	0
311	88	4	0
313	88	2	0
314	88	5	0
318	88	4	0
326	88	2	0
327	88	2	0
330	88	5	0
333	88	5	0
336	88	2	0
339	88	4	0
340	88	5	0
342	88	1	0
343	88	4	0
344	88	3	0
345	88	4	0
346	88	4	0
354	88	2	0
361	88	4	0
363	88	2	0
373	88	4	0
374	88	3	0
378	88	4	0
379	88	4	0
389	88	3	0
393	88	3	0
394	88	3	0
398	88	4	0
401	88	4	0
405	88	3	0
406	88	2	0
407	88	3	0
411	88	3	0
416	88	3	0
429	88	3	0
437	88	3	0
450	88	5	0
452	88	2	0
454	88	4	0
457	88	4	0
472	88	2	0
474	88	4	0
476	88	4	0
477	88	5	0
479	88	4	0
481	88	4	0
484	88	4	0
487	88	4	0
495	88	4	0
496	88	1	0
500	88	4	0
503	88	4	0
504	88	3	0
505	88	4	0
506	88	4	0
508	88	3	0
514	88	4	0
530	88	4	0
533	88	4	0
536	88	4	0
537	88	2	0
538	88	2	0
541	88	3	0
542	88	3	0
543	88	4	0
545	88	3	0
551	88	4	0
561	88	2	0
562	88	5	0
566	88	3	0
577	88	3	0
579	88	4	0
588	88	5	0
591	88	3	0
593	88	4	0
606	88	4	0
618	88	4	0
621	88	2	0
622	88	3	0
623	88	4	0
639	88	3	0
642	88	5	0
643	88	2	0
647	88	4	0
648	88	4	0
650	88	3	0
653	88	3	0
655	88	2	0
659	88	2	0
665	88	3	0
671	88	4	0
682	88	4	0
684	88	4	0
690	88	4	0
693	88	3	0
694	88	4	0
707	88	3	0
711	88	5	0
712	88	4	0
715	88	3	0
716	88	4	0
719	88	3	0
727	88	5	0
738	88	3	0
741	88	4	0
747	88	2	0
749	88	4	0
751	88	4	0
756	88	1	0
758	88	4	0
763	88	4	0
771	88	4	0
774	88	1	0
786	88	4	0
796	88	5	0
798	88	4	0
805	88	2	0
806	88	4	0
815	88	4	0
823	88	5	0
830	88	4	0
840	88	4	0
846	88	4	0
847	88	2	0
848	88	4	0
850	88	5	0
864	88	4	0
870	88	2	0
877	88	4	0
878	88	4	0
880	88	3	0
881	88	3	0
883	88	4	0
885	88	4	0
892	88	4	0
896	88	5	0
897	88	4	0
901	88	5	0
904	88	3	0
907	88	5	0
914	88	2	0
916	88	4	0
918	88	2	0
919	88	2	0
933	88	3	0
934	88	4	0
1	91	5	0
7	91	3	0
13	91	2	0
18	91	3	0
23	91	4	0
43	91	3	0
44	91	2	0
49	91	5	0
56	91	4	0
59	91	4	0
62	91	4	0
64	91	4	0
70	91	3	0
77	91	3	0
92	91	3	0
94	91	5	0
95	91	5	0
96	91	5	0
102	91	3	0
109	91	4	0
142	91	5	0
144	91	2	0
151	91	2	0
165	91	4	0
184	91	3	0
189	91	3	0
194	91	3	0
200	91	4	0
216	91	4	0
222	91	2	0
230	91	3	0
232	91	5	0
233	91	3	0
234	91	5	0
239	91	4	0
250	91	5	0
262	91	3	0
268	91	3	0
276	91	5	0
283	91	5	0
286	91	4	0
290	91	2	0
293	91	2	0
295	91	5	0
298	91	2	0
299	91	4	0
301	91	3	0
303	91	5	0
305	91	2	0
307	91	4	0
308	91	4	0
311	91	3	0
312	91	3	0
330	91	4	0
334	91	4	0
339	91	5	0
345	91	4	0
346	91	1	0
347	91	1	0
363	91	4	0
378	91	3	0
387	91	4	0
394	91	4	0
399	91	4	0
405	91	2	0
407	91	4	0
417	91	2	0
429	91	3	0
435	91	4	0
437	91	3	0
447	91	4	0
450	91	4	0
456	91	2	0
457	91	4	0
468	91	5	0
472	91	5	0
483	91	3	0
493	91	3	0
495	91	2	0
497	91	2	0
508	91	4	0
527	91	2	0
533	91	2	0
537	91	2	0
541	91	5	0
551	91	1	0
561	91	4	0
588	91	5	0
601	91	5	0
606	91	5	0
618	91	4	0
620	91	2	0
621	91	3	0
625	91	4	0
632	91	3	0
640	91	4	0
642	91	4	0
645	91	3	0
650	91	4	0
660	91	4	0
666	91	3	0
677	91	5	0
711	91	4	0
716	91	5	0
727	91	4	0
738	91	4	0
747	91	5	0
751	91	4	0
756	91	3	0
757	91	4	0
758	91	4	0
766	91	5	0
771	91	4	0
773	91	4	0
774	91	1	0
776	91	4	0
790	91	3	0
795	91	5	0
796	91	2	0
804	91	4	0
805	91	5	0
807	91	5	0
815	91	3	0
822	91	3	0
823	91	3	0
826	91	4	0
840	91	5	0
843	91	3	0
846	91	4	0
862	91	5	0
864	91	5	0
865	91	3	0
868	91	3	0
880	91	3	0
885	91	3	0
887	91	5	0
889	91	4	0
896	91	2	0
901	91	1	0
903	91	5	0
916	91	4	0
922	91	4	0
927	91	4	0
1	95	4	0
5	95	4	0
6	95	2	0
13	95	5	0
16	95	5	0
18	95	4	0
20	95	3	0
23	95	4	0
28	95	3	0
38	95	5	0
42	95	5	0
43	95	4	0
44	95	4	0
49	95	2	0
52	95	4	0
56	95	4	0
59	95	2	0
60	95	4	0
64	95	4	0
70	95	4	0
83	95	4	0
84	95	4	0
85	95	4	0
92	95	3	0
95	95	3	0
102	95	4	0
109	95	4	0
125	95	5	0
130	95	5	0
178	95	5	0
184	95	4	0
186	95	3	0
194	95	3	0
198	95	3	0
200	95	5	0
201	95	3	0
216	95	3	0
222	95	4	0
223	95	5	0
230	95	5	0
233	95	5	0
234	95	3	0
244	95	4	0
246	95	3	0
250	95	5	0
253	95	4	0
262	95	3	0
263	95	5	0
268	95	4	0
271	95	4	0
275	95	3	0
276	95	5	0
279	95	3	0
280	95	5	0
283	95	5	0
286	95	5	0
290	95	4	0
291	95	4	0
295	95	4	0
297	95	3	0
299	95	3	0
301	95	5	0
303	95	5	0
308	95	4	0
313	95	3	0
314	95	5	0
320	95	3	0
325	95	2	0
327	95	3	0
330	95	5	0
332	95	5	0
334	95	3	0
340	95	5	0
342	95	4	0
344	95	4	0
347	95	4	0
363	95	3	0
373	95	5	0
374	95	4	0
378	95	4	0
380	95	4	0
381	95	4	0
387	95	2	0
389	95	3	0
393	95	4	0
397	95	4	0
398	95	5	0
399	95	3	0
402	95	5	0
405	95	3	0
406	95	4	0
407	95	3	0
416	95	3	0
417	95	5	0
429	95	3	0
433	95	3	0
435	95	3	0
436	95	4	0
437	95	4	0
450	95	3	0
454	95	2	0
455	95	4	0
456	95	4	0
466	95	2	0
468	95	4	0
471	95	4	0
472	95	3	0
479	95	4	0
484	95	4	0
487	95	4	0
493	95	5	0
495	95	3	0
497	95	4	0
505	95	4	0
506	95	5	0
514	95	4	0
521	95	3	0
523	95	4	0
524	95	3	0
532	95	5	0
536	95	5	0
537	95	1	0
541	95	4	0
542	95	3	0
543	95	3	0
545	95	4	0
551	95	5	0
554	95	4	0
561	95	2	0
566	95	2	0
577	95	5	0
588	95	4	0
592	95	4	0
606	95	4	0
610	95	2	0
618	95	3	0
620	95	4	0
621	95	4	0
622	95	4	0
625	95	3	0
632	95	5	0
642	95	5	0
648	95	3	0
650	95	3	0
654	95	4	0
660	95	2	0
661	95	5	0
664	95	4	0
679	95	3	0
682	95	5	0
698	95	3	0
699	95	3	0
705	95	4	0
710	95	3	0
711	95	4	0
712	95	4	0
715	95	4	0
716	95	4	0
727	95	4	0
731	95	3	0
734	95	4	0
738	95	4	0
741	95	2	0
747	95	3	0
749	95	3	0
751	95	5	0
756	95	3	0
757	95	4	0
758	95	3	0
764	95	5	0
766	95	3	0
771	95	4	0
776	95	4	0
779	95	5	0
786	95	5	0
795	95	4	0
796	95	4	0
798	95	5	0
804	95	2	0
805	95	3	0
806	95	5	0
807	95	4	0
815	95	3	0
821	95	5	0
822	95	4	0
823	95	4	0
826	95	5	0
830	95	3	0
843	95	2	0
844	95	4	0
846	95	3	0
847	95	4	0
848	95	5	0
850	95	5	0
851	95	4	0
864	95	5	0
865	95	1	0
868	95	2	0
870	95	4	0
880	95	3	0
881	95	4	0
882	95	4	0
885	95	4	0
886	95	5	0
887	95	4	0
889	95	4	0
892	95	4	0
896	95	4	0
897	95	3	0
899	95	5	0
901	95	4	0
902	95	4	0
913	95	4	0
919	95	4	0
922	95	3	0
927	95	5	0
933	95	3	0
940	95	5	0
942	95	5	0
1	99	3	0
5	99	3	0
7	99	5	0
10	99	5	0
13	99	4	0
16	99	5	0
18	99	5	0
23	99	4	0
38	99	5	0
42	99	5	0
44	99	4	0
49	99	4	0
59	99	4	0
70	99	4	0
82	99	4	0
85	99	5	0
91	99	2	0
94	99	3	0
95	99	4	0
102	99	2	0
128	99	4	0
130	99	5	0
167	99	4	0
174	99	3	0
178	99	4	0
189	99	5	0
194	99	3	0
195	99	3	0
200	99	5	0
201	99	3	0
210	99	4	0
215	99	4	0
222	99	3	0
230	99	3	0
233	99	3	0
234	99	5	0
246	99	3	0
254	99	3	0
262	99	3	0
263	99	3	0
268	99	3	0
275	99	3	0
276	99	4	0
279	99	3	0
280	99	2	0
286	99	4	0
290	99	4	0
291	99	4	0
293	99	3	0
295	99	4	0
298	99	3	0
299	99	3	0
301	99	4	0
303	99	4	0
307	99	4	0
308	99	4	0
311	99	5	0
313	99	4	0
314	99	4	0
320	99	4	0
325	99	5	0
327	99	4	0
330	99	4	0
334	99	4	0
339	99	4	0
347	99	3	0
373	99	5	0
378	99	4	0
381	99	5	0
385	99	2	0
387	99	5	0
389	99	5	0
392	99	5	0
393	99	3	0
399	99	3	0
401	99	4	0
405	99	5	0
406	99	5	0
407	99	4	0
409	99	3	0
416	99	4	0
417	99	4	0
426	99	4	0
429	99	3	0
436	99	3	0
437	99	4	0
450	99	4	0
452	99	3	0
453	99	3	0
454	99	3	0
456	99	3	0
458	99	4	0
471	99	2	0
472	99	3	0
474	99	4	0
483	99	3	0
487	99	4	0
496	99	3	0
497	99	3	0
504	99	3	0
505	99	4	0
521	99	3	0
527	99	3	0
532	99	5	0
537	99	2	0
541	99	4	0
542	99	5	0
545	99	4	0
553	99	5	0
561	99	3	0
577	99	3	0
588	99	5	0
592	99	5	0
601	99	3	0
606	99	4	0
618	99	3	0
620	99	3	0
622	99	4	0
632	99	5	0
642	99	2	0
643	99	4	0
650	99	4	0
660	99	2	0
686	99	5	0
693	99	3	0
705	99	3	0
710	99	4	0
711	99	3	0
712	99	4	0
716	99	5	0
734	99	4	0
747	99	5	0
749	99	5	0
751	99	4	0
756	99	3	0
758	99	3	0
763	99	4	0
764	99	4	0
766	99	3	0
786	99	4	0
796	99	3	0
804	99	4	0
805	99	2	0
807	99	5	0
815	99	4	0
826	99	3	0
830	99	3	0
840	99	5	0
843	99	2	0
844	99	3	0
846	99	4	0
847	99	2	0
848	99	3	0
862	99	4	0
864	99	3	0
865	99	1	0
878	99	4	0
880	99	3	0
881	99	3	0
882	99	5	0
885	99	4	0
887	99	5	0
892	99	3	0
897	99	5	0
911	99	3	0
913	99	4	0
919	99	4	0
922	99	4	0
927	99	2	0
932	99	4	0
934	99	3	0
942	99	5	0
1	143	1	0
5	143	3	0
6	143	2	0
7	143	3	0
12	143	5	0
13	143	1	0
16	143	5	0
18	143	4	0
20	143	3	0
23	143	3	0
25	143	3	0
28	143	4	0
42	143	4	0
43	143	4	0
44	143	4	0
49	143	3	0
56	143	3	0
59	143	1	0
60	143	3	0
64	143	4	0
70	143	5	0
85	143	4	0
90	143	5	0
91	143	4	0
92	143	3	0
94	143	4	0
95	143	4	0
117	143	1	0
123	143	5	0
125	143	5	0
128	143	5	0
130	143	5	0
151	143	5	0
152	143	5	0
154	143	3	0
174	143	5	0
178	143	4	0
184	143	3	0
188	143	5	0
189	143	5	0
194	143	3	0
195	143	5	0
198	143	3	0
200	143	5	0
207	143	4	0
213	143	5	0
216	143	2	0
223	143	4	0
225	143	2	0
230	143	5	0
233	143	4	0
234	143	3	0
236	143	4	0
254	143	4	0
262	143	3	0
263	143	5	0
267	143	4	0
268	143	2	0
269	143	3	0
276	143	5	0
286	143	4	0
290	143	5	0
291	143	3	0
293	143	4	0
295	143	4	0
297	143	5	0
298	143	5	0
299	143	3	0
301	143	4	0
303	143	4	0
305	143	3	0
307	143	3	0
308	143	4	0
311	143	3	0
312	143	4	0
313	143	3	0
314	143	5	0
318	143	5	0
321	143	3	0
325	143	1	0
327	143	4	0
330	143	5	0
334	143	2	0
338	143	2	0
339	143	5	0
340	143	5	0
342	143	5	0
343	143	4	0
345	143	5	0
346	143	3	0
354	143	4	0
363	143	2	0
373	143	3	0
374	143	2	0
378	143	4	0
379	143	4	0
385	143	3	0
389	143	3	0
393	143	5	0
399	143	5	0
401	143	4	0
405	143	5	0
406	143	1	0
407	143	4	0
416	143	5	0
426	143	3	0
429	143	3	0
436	143	2	0
437	143	5	0
450	143	5	0
452	143	3	0
453	143	2	0
454	143	4	0
456	143	3	0
457	143	5	0
458	143	4	0
465	143	4	0
468	143	5	0
472	143	4	0
474	143	4	0
478	143	5	0
479	143	1	0
484	143	4	0
487	143	3	0
494	143	5	0
495	143	1	0
496	143	3	0
499	143	3	0
500	143	3	0
504	143	4	0
524	143	3	0
527	143	2	0
532	143	4	0
533	143	4	0
536	143	5	0
537	143	1	0
538	143	3	0
541	143	4	0
551	143	4	0
561	143	1	0
562	143	5	0
566	143	3	0
573	143	2	0
577	143	3	0
588	143	5	0
593	143	4	0
601	143	3	0
605	143	1	0
610	143	5	0
618	143	4	0
621	143	2	0
622	143	4	0
632	143	5	0
633	143	4	0
642	143	5	0
643	143	4	0
648	143	4	0
650	143	5	0
653	143	3	0
654	143	5	0
655	143	4	0
659	143	5	0
665	143	4	0
666	143	2	0
679	143	2	0
680	143	4	0
682	143	3	0
693	143	4	0
694	143	4	0
698	143	3	0
705	143	3	0
711	143	5	0
712	143	5	0
715	143	3	0
716	143	5	0
731	143	5	0
734	143	5	0
748	143	3	0
749	143	4	0
751	143	5	0
756	143	5	0
757	143	3	0
758	143	5	0
763	143	3	0
764	143	5	0
778	143	1	0
786	143	4	0
790	143	3	0
795	143	3	0
796	143	5	0
798	143	5	0
804	143	3	0
805	143	3	0
806	143	5	0
807	143	4	0
815	143	5	0
823	143	4	0
835	143	5	0
838	143	5	0
840	143	4	0
843	143	2	0
846	143	5	0
849	143	5	0
862	143	5	0
864	143	4	0
881	143	5	0
882	143	4	0
885	143	4	0
887	143	5	0
892	143	2	0
896	143	4	0
897	143	5	0
907	143	5	0
911	143	5	0
912	143	5	0
913	143	5	0
916	143	3	0
918	143	4	0
921	143	5	0
922	143	4	0
927	143	3	0
930	143	2	0
1	154	5	0
5	154	3	0
6	154	3	0
7	154	5	0
13	154	5	0
18	154	4	0
22	154	4	0
23	154	3	0
49	154	5	0
56	154	2	0
64	154	4	0
71	154	3	0
73	154	5	0
77	154	5	0
80	154	3	0
85	154	4	0
87	154	4	0
90	154	5	0
92	154	4	0
94	154	5	0
102	154	3	0
109	154	2	0
119	154	5	0
124	154	5	0
132	154	4	0
151	154	4	0
158	154	4	0
177	154	4	0
194	154	3	0
195	154	3	0
198	154	4	0
207	154	2	0
210	154	4	0
213	154	5	0
214	154	3	0
218	154	4	0
221	154	3	0
222	154	3	0
230	154	4	0
234	154	3	0
244	154	5	0
250	154	4	0
259	154	5	0
268	154	4	0
269	154	3	0
275	154	2	0
276	154	4	0
279	154	5	0
286	154	4	0
291	154	4	0
295	154	5	0
297	154	5	0
299	154	4	0
301	154	4	0
305	154	4	0
307	154	5	0
308	154	4	0
312	154	4	0
313	154	2	0
315	154	5	0
325	154	3	0
326	154	2	0
327	154	4	0
334	154	4	0
336	154	5	0
339	154	4	0
343	154	5	0
354	154	4	0
363	154	4	0
373	154	5	0
376	154	4	0
377	154	5	0
380	154	3	0
389	154	3	0
393	154	2	0
394	154	3	0
395	154	5	0
398	154	2	0
399	154	3	0
401	154	1	0
406	154	5	0
407	154	5	0
409	154	5	0
412	154	3	0
415	154	4	0
416	154	4	0
417	154	4	0
429	154	3	0
435	154	4	0
437	154	4	0
442	154	4	0
450	154	3	0
452	154	5	0
453	154	3	0
457	154	5	0
465	154	2	0
479	154	3	0
488	154	3	0
493	154	4	0
495	154	4	0
496	154	2	0
504	154	4	0
505	154	1	0
508	154	5	0
514	154	4	0
521	154	2	0
523	154	4	0
527	154	3	0
561	154	4	0
566	154	3	0
588	154	4	0
601	154	5	0
606	154	3	0
618	154	3	0
621	154	5	0
622	154	4	0
625	154	3	0
643	154	4	0
648	154	5	0
650	154	3	0
653	154	3	0
654	154	3	0
660	154	4	0
664	154	5	0
665	154	3	0
666	154	3	0
679	154	4	0
682	154	5	0
690	154	3	0
704	154	3	0
707	154	3	0
711	154	4	0
716	154	5	0
727	154	3	0
737	154	4	0
738	154	3	0
747	154	3	0
748	154	3	0
749	154	5	0
751	154	3	0
758	154	5	0
771	154	2	0
773	154	5	0
778	154	5	0
790	154	4	0
795	154	3	0
796	154	3	0
804	154	3	0
805	154	5	0
807	154	2	0
815	154	5	0
823	154	5	0
833	154	5	0
840	154	3	0
843	154	3	0
844	154	3	0
848	154	5	0
868	154	3	0
870	154	4	0
878	154	3	0
883	154	4	0
885	154	3	0
889	154	4	0
896	154	3	0
899	154	5	0
903	154	4	0
911	154	4	0
912	154	4	0
916	154	4	0
918	154	2	0
927	154	3	0
932	154	5	0
933	154	2	0
934	154	3	0
1	200	3	0
5	200	2	0
6	200	3	0
7	200	5	0
10	200	5	0
12	200	1	0
13	200	3	0
16	200	5	0
18	200	3	0
21	200	5	0
24	200	5	0
28	200	2	0
38	200	5	0
44	200	4	0
49	200	3	0
56	200	4	0
58	200	3	0
59	200	5	0
60	200	4	0
76	200	5	0
92	200	3	0
94	200	4	0
95	200	2	0
96	200	5	0
102	200	3	0
109	200	2	0
114	200	3	0
118	200	5	0
130	200	5	0
145	200	4	0
151	200	3	0
154	200	5	0
177	200	4	0
178	200	3	0
198	200	4	0
201	200	5	0
210	200	5	0
213	200	5	0
216	200	5	0
222	200	3	0
234	200	5	0
236	200	3	0
244	200	5	0
250	200	5	0
253	200	4	0
254	200	3	0
255	200	3	0
259	200	4	0
262	200	3	0
264	200	5	0
268	200	4	0
269	200	4	0
270	200	5	0
271	200	5	0
272	200	5	0
274	200	4	0
276	200	5	0
280	200	5	0
287	200	4	0
288	200	4	0
291	200	4	0
293	200	4	0
297	200	3	0
298	200	3	0
303	200	4	0
305	200	3	0
307	200	3	0
308	200	5	0
311	200	4	0
313	200	3	0
325	200	2	0
326	200	2	0
327	200	4	0
328	200	4	0
330	200	5	0
334	200	4	0
339	200	5	0
343	200	2	0
345	200	4	0
347	200	4	0
363	200	3	0
366	200	5	0
367	200	4	0
372	200	5	0
374	200	5	0
377	200	5	0
378	200	3	0
379	200	4	0
380	200	4	0
383	200	5	0
385	200	3	0
387	200	5	0
388	200	5	0
391	200	5	0
392	200	3	0
405	200	2	0
407	200	4	0
409	200	2	0
416	200	5	0
417	200	4	0
421	200	3	0
422	200	5	0
425	200	4	0
426	200	2	0
429	200	3	0
435	200	5	0
436	200	3	0
437	200	4	0
447	200	3	0
450	200	3	0
455	200	5	0
456	200	4	0
457	200	5	0
468	200	4	0
472	200	4	0
474	200	3	0
479	200	5	0
488	200	2	0
495	200	5	0
497	200	3	0
504	200	4	0
506	200	4	0
508	200	4	0
514	200	2	0
522	200	4	0
527	200	3	0
537	200	3	0
543	200	4	0
546	200	5	0
551	200	4	0
561	200	4	0
577	200	3	0
583	200	5	0
586	200	4	0
593	200	5	0
604	200	1	0
606	200	5	0
617	200	5	0
618	200	5	0
621	200	4	0
625	200	3	0
629	200	4	0
643	200	3	0
645	200	5	0
648	200	2	0
650	200	4	0
653	200	4	0
655	200	4	0
661	200	3	0
665	200	4	0
666	200	5	0
694	200	4	0
707	200	2	0
709	200	4	0
710	200	4	0
711	200	4	0
716	200	4	0
738	200	3	0
748	200	3	0
749	200	4	0
758	200	5	0
763	200	4	0
764	200	4	0
773	200	4	0
774	200	2	0
776	200	4	0
778	200	5	0
786	200	5	0
788	200	4	0
795	200	3	0
796	200	5	0
802	200	4	0
804	200	3	0
805	200	5	0
806	200	4	0
814	200	4	0
815	200	5	0
833	200	4	0
835	200	4	0
843	200	3	0
846	200	4	0
847	200	3	0
848	200	2	0
854	200	5	0
862	200	5	0
864	200	4	0
868	200	3	0
880	200	4	0
881	200	2	0
886	200	3	0
887	200	1	0
890	200	4	0
896	200	4	0
897	200	5	0
899	200	4	0
900	200	2	0
908	200	2	0
913	200	5	0
919	200	4	0
922	200	3	0
924	200	4	0
925	200	2	0
933	200	4	0
940	200	3	0
942	200	4	0
943	200	4	0
1	215	3	0
7	215	4	0
11	215	3	0
12	215	4	0
13	215	5	0
18	215	3	0
23	215	2	0
42	215	5	0
43	215	5	0
48	215	4	0
56	215	5	0
59	215	5	0
60	215	4	0
62	215	3	0
64	215	5	0
65	215	5	0
72	215	4	0
77	215	2	0
80	215	5	0
83	215	4	0
85	215	4	0
90	215	2	0
92	215	4	0
94	215	4	0
95	215	4	0
109	215	3	0
110	215	3	0
122	215	4	0
128	215	3	0
130	215	5	0
144	215	4	0
151	215	3	0
152	215	5	0
161	215	2	0
174	215	5	0
175	215	5	0
178	215	5	0
184	215	4	0
187	215	3	0
194	215	3	0
198	215	4	0
200	215	4	0
201	215	2	0
211	215	5	0
215	215	3	0
216	215	5	0
219	215	5	0
221	215	4	0
222	215	4	0
224	215	4	0
225	215	5	0
232	215	3	0
233	215	5	0
234	215	3	0
243	215	3	0
244	215	4	0
246	215	2	0
263	215	4	0
271	215	4	0
276	215	4	0
280	215	3	0
286	215	3	0
291	215	4	0
293	215	4	0
295	215	5	0
297	215	2	0
298	215	5	0
301	215	5	0
303	215	5	0
305	215	2	0
307	215	4	0
308	215	3	0
311	215	4	0
313	215	4	0
314	215	4	0
318	215	2	0
321	215	3	0
323	215	5	0
327	215	4	0
328	215	3	0
330	215	5	0
331	215	3	0
338	215	3	0
340	215	5	0
343	215	5	0
344	215	3	0
345	215	4	0
346	215	3	0
347	215	4	0
363	215	3	0
373	215	4	0
378	215	4	0
380	215	3	0
385	215	2	0
387	215	2	0
391	215	4	0
393	215	4	0
395	215	5	0
399	215	2	0
405	215	5	0
406	215	3	0
407	215	3	0
416	215	5	0
435	215	2	0
436	215	4	0
437	215	3	0
450	215	5	0
453	215	3	0
454	215	4	0
457	215	4	0
469	215	4	0
472	215	4	0
474	215	5	0
479	215	3	0
487	215	4	0
488	215	5	0
499	215	4	0
500	215	1	0
504	215	4	0
506	215	5	0
508	215	3	0
514	215	4	0
521	215	1	0
524	215	2	0
532	215	5	0
533	215	4	0
535	215	4	0
536	215	4	0
537	215	3	0
538	215	5	0
539	215	4	0
541	215	4	0
545	215	3	0
551	215	4	0
554	215	5	0
561	215	3	0
566	215	3	0
575	215	3	0
577	215	5	0
586	215	4	0
588	215	5	0
592	215	5	0
605	215	3	0
606	215	4	0
608	215	3	0
615	215	4	0
618	215	4	0
622	215	3	0
627	215	1	0
632	215	4	0
639	215	1	0
643	215	3	0
648	215	2	0
650	215	2	0
653	215	2	0
654	215	4	0
655	215	2	0
659	215	4	0
660	215	3	0
661	215	3	0
664	215	4	0
665	215	2	0
679	215	3	0
682	215	4	0
684	215	5	0
693	215	4	0
694	215	3	0
705	215	2	0
709	215	3	0
711	215	3	0
712	215	3	0
716	215	5	0
719	215	4	0
721	215	4	0
731	215	5	0
741	215	4	0
745	215	3	0
747	215	5	0
749	215	4	0
751	215	4	0
753	215	5	0
766	215	3	0
774	215	3	0
781	215	3	0
788	215	3	0
790	215	2	0
796	215	5	0
804	215	5	0
815	215	5	0
823	215	4	0
835	215	4	0
840	215	4	0
843	215	2	0
846	215	5	0
848	215	5	0
862	215	4	0
864	215	4	0
878	215	2	0
881	215	3	0
882	215	5	0
890	215	4	0
892	215	4	0
896	215	5	0
897	215	4	0
911	215	3	0
916	215	3	0
921	215	4	0
922	215	3	0
933	215	3	0
940	215	2	0
942	215	5	0
943	215	5	0
5	367	3	0
6	367	2	0
7	367	5	0
10	367	4	0
11	367	3	0
13	367	3	0
16	367	3	0
18	367	4	0
22	367	1	0
23	367	4	0
24	367	2	0
42	367	2	0
43	367	4	0
49	367	3	0
58	367	5	0
59	367	4	0
64	367	4	0
82	367	4	0
87	367	4	0
90	367	4	0
92	367	3	0
94	367	4	0
99	367	4	0
109	367	3	0
110	367	3	0
125	367	4	0
128	367	4	0
130	367	4	0
152	367	3	0
158	367	4	0
178	367	4	0
180	367	1	0
194	367	3	0
198	367	3	0
207	367	3	0
208	367	2	0
216	367	3	0
222	367	2	0
234	367	4	0
243	367	3	0
244	367	1	0
250	367	4	0
262	367	4	0
264	367	4	0
267	367	4	0
269	367	3	0
276	367	3	0
279	367	3	0
280	367	5	0
286	367	5	0
291	367	4	0
293	367	2	0
297	367	2	0
299	367	4	0
301	367	4	0
303	367	4	0
308	367	4	0
311	367	3	0
314	367	4	0
326	367	3	0
327	367	4	0
332	367	4	0
336	367	3	0
342	367	5	0
343	367	4	0
344	367	5	0
345	367	4	0
361	367	3	0
373	367	3	0
378	367	3	0
385	367	4	0
387	367	3	0
389	367	4	0
393	367	3	0
398	367	3	0
405	367	1	0
406	367	4	0
409	367	3	0
416	367	5	0
417	367	2	0
429	367	3	0
435	367	3	0
436	367	4	0
442	367	2	0
447	367	3	0
450	367	3	0
453	367	2	0
454	367	4	0
456	367	3	0
457	367	4	0
468	367	4	0
472	367	5	0
476	367	3	0
478	367	4	0
481	367	3	0
487	367	3	0
497	367	4	0
500	367	3	0
506	367	3	0
514	367	5	0
524	367	5	0
532	367	5	0
533	367	2	0
539	367	3	0
542	367	4	0
543	367	4	0
553	367	4	0
561	367	3	0
563	367	4	0
588	367	5	0
591	367	3	0
592	367	4	0
618	367	3	0
621	367	3	0
622	367	4	0
632	367	2	0
642	367	5	0
643	367	4	0
645	367	3	0
648	367	3	0
650	367	2	0
653	367	3	0
654	367	4	0
655	367	3	0
659	367	3	0
664	367	3	0
668	367	5	0
682	367	3	0
707	367	4	0
712	367	4	0
715	367	3	0
716	367	4	0
727	367	3	0
738	367	3	0
741	367	2	0
747	367	3	0
751	367	4	0
756	367	4	0
763	367	3	0
766	367	2	0
773	367	2	0
774	367	2	0
778	367	5	0
790	367	4	0
795	367	3	0
796	367	5	0
798	367	3	0
804	367	3	0
805	367	4	0
833	367	3	0
840	367	4	0
846	367	4	0
847	367	3	0
851	367	2	0
864	367	5	0
868	367	2	0
870	367	4	0
880	367	4	0
883	367	5	0
886	367	4	0
892	367	4	0
896	367	4	0
899	367	4	0
916	367	3	0
919	367	4	0
921	367	4	0
922	367	3	0
927	367	5	0
933	367	4	0
943	367	4	0
5	378	1	0
7	378	5	0
18	378	3	0
20	378	3	0
44	378	3	0
60	378	4	0
65	378	5	0
85	378	4	0
95	378	4	0
122	378	4	0
128	378	5	0
151	378	4	0
184	378	4	0
189	378	4	0
200	378	5	0
222	378	1	0
224	378	4	0
230	378	5	0
233	378	4	0
234	378	4	0
250	378	4	0
254	378	3	0
263	378	5	0
269	378	3	0
271	378	4	0
290	378	3	0
295	378	4	0
299	378	3	0
308	378	3	0
311	378	5	0
314	378	5	0
318	378	4	0
326	378	4	0
340	378	5	0
342	378	4	0
345	378	4	0
373	378	5	0
381	378	4	0
385	378	1	0
389	378	5	0
391	378	3	0
393	378	4	0
395	378	5	0
399	378	3	0
405	378	4	0
416	378	5	0
429	378	3	0
437	378	4	0
450	378	5	0
454	378	3	0
457	378	4	0
472	378	4	0
474	378	4	0
487	378	5	0
495	378	5	0
496	378	1	0
505	378	5	0
508	378	5	0
533	378	4	0
536	378	5	0
537	378	2	0
541	378	5	0
545	378	3	0
553	378	3	0
554	378	4	0
566	378	4	0
588	378	3	0
601	378	2	0
610	378	5	0
618	378	4	0
642	378	3	0
650	378	3	0
653	378	3	0
655	378	1	0
665	378	3	0
682	378	3	0
693	378	2	0
694	378	3	0
707	378	3	0
711	378	4	0
712	378	4	0
719	378	4	0
727	378	3	0
731	378	1	0
749	378	5	0
766	378	4	0
790	378	3	0
796	378	4	0
798	378	4	0
804	378	4	0
833	378	3	0
835	378	4	0
843	378	2	0
846	378	4	0
868	378	2	0
870	378	3	0
882	378	5	0
887	378	5	0
892	378	4	0
897	378	5	0
901	378	5	0
5	393	2	0
7	393	4	0
11	393	4	0
13	393	3	0
18	393	3	0
22	393	4	0
38	393	5	0
43	393	4	0
56	393	4	0
59	393	2	0
60	393	4	0
65	393	4	0
70	393	4	0
83	393	5	0
85	393	4	0
87	393	4	0
92	393	3	0
94	393	3	0
95	393	5	0
102	393	3	0
109	393	4	0
110	393	3	0
125	393	4	0
128	393	4	0
130	393	5	0
144	393	4	0
145	393	5	0
151	393	2	0
152	393	5	0
174	393	4	0
184	393	4	0
193	393	4	0
194	393	2	0
196	393	4	0
200	393	4	0
207	393	4	0
208	393	4	0
210	393	3	0
213	393	3	0
222	393	4	0
230	393	3	0
234	393	2	0
244	393	3	0
246	393	3	0
254	393	3	0
262	393	2	0
267	393	3	0
269	393	1	0
271	393	4	0
275	393	3	0
276	393	4	0
279	393	1	0
280	393	4	0
283	393	4	0
286	393	4	0
290	393	3	0
291	393	3	0
293	393	3	0
298	393	4	0
299	393	2	0
301	393	3	0
303	393	4	0
307	393	3	0
308	393	4	0
311	393	4	0
313	393	4	0
314	393	4	0
318	393	5	0
326	393	4	0
327	393	3	0
330	393	4	0
336	393	3	0
345	393	3	0
363	393	4	0
371	393	2	0
373	393	4	0
374	393	4	0
378	393	3	0
379	393	4	0
387	393	2	0
389	393	2	0
393	393	3	0
394	393	4	0
398	393	5	0
399	393	4	0
405	393	4	0
406	393	4	0
407	393	2	0
416	393	4	0
417	393	4	0
429	393	3	0
435	393	2	0
437	393	3	0
450	393	4	0
453	393	3	0
455	393	3	0
457	393	3	0
471	393	5	0
472	393	3	0
476	393	4	0
478	393	4	0
481	393	3	0
484	393	1	0
487	393	4	0
495	393	5	0
496	393	1	0
497	393	4	0
500	393	3	0
504	393	3	0
506	393	3	0
514	393	3	0
521	393	3	0
523	393	5	0
524	393	3	0
528	393	2	0
533	393	4	0
541	393	3	0
542	393	3	0
545	393	4	0
551	393	5	0
559	393	2	0
561	393	2	0
562	393	2	0
566	393	2	0
577	393	4	0
579	393	4	0
586	393	3	0
588	393	4	0
591	393	4	0
593	393	4	0
606	393	4	0
620	393	5	0
621	393	3	0
625	393	4	0
642	393	5	0
643	393	4	0
648	393	4	0
650	393	3	0
653	393	2	0
655	393	2	0
659	393	3	0
660	393	2	0
665	393	3	0
682	393	4	0
684	393	4	0
690	393	4	0
694	393	3	0
705	393	4	0
711	393	4	0
712	393	3	0
716	393	3	0
721	393	5	0
727	393	3	0
731	393	5	0
738	393	3	0
741	393	2	0
747	393	2	0
749	393	5	0
758	393	4	0
766	393	3	0
773	393	2	0
774	393	1	0
790	393	2	0
796	393	4	0
798	393	3	0
804	393	3	0
805	393	3	0
807	393	4	0
815	393	4	0
835	393	5	0
843	393	2	0
846	393	3	0
848	393	5	0
860	393	2	0
864	393	3	0
878	393	3	0
880	393	3	0
881	393	4	0
882	393	4	0
885	393	3	0
886	393	3	0
887	393	4	0
892	393	4	0
896	393	3	0
897	393	4	0
901	393	5	0
907	393	5	0
916	393	2	0
927	393	5	0
933	393	2	0
934	393	2	0
943	393	2	0
5	402	1	0
7	402	5	0
9	402	4	0
11	402	4	0
12	402	5	0
13	402	4	0
18	402	3	0
24	402	4	0
38	402	5	0
42	402	5	0
43	402	4	0
56	402	5	0
59	402	4	0
62	402	3	0
65	402	4	0
72	402	4	0
89	402	4	0
90	402	5	0
92	402	3	0
94	402	4	0
95	402	3	0
99	402	4	0
109	402	4	0
110	402	4	0
128	402	1	0
151	402	3	0
152	402	5	0
174	402	5	0
184	402	3	0
193	402	3	0
194	402	3	0
198	402	3	0
200	402	4	0
201	402	2	0
208	402	4	0
210	402	5	0
216	402	2	0
221	402	2	0
222	402	4	0
224	402	5	0
230	402	5	0
246	402	3	0
256	402	4	0
262	402	4	0
268	402	1	0
269	402	2	0
270	402	5	0
271	402	4	0
276	402	3	0
280	402	4	0
286	402	3	0
290	402	4	0
291	402	4	0
293	402	2	0
295	402	5	0
298	402	3	0
299	402	3	0
301	402	2	0
303	402	4	0
307	402	2	0
308	402	4	0
311	402	4	0
313	402	3	0
314	402	4	0
325	402	2	0
328	402	3	0
339	402	3	0
340	402	4	0
345	402	4	0
361	402	3	0
363	402	2	0
373	402	4	0
378	402	4	0
379	402	3	0
389	402	3	0
393	402	3	0
394	402	4	0
399	402	3	0
405	402	3	0
407	402	2	0
416	402	5	0
417	402	4	0
435	402	3	0
437	402	2	0
450	402	4	0
453	402	3	0
454	402	3	0
455	402	4	0
456	402	2	0
457	402	4	0
472	402	5	0
487	402	4	0
495	402	3	0
497	402	4	0
500	402	3	0
503	402	3	0
504	402	4	0
505	402	5	0
506	402	4	0
514	402	4	0
521	402	3	0
524	402	2	0
528	402	4	0
532	402	5	0
533	402	4	0
536	402	4	0
537	402	1	0
541	402	3	0
551	402	4	0
562	402	5	0
577	402	4	0
588	402	5	0
593	402	4	0
610	402	5	0
622	402	3	0
627	402	3	0
632	402	3	0
642	402	4	0
647	402	4	0
650	402	3	0
653	402	1	0
655	402	2	0
659	402	3	0
660	402	3	0
684	402	3	0
690	402	3	0
693	402	3	0
709	402	3	0
711	402	4	0
712	402	4	0
719	402	4	0
721	402	4	0
727	402	3	0
748	402	2	0
749	402	4	0
751	402	3	0
756	402	4	0
761	402	3	0
766	402	3	0
774	402	2	0
788	402	3	0
790	402	2	0
795	402	2	0
796	402	5	0
798	402	3	0
804	402	3	0
805	402	2	0
807	402	5	0
815	402	5	0
830	402	4	0
843	402	2	0
864	402	3	0
868	402	1	0
871	402	3	0
877	402	3	0
878	402	4	0
880	402	3	0
885	402	3	0
889	402	3	0
896	402	4	0
897	402	5	0
901	402	4	0
904	402	4	0
907	402	5	0
914	402	5	0
916	402	3	0
922	402	3	0
924	402	3	0
927	402	4	0
943	402	2	0
5	404	2	0
7	404	5	0
10	404	4	0
13	404	5	0
16	404	5	0
18	404	4	0
23	404	4	0
25	404	3	0
38	404	5	0
42	404	5	0
49	404	3	0
59	404	3	0
60	404	3	0
70	404	4	0
85	404	3	0
94	404	4	0
95	404	5	0
128	404	3	0
130	404	5	0
167	404	3	0
194	404	3	0
210	404	5	0
234	404	4	0
246	404	3	0
250	404	4	0
268	404	4	0
276	404	4	0
280	404	3	0
286	404	5	0
290	404	3	0
291	404	4	0
293	404	4	0
295	404	4	0
301	404	3	0
303	404	4	0
308	404	3	0
311	404	3	0
313	404	4	0
318	404	3	0
339	404	4	0
347	404	4	0
373	404	4	0
378	404	4	0
389	404	5	0
393	404	3	0
399	404	3	0
401	404	2	0
405	404	4	0
406	404	5	0
409	404	2	0
416	404	3	0
417	404	3	0
426	404	3	0
429	404	4	0
435	404	2	0
437	404	5	0
452	404	4	0
454	404	3	0
465	404	2	0
471	404	2	0
472	404	3	0
487	404	4	0
493	404	4	0
495	404	4	0
504	404	4	0
506	404	5	0
532	404	5	0
536	404	4	0
537	404	3	0
541	404	4	0
545	404	4	0
588	404	3	0
606	404	4	0
618	404	5	0
620	404	4	0
621	404	3	0
622	404	3	0
632	404	5	0
642	404	3	0
643	404	4	0
650	404	3	0
660	404	2	0
698	404	1	0
711	404	3	0
712	404	3	0
716	404	4	0
747	404	5	0
749	404	5	0
756	404	3	0
786	404	4	0
807	404	3	0
815	404	4	0
823	404	4	0
846	404	4	0
847	404	3	0
864	404	4	0
887	404	4	0
890	404	4	0
897	404	4	0
911	404	3	0
927	404	4	0
5	418	3	0
7	418	4	0
10	418	4	0
13	418	2	0
16	418	5	0
18	418	3	0
23	418	4	0
38	418	5	0
42	418	5	0
43	418	4	0
49	418	3	0
59	418	2	0
60	418	3	0
70	418	3	0
82	418	4	0
85	418	3	0
91	418	2	0
92	418	3	0
94	418	3	0
102	418	3	0
128	418	4	0
130	418	5	0
148	418	3	0
151	418	3	0
189	418	3	0
222	418	2	0
225	418	5	0
230	418	5	0
233	418	4	0
234	418	3	0
246	418	3	0
250	418	5	0
251	418	4	0
254	418	3	0
262	418	3	0
275	418	3	0
276	418	4	0
279	418	3	0
290	418	3	0
291	418	4	0
298	418	4	0
299	418	4	0
301	418	3	0
303	418	4	0
311	418	4	0
313	418	3	0
314	418	5	0
327	418	3	0
330	418	5	0
340	418	5	0
347	418	4	0
373	418	5	0
378	418	3	0
381	418	3	0
387	418	3	0
389	418	4	0
393	418	3	0
394	418	4	0
399	418	3	0
405	418	5	0
406	418	5	0
407	418	4	0
416	418	4	0
417	418	4	0
426	418	3	0
429	418	3	0
437	418	3	0
450	418	4	0
452	418	4	0
454	418	3	0
471	418	3	0
472	418	3	0
474	418	3	0
488	418	3	0
495	418	4	0
496	418	3	0
497	418	3	0
504	418	3	0
506	418	4	0
524	418	1	0
541	418	5	0
542	418	4	0
562	418	5	0
592	418	4	0
601	418	2	0
606	418	5	0
608	418	1	0
618	418	3	0
620	418	3	0
621	418	3	0
622	418	3	0
642	418	5	0
643	418	4	0
654	418	4	0
661	418	4	0
665	418	4	0
710	418	3	0
712	418	3	0
716	418	4	0
738	418	3	0
747	418	5	0
749	418	5	0
751	418	5	0
756	418	3	0
763	418	4	0
764	418	4	0
774	418	2	0
786	418	4	0
796	418	4	0
798	418	4	0
805	418	2	0
807	418	4	0
815	418	4	0
823	418	4	0
830	418	3	0
844	418	3	0
864	418	3	0
865	418	1	0
875	418	4	0
878	418	3	0
880	418	4	0
885	418	4	0
887	418	4	0
892	418	4	0
897	418	4	0
912	418	4	0
913	418	3	0
919	418	4	0
922	418	4	0
5	419	3	0
6	419	4	0
7	419	3	0
13	419	3	0
18	419	3	0
23	419	3	0
25	419	4	0
38	419	5	0
42	419	5	0
44	419	4	0
49	419	4	0
57	419	3	0
59	419	2	0
60	419	3	0
64	419	2	0
70	419	5	0
85	419	5	0
94	419	3	0
95	419	4	0
128	419	3	0
130	419	5	0
151	419	3	0
165	419	4	0
175	419	5	0
188	419	5	0
194	419	2	0
200	419	4	0
210	419	4	0
222	419	2	0
230	419	4	0
232	419	4	0
234	419	4	0
235	419	5	0
236	419	5	0
239	419	3	0
254	419	4	0
262	419	3	0
263	419	5	0
271	419	3	0
275	419	3	0
276	419	5	0
280	419	3	0
286	419	5	0
290	419	4	0
292	419	4	0
293	419	3	0
295	419	4	0
297	419	3	0
298	419	5	0
301	419	3	0
303	419	4	0
307	419	4	0
308	419	4	0
311	419	3	0
312	419	3	0
313	419	3	0
314	419	4	0
318	419	5	0
321	419	4	0
326	419	3	0
327	419	4	0
330	419	5	0
334	419	3	0
354	419	4	0
378	419	4	0
379	419	4	0
380	419	3	0
381	419	5	0
385	419	2	0
389	419	3	0
393	419	4	0
394	419	5	0
399	419	3	0
405	419	4	0
406	419	1	0
416	419	4	0
417	419	4	0
429	419	4	0
437	419	5	0
450	419	5	0
452	419	4	0
454	419	4	0
456	419	4	0
472	419	4	0
474	419	4	0
484	419	4	0
487	419	3	0
488	419	3	0
495	419	1	0
496	419	2	0
504	419	3	0
505	419	3	0
514	419	4	0
524	419	1	0
532	419	5	0
535	419	3	0
536	419	3	0
537	419	2	0
541	419	5	0
545	419	3	0
566	419	2	0
588	419	5	0
601	419	4	0
603	419	2	0
606	419	4	0
608	419	4	0
610	419	5	0
618	419	4	0
620	419	2	0
621	419	4	0
622	419	4	0
632	419	4	0
642	419	4	0
643	419	4	0
650	419	4	0
659	419	5	0
660	419	2	0
665	419	4	0
670	419	4	0
679	419	3	0
682	419	3	0
693	419	2	0
694	419	4	0
698	419	3	0
705	419	3	0
707	419	3	0
710	419	4	0
711	419	5	0
712	419	3	0
716	419	5	0
727	419	2	0
731	419	4	0
734	419	4	0
747	419	5	0
749	419	5	0
751	419	4	0
756	419	3	0
758	419	4	0
766	419	3	0
780	419	4	0
786	419	4	0
795	419	3	0
796	419	5	0
798	419	4	0
804	419	3	0
805	419	4	0
806	419	5	0
807	419	5	0
815	419	3	0
823	419	4	0
836	419	2	0
838	419	5	0
840	419	5	0
843	419	2	0
846	419	5	0
847	419	3	0
848	419	5	0
850	419	5	0
864	419	4	0
868	419	3	0
881	419	5	0
882	419	5	0
885	419	4	0
886	419	3	0
887	419	2	0
892	419	3	0
897	419	4	0
901	419	5	0
908	419	4	0
911	419	5	0
912	419	4	0
913	419	5	0
918	419	3	0
919	419	5	0
921	419	5	0
929	419	4	0
934	419	4	0
943	419	2	0
5	432	4	0
6	432	4	0
7	432	4	0
10	432	4	0
13	432	4	0
18	432	4	0
23	432	4	0
25	432	2	0
38	432	1	0
42	432	3	0
43	432	3	0
44	432	5	0
49	432	5	0
56	432	5	0
59	432	4	0
70	432	3	0
81	432	2	0
82	432	4	0
85	432	4	0
92	432	3	0
94	432	4	0
95	432	3	0
97	432	4	0
102	432	3	0
123	432	5	0
128	432	2	0
148	432	5	0
151	432	5	0
160	432	3	0
165	432	5	0
194	432	4	0
200	432	5	0
201	432	3	0
213	432	4	0
215	432	5	0
222	432	3	0
230	432	4	0
233	432	3	0
234	432	4	0
236	432	5	0
239	432	5	0
246	432	3	0
254	432	2	0
262	432	3	0
263	432	2	0
268	432	3	0
269	432	4	0
275	432	4	0
276	432	5	0
279	432	3	0
283	432	5	0
286	432	3	0
290	432	5	0
293	432	5	0
297	432	4	0
298	432	4	0
299	432	3	0
303	432	3	0
308	432	4	0
311	432	4	0
312	432	5	0
313	432	5	0
321	432	5	0
325	432	5	0
328	432	1	0
330	432	4	0
347	432	4	0
354	432	3	0
373	432	5	0
378	432	4	0
381	432	5	0
387	432	4	0
398	432	3	0
399	432	3	0
405	432	3	0
406	432	5	0
407	432	4	0
415	432	4	0
416	432	2	0
426	432	3	0
429	432	4	0
435	432	3	0
437	432	3	0
450	432	4	0
452	432	2	0
456	432	4	0
468	432	5	0
471	432	1	0
472	432	5	0
483	432	3	0
487	432	3	0
495	432	5	0
496	432	4	0
497	432	3	0
503	432	5	0
506	432	4	0
514	432	4	0
523	432	5	0
524	432	1	0
536	432	4	0
541	432	4	0
542	432	5	0
543	432	4	0
554	432	4	0
561	432	5	0
562	432	5	0
588	432	4	0
592	432	1	0
606	432	5	0
618	432	5	0
620	432	4	0
621	432	4	0
622	432	5	0
632	432	3	0
641	432	5	0
642	432	2	0
643	432	5	0
648	432	5	0
650	432	4	0
660	432	4	0
665	432	4	0
666	432	3	0
679	432	4	0
693	432	4	0
694	432	4	0
704	432	5	0
710	432	5	0
711	432	4	0
712	432	4	0
716	432	5	0
727	432	2	0
747	432	5	0
751	432	4	0
756	432	4	0
757	432	3	0
763	432	5	0
764	432	5	0
766	432	3	0
767	432	5	0
773	432	4	0
776	432	1	0
788	432	1	0
795	432	3	0
796	432	2	0
798	432	4	0
804	432	3	0
805	432	5	0
807	432	5	0
815	432	5	0
822	432	3	0
826	432	3	0
830	432	3	0
833	432	4	0
840	432	5	0
843	432	2	0
844	432	5	0
846	432	3	0
848	432	2	0
862	432	5	0
864	432	2	0
865	432	1	0
868	432	2	0
878	432	3	0
881	432	3	0
882	432	5	0
885	432	4	0
887	432	5	0
892	432	4	0
911	432	3	0
913	432	3	0
919	432	4	0
922	432	5	0
932	432	4	0
934	432	5	0
5	433	5	0
7	433	5	0
11	433	4	0
13	433	4	0
22	433	3	0
23	433	5	0
38	433	5	0
42	433	2	0
44	433	4	0
48	433	3	0
49	433	5	0
56	433	4	0
58	433	5	0
59	433	5	0
60	433	4	0
62	433	5	0
64	433	2	0
73	433	4	0
85	433	3	0
87	433	3	0
90	433	3	0
92	433	5	0
94	433	4	0
95	433	4	0
99	433	4	0
118	433	5	0
128	433	4	0
130	433	3	0
151	433	3	0
158	433	3	0
163	433	1	0
174	433	5	0
177	433	4	0
178	433	4	0
180	433	5	0
187	433	4	0
189	433	5	0
194	433	3	0
195	433	3	0
198	433	2	0
207	433	3	0
215	433	3	0
216	433	3	0
219	433	5	0
222	433	4	0
234	433	2	0
235	433	4	0
239	433	5	0
244	433	5	0
246	433	5	0
253	433	3	0
262	433	4	0
264	433	5	0
267	433	5	0
268	433	4	0
269	433	3	0
276	433	4	0
279	433	4	0
283	433	4	0
286	433	5	0
293	433	3	0
299	433	5	0
303	433	4	0
305	433	2	0
307	433	5	0
308	433	5	0
311	433	3	0
314	433	3	0
315	433	4	0
320	433	4	0
326	433	2	0
327	433	4	0
328	433	2	0
334	433	5	0
339	433	4	0
342	433	5	0
344	433	4	0
345	433	4	0
354	433	3	0
363	433	4	0
370	433	3	0
373	433	3	0
378	433	4	0
379	433	4	0
380	433	3	0
385	433	4	0
394	433	4	0
399	433	3	0
405	433	4	0
406	433	3	0
407	433	4	0
409	433	4	0
414	433	5	0
416	433	4	0
417	433	4	0
429	433	3	0
435	433	5	0
436	433	5	0
437	433	3	0
442	433	4	0
445	433	2	0
450	433	3	0
456	433	4	0
457	433	5	0
458	433	4	0
476	433	4	0
478	433	3	0
495	433	4	0
496	433	4	0
497	433	3	0
514	433	5	0
524	433	5	0
527	433	4	0
535	433	5	0
537	433	4	0
542	433	3	0
551	433	5	0
561	433	1	0
567	433	4	0
579	433	3	0
588	433	5	0
592	433	5	0
618	433	2	0
622	433	4	0
625	433	3	0
645	433	4	0
655	433	2	0
658	433	4	0
661	433	5	0
664	433	3	0
666	433	3	0
682	433	3	0
698	433	4	0
711	433	4	0
712	433	3	0
715	433	2	0
723	433	3	0
727	433	5	0
747	433	3	0
749	433	3	0
751	433	3	0
757	433	4	0
758	433	5	0
766	433	3	0
773	433	3	0
780	433	1	0
788	433	2	0
795	433	4	0
796	433	2	0
804	433	4	0
805	433	4	0
806	433	4	0
815	433	3	0
823	433	4	0
833	433	3	0
846	433	4	0
848	433	3	0
862	433	4	0
864	433	3	0
868	433	4	0
870	433	3	0
886	433	2	0
889	433	4	0
897	433	4	0
899	433	4	0
916	433	3	0
918	433	2	0
922	433	4	0
924	433	5	0
929	433	2	0
933	433	1	0
5	451	1	0
7	451	5	0
11	451	2	0
13	451	1	0
18	451	3	0
22	451	4	0
23	451	2	0
38	451	5	0
42	451	2	0
56	451	3	0
59	451	5	0
62	451	3	0
64	451	2	0
70	451	4	0
85	451	4	0
87	451	4	0
89	451	3	0
92	451	3	0
94	451	4	0
95	451	3	0
109	451	5	0
110	451	4	0
119	451	5	0
125	451	4	0
128	451	4	0
151	451	5	0
152	451	5	0
159	451	5	0
174	451	5	0
184	451	4	0
194	451	2	0
195	451	5	0
200	451	4	0
210	451	3	0
215	451	3	0
222	451	3	0
230	451	4	0
234	451	3	0
244	451	4	0
246	451	2	0
254	451	2	0
256	451	4	0
262	451	4	0
264	451	4	0
269	451	1	0
271	451	3	0
275	451	3	0
276	451	3	0
279	451	1	0
280	451	5	0
286	451	5	0
293	451	3	0
295	451	4	0
301	451	4	0
303	451	5	0
305	451	3	0
311	451	3	0
318	451	4	0
326	451	2	0
327	451	4	0
328	451	4	0
330	451	5	0
332	451	5	0
336	451	2	0
339	451	3	0
344	451	4	0
345	451	5	0
354	451	3	0
361	451	3	0
363	451	2	0
373	451	5	0
378	451	4	0
379	451	4	0
385	451	1	0
389	451	2	0
393	451	3	0
399	451	3	0
401	451	2	0
405	451	5	0
406	451	2	0
411	451	4	0
416	451	5	0
417	451	4	0
435	451	4	0
437	451	5	0
450	451	4	0
453	451	2	0
454	451	4	0
457	451	4	0
476	451	3	0
477	451	5	0
478	451	5	0
484	451	4	0
495	451	4	0
497	451	2	0
503	451	4	0
504	451	1	0
508	451	3	0
523	451	5	0
524	451	3	0
532	451	4	0
533	451	2	0
542	451	3	0
545	451	3	0
551	451	1	0
561	451	2	0
586	451	4	0
588	451	5	0
591	451	3	0
593	451	3	0
606	451	3	0
621	451	1	0
622	451	4	0
623	451	4	0
632	451	4	0
639	451	4	0
642	451	5	0
643	451	2	0
650	451	2	0
653	451	2	0
655	451	3	0
659	451	5	0
671	451	4	0
682	451	3	0
686	451	4	0
690	451	4	0
694	451	4	0
709	451	1	0
711	451	5	0
712	451	5	0
716	451	4	0
727	451	5	0
741	451	3	0
748	451	1	0
760	451	5	0
766	451	2	0
774	451	1	0
778	451	1	0
786	451	2	0
788	451	4	0
790	451	3	0
796	451	5	0
798	451	2	0
804	451	2	0
805	451	5	0
807	451	5	0
815	451	3	0
830	451	4	0
833	451	1	0
846	451	4	0
848	451	4	0
864	451	4	0
868	451	2	0
877	451	4	0
878	451	2	0
880	451	2	0
881	451	1	0
885	451	2	0
886	451	3	0
889	451	3	0
890	451	2	0
897	451	4	0
901	451	4	0
904	451	4	0
911	451	2	0
914	451	2	0
916	451	3	0
922	451	4	0
933	451	1	0
934	451	4	0
6	465	1	0
7	465	4	0
38	465	5	0
49	465	3	0
59	465	2	0
83	465	4	0
85	465	4	0
94	465	5	0
95	465	3	0
128	465	4	0
130	465	5	0
167	465	5	0
178	465	3	0
193	465	3	0
194	465	3	0
200	465	4	0
210	465	4	0
222	465	2	0
234	465	2	0
253	465	5	0
254	465	3	0
263	465	4	0
279	465	5	0
280	465	3	0
286	465	5	0
290	465	3	0
295	465	4	0
297	465	3	0
298	465	4	0
301	465	4	0
311	465	4	0
313	465	3	0
330	465	5	0
347	465	3	0
373	465	4	0
374	465	5	0
378	465	3	0
380	465	4	0
393	465	4	0
399	465	3	0
405	465	1	0
417	465	4	0
435	465	2	0
450	465	4	0
452	465	5	0
454	465	3	0
455	465	3	0
471	465	5	0
472	465	3	0
495	465	5	0
497	465	3	0
504	465	3	0
506	465	4	0
541	465	4	0
566	465	2	0
577	465	4	0
620	465	4	0
630	465	1	0
642	465	4	0
682	465	3	0
698	465	3	0
712	465	4	0
716	465	5	0
727	465	2	0
734	465	4	0
739	465	1	0
749	465	4	0
766	465	3	0
786	465	4	0
795	465	3	0
798	465	4	0
807	465	4	0
815	465	5	0
835	465	3	0
840	465	4	0
843	465	2	0
864	465	3	0
881	465	3	0
882	465	3	0
887	465	5	0
892	465	4	0
897	465	5	0
901	465	4	0
911	465	5	0
913	465	2	0
6	501	5	0
7	501	5	0
13	501	5	0
25	501	3	0
38	501	5	0
42	501	5	0
43	501	4	0
49	501	3	0
56	501	3	0
58	501	2	0
59	501	1	0
60	501	3	0
70	501	4	0
85	501	3	0
90	501	5	0
91	501	2	0
92	501	2	0
94	501	4	0
102	501	2	0
128	501	3	0
130	501	5	0
148	501	4	0
189	501	4	0
194	501	3	0
198	501	4	0
200	501	4	0
210	501	4	0
222	501	2	0
230	501	3	0
233	501	3	0
234	501	4	0
250	501	5	0
254	501	3	0
275	501	3	0
276	501	4	0
279	501	3	0
291	501	4	0
293	501	4	0
299	501	3	0
301	501	3	0
303	501	4	0
308	501	4	0
311	501	5	0
313	501	5	0
314	501	4	0
318	501	4	0
320	501	3	0
326	501	3	0
330	501	5	0
347	501	4	0
378	501	4	0
381	501	4	0
387	501	4	0
389	501	5	0
393	501	3	0
398	501	3	0
399	501	2	0
401	501	2	0
405	501	3	0
406	501	5	0
416	501	5	0
417	501	3	0
435	501	3	0
437	501	4	0
450	501	4	0
452	501	3	0
471	501	3	0
472	501	3	0
487	501	4	0
495	501	3	0
497	501	2	0
505	501	2	0
524	501	2	0
532	501	5	0
536	501	3	0
537	501	3	0
541	501	4	0
542	501	4	0
561	501	3	0
562	501	5	0
592	501	4	0
593	501	2	0
606	501	4	0
618	501	4	0
620	501	4	0
621	501	3	0
622	501	3	0
642	501	2	0
643	501	4	0
650	501	3	0
661	501	4	0
710	501	3	0
712	501	3	0
716	501	5	0
737	501	1	0
747	501	5	0
749	501	4	0
756	501	3	0
774	501	1	0
786	501	4	0
805	501	5	0
807	501	3	0
815	501	3	0
826	501	3	0
830	501	3	0
840	501	4	0
843	501	2	0
847	501	3	0
848	501	3	0
864	501	3	0
865	501	1	0
868	501	3	0
875	501	4	0
882	501	5	0
885	501	3	0
887	501	4	0
890	501	4	0
892	501	3	0
897	501	5	0
911	501	3	0
912	501	4	0
927	501	4	0
934	501	4	0
7	588	4	0
10	588	4	0
13	588	4	0
14	588	4	0
18	588	4	0
20	588	4	0
23	588	4	0
28	588	3	0
38	588	5	0
42	588	5	0
43	588	4	0
44	588	4	0
49	588	4	0
52	588	4	0
56	588	4	0
57	588	4	0
59	588	2	0
64	588	4	0
70	588	5	0
73	588	2	0
82	588	5	0
85	588	3	0
94	588	4	0
95	588	3	0
102	588	4	0
109	588	4	0
117	588	3	0
128	588	5	0
130	588	4	0
144	588	4	0
148	588	4	0
159	588	2	0
178	588	4	0
184	588	5	0
186	588	4	0
189	588	4	0
194	588	4	0
200	588	5	0
201	588	4	0
221	588	3	0
222	588	4	0
230	588	5	0
233	588	5	0
234	588	3	0
246	588	4	0
249	588	3	0
250	588	5	0
253	588	5	0
254	588	3	0
262	588	4	0
263	588	3	0
268	588	3	0
275	588	3	0
276	588	4	0
280	588	5	0
283	588	4	0
286	588	5	0
290	588	4	0
291	588	4	0
293	588	3	0
295	588	4	0
297	588	4	0
298	588	4	0
299	588	4	0
301	588	5	0
303	588	5	0
307	588	4	0
308	588	5	0
311	588	4	0
312	588	5	0
313	588	4	0
314	588	5	0
316	588	1	0
320	588	3	0
326	588	3	0
327	588	4	0
330	588	5	0
340	588	5	0
344	588	5	0
345	588	3	0
347	588	3	0
360	588	3	0
363	588	2	0
373	588	3	0
378	588	5	0
381	588	3	0
387	588	3	0
389	588	5	0
393	588	4	0
397	588	4	0
398	588	4	0
399	588	5	0
401	588	2	0
405	588	2	0
406	588	4	0
407	588	4	0
416	588	5	0
417	588	3	0
435	588	4	0
437	588	3	0
450	588	4	0
452	588	3	0
454	588	3	0
456	588	3	0
457	588	5	0
458	588	5	0
465	588	4	0
471	588	1	0
472	588	3	0
479	588	1	0
484	588	5	0
487	588	5	0
497	588	4	0
499	588	4	0
505	588	5	0
527	588	4	0
528	588	2	0
532	588	5	0
536	588	3	0
537	588	1	0
541	588	4	0
542	588	4	0
545	588	4	0
561	588	2	0
577	588	4	0
588	588	4	0
601	588	3	0
606	588	5	0
618	588	4	0
620	588	5	0
621	588	3	0
622	588	4	0
625	588	4	0
632	588	2	0
642	588	5	0
647	588	4	0
650	588	3	0
654	588	4	0
663	588	4	0
664	588	3	0
665	588	4	0
679	588	3	0
683	588	4	0
686	588	4	0
698	588	4	0
705	588	3	0
711	588	4	0
712	588	4	0
715	588	4	0
716	588	4	0
727	588	4	0
731	588	3	0
747	588	5	0
748	588	4	0
751	588	5	0
756	588	4	0
757	588	3	0
763	588	4	0
764	588	5	0
766	588	3	0
771	588	5	0
773	588	1	0
776	588	4	0
786	588	5	0
795	588	5	0
796	588	5	0
798	588	4	0
804	588	4	0
805	588	2	0
806	588	4	0
807	588	5	0
815	588	5	0
822	588	2	0
823	588	3	0
826	588	4	0
830	588	5	0
835	588	3	0
840	588	4	0
843	588	2	0
844	588	4	0
846	588	4	0
848	588	3	0
849	588	5	0
851	588	4	0
864	588	3	0
865	588	2	0
867	588	3	0
868	588	1	0
878	588	2	0
880	588	4	0
881	588	3	0
882	588	4	0
885	588	4	0
887	588	4	0
892	588	5	0
896	588	5	0
897	588	4	0
899	588	3	0
911	588	4	0
913	588	3	0
922	588	4	0
927	588	5	0
7	651	5	0
8	651	5	0
10	651	4	0
13	651	5	0
22	651	4	0
58	651	4	0
59	651	5	0
62	651	4	0
64	651	4	0
65	651	4	0
87	651	4	0
90	651	5	0
91	651	5	0
92	651	4	0
94	651	5	0
95	651	5	0
99	651	5	0
110	651	4	0
128	651	5	0
144	651	4	0
154	651	4	0
156	651	4	0
158	651	5	0
165	651	5	0
177	651	3	0
178	651	4	0
184	651	3	0
187	651	5	0
188	651	4	0
194	651	3	0
195	651	5	0
197	651	5	0
198	651	4	0
201	651	4	0
210	651	4	0
216	651	5	0
221	651	4	0
222	651	4	0
228	651	4	0
232	651	3	0
234	651	4	0
244	651	4	0
246	651	4	0
271	651	4	0
272	651	4	0
288	651	4	0
290	651	3	0
293	651	3	0
298	651	5	0
301	651	5	0
303	651	5	0
311	651	4	0
313	651	3	0
315	651	3	0
316	651	5	0
321	651	3	0
323	651	5	0
326	651	4	0
327	651	4	0
328	651	5	0
329	651	4	0
330	651	5	0
332	651	5	0
345	651	4	0
354	651	3	0
360	651	4	0
363	651	3	0
373	651	4	0
374	651	4	0
378	651	4	0
379	651	4	0
380	651	3	0
387	651	2	0
391	651	5	0
393	651	4	0
394	651	4	0
399	651	3	0
401	651	4	0
405	651	5	0
406	651	3	0
411	651	4	0
412	651	4	0
416	651	4	0
417	651	4	0
426	651	4	0
429	651	4	0
437	651	4	0
450	651	5	0
453	651	4	0
454	651	4	0
457	651	5	0
458	651	3	0
459	651	3	0
465	651	3	0
466	651	3	0
472	651	4	0
474	651	5	0
479	651	5	0
484	651	5	0
487	651	5	0
488	651	5	0
492	651	3	0
496	651	2	0
497	651	4	0
499	651	4	0
504	651	4	0
505	651	3	0
514	651	4	0
521	651	3	0
524	651	4	0
527	651	5	0
533	651	4	0
537	651	3	0
541	651	5	0
543	651	3	0
551	651	4	0
561	651	3	0
566	651	4	0
577	651	5	0
586	651	3	0
600	651	4	0
606	651	4	0
618	651	5	0
619	651	5	0
627	651	4	0
629	651	5	0
632	651	5	0
633	651	3	0
639	651	4	0
642	651	4	0
655	651	4	0
666	651	5	0
667	651	5	0
670	651	4	0
682	651	4	0
686	651	5	0
693	651	3	0
700	651	4	0
709	651	4	0
711	651	4	0
716	651	5	0
727	651	3	0
738	651	4	0
741	651	4	0
747	651	5	0
757	651	4	0
788	651	4	0
804	651	4	0
823	651	5	0
826	651	4	0
830	651	4	0
843	651	2	0
846	651	3	0
862	651	5	0
864	651	5	0
867	651	5	0
868	651	5	0
870	651	3	0
871	651	2	0
875	651	5	0
880	651	5	0
881	651	5	0
886	651	5	0
889	651	4	0
896	651	4	0
897	651	3	0
903	651	5	0
921	651	3	0
930	651	3	0
933	651	3	0
940	651	4	0
7	655	5	0
10	655	5	0
13	655	5	0
14	655	5	0
16	655	5	0
19	655	3	0
23	655	3	0
24	655	5	0
25	655	4	0
42	655	3	0
44	655	3	0
51	655	3	0
56	655	4	0
58	655	5	0
59	655	5	0
62	655	3	0
64	655	4	0
65	655	4	0
70	655	4	0
72	655	5	0
85	655	3	0
92	655	4	0
94	655	4	0
95	655	4	0
97	655	5	0
98	655	3	0
102	655	3	0
109	655	3	0
114	655	3	0
116	655	4	0
118	655	5	0
119	655	5	0
128	655	3	0
144	655	5	0
151	655	4	0
156	655	3	0
167	655	4	0
174	655	5	0
178	655	4	0
180	655	5	0
184	655	3	0
194	655	5	0
196	655	5	0
198	655	4	0
201	655	4	0
207	655	4	0
210	655	5	0
213	655	4	0
216	655	5	0
222	655	4	0
224	655	4	0
228	655	4	0
232	655	4	0
234	655	3	0
235	655	4	0
236	655	3	0
243	655	4	0
244	655	5	0
253	655	4	0
254	655	4	0
262	655	4	0
264	655	4	0
267	655	4	0
268	655	4	0
269	655	4	0
276	655	4	0
280	655	3	0
286	655	3	0
291	655	4	0
293	655	3	0
295	655	5	0
299	655	3	0
301	655	1	0
303	655	5	0
305	655	4	0
307	655	4	0
308	655	4	0
311	655	4	0
313	655	4	0
314	655	4	0
318	655	4	0
322	655	5	0
325	655	4	0
326	655	5	0
327	655	4	0
328	655	4	0
329	655	4	0
332	655	5	0
334	655	4	0
336	655	3	0
339	655	4	0
342	655	4	0
343	655	5	0
345	655	4	0
347	655	5	0
354	655	3	0
361	655	3	0
371	655	4	0
373	655	5	0
378	655	4	0
379	655	5	0
387	655	3	0
393	655	3	0
394	655	5	0
398	655	4	0
399	655	3	0
401	655	3	0
405	655	5	0
406	655	3	0
407	655	4	0
411	655	4	0
416	655	5	0
417	655	4	0
426	655	4	0
429	655	3	0
435	655	2	0
436	655	5	0
437	655	4	0
450	655	4	0
453	655	3	0
454	655	3	0
456	655	3	0
457	655	5	0
462	655	5	0
468	655	5	0
472	655	5	0
474	655	5	0
476	655	4	0
478	655	3	0
479	655	4	0
484	655	5	0
488	655	3	0
495	655	5	0
497	655	4	0
504	655	4	0
506	655	4	0
508	655	4	0
514	655	4	0
521	655	4	0
527	655	3	0
532	655	5	0
535	655	4	0
537	655	3	0
538	655	3	0
541	655	4	0
542	655	4	0
551	655	5	0
553	655	4	0
561	655	3	0
577	655	4	0
579	655	3	0
583	655	5	0
586	655	4	0
588	655	3	0
591	655	4	0
592	655	5	0
593	655	3	0
606	655	4	0
608	655	5	0
618	655	4	0
625	655	3	0
627	655	4	0
629	655	5	0
632	655	3	0
639	655	3	0
643	655	4	0
655	655	3	0
659	655	4	0
663	655	4	0
664	655	3	0
666	655	4	0
682	655	5	0
690	655	4	0
693	655	3	0
704	655	3	0
705	655	3	0
711	655	4	0
712	655	5	0
715	655	4	0
716	655	4	0
719	655	4	0
721	655	2	0
731	655	5	0
738	655	3	0
747	655	3	0
748	655	3	0
749	655	5	0
751	655	3	0
773	655	3	0
774	655	1	0
786	655	4	0
788	655	3	0
795	655	3	0
796	655	3	0
804	655	4	0
805	655	3	0
806	655	3	0
815	655	3	0
823	655	5	0
833	655	2	0
840	655	5	0
843	655	3	0
846	655	3	0
848	655	4	0
862	655	5	0
864	655	4	0
867	655	4	0
868	655	4	0
870	655	4	0
878	655	3	0
880	655	4	0
881	655	4	0
885	655	3	0
886	655	4	0
887	655	1	0
889	655	4	0
890	655	3	0
896	655	4	0
899	655	4	0
903	655	5	0
911	655	5	0
912	655	5	0
913	655	4	0
916	655	3	0
922	655	2	0
940	655	4	0
943	655	4	0
7	660	5	0
11	660	3	0
18	660	5	0
42	660	3	0
43	660	4	0
44	660	5	0
59	660	4	0
60	660	4	0
62	660	4	0
65	660	5	0
73	660	4	0
82	660	5	0
83	660	4	0
85	660	4	0
90	660	4	0
92	660	4	0
95	660	5	0
106	660	4	0
122	660	3	0
128	660	2	0
151	660	4	0
152	660	5	0
174	660	5	0
175	660	3	0
180	660	5	0
184	660	3	0
187	660	5	0
194	660	3	0
198	660	4	0
200	660	3	0
201	660	3	0
207	660	4	0
224	660	4	0
233	660	5	0
234	660	4	0
243	660	4	0
244	660	4	0
262	660	4	0
269	660	1	0
271	660	5	0
279	660	4	0
280	660	5	0
293	660	2	0
295	660	5	0
298	660	3	0
301	660	4	0
305	660	4	0
307	660	3	0
308	660	3	0
311	660	4	0
312	660	4	0
318	660	3	0
330	660	5	0
332	660	3	0
339	660	4	0
343	660	3	0
344	660	3	0
345	660	5	0
346	660	2	0
347	660	2	0
354	660	3	0
363	660	4	0
373	660	4	0
378	660	4	0
381	660	2	0
383	660	4	0
399	660	3	0
405	660	2	0
406	660	3	0
407	660	3	0
416	660	5	0
436	660	4	0
437	660	4	0
450	660	4	0
452	660	4	0
454	660	3	0
455	660	4	0
456	660	5	0
457	660	5	0
472	660	5	0
474	660	5	0
495	660	3	0
496	660	3	0
500	660	2	0
504	660	4	0
505	660	3	0
506	660	3	0
516	660	5	0
524	660	5	0
530	660	3	0
532	660	4	0
533	660	5	0
537	660	3	0
539	660	5	0
541	660	5	0
543	660	3	0
551	660	3	0
559	660	1	0
561	660	3	0
566	660	4	0
577	660	3	0
588	660	4	0
593	660	5	0
601	660	3	0
606	660	5	0
608	660	5	0
615	660	4	0
618	660	3	0
627	660	4	0
629	660	5	0
639	660	2	0
642	660	3	0
645	660	3	0
654	660	5	0
655	660	2	0
659	660	3	0
664	660	3	0
665	660	4	0
666	660	4	0
667	660	4	0
682	660	2	0
693	660	3	0
694	660	3	0
707	660	5	0
711	660	5	0
712	660	4	0
716	660	4	0
719	660	5	0
721	660	5	0
741	660	3	0
751	660	4	0
780	660	3	0
790	660	3	0
796	660	5	0
798	660	3	0
805	660	3	0
815	660	4	0
823	660	5	0
835	660	4	0
843	660	2	0
846	660	3	0
864	660	4	0
867	660	4	0
882	660	3	0
885	660	5	0
890	660	2	0
896	660	5	0
897	660	4	0
899	660	4	0
918	660	4	0
919	660	4	0
922	660	3	0
934	660	5	0
10	692	4	0
11	692	4	0
13	692	4	0
16	692	4	0
18	692	3	0
19	692	3	0
22	692	4	0
25	692	4	0
42	692	4	0
43	692	5	0
44	692	3	0
49	692	1	0
51	692	3	0
56	692	4	0
58	692	2	0
59	692	3	0
83	692	4	0
85	692	3	0
87	692	5	0
90	692	4	0
92	692	4	0
94	692	4	0
95	692	4	0
106	692	3	0
110	692	4	0
125	692	3	0
128	692	4	0
130	692	5	0
145	692	2	0
151	692	3	0
152	692	5	0
184	692	4	0
188	692	5	0
194	692	2	0
196	692	5	0
198	692	2	0
200	692	3	0
201	692	3	0
207	692	3	0
210	692	4	0
213	692	4	0
215	692	3	0
222	692	4	0
234	692	3	0
235	692	4	0
236	692	4	0
256	692	5	0
271	692	4	0
276	692	4	0
280	692	3	0
290	692	5	0
297	692	3	0
299	692	4	0
301	692	3	0
303	692	4	0
308	692	3	0
311	692	4	0
312	692	4	0
314	692	5	0
318	692	4	0
320	692	4	0
328	692	4	0
330	692	5	0
336	692	3	0
342	692	1	0
347	692	4	0
352	692	3	0
354	692	2	0
361	692	4	0
374	692	5	0
378	692	4	0
387	692	1	0
393	692	3	0
398	692	4	0
405	692	5	0
406	692	3	0
416	692	5	0
417	692	4	0
429	692	3	0
437	692	4	0
450	692	4	0
454	692	5	0
455	692	3	0
457	692	4	0
468	692	4	0
474	692	4	0
476	692	3	0
479	692	3	0
481	692	4	0
484	692	5	0
487	692	5	0
488	692	4	0
497	692	3	0
499	692	4	0
503	692	3	0
505	692	3	0
506	692	4	0
530	692	4	0
532	692	5	0
533	692	4	0
535	692	4	0
538	692	3	0
543	692	4	0
545	692	3	0
551	692	4	0
554	692	4	0
561	692	1	0
563	692	5	0
579	692	4	0
588	692	4	0
593	692	3	0
606	692	5	0
618	692	4	0
621	692	4	0
623	692	3	0
625	692	3	0
639	692	3	0
648	692	4	0
650	692	3	0
653	692	2	0
655	692	3	0
664	692	3	0
666	692	3	0
682	692	3	0
684	692	4	0
691	692	5	0
692	692	3	0
694	692	4	0
707	692	4	0
711	692	3	0
712	692	5	0
715	692	3	0
716	692	5	0
727	692	4	0
741	692	1	0
748	692	3	0
763	692	2	0
764	692	4	0
774	692	1	0
777	692	5	0
786	692	4	0
788	692	3	0
796	692	5	0
798	692	4	0
804	692	5	0
823	692	4	0
830	692	4	0
846	692	3	0
860	692	5	0
864	692	2	0
870	692	2	0
875	692	2	0
877	692	4	0
878	692	4	0
880	692	3	0
882	692	4	0
883	692	3	0
886	692	3	0
887	692	5	0
892	692	4	0
896	692	4	0
914	692	3	0
921	692	4	0
940	692	4	0
10	699	4	0
11	699	4	0
18	699	5	0
24	699	3	0
43	699	4	0
59	699	4	0
60	699	4	0
62	699	4	0
72	699	3	0
80	699	3	0
90	699	4	0
95	699	2	0
106	699	4	0
122	699	5	0
144	699	4	0
151	699	4	0
152	699	5	0
174	699	5	0
184	699	5	0
201	699	3	0
224	699	4	0
230	699	4	0
234	699	3	0
236	699	4	0
243	699	4	0
253	699	4	0
254	699	3	0
262	699	5	0
263	699	4	0
268	699	3	0
271	699	4	0
280	699	4	0
290	699	3	0
297	699	4	0
308	699	4	0
311	699	4	0
314	699	5	0
328	699	4	0
330	699	5	0
342	699	4	0
347	699	1	0
354	699	3	0
363	699	2	0
373	699	4	0
378	699	4	0
380	699	3	0
389	699	5	0
405	699	2	0
406	699	4	0
416	699	5	0
437	699	4	0
450	699	4	0
457	699	4	0
468	699	3	0
474	699	4	0
484	699	4	0
492	699	3	0
496	699	3	0
500	699	3	0
504	699	4	0
506	699	4	0
535	699	4	0
536	699	3	0
537	699	4	0
541	699	4	0
588	699	4	0
593	699	4	0
601	699	3	0
608	699	5	0
610	699	2	0
615	699	3	0
618	699	3	0
620	699	5	0
627	699	1	0
629	699	3	0
642	699	5	0
652	699	5	0
655	699	2	0
659	699	3	0
665	699	4	0
666	699	3	0
682	699	3	0
694	699	4	0
705	699	5	0
711	699	5	0
712	699	5	0
721	699	3	0
734	699	4	0
741	699	4	0
748	699	3	0
786	699	4	0
788	699	3	0
796	699	4	0
798	699	3	0
807	699	4	0
846	699	3	0
870	699	3	0
878	699	1	0
887	699	1	0
897	699	4	0
907	699	5	0
922	699	3	0
11	732	3	0
13	732	5	0
16	732	5	0
18	732	3	0
22	732	4	0
42	732	5	0
43	732	4	0
49	732	3	0
56	732	4	0
58	732	3	0
59	732	3	0
64	732	4	0
83	732	4	0
85	732	3	0
87	732	4	0
89	732	5	0
90	732	5	0
92	732	3	0
94	732	3	0
102	732	3	0
109	732	3	0
110	732	3	0
125	732	4	0
128	732	4	0
145	732	4	0
151	732	4	0
180	732	3	0
187	732	3	0
188	732	3	0
189	732	2	0
194	732	3	0
210	732	4	0
221	732	4	0
222	732	4	0
234	732	2	0
243	732	4	0
244	732	1	0
253	732	4	0
256	732	5	0
263	732	5	0
267	732	4	0
268	732	3	0
271	732	4	0
276	732	4	0
279	732	3	0
283	732	4	0
286	732	5	0
290	732	4	0
291	732	4	0
293	732	3	0
299	732	4	0
301	732	4	0
308	732	4	0
311	732	4	0
315	732	3	0
318	732	5	0
320	732	3	0
326	732	5	0
327	732	1	0
330	732	5	0
336	732	3	0
342	732	3	0
345	732	4	0
346	732	3	0
354	732	2	0
373	732	3	0
374	732	4	0
378	732	4	0
379	732	5	0
380	732	4	0
385	732	3	0
387	732	1	0
389	732	4	0
393	732	4	0
398	732	4	0
399	732	2	0
405	732	5	0
406	732	4	0
407	732	4	0
411	732	4	0
416	732	5	0
417	732	4	0
429	732	4	0
435	732	4	0
437	732	4	0
450	732	3	0
453	732	3	0
454	732	4	0
457	732	4	0
476	732	3	0
477	732	4	0
479	732	4	0
484	732	5	0
487	732	5	0
488	732	4	0
495	732	4	0
503	732	3	0
506	732	4	0
514	732	5	0
521	732	3	0
523	732	4	0
537	732	3	0
541	732	3	0
542	732	3	0
543	732	3	0
545	732	4	0
551	732	4	0
554	732	4	0
561	732	3	0
577	732	4	0
579	732	4	0
588	732	4	0
591	732	3	0
593	732	3	0
615	732	4	0
625	732	3	0
627	732	3	0
629	732	5	0
630	732	4	0
640	732	4	0
642	732	4	0
643	732	3	0
650	732	3	0
653	732	2	0
655	732	3	0
664	732	3	0
682	732	3	0
684	732	4	0
707	732	4	0
711	732	4	0
712	732	5	0
715	732	3	0
716	732	5	0
721	732	4	0
738	732	3	0
741	732	4	0
747	732	3	0
748	732	4	0
749	732	4	0
757	732	3	0
758	732	4	0
763	732	3	0
764	732	3	0
773	732	3	0
774	732	1	0
786	732	4	0
796	732	5	0
798	732	2	0
804	732	4	0
815	732	5	0
823	732	5	0
830	732	5	0
838	732	4	0
840	732	3	0
846	732	4	0
847	732	4	0
848	732	5	0
860	732	4	0
864	732	4	0
868	732	3	0
870	732	2	0
877	732	4	0
878	732	4	0
880	732	4	0
881	732	5	0
883	732	3	0
886	732	3	0
889	732	2	0
892	732	4	0
896	732	4	0
899	732	3	0
901	732	5	0
904	732	3	0
908	732	3	0
914	732	2	0
916	732	3	0
919	732	3	0
933	732	3	0
934	732	5	0
943	732	4	0
11	735	3	0
12	735	5	0
13	735	3	0
16	735	3	0
18	735	4	0
42	735	4	0
43	735	4	0
56	735	2	0
59	735	5	0
60	735	5	0
65	735	4	0
85	735	3	0
91	735	4	0
92	735	3	0
94	735	5	0
109	735	5	0
123	735	2	0
151	735	5	0
167	735	4	0
178	735	5	0
180	735	4	0
184	735	3	0
187	735	4	0
194	735	4	0
201	735	3	0
207	735	4	0
210	735	4	0
212	735	4	0
213	735	5	0
216	735	5	0
222	735	5	0
233	735	5	0
234	735	3	0
236	735	5	0
244	735	5	0
246	735	4	0
262	735	4	0
268	735	3	0
269	735	2	0
271	735	4	0
276	735	4	0
280	735	2	0
291	735	4	0
295	735	5	0
301	735	2	0
303	735	4	0
305	735	4	0
311	735	4	0
313	735	3	0
314	735	5	0
316	735	4	0
318	735	5	0
327	735	2	0
331	735	4	0
339	735	4	0
343	735	5	0
347	735	2	0
354	735	3	0
360	735	5	0
363	735	3	0
373	735	5	0
374	735	5	0
378	735	4	0
379	735	4	0
387	735	2	0
398	735	4	0
399	735	3	0
401	735	5	0
405	735	5	0
406	735	3	0
416	735	5	0
429	735	4	0
450	735	4	0
454	735	2	0
458	735	2	0
474	735	4	0
487	735	4	0
500	735	4	0
504	735	5	0
508	735	4	0
514	735	4	0
535	735	5	0
537	735	3	0
538	735	3	0
543	735	4	0
551	735	5	0
554	735	3	0
561	735	3	0
568	735	2	0
577	735	5	0
586	735	3	0
588	735	5	0
592	735	5	0
593	735	4	0
606	735	5	0
608	735	4	0
610	735	3	0
615	735	3	0
618	735	3	0
621	735	4	0
627	735	4	0
630	735	2	0
632	735	4	0
650	735	3	0
654	735	4	0
655	735	3	0
658	735	3	0
659	735	3	0
664	735	4	0
682	735	4	0
691	735	5	0
693	735	4	0
704	735	4	0
707	735	4	0
711	735	5	0
715	735	4	0
716	735	5	0
719	735	5	0
721	735	4	0
747	735	4	0
749	735	5	0
751	735	4	0
758	735	5	0
796	735	2	0
805	735	4	0
815	735	5	0
823	735	4	0
835	735	5	0
846	735	2	0
847	735	4	0
854	735	3	0
864	735	5	0
870	735	3	0
885	735	3	0
896	735	3	0
916	735	4	0
933	735	3	0
11	739	3	0
13	739	4	0
18	739	3	0
23	739	2	0
59	739	4	0
62	739	2	0
70	739	2	0
83	739	5	0
89	739	2	0
90	739	5	0
92	739	2	0
94	739	2	0
95	739	3	0
106	739	3	0
109	739	4	0
110	739	4	0
128	739	4	0
130	739	5	0
145	739	2	0
152	739	5	0
174	739	5	0
178	739	4	0
180	739	3	0
183	739	4	0
184	739	3	0
193	739	4	0
194	739	3	0
200	739	4	0
208	739	4	0
222	739	4	0
230	739	5	0
234	739	3	0
244	739	3	0
246	739	2	0
256	739	5	0
267	739	4	0
269	739	1	0
270	739	4	0
271	739	4	0
276	739	2	0
279	739	1	0
280	739	3	0
286	739	3	0
290	739	3	0
291	739	3	0
293	739	2	0
295	739	4	0
299	739	3	0
301	739	2	0
303	739	5	0
307	739	2	0
308	739	4	0
311	739	4	0
313	739	3	0
314	739	5	0
318	739	5	0
320	739	4	0
328	739	3	0
330	739	5	0
333	739	5	0
339	739	3	0
343	739	3	0
345	739	4	0
346	739	3	0
361	739	4	0
363	739	3	0
373	739	3	0
378	739	4	0
385	739	1	0
389	739	2	0
393	739	3	0
394	739	4	0
395	739	3	0
404	739	4	0
405	739	2	0
407	739	3	0
416	739	5	0
429	739	3	0
436	739	4	0
437	739	3	0
450	739	4	0
456	739	3	0
457	739	4	0
472	739	5	0
477	739	4	0
478	739	4	0
479	739	1	0
487	739	2	0
495	739	4	0
497	739	4	0
500	739	2	0
503	739	1	0
504	739	3	0
506	739	4	0
513	739	5	0
524	739	2	0
532	739	5	0
533	739	5	0
537	739	1	0
545	739	4	0
551	739	4	0
557	739	3	0
561	739	2	0
577	739	3	0
588	739	4	0
593	739	5	0
622	739	2	0
625	739	3	0
632	739	3	0
639	739	3	0
642	739	5	0
643	739	3	0
650	739	2	0
653	739	3	0
654	739	4	0
655	739	4	0
659	739	4	0
660	739	2	0
690	739	3	0
707	739	2	0
709	739	3	0
711	739	3	0
712	739	4	0
715	739	2	0
721	739	4	0
727	739	4	0
747	739	3	0
749	739	3	0
751	739	3	0
756	739	4	0
760	739	4	0
766	739	2	0
774	739	2	0
788	739	2	0
790	739	4	0
795	739	1	0
796	739	5	0
804	739	4	0
805	739	1	0
807	739	4	0
823	739	4	0
830	739	4	0
843	739	2	0
846	739	4	0
848	739	5	0
868	739	2	0
877	739	4	0
878	739	3	0
881	739	4	0
882	739	4	0
883	739	2	0
885	739	4	0
889	739	3	0
890	739	2	0
892	739	4	0
896	739	2	0
901	739	5	0
904	739	4	0
907	739	5	0
914	739	2	0
916	739	3	0
922	739	3	0
927	739	3	0
943	739	4	0
11	747	3	0
13	747	4	0
18	747	3	0
23	747	3	0
43	747	4	0
56	747	4	0
59	747	4	0
62	747	3	0
92	747	4	0
95	747	5	0
128	747	3	0
136	747	4	0
144	747	5	0
151	747	3	0
174	747	5	0
180	747	4	0
184	747	3	0
187	747	4	0
201	747	2	0
216	747	4	0
222	747	2	0
232	747	3	0
234	747	3	0
235	747	2	0
244	747	4	0
253	747	3	0
262	747	4	0
268	747	3	0
269	747	4	0
270	747	5	0
271	747	3	0
276	747	4	0
286	747	4	0
291	747	4	0
293	747	2	0
295	747	4	0
299	747	4	0
308	747	3	0
311	747	3	0
314	747	1	0
330	747	3	0
343	747	4	0
345	747	3	0
354	747	2	0
363	747	5	0
373	747	4	0
378	747	3	0
393	747	4	0
399	747	5	0
405	747	1	0
406	747	2	0
407	747	3	0
416	747	5	0
417	747	3	0
429	747	3	0
436	747	5	0
437	747	4	0
450	747	4	0
455	747	4	0
456	747	4	0
457	747	4	0
472	747	5	0
487	747	4	0
503	747	3	0
506	747	2	0
514	747	4	0
533	747	5	0
551	747	3	0
588	747	4	0
592	747	4	0
593	747	4	0
603	747	3	0
606	747	4	0
639	747	3	0
650	747	3	0
660	747	4	0
690	747	3	0
707	747	3	0
709	747	2	0
711	747	4	0
712	747	3	0
727	747	2	0
738	747	4	0
764	747	3	0
766	747	5	0
795	747	3	0
796	747	4	0
804	747	3	0
805	747	3	0
823	747	4	0
840	747	4	0
846	747	3	0
848	747	5	0
864	747	3	0
868	747	2	0
871	747	3	0
889	747	4	0
899	747	1	0
904	747	4	0
913	747	3	0
918	747	3	0
922	747	3	0
