1	268	5	0
3	268	3	0
6	268	3	0
7	268	3	0
11	268	5	0
13	268	4	0
19	268	2	0
29	268	5	0
31	268	3	0
32	268	5	0
36	268	2	0
40	268	4	0
47	268	4	0
49	268	3	0
50	268	4	0
54	268	5	0
58	268	5	0
63	268	3	0
69	268	5	0
73	268	3	0
74	268	3	0
77	268	5	0
79	268	5	0
85	268	4	0
89	268	5	0
90	268	4	0
92	268	4	0
94	268	4	0
99	268	3	0
100	268	3	0
104	268	3	0
105	268	4	0
107	268	4	0
113	268	4	0
116	268	5	0
117	268	5	0
119	268	5	0
127	268	1	0
128	268	3	0
129	268	1	0
130	268	4	0
139	268	4	0
140	268	4	0
142	268	5	0
145	268	4	0
149	268	4	0
150	268	5	0
157	268	5	0
171	268	4	0
173	268	4	0
174	268	5	0
176	268	5	0
177	268	3	0
178	268	4	0
181	268	1	0
189	268	4	0
193	268	3	0
199	268	5	0
201	268	4	0
204	268	3	0
205	268	2	0
212	268	5	0
214	268	2	0
220	268	4	0
221	268	5	0
222	268	4	0
232	268	4	0
234	268	2	0
239	268	2	0
241	268	4	0
242	268	5	0
243	268	4	0
244	268	5	0
252	268	5	0
266	268	4	0
268	268	5	0
269	268	5	0
270	268	5	0
273	268	5	0
276	268	4	0
282	268	4	0
284	268	5	0
286	268	4	0
287	268	4	0
288	268	4	0
294	268	4	0
296	268	4	0
297	268	4	0
303	268	5	0
305	268	3	0
314	268	5	0
317	268	3	0
319	268	4	0
323	268	4	0
324	268	4	0
327	268	4	0
331	268	5	0
334	268	4	0
344	268	3	0
345	268	4	0
347	268	4	0
354	268	4	0
358	268	3	0
359	268	4	0
362	268	2	0
364	268	3	0
365	268	5	0
367	268	4	0
369	268	5	0
376	268	3	0
377	268	3	0
381	268	4	0
383	268	5	0
387	268	3	0
392	268	5	0
397	268	4	0
399	268	3	0
416	268	4	0
417	268	4	0
427	268	5	0
428	268	4	0
433	268	3	0
435	268	5	0
439	268	4	0
442	268	4	0
445	268	1	0
446	268	2	0
448	268	3	0
449	268	2	0
451	268	2	0
453	268	4	0
456	268	5	0
463	268	4	0
466	268	2	0
467	268	5	0
470	268	2	0
473	268	5	0
476	268	4	0
486	268	3	0
489	268	2	0
496	268	4	0
497	268	4	0
498	268	2	0
500	268	5	0
503	268	5	0
509	268	2	0
514	268	4	0
519	268	5	0
521	268	5	0
529	268	5	0
532	268	4	0
535	268	3	0
537	268	4	0
551	268	4	0
556	268	4	0
557	268	5	0
560	268	4	0
561	268	3	0
567	268	4	0
569	268	3	0
570	268	3	0
574	268	5	0
578	268	2	0
579	268	3	0
582	268	4	0
583	268	5	0
587	268	4	0
588	268	5	0
589	268	1	0
592	268	5	0
595	268	4	0
608	268	4	0
611	268	5	0
615	268	4	0
620	268	4	0
621	268	4	0
624	268	4	0
626	268	4	0
629	268	5	0
635	268	5	0
637	268	2	0
641	268	4	0
643	268	4	0
645	268	4	0
651	268	2	0
654	268	1	0
655	268	3	0
662	268	5	0
663	268	3	0
664	268	3	0
667	268	3	0
669	268	3	0
673	268	1	0
677	268	5	0
679	268	4	0
682	268	5	0
683	268	4	0
687	268	5	0
695	268	5	0
697	268	5	0
699	268	4	0
708	268	3	0
710	268	4	0
715	268	4	0
717	268	5	0
720	268	4	0
721	268	4	0
724	268	4	0
727	268	4	0
730	268	4	0
743	268	4	0
747	268	5	0
752	268	2	0
770	268	5	0
773	268	4	0
778	268	2	0
781	268	2	0
782	268	3	0
784	268	3	0
787	268	4	0
790	268	4	0
801	268	5	0
819	268	4	0
824	268	4	0
827	268	4	0
829	268	4	0
834	268	3	0
836	268	3	0
842	268	5	0
845	268	3	0
846	268	4	0
854	268	3	0
863	268	5	0
865	268	4	0
868	268	4	0
870	268	3	0
872	268	1	0
875	268	4	0
880	268	5	0
884	268	4	0
886	268	5	0
889	268	4	0
894	268	3	0
902	268	1	0
907	268	4	0
912	268	2	0
913	268	2	0
915	268	5	0
916	268	5	0
917	268	4	0
919	268	3	0
920	268	3	0
928	268	5	0
936	268	4	0
937	268	1	0
1	269	5	0
2	269	4	0
6	269	4	0
7	269	3	0
10	269	4	0
13	269	2	0
14	269	4	0
15	269	5	0
17	269	4	0
18	269	5	0
23	269	5	0
25	269	4	0
26	269	4	0
29	269	4	0
36	269	3	0
39	269	4	0
40	269	1	0
43	269	5	0
47	269	4	0
48	269	1	0
58	269	4	0
61	269	3	0
63	269	3	0
64	269	5	0
73	269	4	0
78	269	3	0
79	269	5	0
80	269	3	0
81	269	3	0
85	269	3	0
86	269	4	0
89	269	5	0
90	269	5	0
100	269	4	0
102	269	2	0
104	269	5	0
105	269	4	0
107	269	5	0
111	269	5	0
112	269	3	0
114	269	4	0
115	269	3	0
116	269	3	0
119	269	3	0
122	269	5	0
125	269	1	0
129	269	4	0
130	269	4	0
131	269	5	0
133	269	4	0
134	269	3	0
136	269	5	0
145	269	5	0
146	269	4	0
147	269	4	0
149	269	5	0
157	269	4	0
163	269	3	0
171	269	4	0
173	269	4	0
174	269	5	0
178	269	4	0
179	269	3	0
181	269	1	0
185	269	5	0
186	269	1	0
190	269	4	0
191	269	3	0
192	269	3	0
193	269	4	0
196	269	3	0
199	269	5	0
201	269	3	0
202	269	4	0
204	269	4	0
205	269	3	0
206	269	4	0
207	269	4	0
209	269	2	0
212	269	3	0
214	269	3	0
218	269	4	0
219	269	5	0
220	269	5	0
229	269	4	0
232	269	3	0
233	269	5	0
235	269	4	0
239	269	5	0
240	269	5	0
247	269	4	0
254	269	2	0
257	269	3	0
259	269	3	0
262	269	3	0
263	269	4	0
264	269	5	0
268	269	4	0
271	269	4	0
276	269	4	0
278	269	5	0
279	269	4	0
282	269	4	0
284	269	4	0
285	269	4	0
286	269	5	0
288	269	5	0
294	269	5	0
296	269	5	0
297	269	4	0
301	269	5	0
303	269	5	0
305	269	4	0
306	269	5	0
307	269	4	0
312	269	5	0
315	269	5	0
318	269	5	0
319	269	3	0
325	269	4	0
327	269	3	0
329	269	4	0
331	269	5	0
333	269	2	0
334	269	3	0
335	269	4	0
338	269	4	0
339	269	5	0
343	269	4	0
344	269	4	0
345	269	5	0
354	269	4	0
360	269	4	0
361	269	4	0
364	269	4	0
365	269	4	0
370	269	5	0
373	269	5	0
376	269	5	0
378	269	4	0
392	269	5	0
400	269	4	0
404	269	4	0
407	269	3	0
410	269	5	0
413	269	4	0
415	269	4	0
416	269	4	0
418	269	5	0
419	269	4	0
421	269	3	0
423	269	3	0
425	269	4	0
428	269	5	0
431	269	3	0
433	269	5	0
438	269	4	0
443	269	3	0
444	269	4	0
446	269	4	0
448	269	5	0
449	269	5	0
450	269	5	0
451	269	2	0
452	269	5	0
455	269	4	0
461	269	3	0
463	269	5	0
464	269	5	0
466	269	2	0
467	269	4	0
475	269	4	0
482	269	4	0
485	269	4	0
486	269	4	0
488	269	3	0
489	269	3	0
498	269	4	0
503	269	5	0
507	269	2	0
508	269	4	0
514	269	4	0
515	269	2	0
517	269	3	0
520	269	5	0
523	269	5	0
524	269	4	0
525	269	5	0
526	269	5	0
529	269	3	0
532	269	4	0
535	269	4	0
537	269	3	0
539	269	5	0
540	269	4	0
547	269	3	0
555	269	5	0
557	269	3	0
558	269	4	0
568	269	4	0
574	269	5	0
579	269	3	0
581	269	3	0
582	269	4	0
587	269	3	0
592	269	4	0
594	269	4	0
598	269	3	0
600	269	4	0
605	269	4	0
608	269	3	0
611	269	4	0
615	269	4	0
616	269	4	0
617	269	1	0
624	269	4	0
629	269	3	0
634	269	4	0
635	269	5	0
639	269	3	0
640	269	5	0
650	269	4	0
651	269	5	0
654	269	4	0
655	269	3	0
656	269	3	0
657	269	5	0
659	269	4	0
666	269	5	0
667	269	5	0
668	269	5	0
669	269	3	0
672	269	3	0
673	269	4	0
675	269	5	0
676	269	2	0
680	269	4	0
683	269	3	0
685	269	3	0
687	269	4	0
699	269	4	0
701	269	5	0
704	269	4	0
707	269	4	0
708	269	3	0
710	269	3	0
711	269	5	0
713	269	4	0
717	269	5	0
720	269	3	0
721	269	5	0
724	269	4	0
730	269	5	0
732	269	5	0
735	269	3	0
738	269	2	0
740	269	4	0
743	269	4	0
747	269	4	0
750	269	4	0
751	269	5	0
752	269	5	0
753	269	5	0
755	269	5	0
758	269	4	0
768	269	3	0
769	269	5	0
775	269	4	0
782	269	3	0
783	269	4	0
784	269	5	0
785	269	5	0
787	269	3	0
790	269	3	0
791	269	4	0
794	269	5	0
796	269	3	0
797	269	3	0
803	269	5	0
805	269	5	0
810	269	5	0
818	269	3	0
827	269	5	0
828	269	4	0
834	269	5	0
836	269	5	0
842	269	5	0
845	269	4	0
846	269	5	0
854	269	4	0
858	269	4	0
860	269	2	0
863	269	3	0
866	269	3	0
869	269	4	0
871	269	3	0
873	269	2	0
875	269	4	0
877	269	4	0
878	269	4	0
880	269	4	0
883	269	3	0
884	269	5	0
888	269	5	0
889	269	4	0
894	269	3	0
913	269	5	0
926	269	5	0
928	269	5	0
930	269	4	0
931	269	3	0
934	269	2	0
936	269	4	0
940	269	4	0
942	269	2	0
1	270	5	0
13	270	4	0
29	270	4	0
39	270	4	0
40	270	3	0
49	270	2	0
62	270	2	0
76	270	3	0
85	270	3	0
86	270	5	0
90	270	4	0
100	270	3	0
104	270	4	0
105	270	5	0
116	270	3	0
125	270	4	0
129	270	3	0
130	270	5	0
145	270	5	0
147	270	3	0
165	270	4	0
171	270	4	0
176	270	4	0
177	270	1	0
181	270	4	0
183	270	3	0
191	270	3	0
215	270	3	0
222	270	2	0
226	270	4	0
232	270	3	0
241	270	3	0
250	270	4	0
260	270	5	0
262	270	3	0
276	270	4	0
284	270	3	0
285	270	4	0
299	270	4	0
302	270	2	0
303	270	4	0
324	270	5	0
328	270	2	0
339	270	2	0
353	270	2	0
354	270	5	0
357	270	5	0
359	270	4	0
363	270	2	0
379	270	3	0
380	270	3	0
392	270	4	0
393	270	5	0
404	270	4	0
408	270	5	0
409	270	2	0
413	270	4	0
414	270	5	0
417	270	2	0
420	270	3	0
422	270	3	0
446	270	4	0
448	270	5	0
450	270	4	0
451	270	4	0
454	270	4	0
455	270	4	0
463	270	3	0
464	270	4	0
479	270	4	0
483	270	3	0
486	270	2	0
487	270	5	0
489	270	4	0
502	270	2	0
526	270	3	0
529	270	4	0
537	270	3	0
540	270	4	0
544	270	3	0
548	270	5	0
557	270	3	0
560	270	4	0
574	270	3	0
587	270	4	0
621	270	4	0
624	270	3	0
626	270	2	0
628	270	5	0
629	270	3	0
641	270	3	0
650	270	4	0
655	270	4	0
656	270	3	0
666	270	3	0
676	270	4	0
681	270	1	0
683	270	3	0
695	270	4	0
697	270	5	0
699	270	4	0
713	270	2	0
750	270	4	0
751	270	4	0
752	270	4	0
757	270	3	0
758	270	4	0
762	270	4	0
775	270	2	0
782	270	4	0
784	270	3	0
788	270	2	0
796	270	4	0
798	270	4	0
808	270	4	0
813	270	5	0
828	270	5	0
831	270	4	0
841	270	4	0
842	270	5	0
843	270	4	0
846	270	3	0
853	270	4	0
854	270	4	0
856	270	3	0
863	270	3	0
867	270	5	0
871	270	5	0
877	270	4	0
883	270	4	0
894	270	3	0
898	270	4	0
906	270	4	0
915	270	3	0
919	270	4	0
920	270	3	0
1	271	2	0
3	271	3	0
4	271	4	0
13	271	1	0
26	271	3	0
28	271	4	0
31	271	4	0
32	271	3	0
33	271	4	0
40	271	2	0
43	271	3	0
57	271	3	0
61	271	1	0
62	271	1	0
64	271	3	0
72	271	1	0
73	271	2	0
75	271	5	0
92	271	2	0
100	271	3	0
102	271	2	0
104	271	1	0
105	271	2	0
107	271	2	0
116	271	4	0
117	271	4	0
119	271	4	0
127	271	5	0
130	271	5	0
133	271	5	0
143	271	4	0
144	271	2	0
145	271	4	0
146	271	3	0
158	271	4	0
177	271	2	0
178	271	4	0
179	271	1	0
195	271	4	0
197	271	2	0
201	271	4	0
203	271	3	0
209	271	2	0
215	271	4	0
222	271	4	0
247	271	2	0
249	271	4	0
250	271	4	0
255	271	4	0
259	271	3	0
263	271	1	0
276	271	4	0
281	271	5	0
282	271	3	0
290	271	3	0
294	271	5	0
297	271	2	0
299	271	3	0
301	271	4	0
302	271	4	0
303	271	2	0
304	271	4	0
315	271	3	0
317	271	3	0
325	271	3	0
327	271	3	0
328	271	3	0
332	271	4	0
334	271	3	0
335	271	4	0
347	271	1	0
350	271	3	0
353	271	2	0
355	271	3	0
360	271	2	0
363	271	4	0
365	271	4	0
369	271	5	0
377	271	4	0
379	271	3	0
384	271	4	0
392	271	1	0
393	271	3	0
396	271	4	0
408	271	3	0
413	271	4	0
422	271	3	0
425	271	5	0
428	271	2	0
435	271	4	0
440	271	5	0
443	271	4	0
444	271	3	0
445	271	1	0
448	271	4	0
459	271	4	0
462	271	1	0
463	271	1	0
472	271	5	0
479	271	3	0
483	271	3	0
489	271	4	0
493	271	1	0
498	271	2	0
499	271	3	0
502	271	5	0
505	271	4	0
506	271	4	0
507	271	5	0
509	271	4	0
511	271	5	0
515	271	4	0
521	271	3	0
526	271	3	0
529	271	4	0
536	271	3	0
537	271	2	0
544	271	3	0
545	271	3	0
546	271	5	0
548	271	3	0
550	271	5	0
555	271	3	0
557	271	4	0
560	271	4	0
567	271	4	0
570	271	4	0
580	271	5	0
582	271	4	0
587	271	4	0
589	271	3	0
592	271	4	0
603	271	2	0
610	271	1	0
615	271	2	0
621	271	5	0
624	271	3	0
627	271	5	0
629	271	4	0
650	271	3	0
655	271	3	0
660	271	3	0
665	271	2	0
668	271	4	0
669	271	2	0
676	271	3	0
682	271	4	0
683	271	3	0
697	271	4	0
699	271	3	0
702	271	1	0
708	271	1	0
710	271	3	0
717	271	2	0
724	271	2	0
727	271	4	0
738	271	3	0
740	271	2	0
748	271	3	0
749	271	5	0
750	271	4	0
752	271	5	0
755	271	1	0
757	271	3	0
758	271	4	0
772	271	4	0
782	271	2	0
783	271	5	0
784	271	3	0
787	271	1	0
788	271	3	0
796	271	5	0
801	271	5	0
803	271	2	0
805	271	3	0
806	271	3	0
807	271	3	0
808	271	3	0
813	271	4	0
816	271	4	0
818	271	4	0
820	271	2	0
826	271	4	0
828	271	2	0
831	271	2	0
833	271	5	0
838	271	4	0
841	271	4	0
843	271	5	0
846	271	5	0
851	271	5	0
853	271	3	0
854	271	4	0
862	271	5	0
863	271	4	0
865	271	1	0
871	271	5	0
877	271	4	0
883	271	2	0
889	271	3	0
890	271	3	0
894	271	2	0
896	271	1	0
898	271	3	0
902	271	2	0
907	271	5	0
916	271	3	0
919	271	4	0
922	271	3	0
929	271	2	0
940	271	2	0
1	272	3	0
2	272	5	0
3	272	2	0
6	272	4	0
13	272	4	0
39	272	2	0
40	272	2	0
43	272	5	0
54	272	5	0
58	272	5	0
60	272	4	0
73	272	4	0
74	272	5	0
85	272	4	0
90	272	5	0
100	272	4	0
102	272	3	0
104	272	4	0
105	272	4	0
110	272	4	0
111	272	3	0
112	272	5	0
116	272	3	0
119	272	5	0
126	272	3	0
129	272	4	0
130	272	5	0
133	272	5	0
143	272	4	0
146	272	5	0
149	272	3	0
152	272	5	0
159	272	5	0
161	272	5	0
163	272	4	0
171	272	5	0
174	272	5	0
176	272	5	0
179	272	5	0
184	272	4	0
190	272	5	0
191	272	4	0
197	272	4	0
201	272	3	0
206	272	5	0
215	272	3	0
221	272	5	0
228	272	5	0
229	272	3	0
232	272	4	0
239	272	5	0
240	272	5	0
247	272	4	0
258	272	5	0
260	272	3	0
263	272	5	0
266	272	4	0
269	272	3	0
271	272	3	0
273	272	4	0
276	272	5	0
284	272	5	0
286	272	5	0
288	272	5	0
293	272	4	0
296	272	5	0
297	272	5	0
305	272	3	0
322	272	4	0
325	272	3	0
328	272	5	0
329	272	5	0
334	272	4	0
344	272	5	0
345	272	5	0
353	272	5	0
354	272	3	0
356	272	5	0
365	272	4	0
377	272	5	0
378	272	4	0
380	272	4	0
383	272	3	0
384	272	5	0
392	272	5	0
393	272	4	0
401	272	3	0
404	272	4	0
408	272	4	0
410	272	4	0
414	272	5	0
416	272	5	0
423	272	5	0
425	272	4	0
428	272	5	0
440	272	5	0
444	272	5	0
445	272	3	0
450	272	5	0
453	272	5	0
454	272	5	0
462	272	5	0
479	272	4	0
480	272	4	0
487	272	5	0
489	272	5	0
499	272	5	0
514	272	4	0
526	272	5	0
532	272	5	0
537	272	4	0
543	272	3	0
548	272	2	0
551	272	5	0
564	272	3	0
574	272	4	0
578	272	2	0
587	272	5	0
588	272	5	0
589	272	5	0
592	272	5	0
593	272	5	0
610	272	4	0
611	272	5	0
613	272	5	0
616	272	5	0
624	272	5	0
626	272	5	0
630	272	5	0
631	272	4	0
634	272	5	0
636	272	5	0
646	272	4	0
650	272	4	0
653	272	4	0
655	272	3	0
656	272	3	0
659	272	4	0
660	272	4	0
661	272	4	0
663	272	5	0
667	272	5	0
668	272	5	0
673	272	5	0
675	272	3	0
676	272	4	0
682	272	5	0
683	272	4	0
693	272	4	0
701	272	5	0
704	272	5	0
711	272	5	0
713	272	4	0
720	272	4	0
724	272	5	0
729	272	4	0
751	272	4	0
752	272	4	0
753	272	4	0
758	272	4	0
766	272	4	0
768	272	5	0
772	272	5	0
775	272	4	0
782	272	5	0
784	272	4	0
796	272	4	0
809	272	5	0
822	272	3	0
827	272	4	0
831	272	5	0
834	272	4	0
835	272	4	0
840	272	4	0
841	272	4	0
842	272	4	0
845	272	3	0
851	272	5	0
856	272	5	0
860	272	3	0
863	272	5	0
866	272	2	0
870	272	4	0
871	272	2	0
872	272	4	0
880	272	5	0
894	272	4	0
898	272	4	0
903	272	4	0
907	272	5	0
911	272	4	0
919	272	5	0
920	272	3	0
926	272	5	0
931	272	5	0
936	272	4	0
940	272	4	0
942	272	5	0
2	292	4	0
13	292	5	0
15	292	5	0
21	292	3	0
26	292	3	0
33	292	4	0
34	292	5	0
47	292	4	0
100	292	2	0
113	292	3	0
116	292	4	0
121	292	4	0
141	292	1	0
147	292	5	0
155	292	3	0
170	292	5	0
171	292	4	0
173	292	5	0
177	292	3	0
181	292	1	0
201	292	3	0
204	292	5	0
234	292	4	0
235	292	3	0
241	292	4	0
262	292	4	0
296	292	5	0
316	292	4	0
320	292	3	0
323	292	4	0
324	292	3	0
341	292	5	0
351	292	4	0
354	292	4	0
356	292	3	0
368	292	4	0
372	292	5	0
374	292	4	0
378	292	3	0
423	292	4	0
424	292	4	0
427	292	2	0
437	292	5	0
446	292	5	0
448	292	4	0
450	292	5	0
451	292	3	0
455	292	3	0
462	292	5	0
464	292	5	0
466	292	4	0
486	292	4	0
488	292	3	0
489	292	4	0
490	292	3	0
504	292	5	0
510	292	4	0
511	292	5	0
515	292	3	0
529	292	4	0
532	292	4	0
533	292	4	0
537	292	2	0
544	292	4	0
548	292	4	0
551	292	3	0
557	292	4	0
564	292	4	0
587	292	3	0
592	292	1	0
594	292	3	0
598	292	4	0
616	292	4	0
626	292	1	0
628	292	5	0
629	292	4	0
634	292	3	0
642	292	2	0
651	292	2	0
655	292	2	0
673	292	4	0
674	292	4	0
681	292	4	0
701	292	4	0
721	292	3	0
743	292	3	0
747	292	4	0
749	292	4	0
754	292	3	0
758	292	4	0
782	292	4	0
783	292	4	0
784	292	4	0
787	292	3	0
799	292	4	0
800	292	5	0
804	292	2	0
811	292	3	0
812	292	3	0
824	292	3	0
834	292	5	0
836	292	5	0
839	292	3	0
853	292	4	0
858	292	3	0
861	292	4	0
863	292	2	0
873	292	5	0
879	292	4	0
894	292	4	0
909	292	4	0
919	292	3	0
920	292	3	0
926	292	3	0
2	301	4	0
4	301	5	0
6	301	2	0
8	301	4	0
11	301	4	0
13	301	1	0
15	301	4	0
21	301	4	0
30	301	4	0
39	301	3	0
43	301	5	0
47	301	4	0
49	301	3	0
61	301	1	0
63	301	5	0
74	301	3	0
75	301	4	0
78	301	5	0
79	301	3	0
83	301	2	0
85	301	4	0
88	301	4	0
89	301	5	0
90	301	4	0
102	301	3	0
103	301	4	0
104	301	2	0
110	301	2	0
111	301	4	0
112	301	3	0
116	301	3	0
119	301	4	0
134	301	2	0
140	301	3	0
145	301	4	0
146	301	2	0
147	301	5	0
149	301	3	0
151	301	4	0
152	301	3	0
159	301	2	0
163	301	3	0
169	301	4	0
173	301	5	0
179	301	4	0
181	301	2	0
184	301	3	0
191	301	4	0
192	301	4	0
193	301	4	0
204	301	4	0
209	301	3	0
210	301	4	0
220	301	4	0
224	301	3	0
234	301	3	0
238	301	3	0
240	301	5	0
244	301	2	0
257	301	3	0
261	301	4	0
276	301	4	0
278	301	2	0
279	301	4	0
281	301	3	0
284	301	5	0
286	301	5	0
287	301	3	0
294	301	4	0
296	301	5	0
297	301	4	0
302	301	4	0
315	301	2	0
318	301	4	0
319	301	4	0
324	301	5	0
327	301	3	0
328	301	2	0
334	301	2	0
338	301	4	0
342	301	5	0
344	301	4	0
345	301	4	0
351	301	3	0
353	301	3	0
363	301	3	0
365	301	5	0
376	301	3	0
378	301	3	0
388	301	4	0
389	301	4	0
391	301	4	0
399	301	4	0
400	301	4	0
404	301	3	0
413	301	3	0
414	301	3	0
416	301	5	0
418	301	2	0
420	301	3	0
425	301	4	0
428	301	4	0
429	301	3	0
437	301	3	0
438	301	4	0
439	301	3	0
446	301	3	0
448	301	1	0
450	301	4	0
451	301	4	0
455	301	2	0
458	301	1	0
459	301	2	0
460	301	3	0
463	301	5	0
464	301	4	0
482	301	4	0
485	301	2	0
486	301	4	0
487	301	4	0
489	301	3	0
499	301	4	0
500	301	2	0
502	301	1	0
509	301	2	0
514	301	4	0
523	301	4	0
524	301	4	0
526	301	2	0
529	301	4	0
532	301	4	0
535	301	4	0
537	301	2	0
539	301	5	0
544	301	2	0
547	301	3	0
550	301	2	0
552	301	4	0
555	301	4	0
560	301	3	0
563	301	4	0
568	301	1	0
569	301	4	0
570	301	3	0
572	301	4	0
587	301	3	0
588	301	5	0
589	301	2	0
592	301	1	0
593	301	4	0
605	301	3	0
608	301	1	0
611	301	4	0
616	301	3	0
621	301	4	0
624	301	3	0
628	301	4	0
629	301	3	0
631	301	4	0
635	301	3	0
637	301	1	0
640	301	2	0
641	301	4	0
645	301	2	0
650	301	2	0
651	301	3	0
652	301	1	0
655	301	2	0
656	301	3	0
657	301	3	0
660	301	3	0
665	301	4	0
666	301	4	0
667	301	1	0
672	301	4	0
673	301	3	0
683	301	2	0
695	301	3	0
697	301	5	0
710	301	3	0
711	301	4	0
717	301	4	0
721	301	4	0
724	301	4	0
725	301	4	0
730	301	1	0
735	301	3	0
739	301	5	0
743	301	4	0
744	301	3	0
747	301	1	0
750	301	4	0
751	301	5	0
752	301	4	0
755	301	3	0
758	301	3	0
768	301	5	0
770	301	4	0
782	301	3	0
783	301	4	0
785	301	4	0
788	301	2	0
791	301	3	0
796	301	1	0
801	301	5	0
810	301	5	0
811	301	5	0
820	301	2	0
827	301	4	0
828	301	2	0
831	301	2	0
847	301	5	0
851	301	3	0
853	301	1	0
860	301	2	0
861	301	4	0
863	301	4	0
871	301	4	0
880	301	4	0
895	301	4	0
902	301	2	0
905	301	4	0
907	301	4	0
913	301	1	0
915	301	2	0
919	301	3	0
920	301	2	0
936	301	3	0
937	301	1	0
940	301	3	0
2	302	5	0
3	302	2	0
6	302	4	0
10	302	4	0
13	302	5	0
14	302	5	0
15	302	4	0
16	302	5	0
26	302	5	0
29	302	4	0
31	302	4	0
39	302	5	0
40	302	3	0
43	302	4	0
47	302	5	0
48	302	4	0
49	302	4	0
52	302	4	0
54	302	4	0
62	302	3	0
63	302	3	0
69	302	4	0
71	302	3	0
74	302	4	0
88	302	3	0
90	302	5	0
94	302	4	0
100	302	4	0
102	302	3	0
104	302	5	0
105	302	5	0
107	302	4	0
111	302	5	0
112	302	4	0
115	302	4	0
116	302	3	0
126	302	4	0
129	302	4	0
131	302	5	0
134	302	2	0
139	302	3	0
140	302	4	0
144	302	3	0
145	302	4	0
146	302	4	0
147	302	4	0
149	302	4	0
151	302	3	0
154	302	4	0
158	302	4	0
160	302	5	0
171	302	4	0
173	302	5	0
177	302	4	0
178	302	4	0
179	302	4	0
181	302	2	0
185	302	4	0
186	302	3	0
190	302	5	0
191	302	4	0
192	302	5	0
197	302	3	0
201	302	4	0
204	302	5	0
206	302	5	0
207	302	4	0
208	302	1	0
210	302	5	0
214	302	4	0
216	302	5	0
222	302	3	0
229	302	5	0
232	302	5	0
240	302	5	0
241	302	3	0
249	302	4	0
268	302	5	0
269	302	3	0
271	302	5	0
276	302	5	0
277	302	4	0
278	302	3	0
282	302	5	0
284	302	4	0
285	302	5	0
293	302	4	0
297	302	4	0
299	302	4	0
303	302	4	0
305	302	4	0
315	302	5	0
319	302	4	0
322	302	5	0
327	302	3	0
328	302	4	0
329	302	5	0
331	302	5	0
332	302	5	0
334	302	5	0
339	302	4	0
343	302	4	0
344	302	5	0
345	302	5	0
346	302	3	0
352	302	4	0
360	302	4	0
362	302	5	0
363	302	5	0
364	302	4	0
367	302	5	0
370	302	5	0
375	302	5	0
378	302	5	0
380	302	5	0
383	302	4	0
384	302	5	0
388	302	5	0
389	302	5	0
390	302	5	0
392	302	5	0
393	302	4	0
397	302	5	0
399	302	4	0
401	302	3	0
404	302	4	0
405	302	4	0
408	302	5	0
413	302	2	0
414	302	5	0
416	302	5	0
417	302	3	0
418	302	2	0
420	302	4	0
421	302	4	0
422	302	3	0
423	302	5	0
425	302	5	0
427	302	4	0
428	302	5	0
430	302	4	0
431	302	3	0
433	302	5	0
445	302	1	0
446	302	4	0
448	302	5	0
450	302	5	0
451	302	3	0
454	302	4	0
458	302	5	0
460	302	4	0
461	302	3	0
463	302	5	0
464	302	5	0
466	302	5	0
467	302	4	0
473	302	4	0
474	302	5	0
475	302	3	0
480	302	4	0
485	302	5	0
486	302	5	0
489	302	5	0
490	302	4	0
498	302	3	0
507	302	5	0
509	302	5	0
512	302	4	0
514	302	5	0
515	302	3	0
520	302	3	0
524	302	5	0
526	302	5	0
531	302	5	0
532	302	5	0
535	302	3	0
537	302	4	0
543	302	4	0
544	302	5	0
547	302	5	0
548	302	4	0
551	302	3	0
555	302	3	0
556	302	4	0
560	302	5	0
561	302	4	0
564	302	3	0
567	302	4	0
569	302	4	0
570	302	4	0
574	302	4	0
587	302	3	0
592	302	5	0
605	302	4	0
611	302	5	0
615	302	4	0
616	302	5	0
617	302	4	0
619	302	4	0
624	302	4	0
626	302	4	0
628	302	5	0
634	302	5	0
635	302	4	0
640	302	5	0
651	302	5	0
654	302	5	0
655	302	4	0
656	302	3	0
657	302	2	0
664	302	4	0
666	302	5	0
668	302	5	0
669	302	4	0
673	302	3	0
676	302	5	0
683	302	5	0
685	302	3	0
688	302	5	0
695	302	4	0
696	302	5	0
697	302	5	0
704	302	4	0
707	302	4	0
710	302	4	0
713	302	4	0
717	302	5	0
720	302	5	0
721	302	3	0
724	302	3	0
733	302	4	0
740	302	5	0
743	302	5	0
744	302	5	0
745	302	4	0
747	302	5	0
751	302	4	0
752	302	5	0
755	302	4	0
758	302	5	0
762	302	5	0
770	302	2	0
772	302	5	0
775	302	3	0
781	302	5	0
782	302	3	0
784	302	5	0
787	302	3	0
788	302	4	0
791	302	4	0
801	302	4	0
802	302	4	0
806	302	4	0
808	302	5	0
809	302	5	0
812	302	3	0
818	302	5	0
819	302	5	0
820	302	5	0
827	302	4	0
828	302	4	0
833	302	3	0
836	302	5	0
838	302	4	0
841	302	5	0
842	302	5	0
845	302	3	0
846	302	5	0
851	302	5	0
853	302	4	0
854	302	3	0
860	302	4	0
863	302	4	0
865	302	5	0
866	302	2	0
870	302	4	0
871	302	5	0
874	302	5	0
875	302	5	0
877	302	2	0
880	302	5	0
883	302	5	0
889	302	4	0
894	302	4	0
896	302	2	0
898	302	4	0
902	302	3	0
903	302	4	0
905	302	5	0
913	302	4	0
915	302	4	0
919	302	4	0
920	302	4	0
926	302	4	0
931	302	4	0
934	302	4	0
940	302	4	0
2	303	4	0
3	303	3	0
4	303	5	0
6	303	3	0
13	303	4	0
15	303	3	0
29	303	4	0
31	303	3	0
40	303	4	0
47	303	4	0
79	303	4	0
80	303	4	0
87	303	3	0
90	303	4	0
111	303	3	0
112	303	4	0
113	303	5	0
116	303	3	0
126	303	3	0
129	303	3	0
136	303	4	0
139	303	5	0
140	303	5	0
144	303	4	0
149	303	4	0
171	303	4	0
173	303	5	0
176	303	3	0
179	303	1	0
181	303	1	0
186	303	3	0
201	303	2	0
204	303	5	0
211	303	3	0
219	303	4	0
220	303	4	0
229	303	1	0
235	303	4	0
273	303	4	0
276	303	4	0
284	303	5	0
293	303	4	0
296	303	4	0
299	303	3	0
302	303	2	0
306	303	3	0
309	303	2	0
315	303	4	0
322	303	3	0
329	303	4	0
334	303	4	0
343	303	4	0
344	303	4	0
345	303	4	0
354	303	5	0
360	303	3	0
381	303	3	0
392	303	4	0
393	303	4	0
405	303	1	0
409	303	4	0
410	303	3	0
413	303	5	0
416	303	4	0
427	303	5	0
428	303	3	0
430	303	4	0
431	303	4	0
433	303	4	0
446	303	2	0
448	303	4	0
451	303	2	0
460	303	3	0
473	303	4	0
475	303	1	0
485	303	4	0
486	303	4	0
489	303	4	0
503	303	5	0
533	303	4	0
537	303	4	0
539	303	5	0
543	303	4	0
547	303	3	0
567	303	3	0
568	303	4	0
570	303	5	0
574	303	3	0
579	303	3	0
587	303	4	0
592	303	5	0
608	303	4	0
611	303	3	0
613	303	4	0
615	303	5	0
616	303	4	0
641	303	3	0
655	303	4	0
656	303	4	0
673	303	5	0
675	303	5	0
676	303	4	0
683	303	3	0
701	303	4	0
707	303	3	0
710	303	4	0
717	303	4	0
721	303	3	0
743	303	5	0
747	303	5	0
750	303	4	0
758	303	4	0
770	303	4	0
784	303	4	0
803	303	4	0
818	303	5	0
819	303	4	0
828	303	4	0
840	303	5	0
842	303	5	0
845	303	1	0
851	303	4	0
854	303	3	0
860	303	3	0
863	303	1	0
866	303	4	0
889	303	3	0
894	303	4	0
919	303	4	0
926	303	3	0
931	303	4	0
934	303	4	0
937	303	4	0
942	303	4	0
2	304	4	0
6	304	4	0
26	304	4	0
30	304	4	0
47	304	3	0
57	304	5	0
61	304	4	0
75	304	2	0
82	304	3	0
86	304	3	0
92	304	4	0
101	304	3	0
108	304	3	0
111	304	4	0
116	304	2	0
129	304	3	0
133	304	3	0
140	304	4	0
144	304	4	0
145	304	2	0
147	304	5	0
165	304	3	0
170	304	4	0
171	304	3	0
178	304	4	0
181	304	1	0
195	304	4	0
200	304	5	0
201	304	2	0
203	304	3	0
204	304	3	0
205	304	3	0
209	304	2	0
230	304	5	0
233	304	5	0
234	304	3	0
236	304	4	0
239	304	1	0
261	304	3	0
273	304	3	0
275	304	3	0
281	304	5	0
284	304	4	0
296	304	3	0
309	304	3	0
310	304	5	0
316	304	3	0
331	304	5	0
334	304	3	0
344	304	3	0
351	304	3	0
357	304	5	0
360	304	4	0
378	304	4	0
381	304	5	0
385	304	3	0
390	304	5	0
392	304	4	0
393	304	4	0
400	304	4	0
411	304	3	0
416	304	5	0
418	304	4	0
423	304	4	0
424	304	4	0
427	304	4	0
440	304	5	0
448	304	3	0
450	304	4	0
451	304	3	0
455	304	3	0
457	304	4	0
458	304	4	0
460	304	2	0
461	304	4	0
463	304	3	0
479	304	4	0
486	304	3	0
488	304	4	0
489	304	3	0
500	304	2	0
515	304	4	0
524	304	4	0
532	304	5	0
536	304	3	0
541	304	4	0
544	304	3	0
550	304	3	0
561	304	3	0
563	304	2	0
575	304	2	0
587	304	4	0
589	304	5	0
595	304	3	0
602	304	4	0
609	304	5	0
640	304	4	0
646	304	3	0
648	304	5	0
655	304	2	0
661	304	2	0
674	304	3	0
681	304	3	0
682	304	1	0
688	304	5	0
691	304	3	0
699	304	4	0
701	304	4	0
704	304	2	0
708	304	4	0
720	304	4	0
721	304	3	0
724	304	4	0
728	304	4	0
732	304	5	0
735	304	4	0
747	304	4	0
750	304	4	0
753	304	4	0
755	304	4	0
771	304	5	0
772	304	4	0
779	304	3	0
782	304	4	0
784	304	4	0
787	304	4	0
791	304	4	0
800	304	3	0
802	304	3	0
803	304	3	0
810	304	4	0
811	304	5	0
813	304	1	0
819	304	4	0
824	304	3	0
851	304	3	0
853	304	4	0
857	304	2	0
863	304	3	0
879	304	4	0
881	304	3	0
883	304	3	0
902	304	3	0
915	304	3	0
919	304	4	0
921	304	2	0
931	304	4	0
937	304	4	0
942	304	5	0
2	307	3	0
3	307	3	0
7	307	5	0
13	307	2	0
15	307	1	0
32	307	2	0
33	307	3	0
36	307	4	0
39	307	2	0
44	307	4	0
46	307	3	0
47	307	4	0
54	307	4	0
69	307	2	0
74	307	4	0
90	307	5	0
92	307	4	0
102	307	4	0
104	307	2	0
105	307	2	0
110	307	4	0
111	307	2	0
112	307	4	0
116	307	3	0
117	307	5	0
129	307	2	0
130	307	4	0
139	307	4	0
143	307	4	0
144	307	1	0
146	307	3	0
164	307	5	0
177	307	4	0
179	307	3	0
181	307	1	0
191	307	3	0
193	307	4	0
197	307	3	0
214	307	3	0
234	307	2	0
236	307	4	0
240	307	4	0
241	307	4	0
257	307	4	0
260	307	3	0
273	307	2	0
276	307	4	0
282	307	3	0
284	307	4	0
294	307	3	0
297	307	4	0
302	307	4	0
318	307	3	0
319	307	4	0
324	307	5	0
332	307	5	0
334	307	3	0
335	307	5	0
351	307	4	0
355	307	4	0
356	307	4	0
363	307	5	0
381	307	2	0
388	307	4	0
399	307	3	0
400	307	3	0
404	307	4	0
413	307	2	0
416	307	1	0
422	307	4	0
423	307	3	0
425	307	4	0
428	307	4	0
429	307	3	0
431	307	3	0
435	307	5	0
439	307	3	0
443	307	3	0
444	307	3	0
446	307	3	0
448	307	2	0
450	307	5	0
451	307	4	0
455	307	4	0
458	307	4	0
459	307	5	0
460	307	4	0
464	307	5	0
485	307	3	0
486	307	3	0
489	307	4	0
499	307	4	0
501	307	4	0
502	307	4	0
504	307	4	0
505	307	4	0
507	307	5	0
509	307	2	0
514	307	4	0
515	307	4	0
526	307	2	0
529	307	5	0
532	307	4	0
537	307	3	0
548	307	4	0
551	307	4	0
553	307	4	0
557	307	5	0
577	307	3	0
587	307	4	0
588	307	4	0
589	307	1	0
592	307	4	0
606	307	4	0
611	307	4	0
616	307	2	0
619	307	2	0
624	307	3	0
629	307	5	0
631	307	4	0
635	307	4	0
644	307	4	0
646	307	3	0
652	307	4	0
653	307	4	0
655	307	3	0
660	307	3	0
663	307	4	0
665	307	3	0
668	307	4	0
673	307	3	0
677	307	5	0
683	307	3	0
688	307	4	0
695	307	4	0
696	307	5	0
697	307	4	0
698	307	4	0
699	307	3	0
702	307	2	0
713	307	3	0
717	307	5	0
722	307	4	0
724	307	3	0
744	307	4	0
752	307	5	0
754	307	3	0
758	307	3	0
772	307	4	0
774	307	1	0
775	307	4	0
782	307	4	0
783	307	5	0
784	307	4	0
787	307	4	0
796	307	4	0
797	307	2	0
799	307	3	0
801	307	4	0
803	307	4	0
804	307	4	0
809	307	5	0
811	307	4	0
813	307	4	0
825	307	4	0
831	307	2	0
832	307	4	0
834	307	4	0
841	307	5	0
851	307	4	0
853	307	1	0
856	307	4	0
858	307	3	0
860	307	3	0
863	307	5	0
871	307	3	0
873	307	3	0
877	307	3	0
880	307	4	0
894	307	3	0
896	307	3	0
902	307	3	0
906	307	3	0
910	307	2	0
915	307	3	0
919	307	4	0
920	307	3	0
923	307	4	0
2	310	4	0
6	310	2	0
13	310	4	0
15	310	4	0
19	310	4	0
34	310	4	0
36	310	4	0
40	310	3	0
58	310	4	0
61	310	4	0
64	310	4	0
82	310	4	0
85	310	3	0
90	310	3	0
99	310	3	0
100	310	3	0
104	310	2	0
112	310	4	0
115	310	3	0
116	310	4	0
119	310	5	0
126	310	2	0
129	310	2	0
145	310	4	0
149	310	2	0
159	310	5	0
171	310	4	0
179	310	4	0
190	310	4	0
193	310	4	0
204	310	1	0
206	310	5	0
208	310	4	0
211	310	3	0
241	310	4	0
244	310	3	0
258	310	5	0
271	310	3	0
281	310	4	0
284	310	3	0
304	310	3	0
311	310	4	0
324	310	4	0
334	310	3	0
338	310	3	0
351	310	5	0
355	310	4	0
356	310	3	0
374	310	5	0
379	310	4	0
388	310	5	0
392	310	4	0
393	310	4	0
404	310	4	0
408	310	4	0
414	310	4	0
416	310	5	0
423	310	3	0
424	310	3	0
425	310	3	0
428	310	4	0
440	310	3	0
445	310	1	0
449	310	3	0
450	310	4	0
454	310	4	0
462	310	5	0
463	310	3	0
489	310	4	0
504	310	4	0
507	310	4	0
509	310	1	0
515	310	3	0
516	310	4	0
520	310	4	0
524	310	4	0
528	310	3	0
529	310	4	0
532	310	4	0
537	310	3	0
540	310	4	0
544	310	2	0
548	310	3	0
550	310	5	0
551	310	4	0
574	310	4	0
587	310	3	0
589	310	5	0
608	310	1	0
624	310	4	0
630	310	3	0
631	310	4	0
646	310	3	0
653	310	4	0
655	310	3	0
661	310	2	0
666	310	5	0
669	310	4	0
673	310	5	0
681	310	3	0
696	310	4	0
697	310	3	0
707	310	4	0
710	310	3	0
713	310	4	0
720	310	4	0
722	310	4	0
724	310	5	0
726	310	4	0
729	310	3	0
751	310	3	0
752	310	1	0
755	310	4	0
758	310	3	0
768	310	4	0
772	310	4	0
775	310	3	0
782	310	4	0
784	310	4	0
787	310	5	0
804	310	4	0
813	310	4	0
829	310	3	0
830	310	4	0
835	310	4	0
845	310	4	0
851	310	5	0
856	310	3	0
860	310	4	0
863	310	5	0
869	310	4	0
871	310	3	0
872	310	4	0
880	310	3	0
894	310	3	0
896	310	4	0
898	310	4	0
910	310	3	0
913	310	3	0
915	310	3	0
919	310	3	0
920	310	4	0
931	310	3	0
940	310	3	0
942	310	4	0
2	312	3	0
11	312	4	0
13	312	1	0
29	312	4	0
34	312	4	0
43	312	4	0
49	312	3	0
90	312	4	0
99	312	2	0
104	312	3	0
107	312	4	0
112	312	5	0
145	312	3	0
149	312	1	0
174	312	5	0
229	312	3	0
239	312	2	0
271	312	2	0
286	312	4	0
318	312	4	0
334	312	2	0
345	312	3	0
351	312	5	0
356	312	3	0
362	312	5	0
363	312	3	0
392	312	4	0
401	312	3	0
408	312	3	0
410	312	2	0
416	312	3	0
428	312	4	0
440	312	5	0
448	312	1	0
450	312	4	0
454	312	3	0
460	312	4	0
489	312	2	0
499	312	4	0
526	312	2	0
531	312	5	0
532	312	2	0
537	312	3	0
544	312	2	0
547	312	4	0
564	312	3	0
574	312	4	0
587	312	2	0
592	312	2	0
598	312	5	0
624	312	4	0
655	312	2	0
656	312	1	0
675	312	2	0
683	312	3	0
695	312	3	0
696	312	4	0
701	312	3	0
711	312	5	0
717	312	5	0
727	312	3	0
758	312	3	0
772	312	4	0
775	312	3	0
782	312	4	0
784	312	3	0
808	312	3	0
818	312	2	0
827	312	2	0
856	312	2	0
860	312	4	0
869	312	2	0
883	312	3	0
894	312	3	0
898	312	2	0
907	312	5	0
917	312	2	0
919	312	2	0
931	312	4	0
936	312	3	0
2	313	5	0
13	313	4	0
14	313	2	0
19	313	2	0
26	313	5	0
30	313	5	0
32	313	4	0
33	313	5	0
38	313	5	0
39	313	4	0
41	313	3	0
43	313	5	0
44	313	4	0
46	313	5	0
49	313	3	0
54	313	4	0
58	313	5	0
59	313	5	0
64	313	4	0
70	313	4	0
74	313	5	0
79	313	2	0
85	313	4	0
88	313	3	0
90	313	5	0
91	313	4	0
92	313	5	0
94	313	4	0
99	313	5	0
100	313	5	0
102	313	3	0
104	313	4	0
105	313	5	0
106	313	4	0
107	313	2	0
110	313	5	0
111	313	4	0
112	313	5	0
116	313	5	0
117	313	5	0
119	313	5	0
121	313	5	0
126	313	5	0
129	313	3	0
130	313	5	0
131	313	5	0
133	313	3	0
134	313	5	0
136	313	2	0
141	313	5	0
143	313	5	0
144	313	5	0
145	313	4	0
146	313	4	0
147	313	4	0
149	313	5	0
152	313	4	0
157	313	5	0
164	313	5	0
166	313	5	0
168	313	5	0
171	313	4	0
178	313	5	0
179	313	4	0
184	313	4	0
189	313	2	0
190	313	5	0
191	313	5	0
193	313	4	0
195	313	5	0
197	313	4	0
199	313	4	0
200	313	5	0
201	313	5	0
205	313	3	0
206	313	5	0
207	313	4	0
214	313	4	0
215	313	5	0
216	313	5	0
222	313	4	0
223	313	5	0
224	313	5	0
228	313	5	0
229	313	2	0
231	313	3	0
232	313	3	0
233	313	5	0
234	313	4	0
236	313	4	0
240	313	5	0
241	313	4	0
250	313	5	0
251	313	5	0
254	313	5	0
257	313	5	0
258	313	5	0
259	313	5	0
260	313	5	0
266	313	4	0
271	313	4	0
273	313	3	0
276	313	5	0
278	313	5	0
280	313	3	0
284	313	3	0
285	313	5	0
287	313	4	0
293	313	4	0
294	313	5	0
296	313	5	0
299	313	3	0
304	313	5	0
307	313	5	0
308	313	3	0
317	313	4	0
319	313	5	0
322	313	5	0
325	313	2	0
327	313	4	0
328	313	4	0
329	313	4	0
332	313	5	0
334	313	4	0
335	313	3	0
344	313	3	0
345	313	4	0
348	313	5	0
351	313	5	0
353	313	5	0
354	313	3	0
356	313	5	0
359	313	5	0
362	313	4	0
363	313	5	0
368	313	5	0
377	313	5	0
378	313	5	0
380	313	4	0
381	313	2	0
383	313	2	0
384	313	5	0
388	313	5	0
392	313	5	0
393	313	4	0
394	313	5	0
395	313	3	0
397	313	4	0
400	313	5	0
404	313	5	0
405	313	4	0
407	313	4	0
408	313	4	0
410	313	5	0
414	313	4	0
416	313	5	0
418	313	3	0
423	313	4	0
425	313	1	0
428	313	5	0
432	313	4	0
435	313	5	0
436	313	5	0
440	313	4	0
441	313	4	0
442	313	3	0
443	313	4	0
444	313	4	0
445	313	2	0
450	313	5	0
454	313	5	0
455	313	4	0
460	313	4	0
461	313	4	0
462	313	5	0
463	313	4	0
466	313	5	0
472	313	5	0
474	313	4	0
475	313	2	0
481	313	4	0
482	313	5	0
483	313	2	0
484	313	5	0
485	313	4	0
487	313	3	0
489	313	4	0
499	313	5	0
500	313	3	0
501	313	3	0
502	313	4	0
503	313	5	0
505	313	5	0
507	313	5	0
510	313	5	0
511	313	5	0
512	313	3	0
514	313	5	0
515	313	4	0
519	313	5	0
526	313	5	0
531	313	5	0
532	313	5	0
533	313	5	0
537	313	4	0
543	313	3	0
544	313	5	0
546	313	2	0
547	313	5	0
548	313	5	0
550	313	5	0
551	313	4	0
564	313	4	0
577	313	4	0
578	313	5	0
582	313	5	0
584	313	5	0
585	313	3	0
587	313	5	0
588	313	5	0
589	313	5	0
592	313	5	0
593	313	4	0
596	313	5	0
598	313	5	0
603	313	5	0
606	313	5	0
609	313	5	0
610	313	4	0
611	313	3	0
616	313	5	0
617	313	1	0
618	313	4	0
619	313	5	0
620	313	5	0
621	313	5	0
624	313	5	0
626	313	5	0
631	313	4	0
634	313	5	0
636	313	5	0
639	313	1	0
640	313	5	0
642	313	5	0
646	313	5	0
650	313	4	0
653	313	4	0
654	313	5	0
655	313	4	0
659	313	5	0
660	313	4	0
661	313	4	0
663	313	5	0
665	313	4	0
667	313	3	0
669	313	4	0
673	313	4	0
674	313	5	0
676	313	4	0
683	313	2	0
687	313	5	0
693	313	5	0
695	313	2	0
696	313	3	0
701	313	4	0
702	313	5	0
707	313	2	0
708	313	5	0
710	313	4	0
711	313	4	0
713	313	3	0
717	313	5	0
720	313	3	0
724	313	5	0
729	313	3	0
734	313	4	0
738	313	5	0
741	313	4	0
747	313	5	0
751	313	2	0
752	313	3	0
753	313	5	0
757	313	3	0
758	313	4	0
768	313	5	0
771	313	3	0
772	313	5	0
775	313	4	0
780	313	5	0
782	313	5	0
784	313	5	0
787	313	5	0
796	313	4	0
801	313	5	0
807	313	5	0
808	313	5	0
809	313	4	0
810	313	5	0
815	313	5	0
816	313	5	0
818	313	4	0
820	313	5	0
826	313	5	0
827	313	3	0
828	313	3	0
829	313	4	0
830	313	5	0
831	313	5	0
832	313	5	0
834	313	5	0
835	313	5	0
838	313	5	0
841	313	5	0
842	313	4	0
845	313	4	0
851	313	4	0
856	313	5	0
859	313	5	0
860	313	4	0
863	313	5	0
866	313	1	0
870	313	4	0
871	313	5	0
872	313	5	0
873	313	5	0
874	313	3	0
883	313	3	0
890	313	5	0
891	313	5	0
894	313	4	0
896	313	4	0
898	313	4	0
905	313	4	0
907	313	5	0
910	313	4	0
911	313	2	0
914	313	3	0
915	313	4	0
919	313	5	0
920	313	5	0
921	313	5	0
924	313	4	0
926	313	3	0
931	313	4	0
934	313	3	0
935	313	5	0
936	313	4	0
938	313	5	0
940	313	5	0
942	313	3	0
2	315	1	0
13	315	5	0
23	315	3	0
26	315	3	0
30	315	4	0
39	315	4	0
43	315	4	0
74	315	5	0
88	315	4	0
99	315	4	0
100	315	5	0
110	315	4	0
111	315	5	0
112	315	5	0
116	315	3	0
119	315	5	0
121	315	4	0
126	315	4	0
130	315	4	0
133	315	4	0
134	315	3	0
142	315	3	0
143	315	4	0
145	315	5	0
146	315	5	0
161	315	5	0
166	315	3	0
171	315	4	0
174	315	5	0
179	315	5	0
191	315	5	0
201	315	3	0
204	315	4	0
205	315	4	0
206	315	5	0
210	315	5	0
216	315	5	0
229	315	1	0
232	315	5	0
258	315	3	0
263	315	4	0
269	315	4	0
271	315	4	0
273	315	4	0
276	315	4	0
278	315	4	0
280	315	5	0
284	315	5	0
286	315	5	0
293	315	3	0
296	315	5	0
305	315	5	0
311	315	5	0
318	315	5	0
328	315	4	0
333	315	5	0
334	315	4	0
344	315	5	0
345	315	5	0
353	315	4	0
356	315	4	0
363	315	3	0
365	315	4	0
380	315	4	0
383	315	5	0
388	315	3	0
393	315	5	0
395	315	5	0
401	315	4	0
407	315	4	0
408	315	5	0
410	315	4	0
416	315	3	0
418	315	2	0
423	315	4	0
428	315	5	0
432	315	5	0
450	315	4	0
454	315	4	0
462	315	4	0
466	315	5	0
474	315	5	0
475	315	4	0
482	315	3	0
484	315	3	0
489	315	5	0
507	315	5	0
515	315	4	0
520	315	4	0
526	315	5	0
532	315	3	0
537	315	4	0
542	315	4	0
547	315	4	0
548	315	3	0
551	315	5	0
559	315	5	0
574	315	3	0
587	315	4	0
588	315	4	0
592	315	5	0
610	315	4	0
611	315	5	0
616	315	4	0
631	315	4	0
634	315	5	0
640	315	5	0
646	315	4	0
650	315	3	0
655	315	4	0
659	315	3	0
660	315	4	0
663	315	4	0
665	315	4	0
667	315	4	0
673	315	5	0
674	315	3	0
676	315	4	0
683	315	4	0
696	315	5	0
701	315	5	0
711	315	4	0
713	315	4	0
720	315	4	0
747	315	4	0
751	315	3	0
752	315	2	0
758	315	5	0
768	315	3	0
772	315	5	0
775	315	5	0
782	315	4	0
784	315	4	0
796	315	5	0
809	315	5	0
811	315	4	0
819	315	5	0
820	315	3	0
831	315	3	0
834	315	5	0
841	315	4	0
842	315	3	0
856	315	5	0
860	315	3	0
863	315	5	0
866	315	4	0
869	315	3	0
870	315	2	0
871	315	3	0
880	315	5	0
883	315	3	0
894	315	4	0
898	315	5	0
915	315	4	0
919	315	3	0
926	315	4	0
931	315	5	0
934	315	4	0
940	315	4	0
942	315	4	0
3	326	2	0
13	326	3	0
21	326	5	0
29	326	2	0
35	326	3	0
38	326	5	0
64	326	3	0
74	326	4	0
82	326	2	0
86	326	3	0
88	326	5	0
91	326	3	0
99	326	3	0
100	326	3	0
102	326	3	0
110	326	4	0
111	326	3	0
113	326	5	0
116	326	2	0
126	326	2	0
130	326	5	0
134	326	5	0
143	326	5	0
144	326	4	0
149	326	3	0
155	326	2	0
159	326	3	0
163	326	3	0
164	326	3	0
165	326	5	0
170	326	5	0
171	326	2	0
173	326	5	0
178	326	4	0
181	326	1	0
188	326	3	0
190	326	4	0
195	326	3	0
197	326	3	0
201	326	2	0
203	326	4	0
205	326	4	0
206	326	1	0
222	326	4	0
224	326	4	0
258	326	5	0
260	326	5	0
261	326	4	0
281	326	1	0
297	326	2	0
303	326	2	0
305	326	2	0
309	326	5	0
311	326	2	0
313	326	4	0
317	326	3	0
318	326	4	0
328	326	4	0
329	326	3	0
332	326	5	0
334	326	1	0
342	326	1	0
351	326	5	0
353	326	2	0
356	326	4	0
357	326	5	0
360	326	3	0
365	326	2	0
367	326	4	0
372	326	4	0
378	326	3	0
388	326	5	0
392	326	2	0
409	326	3	0
413	326	3	0
416	326	5	0
417	326	4	0
422	326	3	0
423	326	4	0
425	326	1	0
428	326	3	0
433	326	2	0
446	326	2	0
451	326	4	0
454	326	4	0
462	326	4	0
464	326	4	0
466	326	3	0
474	326	3	0
485	326	2	0
489	326	4	0
499	326	3	0
509	326	4	0
510	326	4	0
515	326	2	0
529	326	4	0
544	326	3	0
545	326	3	0
548	326	4	0
551	326	4	0
555	326	4	0
570	326	1	0
579	326	3	0
587	326	3	0
588	326	4	0
589	326	1	0
592	326	4	0
597	326	1	0
603	326	4	0
606	326	4	0
616	326	3	0
619	326	2	0
624	326	3	0
628	326	5	0
629	326	3	0
644	326	5	0
647	326	3	0
655	326	2	0
656	326	1	0
663	326	4	0
664	326	2	0
669	326	1	0
673	326	4	0
676	326	2	0
688	326	5	0
692	326	3	0
697	326	4	0
701	326	4	0
708	326	4	0
717	326	3	0
721	326	4	0
724	326	4	0
740	326	3	0
743	326	3	0
748	326	3	0
749	326	4	0
752	326	1	0
757	326	3	0
761	326	1	0
770	326	4	0
772	326	4	0
782	326	5	0
784	326	5	0
787	326	4	0
788	326	4	0
796	326	4	0
801	326	4	0
802	326	5	0
810	326	5	0
812	326	4	0
813	326	3	0
816	326	4	0
825	326	4	0
827	326	3	0
831	326	4	0
832	326	4	0
834	326	4	0
839	326	4	0
841	326	4	0
844	326	3	0
851	326	3	0
853	326	2	0
856	326	2	0
863	326	5	0
871	326	5	0
873	326	4	0
877	326	4	0
894	326	3	0
902	326	3	0
905	326	3	0
907	326	5	0
909	326	4	0
919	326	3	0
937	326	1	0
939	326	5	0
3	327	4	0
4	327	5	0
13	327	3	0
21	327	3	0
35	327	3	0
46	327	4	0
47	327	4	0
50	327	3	0
54	327	5	0
60	327	4	0
61	327	2	0
76	327	3	0
78	327	1	0
85	327	3	0
86	327	4	0
91	327	4	0
102	327	2	0
104	327	2	0
105	327	4	0
107	327	3	0
110	327	3	0
112	327	1	0
113	327	5	0
126	327	3	0
129	327	3	0
135	327	4	0
137	327	4	0
144	327	3	0
145	327	5	0
146	327	3	0
149	327	2	0
155	327	2	0
171	327	4	0
173	327	5	0
176	327	3	0
177	327	3	0
181	327	3	0
186	327	3	0
190	327	2	0
193	327	1	0
210	327	4	0
214	327	5	0
221	327	4	0
228	327	1	0
235	327	3	0
249	327	4	0
265	327	3	0
270	327	5	0
282	327	5	0
287	327	5	0
288	327	1	0
294	327	3	0
303	327	1	0
305	327	3	0
314	327	4	0
315	327	4	0
323	327	4	0
324	327	4	0
327	327	3	0
328	327	3	0
332	327	5	0
339	327	4	0
342	327	4	0
351	327	5	0
353	327	2	0
372	327	5	0
384	327	4	0
397	327	2	0
404	327	2	0
408	327	5	0
409	327	2	0
413	327	3	0
416	327	4	0
418	327	1	0
422	327	3	0
423	327	2	0
425	327	4	0
431	327	3	0
435	327	3	0
436	327	5	0
443	327	4	0
445	327	2	0
446	327	2	0
448	327	2	0
451	327	4	0
454	327	3	0
460	327	4	0
461	327	4	0
466	327	3	0
467	327	4	0
470	327	3	0
473	327	3	0
475	327	4	0
478	327	3	0
486	327	3	0
489	327	5	0
493	327	5	0
519	327	4	0
529	327	4	0
531	327	3	0
537	327	2	0
544	327	2	0
548	327	3	0
556	327	5	0
557	327	3	0
566	327	3	0
570	327	4	0
574	327	3	0
579	327	3	0
587	327	3	0
589	327	3	0
592	327	4	0
608	327	2	0
616	327	3	0
619	327	3	0
624	327	4	0
626	327	4	0
629	327	3	0
635	327	5	0
651	327	4	0
655	327	3	0
656	327	2	0
657	327	1	0
671	327	1	0
673	327	4	0
679	327	4	0
682	327	3	0
683	327	4	0
685	327	2	0
686	327	5	0
696	327	4	0
710	327	3	0
713	327	2	0
717	327	3	0
721	327	2	0
724	327	4	0
730	327	2	0
735	327	3	0
739	327	5	0
747	327	4	0
750	327	4	0
752	327	5	0
755	327	2	0
772	327	4	0
775	327	5	0
781	327	4	0
784	327	4	0
788	327	3	0
791	327	5	0
797	327	2	0
802	327	2	0
808	327	5	0
817	327	4	0
819	327	4	0
828	327	4	0
831	327	2	0
836	327	3	0
851	327	4	0
853	327	3	0
856	327	4	0
858	327	3	0
860	327	3	0
863	327	5	0
868	327	4	0
870	327	4	0
875	327	4	0
880	327	3	0
889	327	3	0
894	327	4	0
896	327	5	0
898	327	5	0
902	327	3	0
919	327	4	0
925	327	3	0
936	327	4	0
3	331	4	0
13	331	3	0
15	331	3	0
61	331	2	0
74	331	4	0
91	331	5	0
99	331	3	0
104	331	3	0
112	331	4	0
116	331	3	0
129	331	2	0
130	331	3	0
143	331	5	0
145	331	3	0
146	331	5	0
155	331	3	0
164	331	5	0
169	331	5	0
173	331	4	0
178	331	4	0
179	331	2	0
181	331	1	0
183	331	3	0
186	331	3	0
191	331	4	0
201	331	4	0
242	331	5	0
250	331	3	0
253	331	3	0
276	331	4	0
281	331	3	0
292	331	5	0
294	331	4	0
309	331	5	0
313	331	3	0
317	331	4	0
324	331	4	0
328	331	4	0
329	331	3	0
353	331	4	0
356	331	3	0
367	331	4	0
379	331	4	0
390	331	2	0
404	331	3	0
416	331	4	0
418	331	3	0
420	331	3	0
421	331	2	0
427	331	4	0
428	331	4	0
435	331	5	0
451	331	5	0
466	331	5	0
486	331	2	0
489	331	5	0
526	331	3	0
529	331	4	0
532	331	4	0
534	331	4	0
544	331	3	0
548	331	4	0
551	331	5	0
574	331	1	0
579	331	3	0
587	331	3	0
592	331	3	0
610	331	3	0
616	331	4	0
619	331	4	0
629	331	3	0
634	331	4	0
635	331	4	0
666	331	4	0
683	331	2	0
697	331	3	0
706	331	5	0
717	331	3	0
721	331	3	0
724	331	3	0
735	331	3	0
750	331	4	0
752	331	4	0
755	331	3	0
758	331	4	0
770	331	3	0
772	331	5	0
775	331	4	0
782	331	3	0
783	331	3	0
784	331	4	0
787	331	3	0
788	331	4	0
791	331	1	0
799	331	4	0
802	331	4	0
805	331	4	0
809	331	2	0
810	331	4	0
816	331	5	0
827	331	3	0
828	331	4	0
831	331	4	0
841	331	5	0
851	331	3	0
853	331	2	0
858	331	3	0
863	331	4	0
871	331	3	0
883	331	3	0
894	331	4	0
919	331	4	0
920	331	3	0
3	332	1	0
11	332	5	0
13	332	3	0
28	332	2	0
29	332	4	0
34	332	5	0
35	332	4	0
46	332	4	0
99	332	3	0
102	332	3	0
104	332	2	0
109	332	3	0
110	332	3	0
112	332	4	0
116	332	3	0
119	332	4	0
126	332	2	0
130	332	4	0
140	332	3	0
155	332	2	0
165	332	4	0
173	332	4	0
174	332	5	0
178	332	3	0
181	332	2	0
186	332	4	0
191	332	2	0
193	332	3	0
197	332	2	0
201	332	2	0
203	332	5	0
206	332	3	0
220	332	3	0
223	332	4	0
224	332	3	0
241	332	3	0
255	332	2	0
258	332	5	0
262	332	3	0
276	332	4	0
281	332	4	0
284	332	3	0
294	332	3	0
314	332	5	0
319	332	4	0
323	332	3	0
324	332	3	0
328	332	3	0
332	332	4	0
345	332	1	0
351	332	5	0
353	332	5	0
362	332	5	0
372	332	4	0
382	332	3	0
393	332	4	0
397	332	2	0
399	332	3	0
400	332	2	0
404	332	4	0
413	332	3	0
416	332	4	0
426	332	4	0
427	332	5	0
428	332	4	0
431	332	3	0
446	332	3	0
450	332	4	0
451	332	4	0
459	332	3	0
462	332	5	0
464	332	4	0
486	332	3	0
489	332	5	0
505	332	4	0
509	332	2	0
515	332	3	0
519	332	3	0
525	332	4	0
526	332	2	0
529	332	4	0
531	332	4	0
532	332	4	0
540	332	4	0
544	332	3	0
547	332	3	0
551	332	4	0
574	332	3	0
587	332	4	0
589	332	4	0
592	332	3	0
608	332	4	0
615	332	2	0
619	332	4	0
626	332	3	0
628	332	5	0
629	332	4	0
631	332	3	0
637	332	4	0
646	332	3	0
651	332	3	0
654	332	4	0
655	332	3	0
663	332	4	0
678	332	4	0
682	332	4	0
683	332	3	0
688	332	5	0
721	332	4	0
724	332	4	0
730	332	3	0
732	332	5	0
735	332	3	0
740	332	3	0
751	332	3	0
752	332	4	0
758	332	4	0
759	332	4	0
762	332	1	0
768	332	4	0
772	332	4	0
782	332	4	0
784	332	4	0
791	332	5	0
801	332	5	0
808	332	4	0
812	332	4	0
816	332	4	0
826	332	3	0
827	332	3	0
851	332	1	0
853	332	3	0
860	332	2	0
863	332	4	0
870	332	2	0
872	332	3	0
875	332	3	0
894	332	3	0
907	332	5	0
910	332	2	0
919	332	4	0
920	332	3	0
925	332	4	0
3	333	2	0
10	333	4	0
13	333	3	0
15	333	1	0
26	333	3	0
33	333	4	0
35	333	4	0
36	333	4	0
39	333	4	0
40	333	4	0
46	333	5	0
52	333	4	0
54	333	5	0
61	333	3	0
63	333	4	0
64	333	3	0
69	333	3	0
74	333	4	0
76	333	3	0
79	333	2	0
85	333	1	0
91	333	5	0
100	333	3	0
104	333	2	0
105	333	3	0
107	333	3	0
110	333	4	0
111	333	4	0
112	333	4	0
113	333	4	0
116	333	2	0
126	333	2	0
130	333	5	0
141	333	5	0
142	333	5	0
143	333	5	0
144	333	3	0
145	333	2	0
149	333	1	0
154	333	3	0
159	333	5	0
164	333	5	0
170	333	4	0
174	333	4	0
177	333	4	0
178	333	3	0
179	333	5	0
181	333	3	0
186	333	3	0
190	333	4	0
193	333	1	0
197	333	2	0
201	333	2	0
204	333	1	0
205	333	4	0
206	333	4	0
209	333	2	0
220	333	3	0
222	333	5	0
223	333	4	0
224	333	3	0
236	333	3	0
249	333	4	0
250	333	4	0
253	333	2	0
258	333	2	0
260	333	4	0
263	333	2	0
268	333	4	0
276	333	4	0
281	333	3	0
282	333	3	0
284	333	3	0
294	333	4	0
298	333	5	0
299	333	4	0
301	333	4	0
302	333	3	0
303	333	4	0
309	333	3	0
313	333	4	0
319	333	4	0
323	333	4	0
327	333	2	0
328	333	3	0
329	333	4	0
332	333	5	0
334	333	4	0
335	333	4	0
343	333	3	0
345	333	3	0
346	333	4	0
347	333	5	0
353	333	4	0
356	333	5	0
361	333	2	0
362	333	5	0
363	333	1	0
367	333	4	0
372	333	5	0
384	333	4	0
387	333	3	0
388	333	5	0
392	333	4	0
393	333	4	0
396	333	4	0
404	333	2	0
413	333	2	0
416	333	4	0
418	333	5	0
421	333	4	0
422	333	4	0
423	333	3	0
424	333	5	0
425	333	3	0
433	333	2	0
435	333	3	0
443	333	5	0
445	333	2	0
448	333	2	0
449	333	3	0
451	333	5	0
458	333	1	0
459	333	3	0
464	333	4	0
466	333	4	0
486	333	2	0
487	333	3	0
488	333	4	0
489	333	4	0
490	333	3	0
493	333	4	0
496	333	3	0
502	333	4	0
506	333	4	0
507	333	4	0
510	333	3	0
511	333	4	0
517	333	3	0
519	333	3	0
526	333	3	0
529	333	4	0
530	333	3	0
532	333	4	0
533	333	4	0
534	333	5	0
537	333	2	0
540	333	4	0
547	333	4	0
548	333	4	0
551	333	5	0
564	333	3	0
569	333	3	0
574	333	3	0
579	333	4	0
587	333	4	0
588	333	5	0
589	333	5	0
592	333	5	0
605	333	4	0
606	333	5	0
608	333	4	0
611	333	4	0
616	333	2	0
619	333	2	0
621	333	4	0
624	333	4	0
626	333	1	0
628	333	5	0
629	333	4	0
633	333	3	0
634	333	4	0
635	333	5	0
637	333	3	0
644	333	3	0
652	333	4	0
653	333	5	0
655	333	2	0
663	333	5	0
666	333	3	0
668	333	3	0
682	333	4	0
685	333	1	0
693	333	3	0
695	333	2	0
697	333	3	0
699	333	3	0
701	333	3	0
706	333	1	0
710	333	3	0
717	333	4	0
720	333	4	0
721	333	3	0
722	333	5	0
724	333	4	0
725	333	5	0
729	333	4	0
735	333	4	0
739	333	4	0
747	333	4	0
752	333	3	0
757	333	4	0
770	333	5	0
775	333	4	0
782	333	3	0
783	333	4	0
784	333	4	0
787	333	3	0
796	333	5	0
801	333	5	0
802	333	4	0
808	333	4	0
809	333	3	0
810	333	5	0
812	333	5	0
815	333	3	0
820	333	5	0
822	333	4	0
823	333	3	0
827	333	3	0
831	333	4	0
834	333	5	0
839	333	4	0
841	333	4	0
842	333	4	0
851	333	5	0
853	333	4	0
854	333	3	0
858	333	4	0
860	333	3	0
863	333	5	0
864	333	5	0
870	333	3	0
871	333	2	0
875	333	5	0
877	333	4	0
881	333	5	0
894	333	4	0
902	333	3	0
903	333	4	0
905	333	3	0
907	333	5	0
915	333	3	0
919	333	4	0
920	333	4	0
923	333	5	0
925	333	3	0
928	333	3	0
931	333	5	0
936	333	3	0
938	333	4	0
3	340	5	0
6	340	2	0
9	340	4	0
10	340	4	0
13	340	2	0
31	340	3	0
40	340	2	0
47	340	5	0
54	340	4	0
58	340	4	0
64	340	4	0
74	340	5	0
79	340	4	0
85	340	3	0
90	340	4	0
100	340	3	0
104	340	3	0
105	340	3	0
107	340	5	0
110	340	3	0
111	340	4	0
116	340	3	0
119	340	4	0
125	340	1	0
126	340	5	0
128	340	4	0
146	340	4	0
147	340	4	0
149	340	4	0
157	340	5	0
171	340	3	0
174	340	5	0
176	340	5	0
177	340	4	0
178	340	1	0
179	340	4	0
184	340	5	0
190	340	1	0
191	340	4	0
192	340	4	0
196	340	3	0
197	340	2	0
201	340	5	0
204	340	5	0
206	340	3	0
214	340	3	0
220	340	4	0
229	340	4	0
239	340	5	0
240	340	4	0
247	340	3	0
250	340	4	0
261	340	5	0
269	340	5	0
273	340	3	0
276	340	5	0
282	340	3	0
284	340	4	0
286	340	4	0
287	340	5	0
288	340	5	0
294	340	4	0
301	340	4	0
303	340	5	0
315	340	4	0
318	340	4	0
319	340	3	0
320	340	2	0
324	340	5	0
325	340	3	0
327	340	4	0
334	340	3	0
335	340	5	0
350	340	4	0
351	340	1	0
353	340	4	0
361	340	3	0
365	340	5	0
380	340	3	0
383	340	5	0
385	340	4	0
392	340	5	0
397	340	2	0
399	340	2	0
410	340	2	0
412	340	4	0
414	340	4	0
417	340	3	0
423	340	4	0
425	340	4	0
428	340	4	0
429	340	5	0
433	340	3	0
436	340	5	0
440	340	2	0
443	340	5	0
445	340	5	0
446	340	2	0
448	340	4	0
450	340	4	0
467	340	3	0
478	340	5	0
479	340	1	0
487	340	1	0
489	340	4	0
491	340	4	0
498	340	2	0
511	340	4	0
515	340	3	0
519	340	5	0
529	340	1	0
537	340	4	0
539	340	2	0
540	340	4	0
547	340	4	0
548	340	1	0
551	340	4	0
555	340	4	0
556	340	5	0
567	340	3	0
569	340	4	0
570	340	3	0
574	340	1	0
585	340	2	0
587	340	5	0
589	340	1	0
592	340	5	0
605	340	4	0
608	340	4	0
611	340	5	0
624	340	3	0
628	340	5	0
629	340	2	0
634	340	4	0
645	340	4	0
655	340	3	0
656	340	3	0
657	340	4	0
668	340	4	0
669	340	4	0
673	340	5	0
683	340	4	0
685	340	2	0
687	340	4	0
695	340	4	0
699	340	4	0
704	340	3	0
710	340	4	0
711	340	5	0
713	340	3	0
716	340	3	0
717	340	4	0
730	340	3	0
740	340	4	0
743	340	3	0
744	340	3	0
752	340	4	0
754	340	2	0
755	340	1	0
758	340	3	0
768	340	2	0
782	340	3	0
784	340	3	0
797	340	2	0
803	340	5	0
808	340	5	0
809	340	4	0
819	340	5	0
828	340	5	0
831	340	4	0
833	340	5	0
842	340	5	0
845	340	1	0
851	340	5	0
853	340	1	0
863	340	3	0
866	340	2	0
870	340	3	0
874	340	3	0
877	340	3	0
890	340	4	0
894	340	4	0
907	340	2	0
918	340	1	0
919	340	5	0
920	340	4	0
923	340	5	0
926	340	4	0
936	340	4	0
3	343	3	0
13	343	1	0
26	343	3	0
29	343	3	0
33	343	4	0
40	343	1	0
49	343	2	0
70	343	4	0
76	343	3	0
82	343	1	0
91	343	4	0
94	343	4	0
105	343	2	0
116	343	2	0
127	343	5	0
130	343	4	0
133	343	2	0
144	343	2	0
145	343	5	0
166	343	4	0
176	343	2	0
177	343	3	0
191	343	3	0
193	343	1	0
198	343	3	0
206	343	1	0
220	343	3	0
240	343	3	0
241	343	2	0
248	343	4	0
253	343	4	0
254	343	2	0
255	343	2	0
276	343	4	0
282	343	4	0
292	343	2	0
294	343	4	0
299	343	3	0
304	343	3	0
328	343	3	0
339	343	3	0
351	343	3	0
353	343	2	0
384	343	3	0
394	343	3	0
395	343	5	0
397	343	2	0
399	343	2	0
400	343	4	0
404	343	1	0
409	343	3	0
414	343	2	0
417	343	2	0
425	343	3	0
428	343	2	0
435	343	5	0
443	343	5	0
445	343	1	0
455	343	4	0
472	343	5	0
474	343	3	0
476	343	4	0
484	343	2	0
489	343	5	0
493	343	3	0
502	343	5	0
507	343	5	0
509	343	3	0
511	343	3	0
521	343	3	0
526	343	3	0
529	343	3	0
537	343	2	0
540	343	4	0
544	343	2	0
546	343	3	0
548	343	4	0
551	343	4	0
557	343	4	0
561	343	4	0
578	343	2	0
580	343	5	0
587	343	4	0
592	343	3	0
598	343	2	0
602	343	2	0
616	343	4	0
665	343	3	0
695	343	4	0
697	343	4	0
702	343	2	0
710	343	3	0
711	343	3	0
717	343	4	0
724	343	1	0
727	343	3	0
738	343	3	0
755	343	3	0
757	343	3	0
758	343	2	0
773	343	1	0
775	343	4	0
782	343	2	0
783	343	5	0
801	343	4	0
805	343	5	0
806	343	3	0
816	343	4	0
820	343	4	0
826	343	5	0
827	343	4	0
834	343	4	0
851	343	2	0
854	343	3	0
863	343	5	0
864	343	5	0
894	343	2	0
896	343	1	0
898	343	3	0
913	343	1	0
919	343	4	0
936	343	3	0
938	343	4	0
940	343	2	0
3	346	5	0
13	346	4	0
40	346	2	0
49	346	4	0
54	346	4	0
71	346	4	0
94	346	4	0
99	346	4	0
100	346	3	0
104	346	3	0
112	346	5	0
116	346	4	0
125	346	1	0
126	346	3	0
130	346	4	0
133	346	3	0
141	346	1	0
142	346	5	0
145	346	5	0
146	346	4	0
149	346	4	0
156	346	3	0
166	346	1	0
171	346	4	0
179	346	3	0
197	346	3	0
201	346	4	0
206	346	5	0
214	346	3	0
221	346	5	0
235	346	4	0
241	346	3	0
269	346	2	0
271	346	4	0
276	346	4	0
284	346	4	0
285	346	4	0
287	346	5	0
288	346	5	0
293	346	3	0
294	346	3	0
299	346	3	0
319	346	3	0
322	346	3	0
334	346	5	0
339	346	5	0
353	346	4	0
363	346	4	0
369	346	4	0
385	346	3	0
389	346	4	0
392	346	4	0
397	346	4	0
414	346	5	0
416	346	4	0
418	346	2	0
425	346	5	0
445	346	5	0
456	346	5	0
458	346	4	0
462	346	1	0
466	346	3	0
474	346	5	0
482	346	3	0
485	346	4	0
489	346	5	0
511	346	4	0
519	346	4	0
526	346	3	0
532	346	5	0
537	346	3	0
542	346	3	0
544	346	4	0
546	346	5	0
548	346	4	0
551	346	4	0
557	346	2	0
561	346	5	0
574	346	4	0
578	346	3	0
592	346	4	0
595	346	4	0
611	346	5	0
616	346	3	0
619	346	3	0
624	346	3	0
631	346	4	0
640	346	4	0
646	346	2	0
655	346	4	0
656	346	3	0
657	346	4	0
665	346	2	0
682	346	2	0
683	346	4	0
695	346	5	0
702	346	1	0
710	346	4	0
724	346	1	0
729	346	1	0
752	346	4	0
758	346	2	0
768	346	3	0
782	346	2	0
783	346	5	0
784	346	4	0
805	346	4	0
808	346	5	0
818	346	4	0
819	346	5	0
828	346	4	0
833	346	5	0
834	346	3	0
845	346	3	0
851	346	5	0
863	346	5	0
871	346	3	0
874	346	3	0
880	346	5	0
883	346	4	0
894	346	4	0
903	346	3	0
913	346	3	0
915	346	2	0
920	346	4	0
936	346	4	0
3	347	5	0
13	347	5	0
39	347	4	0
40	347	2	0
43	347	3	0
49	347	3	0
58	347	3	0
61	347	5	0
64	347	3	0
90	347	4	0
94	347	5	0
100	347	4	0
104	347	2	0
105	347	3	0
112	347	1	0
116	347	2	0
121	347	3	0
130	347	4	0
143	347	5	0
145	347	3	0
146	347	3	0
163	347	4	0
166	347	5	0
174	347	4	0
176	347	4	0
179	347	3	0
193	347	4	0
197	347	4	0
219	347	1	0
229	347	1	0
271	347	3	0
273	347	4	0
276	347	4	0
278	347	4	0
284	347	5	0
287	347	4	0
293	347	2	0
294	347	5	0
297	347	3	0
299	347	4	0
305	347	3	0
328	347	5	0
334	347	3	0
335	347	5	0
339	347	4	0
356	347	4	0
362	347	5	0
363	347	3	0
384	347	4	0
385	347	3	0
389	347	4	0
392	347	4	0
393	347	4	0
405	347	4	0
408	347	3	0
410	347	1	0
416	347	4	0
423	347	3	0
425	347	4	0
428	347	4	0
434	347	1	0
436	347	4	0
450	347	4	0
461	347	4	0
463	347	1	0
475	347	4	0
480	347	3	0
485	347	2	0
487	347	2	0
489	347	5	0
499	347	4	0
503	347	5	0
515	347	3	0
532	347	4	0
537	347	4	0
542	347	3	0
546	347	5	0
547	347	4	0
548	347	2	0
559	347	3	0
573	347	4	0
574	347	3	0
587	347	3	0
588	347	5	0
592	347	4	0
598	347	3	0
611	347	4	0
616	347	4	0
624	347	4	0
640	347	3	0
646	347	2	0
655	347	3	0
656	347	4	0
660	347	3	0
668	347	4	0
669	347	3	0
673	347	4	0
675	347	4	0
683	347	4	0
696	347	1	0
704	347	4	0
707	347	5	0
708	347	3	0
713	347	4	0
720	347	3	0
724	347	4	0
747	347	5	0
751	347	4	0
752	347	4	0
753	347	2	0
758	347	3	0
775	347	3	0
782	347	1	0
787	347	4	0
820	347	4	0
827	347	3	0
828	347	1	0
831	347	3	0
833	347	3	0
834	347	4	0
851	347	5	0
856	347	2	0
860	347	4	0
863	347	2	0
866	347	4	0
871	347	5	0
872	347	2	0
880	347	5	0
883	347	4	0
894	347	4	0
898	347	3	0
915	347	5	0
919	347	3	0
920	347	4	0
931	347	4	0
940	347	3	0
942	347	5	0
8	689	4	0
13	689	2	0
29	689	2	0
69	689	3	0
91	689	5	0
100	689	3	0
102	689	3	0
110	689	3	0
112	689	4	0
119	689	4	0
130	689	2	0
149	689	2	0
164	689	5	0
177	689	3	0
186	689	4	0
193	689	2	0
222	689	4	0
224	689	3	0
241	689	3	0
253	689	5	0
282	689	2	0
286	689	5	0
294	689	3	0
319	689	3	0
328	689	5	0
334	689	3	0
347	689	4	0
351	689	4	0
355	689	4	0
356	689	5	0
362	689	5	0
377	689	3	0
384	689	4	0
393	689	3	0
400	689	3	0
404	689	2	0
408	689	3	0
410	689	2	0
416	689	4	0
423	689	4	0
424	689	1	0
425	689	2	0
431	689	3	0
445	689	1	0
450	689	3	0
463	689	2	0
472	689	4	0
486	689	2	0
487	689	1	0
489	689	5	0
507	689	5	0
529	689	2	0
532	689	4	0
537	689	1	0
544	689	2	0
545	689	4	0
587	689	1	0
589	689	4	0
592	689	2	0
616	689	4	0
624	689	3	0
640	689	4	0
654	689	3	0
656	689	2	0
696	689	1	0
697	689	4	0
701	689	3	0
713	689	3	0
718	689	4	0
729	689	4	0
751	689	2	0
755	689	3	0
758	689	1	0
782	689	3	0
827	689	3	0
841	689	5	0
848	689	1	0
851	689	3	0
858	689	5	0
880	689	4	0
894	689	3	0
898	689	3	0
907	689	4	0
919	689	2	0
923	689	3	0
939	689	5	0
942	689	3	0
9	690	1	0
11	690	4	0
13	690	3	0
15	690	4	0
34	690	4	0
46	690	5	0
48	690	4	0
61	690	2	0
74	690	4	0
76	690	2	0
79	690	4	0
85	690	2	0
88	690	4	0
90	690	4	0
94	690	4	0
100	690	4	0
105	690	3	0
112	690	4	0
116	690	3	0
126	690	3	0
127	690	1	0
128	690	3	0
137	690	2	0
143	690	2	0
144	690	3	0
145	690	4	0
147	690	4	0
164	690	4	0
171	690	3	0
173	690	5	0
179	690	1	0
181	690	3	0
185	690	4	0
193	690	4	0
197	690	3	0
198	690	3	0
206	690	2	0
213	690	3	0
228	690	5	0
232	690	4	0
239	690	1	0
241	690	2	0
258	690	4	0
263	690	5	0
271	690	4	0
273	690	4	0
280	690	2	0
281	690	5	0
284	690	3	0
297	690	5	0
305	690	4	0
309	690	3	0
324	690	4	0
328	690	3	0
364	690	4	0
388	690	5	0
390	690	3	0
393	690	4	0
400	690	3	0
404	690	5	0
410	690	4	0
413	690	4	0
414	690	4	0
416	690	5	0
420	690	5	0
423	690	4	0
424	690	3	0
425	690	1	0
428	690	5	0
431	690	3	0
433	690	2	0
440	690	4	0
446	690	2	0
451	690	4	0
463	690	4	0
486	690	2	0
499	690	4	0
507	690	4	0
509	690	3	0
515	690	2	0
520	690	5	0
526	690	3	0
529	690	3	0
531	690	5	0
532	690	4	0
537	690	2	0
546	690	2	0
548	690	3	0
551	690	5	0
570	690	3	0
574	690	3	0
587	690	3	0
589	690	4	0
598	690	3	0
608	690	4	0
611	690	3	0
624	690	4	0
627	690	5	0
628	690	5	0
629	690	2	0
634	690	3	0
637	690	5	0
646	690	3	0
651	690	3	0
655	690	2	0
657	690	4	0
681	690	4	0
683	690	4	0
701	690	4	0
702	690	1	0
708	690	4	0
713	690	1	0
721	690	3	0
724	690	1	0
729	690	2	0
732	690	5	0
735	690	4	0
752	690	4	0
755	690	5	0
771	690	4	0
775	690	3	0
777	690	4	0
782	690	4	0
784	690	4	0
787	690	5	0
798	690	4	0
799	690	3	0
803	690	4	0
806	690	2	0
811	690	5	0
813	690	4	0
816	690	4	0
818	690	3	0
827	690	3	0
831	690	4	0
836	690	3	0
843	690	5	0
844	690	3	0
845	690	5	0
851	690	4	0
853	690	2	0
856	690	4	0
858	690	3	0
860	690	4	0
863	690	4	0
867	690	5	0
870	690	2	0
871	690	3	0
877	690	4	0
878	690	2	0
894	690	4	0
913	690	3	0
919	690	3	0
930	690	3	0
931	690	4	0
11	750	5	0
13	750	5	0
14	750	3	0
26	750	4	0
40	750	3	0
88	750	2	0
90	750	4	0
91	750	5	0
94	750	4	0
100	750	4	0
104	750	5	0
112	750	4	0
116	750	4	0
127	750	1	0
131	750	5	0
133	750	4	0
141	750	1	0
144	750	4	0
145	750	4	0
147	750	5	0
176	750	4	0
179	750	1	0
191	750	4	0
193	750	4	0
197	750	5	0
201	750	3	0
206	750	3	0
222	750	5	0
228	750	3	0
229	750	2	0
232	750	3	0
236	750	5	0
241	750	5	0
247	750	4	0
259	750	4	0
271	750	4	0
276	750	4	0
280	750	5	0
284	750	3	0
296	750	5	0
297	750	5	0
311	750	5	0
318	750	4	0
319	750	3	0
328	750	4	0
351	750	5	0
353	750	4	0
380	750	4	0
395	750	5	0
404	750	3	0
416	750	5	0
418	750	2	0
420	750	4	0
423	750	5	0
425	750	2	0
428	750	5	0
440	750	5	0
448	750	5	0
450	750	3	0
453	750	4	0
458	750	5	0
489	750	5	0
499	750	5	0
507	750	5	0
514	750	4	0
515	750	2	0
526	750	4	0
532	750	5	0
537	750	3	0
544	750	3	0
548	750	4	0
557	750	4	0
564	750	3	0
574	750	3	0
582	750	5	0
587	750	3	0
592	750	5	0
598	750	5	0
609	750	4	0
610	750	4	0
611	750	5	0
616	750	5	0
619	750	3	0
624	750	4	0
639	750	2	0
640	750	5	0
646	750	3	0
655	750	2	0
656	750	2	0
673	750	5	0
675	750	4	0
676	750	4	0
681	750	5	0
701	750	5	0
713	750	3	0
718	750	3	0
724	750	2	0
752	750	2	0
753	750	2	0
758	750	2	0
775	750	5	0
782	750	4	0
783	750	4	0
784	750	5	0
787	750	5	0
808	750	5	0
813	750	4	0
827	750	3	0
831	750	4	0
836	750	3	0
838	750	4	0
840	750	4	0
845	750	3	0
856	750	5	0
863	750	4	0
871	750	3	0
873	750	3	0
883	750	3	0
894	750	4	0
913	750	4	0
915	750	4	0
919	750	3	0
931	750	5	0
942	750	4	0
11	751	2	0
13	751	5	0
26	751	4	0
30	751	3	0
33	751	4	0
41	751	4	0
43	751	2	0
60	751	2	0
61	751	3	0
64	751	2	0
70	751	4	0
83	751	3	0
85	751	3	0
99	751	4	0
100	751	4	0
102	751	3	0
104	751	4	0
105	751	2	0
110	751	3	0
112	751	4	0
116	751	3	0
117	751	5	0
119	751	3	0
125	751	5	0
126	751	4	0
130	751	5	0
133	751	3	0
134	751	5	0
144	751	4	0
145	751	4	0
147	751	2	0
164	751	4	0
166	751	4	0
176	751	1	0
178	751	4	0
179	751	1	0
189	751	4	0
190	751	4	0
191	751	3	0
195	751	4	0
197	751	3	0
199	751	3	0
201	751	3	0
210	751	4	0
221	751	4	0
224	751	3	0
229	751	3	0
234	751	2	0
240	751	3	0
247	751	3	0
250	751	2	0
253	751	3	0
258	751	5	0
276	751	4	0
279	751	4	0
280	751	3	0
284	751	3	0
293	751	3	0
294	751	4	0
297	751	4	0
305	751	3	0
311	751	3	0
319	751	3	0
320	751	4	0
322	751	2	0
328	751	3	0
344	751	4	0
351	751	4	0
359	751	4	0
363	751	1	0
369	751	4	0
377	751	3	0
380	751	3	0
384	751	4	0
393	751	2	0
396	751	3	0
397	751	3	0
401	751	1	0
408	751	4	0
423	751	3	0
425	751	2	0
428	751	5	0
435	751	4	0
440	751	3	0
441	751	4	0
444	751	4	0
450	751	5	0
454	751	4	0
463	751	4	0
472	751	5	0
479	751	4	0
488	751	3	0
489	751	5	0
493	751	5	0
502	751	3	0
507	751	5	0
509	751	3	0
519	751	4	0
521	751	3	0
524	751	4	0
526	751	2	0
528	751	4	0
531	751	4	0
545	751	3	0
546	751	3	0
547	751	4	0
548	751	4	0
551	751	4	0
561	751	3	0
578	751	3	0
588	751	3	0
589	751	4	0
592	751	3	0
598	751	3	0
603	751	4	0
610	751	4	0
611	751	4	0
621	751	4	0
625	751	4	0
640	751	4	0
646	751	2	0
650	751	2	0
654	751	3	0
655	751	3	0
661	751	4	0
674	751	3	0
676	751	4	0
679	751	5	0
697	751	5	0
698	751	3	0
701	751	4	0
702	751	4	0
708	751	4	0
710	751	3	0
717	751	4	0
718	751	5	0
724	751	2	0
727	751	3	0
729	751	3	0
734	751	4	0
738	751	3	0
739	751	3	0
751	751	4	0
752	751	4	0
757	751	3	0
758	751	4	0
772	751	3	0
773	751	3	0
782	751	2	0
784	751	4	0
787	751	4	0
794	751	3	0
796	751	5	0
800	751	4	0
807	751	3	0
808	751	3	0
813	751	5	0
818	751	5	0
820	751	1	0
822	751	3	0
828	751	3	0
830	751	2	0
834	751	3	0
841	751	3	0
842	751	4	0
845	751	2	0
846	751	5	0
851	751	4	0
863	751	4	0
871	751	4	0
874	751	3	0
879	751	2	0
894	751	3	0
896	751	4	0
898	751	3	0
899	751	4	0
905	751	3	0
910	751	3	0
917	751	2	0
940	751	3	0
13	879	2	0
15	879	3	0
29	879	3	0
33	879	3	0
35	879	4	0
40	879	2	0
43	879	4	0
64	879	3	0
69	879	1	0
84	879	4	0
86	879	2	0
90	879	3	0
100	879	4	0
102	879	3	0
112	879	4	0
116	879	2	0
119	879	5	0
134	879	4	0
145	879	5	0
163	879	2	0
169	879	5	0
173	879	5	0
181	879	2	0
193	879	3	0
197	879	4	0
203	879	4	0
219	879	4	0
224	879	3	0
240	879	3	0
255	879	3	0
263	879	2	0
276	879	3	0
282	879	2	0
294	879	4	0
302	879	2	0
304	879	3	0
309	879	4	0
317	879	3	0
319	879	5	0
324	879	4	0
328	879	3	0
329	879	2	0
332	879	4	0
334	879	3	0
337	879	3	0
345	879	2	0
346	879	5	0
347	879	3	0
351	879	5	0
360	879	3	0
362	879	5	0
384	879	4	0
393	879	3	0
404	879	3	0
407	879	3	0
409	879	1	0
416	879	3	0
421	879	4	0
423	879	3	0
425	879	2	0
428	879	4	0
431	879	3	0
445	879	2	0
446	879	3	0
447	879	3	0
451	879	4	0
454	879	4	0
459	879	4	0
464	879	4	0
479	879	4	0
484	879	4	0
486	879	3	0
489	879	5	0
493	879	4	0
499	879	3	0
502	879	3	0
507	879	5	0
509	879	1	0
519	879	5	0
526	879	3	0
532	879	3	0
533	879	3	0
566	879	2	0
570	879	2	0
587	879	1	0
589	879	4	0
605	879	3	0
616	879	4	0
619	879	4	0
621	879	4	0
624	879	3	0
626	879	1	0
635	879	3	0
652	879	3	0
669	879	2	0
676	879	3	0
683	879	3	0
687	879	3	0
688	879	5	0
689	879	2	0
697	879	4	0
702	879	1	0
718	879	2	0
721	879	4	0
724	879	1	0
725	879	4	0
727	879	4	0
729	879	3	0
743	879	4	0
749	879	4	0
750	879	4	0
755	879	4	0
763	879	3	0
772	879	4	0
779	879	3	0
782	879	3	0
787	879	4	0
788	879	4	0
796	879	4	0
802	879	5	0
806	879	3	0
810	879	5	0
851	879	4	0
853	879	4	0
856	879	3	0
863	879	2	0
873	879	2	0
880	879	3	0
889	879	3	0
894	879	4	0
902	879	4	0
905	879	3	0
917	879	2	0
919	879	3	0
940	879	3	0
942	879	4	0
13	895	1	0
28	895	4	0
33	895	3	0
82	895	1	0
99	895	3	0
100	895	2	0
104	895	2	0
110	895	2	0
116	895	2	0
117	895	2	0
130	895	5	0
142	895	4	0
145	895	3	0
178	895	3	0
179	895	5	0
190	895	3	0
193	895	1	0
197	895	3	0
201	895	3	0
206	895	5	0
221	895	2	0
222	895	4	0
240	895	5	0
241	895	2	0
246	895	5	0
253	895	4	0
255	895	2	0
287	895	2	0
293	895	3	0
294	895	4	0
299	895	2	0
304	895	3	0
320	895	4	0
327	895	3	0
332	895	5	0
341	895	4	0
351	895	3	0
363	895	3	0
365	895	4	0
377	895	3	0
388	895	4	0
400	895	4	0
414	895	4	0
416	895	4	0
417	895	3	0
418	895	4	0
425	895	4	0
435	895	3	0
436	895	4	0
439	895	3	0
445	895	2	0
462	895	4	0
466	895	3	0
472	895	4	0
489	895	4	0
502	895	4	0
507	895	5	0
511	895	4	0
515	895	4	0
519	895	4	0
524	895	4	0
531	895	2	0
532	895	3	0
546	895	3	0
551	895	3	0
561	895	1	0
587	895	4	0
589	895	5	0
592	895	3	0
596	895	3	0
598	895	2	0
602	895	3	0
616	895	3	0
618	895	3	0
620	895	3	0
630	895	4	0
646	895	3	0
655	895	3	0
663	895	4	0
668	895	3	0
673	895	3	0
676	895	1	0
682	895	4	0
683	895	2	0
687	895	4	0
695	895	1	0
697	895	2	0
702	895	1	0
724	895	4	0
757	895	4	0
758	895	4	0
768	895	2	0
773	895	2	0
782	895	4	0
783	895	4	0
801	895	5	0
811	895	5	0
820	895	2	0
828	895	2	0
832	895	2	0
851	895	3	0
863	895	5	0
871	895	3	0
872	895	5	0
896	895	2	0
919	895	4	0
