1	16	5	0
10	16	4	0
178	16	4	0
181	16	1	0
189	16	3	0
209	16	4	0
234	16	2	0
243	16	3	0
268	16	3	0
279	16	4	0
286	16	3	0
293	16	2	0
305	16	3	0
325	16	1	0
381	16	4	0
402	16	3	0
417	16	3	0
459	16	2	0
463	16	4	0
464	16	4	0
486	16	3	0
500	16	4	0
535	16	4	0
543	16	3	0
569	16	3	0
608	16	2	0
699	16	3	0
711	16	5	0
733	16	3	0
763	16	5	0
768	16	3	0
825	16	3	0
837	16	2	0
883	16	4	0
894	16	3	0
918	16	4	0
919	16	4	0
930	16	1	0
936	16	4	0
1	74	1	0
276	74	3	0
308	74	4	0
334	74	2	0
339	74	4	0
617	74	5	0
843	74	2	0
1	75	4	0
254	75	1	0
405	75	2	0
504	75	4	0
682	75	4	0
1	84	4	0
38	84	5	0
130	84	4	0
276	84	2	0
291	84	3	0
295	84	2	0
393	84	3	0
394	84	4	0
399	84	2	0
435	84	2	0
495	84	3	0
504	84	3	0
536	84	4	0
551	84	1	0
660	84	2	0
721	84	3	0
804	84	3	0
887	84	4	0
1	149	2	0
59	149	4	0
90	149	3	0
92	149	3	0
158	149	3	0
181	149	1	0
224	149	1	0
252	149	5	0
328	149	2	0
342	149	5	0
354	149	5	0
405	149	1	0
460	149	4	0
463	149	2	0
534	149	2	0
537	149	3	0
592	149	4	0
596	149	3	0
637	149	2	0
655	149	4	0
664	149	3	0
708	149	3	0
733	149	4	0
1	220	3	0
15	220	4	0
59	220	2	0
72	220	3	0
75	220	1	0
82	220	2	0
90	220	4	0
92	220	1	0
128	220	1	0
152	220	5	0
159	220	5	0
172	220	4	0
178	220	3	0
181	220	4	0
184	220	3	0
238	220	3	0
244	220	2	0
253	220	4	0
256	220	3	0
271	220	3	0
274	220	4	0
280	220	5	0
314	220	4	0
334	220	3	0
342	220	1	0
345	220	3	0
357	220	5	0
374	220	2	0
378	220	2	0
406	220	3	0
416	220	4	0
434	220	5	0
438	220	4	0
450	220	4	0
459	220	3	0
486	220	3	0
530	220	5	0
540	220	3	0
554	220	3	0
563	220	4	0
588	220	5	0
593	220	3	0
599	220	5	0
642	220	4	0
648	220	3	0
655	220	2	0
672	220	2	0
698	220	3	0
699	220	2	0
707	220	2	0
712	220	5	0
719	220	5	0
733	220	2	0
759	220	5	0
764	220	3	0
798	220	3	0
837	220	4	0
839	220	3	0
847	220	4	0
854	220	4	0
860	220	3	0
893	220	3	0
907	220	5	0
931	220	3	0
938	220	4	0
939	220	5	0
1	244	2	0
15	244	2	0
21	244	4	0
27	244	3	0
106	244	4	0
141	244	5	0
144	244	3	0
157	244	5	0
158	244	4	0
174	244	4	0
178	244	1	0
227	244	3	0
250	244	4	0
268	244	4	0
270	244	3	0
271	244	2	0
291	244	2	0
296	244	1	0
299	244	2	0
334	244	3	0
344	244	3	0
345	244	3	0
392	244	3	0
407	244	3	0
425	244	1	0
437	244	3	0
449	244	4	0
463	244	4	0
474	244	4	0
486	244	3	0
500	244	3	0
555	244	5	0
590	244	3	0
637	244	1	0
675	244	3	0
697	244	5	0
699	244	3	0
733	244	2	0
770	244	4	0
782	244	4	0
839	244	3	0
854	244	3	0
870	244	3	0
894	244	4	0
916	244	4	0
919	244	2	0
930	244	4	0
936	244	4	0
2	277	4	0
11	277	5	0
43	277	1	0
52	277	5	0
59	277	4	0
63	277	4	0
85	277	2	0
89	277	4	0
113	277	3	0
119	277	4	0
151	277	4	0
158	277	4	0
181	277	1	0
184	277	3	0
192	277	3	0
224	277	3	0
234	277	3	0
252	277	4	0
271	277	4	0
274	277	4	0
286	277	4	0
296	277	5	0
297	277	3	0
303	277	3	0
330	277	4	0
331	277	4	0
334	277	3	0
343	277	4	0
365	277	4	0
378	277	4	0
387	277	4	0
390	277	2	0
406	277	3	0
416	277	5	0
429	277	4	0
450	277	3	0
454	277	2	0
455	277	4	0
470	277	4	0
483	277	3	0
486	277	3	0
490	277	3	0
496	277	5	0
503	277	4	0
524	277	3	0
526	277	2	0
532	277	5	0
535	277	5	0
537	277	2	0
548	277	3	0
560	277	3	0
561	277	3	0
569	277	2	0
572	277	1	0
622	277	4	0
629	277	5	0
678	277	3	0
697	277	5	0
699	277	3	0
710	277	4	0
711	277	5	0
733	277	1	0
735	277	3	0
837	277	2	0
839	277	2	0
883	277	4	0
894	277	4	0
906	277	3	0
907	277	5	0
919	277	5	0
924	277	3	0
2	279	4	0
13	279	5	0
115	279	3	0
141	279	1	0
181	279	1	0
185	279	4	0
234	279	3	0
265	279	2	0
270	279	5	0
277	279	4	0
296	279	4	0
374	279	4	0
454	279	4	0
455	279	3	0
460	279	2	0
486	279	4	0
527	279	4	0
537	279	2	0
613	279	4	0
614	279	3	0
655	279	3	0
707	279	3	0
733	279	2	0
747	279	4	0
883	279	3	0
887	279	5	0
889	279	2	0
894	279	4	0
2	295	4	0
21	295	3	0
27	295	3	0
54	295	3	0
56	295	3	0
57	295	5	0
66	295	3	0
92	295	2	0
109	295	4	0
116	295	3	0
130	295	3	0
141	295	5	0
168	295	4	0
178	295	3	0
186	295	2	0
223	295	3	0
227	295	5	0
251	295	4	0
270	295	5	0
294	295	4	0
308	295	3	0
323	295	3	0
329	295	4	0
332	295	3	0
344	295	3	0
345	295	4	0
359	295	3	0
378	295	3	0
387	295	3	0
399	295	4	0
416	295	5	0
422	295	3	0
432	295	3	0
445	295	1	0
459	295	3	0
464	295	5	0
470	295	3	0
479	295	1	0
482	295	3	0
486	295	3	0
499	295	2	0
500	295	4	0
504	295	4	0
506	295	4	0
532	295	5	0
533	295	4	0
548	295	5	0
569	295	3	0
586	295	3	0
592	295	4	0
596	295	4	0
597	295	3	0
605	295	4	0
619	295	4	0
624	295	3	0
630	295	4	0
648	295	4	0
655	295	3	0
676	295	1	0
689	295	1	0
697	295	3	0
709	295	3	0
749	295	3	0
754	295	4	0
761	295	4	0
770	295	4	0
782	295	2	0
851	295	5	0
867	295	4	0
880	295	5	0
894	295	3	0
902	295	2	0
916	295	2	0
919	295	3	0
923	295	5	0
936	295	3	0
937	295	4	0
2	296	3	0
139	296	4	0
655	296	4	0
733	296	2	0
736	296	4	0
782	296	3	0
2	305	3	0
13	305	4	0
40	305	4	0
46	305	5	0
47	305	5	0
107	305	4	0
111	305	2	0
130	305	4	0
147	305	4	0
149	305	4	0
163	305	2	0
171	305	2	0
173	305	5	0
176	305	5	0
179	305	4	0
181	305	2	0
220	305	4	0
239	305	4	0
242	305	5	0
257	305	4	0
273	305	4	0
282	305	4	0
284	305	4	0
288	305	4	0
299	305	3	0
305	305	3	0
315	305	5	0
318	305	2	0
325	305	2	0
327	305	5	0
331	305	5	0
334	305	2	0
335	305	4	0
345	305	4	0
354	305	4	0
385	305	4	0
416	305	3	0
425	305	3	0
428	305	3	0
448	305	4	0
450	305	4	0
451	305	3	0
461	305	2	0
470	305	4	0
486	305	3	0
532	305	3	0
537	305	4	0
548	305	1	0
557	305	3	0
570	305	5	0
574	305	3	0
587	305	4	0
592	305	4	0
608	305	3	0
611	305	4	0
624	305	4	0
628	305	5	0
639	305	1	0
641	305	5	0
655	305	4	0
675	305	4	0
683	305	4	0
695	305	3	0
696	305	4	0
697	305	5	0
707	305	5	0
721	305	3	0
724	305	3	0
732	305	2	0
747	305	5	0
750	305	4	0
751	305	2	0
752	305	4	0
758	305	4	0
775	305	4	0
787	305	3	0
803	305	5	0
860	305	4	0
861	305	4	0
863	305	4	0
866	305	2	0
871	305	3	0
874	305	4	0
887	305	5	0
894	305	4	0
915	305	2	0
919	305	4	0
3	329	4	0
4	329	5	0
13	329	2	0
33	329	4	0
34	329	5	0
99	329	4	0
113	329	3	0
119	329	3	0
130	329	4	0
145	329	4	0
164	329	4	0
173	329	4	0
181	329	1	0
223	329	2	0
224	329	3	0
234	329	2	0
286	329	4	0
311	329	4	0
355	329	3	0
384	329	3	0
390	329	3	0
396	329	2	0
416	329	3	0
423	329	3	0
428	329	3	0
440	329	5	0
451	329	4	0
494	329	3	0
515	329	2	0
531	329	5	0
532	329	4	0
580	329	3	0
616	329	3	0
624	329	3	0
669	329	1	0
688	329	5	0
721	329	3	0
724	329	4	0
775	329	3	0
782	329	3	0
787	329	4	0
817	329	4	0
827	329	3	0
863	329	2	0
880	329	4	0
3	334	3	0
7	334	5	0
10	334	4	0
13	334	1	0
49	334	4	0
69	334	3	0
94	334	3	0
102	334	2	0
140	334	2	0
173	334	4	0
177	334	3	0
181	334	1	0
201	334	4	0
214	334	3	0
260	334	5	0
276	334	4	0
284	334	3	0
294	334	4	0
301	334	3	0
303	334	3	0
309	334	4	0
323	334	3	0
343	334	5	0
357	334	4	0
360	334	4	0
367	334	4	0
382	334	5	0
391	334	5	0
397	334	3	0
408	334	2	0
422	334	4	0
425	334	4	0
427	334	5	0
428	334	4	0
446	334	3	0
451	334	3	0
455	334	3	0
466	334	3	0
489	334	4	0
507	334	5	0
551	334	4	0
557	334	4	0
587	334	3	0
589	334	1	0
592	334	3	0
611	334	5	0
631	334	2	0
685	334	1	0
710	334	2	0
721	334	1	0
770	334	5	0
783	334	3	0
784	334	3	0
832	334	2	0
853	334	3	0
858	334	4	0
863	334	5	0
872	334	1	0
875	334	4	0
894	334	3	0
898	334	3	0
915	334	3	0
919	334	4	0
923	334	5	0
3	337	1	0
40	337	4	0
126	337	5	0
149	337	2	0
181	337	1	0
206	337	2	0
334	337	4	0
385	337	4	0
449	337	4	0
451	337	2	0
498	337	4	0
537	337	3	0
557	337	5	0
608	337	4	0
655	337	2	0
685	337	2	0
805	337	2	0
871	337	3	0
3	339	3	0
13	339	3	0
33	339	3	0
36	339	5	0
39	339	3	0
112	339	4	0
129	339	2	0
134	339	2	0
145	339	3	0
147	339	5	0
178	339	3	0
179	339	1	0
191	339	3	0
223	339	4	0
261	339	5	0
284	339	3	0
286	339	5	0
324	339	3	0
379	339	3	0
404	339	1	0
409	339	2	0
416	339	5	0
422	339	2	0
423	339	2	0
489	339	3	0
519	339	3	0
532	339	5	0
587	339	3	0
589	339	5	0
592	339	3	0
616	339	3	0
666	339	4	0
682	339	2	0
688	339	5	0
697	339	2	0
780	339	4	0
782	339	3	0
796	339	2	0
803	339	3	0
810	339	5	0
829	339	2	0
851	339	4	0
860	339	3	0
863	339	3	0
873	339	3	0
894	339	4	0
909	339	4	0
3	341	1	0
7	341	3	0
8	341	2	0
13	341	2	0
286	341	5	0
351	341	4	0
405	341	1	0
427	341	5	0
485	341	4	0
634	341	2	0
688	341	5	0
3	345	3	0
13	345	4	0
39	345	3	0
40	345	4	0
85	345	4	0
99	345	3	0
104	345	4	0
146	345	4	0
147	345	4	0
149	345	4	0
176	345	5	0
179	345	1	0
191	345	4	0
257	345	4	0
264	345	4	0
271	345	3	0
273	345	3	0
284	345	4	0
286	345	4	0
288	345	5	0
299	345	4	0
325	345	3	0
334	345	2	0
379	345	3	0
383	345	2	0
392	345	4	0
397	345	4	0
407	345	4	0
416	345	5	0
448	345	5	0
450	345	2	0
485	345	1	0
507	345	5	0
509	345	1	0
532	345	4	0
533	345	3	0
537	345	4	0
547	345	5	0
548	345	1	0
561	345	4	0
564	345	4	0
574	345	2	0
592	345	4	0
617	345	1	0
655	345	3	0
659	345	4	0
668	345	2	0
673	345	4	0
676	345	2	0
707	345	5	0
711	345	4	0
713	345	3	0
720	345	2	0
752	345	1	0
758	345	5	0
775	345	5	0
783	345	4	0
787	345	3	0
819	345	4	0
828	345	1	0
871	345	3	0
883	345	3	0
894	345	4	0
905	345	4	0
915	345	4	0
3	348	4	0
13	348	2	0
33	348	4	0
99	348	4	0
100	348	3	0
119	348	3	0
145	348	4	0
170	348	3	0
286	348	4	0
311	348	4	0
404	348	3	0
416	348	3	0
423	348	3	0
436	348	4	0
519	348	5	0
532	348	4	0
580	348	3	0
616	348	3	0
669	348	1	0
752	348	4	0
775	348	3	0
782	348	4	0
787	348	4	0
857	348	1	0
863	348	2	0
873	348	3	0
880	348	4	0
3	350	3	0
11	350	4	0
13	350	2	0
102	350	3	0
116	350	3	0
126	350	2	0
130	350	4	0
142	350	4	0
241	350	2	0
260	350	4	0
294	350	4	0
317	350	5	0
319	350	3	0
328	350	3	0
332	350	4	0
362	350	5	0
363	350	1	0
405	350	1	0
428	350	4	0
440	350	5	0
442	350	2	0
466	350	4	0
478	350	1	0
502	350	3	0
519	350	5	0
587	350	3	0
592	350	4	0
598	350	4	0
611	350	4	0
619	350	3	0
683	350	2	0
702	350	1	0
752	350	4	0
757	350	3	0
758	350	4	0
782	350	4	0
787	350	1	0
863	350	1	0
872	350	3	0
894	350	3	0
920	350	4	0
3	354	3	0
4	354	5	0
13	354	2	0
43	354	4	0
58	354	3	0
74	354	3	0
88	354	5	0
90	354	3	0
99	354	2	0
100	354	2	0
104	354	3	0
111	354	4	0
112	354	3	0
119	354	5	0
130	354	5	0
145	354	4	0
152	354	3	0
171	354	3	0
178	354	4	0
179	354	4	0
190	354	4	0
193	354	3	0
197	354	2	0
215	354	4	0
276	354	4	0
286	354	4	0
294	354	3	0
299	354	4	0
317	354	4	0
332	354	5	0
377	354	4	0
393	354	4	0
410	354	3	0
416	354	4	0
435	354	3	0
450	354	4	0
453	354	4	0
466	354	2	0
475	354	2	0
478	354	3	0
532	354	4	0
547	354	4	0
551	354	3	0
588	354	5	0
592	354	4	0
611	354	3	0
620	354	5	0
640	354	4	0
646	354	3	0
655	354	2	0
668	354	4	0
669	354	1	0
676	354	4	0
683	354	3	0
695	354	4	0
704	354	4	0
711	354	3	0
729	354	5	0
752	354	2	0
768	354	3	0
772	354	4	0
773	354	2	0
782	354	2	0
801	354	4	0
831	354	4	0
835	354	3	0
838	354	4	0
863	354	1	0
870	354	4	0
872	354	4	0
883	354	4	0
940	354	5	0
4	360	5	0
13	360	4	0
181	360	1	0
206	360	1	0
355	360	4	0
448	360	4	0
451	360	3	0
470	360	2	0
489	360	5	0
871	360	3	0
5	390	5	0
94	390	5	0
116	390	4	0
279	390	3	0
286	390	1	0
303	390	3	0
370	390	1	0
373	390	3	0
397	390	3	0
747	390	4	0
5	394	2	0
13	394	2	0
145	394	1	0
286	394	5	0
346	394	4	0
393	394	5	0
435	394	4	0
497	394	3	0
751	394	4	0
798	394	4	0
864	394	3	0
880	394	3	0
6	460	2	0
75	460	5	0
139	460	3	0
145	460	1	0
160	460	2	0
178	460	2	0
181	460	1	0
227	460	2	0
256	460	4	0
291	460	5	0
293	460	3	0
303	460	4	0
347	460	3	0
391	460	4	0
413	460	3	0
445	460	2	0
456	460	3	0
458	460	4	0
486	460	4	0
537	460	2	0
548	460	4	0
551	460	3	0
592	460	3	0
595	460	4	0
634	460	3	0
637	460	2	0
833	460	2	0
923	460	4	0
6	532	3	0
95	532	4	0
116	532	2	0
130	532	5	0
189	532	4	0
236	532	2	0
279	532	1	0
387	532	3	0
416	532	3	0
460	532	3	0
486	532	4	0
496	532	5	0
500	532	4	0
532	532	3	0
548	532	4	0
557	532	5	0
622	532	3	0
699	532	3	0
719	532	3	0
736	532	4	0
782	532	2	0
839	532	3	0
6	534	4	0
104	534	2	0
130	534	5	0
279	534	1	0
329	534	3	0
345	534	4	0
392	534	4	0
592	534	5	0
624	534	3	0
655	534	2	0
733	534	3	0
782	534	3	0
894	534	4	0
6	535	2	0
66	535	4	0
87	535	4	0
141	535	5	0
178	535	3	0
207	535	3	0
223	535	3	0
251	535	3	0
270	535	5	0
286	535	5	0
292	535	3	0
294	535	4	0
297	535	3	0
303	535	1	0
314	535	4	0
323	535	3	0
342	535	3	0
344	535	3	0
345	535	3	0
401	535	2	0
416	535	4	0
429	535	2	0
447	535	4	0
450	535	3	0
479	535	3	0
500	535	3	0
530	535	4	0
532	535	5	0
593	535	3	0
599	535	4	0
614	535	2	0
630	535	4	0
637	535	2	0
654	535	3	0
655	535	2	0
665	535	4	0
708	535	2	0
726	535	3	0
730	535	2	0
768	535	3	0
782	535	3	0
837	535	1	0
854	535	3	0
859	535	5	0
878	535	1	0
888	535	4	0
894	535	4	0
904	535	3	0
916	535	3	0
917	535	4	0
919	535	3	0
927	535	3	0
930	535	4	0
936	535	2	0
6	536	4	0
131	536	5	0
310	536	4	0
343	536	4	0
405	536	1	0
655	536	3	0
707	536	3	0
758	536	2	0
782	536	2	0
894	536	5	0
6	538	2	0
13	538	1	0
30	538	4	0
46	538	3	0
70	538	2	0
130	538	5	0
169	538	4	0
179	538	4	0
197	538	3	0
207	538	2	0
238	538	4	0
256	538	5	0
260	538	1	0
278	538	4	0
280	538	5	0
281	538	4	0
285	538	5	0
294	538	5	0
299	538	3	0
313	538	2	0
324	538	4	0
351	538	4	0
392	538	2	0
393	538	3	0
409	538	3	0
410	538	3	0
416	538	4	0
424	538	5	0
425	538	2	0
428	538	4	0
431	538	4	0
441	538	3	0
483	538	2	0
485	538	3	0
489	538	4	0
498	538	1	0
506	538	3	0
507	538	4	0
515	538	3	0
517	538	4	0
532	538	4	0
550	538	5	0
589	538	5	0
598	538	4	0
602	538	4	0
609	538	1	0
652	538	4	0
661	538	3	0
665	538	4	0
668	538	5	0
676	538	4	0
681	538	3	0
702	538	4	0
708	538	2	0
724	538	2	0
727	538	3	0
751	538	4	0
755	538	4	0
782	538	4	0
803	538	4	0
813	538	3	0
820	538	3	0
863	538	2	0
877	538	4	0
885	538	4	0
921	538	4	0
7	547	3	0
13	547	1	0
21	547	2	0
49	547	5	0
50	547	4	0
59	547	3	0
76	547	2	0
90	547	3	0
118	547	5	0
181	547	1	0
246	547	4	0
276	547	4	0
279	547	1	0
294	547	3	0
342	547	5	0
372	547	5	0
387	547	4	0
420	547	4	0
430	547	2	0
456	547	3	0
473	547	3	0
486	547	3	0
490	547	4	0
518	547	3	0
537	547	1	0
582	547	4	0
590	547	4	0
592	547	4	0
595	547	4	0
617	547	1	0
634	547	4	0
655	547	4	0
758	547	5	0
773	547	4	0
828	547	2	0
857	547	3	0
861	547	4	0
865	547	5	0
868	547	3	0
871	547	3	0
936	547	5	0
7	557	4	0
49	557	3	0
234	557	1	0
305	557	4	0
312	557	5	0
363	557	1	0
385	557	2	0
405	557	1	0
450	557	5	0
500	557	3	0
537	557	3	0
585	557	4	0
794	557	4	0
828	557	2	0
877	557	4	0
896	557	3	0
916	557	4	0
7	580	3	0
11	580	5	0
43	580	3	0
83	580	4	0
158	580	4	0
172	580	4	0
193	580	4	0
194	580	4	0
196	580	2	0
200	580	2	0
207	580	3	0
222	580	3	0
268	580	3	0
271	580	2	0
307	580	4	0
387	580	5	0
405	580	1	0
456	580	4	0
481	580	4	0
503	580	3	0
506	580	3	0
533	580	3	0
591	580	2	0
593	580	1	0
639	580	2	0
640	580	5	0
747	580	5	0
758	580	4	0
840	580	3	0
846	580	5	0
881	580	5	0
883	580	3	0
7	592	5	0
60	592	4	0
145	592	3	0
291	592	3	0
311	592	5	0
405	592	1	0
416	592	3	0
436	592	3	0
532	592	3	0
7	593	5	0
60	593	5	0
158	593	4	0
181	593	1	0
288	593	2	0
312	593	5	0
387	593	3	0
405	593	1	0
449	593	4	0
463	593	1	0
825	593	3	0
916	593	4	0
7	600	4	0
932	600	2	0
7	605	4	0
60	605	3	0
62	605	3	0
128	605	3	0
151	605	4	0
234	605	3	0
239	605	4	0
271	605	4	0
293	605	3	0
308	605	4	0
318	605	4	0
354	605	3	0
389	605	5	0
406	605	5	0
426	605	4	0
454	605	2	0
469	605	4	0
474	605	3	0
488	605	3	0
499	605	1	0
524	605	1	0
553	605	4	0
655	605	3	0
694	605	4	0
716	605	3	0
734	605	4	0
758	605	3	0
766	605	3	0
807	605	3	0
924	605	3	0
934	605	4	0
7	622	4	0
59	622	4	0
85	622	3	0
94	622	3	0
95	622	4	0
128	622	4	0
130	622	3	0
200	622	3	0
230	622	3	0
234	622	2	0
254	622	4	0
263	622	4	0
267	622	3	0
268	622	3	0
290	622	3	0
311	622	3	0
379	622	5	0
393	622	4	0
399	622	4	0
405	622	1	0
450	622	5	0
495	622	2	0
497	622	2	0
504	622	4	0
541	622	3	0
632	622	4	0
642	622	4	0
650	622	3	0
653	622	3	0
705	622	4	0
711	622	4	0
712	622	4	0
716	622	3	0
749	622	3	0
756	622	3	0
807	622	3	0
846	622	4	0
897	622	3	0
911	622	3	0
7	624	4	0
13	624	5	0
94	624	2	0
194	624	2	0
254	624	2	0
271	624	2	0
275	624	3	0
276	624	2	0
279	624	4	0
295	624	5	0
313	624	4	0
405	624	4	0
406	624	5	0
416	624	3	0
452	624	2	0
499	624	2	0
621	624	5	0
642	624	3	0
804	624	2	0
807	624	3	0
826	624	4	0
934	624	4	0
7	626	5	0
234	626	4	0
405	626	1	0
683	626	3	0
7	630	5	0
13	630	2	0
18	630	3	0
85	630	3	0
189	630	4	0
232	630	3	0
234	630	2	0
268	630	4	0
271	630	2	0
275	630	3	0
279	630	4	0
311	630	5	0
380	630	2	0
389	630	3	0
393	630	4	0
401	630	4	0
450	630	3	0
474	630	3	0
535	630	2	0
643	630	3	0
650	630	5	0
694	630	3	0
707	630	3	0
716	630	4	0
766	630	3	0
788	630	2	0
807	630	4	0
846	630	3	0
881	630	4	0
918	630	3	0
934	630	4	0
7	643	4	0
358	643	3	0
405	643	1	0
914	643	4	0
7	676	3	0
15	676	4	0
54	676	5	0
62	676	3	0
63	676	3	0
65	676	5	0
79	676	3	0
90	676	2	0
99	676	4	0
139	676	4	0
141	676	5	0
181	676	3	0
184	676	4	0
201	676	2	0
224	676	3	0
244	676	4	0
250	676	5	0
257	676	4	0
264	676	3	0
265	676	2	0
266	676	3	0
283	676	3	0
294	676	3	0
312	676	3	0
327	676	3	0
345	676	4	0
354	676	5	0
387	676	1	0
409	676	2	0
416	676	5	0
457	676	3	0
459	676	3	0
460	676	4	0
474	676	3	0
483	676	4	0
504	676	4	0
506	676	1	0
524	676	3	0
525	676	2	0
526	676	5	0
532	676	5	0
533	676	5	0
537	676	4	0
541	676	3	0
561	676	3	0
569	676	4	0
579	676	3	0
582	676	2	0
586	676	3	0
590	676	4	0
595	676	2	0
618	676	2	0
620	676	3	0
621	676	3	0
634	676	4	0
637	676	3	0
648	676	2	0
655	676	2	0
661	676	4	0
663	676	3	0
707	676	4	0
708	676	3	0
711	676	5	0
733	676	4	0
735	676	3	0
754	676	3	0
758	676	2	0
849	676	5	0
851	676	3	0
865	676	2	0
874	676	3	0
889	676	2	0
894	676	3	0
906	676	5	0
919	676	4	0
932	676	4	0
938	676	3	0
7	677	3	0
10	698	4	0
49	698	2	0
167	698	4	0
363	698	2	0
405	698	1	0
437	698	2	0
537	698	3	0
551	698	4	0
655	698	4	0
894	698	4	0
10	704	3	0
18	704	3	0
62	704	2	0
83	704	3	0
92	704	3	0
123	704	3	0
224	704	3	0
286	704	2	0
295	704	5	0
321	704	3	0
373	704	2	0
379	704	3	0
405	704	2	0
450	704	3	0
457	704	4	0
458	704	2	0
524	704	4	0
543	704	3	0
627	704	4	0
711	704	4	0
751	704	2	0
870	704	3	0
916	704	3	0
918	704	4	0
11	714	4	0
18	714	4	0
270	714	4	0
271	714	3	0
354	714	4	0
405	714	1	0
409	714	3	0
450	714	4	0
500	714	2	0
503	714	4	0
537	714	3	0
639	714	2	0
861	714	4	0
11	733	4	0
13	733	5	0
167	733	2	0
180	733	5	0
201	733	3	0
299	733	3	0
305	733	3	0
354	733	3	0
405	733	1	0
409	733	4	0
537	733	3	0
561	733	3	0
655	733	3	0
829	733	2	0
886	733	4	0
11	740	4	0
13	740	1	0
79	740	4	0
82	740	2	0
108	740	3	0
121	740	3	0
139	740	2	0
145	740	2	0
152	740	4	0
157	740	2	0
181	740	2	0
185	740	4	0
195	740	3	0
242	740	5	0
252	740	3	0
270	740	5	0
279	740	3	0
295	740	4	0
310	740	4	0
312	740	4	0
313	740	2	0
334	740	3	0
354	740	4	0
390	740	4	0
424	740	5	0
454	740	2	0
463	740	4	0
500	740	3	0
503	740	5	0
517	740	4	0
533	740	4	0
536	740	4	0
585	740	4	0
590	740	4	0
591	740	4	0
601	740	4	0
620	740	5	0
627	740	1	0
634	740	2	0
636	740	4	0
637	740	2	0
639	740	4	0
648	740	4	0
655	740	3	0
677	740	1	0
708	740	5	0
716	740	4	0
733	740	3	0
749	740	3	0
798	740	2	0
825	740	2	0
837	740	5	0
847	740	4	0
861	740	4	0
878	740	2	0
883	740	4	0
891	740	5	0
894	740	4	0
899	740	5	0
906	740	4	0
907	740	5	0
917	740	5	0
919	740	3	0
11	741	5	0
21	741	3	0
49	741	4	0
52	741	4	0
54	741	5	0
58	741	2	0
59	741	4	0
63	741	3	0
66	741	4	0
94	741	4	0
99	741	3	0
115	741	3	0
119	741	4	0
151	741	2	0
176	741	3	0
181	741	1	0
227	741	3	0
246	741	5	0
249	741	4	0
256	741	4	0
269	741	5	0
270	741	5	0
279	741	5	0
286	741	4	0
291	741	5	0
303	741	4	0
306	741	1	0
308	741	4	0
315	741	5	0
323	741	3	0
363	741	3	0
365	741	2	0
374	741	3	0
450	741	3	0
463	741	1	0
486	741	3	0
490	741	4	0
497	741	4	0
501	741	5	0
537	741	2	0
540	741	3	0
624	741	4	0
634	741	3	0
637	741	1	0
655	741	3	0
663	741	4	0
711	741	4	0
735	741	2	0
774	741	1	0
789	741	5	0
825	741	4	0
831	741	2	0
889	741	4	0
913	741	4	0
916	741	3	0
919	741	3	0
923	741	5	0
936	741	4	0
11	744	4	0
15	744	4	0
17	744	3	0
57	744	5	0
62	744	3	0
71	744	4	0
84	744	4	0
94	744	4	0
104	744	1	0
120	744	4	0
121	744	3	0
131	744	4	0
135	744	4	0
136	744	5	0
139	744	5	0
141	744	5	0
158	744	4	0
168	744	5	0
178	744	3	0
181	744	2	0
194	744	3	0
203	744	2	0
224	744	1	0
232	744	3	0
244	744	3	0
271	744	4	0
274	744	5	0
279	744	2	0
303	744	3	0
306	744	4	0
313	744	3	0
323	744	5	0
328	744	4	0
334	744	3	0
343	744	4	0
345	744	4	0
349	744	2	0
354	744	4	0
357	744	5	0
360	744	4	0
378	744	3	0
380	744	3	0
387	744	3	0
399	744	3	0
423	744	4	0
429	744	4	0
430	744	3	0
445	744	2	0
455	744	3	0
457	744	3	0
458	744	4	0
460	744	3	0
463	744	3	0
474	744	3	0
503	744	2	0
518	744	4	0
533	744	2	0
537	744	3	0
542	744	2	0
558	744	4	0
561	744	3	0
590	744	4	0
592	744	3	0
593	744	3	0
594	744	3	0
595	744	3	0
634	744	5	0
637	744	4	0
655	744	2	0
657	744	4	0
666	744	3	0
707	744	3	0
711	744	4	0
718	744	3	0
733	744	4	0
735	744	3	0
743	744	5	0
754	744	3	0
768	744	3	0
788	744	4	0
819	744	5	0
834	744	4	0
854	744	2	0
865	744	4	0
877	744	5	0
894	744	3	0
896	744	3	0
900	744	2	0
906	744	4	0
907	744	5	0
909	744	3	0
931	744	4	0
11	749	5	0
13	749	3	0
15	749	1	0
133	749	4	0
170	749	5	0
181	749	1	0
206	749	2	0
223	749	4	0
234	749	3	0
286	749	3	0
294	749	3	0
299	749	1	0
305	749	2	0
324	749	3	0
327	749	3	0
400	749	4	0
409	749	3	0
428	749	4	0
440	749	3	0
450	749	4	0
451	749	3	0
463	749	3	0
489	749	4	0
506	749	4	0
529	749	4	0
537	749	2	0
544	749	4	0
587	749	2	0
589	749	3	0
606	749	4	0
661	749	2	0
663	749	3	0
669	749	3	0
687	749	4	0
688	749	5	0
699	749	3	0
720	749	3	0
721	749	3	0
724	749	4	0
739	749	5	0
750	749	3	0
762	749	1	0
782	749	4	0
787	749	4	0
831	749	2	0
842	749	4	0
856	749	3	0
863	749	2	0
883	749	3	0
889	749	2	0
928	749	5	0
11	752	4	0
13	752	1	0
100	752	4	0
105	752	3	0
126	752	3	0
130	752	5	0
145	752	4	0
191	752	3	0
214	752	2	0
278	752	5	0
294	752	3	0
297	752	4	0
299	752	3	0
328	752	2	0
363	752	5	0
369	752	4	0
435	752	3	0
445	752	1	0
479	752	3	0
485	752	3	0
489	752	5	0
592	752	4	0
611	752	5	0
668	752	4	0
682	752	4	0
713	752	2	0
752	752	3	0
758	752	3	0
772	752	3	0
782	752	4	0
801	752	4	0
828	752	1	0
842	752	4	0
863	752	4	0
871	752	3	0
883	752	4	0
894	752	3	0
896	752	1	0
915	752	3	0
12	754	4	0
13	754	4	0
15	754	5	0
40	754	4	0
112	754	4	0
145	754	3	0
186	754	2	0
191	754	3	0
207	754	4	0
244	754	4	0
250	754	4	0
262	754	3	0
284	754	3	0
311	754	3	0
324	754	5	0
328	754	4	0
351	754	5	0
390	754	4	0
399	754	3	0
404	754	3	0
410	754	3	0
415	754	4	0
416	754	5	0
423	754	4	0
426	754	1	0
428	754	4	0
431	754	3	0
433	754	3	0
446	754	3	0
488	754	4	0
489	754	5	0
493	754	3	0
498	754	2	0
502	754	2	0
507	754	5	0
509	754	1	0
521	754	3	0
526	754	2	0
532	754	4	0
574	754	4	0
590	754	3	0
592	754	3	0
605	754	3	0
683	754	3	0
688	754	5	0
697	754	3	0
784	754	3	0
788	754	4	0
791	754	4	0
803	754	2	0
841	754	4	0
842	754	1	0
851	754	2	0
858	754	4	0
863	754	3	0
894	754	4	0
902	754	3	0
13	766	4	0
181	766	1	0
184	766	3	0
209	766	4	0
286	766	3	0
486	766	4	0
655	766	3	0
707	766	3	0
936	766	3	0
13	776	2	0
405	776	1	0
450	776	4	0
488	776	4	0
618	776	2	0
712	776	4	0
760	776	5	0
790	776	3	0
796	776	4	0
13	787	3	0
95	787	2	0
207	787	3	0
314	787	2	0
378	787	3	0
393	787	5	0
405	787	3	0
406	787	3	0
436	787	5	0
591	787	3	0
712	787	3	0
846	787	4	0
919	787	3	0
13	799	4	0
60	799	4	0
707	799	4	0
854	799	3	0
886	799	1	0
13	812	2	0
16	812	2	0
200	812	4	0
222	812	2	0
228	812	5	0
295	812	4	0
314	812	4	0
393	812	3	0
405	812	1	0
416	812	4	0
437	812	3	0
450	812	4	0
541	812	3	0
642	812	4	0
712	812	4	0
749	812	3	0
848	812	2	0
881	812	2	0
13	821	3	0
49	821	1	0
90	821	3	0
145	821	3	0
210	821	3	0
262	821	3	0
269	821	1	0
286	821	4	0
393	821	3	0
416	821	4	0
435	821	2	0
436	821	4	0
450	821	2	0
500	821	2	0
588	821	4	0
654	821	3	0
734	821	2	0
749	821	3	0
796	821	4	0
798	821	5	0
885	821	3	0
907	821	5	0
13	822	3	0
82	822	2	0
85	822	3	0
308	822	4	0
13	842	2	0
60	842	4	0
85	842	3	0
234	842	4	0
254	842	3	0
298	842	4	0
303	842	2	0
308	842	3	0
318	842	2	0
346	842	1	0
373	842	3	0
379	842	4	0
393	842	4	0
405	842	5	0
416	842	4	0
437	842	4	0
450	842	4	0
452	842	2	0
454	842	2	0
496	842	2	0
532	842	4	0
588	842	3	0
601	842	1	0
712	842	3	0
716	842	3	0
747	842	5	0
807	842	4	0
13	844	1	0
21	844	4	0
57	844	2	0
72	844	4	0
118	844	5	0
160	844	3	0
181	844	1	0
201	844	2	0
234	844	2	0
249	844	5	0
250	844	4	0
264	844	1	0
276	844	4	0
277	844	4	0
291	844	5	0
292	844	5	0
303	844	3	0
342	844	3	0
344	844	1	0
368	844	3	0
372	844	4	0
374	844	4	0
387	844	5	0
407	844	2	0
432	844	4	0
434	844	3	0
445	844	2	0
458	844	4	0
501	844	4	0
537	844	4	0
581	844	5	0
592	844	4	0
595	844	4	0
606	844	4	0
655	844	4	0
658	844	3	0
663	844	2	0
747	844	4	0
792	844	4	0
793	844	4	0
825	844	2	0
916	844	3	0
13	854	1	0
21	854	5	0
248	854	5	0
276	854	4	0
279	854	1	0
363	854	1	0
366	854	5	0
387	854	5	0
405	854	1	0
409	854	4	0
422	854	4	0
425	854	4	0
592	854	5	0
617	854	1	0
833	854	4	0
868	854	4	0
13	857	3	0
13	872	3	0
21	872	2	0
33	872	3	0
86	872	3	0
116	872	3	0
140	872	3	0
141	872	1	0
155	872	3	0
159	872	1	0
181	872	1	0
214	872	2	0
234	872	2	0
255	872	4	0
270	872	5	0
277	872	3	0
294	872	4	0
300	872	5	0
303	872	3	0
324	872	5	0
341	872	4	0
355	872	4	0
372	872	4	0
374	872	5	0
392	872	4	0
451	872	2	0
486	872	5	0
489	872	2	0
511	872	5	0
557	872	5	0
599	872	2	0
655	872	3	0
663	872	3	0
685	872	2	0
720	872	3	0
721	872	3	0
724	872	1	0
755	872	1	0
782	872	2	0
783	872	4	0
808	872	5	0
863	872	2	0
896	872	3	0
13	874	5	0
21	874	2	0
29	874	4	0
47	874	3	0
100	874	1	0
113	874	5	0
149	874	3	0
154	874	3	0
173	874	4	0
176	874	4	0
181	874	1	0
204	874	3	0
234	874	1	0
266	874	2	0
327	874	3	0
372	874	4	0
385	874	3	0
416	874	1	0
427	874	5	0
448	874	3	0
451	874	4	0
452	874	2	0
470	874	3	0
486	874	3	0
489	874	2	0
519	874	5	0
523	874	4	0
537	874	3	0
628	874	5	0
635	874	3	0
655	874	4	0
672	874	4	0
675	874	4	0
710	874	3	0
721	874	3	0
828	874	3	0
842	874	5	0
894	874	4	0
937	874	3	0
13	880	3	0
33	880	3	0
40	880	3	0
78	880	5	0
88	880	3	0
89	880	5	0
100	880	1	0
105	880	3	0
116	880	3	0
140	880	4	0
141	880	1	0
144	880	5	0
159	880	1	0
173	880	4	0
181	880	1	0
186	880	3	0
197	880	3	0
204	880	2	0
241	880	5	0
288	880	1	0
319	880	4	0
341	880	5	0
351	880	2	0
374	880	5	0
392	880	4	0
446	880	2	0
451	880	1	0
463	880	4	0
486	880	5	0
488	880	3	0
489	880	2	0
506	880	1	0
511	880	5	0
529	880	4	0
587	880	3	0
588	880	1	0
595	880	3	0
602	880	4	0
629	880	4	0
646	880	3	0
655	880	2	0
667	880	3	0
683	880	3	0
699	880	3	0
707	880	2	0
708	880	3	0
721	880	3	0
724	880	3	0
755	880	4	0
782	880	4	0
783	880	4	0
787	880	3	0
796	880	3	0
836	880	4	0
851	880	3	0
853	880	5	0
896	880	4	0
909	880	4	0
919	880	3	0
13	882	3	0
36	882	5	0
129	882	2	0
181	882	1	0
206	882	1	0
219	882	3	0
229	882	4	0
260	882	5	0
271	882	3	0
278	882	3	0
334	882	3	0
351	882	5	0
354	882	4	0
355	882	4	0
410	882	3	0
424	882	3	0
451	882	1	0
466	882	5	0
486	882	2	0
537	882	4	0
548	882	4	0
611	882	4	0
655	882	3	0
668	882	3	0
685	882	3	0
695	882	4	0
707	882	4	0
713	882	3	0
724	882	1	0
732	882	5	0
752	882	4	0
863	882	4	0
866	882	2	0
883	882	4	0
13	883	3	0
36	883	5	0
181	883	1	0
286	883	5	0
440	883	5	0
446	883	3	0
451	883	1	0
486	883	3	0
489	883	2	0
574	883	4	0
696	883	4	0
871	883	3	0
894	883	3	0
13	884	2	0
126	884	5	0
181	884	1	0
286	884	5	0
448	884	4	0
451	884	1	0
840	884	5	0
13	886	5	0
31	886	2	0
69	886	4	0
80	886	4	0
88	886	5	0
100	886	3	0
117	886	5	0
181	886	1	0
201	886	1	0
228	886	1	0
229	886	1	0
244	886	5	0
263	886	2	0
269	886	3	0
323	886	3	0
327	886	2	0
334	886	4	0
345	886	3	0
410	886	2	0
414	886	4	0
428	886	4	0
440	886	5	0
445	886	3	0
451	886	4	0
486	886	3	0
493	886	2	0
499	886	4	0
526	886	3	0
529	886	4	0
570	886	2	0
587	886	2	0
592	886	3	0
608	886	1	0
611	886	4	0
615	886	2	0
624	886	4	0
629	886	3	0
631	886	4	0
635	886	4	0
685	886	1	0
697	886	5	0
699	886	3	0
710	886	3	0
750	886	3	0
782	886	3	0
785	886	3	0
828	886	1	0
834	886	4	0
842	886	4	0
863	886	3	0
883	886	3	0
889	886	3	0
894	886	3	0
13	898	1	0
34	898	5	0
64	898	2	0
88	898	4	0
100	898	4	0
145	898	1	0
147	898	5	0
161	898	3	0
190	898	2	0
209	898	3	0
229	898	5	0
235	898	3	0
240	898	5	0
296	898	4	0
318	898	4	0
351	898	5	0
353	898	2	0
381	898	5	0
410	898	3	0
416	898	4	0
423	898	4	0
425	898	3	0
455	898	3	0
466	898	1	0
489	898	3	0
499	898	4	0
507	898	5	0
514	898	2	0
520	898	5	0
524	898	4	0
531	898	5	0
532	898	4	0
546	898	4	0
548	898	1	0
592	898	2	0
598	898	4	0
624	898	1	0
650	898	3	0
660	898	4	0
669	898	1	0
673	898	3	0
681	898	4	0
688	898	5	0
713	898	3	0
720	898	4	0
724	898	1	0
726	898	2	0
753	898	4	0
758	898	3	0
772	898	3	0
782	898	3	0
784	898	4	0
787	898	3	0
813	898	1	0
857	898	5	0
863	898	1	0
894	898	4	0
936	898	1	0
13	903	3	0
90	903	4	0
112	903	1	0
116	903	2	0
129	903	2	0
206	903	2	0
284	903	4	0
328	903	3	0
345	903	3	0
519	903	5	0
655	903	3	0
656	903	2	0
695	903	4	0
707	903	3	0
828	903	4	0
845	903	4	0
863	903	3	0
894	903	4	0
13	905	2	0
90	905	4	0
100	905	3	0
110	905	3	0
116	905	2	0
126	905	2	0
174	905	3	0
179	905	4	0
193	905	4	0
328	905	3	0
334	905	1	0
353	905	4	0
393	905	3	0
410	905	4	0
450	905	5	0
515	905	2	0
531	905	4	0
548	905	4	0
587	905	3	0
624	905	4	0
711	905	3	0
752	905	2	0
782	905	4	0
831	905	4	0
871	905	3	0
872	905	4	0
894	905	3	0
13	906	3	0
79	906	5	0
90	906	2	0
129	906	5	0
171	906	3	0
209	906	2	0
219	906	4	0
284	906	3	0
286	906	5	0
334	906	5	0
363	906	2	0
444	906	4	0
611	906	2	0
655	906	2	0
683	906	4	0
696	906	3	0
720	906	4	0
724	906	1	0
787	906	1	0
828	906	3	0
863	906	4	0
13	912	2	0
328	912	3	0
425	912	2	0
444	912	4	0
551	912	3	0
655	912	3	0
676	912	3	0
818	912	3	0
851	912	4	0
13	916	4	0
38	916	5	0
116	916	2	0
119	916	1	0
179	916	5	0
276	916	4	0
299	916	3	0
328	916	2	0
416	916	3	0
444	916	3	0
472	916	5	0
532	916	3	0
587	916	3	0
655	916	2	0
676	916	5	0
738	916	3	0
751	916	1	0
851	916	3	0
13	918	3	0
159	918	4	0
358	918	1	0
378	918	3	0
416	918	4	0
532	918	4	0
587	918	3	0
655	918	2	0
15	925	2	0
21	925	2	0
27	925	3	0
42	925	4	0
92	925	3	0
145	925	4	0
181	925	2	0
186	925	5	0
224	925	3	0
234	925	2	0
256	925	5	0
277	925	4	0
280	925	4	0
374	925	3	0
403	925	4	0
436	925	4	0
458	925	3	0
493	925	3	0
532	925	4	0
548	925	2	0
561	925	3	0
592	925	3	0
606	925	4	0
618	925	2	0
663	925	3	0
671	925	3	0
682	925	3	0
804	925	4	0
825	925	4	0
830	925	4	0
851	925	3	0
854	925	2	0
872	925	4	0
897	925	5	0
15	927	4	0
176	927	3	0
181	927	1	0
234	927	4	0
655	927	3	0
936	927	4	0
15	935	3	0
219	935	3	0
486	935	4	0
523	935	5	0
655	935	3	0
782	935	2	0
894	935	3	0
15	937	4	0
35	937	4	0
39	937	5	0
79	937	2	0
112	937	4	0
121	937	4	0
147	937	3	0
173	937	4	0
174	937	5	0
181	937	3	0
229	937	2	0
334	937	3	0
356	937	2	0
409	937	2	0
416	937	2	0
427	937	5	0
440	937	5	0
451	937	4	0
537	937	3	0
587	937	4	0
615	937	2	0
616	937	4	0
675	937	1	0
721	937	3	0
724	937	3	0
732	937	4	0
754	937	4	0
755	937	4	0
759	937	4	0
770	937	4	0
782	937	1	0
787	937	3	0
861	937	4	0
871	937	3	0
875	937	4	0
894	937	4	0
919	937	4	0
16	947	4	0
92	947	4	0
102	947	3	0
110	947	3	0
197	947	2	0
305	947	4	0
331	947	5	0
405	947	1	0
452	947	5	0
543	947	4	0
600	947	4	0
627	947	3	0
671	947	3	0
774	947	2	0
776	947	2	0
871	947	2	0
889	947	4	0
18	952	2	0
45	952	4	0
62	952	3	0
63	952	3	0
75	952	5	0
89	952	2	0
115	952	5	0
151	952	3	0
160	952	4	0
176	952	2	0
181	952	1	0
189	952	5	0
214	952	3	0
279	952	3	0
286	952	2	0
287	952	4	0
303	952	3	0
327	952	2	0
342	952	3	0
374	952	2	0
387	952	5	0
447	952	4	0
456	952	4	0
458	952	2	0
463	952	1	0
468	952	3	0
470	952	3	0
490	952	2	0
501	952	4	0
542	952	4	0
561	952	3	0
592	952	4	0
595	952	5	0
624	952	3	0
640	952	4	0
658	952	2	0
707	952	3	0
747	952	2	0
805	952	5	0
806	952	2	0
870	952	3	0
883	952	3	0
889	952	3	0
896	952	4	0
936	952	4	0
18	953	3	0
42	953	2	0
59	953	5	0
151	953	5	0
174	953	5	0
210	953	3	0
244	953	4	0
303	953	3	0
354	953	3	0
387	953	2	0
393	953	4	0
398	953	3	0
405	953	3	0
435	953	3	0
535	953	5	0
537	953	3	0
639	953	2	0
655	953	3	0
707	953	4	0
798	953	2	0
885	953	3	0
919	953	3	0
18	960	4	0
58	960	4	0
76	960	3	0
95	960	2	0
118	960	5	0
144	960	2	0
177	960	3	0
201	960	2	0
214	960	2	0
303	960	4	0
305	960	1	0
327	960	5	0
405	960	1	0
406	960	2	0
458	960	1	0
537	960	3	0
561	960	4	0
645	960	4	0
655	960	3	0
658	960	4	0
666	960	4	0
763	960	4	0
828	960	5	0
894	960	5	0
916	960	4	0
18	962	4	0
90	962	2	0
123	962	3	0
144	962	4	0
151	962	1	0
201	962	4	0
224	962	2	0
299	962	4	0
308	962	4	0
327	962	3	0
354	962	4	0
406	962	4	0
527	962	3	0
535	962	4	0
539	962	4	0
618	962	1	0
639	962	1	0
655	962	5	0
666	962	3	0
667	962	2	0
676	962	4	0
707	962	2	0
918	962	4	0
18	964	3	0
90	964	5	0
234	964	4	0
393	964	2	0
405	964	1	0
500	964	4	0
537	964	3	0
571	964	4	0
875	964	4	0
18	967	3	0
254	967	3	0
311	967	3	0
312	967	3	0
346	967	2	0
429	967	4	0
450	967	5	0
521	967	3	0
653	967	2	0
747	967	3	0
846	967	3	0
932	967	4	0
18	970	3	0
234	970	4	0
235	970	4	0
299	970	4	0
405	970	1	0
537	970	3	0
565	970	4	0
585	970	3	0
18	972	3	0
59	972	4	0
72	972	4	0
90	972	4	0
151	972	4	0
184	972	3	0
201	972	3	0
222	972	2	0
344	972	4	0
345	972	4	0
378	972	4	0
387	972	2	0
405	972	1	0
407	972	3	0
416	972	4	0
429	972	4	0
454	972	2	0
504	972	3	0
506	972	3	0
537	972	3	0
655	972	3	0
661	972	3	0
763	972	3	0
766	972	3	0
804	972	3	0
864	972	2	0
918	972	5	0
934	972	3	0
21	975	3	0
57	975	3	0
59	975	4	0
99	975	3	0
101	975	2	0
109	975	3	0
113	975	5	0
130	975	5	0
181	975	2	0
223	975	1	0
256	975	3	0
265	975	4	0
276	975	3	0
280	975	4	0
291	975	2	0
332	975	3	0
342	975	2	0
348	975	4	0
374	975	4	0
399	975	2	0
416	975	2	0
434	975	5	0
442	975	3	0
453	975	2	0
478	975	4	0
486	975	3	0
537	975	3	0
551	975	5	0
560	975	3	0
592	975	4	0
599	975	5	0
620	975	3	0
630	975	4	0
642	975	2	0
655	975	3	0
663	975	4	0
697	975	1	0
717	975	2	0
718	975	2	0
749	975	4	0
851	975	2	0
872	975	4	0
923	975	4	0
936	975	3	0
21	979	2	0
26	979	3	0
63	979	3	0
101	979	2	0
113	979	5	0
145	979	3	0
181	979	2	0
198	979	5	0
201	979	2	0
294	979	3	0
303	979	4	0
363	979	1	0
374	979	3	0
378	979	3	0
394	979	5	0
417	979	3	0
442	979	3	0
445	979	2	0
456	979	3	0
501	979	3	0
537	979	2	0
551	979	4	0
569	979	3	0
595	979	3	0
624	979	4	0
634	979	3	0
655	979	3	0
697	979	5	0
793	979	3	0
825	979	4	0
851	979	3	0
854	979	4	0
862	979	5	0
889	979	3	0
894	979	3	0
21	980	2	0
92	980	3	0
115	980	4	0
181	980	1	0
201	980	3	0
224	980	1	0
234	980	2	0
267	980	3	0
343	980	5	0
345	980	4	0
416	980	4	0
457	980	4	0
458	980	5	0
532	980	4	0
537	980	3	0
561	980	3	0
624	980	4	0
655	980	2	0
677	980	2	0
717	980	4	0
833	980	3	0
889	980	4	0
21	990	2	0
34	990	5	0
90	990	3	0
100	990	3	0
126	990	4	0
129	990	2	0
155	990	3	0
181	990	1	0
189	990	3	0
206	990	1	0
260	990	5	0
279	990	1	0
338	990	4	0
351	990	5	0
364	990	4	0
390	990	4	0
416	990	2	0
424	990	5	0
427	990	5	0
451	990	3	0
520	990	4	0
531	990	5	0
532	990	3	0
537	990	2	0
597	990	2	0
639	990	1	0
681	990	4	0
721	990	5	0
782	990	3	0
797	990	2	0
803	990	2	0
863	990	1	0
894	990	3	0
21	992	2	0
279	992	4	0
782	992	2	0
880	992	4	0
21	993	4	0
43	993	3	0
45	993	4	0
56	993	3	0
63	993	2	0
70	993	3	0
83	993	2	0
92	993	4	0
94	993	4	0
102	993	2	0
116	993	2	0
130	993	5	0
145	993	3	0
148	993	4	0
178	993	5	0
203	993	3	0
207	993	3	0
223	993	4	0
246	993	3	0
249	993	3	0
250	993	5	0
276	993	3	0
286	993	2	0
290	993	4	0
298	993	4	0
303	993	2	0
314	993	5	0
323	993	4	0
330	993	4	0
398	993	3	0
407	993	4	0
417	993	3	0
459	993	3	0
463	993	2	0
490	993	1	0
536	993	3	0
541	993	4	0
545	993	2	0
550	993	4	0
606	993	5	0
620	993	5	0
622	993	4	0
624	993	4	0
642	993	4	0
647	993	4	0
668	993	4	0
676	993	5	0
690	993	3	0
703	993	4	0
708	993	4	0
727	993	4	0
736	993	4	0
771	993	4	0
782	993	3	0
798	993	3	0
804	993	2	0
815	993	2	0
821	993	4	0
838	993	3	0
864	993	4	0
887	993	5	0
896	993	4	0
902	993	3	0
938	993	5	0
939	993	4	0
941	993	4	0
21	995	2	0
47	995	3	0
49	995	3	0
90	995	4	0
119	995	4	0
129	995	2	0
173	995	5	0
181	995	1	0
184	995	3	0
220	995	3	0
365	995	4	0
381	995	4	0
409	995	4	0
451	995	1	0
466	995	5	0
486	995	4	0
587	995	3	0
589	995	1	0
651	995	1	0
655	995	3	0
695	995	4	0
707	995	4	0
711	995	4	0
717	995	5	0
720	995	4	0
721	995	3	0
724	995	1	0
752	995	4	0
785	995	3	0
918	995	3	0
936	995	3	0
22	1000	3	0
87	1000	3	0
125	1000	3	0
276	1000	2	0
279	1000	4	0
393	1000	3	0
417	1000	4	0
497	1000	2	0
642	1000	3	0
880	1000	3	0
23	1004	3	0
94	1004	3	0
178	1004	4	0
405	1004	1	0
504	1004	4	0
600	1004	4	0
627	1004	4	0
846	1004	3	0
896	1004	2	0
26	1008	3	0
50	1008	5	0
58	1008	1	0
63	1008	3	0
79	1008	4	0
115	1008	5	0
176	1008	4	0
181	1008	1	0
184	1008	4	0
201	1008	3	0
227	1008	4	0
257	1008	5	0
277	1008	3	0
334	1008	4	0
342	1008	3	0
343	1008	4	0
345	1008	3	0
385	1008	4	0
387	1008	4	0
406	1008	4	0
445	1008	1	0
456	1008	4	0
468	1008	4	0
500	1008	4	0
537	1008	2	0
560	1008	3	0
592	1008	4	0
634	1008	2	0
655	1008	3	0
707	1008	3	0
789	1008	4	0
805	1008	4	0
825	1008	1	0
859	1008	4	0
870	1008	3	0
903	1008	3	0
936	1008	5	0
26	1009	2	0
49	1009	3	0
52	1009	5	0
59	1009	4	0
62	1009	4	0
63	1009	4	0
85	1009	2	0
94	1009	4	0
101	1009	2	0
145	1009	2	0
181	1009	1	0
223	1009	1	0
264	1009	4	0
270	1009	5	0
283	1009	3	0
296	1009	3	0
306	1009	4	0
342	1009	1	0
345	1009	2	0
363	1009	2	0
378	1009	3	0
401	1009	4	0
445	1009	2	0
447	1009	4	0
449	1009	4	0
456	1009	5	0
463	1009	3	0
474	1009	4	0
500	1009	4	0
503	1009	2	0
523	1009	5	0
537	1009	2	0
553	1009	4	0
561	1009	4	0
585	1009	5	0
590	1009	3	0
592	1009	3	0
595	1009	4	0
608	1009	4	0
614	1009	3	0
634	1009	2	0
654	1009	3	0
655	1009	2	0
657	1009	4	0
663	1009	3	0
665	1009	4	0
699	1009	4	0
733	1009	2	0
756	1009	4	0
765	1009	5	0
837	1009	5	0
839	1009	3	0
851	1009	2	0
859	1009	4	0
861	1009	5	0
862	1009	4	0
865	1009	5	0
883	1009	4	0
884	1009	2	0
894	1009	4	0
903	1009	4	0
906	1009	2	0
916	1009	5	0
936	1009	4	0
26	1010	2	0
50	1010	5	0
63	1010	3	0
85	1010	2	0
94	1010	4	0
104	1010	1	0
144	1010	3	0
181	1010	1	0
184	1010	4	0
201	1010	3	0
216	1010	3	0
221	1010	3	0
227	1010	3	0
234	1010	2	0
257	1010	4	0
276	1010	3	0
292	1010	4	0
334	1010	5	0
342	1010	1	0
363	1010	4	0
374	1010	5	0
385	1010	3	0
406	1010	4	0
429	1010	3	0
445	1010	1	0
449	1010	4	0
456	1010	5	0
500	1010	4	0
501	1010	4	0
537	1010	2	0
561	1010	3	0
572	1010	2	0
592	1010	5	0
595	1010	4	0
606	1010	3	0
624	1010	4	0
640	1010	3	0
655	1010	3	0
699	1010	3	0
806	1010	3	0
886	1010	5	0
894	1010	4	0
916	1010	4	0
930	1010	2	0
27	1017	4	0
49	1017	3	0
69	1017	5	0
75	1017	5	0
79	1017	3	0
104	1017	1	0
130	1017	3	0
151	1017	2	0
174	1017	2	0
181	1017	1	0
214	1017	4	0
221	1017	4	0
227	1017	4	0
244	1017	4	0
269	1017	5	0
279	1017	3	0
291	1017	4	0
293	1017	3	0
323	1017	3	0
327	1017	2	0
331	1017	2	0
336	1017	5	0
339	1017	5	0
345	1017	2	0
354	1017	3	0
365	1017	4	0
382	1017	4	0
385	1017	3	0
422	1017	4	0
429	1017	3	0
453	1017	3	0
456	1017	4	0
463	1017	2	0
467	1017	2	0
486	1017	3	0
518	1017	3	0
590	1017	4	0
591	1017	3	0
592	1017	4	0
624	1017	3	0
655	1017	3	0
663	1017	2	0
774	1017	3	0
789	1017	3	0
805	1017	3	0
833	1017	4	0
834	1017	2	0
880	1017	3	0
923	1017	5	0
933	1017	3	0
29	1018	4	0
49	1018	2	0
62	1018	3	0
85	1018	4	0
92	1018	4	0
95	1018	3	0
293	1018	3	0
299	1018	3	0
305	1018	5	0
325	1018	3	0
346	1018	3	0
381	1018	4	0
387	1018	3	0
397	1018	4	0
405	1018	1	0
417	1018	3	0
429	1018	3	0
500	1018	3	0
561	1018	3	0
565	1018	5	0
585	1018	2	0
645	1018	3	0
655	1018	3	0
707	1018	3	0
773	1018	3	0
806	1018	4	0
829	1018	2	0
840	1018	3	0
846	1018	4	0
884	1018	2	0
896	1018	3	0
934	1018	4	0
31	1022	5	0
47	1022	3	0
79	1022	5	0
146	1022	5	0
171	1022	3	0
181	1022	1	0
196	1022	4	0
204	1022	5	0
206	1022	1	0
247	1022	4	0
257	1022	2	0
307	1022	4	0
310	1022	5	0
379	1022	3	0
385	1022	3	0
448	1022	5	0
451	1022	4	0
521	1022	4	0
523	1022	4	0
567	1022	5	0
574	1022	2	0
592	1022	5	0
646	1022	4	0
655	1022	3	0
697	1022	1	0
707	1022	3	0
758	1022	5	0
845	1022	2	0
863	1022	2	0
871	1022	3	0
889	1022	4	0
931	1022	1	0
42	1042	3	0
92	1042	3	0
186	1042	5	0
222	1042	4	0
256	1042	5	0
276	1042	1	0
291	1042	4	0
293	1042	3	0
311	1042	3	0
328	1042	3	0
332	1042	4	0
374	1042	5	0
378	1042	3	0
399	1042	3	0
405	1042	1	0
497	1042	3	0
554	1042	3	0
577	1042	4	0
586	1042	4	0
653	1042	2	0
655	1042	2	0
690	1042	4	0
727	1042	2	0
788	1042	3	0
796	1042	4	0
870	1042	2	0
896	1042	2	0
916	1042	3	0
42	1043	2	0
83	1043	3	0
393	1043	3	0
405	1043	1	0
620	1043	4	0
705	1043	5	0
712	1043	3	0
798	1043	3	0
42	1045	2	0
90	1045	2	0
94	1045	4	0
122	1045	4	0
194	1045	2	0
201	1045	2	0
222	1045	3	0
224	1045	2	0
244	1045	5	0
308	1045	4	0
380	1045	3	0
405	1045	3	0
474	1045	4	0
535	1045	4	0
537	1045	3	0
655	1045	3	0
661	1045	3	0
666	1045	4	0
682	1045	3	0
715	1045	2	0
747	1045	4	0
835	1045	4	0
846	1045	3	0
883	1045	5	0
896	1045	3	0
42	1051	4	0
72	1051	4	0
101	1051	2	0
145	1051	2	0
157	1051	4	0
168	1051	4	0
178	1051	3	0
181	1051	2	0
223	1051	3	0
234	1051	2	0
256	1051	4	0
274	1051	4	0
280	1051	4	0
286	1051	4	0
334	1051	4	0
336	1051	2	0
374	1051	4	0
393	1051	3	0
416	1051	3	0
434	1051	3	0
445	1051	1	0
459	1051	3	0
468	1051	2	0
477	1051	5	0
520	1051	3	0
548	1051	4	0
551	1051	4	0
552	1051	3	0
637	1051	2	0
663	1051	3	0
708	1051	4	0
717	1051	3	0
749	1051	3	0
825	1051	4	0
851	1051	2	0
887	1051	4	0
897	1051	3	0
905	1051	2	0
907	1051	5	0
921	1051	3	0
939	1051	5	0
43	1055	2	0
110	1055	2	0
393	1055	4	0
405	1055	3	0
606	1055	4	0
630	1055	3	0
642	1055	4	0
712	1055	4	0
796	1055	3	0
846	1055	3	0
43	1056	3	0
189	1056	3	0
201	1056	2	0
239	1056	5	0
276	1056	4	0
299	1056	4	0
327	1056	2	0
363	1056	4	0
804	1056	4	0
828	1056	1	0
44	1058	4	0
94	1058	4	0
130	1058	5	0
194	1058	2	0
224	1058	3	0
378	1058	3	0
393	1058	4	0
405	1058	1	0
416	1058	5	0
436	1058	4	0
472	1058	4	0
588	1058	2	0
618	1058	3	0
642	1058	3	0
880	1058	2	0
45	1060	3	0
60	1060	4	0
62	1060	1	0
83	1060	3	0
109	1060	4	0
125	1060	4	0
181	1060	1	0
189	1060	5	0
200	1060	3	0
222	1060	2	0
254	1060	3	0
274	1060	4	0
280	1060	3	0
286	1060	5	0
290	1060	3	0
348	1060	3	0
381	1060	5	0
395	1060	2	0
399	1060	3	0
402	1060	3	0
434	1060	3	0
459	1060	1	0
463	1060	2	0
496	1060	1	0
592	1060	2	0
612	1060	4	0
622	1060	3	0
637	1060	2	0
648	1060	2	0
650	1060	3	0
699	1060	3	0
756	1060	4	0
804	1060	3	0
821	1060	5	0
882	1060	3	0
887	1060	5	0
911	1060	4	0
919	1060	3	0
921	1060	2	0
49	1066	2	0
194	1066	3	0
222	1066	1	0
275	1066	3	0
280	1066	4	0
313	1066	2	0
373	1066	4	0
385	1066	4	0
405	1066	1	0
618	1066	3	0
620	1066	5	0
642	1066	3	0
798	1066	2	0
807	1066	5	0
846	1066	3	0
881	1066	3	0
49	1067	3	0
63	1067	3	0
99	1067	4	0
115	1067	4	0
158	1067	4	0
177	1067	4	0
181	1067	1	0
216	1067	5	0
221	1067	3	0
227	1067	4	0
287	1067	2	0
291	1067	4	0
294	1067	4	0
327	1067	4	0
343	1067	3	0
363	1067	3	0
442	1067	3	0
445	1067	1	0
458	1067	5	0
460	1067	4	0
463	1067	2	0
470	1067	4	0
490	1067	2	0
501	1067	5	0
508	1067	4	0
551	1067	2	0
592	1067	5	0
595	1067	4	0
624	1067	4	0
634	1067	4	0
640	1067	4	0
655	1067	2	0
663	1067	3	0
682	1067	3	0
697	1067	5	0
733	1067	5	0
747	1067	2	0
793	1067	4	0
823	1067	4	0
829	1067	4	0
886	1067	5	0
889	1067	3	0
903	1067	2	0
943	1067	2	0
49	1068	3	0
181	1068	1	0
227	1068	4	0
299	1068	3	0
537	1068	3	0
558	1068	2	0
655	1068	3	0
699	1068	3	0
707	1068	4	0
767	1068	4	0
828	1068	4	0
936	1068	4	0
49	1069	3	0
58	1069	2	0
201	1069	2	0
249	1069	5	0
264	1069	5	0
327	1069	4	0
385	1069	4	0
387	1069	2	0
405	1069	1	0
435	1069	4	0
500	1069	4	0
523	1069	5	0
537	1069	2	0
561	1069	4	0
655	1069	1	0
773	1069	4	0
846	1069	4	0
889	1069	1	0
49	1077	4	0
62	1077	3	0
145	1077	3	0
291	1077	4	0
416	1077	1	0
497	1077	4	0
790	1077	3	0
854	1077	3	0
52	1085	4	0
181	1085	1	0
224	1085	1	0
314	1085	1	0
354	1085	3	0
537	1085	4	0
592	1085	3	0
655	1085	2	0
733	1085	4	0
758	1085	5	0
839	1085	5	0
52	1086	4	0
90	1086	4	0
119	1086	4	0
174	1086	5	0
181	1086	1	0
184	1086	4	0
209	1086	4	0
256	1086	5	0
303	1086	1	0
399	1086	3	0
417	1086	4	0
455	1086	3	0
486	1086	3	0
533	1086	3	0
655	1086	3	0
663	1086	3	0
731	1086	1	0
847	1086	4	0
854	1086	3	0
919	1086	4	0
936	1086	3	0
57	1093	3	0
59	1093	5	0
67	1093	5	0
101	1093	1	0
125	1093	1	0
181	1093	1	0
194	1093	3	0
279	1093	4	0
311	1093	5	0
374	1093	2	0
409	1093	2	0
486	1093	4	0
504	1093	1	0
524	1093	4	0
535	1093	4	0
621	1093	4	0
682	1093	3	0
699	1093	3	0
769	1093	3	0
862	1093	5	0
880	1093	3	0
886	1093	1	0
927	1093	4	0
58	1104	2	0
114	1104	5	0
305	1104	4	0
405	1104	1	0
58	1106	4	0
112	1106	4	0
328	1106	2	0
655	1106	2	0
59	1107	4	0
62	1107	1	0
194	1107	3	0
244	1107	2	0
328	1107	3	0
343	1107	3	0
378	1107	3	0
405	1107	1	0
450	1107	4	0
454	1107	4	0
456	1107	4	0
524	1107	4	0
655	1107	4	0
682	1107	2	0
707	1107	3	0
788	1107	3	0
823	1107	3	0
846	1107	4	0
59	1113	4	0
85	1113	2	0
122	1113	5	0
151	1113	4	0
279	1113	3	0
286	1113	3	0
339	1113	4	0
373	1113	1	0
379	1113	4	0
380	1113	4	0
405	1113	1	0
429	1113	3	0
437	1113	4	0
474	1113	3	0
524	1113	3	0
537	1113	3	0
608	1113	3	0
655	1113	3	0
707	1113	2	0
716	1113	4	0
889	1113	5	0
916	1113	4	0
59	1114	5	0
181	1114	1	0
256	1114	4	0
280	1114	4	0
283	1114	5	0
389	1114	2	0
518	1114	2	0
624	1114	4	0
733	1114	3	0
919	1114	3	0
59	1115	3	0
104	1115	4	0
106	1115	4	0
125	1115	3	0
181	1115	1	0
189	1115	4	0
207	1115	2	0
239	1115	2	0
243	1115	3	0
295	1115	5	0
381	1115	4	0
387	1115	3	0
450	1115	4	0
459	1115	3	0
460	1115	3	0
463	1115	4	0
514	1115	4	0
536	1115	5	0
561	1115	3	0
608	1115	4	0
654	1115	3	0
678	1115	3	0
698	1115	2	0
711	1115	4	0
733	1115	3	0
838	1115	4	0
883	1115	4	0
894	1115	4	0
936	1115	4	0
59	1117	4	0
137	1117	2	0
161	1117	3	0
181	1117	2	0
184	1117	2	0
189	1117	5	0
198	1117	3	0
226	1117	3	0
271	1117	3	0
343	1117	3	0
345	1117	4	0
349	1117	3	0
381	1117	4	0
463	1117	1	0
708	1117	4	0
711	1117	4	0
733	1117	2	0
825	1117	3	0
862	1117	4	0
59	1120	1	0
181	1120	1	0
234	1120	3	0
271	1120	2	0
279	1120	3	0
318	1120	3	0
348	1120	3	0
393	1120	3	0
486	1120	3	0
561	1120	4	0
591	1120	4	0
624	1120	4	0
707	1120	4	0
829	1120	2	0
851	1120	2	0
887	1120	5	0
901	1120	4	0
60	1126	4	0
82	1126	4	0
91	1126	1	0
95	1126	4	0
97	1126	3	0
167	1126	5	0
234	1126	4	0
263	1126	5	0
308	1126	3	0
312	1126	4	0
321	1126	3	0
326	1126	2	0
328	1126	3	0
398	1126	4	0
406	1126	3	0
450	1126	4	0
454	1126	2	0
493	1126	2	0
524	1126	1	0
553	1126	4	0
562	1126	4	0
642	1126	1	0
650	1126	4	0
694	1126	5	0
696	1126	3	0
716	1126	3	0
745	1126	2	0
766	1126	4	0
788	1126	5	0
796	1126	1	0
848	1126	5	0
932	1126	5	0
62	1134	2	0
69	1134	5	0
82	1134	2	0
90	1134	3	0
116	1134	4	0
160	1134	4	0
172	1134	2	0
181	1134	2	0
221	1134	4	0
235	1134	4	0
294	1134	3	0
360	1134	3	0
374	1134	4	0
378	1134	4	0
387	1134	1	0
423	1134	4	0
437	1134	4	0
456	1134	4	0
468	1134	5	0
470	1134	4	0
474	1134	3	0
486	1134	3	0
537	1134	3	0
560	1134	3	0
592	1134	5	0
595	1134	5	0
614	1134	2	0
627	1134	1	0
655	1134	3	0
744	1134	3	0
747	1134	5	0
854	1134	3	0
869	1134	1	0
870	1134	4	0
880	1134	5	0
889	1134	4	0
896	1134	3	0
919	1134	2	0
64	1141	5	0
128	1141	4	0
276	1141	3	0
299	1141	4	0
327	1141	3	0
331	1141	3	0
559	1141	2	0
655	1141	3	0
707	1141	3	0
72	1148	4	0
184	1148	3	0
243	1148	3	0
269	1148	4	0
270	1148	5	0
405	1148	1	0
437	1148	4	0
846	1148	3	0
861	1148	3	0
75	1150	4	0
181	1150	1	0
223	1150	2	0
244	1150	4	0
256	1150	5	0
314	1150	4	0
332	1150	3	0
374	1150	1	0
894	1150	4	0
75	1152	1	0
159	1152	4	0
181	1152	2	0
224	1152	3	0
242	1152	5	0
274	1152	4	0
314	1152	4	0
361	1152	2	0
416	1152	4	0
434	1152	5	0
450	1152	5	0
483	1152	4	0
524	1152	3	0
552	1152	3	0
597	1152	4	0
599	1152	4	0
642	1152	5	0
708	1152	5	0
711	1152	1	0
714	1152	2	0
741	1152	3	0
761	1152	2	0
764	1152	3	0
889	1152	3	0
904	1152	4	0
919	1152	4	0
931	1152	4	0
938	1152	3	0
76	1154	5	0
96	1154	5	0
132	1154	3	0
189	1154	3	0
269	1154	3	0
308	1154	2	0
385	1154	5	0
524	1154	1	0
537	1154	1	0
666	1154	3	0
833	1154	4	0
867	1154	5	0
76	1155	2	0
585	1155	5	0
655	1155	3	0
76	1156	3	0
85	1166	4	0
119	1166	5	0
201	1166	3	0
342	1166	1	0
387	1166	3	0
405	1166	1	0
500	1166	4	0
524	1166	5	0
535	1166	4	0
537	1166	2	0
592	1166	3	0
655	1166	3	0
85	1168	3	0
122	1168	4	0
193	1168	4	0
234	1168	2	0
244	1168	4	0
269	1168	2	0
280	1168	5	0
363	1168	2	0
378	1168	3	0
380	1168	3	0
389	1168	3	0
393	1168	3	0
405	1168	1	0
416	1168	4	0
456	1168	4	0
457	1168	5	0
468	1168	2	0
532	1168	4	0
659	1168	4	0
707	1168	3	0
711	1168	4	0
846	1168	4	0
85	1170	3	0
119	1170	3	0
125	1170	1	0
201	1170	4	0
207	1170	2	0
234	1170	1	0
276	1170	4	0
279	1170	1	0
295	1170	5	0
327	1170	4	0
334	1170	4	0
342	1170	3	0
399	1170	3	0
406	1170	4	0
442	1170	4	0
453	1170	3	0
535	1170	3	0
561	1170	3	0
655	1170	3	0
666	1170	4	0
711	1170	3	0
747	1170	2	0
773	1170	3	0
804	1170	3	0
805	1170	5	0
886	1170	3	0
889	1170	2	0
85	1171	3	0
181	1171	1	0
192	1171	2	0
455	1171	3	0
460	1171	3	0
486	1171	3	0
560	1171	3	0
572	1171	3	0
655	1171	3	0
707	1171	3	0
733	1171	3	0
883	1171	5	0
918	1171	4	0
936	1171	5	0
85	1174	3	0
181	1174	1	0
201	1174	5	0
455	1174	3	0
533	1174	3	0
543	1174	3	0
655	1174	3	0
707	1174	5	0
86	1176	5	0
129	1176	4	0
139	1176	4	0
206	1176	1	0
235	1176	5	0
405	1176	3	0
409	1176	4	0
448	1176	2	0
466	1176	5	0
486	1176	3	0
557	1176	5	0
646	1176	4	0
648	1176	1	0
655	1176	4	0
681	1176	4	0
696	1176	4	0
707	1176	2	0
713	1176	3	0
720	1176	5	0
724	1176	1	0
752	1176	2	0
871	1176	3	0
87	1186	3	0
234	1186	4	0
655	1186	3	0
87	1187	2	0
181	1187	1	0
201	1187	3	0
303	1187	4	0
387	1187	4	0
422	1187	4	0
445	1187	3	0
592	1187	4	0
617	1187	3	0
699	1187	4	0
773	1187	3	0
793	1187	2	0
833	1187	5	0
87	1190	4	0
159	1190	5	0
238	1190	3	0
454	1190	3	0
459	1190	4	0
606	1190	3	0
672	1190	2	0
711	1190	3	0
782	1190	2	0
936	1190	3	0
939	1190	5	0
90	1195	5	0
184	1195	3	0
279	1195	1	0
405	1195	1	0
449	1195	5	0
500	1195	4	0
523	1195	5	0
639	1195	2	0
655	1195	3	0
889	1195	3	0
918	1195	4	0
90	1196	4	0
655	1196	3	0
828	1196	2	0
90	1198	5	0
181	1198	1	0
234	1198	3	0
334	1198	3	0
387	1198	3	0
456	1198	4	0
655	1198	3	0
90	1200	4	0
167	1200	4	0
234	1200	3	0
405	1200	1	0
474	1200	4	0
553	1200	3	0
918	1200	4	0
90	1205	3	0
234	1205	1	0
279	1205	3	0
694	1205	3	0
747	1205	3	0
932	1205	5	0
92	1216	4	0
116	1216	3	0
145	1216	2	0
463	1216	3	0
622	1216	4	0
782	1216	2	0
94	1226	4	0
104	1226	3	0
116	1226	2	0
144	1226	4	0
207	1226	2	0
222	1226	4	0
293	1226	3	0
299	1226	2	0
303	1226	4	0
334	1226	4	0
345	1226	3	0
392	1226	4	0
416	1226	3	0
450	1226	4	0
458	1226	2	0
464	1226	4	0
467	1226	4	0
486	1226	4	0
500	1226	4	0
530	1226	4	0
532	1226	4	0
540	1226	4	0
592	1226	4	0
605	1226	4	0
637	1226	2	0
655	1226	3	0
733	1226	3	0
782	1226	2	0
854	1226	4	0
883	1226	3	0
894	1226	4	0
936	1226	3	0
100	1236	3	0
100	1238	2	0
404	1238	3	0
423	1238	3	0
489	1238	4	0
512	1238	4	0
519	1238	5	0
655	1238	2	0
845	1238	2	0
109	1245	2	0
130	1245	3	0
145	1245	5	0
181	1245	1	0
198	1245	4	0
201	1245	4	0
239	1245	5	0
276	1245	3	0
294	1245	3	0
445	1245	1	0
495	1245	5	0
537	1245	3	0
655	1245	3	0
663	1245	4	0
677	1245	4	0
697	1245	1	0
839	1245	4	0
851	1245	4	0
893	1245	2	0
110	1248	3	0
130	1248	3	0
145	1248	3	0
291	1248	4	0
293	1248	2	0
328	1248	3	0
339	1248	3	0
374	1248	3	0
405	1248	1	0
436	1248	3	0
450	1248	4	0
456	1248	3	0
472	1248	4	0
655	1248	3	0
693	1248	3	0
788	1248	3	0
846	1248	4	0
864	1248	3	0
896	1248	2	0
113	1252	4	0
181	1252	1	0
308	1252	3	0
385	1252	5	0
445	1252	1	0
567	1252	3	0
655	1252	3	0
773	1252	4	0
782	1252	3	0
119	1261	4	0
405	1261	1	0
450	1261	4	0
458	1261	4	0
119	1264	3	0
151	1264	4	0
293	1264	3	0
416	1264	4	0
578	1264	3	0
592	1264	4	0
595	1264	2	0
119	1265	3	0
173	1265	3	0
181	1265	1	0
192	1265	3	0
286	1265	5	0
405	1265	2	0
423	1265	4	0
427	1265	5	0
440	1265	5	0
451	1265	4	0
455	1265	3	0
489	1265	2	0
560	1265	3	0
587	1265	4	0
592	1265	1	0
655	1265	3	0
721	1265	3	0
752	1265	3	0
918	1265	1	0
121	1266	4	0
161	1266	2	0
271	1266	2	0
279	1266	1	0
358	1266	4	0
405	1266	1	0
585	1266	3	0
655	1266	3	0
666	1266	5	0
840	1266	5	0
918	1266	4	0
932	1266	4	0
122	1268	2	0
201	1268	4	0
382	1268	5	0
405	1268	1	0
435	1268	5	0
524	1268	3	0
655	1268	3	0
763	1268	5	0
828	1268	2	0
916	1268	3	0
130	1277	4	0
181	1277	2	0
186	1277	4	0
291	1277	4	0
328	1277	3	0
357	1277	5	0
374	1277	3	0
445	1277	2	0
504	1277	4	0
552	1277	3	0
599	1277	4	0
606	1277	3	0
761	1277	1	0
788	1277	3	0
851	1277	2	0
880	1277	4	0
919	1277	4	0
923	1277	5	0
939	1277	5	0
131	1281	4	0
181	1281	1	0
204	1281	2	0
243	1281	5	0
345	1281	4	0
491	1281	3	0
592	1281	3	0
608	1281	4	0
655	1281	3	0
707	1281	4	0
854	1281	2	0
859	1281	3	0
894	1281	3	0
141	1282	3	0
174	1282	5	0
181	1282	1	0
271	1282	2	0
450	1282	3	0
533	1282	3	0
717	1282	4	0
790	1282	5	0
798	1282	3	0
144	1285	3	0
234	1285	3	0
290	1285	3	0
393	1285	3	0
429	1285	3	0
505	1285	3	0
642	1285	4	0
654	1285	4	0
711	1285	3	0
796	1285	4	0
798	1285	3	0
804	1285	2	0
868	1285	2	0
892	1285	4	0
934	1285	3	0
145	1288	4	0
181	1288	1	0
279	1288	4	0
286	1288	4	0
417	1288	1	0
655	1288	3	0
883	1288	4	0
146	1294	4	0
356	1294	4	0
448	1294	1	0
561	1294	1	0
752	1294	3	0
841	1294	5	0
863	1294	4	0
149	1296	3	0
181	1296	1	0
204	1296	5	0
297	1296	4	0
309	1296	2	0
331	1296	5	0
390	1296	2	0
408	1296	4	0
427	1296	5	0
429	1296	2	0
451	1296	3	0
601	1296	1	0
628	1296	5	0
655	1296	3	0
704	1296	4	0
721	1296	3	0
782	1296	3	0
863	1296	3	0
880	1296	3	0
898	1296	4	0
151	1299	4	0
312	1299	4	0
454	1299	2	0
670	1299	4	0
698	1299	2	0
704	1299	3	0
796	1299	2	0
815	1299	3	0
167	1306	5	0
405	1306	1	0
167	1310	3	0
174	1312	4	0
181	1312	1	0
279	1312	3	0
334	1312	4	0
532	1312	4	0
595	1312	3	0
769	1312	2	0
174	1313	4	0
190	1313	2	0
206	1313	1	0
280	1313	5	0
328	1313	4	0
334	1313	4	0
418	1313	2	0
428	1313	4	0
466	1313	3	0
574	1313	4	0
616	1313	4	0
646	1313	3	0
863	1313	1	0
894	1313	3	0
178	1315	4	0
189	1315	3	0
195	1315	4	0
303	1315	3	0
332	1315	2	0
334	1315	4	0
342	1315	1	0
345	1315	3	0
447	1315	4	0
500	1315	4	0
525	1315	4	0
541	1315	1	0
552	1315	3	0
592	1315	2	0
599	1315	4	0
613	1315	4	0
665	1315	4	0
782	1315	3	0
859	1315	4	0
894	1315	3	0
919	1315	2	0
930	1315	3	0
936	1315	3	0
181	1326	1	0
199	1326	3	0
447	1326	4	0
500	1326	4	0
859	1326	4	0
907	1326	4	0
181	1328	1	0
236	1328	4	0
409	1328	2	0
439	1328	4	0
456	1328	4	0
699	1328	4	0
181	1331	1	0
207	1331	3	0
321	1331	4	0
590	1331	4	0
181	1344	1	0
585	1344	3	0
637	1344	4	0
655	1344	3	0
936	1344	5	0
181	1358	1	0
288	1358	5	0
181	1372	1	0
189	1372	4	0
449	1372	4	0
181	1377	1	0
463	1377	4	0
592	1377	3	0
936	1377	5	0
181	1381	2	0
224	1381	3	0
382	1381	3	0
662	1381	5	0
707	1381	3	0
839	1381	3	0
894	1381	3	0
903	1381	4	0
181	1388	1	0
480	1388	4	0
655	1388	3	0
736	1388	5	0
782	1388	3	0
871	1388	4	0
181	1389	1	0
782	1389	3	0
901	1389	5	0
184	1397	3	0
234	1397	4	0
269	1397	4	0
707	1397	1	0
932	1397	4	0
189	1400	3	0
234	1400	3	0
378	1400	3	0
381	1400	3	0
405	1400	1	0
416	1400	4	0
537	1400	2	0
655	1400	3	0
847	1400	5	0
924	1400	4	0
189	1401	4	0
201	1401	2	0
214	1401	4	0
224	1401	1	0
236	1401	3	0
267	1401	4	0
280	1401	5	0
295	1401	5	0
328	1401	2	0
381	1401	4	0
399	1401	3	0
435	1401	4	0
450	1401	4	0
496	1401	3	0
559	1401	3	0
707	1401	3	0
916	1401	3	0
940	1401	1	0
189	1404	5	0
253	1404	3	0
308	1404	4	0
334	1404	4	0
339	1404	5	0
380	1404	2	0
405	1404	1	0
437	1404	2	0
449	1404	5	0
498	1404	3	0
537	1404	2	0
883	1404	3	0
894	1404	3	0
192	1405	5	0
405	1405	1	0
486	1405	5	0
548	1405	3	0
560	1405	4	0
782	1405	2	0
201	1421	3	0
293	1421	2	0
308	1421	4	0
405	1421	1	0
450	1421	4	0
456	1421	3	0
474	1421	4	0
504	1421	4	0
524	1421	5	0
655	1421	3	0
886	1421	2	0
201	1426	2	0
250	1426	5	0
303	1426	2	0
334	1426	4	0
416	1426	5	0
498	1426	3	0
532	1426	3	0
655	1426	2	0
222	1439	3	0
328	1439	3	0
378	1439	3	0
381	1439	3	0
405	1439	1	0
504	1439	4	0
551	1439	5	0
846	1439	2	0
222	1440	3	0
393	1440	3	0
487	1440	4	0
682	1440	2	0
749	1440	3	0
234	1446	3	0
295	1446	4	0
336	1446	1	0
393	1446	5	0
417	1446	3	0
450	1446	4	0
487	1446	3	0
579	1446	2	0
711	1446	2	0
727	1446	3	0
751	1446	2	0
790	1446	4	0
798	1446	4	0
864	1446	3	0
880	1446	4	0
234	1447	3	0
234	1454	3	0
454	1454	2	0
524	1454	3	0
704	1454	3	0
892	1454	3	0
932	1454	4	0
234	1457	3	0
234	1460	3	0
234	1463	5	0
752	1463	4	0
845	1463	1	0
253	1468	3	0
393	1468	4	0
405	1468	1	0
436	1468	5	0
618	1468	3	0
880	1468	4	0
254	1469	3	0
314	1469	4	0
393	1469	3	0
405	1469	1	0
416	1469	3	0
472	1469	4	0
495	1469	5	0
500	1469	1	0
588	1469	3	0
642	1469	4	0
712	1469	4	0
798	1469	3	0
276	1481	2	0
279	1481	4	0
279	1488	4	0
405	1488	1	0
585	1488	4	0
804	1488	3	0
279	1490	4	0
450	1490	3	0
655	1490	2	0
279	1491	5	0
671	1491	1	0
279	1497	2	0
747	1497	4	0
279	1499	4	0
385	1499	5	0
405	1499	1	0
655	1499	3	0
279	1501	1	0
585	1501	4	0
655	1501	3	0
758	1501	3	0
894	1501	4	0
286	1503	3	0
295	1503	2	0
314	1503	3	0
405	1503	1	0
416	1503	4	0
620	1503	4	0
642	1503	2	0
712	1503	4	0
731	1503	5	0
798	1503	3	0
299	1507	3	0
303	1510	3	0
303	1511	3	0
354	1511	4	0
662	1511	4	0
782	1511	2	0
796	1511	3	0
306	1514	4	0
486	1514	4	0
592	1514	5	0
655	1514	2	0
782	1514	2	0
806	1514	3	0
919	1514	2	0
314	1518	4	0
328	1518	3	0
389	1518	2	0
405	1518	2	0
450	1518	4	0
474	1518	3	0
551	1518	4	0
606	1518	4	0
711	1518	3	0
788	1518	3	0
846	1518	2	0
880	1518	2	0
314	1519	4	0
405	1519	2	0
314	1520	3	0
318	1521	3	0
416	1521	3	0
450	1521	3	0
478	1521	3	0
325	1523	4	0
378	1523	2	0
378	1531	4	0
393	1531	4	0
405	1531	1	0
577	1531	4	0
642	1531	3	0
864	1531	3	0
897	1531	4	0
385	1535	4	0
405	1535	1	0
585	1535	4	0
655	1535	3	0
387	1538	3	0
655	1538	3	0
782	1538	3	0
399	1542	2	0
495	1542	4	0
399	1543	3	0
405	1547	2	0
456	1547	4	0
405	1550	3	0
417	1550	3	0
405	1554	4	0
655	1554	2	0
405	1589	1	0
486	1589	3	0
782	1589	3	0
889	1589	5	0
405	1591	1	0
440	1591	5	0
445	1591	4	0
519	1591	5	0
724	1591	1	0
883	1591	3	0
425	1597	3	0
671	1597	1	0
828	1597	3	0
833	1597	5	0
916	1597	3	0
448	1602	4	0
655	1602	3	0
860	1602	3	0
450	1603	3	0
463	1605	2	0
655	1605	3	0
782	1605	2	0
901	1605	5	0
466	1607	5	0
655	1607	3	0
863	1607	2	0
486	1611	3	0
782	1611	3	0
496	1614	3	0
497	1615	3	0
601	1615	4	0
660	1615	2	0
699	1615	3	0
727	1615	1	0
749	1615	4	0
782	1615	3	0
804	1615	4	0
807	1615	4	0
852	1615	2	0
519	1617	5	0
724	1617	1	0
543	1619	3	0
550	1620	4	0
552	1620	3	0
592	1620	1	0
644	1620	4	0
653	1620	2	0
674	1620	4	0
782	1620	3	0
880	1620	3	0
901	1620	5	0
650	1627	3	0
655	1630	3	0
655	1632	3	0
655	1633	3	0
655	1635	3	0
655	1637	3	0
655	1638	3	0
655	1640	3	0
655	1641	3	0
655	1647	3	0
655	1649	3	0
727	1657	3	0
733	1658	3	0
782	1658	2	0
894	1658	4	0
782	1664	4	0
839	1664	1	0
870	1664	4	0
880	1664	4	0
782	1667	3	0
782	1668	3	0
782	1670	3	0
835	1673	3	0
851	1675	3	0
854	1677	3	0
863	1679	3	0
896	1681	3	0
916	1682	3	0
