1	35	1	0
38	35	5	0
83	35	1	0
222	35	1	0
254	35	2	0
405	35	2	0
450	35	2	0
620	35	3	0
642	35	2	0
778	35	1	0
901	35	4	0
1	36	2	0
184	36	3	0
201	36	1	0
256	36	3	0
293	36	1	0
314	36	2	0
393	36	3	0
405	36	2	0
416	36	2	0
477	36	4	0
655	36	2	0
796	36	1	0
846	36	2	0
1	103	1	0
21	103	1	0
42	103	3	0
82	103	2	0
159	103	1	0
181	103	1	0
200	103	2	0
254	103	2	0
280	103	3	0
416	103	3	0
463	103	1	0
533	103	3	0
606	103	3	0
648	103	1	0
881	103	1	0
1	120	1	0
11	120	2	0
43	120	4	0
44	120	4	0
58	120	2	0
87	120	2	0
92	120	2	0
99	120	2	0
125	120	1	0
141	120	4	0
145	120	2	0
152	120	2	0
157	120	1	0
158	120	1	0
181	120	1	0
189	120	1	0
222	120	2	0
223	120	2	0
256	120	1	0
268	120	2	0
269	120	1	0
276	120	2	0
279	120	1	0
290	120	4	0
294	120	2	0
301	120	2	0
303	120	2	0
314	120	3	0
332	120	4	0
346	120	3	0
349	120	3	0
363	120	1	0
374	120	3	0
381	120	1	0
417	120	2	0
449	120	1	0
453	120	1	0
457	120	2	0
459	120	2	0
472	120	5	0
495	120	5	0
500	120	3	0
518	120	3	0
532	120	2	0
533	120	1	0
555	120	4	0
599	120	3	0
622	120	1	0
630	120	4	0
642	120	3	0
660	120	1	0
690	120	1	0
711	120	2	0
760	120	1	0
769	120	1	0
788	120	2	0
795	120	3	0
804	120	3	0
825	120	3	0
847	120	1	0
862	120	3	0
880	120	2	0
881	120	2	0
897	120	3	0
903	120	2	0
907	120	4	0
935	120	3	0
1	122	3	0
26	122	1	0
32	122	2	0
38	122	1	0
43	122	2	0
49	122	2	0
56	122	2	0
67	122	3	0
83	122	1	0
92	122	3	0
101	122	1	0
104	122	3	0
109	122	2	0
117	122	2	0
121	122	2	0
125	122	1	0
130	122	3	0
145	122	1	0
162	122	2	0
174	122	1	0
181	122	2	0
193	122	1	0
198	122	1	0
216	122	5	0
244	122	4	0
262	122	2	0
268	122	2	0
269	122	1	0
276	122	3	0
279	122	1	0
291	122	3	0
293	122	3	0
294	122	3	0
301	122	2	0
303	122	4	0
308	122	4	0
314	122	1	0
320	122	3	0
332	122	5	0
336	122	5	0
342	122	4	0
344	122	1	0
374	122	2	0
382	122	3	0
385	122	3	0
393	122	1	0
406	122	3	0
416	122	3	0
417	122	2	0
435	122	3	0
449	122	1	0
453	122	3	0
457	122	2	0
472	122	3	0
478	122	2	0
479	122	1	0
484	122	2	0
497	122	1	0
500	122	3	0
501	122	4	0
504	122	1	0
533	122	1	0
542	122	3	0
560	122	3	0
566	122	2	0
592	122	4	0
593	122	1	0
614	122	3	0
621	122	2	0
624	122	3	0
634	122	3	0
642	122	2	0
648	122	1	0
655	122	2	0
660	122	1	0
666	122	2	0
682	122	3	0
697	122	4	0
715	122	4	0
716	122	2	0
722	122	3	0
727	122	2	0
756	122	1	0
757	122	1	0
758	122	4	0
774	122	1	0
790	122	2	0
793	122	3	0
805	122	5	0
806	122	3	0
825	122	1	0
833	122	2	0
851	122	2	0
852	122	1	0
854	122	3	0
865	122	3	0
868	122	3	0
869	122	3	0
880	122	3	0
882	122	2	0
887	122	5	0
893	122	2	0
921	122	2	0
922	122	2	0
938	122	1	0
943	122	1	0
1	243	1	0
5	243	1	0
8	243	2	0
13	243	3	0
15	243	1	0
17	243	1	0
20	243	4	0
21	243	2	0
35	243	2	0
38	243	3	0
40	243	2	0
48	243	3	0
57	243	3	0
59	243	1	0
61	243	2	0
83	243	3	0
92	243	1	0
125	243	2	0
126	243	5	0
127	243	5	0
130	243	2	0
133	243	3	0
137	243	4	0
142	243	1	0
159	243	4	0
166	243	3	0
169	243	3	0
177	243	1	0
181	243	1	0
186	243	2	0
199	243	1	0
200	243	3	0
205	243	2	0
210	243	2	0
223	243	3	0
224	243	2	0
234	243	1	0
253	243	2	0
254	243	2	0
256	243	4	0
258	243	3	0
261	243	5	0
274	243	2	0
290	243	3	0
297	243	1	0
300	243	4	0
304	243	3	0
323	243	1	0
348	243	3	0
369	243	3	0
387	243	1	0
393	243	4	0
397	243	1	0
401	243	3	0
404	243	3	0
415	243	1	0
424	243	4	0
428	243	4	0
440	243	1	0
451	243	4	0
452	243	5	0
457	243	2	0
463	243	1	0
482	243	2	0
488	243	3	0
489	243	4	0
502	243	3	0
505	243	2	0
510	243	3	0
514	243	2	0
515	243	3	0
519	243	1	0
526	243	1	0
533	243	3	0
534	243	3	0
537	243	1	0
550	243	2	0
552	243	3	0
556	243	1	0
561	243	1	0
570	243	1	0
587	243	3	0
589	243	3	0
592	243	1	0
598	243	2	0
602	243	3	0
609	243	1	0
612	243	2	0
620	243	3	0
626	243	1	0
630	243	2	0
644	243	4	0
645	243	1	0
650	243	2	0
660	243	2	0
663	243	3	0
677	243	3	0
682	243	1	0
691	243	1	0
699	243	2	0
712	243	4	0
721	243	3	0
728	243	2	0
732	243	5	0
754	243	1	0
761	243	3	0
771	243	3	0
779	243	4	0
782	243	3	0
796	243	3	0
797	243	2	0
798	243	4	0
803	243	1	0
804	243	3	0
810	243	4	0
811	243	3	0
813	243	3	0
816	243	4	0
824	243	1	0
825	243	4	0
832	243	2	0
847	243	1	0
880	243	2	0
881	243	2	0
882	243	4	0
887	243	1	0
897	243	4	0
898	243	1	0
901	243	2	0
919	243	3	0
936	243	2	0
938	243	4	0
1	247	1	0
38	247	5	0
222	247	1	0
374	247	1	0
782	247	1	0
1	263	1	0
13	263	5	0
21	263	1	0
181	263	1	0
186	263	3	0
211	263	3	0
427	263	5	0
451	263	2	0
489	263	2	0
502	263	1	0
519	263	5	0
592	263	1	0
621	263	1	0
682	263	1	0
697	263	1	0
721	263	3	0
761	263	1	0
802	263	1	0
813	263	3	0
2	286	4	0
6	286	2	0
7	286	4	0
9	286	5	0
10	286	4	0
11	286	5	0
13	286	3	0
15	286	2	0
16	286	2	0
17	286	3	0
18	286	5	0
21	286	3	0
24	286	5	0
26	286	3	0
27	286	3	0
28	286	3	0
29	286	5	0
30	286	5	0
34	286	5	0
40	286	2	0
41	286	4	0
43	286	4	0
46	286	5	0
47	286	3	0
48	286	3	0
50	286	2	0
59	286	3	0
60	286	5	0
62	286	3	0
63	286	4	0
66	286	1	0
68	286	5	0
71	286	4	0
73	286	4	0
76	286	5	0
79	286	5	0
82	286	4	0
84	286	5	0
85	286	4	0
86	286	3	0
88	286	5	0
90	286	5	0
94	286	4	0
95	286	5	0
100	286	3	0
102	286	3	0
104	286	1	0
105	286	4	0
106	286	4	0
107	286	2	0
111	286	4	0
112	286	4	0
113	286	4	0
116	286	3	0
119	286	5	0
120	286	5	0
123	286	5	0
126	286	3	0
127	286	1	0
129	286	5	0
130	286	5	0
131	286	5	0
132	286	3	0
133	286	2	0
134	286	3	0
136	286	5	0
139	286	4	0
140	286	5	0
141	286	4	0
143	286	2	0
144	286	4	0
145	286	3	0
146	286	3	0
147	286	5	0
149	286	5	0
151	286	5	0
152	286	5	0
154	286	4	0
155	286	4	0
157	286	5	0
158	286	4	0
159	286	1	0
161	286	2	0
163	286	3	0
166	286	1	0
171	286	3	0
173	286	5	0
174	286	5	0
176	286	2	0
178	286	3	0
181	286	1	0
184	286	4	0
185	286	4	0
191	286	4	0
193	286	4	0
194	286	1	0
196	286	5	0
197	286	1	0
199	286	5	0
200	286	4	0
201	286	2	0
202	286	1	0
204	286	3	0
205	286	2	0
207	286	2	0
209	286	2	0
211	286	4	0
212	286	4	0
213	286	3	0
216	286	4	0
220	286	5	0
221	286	4	0
223	286	1	0
224	286	3	0
225	286	4	0
226	286	4	0
227	286	3	0
228	286	5	0
229	286	4	0
232	286	3	0
233	286	3	0
234	286	3	0
236	286	5	0
237	286	3	0
238	286	5	0
239	286	1	0
240	286	5	0
241	286	5	0
243	286	4	0
252	286	5	0
254	286	1	0
257	286	5	0
258	286	5	0
259	286	4	0
264	286	2	0
266	286	4	0
268	286	5	0
270	286	5	0
271	286	4	0
273	286	3	0
277	286	5	0
278	286	5	0
280	286	4	0
284	286	4	0
285	286	3	0
288	286	4	0
293	286	3	0
294	286	5	0
296	286	5	0
297	286	5	0
298	286	4	0
299	286	4	0
303	286	5	0
304	286	1	0
305	286	4	0
306	286	4	0
307	286	3	0
309	286	4	0
315	286	5	0
316	286	5	0
318	286	3	0
321	286	4	0
323	286	3	0
324	286	5	0
325	286	4	0
327	286	2	0
328	286	5	0
329	286	4	0
330	286	5	0
331	286	4	0
334	286	4	0
338	286	4	0
339	286	5	0
342	286	4	0
343	286	4	0
344	286	3	0
345	286	3	0
347	286	3	0
350	286	5	0
351	286	5	0
353	286	5	0
354	286	4	0
355	286	5	0
356	286	3	0
359	286	5	0
360	286	5	0
361	286	5	0
364	286	5	0
372	286	5	0
373	286	3	0
378	286	5	0
379	286	4	0
380	286	5	0
382	286	2	0
383	286	5	0
384	286	4	0
385	286	3	0
387	286	2	0
389	286	2	0
390	286	4	0
391	286	4	0
392	286	2	0
395	286	4	0
397	286	4	0
400	286	4	0
401	286	2	0
402	286	5	0
404	286	1	0
406	286	3	0
407	286	4	0
408	286	3	0
409	286	5	0
410	286	4	0
413	286	5	0
416	286	5	0
417	286	5	0
419	286	4	0
420	286	4	0
422	286	5	0
423	286	4	0
424	286	4	0
425	286	1	0
427	286	4	0
428	286	3	0
430	286	4	0
431	286	4	0
433	286	5	0
437	286	2	0
438	286	2	0
442	286	2	0
443	286	5	0
444	286	2	0
446	286	3	0
447	286	2	0
448	286	2	0
449	286	4	0
450	286	4	0
451	286	1	0
452	286	4	0
454	286	3	0
455	286	5	0
456	286	3	0
458	286	4	0
459	286	4	0
460	286	4	0
463	286	4	0
464	286	3	0
465	286	4	0
468	286	4	0
469	286	5	0
470	286	4	0
474	286	5	0
475	286	2	0
479	286	1	0
482	286	3	0
483	286	3	0
485	286	2	0
486	286	2	0
487	286	2	0
488	286	1	0
489	286	4	0
490	286	2	0
491	286	4	0
492	286	4	0
494	286	4	0
500	286	1	0
503	286	3	0
510	286	3	0
512	286	5	0
515	286	2	0
516	286	5	0
520	286	5	0
524	286	5	0
527	286	2	0
529	286	4	0
531	286	5	0
533	286	4	0
534	286	3	0
535	286	2	0
537	286	3	0
539	286	4	0
540	286	4	0
544	286	4	0
546	286	2	0
548	286	1	0
551	286	4	0
552	286	4	0
554	286	4	0
556	286	4	0
558	286	4	0
561	286	4	0
562	286	4	0
568	286	3	0
569	286	5	0
570	286	4	0
572	286	4	0
573	286	3	0
574	286	3	0
579	286	4	0
580	286	4	0
583	286	4	0
585	286	4	0
587	286	4	0
588	286	4	0
589	286	3	0
590	286	5	0
591	286	4	0
592	286	5	0
593	286	5	0
594	286	3	0
596	286	4	0
597	286	3	0
598	286	5	0
605	286	4	0
608	286	4	0
611	286	5	0
614	286	2	0
615	286	4	0
616	286	5	0
623	286	2	0
624	286	5	0
625	286	4	0
626	286	5	0
629	286	4	0
631	286	3	0
634	286	5	0
637	286	5	0
639	286	4	0
645	286	4	0
646	286	3	0
648	286	1	0
650	286	3	0
651	286	4	0
652	286	3	0
653	286	4	0
655	286	3	0
656	286	1	0
657	286	4	0
662	286	3	0
663	286	3	0
664	286	4	0
665	286	4	0
666	286	5	0
668	286	4	0
673	286	4	0
675	286	4	0
676	286	4	0
677	286	1	0
679	286	5	0
680	286	4	0
681	286	5	0
683	286	2	0
685	286	1	0
687	286	3	0
695	286	3	0
696	286	5	0
697	286	4	0
699	286	3	0
701	286	4	0
704	286	5	0
705	286	3	0
707	286	5	0
710	286	4	0
711	286	4	0
713	286	3	0
717	286	3	0
720	286	5	0
721	286	5	0
722	286	4	0
723	286	3	0
724	286	1	0
725	286	5	0
728	286	3	0
732	286	5	0
733	286	4	0
735	286	5	0
736	286	4	0
739	286	2	0
740	286	5	0
743	286	3	0
745	286	1	0
747	286	4	0
748	286	3	0
750	286	4	0
752	286	1	0
753	286	3	0
754	286	3	0
755	286	5	0
758	286	5	0
762	286	4	0
763	286	4	0
764	286	4	0
765	286	5	0
771	286	2	0
773	286	3	0
775	286	4	0
777	286	2	0
780	286	4	0
781	286	1	0
782	286	2	0
783	286	3	0
784	286	3	0
786	286	4	0
787	286	3	0
788	286	5	0
789	286	1	0
791	286	3	0
794	286	3	0
796	286	2	0
797	286	2	0
799	286	5	0
802	286	2	0
803	286	5	0
806	286	3	0
808	286	4	0
809	286	4	0
810	286	4	0
811	286	5	0
812	286	2	0
818	286	4	0
819	286	5	0
820	286	4	0
823	286	5	0
824	286	2	0
825	286	4	0
827	286	3	0
828	286	4	0
829	286	4	0
832	286	3	0
834	286	4	0
835	286	3	0
836	286	3	0
837	286	4	0
838	286	4	0
839	286	4	0
841	286	5	0
845	286	5	0
851	286	4	0
853	286	3	0
854	286	1	0
856	286	4	0
858	286	4	0
860	286	4	0
861	286	4	0
863	286	5	0
864	286	5	0
867	286	5	0
870	286	4	0
871	286	3	0
873	286	2	0
874	286	4	0
875	286	3	0
876	286	5	0
877	286	2	0
878	286	4	0
881	286	2	0
883	286	3	0
888	286	5	0
890	286	5	0
891	286	5	0
893	286	4	0
894	286	5	0
898	286	2	0
906	286	5	0
907	286	5	0
909	286	4	0
910	286	3	0
915	286	4	0
916	286	4	0
919	286	4	0
920	286	2	0
924	286	3	0
926	286	4	0
930	286	3	0
931	286	5	0
934	286	4	0
935	286	5	0
936	286	5	0
937	286	4	0
938	286	3	0
940	286	3	0
2	289	3	0
10	289	4	0
13	289	2	0
15	289	3	0
21	289	3	0
24	289	3	0
30	289	2	0
34	289	1	0
36	289	2	0
41	289	2	0
43	289	4	0
47	289	4	0
48	289	1	0
49	289	4	0
63	289	2	0
69	289	4	0
70	289	3	0
71	289	2	0
73	289	2	0
75	289	1	0
78	289	4	0
81	289	3	0
82	289	1	0
84	289	5	0
85	289	3	0
86	289	3	0
90	289	3	0
91	289	4	0
92	289	3	0
95	289	2	0
100	289	3	0
104	289	4	0
112	289	5	0
113	289	2	0
116	289	4	0
123	289	1	0
125	289	5	0
126	289	3	0
130	289	5	0
137	289	3	0
140	289	4	0
154	289	2	0
157	289	4	0
159	289	2	0
173	289	4	0
176	289	3	0
177	289	2	0
181	289	4	0
192	289	4	0
194	289	1	0
197	289	4	0
201	289	2	0
205	289	4	0
220	289	4	0
223	289	1	0
231	289	4	0
232	289	4	0
234	289	4	0
236	289	4	0
240	289	4	0
246	289	2	0
257	289	4	0
258	289	2	0
266	289	3	0
271	289	4	0
276	289	2	0
281	289	3	0
284	289	3	0
286	289	5	0
288	289	3	0
296	289	3	0
299	289	3	0
302	289	3	0
303	289	2	0
305	289	4	0
306	289	3	0
316	289	2	0
318	289	3	0
323	289	2	0
324	289	5	0
328	289	4	0
334	289	3	0
342	289	2	0
345	289	3	0
351	289	5	0
364	289	3	0
365	289	3	0
374	289	1	0
376	289	3	0
378	289	5	0
384	289	5	0
387	289	1	0
390	289	3	0
392	289	5	0
397	289	3	0
399	289	4	0
404	289	1	0
406	289	3	0
407	289	3	0
409	289	1	0
410	289	1	0
413	289	4	0
416	289	3	0
424	289	5	0
425	289	1	0
426	289	2	0
427	289	5	0
428	289	4	0
445	289	1	0
446	289	3	0
451	289	1	0
454	289	3	0
455	289	3	0
456	289	4	0
458	289	2	0
459	289	4	0
460	289	4	0
462	289	5	0
464	289	4	0
474	289	3	0
477	289	5	0
482	289	3	0
485	289	3	0
486	289	3	0
487	289	2	0
488	289	1	0
489	289	2	0
490	289	1	0
494	289	1	0
500	289	4	0
509	289	2	0
510	289	2	0
515	289	1	0
518	289	4	0
520	289	4	0
523	289	4	0
524	289	4	0
525	289	3	0
531	289	3	0
533	289	2	0
537	289	1	0
538	289	1	0
539	289	4	0
547	289	3	0
554	289	4	0
557	289	4	0
564	289	4	0
566	289	1	0
570	289	1	0
572	289	3	0
574	289	4	0
579	289	2	0
580	289	5	0
587	289	3	0
588	289	2	0
589	289	3	0
592	289	4	0
595	289	4	0
596	289	3	0
597	289	5	0
614	289	2	0
615	289	2	0
616	289	4	0
626	289	1	0
627	289	2	0
631	289	4	0
633	289	3	0
637	289	2	0
644	289	1	0
655	289	3	0
663	289	1	0
668	289	2	0
674	289	2	0
677	289	1	0
681	289	5	0
683	289	4	0
685	289	2	0
693	289	3	0
695	289	2	0
701	289	4	0
702	289	2	0
704	289	3	0
708	289	4	0
714	289	3	0
717	289	4	0
718	289	3	0
719	289	2	0
721	289	3	0
723	289	2	0
724	289	1	0
728	289	3	0
732	289	3	0
735	289	1	0
740	289	4	0
743	289	3	0
752	289	1	0
755	289	1	0
756	289	4	0
758	289	2	0
761	289	2	0
764	289	5	0
770	289	5	0
771	289	4	0
781	289	3	0
782	289	3	0
786	289	4	0
788	289	4	0
791	289	4	0
798	289	3	0
799	289	3	0
800	289	4	0
803	289	3	0
807	289	4	0
809	289	1	0
810	289	5	0
811	289	2	0
812	289	1	0
813	289	4	0
817	289	2	0
820	289	2	0
824	289	2	0
825	289	1	0
827	289	3	0
833	289	1	0
836	289	1	0
837	289	5	0
838	289	5	0
846	289	4	0
847	289	5	0
852	289	2	0
854	289	2	0
856	289	1	0
858	289	3	0
860	289	3	0
861	289	5	0
863	289	4	0
867	289	5	0
870	289	2	0
871	289	3	0
873	289	2	0
874	289	4	0
875	289	4	0
876	289	3	0
881	289	1	0
883	289	5	0
887	289	5	0
894	289	2	0
902	289	3	0
904	289	5	0
909	289	3	0
910	289	3	0
913	289	5	0
917	289	4	0
918	289	2	0
919	289	3	0
926	289	3	0
936	289	5	0
938	289	1	0
940	289	3	0
3	352	2	0
39	352	5	0
145	352	4	0
193	352	1	0
365	352	1	0
410	352	3	0
428	352	4	0
507	352	1	0
519	352	5	0
532	352	3	0
537	352	1	0
609	352	1	0
610	352	1	0
646	352	1	0
676	352	1	0
682	352	1	0
702	352	1	0
708	352	1	0
724	352	1	0
758	352	4	0
782	352	1	0
787	352	2	0
805	352	5	0
851	352	1	0
863	352	1	0
871	352	3	0
5	368	1	0
56	368	3	0
92	368	1	0
94	368	2	0
117	368	3	0
145	368	3	0
174	368	1	0
181	368	1	0
184	368	1	0
193	368	1	0
216	368	2	0
222	368	1	0
246	368	1	0
256	368	1	0
279	368	1	0
303	368	1	0
320	368	3	0
336	368	1	0
348	368	3	0
406	368	2	0
457	368	1	0
472	368	3	0
532	368	3	0
595	368	1	0
642	368	4	0
648	368	2	0
790	368	2	0
859	368	3	0
880	368	1	0
887	368	5	0
897	368	1	0
5	375	3	0
183	375	2	0
201	375	3	0
222	375	1	0
233	375	4	0
276	375	1	0
279	375	1	0
291	375	1	0
303	375	2	0
343	375	2	0
346	375	1	0
405	375	1	0
416	375	1	0
472	375	5	0
622	375	2	0
642	375	1	0
655	375	2	0
760	375	4	0
763	375	2	0
766	375	2	0
880	375	1	0
881	375	1	0
922	375	2	0
5	377	1	0
13	377	1	0
22	377	1	0
222	377	1	0
314	377	3	0
393	377	3	0
405	377	1	0
468	377	2	0
642	377	3	0
648	377	3	0
705	377	4	0
798	377	3	0
846	377	2	0
5	383	3	0
11	383	2	0
38	383	2	0
56	383	2	0
70	383	2	0
92	383	1	0
125	383	2	0
174	383	1	0
194	383	1	0
244	383	3	0
276	383	2	0
291	383	2	0
325	383	1	0
328	383	3	0
336	383	1	0
339	383	1	0
379	383	2	0
385	383	1	0
389	383	2	0
394	383	2	0
399	383	2	0
405	383	1	0
450	383	2	0
500	383	3	0
621	383	2	0
642	383	5	0
756	383	3	0
805	383	2	0
880	383	3	0
885	383	2	0
911	383	3	0
5	398	2	0
13	398	2	0
70	398	2	0
95	398	1	0
130	398	3	0
217	398	1	0
279	398	4	0
303	398	1	0
379	398	1	0
393	398	4	0
405	398	1	0
425	398	1	0
479	398	1	0
559	398	3	0
621	398	2	0
642	398	2	0
712	398	4	0
727	398	2	0
749	398	3	0
756	398	3	0
774	398	1	0
807	398	3	0
846	398	1	0
868	398	1	0
880	398	3	0
896	398	2	0
5	440	1	0
7	440	1	0
13	440	1	0
21	440	1	0
201	440	2	0
405	440	1	0
429	440	1	0
497	440	1	0
504	440	3	0
617	440	4	0
727	440	1	0
776	440	2	0
802	440	3	0
843	440	1	0
5	453	1	0
13	453	2	0
21	453	2	0
92	453	1	0
130	453	3	0
268	453	1	0
276	453	1	0
320	453	3	0
405	453	3	0
406	453	2	0
453	453	2	0
457	453	2	0
532	453	4	0
617	453	1	0
774	453	2	0
933	453	1	0
5	457	1	0
8	457	1	0
13	457	1	0
21	457	1	0
181	457	1	0
211	457	4	0
222	457	1	0
254	457	2	0
374	457	1	0
397	457	1	0
429	457	1	0
433	457	1	0
450	457	2	0
451	457	2	0
489	457	3	0
510	457	2	0
531	457	1	0
537	457	1	0
546	457	1	0
592	457	1	0
602	457	3	0
644	457	4	0
677	457	1	0
708	457	4	0
721	457	3	0
761	457	1	0
800	457	2	0
7	545	2	0
109	545	2	0
267	545	2	0
303	545	2	0
399	545	2	0
405	545	1	0
417	545	1	0
497	545	3	0
532	545	2	0
577	545	3	0
774	545	1	0
805	545	1	0
7	548	5	0
13	548	3	0
102	548	2	0
254	548	2	0
325	548	3	0
405	548	1	0
472	548	1	0
498	548	2	0
504	548	2	0
774	548	1	0
887	548	1	0
911	548	3	0
7	555	4	0
130	555	4	0
224	555	3	0
291	555	1	0
343	555	1	0
363	555	1	0
405	555	1	0
417	555	1	0
747	555	2	0
846	555	2	0
7	564	3	0
13	564	1	0
16	564	1	0
21	564	3	0
59	564	2	0
109	564	3	0
118	564	1	0
130	564	4	0
135	564	1	0
160	564	3	0
255	564	1	0
276	564	3	0
303	564	1	0
326	564	3	0
367	564	2	0
387	564	1	0
399	564	3	0
405	564	1	0
416	564	4	0
648	564	1	0
709	564	1	0
715	564	2	0
776	564	3	0
795	564	1	0
796	564	1	0
851	564	3	0
919	564	2	0
7	577	2	0
11	577	3	0
49	577	1	0
87	577	4	0
92	577	3	0
102	577	3	0
125	577	2	0
174	577	1	0
216	577	1	0
222	577	1	0
254	577	1	0
276	577	2	0
279	577	1	0
286	577	2	0
291	577	1	0
299	577	3	0
303	577	3	0
334	577	2	0
336	577	1	0
373	577	1	0
378	577	2	0
379	577	4	0
393	577	4	0
394	577	2	0
405	577	3	0
435	577	3	0
472	577	3	0
495	577	1	0
497	577	2	0
621	577	3	0
622	577	2	0
642	577	4	0
766	577	3	0
774	577	2	0
790	577	2	0
795	577	3	0
798	577	2	0
833	577	1	0
864	577	3	0
880	577	3	0
933	577	1	0
7	590	2	0
13	590	2	0
21	590	1	0
38	590	1	0
49	590	1	0
145	590	1	0
201	590	1	0
276	590	2	0
363	590	3	0
422	590	2	0
425	590	3	0
495	590	4	0
497	590	2	0
546	590	4	0
617	590	1	0
776	590	1	0
814	590	2	0
843	590	3	0
7	667	5	0
13	667	1	0
102	667	3	0
201	667	2	0
405	667	1	0
504	667	3	0
617	667	2	0
776	667	2	0
814	667	2	0
833	667	1	0
843	667	2	0
890	667	2	0
7	668	4	0
13	668	1	0
21	668	1	0
405	668	1	0
417	668	2	0
617	668	4	0
7	669	1	0
13	669	1	0
21	669	1	0
130	669	4	0
175	669	1	0
276	669	1	0
346	669	1	0
405	669	1	0
417	669	2	0
425	669	3	0
617	669	1	0
802	669	1	0
814	669	3	0
8	687	1	0
13	687	1	0
21	687	2	0
22	687	1	0
59	687	1	0
125	687	3	0
137	687	4	0
145	687	2	0
166	687	1	0
170	687	3	0
173	687	1	0
181	687	1	0
199	687	1	0
211	687	2	0
224	687	2	0
250	687	1	0
261	687	5	0
279	687	4	0
284	687	3	0
297	687	2	0
300	687	2	0
303	687	1	0
307	687	1	0
357	687	3	0
364	687	1	0
393	687	3	0
404	687	3	0
435	687	2	0
443	687	3	0
451	687	2	0
454	687	3	0
459	687	3	0
489	687	3	0
493	687	1	0
502	687	4	0
509	687	1	0
510	687	2	0
515	687	3	0
533	687	2	0
534	687	5	0
537	687	1	0
559	687	3	0
580	687	3	0
587	687	1	0
624	687	2	0
630	687	3	0
648	687	1	0
665	687	2	0
676	687	1	0
677	687	4	0
682	687	2	0
702	687	1	0
706	687	1	0
708	687	2	0
721	687	3	0
758	687	3	0
782	687	2	0
790	687	1	0
797	687	2	0
798	687	4	0
802	687	3	0
816	687	2	0
824	687	2	0
825	687	5	0
831	687	2	0
851	687	2	0
857	687	1	0
889	687	2	0
919	687	1	0
8	688	1	0
13	688	1	0
21	688	1	0
22	688	1	0
30	688	3	0
110	688	1	0
145	688	4	0
146	688	1	0
166	688	3	0
181	688	1	0
197	688	1	0
209	688	1	0
250	688	2	0
265	688	2	0
288	688	1	0
296	688	1	0
328	688	1	0
397	688	1	0
424	688	2	0
427	688	5	0
446	688	2	0
451	688	1	0
479	688	1	0
489	688	2	0
531	688	1	0
537	688	1	0
550	688	3	0
587	688	3	0
589	688	4	0
592	688	1	0
597	688	4	0
635	688	2	0
676	688	1	0
702	688	1	0
721	688	3	0
750	688	1	0
755	688	3	0
761	688	2	0
782	688	2	0
803	688	1	0
831	688	1	0
853	688	3	0
856	688	2	0
901	688	2	0
11	743	2	0
67	743	4	0
92	743	2	0
117	743	1	0
130	743	2	0
145	743	1	0
181	743	1	0
200	743	3	0
244	743	5	0
246	743	1	0
255	743	1	0
268	743	1	0
276	743	1	0
294	743	2	0
295	743	4	0
301	743	2	0
314	743	1	0
346	743	2	0
374	743	1	0
417	743	2	0
425	743	4	0
434	743	1	0
435	743	3	0
456	743	2	0
472	743	4	0
478	743	1	0
483	743	1	0
496	743	2	0
497	743	3	0
521	743	1	0
545	743	3	0
601	743	1	0
648	743	1	0
715	743	2	0
757	743	2	0
764	743	1	0
774	743	1	0
807	743	3	0
865	743	1	0
13	758	1	0
21	758	1	0
38	758	1	0
49	758	1	0
92	758	1	0
116	758	1	0
117	758	2	0
181	758	1	0
200	758	3	0
246	758	1	0
301	758	3	0
366	758	3	0
374	758	1	0
417	758	2	0
457	758	2	0
472	758	1	0
497	758	2	0
546	758	4	0
620	758	2	0
648	758	2	0
774	758	1	0
13	759	2	0
110	759	3	0
276	759	1	0
279	759	4	0
303	759	1	0
405	759	1	0
425	759	2	0
532	759	2	0
600	759	2	0
642	759	3	0
893	759	3	0
13	767	1	0
21	767	1	0
145	767	2	0
181	767	1	0
201	767	4	0
363	767	2	0
385	767	1	0
417	767	1	0
617	767	3	0
862	767	4	0
916	767	4	0
13	788	1	0
405	788	1	0
925	788	3	0
13	834	1	0
21	834	1	0
42	834	1	0
82	834	1	0
92	834	1	0
109	834	3	0
181	834	3	0
255	834	4	0
256	834	3	0
291	834	3	0
348	834	4	0
416	834	3	0
435	834	5	0
442	834	2	0
472	834	3	0
504	834	2	0
532	834	4	0
601	834	1	0
620	834	2	0
682	834	3	0
774	834	1	0
830	834	1	0
900	834	1	0
922	834	1	0
933	834	1	0
13	862	3	0
22	862	1	0
56	862	3	0
83	862	4	0
95	862	1	0
174	862	1	0
279	862	5	0
435	862	1	0
536	862	3	0
563	862	1	0
642	862	4	0
648	862	1	0
653	862	2	0
682	862	1	0
705	862	1	0
790	862	1	0
798	862	3	0
819	862	2	0
13	890	1	0
130	890	4	0
145	890	2	0
200	890	4	0
203	890	2	0
211	890	2	0
276	890	3	0
279	890	3	0
282	890	4	0
369	890	3	0
393	890	1	0
399	890	2	0
409	890	1	0
435	890	1	0
472	890	4	0
476	890	1	0
488	890	1	0
489	890	5	0
493	890	3	0
502	890	2	0
514	890	1	0
531	890	1	0
537	890	1	0
545	890	2	0
561	890	1	0
587	890	1	0
592	890	1	0
609	890	1	0
621	890	1	0
660	890	1	0
676	890	1	0
682	890	2	0
717	890	1	0
719	890	1	0
727	890	1	0
758	890	3	0
782	890	1	0
801	890	2	0
805	890	3	0
813	890	4	0
860	890	2	0
932	890	1	0
939	890	2	0
13	894	1	0
73	894	1	0
130	894	4	0
145	894	1	0
166	894	4	0
245	894	1	0
333	894	3	0
365	894	1	0
397	894	1	0
428	894	4	0
507	894	5	0
531	894	1	0
537	894	1	0
609	894	1	0
621	894	1	0
681	894	1	0
729	894	1	0
782	894	2	0
860	894	2	0
13	901	1	0
127	901	5	0
130	901	1	0
145	901	1	0
279	901	4	0
404	901	2	0
537	901	1	0
609	901	1	0
729	901	1	0
811	901	4	0
813	901	1	0
863	901	1	0
13	907	1	0
871	907	3	0
13	910	2	0
574	910	1	0
655	910	3	0
863	910	2	0
15	931	1	0
20	931	1	0
21	931	2	0
43	931	1	0
49	931	2	0
59	931	2	0
62	931	1	0
92	931	1	0
99	931	2	0
108	931	2	0
109	931	2	0
117	931	3	0
119	931	1	0
130	931	2	0
168	931	3	0
181	931	1	0
200	931	3	0
221	931	3	0
222	931	1	0
262	931	2	0
269	931	1	0
276	931	2	0
286	931	4	0
293	931	1	0
294	931	3	0
332	931	2	0
334	931	1	0
343	931	3	0
374	931	3	0
381	931	4	0
416	931	3	0
457	931	2	0
472	931	2	0
479	931	2	0
524	931	3	0
532	931	3	0
533	931	2	0
541	931	3	0
592	931	1	0
603	931	2	0
620	931	3	0
637	931	1	0
642	931	4	0
648	931	2	0
665	931	3	0
672	931	1	0
757	931	2	0
788	931	2	0
790	931	2	0
795	931	2	0
825	931	3	0
833	931	4	0
880	931	3	0
887	931	3	0
903	931	2	0
916	931	1	0
939	931	2	0
16	948	3	0
21	948	1	0
22	948	1	0
37	948	4	0
63	948	3	0
113	948	3	0
159	948	2	0
176	948	4	0
177	948	2	0
181	948	1	0
192	948	3	0
199	948	1	0
250	948	3	0
279	948	3	0
296	948	1	0
300	948	4	0
303	948	2	0
314	948	3	0
341	948	3	0
364	948	4	0
365	948	1	0
369	948	2	0
374	948	2	0
443	948	1	0
451	948	3	0
457	948	1	0
489	948	2	0
511	948	3	0
537	948	1	0
582	948	1	0
595	948	3	0
599	948	4	0
609	948	1	0
626	948	1	0
663	948	4	0
676	948	1	0
682	948	2	0
721	948	1	0
724	948	1	0
773	948	2	0
782	948	2	0
783	948	3	0
797	948	1	0
804	948	1	0
847	948	1	0
880	948	4	0
916	948	2	0
925	948	2	0
18	957	3	0
405	957	1	0
21	976	1	0
95	976	2	0
113	976	5	0
181	976	1	0
255	976	1	0
279	976	3	0
320	976	2	0
425	976	1	0
715	976	1	0
880	976	2	0
893	976	1	0
919	976	2	0
21	981	2	0
181	981	1	0
246	981	1	0
268	981	1	0
447	981	2	0
708	981	3	0
804	981	3	0
851	981	1	0
21	988	1	0
22	988	1	0
48	988	2	0
57	988	4	0
75	988	2	0
91	988	2	0
98	988	1	0
140	988	3	0
141	988	3	0
145	988	1	0
155	988	2	0
159	988	3	0
168	988	2	0
170	988	3	0
174	988	1	0
181	988	2	0
186	988	4	0
199	988	1	0
250	988	4	0
256	988	4	0
261	988	3	0
286	988	3	0
302	988	2	0
316	988	1	0
345	988	2	0
348	988	3	0
364	988	2	0
369	988	3	0
397	988	1	0
428	988	1	0
431	988	2	0
440	988	1	0
442	988	1	0
451	988	1	0
454	988	2	0
463	988	2	0
482	988	4	0
489	988	3	0
500	988	3	0
505	988	3	0
514	988	2	0
533	988	2	0
537	988	1	0
552	988	3	0
556	988	1	0
568	988	1	0
582	988	1	0
587	988	2	0
592	988	1	0
594	988	2	0
597	988	1	0
599	988	4	0
602	988	4	0
603	988	4	0
615	988	1	0
626	988	1	0
630	988	2	0
634	988	1	0
644	988	4	0
677	988	4	0
687	988	3	0
698	988	1	0
721	988	3	0
723	988	1	0
724	988	1	0
761	988	1	0
770	988	3	0
796	988	3	0
797	988	1	0
798	988	3	0
803	988	1	0
804	988	4	0
811	988	4	0
813	988	3	0
825	988	3	0
835	988	3	0
857	988	2	0
870	988	2	0
882	988	5	0
895	988	3	0
901	988	4	0
907	988	3	0
919	988	3	0
936	988	3	0
937	988	2	0
938	988	3	0
22	997	1	0
49	997	1	0
94	997	4	0
125	997	2	0
194	997	3	0
207	997	1	0
295	997	3	0
303	997	2	0
314	997	1	0
389	997	3	0
393	997	1	0
405	997	1	0
416	997	3	0
648	997	1	0
747	997	3	0
758	997	4	0
22	1001	1	0
45	1001	3	0
57	1001	1	0
75	1001	1	0
82	1001	1	0
145	1001	4	0
174	1001	1	0
181	1001	1	0
279	1001	4	0
374	1001	1	0
393	1001	4	0
397	1001	1	0
533	1001	1	0
758	1001	5	0
796	1001	2	0
880	1001	2	0
923	1001	1	0
22	1002	1	0
145	1002	1	0
159	1002	3	0
181	1002	1	0
268	1002	1	0
472	1002	4	0
805	1002	1	0
880	1002	3	0
38	1029	1	0
222	1029	1	0
314	1029	2	0
405	1029	1	0
457	1029	3	0
472	1029	4	0
621	1029	2	0
642	1029	3	0
648	1029	2	0
655	1029	1	0
741	1029	1	0
833	1029	1	0
846	1029	1	0
887	1029	5	0
38	1037	4	0
92	1037	2	0
125	1037	2	0
159	1037	2	0
268	1037	2	0
279	1037	1	0
303	1037	3	0
336	1037	1	0
378	1037	2	0
385	1037	1	0
405	1037	3	0
416	1037	2	0
450	1037	2	0
453	1037	1	0
457	1037	2	0
476	1037	1	0
504	1037	1	0
642	1037	2	0
712	1037	4	0
760	1037	5	0
796	1037	2	0
868	1037	1	0
933	1037	1	0
934	1037	1	0
49	1079	1	0
87	1079	2	0
92	1079	3	0
99	1079	3	0
118	1079	4	0
130	1079	3	0
181	1079	1	0
222	1079	1	0
244	1079	2	0
268	1079	3	0
276	1079	2	0
283	1079	4	0
286	1079	3	0
290	1079	2	0
291	1079	2	0
294	1079	2	0
336	1079	1	0
373	1079	4	0
394	1079	3	0
406	1079	2	0
426	1079	3	0
429	1079	2	0
453	1079	1	0
472	1079	4	0
486	1079	2	0
495	1079	5	0
518	1079	1	0
551	1079	1	0
592	1079	1	0
601	1079	3	0
622	1079	2	0
630	1079	1	0
642	1079	5	0
658	1079	2	0
682	1079	3	0
708	1079	1	0
774	1079	1	0
777	1079	2	0
804	1079	4	0
869	1079	2	0
887	1079	1	0
889	1079	2	0
916	1079	2	0
922	1079	1	0
936	1079	1	0
53	1087	4	0
145	1087	1	0
181	1087	1	0
222	1087	1	0
279	1087	2	0
373	1087	1	0
551	1087	1	0
653	1087	2	0
731	1087	1	0
825	1087	3	0
55	1089	1	0
58	1089	1	0
68	1089	1	0
87	1089	3	0
94	1089	2	0
103	1089	1	0
116	1089	2	0
130	1089	2	0
195	1089	4	0
222	1089	1	0
246	1089	1	0
276	1089	2	0
294	1089	2	0
303	1089	1	0
314	1089	1	0
416	1089	2	0
425	1089	2	0
429	1089	2	0
452	1089	1	0
454	1089	2	0
481	1089	3	0
506	1089	1	0
507	1089	5	0
548	1089	2	0
550	1089	3	0
624	1089	2	0
680	1089	2	0
682	1089	2	0
697	1089	3	0
736	1089	1	0
749	1089	3	0
782	1089	2	0
798	1089	3	0
807	1089	4	0
851	1089	3	0
881	1089	1	0
894	1089	2	0
927	1089	5	0
70	1146	3	0
405	1146	2	0
642	1146	1	0
75	1151	2	0
130	1151	3	0
181	1151	1	0
279	1151	2	0
435	1151	1	0
606	1151	3	0
880	1151	3	0
82	1162	1	0
181	1162	1	0
279	1162	3	0
532	1162	2	0
634	1162	1	0
82	1164	2	0
181	1164	3	0
463	1164	1	0
792	1164	3	0
798	1164	3	0
881	1164	1	0
83	1165	2	0
117	1165	3	0
181	1165	1	0
269	1165	1	0
314	1165	2	0
344	1165	1	0
393	1165	3	0
595	1165	1	0
654	1165	1	0
718	1165	3	0
727	1165	2	0
790	1165	2	0
872	1165	2	0
880	1165	2	0
87	1177	1	0
405	1177	1	0
497	1177	1	0
517	1177	5	0
533	1177	1	0
804	1177	3	0
881	1177	1	0
87	1179	3	0
110	1179	2	0
222	1179	1	0
393	1179	4	0
399	1179	2	0
405	1179	1	0
642	1179	3	0
747	1179	1	0
846	1179	2	0
92	1213	2	0
186	1213	3	0
188	1213	2	0
276	1213	1	0
291	1213	3	0
655	1213	2	0
92	1214	2	0
116	1214	3	0
299	1214	2	0
363	1214	1	0
655	1214	2	0
833	1214	4	0
840	1214	1	0
884	1214	1	0
896	1214	2	0
92	1215	2	0
130	1215	2	0
145	1215	2	0
181	1215	1	0
183	1215	1	0
213	1215	1	0
279	1215	2	0
291	1215	1	0
303	1215	1	0
320	1215	1	0
363	1215	1	0
374	1215	1	0
393	1215	3	0
396	1215	2	0
417	1215	2	0
435	1215	3	0
472	1215	4	0
534	1215	3	0
560	1215	2	0
582	1215	4	0
643	1215	3	0
650	1215	3	0
671	1215	3	0
715	1215	1	0
727	1215	2	0
774	1215	1	0
790	1215	1	0
880	1215	1	0
881	1215	1	0
893	1215	3	0
95	1229	2	0
110	1229	3	0
201	1229	3	0
291	1229	2	0
293	1229	1	0
314	1229	2	0
382	1229	5	0
405	1229	1	0
416	1229	2	0
496	1229	1	0
561	1229	1	0
727	1229	2	0
927	1229	3	0
95	1230	1	0
174	1230	1	0
279	1230	3	0
286	1230	1	0
301	1230	1	0
303	1230	1	0
325	1230	3	0
336	1230	2	0
373	1230	3	0
378	1230	2	0
405	1230	1	0
407	1230	2	0
417	1230	2	0
453	1230	2	0
561	1230	3	0
622	1230	1	0
790	1230	2	0
870	1230	2	0
110	1246	2	0
125	1246	2	0
130	1246	3	0
399	1246	1	0
405	1246	1	0
747	1246	1	0
933	1246	1	0
110	1247	2	0
279	1247	2	0
345	1247	2	0
405	1247	1	0
417	1247	3	0
650	1247	1	0
116	1254	2	0
159	1254	1	0
174	1254	1	0
294	1254	3	0
528	1254	3	0
782	1254	3	0
797	1254	2	0
825	1254	1	0
851	1254	1	0
897	1254	2	0
938	1254	1	0
116	1256	1	0
655	1256	3	0
782	1256	2	0
116	1257	1	0
655	1257	3	0
707	1257	2	0
782	1257	1	0
119	1259	3	0
181	1259	1	0
595	1259	3	0
914	1259	1	0
125	1272	1	0
181	1272	1	0
207	1272	3	0
486	1272	3	0
761	1272	1	0
130	1274	2	0
276	1274	1	0
279	1274	3	0
399	1274	1	0
405	1274	1	0
600	1274	2	0
749	1274	2	0
756	1274	2	0
774	1274	1	0
807	1274	3	0
833	1274	1	0
145	1289	1	0
181	1289	1	0
256	1289	4	0
314	1289	2	0
401	1289	2	0
624	1289	3	0
711	1289	2	0
145	1292	1	0
758	1292	1	0
782	1292	3	0
181	1317	1	0
405	1317	1	0
503	1317	4	0
921	1317	2	0
181	1319	1	0
585	1319	2	0
592	1319	1	0
655	1319	3	0
181	1332	1	0
239	1332	3	0
181	1336	1	0
186	1336	3	0
222	1336	2	0
267	1336	1	0
279	1336	1	0
290	1336	3	0
416	1336	1	0
577	1336	1	0
642	1336	2	0
699	1336	3	0
181	1345	1	0
871	1345	3	0
181	1351	1	0
655	1351	3	0
896	1351	2	0
181	1362	1	0
552	1362	3	0
181	1376	1	0
279	1376	4	0
291	1376	3	0
551	1376	1	0
648	1376	2	0
851	1376	2	0
872	1376	2	0
181	1382	1	0
405	1382	1	0
782	1382	3	0
869	1382	3	0
181	1383	1	0
452	1383	1	0
463	1383	2	0
490	1383	1	0
782	1383	3	0
887	1383	4	0
181	1384	1	0
405	1384	1	0
782	1384	3	0
181	1387	1	0
405	1387	2	0
782	1387	3	0
181	1390	1	0
782	1390	3	0
181	1391	1	0
405	1391	1	0
782	1391	4	0
181	1392	1	0
355	1392	4	0
409	1392	1	0
451	1392	1	0
721	1392	3	0
181	1393	1	0
272	1393	2	0
309	1393	2	0
399	1393	3	0
409	1393	1	0
451	1393	2	0
721	1393	3	0
782	1393	2	0
812	1393	3	0
194	1412	2	0
405	1412	1	0
541	1412	1	0
864	1412	1	0
870	1412	2	0
882	1412	3	0
195	1414	2	0
197	1419	2	0
200	1419	5	0
222	1419	1	0
393	1419	3	0
405	1419	2	0
425	1419	3	0
435	1419	2	0
495	1419	1	0
497	1419	2	0
551	1419	1	0
600	1419	3	0
622	1419	2	0
650	1419	3	0
660	1419	1	0
774	1419	1	0
889	1419	2	0
206	1433	1	0
787	1433	3	0
221	1437	3	0
279	1437	3	0
336	1437	2	0
405	1437	1	0
504	1437	2	0
566	1437	2	0
682	1437	2	0
727	1437	2	0
896	1437	1	0
234	1453	2	0
234	1461	2	0
268	1476	2	0
279	1487	1	0
283	1487	2	0
325	1487	3	0
405	1487	1	0
889	1487	3	0
303	1509	1	0
405	1509	1	0
642	1509	2	0
798	1509	3	0
868	1509	1	0
305	1513	2	0
374	1513	2	0
782	1513	2	0
373	1530	2	0
389	1530	2	0
405	1530	1	0
707	1530	3	0
846	1530	2	0
381	1532	2	0
655	1532	2	0
382	1534	4	0
445	1534	1	0
452	1534	1	0
501	1534	4	0
597	1534	1	0
782	1534	2	0
393	1539	2	0
405	1539	1	0
417	1539	2	0
798	1539	2	0
405	1551	1	0
456	1551	3	0
405	1552	1	0
435	1552	3	0
622	1552	2	0
405	1556	1	0
559	1556	3	0
405	1578	1	0
655	1578	3	0
405	1588	1	0
782	1588	3	0
405	1590	1	0
782	1590	3	0
425	1595	2	0
425	1596	2	0
463	1606	2	0
486	1609	3	0
592	1609	1	0
782	1609	1	0
486	1610	2	0
644	1610	3	0
782	1610	1	0
587	1624	2	0
655	1634	2	0
655	1648	2	0
662	1652	3	0
756	1652	1	0
782	1652	1	0
682	1655	2	0
747	1660	2	0
782	1663	2	0
782	1665	2	0
782	1666	2	0
782	1669	2	0
828	1672	2	0
896	1672	2	0
851	1676	2	0
863	1680	2	0
