1	30	3	0
59	30	5	0
60	30	5	0
85	30	3	0
90	30	5	0
189	30	4	0
194	30	3	0
234	30	4	0
279	30	2	0
308	30	4	0
321	30	4	0
339	30	3	0
381	30	4	0
385	30	5	0
405	30	1	0
406	30	4	0
409	30	4	0
437	30	4	0
500	30	4	0
535	30	4	0
537	30	3	0
565	30	5	0
568	30	4	0
585	30	4	0
607	30	4	0
622	30	4	0
641	30	4	0
645	30	4	0
655	30	5	0
747	30	5	0
756	30	4	0
833	30	4	0
883	30	4	0
894	30	4	0
903	30	5	0
916	30	4	0
932	30	4	0
1	45	5	0
13	45	3	0
18	45	5	0
58	45	5	0
59	45	5	0
72	45	5	0
80	45	4	0
85	45	3	0
90	45	3	0
94	45	5	0
106	45	3	0
138	45	5	0
189	45	3	0
200	45	3	0
201	45	2	0
204	45	5	0
207	45	3	0
214	45	4	0
234	45	4	0
239	45	5	0
251	45	5	0
293	45	5	0
296	45	5	0
299	45	3	0
305	45	5	0
308	45	4	0
321	45	4	0
339	45	5	0
344	45	5	0
354	45	5	0
358	45	3	0
360	45	4	0
405	45	1	0
407	45	4	0
409	45	4	0
429	45	3	0
435	45	5	0
452	45	4	0
457	45	5	0
474	45	5	0
487	45	5	0
491	45	5	0
492	45	3	0
500	45	4	0
503	45	5	0
514	45	4	0
535	45	3	0
537	45	3	0
539	45	4	0
553	45	4	0
561	45	3	0
571	45	4	0
585	45	5	0
591	45	5	0
607	45	4	0
633	45	3	0
655	45	3	0
658	45	5	0
664	45	4	0
707	45	4	0
773	45	4	0
796	45	3	0
799	45	4	0
805	45	4	0
806	45	4	0
828	45	4	0
838	45	4	0
840	45	4	0
844	45	4	0
855	45	3	0
861	45	5	0
862	45	4	0
870	45	5	0
875	45	3	0
878	45	3	0
883	45	5	0
894	45	4	0
918	45	4	0
930	45	4	0
932	45	5	0
1	59	5	0
6	59	5	0
10	59	4	0
13	59	4	0
18	59	4	0
23	59	4	0
59	59	5	0
60	59	5	0
62	59	4	0
73	59	5	0
76	59	4	0
90	59	5	0
106	59	4	0
144	59	4	0
145	59	1	0
160	59	4	0
177	59	4	0
189	59	3	0
195	59	3	0
201	59	4	0
207	59	4	0
221	59	2	0
257	59	5	0
268	59	5	0
269	59	4	0
279	59	4	0
299	59	5	0
305	59	3	0
308	59	4	0
321	59	4	0
331	59	5	0
334	59	5	0
354	59	5	0
358	59	4	0
361	59	4	0
378	59	4	0
380	59	4	0
381	59	3	0
382	59	5	0
385	59	2	0
389	59	5	0
391	59	5	0
392	59	4	0
405	59	1	0
409	59	5	0
433	59	5	0
449	59	5	0
450	59	4	0
453	59	2	0
456	59	4	0
457	59	5	0
474	59	3	0
493	59	5	0
498	59	4	0
500	59	4	0
527	59	5	0
535	59	3	0
537	59	3	0
539	59	5	0
543	59	4	0
567	59	5	0
568	59	1	0
585	59	4	0
592	59	4	0
608	59	5	0
639	59	3	0
641	59	4	0
645	59	5	0
655	59	4	0
712	59	2	0
763	59	5	0
773	59	5	0
828	59	5	0
846	59	4	0
855	59	3	0
862	59	5	0
868	59	4	0
877	59	5	0
878	59	3	0
883	59	5	0
889	59	4	0
894	59	5	0
903	59	4	0
1	60	5	0
10	60	3	0
13	60	4	0
18	60	4	0
59	60	5	0
60	60	5	0
76	60	4	0
90	60	4	0
177	60	4	0
189	60	3	0
195	60	3	0
207	60	3	0
251	60	4	0
257	60	5	0
268	60	5	0
270	60	5	0
279	60	4	0
295	60	5	0
299	60	5	0
305	60	3	0
308	60	3	0
321	60	4	0
354	60	5	0
361	60	4	0
380	60	4	0
391	60	5	0
405	60	1	0
409	60	5	0
433	60	5	0
449	60	5	0
450	60	3	0
452	60	1	0
456	60	4	0
474	60	3	0
493	60	2	0
500	60	5	0
524	60	5	0
527	60	4	0
530	60	5	0
535	60	5	0
537	60	3	0
543	60	5	0
567	60	5	0
585	60	4	0
592	60	4	0
639	60	3	0
645	60	5	0
655	60	3	0
712	60	1	0
763	60	5	0
773	60	5	0
828	60	4	0
838	60	4	0
846	60	4	0
855	60	3	0
862	60	5	0
877	60	5	0
878	60	4	0
883	60	5	0
889	60	3	0
894	60	5	0
903	60	4	0
913	60	3	0
916	60	4	0
1	131	1	0
6	131	5	0
7	131	5	0
18	131	4	0
23	131	4	0
25	131	4	0
42	131	2	0
43	131	3	0
59	131	4	0
60	131	4	0
90	131	5	0
91	131	2	0
109	131	1	0
128	131	5	0
151	131	5	0
178	131	4	0
189	131	4	0
198	131	3	0
207	131	3	0
214	131	3	0
234	131	3	0
262	131	5	0
269	131	5	0
271	131	4	0
279	131	1	0
305	131	3	0
308	131	4	0
311	131	3	0
312	131	5	0
313	131	4	0
321	131	4	0
326	131	2	0
327	131	4	0
334	131	4	0
339	131	5	0
342	131	5	0
345	131	4	0
354	131	3	0
373	131	4	0
379	131	5	0
385	131	4	0
389	131	3	0
391	131	2	0
406	131	2	0
407	131	3	0
417	131	4	0
437	131	5	0
450	131	4	0
454	131	3	0
474	131	4	0
479	131	3	0
492	131	3	0
517	131	3	0
524	131	5	0
535	131	4	0
537	131	4	0
539	131	4	0
553	131	5	0
561	131	4	0
588	131	5	0
593	131	4	0
601	131	4	0
608	131	4	0
618	131	4	0
632	131	4	0
642	131	3	0
650	131	3	0
655	131	2	0
659	131	4	0
661	131	3	0
667	131	5	0
693	131	3	0
694	131	5	0
698	131	4	0
704	131	5	0
716	131	5	0
727	131	2	0
741	131	4	0
751	131	5	0
758	131	3	0
766	131	3	0
790	131	2	0
806	131	4	0
815	131	2	0
835	131	5	0
846	131	3	0
870	131	4	0
875	131	4	0
882	131	4	0
892	131	4	0
913	131	5	0
918	131	3	0
932	131	4	0
934	131	4	0
942	131	5	0
1	136	3	0
6	136	5	0
7	136	5	0
18	136	5	0
31	136	5	0
42	136	4	0
48	136	4	0
51	136	4	0
59	136	3	0
60	136	4	0
85	136	4	0
90	136	5	0
91	136	4	0
125	136	5	0
128	136	5	0
151	136	4	0
167	136	4	0
175	136	4	0
189	136	4	0
194	136	5	0
225	136	5	0
234	136	4	0
254	136	4	0
263	136	4	0
269	136	4	0
271	136	3	0
288	136	5	0
290	136	4	0
299	136	4	0
311	136	5	0
312	136	5	0
313	136	5	0
326	136	4	0
330	136	5	0
339	136	5	0
350	136	5	0
354	136	5	0
370	136	4	0
373	136	4	0
385	136	3	0
387	136	3	0
389	136	4	0
393	136	5	0
406	136	4	0
409	136	4	0
415	136	5	0
416	136	5	0
426	136	4	0
429	136	4	0
435	136	4	0
450	136	5	0
452	136	4	0
454	136	3	0
462	136	4	0
465	136	4	0
469	136	4	0
474	136	4	0
479	136	4	0
484	136	5	0
487	136	5	0
488	136	4	0
496	136	1	0
498	136	3	0
499	136	4	0
514	136	4	0
532	136	5	0
535	136	5	0
536	136	4	0
537	136	4	0
553	136	4	0
560	136	3	0
566	136	4	0
567	136	5	0
608	136	3	0
617	136	3	0
618	136	3	0
642	136	3	0
647	136	5	0
650	136	4	0
653	136	1	0
659	136	5	0
704	136	4	0
712	136	1	0
716	136	5	0
731	136	4	0
738	136	4	0
747	136	5	0
749	136	5	0
766	136	3	0
807	136	5	0
815	136	5	0
823	136	5	0
846	136	3	0
864	136	4	0
868	136	5	0
878	136	4	0
881	136	4	0
890	136	5	0
892	136	4	0
896	136	5	0
897	136	5	0
900	136	2	0
921	136	4	0
929	136	3	0
932	136	5	0
1	165	5	0
6	165	5	0
13	165	3	0
18	165	4	0
106	165	5	0
121	165	4	0
123	165	5	0
144	165	4	0
184	165	4	0
189	165	5	0
194	165	4	0
232	165	4	0
234	165	5	0
239	165	5	0
257	165	4	0
279	165	4	0
292	165	4	0
293	165	3	0
299	165	4	0
305	165	4	0
308	165	3	0
312	165	5	0
342	165	3	0
354	165	4	0
360	165	4	0
361	165	5	0
373	165	5	0
392	165	5	0
409	165	4	0
429	165	5	0
430	165	4	0
437	165	4	0
480	165	5	0
499	165	5	0
535	165	4	0
543	165	4	0
557	165	5	0
565	165	4	0
566	165	5	0
568	165	4	0
584	165	1	0
585	165	4	0
588	165	2	0
622	165	5	0
625	165	3	0
639	165	3	0
642	165	4	0
655	165	3	0
661	165	5	0
707	165	3	0
734	165	3	0
836	165	4	0
840	165	5	0
848	165	5	0
855	165	4	0
878	165	4	0
884	165	3	0
889	165	3	0
894	165	4	0
909	165	5	0
918	165	4	0
928	165	5	0
930	165	5	0
932	165	4	0
1	166	5	0
6	166	4	0
7	166	3	0
13	166	5	0
18	166	4	0
60	166	4	0
90	166	4	0
124	166	5	0
184	166	3	0
189	166	4	0
214	166	4	0
232	166	4	0
234	166	5	0
257	166	4	0
279	166	4	0
293	166	3	0
299	166	4	0
305	166	4	0
308	166	3	0
312	166	5	0
354	166	4	0
360	166	5	0
361	166	4	0
369	166	4	0
373	166	5	0
383	166	4	0
392	166	5	0
409	166	4	0
429	166	5	0
437	166	4	0
450	166	5	0
480	166	5	0
499	166	5	0
503	166	5	0
523	166	4	0
535	166	4	0
557	166	4	0
565	166	4	0
566	166	4	0
585	166	4	0
608	166	3	0
622	166	5	0
625	166	3	0
639	166	3	0
642	166	5	0
655	166	3	0
661	166	5	0
707	166	3	0
734	166	3	0
840	166	5	0
848	166	5	0
855	166	4	0
878	166	4	0
884	166	3	0
894	166	4	0
909	166	5	0
918	166	4	0
933	166	3	0
1	169	5	0
5	169	5	0
6	169	4	0
18	169	5	0
25	169	5	0
43	169	5	0
56	169	4	0
58	169	4	0
59	169	4	0
70	169	4	0
81	169	4	0
82	169	4	0
92	169	5	0
97	169	5	0
142	169	5	0
148	169	5	0
151	169	5	0
160	169	4	0
165	169	5	0
167	169	1	0
200	169	5	0
214	169	4	0
216	169	3	0
226	169	5	0
237	169	5	0
244	169	5	0
249	169	5	0
262	169	3	0
267	169	5	0
268	169	5	0
271	169	5	0
275	169	3	0
276	169	5	0
279	169	5	0
286	169	3	0
292	169	5	0
299	169	4	0
305	169	5	0
307	169	5	0
308	169	5	0
312	169	5	0
327	169	2	0
329	169	4	0
334	169	4	0
338	169	5	0
342	169	5	0
343	169	5	0
344	169	5	0
354	169	3	0
363	169	5	0
373	169	5	0
385	169	5	0
387	169	5	0
392	169	4	0
393	169	3	0
405	169	1	0
407	169	5	0
412	169	4	0
417	169	3	0
435	169	5	0
450	169	5	0
454	169	4	0
457	169	5	0
458	169	5	0
465	169	4	0
479	169	5	0
480	169	5	0
497	169	4	0
514	169	5	0
516	169	5	0
523	169	5	0
527	169	4	0
533	169	4	0
536	169	5	0
543	169	4	0
555	169	5	0
579	169	4	0
592	169	5	0
622	169	5	0
625	169	5	0
640	169	5	0
643	169	4	0
648	169	5	0
654	169	5	0
658	169	5	0
661	169	5	0
664	169	5	0
666	169	4	0
669	169	3	0
676	169	5	0
679	169	3	0
680	169	5	0
700	169	3	0
711	169	5	0
723	169	4	0
727	169	5	0
737	169	4	0
738	169	5	0
745	169	4	0
747	169	5	0
748	169	4	0
771	169	5	0
773	169	5	0
795	169	5	0
805	169	4	0
806	169	5	0
822	169	4	0
838	169	4	0
840	169	5	0
864	169	5	0
865	169	5	0
868	169	5	0
870	169	4	0
875	169	5	0
885	169	5	0
889	169	5	0
913	169	4	0
932	169	5	0
1	178	5	0
6	178	4	0
7	178	4	0
10	178	5	0
13	178	4	0
16	178	5	0
18	178	3	0
24	178	5	0
60	178	5	0
65	178	5	0
68	178	5	0
82	178	4	0
90	178	5	0
95	178	5	0
109	178	3	0
115	178	5	0
151	178	5	0
156	178	5	0
172	178	3	0
174	178	5	0
178	178	4	0
182	178	5	0
185	178	4	0
189	178	5	0
194	178	3	0
221	178	4	0
224	178	4	0
232	178	5	0
234	178	5	0
237	178	4	0
246	178	5	0
268	178	4	0
271	178	3	0
272	178	5	0
288	178	5	0
298	178	5	0
305	178	4	0
307	178	3	0
308	178	4	0
311	178	5	0
312	178	5	0
313	178	5	0
315	178	4	0
326	178	5	0
327	178	4	0
331	178	3	0
339	178	5	0
361	178	5	0
373	178	4	0
379	178	5	0
381	178	4	0
387	178	3	0
389	178	4	0
392	178	5	0
397	178	5	0
398	178	5	0
405	178	3	0
409	178	5	0
416	178	5	0
417	178	3	0
425	178	3	0
426	178	4	0
429	178	4	0
450	178	4	0
458	178	4	0
468	178	5	0
474	178	4	0
478	178	4	0
487	178	5	0
488	178	4	0
514	178	4	0
524	178	3	0
528	178	4	0
530	178	5	0
535	178	4	0
537	178	4	0
553	178	5	0
556	178	5	0
561	178	4	0
567	178	4	0
568	178	4	0
573	178	4	0
588	178	5	0
592	178	5	0
601	178	4	0
606	178	5	0
615	178	5	0
622	178	4	0
639	178	5	0
648	178	4	0
655	178	4	0
658	178	5	0
659	178	5	0
661	178	4	0
684	178	4	0
686	178	5	0
691	178	5	0
693	178	5	0
694	178	4	0
696	178	4	0
704	178	5	0
712	178	2	0
716	178	5	0
723	178	3	0
727	178	4	0
738	178	4	0
741	178	5	0
747	178	5	0
749	178	4	0
751	178	5	0
756	178	5	0
766	178	4	0
774	178	4	0
796	178	3	0
846	178	4	0
864	178	4	0
868	178	5	0
870	178	4	0
876	178	4	0
881	178	3	0
886	178	5	0
889	178	5	0
892	178	5	0
924	178	5	0
932	178	5	0
1	190	5	0
7	190	5	0
8	190	4	0
11	190	3	0
13	190	4	0
18	190	4	0
44	190	5	0
59	190	5	0
62	190	5	0
64	190	4	0
75	190	5	0
85	190	4	0
90	190	5	0
92	190	4	0
94	190	5	0
95	190	4	0
96	190	4	0
122	190	4	0
125	190	5	0
128	190	4	0
144	190	5	0
148	190	2	0
151	190	4	0
158	190	5	0
197	190	3	0
201	190	4	0
234	190	3	0
235	190	4	0
237	190	4	0
239	190	1	0
253	190	5	0
271	190	4	0
279	190	3	0
288	190	1	0
292	190	5	0
295	190	4	0
299	190	5	0
305	190	3	0
312	190	5	0
316	190	5	0
321	190	4	0
325	190	4	0
327	190	4	0
331	190	3	0
334	190	4	0
339	190	4	0
344	190	5	0
350	190	4	0
354	190	4	0
361	190	5	0
373	190	5	0
380	190	5	0
387	190	5	0
405	190	2	0
406	190	5	0
417	190	5	0
420	190	5	0
425	190	3	0
429	190	5	0
435	190	4	0
437	190	3	0
450	190	4	0
457	190	5	0
458	190	4	0
465	190	4	0
474	190	3	0
479	190	4	0
480	190	5	0
481	190	5	0
488	190	5	0
491	190	4	0
496	190	5	0
498	190	4	0
503	190	5	0
505	190	4	0
514	190	5	0
527	190	4	0
533	190	2	0
535	190	4	0
536	190	5	0
537	190	4	0
543	190	5	0
553	190	5	0
562	190	4	0
565	190	5	0
567	190	4	0
585	190	4	0
608	190	4	0
615	190	3	0
618	190	4	0
622	190	4	0
625	190	3	0
655	190	3	0
669	190	3	0
682	190	4	0
698	190	5	0
707	190	5	0
716	190	5	0
731	190	5	0
745	190	5	0
747	190	4	0
763	190	4	0
805	190	5	0
815	190	5	0
826	190	3	0
828	190	3	0
829	190	4	0
838	190	4	0
840	190	5	0
846	190	5	0
864	190	4	0
871	190	2	0
883	190	4	0
889	190	3	0
890	190	4	0
894	190	5	0
896	190	5	0
899	190	4	0
911	190	5	0
916	190	4	0
918	190	5	0
921	190	2	0
930	190	4	0
934	190	4	0
1	192	4	0
6	192	4	0
7	192	4	0
10	192	4	0
31	192	4	0
76	192	5	0
77	192	3	0
85	192	4	0
87	192	3	0
90	192	4	0
91	192	4	0
94	192	4	0
97	192	1	0
115	192	5	0
121	192	4	0
123	192	5	0
156	192	4	0
160	192	5	0
184	192	4	0
194	192	5	0
201	192	4	0
207	192	3	0
213	192	5	0
233	192	5	0
234	192	3	0
235	192	4	0
253	192	1	0
264	192	4	0
269	192	4	0
271	192	5	0
276	192	5	0
293	192	5	0
305	192	2	0
308	192	5	0
311	192	3	0
313	192	3	0
316	192	1	0
322	192	5	0
327	192	5	0
328	192	4	0
339	192	5	0
342	192	4	0
347	192	4	0
374	192	5	0
379	192	4	0
385	192	5	0
387	192	5	0
397	192	5	0
405	192	5	0
409	192	4	0
429	192	3	0
450	192	4	0
457	192	5	0
458	192	4	0
468	192	4	0
474	192	4	0
492	192	3	0
493	192	3	0
498	192	5	0
522	192	5	0
524	192	4	0
527	192	4	0
533	192	3	0
535	192	4	0
537	192	4	0
542	192	5	0
543	192	4	0
551	192	5	0
556	192	5	0
566	192	5	0
567	192	4	0
573	192	4	0
592	192	5	0
615	192	5	0
617	192	5	0
618	192	5	0
625	192	2	0
641	192	4	0
655	192	3	0
658	192	4	0
659	192	4	0
661	192	4	0
663	192	4	0
664	192	4	0
666	192	4	0
667	192	5	0
669	192	5	0
682	192	3	0
686	192	5	0
693	192	2	0
709	192	4	0
710	192	5	0
716	192	3	0
731	192	5	0
737	192	5	0
747	192	5	0
748	192	3	0
758	192	4	0
766	192	4	0
776	192	5	0
788	192	4	0
804	192	4	0
806	192	4	0
829	192	5	0
833	192	5	0
836	192	5	0
846	192	5	0
851	192	4	0
870	192	5	0
881	192	5	0
889	192	3	0
892	192	5	0
903	192	5	0
908	192	2	0
912	192	4	0
916	192	4	0
1	207	5	0
7	207	4	0
60	207	3	0
62	207	3	0
95	207	5	0
184	207	4	0
189	207	5	0
201	207	3	0
234	207	2	0
235	207	4	0
236	207	3	0
239	207	5	0
276	207	4	0
279	207	5	0
292	207	5	0
299	207	3	0
305	207	5	0
312	207	5	0
321	207	3	0
334	207	4	0
360	207	4	0
361	207	4	0
378	207	4	0
385	207	4	0
405	207	1	0
406	207	2	0
409	207	3	0
417	207	4	0
425	207	2	0
429	207	4	0
437	207	4	0
450	207	4	0
452	207	4	0
474	207	4	0
481	207	3	0
488	207	3	0
499	207	5	0
505	207	3	0
527	207	4	0
535	207	4	0
537	207	4	0
543	207	5	0
561	207	3	0
565	207	4	0
566	207	5	0
585	207	5	0
588	207	2	0
608	207	5	0
622	207	5	0
629	207	4	0
655	207	3	0
660	207	4	0
727	207	5	0
731	207	4	0
745	207	2	0
757	207	2	0
767	207	5	0
828	207	4	0
844	207	4	0
848	207	5	0
849	207	5	0
867	207	5	0
868	207	3	0
877	207	3	0
883	207	3	0
889	207	3	0
5	414	3	0
10	414	4	0
11	414	3	0
13	414	5	0
18	414	4	0
23	414	3	0
41	414	4	0
82	414	4	0
85	414	4	0
87	414	3	0
151	414	5	0
154	414	4	0
158	414	4	0
194	414	3	0
207	414	2	0
234	414	4	0
269	414	3	0
271	414	4	0
293	414	4	0
295	414	4	0
312	414	3	0
313	414	3	0
318	414	4	0
331	414	4	0
354	414	4	0
373	414	3	0
379	414	5	0
380	414	2	0
387	414	4	0
389	414	4	0
398	414	3	0
405	414	1	0
406	414	2	0
450	414	3	0
454	414	2	0
456	414	3	0
474	414	4	0
488	414	2	0
499	414	3	0
504	414	5	0
524	414	4	0
537	414	4	0
639	414	3	0
648	414	1	0
664	414	5	0
716	414	4	0
749	414	4	0
758	414	4	0
766	414	4	0
796	414	3	0
804	414	4	0
840	414	4	0
846	414	4	0
881	414	5	0
883	414	3	0
896	414	3	0
899	414	2	0
908	414	3	0
910	414	4	0
932	414	4	0
934	414	5	0
942	414	4	0
5	429	3	0
7	429	5	0
11	429	5	0
13	429	5	0
28	429	5	0
44	429	4	0
59	429	4	0
60	429	5	0
64	429	4	0
65	429	4	0
70	429	3	0
71	429	4	0
91	429	4	0
97	429	4	0
122	429	3	0
151	429	5	0
169	429	3	0
198	429	4	0
200	429	5	0
234	429	4	0
235	429	4	0
236	429	1	0
251	429	4	0
254	429	4	0
271	429	4	0
276	429	5	0
279	429	4	0
290	429	4	0
292	429	5	0
293	429	4	0
296	429	5	0
301	429	4	0
308	429	4	0
312	429	5	0
326	429	5	0
334	429	4	0
343	429	4	0
350	429	4	0
354	429	3	0
363	429	5	0
385	429	4	0
387	429	3	0
389	429	4	0
398	429	4	0
401	429	3	0
405	429	5	0
406	429	4	0
409	429	5	0
425	429	4	0
426	429	5	0
488	429	4	0
499	429	4	0
514	429	4	0
524	429	2	0
527	429	5	0
535	429	3	0
537	429	3	0
560	429	3	0
567	429	4	0
601	429	5	0
603	429	5	0
617	429	3	0
648	429	4	0
650	429	4	0
653	429	3	0
658	429	4	0
660	429	4	0
666	429	5	0
694	429	4	0
704	429	4	0
738	429	3	0
747	429	4	0
749	429	4	0
766	429	4	0
774	429	1	0
786	429	4	0
788	429	3	0
795	429	3	0
796	429	4	0
804	429	4	0
833	429	3	0
836	429	4	0
840	429	3	0
843	429	4	0
846	429	2	0
862	429	5	0
868	429	2	0
882	429	4	0
890	429	4	0
892	429	4	0
896	429	5	0
897	429	5	0
900	429	2	0
901	429	5	0
924	429	4	0
929	429	4	0
932	429	5	0
5	430	5	0
7	430	3	0
10	430	3	0
11	430	3	0
13	430	5	0
14	430	5	0
18	430	4	0
22	430	4	0
25	430	4	0
41	430	5	0
59	430	5	0
60	430	5	0
82	430	5	0
90	430	3	0
97	430	5	0
125	430	4	0
151	430	4	0
158	430	5	0
160	430	5	0
172	430	3	0
208	430	4	0
218	430	3	0
234	430	4	0
239	430	3	0
264	430	5	0
271	430	5	0
293	430	3	0
297	430	1	0
298	430	5	0
303	430	4	0
308	430	4	0
312	430	5	0
313	430	5	0
321	430	3	0
325	430	5	0
334	430	4	0
361	430	5	0
385	430	5	0
387	430	3	0
389	430	5	0
398	430	4	0
401	430	2	0
405	430	1	0
406	430	4	0
409	430	4	0
426	430	3	0
429	430	4	0
435	430	5	0
450	430	4	0
452	430	3	0
458	430	5	0
474	430	3	0
476	430	4	0
481	430	4	0
498	430	4	0
499	430	3	0
503	430	5	0
506	430	4	0
514	430	4	0
522	430	5	0
523	430	4	0
524	430	3	0
533	430	5	0
537	430	3	0
561	430	3	0
567	430	4	0
568	430	3	0
638	430	5	0
643	430	5	0
645	430	5	0
648	430	5	0
650	430	4	0
660	430	4	0
666	430	4	0
686	430	4	0
716	430	5	0
747	430	4	0
749	430	4	0
758	430	5	0
833	430	4	0
840	430	5	0
846	430	3	0
848	430	5	0
881	430	4	0
883	430	5	0
889	430	4	0
892	430	5	0
896	430	3	0
901	430	3	0
913	430	2	0
918	430	1	0
932	430	4	0
940	430	4	0
5	434	5	0
7	434	4	0
11	434	4	0
18	434	3	0
28	434	4	0
44	434	4	0
59	434	4	0
60	434	5	0
64	434	4	0
97	434	4	0
125	434	4	0
198	434	3	0
215	434	5	0
234	434	3	0
239	434	5	0
263	434	4	0
275	434	3	0
279	434	4	0
290	434	4	0
308	434	4	0
312	434	3	0
325	434	5	0
326	434	5	0
339	434	4	0
379	434	3	0
387	434	5	0
405	434	3	0
406	434	5	0
435	434	2	0
450	434	3	0
454	434	3	0
474	434	4	0
488	434	4	0
506	434	4	0
537	434	3	0
545	434	3	0
553	434	3	0
567	434	5	0
622	434	4	0
627	434	4	0
641	434	4	0
645	434	4	0
648	434	5	0
650	434	4	0
660	434	3	0
694	434	5	0
698	434	4	0
727	434	5	0
731	434	1	0
738	434	4	0
749	434	4	0
751	434	4	0
758	434	3	0
766	434	5	0
795	434	3	0
796	434	4	0
804	434	4	0
815	434	3	0
833	434	3	0
843	434	4	0
847	434	3	0
862	434	5	0
868	434	3	0
881	434	2	0
890	434	4	0
908	434	4	0
932	434	5	0
6	463	4	0
7	463	4	0
10	463	4	0
13	463	5	0
18	463	4	0
23	463	4	0
25	463	4	0
52	463	5	0
58	463	3	0
62	463	4	0
64	463	4	0
92	463	4	0
95	463	5	0
106	463	3	0
142	463	3	0
151	463	5	0
160	463	4	0
172	463	4	0
213	463	5	0
234	463	4	0
235	463	4	0
239	463	5	0
276	463	4	0
293	463	4	0
307	463	5	0
308	463	4	0
312	463	5	0
316	463	5	0
321	463	3	0
343	463	4	0
344	463	4	0
354	463	4	0
374	463	1	0
380	463	4	0
387	463	4	0
392	463	3	0
393	463	4	0
405	463	1	0
406	463	5	0
416	463	4	0
437	463	5	0
454	463	2	0
455	463	4	0
474	463	5	0
479	463	4	0
484	463	4	0
499	463	5	0
503	463	1	0
506	463	3	0
537	463	3	0
543	463	3	0
585	463	5	0
588	463	4	0
592	463	4	0
629	463	4	0
642	463	3	0
675	463	5	0
711	463	5	0
747	463	3	0
798	463	3	0
828	463	2	0
840	463	5	0
846	463	5	0
854	463	3	0
861	463	3	0
877	463	4	0
878	463	2	0
883	463	3	0
884	463	5	0
894	463	4	0
899	463	4	0
6	478	4	0
10	478	5	0
13	478	4	0
18	478	5	0
25	478	5	0
60	478	3	0
85	478	4	0
90	478	5	0
96	478	2	0
125	478	4	0
128	478	5	0
144	478	4	0
151	478	5	0
167	478	5	0
172	478	3	0
178	478	5	0
184	478	4	0
194	478	3	0
200	478	5	0
213	478	5	0
214	478	4	0
225	478	5	0
233	478	5	0
234	478	3	0
236	478	3	0
239	478	5	0
249	478	4	0
264	478	5	0
269	478	4	0
274	478	5	0
299	478	4	0
305	478	3	0
312	478	5	0
313	478	3	0
321	478	4	0
326	478	3	0
327	478	4	0
338	478	3	0
339	478	5	0
342	478	3	0
343	478	5	0
344	478	4	0
354	478	5	0
383	478	5	0
389	478	5	0
398	478	5	0
401	478	2	0
406	478	4	0
407	478	4	0
409	478	4	0
419	478	5	0
420	478	3	0
426	478	4	0
437	478	5	0
450	478	5	0
454	478	2	0
465	478	4	0
474	478	4	0
488	478	3	0
492	478	2	0
495	478	4	0
506	478	4	0
524	478	3	0
535	478	5	0
537	478	4	0
553	478	4	0
560	478	4	0
561	478	4	0
567	478	5	0
568	478	4	0
573	478	4	0
593	478	5	0
608	478	3	0
613	478	5	0
650	478	4	0
664	478	5	0
666	478	4	0
691	478	4	0
698	478	4	0
707	478	4	0
716	478	4	0
731	478	4	0
734	478	4	0
741	478	5	0
747	478	4	0
749	478	5	0
767	478	4	0
796	478	5	0
823	478	4	0
840	478	3	0
846	478	4	0
848	478	5	0
862	478	4	0
875	478	4	0
881	478	4	0
892	478	5	0
896	478	5	0
897	478	3	0
900	478	2	0
908	478	4	0
911	478	5	0
913	478	4	0
932	478	4	0
942	478	5	0
6	481	5	0
7	481	5	0
13	481	3	0
82	481	5	0
85	481	4	0
90	481	5	0
151	481	3	0
194	481	3	0
202	481	1	0
234	481	5	0
271	481	3	0
299	481	3	0
301	481	4	0
308	481	4	0
312	481	5	0
313	481	4	0
318	481	4	0
326	481	1	0
328	481	3	0
334	481	5	0
345	481	3	0
382	481	5	0
389	481	5	0
398	481	3	0
401	481	3	0
406	481	3	0
409	481	3	0
426	481	5	0
429	481	3	0
450	481	5	0
452	481	5	0
465	481	4	0
474	481	4	0
524	481	4	0
539	481	4	0
553	481	3	0
556	481	5	0
567	481	5	0
643	481	4	0
655	481	2	0
659	481	5	0
664	481	5	0
694	481	4	0
698	481	3	0
704	481	5	0
716	481	4	0
731	481	3	0
744	481	3	0
747	481	5	0
751	481	4	0
758	481	5	0
766	481	4	0
767	481	5	0
848	481	3	0
870	481	4	0
875	481	5	0
878	481	5	0
892	481	5	0
896	481	4	0
908	481	3	0
913	481	3	0
932	481	4	0
934	481	4	0
6	486	4	0
10	486	4	0
18	486	3	0
24	486	3	0
41	486	4	0
43	486	4	0
84	486	5	0
90	486	5	0
96	486	3	0
119	486	4	0
145	486	3	0
151	486	5	0
161	486	1	0
167	486	4	0
189	486	5	0
234	486	3	0
262	486	5	0
263	486	4	0
269	486	3	0
279	486	4	0
280	486	5	0
292	486	4	0
298	486	3	0
305	486	5	0
308	486	4	0
312	486	5	0
313	486	3	0
331	486	3	0
338	486	3	0
340	486	4	0
342	486	5	0
344	486	4	0
385	486	2	0
389	486	4	0
399	486	3	0
401	486	4	0
409	486	3	0
426	486	3	0
454	486	3	0
474	486	4	0
488	486	4	0
498	486	2	0
499	486	3	0
514	486	3	0
536	486	4	0
537	486	3	0
568	486	4	0
625	486	3	0
659	486	4	0
698	486	4	0
704	486	4	0
707	486	3	0
712	486	4	0
716	486	5	0
731	486	4	0
747	486	5	0
751	486	3	0
767	486	4	0
776	486	4	0
796	486	5	0
798	486	4	0
835	486	4	0
846	486	5	0
932	486	5	0
6	487	5	0
7	487	3	0
9	487	5	0
18	487	4	0
103	487	4	0
123	487	3	0
128	487	5	0
138	487	3	0
151	487	5	0
152	487	5	0
161	487	3	0
184	487	4	0
189	487	5	0
193	487	5	0
234	487	3	0
253	487	4	0
256	487	5	0
271	487	4	0
279	487	3	0
299	487	5	0
308	487	4	0
311	487	4	0
312	487	5	0
313	487	3	0
316	487	3	0
342	487	5	0
344	487	5	0
354	487	3	0
373	487	4	0
381	487	5	0
385	487	4	0
389	487	5	0
406	487	3	0
412	487	3	0
450	487	4	0
454	487	4	0
469	487	5	0
474	487	4	0
530	487	4	0
536	487	4	0
539	487	3	0
553	487	5	0
567	487	4	0
591	487	4	0
607	487	4	0
608	487	4	0
618	487	4	0
639	487	5	0
667	487	5	0
698	487	2	0
707	487	2	0
716	487	5	0
731	487	4	0
734	487	4	0
751	487	5	0
766	487	3	0
796	487	5	0
830	487	5	0
838	487	4	0
846	487	4	0
854	487	4	0
870	487	4	0
883	487	5	0
892	487	5	0
918	487	4	0
928	487	5	0
932	487	3	0
942	487	4	0
6	488	5	0
7	488	4	0
10	488	5	0
13	488	3	0
18	488	3	0
59	488	3	0
85	488	4	0
90	488	5	0
151	488	4	0
154	488	4	0
160	488	5	0
172	488	3	0
184	488	5	0
194	488	3	0
234	488	4	0
239	488	5	0
269	488	4	0
292	488	5	0
299	488	4	0
308	488	4	0
312	488	5	0
313	488	5	0
334	488	5	0
338	488	5	0
339	488	5	0
342	488	5	0
373	488	3	0
383	488	4	0
385	488	5	0
387	488	3	0
389	488	5	0
392	488	4	0
406	488	4	0
419	488	5	0
426	488	5	0
450	488	4	0
452	488	4	0
474	488	3	0
503	488	5	0
524	488	4	0
535	488	5	0
537	488	4	0
561	488	4	0
568	488	5	0
617	488	4	0
639	488	4	0
645	488	4	0
658	488	4	0
693	488	4	0
704	488	5	0
707	488	4	0
711	488	4	0
716	488	4	0
747	488	5	0
758	488	3	0
796	488	2	0
833	488	5	0
835	488	5	0
846	488	5	0
854	488	4	0
889	488	2	0
908	488	4	0
918	488	3	0
932	488	5	0
934	488	5	0
6	489	5	0
7	489	3	0
10	489	4	0
18	489	4	0
59	489	4	0
60	489	5	0
90	489	5	0
151	489	5	0
189	489	5	0
234	489	3	0
237	489	4	0
239	489	5	0
279	489	2	0
312	489	5	0
313	489	4	0
322	489	3	0
350	489	4	0
354	489	4	0
385	489	5	0
389	489	4	0
409	489	5	0
426	489	5	0
450	489	4	0
474	489	4	0
479	489	5	0
498	489	3	0
503	489	4	0
506	489	4	0
533	489	4	0
535	489	4	0
536	489	4	0
537	489	3	0
555	489	5	0
560	489	3	0
561	489	4	0
567	489	5	0
608	489	5	0
610	489	4	0
650	489	3	0
659	489	4	0
666	489	4	0
694	489	4	0
698	489	3	0
716	489	4	0
758	489	5	0
840	489	3	0
846	489	4	0
848	489	5	0
870	489	4	0
890	489	4	0
896	489	5	0
932	489	4	0
6	490	5	0
31	490	4	0
58	490	4	0
59	490	4	0
60	490	4	0
90	490	5	0
128	490	5	0
151	490	5	0
234	490	4	0
253	490	5	0
271	490	4	0
279	490	3	0
308	490	4	0
312	490	5	0
313	490	4	0
338	490	5	0
389	490	3	0
391	490	4	0
401	490	3	0
406	490	3	0
426	490	4	0
450	490	5	0
452	490	4	0
454	490	2	0
456	490	4	0
469	490	5	0
474	490	5	0
479	490	4	0
504	490	4	0
506	490	3	0
524	490	3	0
537	490	4	0
553	490	4	0
567	490	4	0
608	490	4	0
647	490	4	0
659	490	4	0
669	490	5	0
694	490	4	0
698	490	3	0
707	490	2	0
716	490	4	0
751	490	4	0
846	490	4	0
848	490	5	0
850	490	5	0
870	490	3	0
881	490	4	0
883	490	4	0
932	490	4	0
6	491	4	0
7	491	5	0
13	491	4	0
42	491	3	0
43	491	4	0
58	491	4	0
59	491	4	0
60	491	4	0
87	491	5	0
90	491	4	0
95	491	4	0
151	491	4	0
178	491	4	0
194	491	3	0
211	491	3	0
230	491	3	0
234	491	4	0
239	491	5	0
262	491	3	0
279	491	5	0
292	491	4	0
293	491	4	0
303	491	4	0
311	491	4	0
312	491	5	0
321	491	3	0
326	491	4	0
331	491	3	0
389	491	5	0
391	491	3	0
392	491	5	0
398	491	5	0
406	491	4	0
407	491	4	0
409	491	2	0
416	491	4	0
425	491	2	0
426	491	4	0
429	491	3	0
450	491	3	0
452	491	4	0
474	491	4	0
488	491	4	0
495	491	5	0
505	491	3	0
532	491	5	0
537	491	4	0
545	491	3	0
567	491	3	0
568	491	2	0
606	491	4	0
650	491	3	0
660	491	4	0
694	491	3	0
698	491	2	0
704	491	5	0
716	491	4	0
727	491	4	0
780	491	4	0
796	491	4	0
798	491	4	0
807	491	5	0
825	491	4	0
846	491	3	0
862	491	3	0
887	491	2	0
932	491	5	0
6	492	5	0
7	492	5	0
13	492	5	0
14	492	4	0
18	492	4	0
59	492	4	0
60	492	5	0
85	492	4	0
119	492	5	0
151	492	3	0
184	492	4	0
189	492	3	0
225	492	4	0
233	492	5	0
234	492	3	0
239	492	3	0
269	492	4	0
292	492	4	0
293	492	5	0
308	492	3	0
325	492	4	0
385	492	2	0
389	492	5	0
392	492	4	0
397	492	4	0
406	492	4	0
426	492	5	0
450	492	5	0
452	492	4	0
454	492	3	0
474	492	4	0
488	492	2	0
492	492	4	0
522	492	4	0
524	492	3	0
527	492	3	0
532	492	4	0
535	492	4	0
537	492	3	0
553	492	3	0
561	492	4	0
567	492	4	0
573	492	4	0
643	492	4	0
653	492	4	0
659	492	3	0
666	492	4	0
693	492	3	0
694	492	4	0
704	492	5	0
707	492	2	0
716	492	3	0
745	492	5	0
747	492	4	0
788	492	3	0
840	492	5	0
846	492	3	0
854	492	4	0
934	492	4	0
6	493	5	0
10	493	4	0
13	493	5	0
18	493	5	0
31	493	5	0
60	493	5	0
72	493	5	0
90	493	5	0
125	493	4	0
138	493	4	0
167	493	4	0
232	493	4	0
234	493	3	0
239	493	5	0
271	493	4	0
295	493	5	0
308	493	3	0
311	493	4	0
312	493	5	0
313	493	3	0
321	493	4	0
325	493	4	0
326	493	5	0
370	493	5	0
381	493	4	0
389	493	5	0
392	493	4	0
398	493	5	0
401	493	4	0
407	493	3	0
409	493	4	0
420	493	3	0
426	493	4	0
429	493	4	0
450	493	4	0
454	493	2	0
474	493	4	0
488	493	3	0
491	493	4	0
524	493	4	0
536	493	4	0
537	493	4	0
556	493	5	0
567	493	4	0
568	493	3	0
650	493	4	0
666	493	5	0
704	493	4	0
716	493	5	0
747	493	5	0
766	493	4	0
796	493	3	0
798	493	3	0
840	493	5	0
846	493	5	0
854	493	5	0
889	493	3	0
896	493	5	0
900	493	2	0
932	493	5	0
6	494	4	0
13	494	4	0
18	494	3	0
60	494	4	0
90	494	5	0
128	494	4	0
151	494	4	0
234	494	4	0
235	494	4	0
237	494	4	0
253	494	5	0
271	494	4	0
308	494	5	0
311	494	4	0
312	494	5	0
313	494	3	0
321	494	4	0
327	494	4	0
334	494	4	0
338	494	3	0
344	494	4	0
354	494	4	0
370	494	3	0
373	494	4	0
389	494	5	0
393	494	4	0
398	494	3	0
419	494	3	0
426	494	3	0
450	494	3	0
452	494	5	0
506	494	5	0
524	494	4	0
537	494	4	0
561	494	4	0
567	494	5	0
568	494	4	0
607	494	5	0
650	494	3	0
659	494	4	0
664	494	5	0
666	494	4	0
704	494	5	0
716	494	5	0
731	494	3	0
747	494	5	0
751	494	4	0
766	494	3	0
815	494	5	0
838	494	4	0
846	494	5	0
850	494	3	0
870	494	3	0
889	494	3	0
908	494	3	0
932	494	4	0
6	495	4	0
7	495	5	0
10	495	4	0
25	495	4	0
60	495	3	0
82	495	3	0
85	495	3	0
91	495	4	0
95	495	4	0
106	495	4	0
148	495	4	0
169	495	3	0
178	495	4	0
200	495	3	0
233	495	4	0
234	495	4	0
263	495	5	0
271	495	5	0
308	495	3	0
311	495	4	0
312	495	4	0
313	495	2	0
325	495	3	0
381	495	4	0
392	495	3	0
398	495	4	0
429	495	3	0
450	495	4	0
452	495	4	0
469	495	5	0
474	495	4	0
496	495	3	0
505	495	3	0
524	495	4	0
532	495	4	0
535	495	3	0
537	495	2	0
573	495	2	0
650	495	3	0
694	495	4	0
699	495	3	0
712	495	4	0
716	495	4	0
748	495	3	0
749	495	4	0
767	495	4	0
804	495	3	0
807	495	4	0
821	495	5	0
840	495	3	0
843	495	3	0
846	495	4	0
848	495	2	0
862	495	4	0
881	495	5	0
892	495	4	0
918	495	3	0
932	495	5	0
934	495	4	0
6	497	4	0
7	497	4	0
10	497	4	0
13	497	5	0
18	497	4	0
58	497	2	0
90	497	5	0
128	497	3	0
138	497	5	0
151	497	5	0
160	497	4	0
184	497	4	0
234	497	4	0
239	497	4	0
269	497	3	0
293	497	4	0
295	497	5	0
313	497	4	0
321	497	5	0
327	497	4	0
338	497	3	0
340	497	5	0
354	497	4	0
370	497	3	0
373	497	3	0
385	497	5	0
389	497	4	0
391	497	3	0
393	497	4	0
398	497	3	0
409	497	3	0
437	497	5	0
450	497	5	0
454	497	3	0
474	497	5	0
499	497	2	0
506	497	5	0
524	497	2	0
537	497	4	0
553	497	4	0
561	497	4	0
567	497	5	0
568	497	2	0
617	497	3	0
618	497	2	0
641	497	5	0
648	497	4	0
664	497	3	0
698	497	3	0
704	497	3	0
716	497	3	0
747	497	5	0
751	497	4	0
766	497	3	0
780	497	2	0
786	497	4	0
838	497	5	0
840	497	4	0
846	497	5	0
870	497	4	0
878	497	2	0
889	497	4	0
892	497	4	0
896	497	3	0
897	497	3	0
902	497	5	0
907	497	5	0
932	497	5	0
6	499	4	0
7	499	4	0
10	499	4	0
60	499	3	0
85	499	4	0
90	499	5	0
128	499	5	0
151	499	5	0
169	499	3	0
189	499	4	0
230	499	4	0
233	499	3	0
234	499	4	0
237	499	2	0
239	499	5	0
269	499	4	0
271	499	3	0
280	499	4	0
292	499	5	0
308	499	3	0
311	499	4	0
312	499	4	0
313	499	3	0
321	499	3	0
342	499	5	0
343	499	5	0
373	499	4	0
389	499	4	0
401	499	3	0
406	499	5	0
409	499	3	0
429	499	4	0
437	499	5	0
450	499	5	0
458	499	4	0
469	499	5	0
474	499	5	0
504	499	4	0
524	499	4	0
527	499	5	0
535	499	4	0
537	499	3	0
608	499	4	0
650	499	3	0
659	499	4	0
666	499	4	0
693	499	4	0
694	499	4	0
698	499	3	0
707	499	4	0
716	499	4	0
753	499	3	0
766	499	3	0
799	499	4	0
835	499	5	0
840	499	4	0
846	499	4	0
847	499	4	0
854	499	4	0
870	499	4	0
899	499	3	0
918	499	4	0
6	502	4	0
7	502	5	0
10	502	4	0
13	502	5	0
16	502	4	0
22	502	4	0
60	502	4	0
85	502	4	0
87	502	5	0
98	502	2	0
102	502	3	0
158	502	4	0
194	502	4	0
210	502	3	0
213	502	5	0
234	502	4	0
237	502	4	0
269	502	3	0
279	502	5	0
293	502	3	0
298	502	5	0
299	502	4	0
301	502	4	0
303	502	4	0
308	502	5	0
313	502	3	0
325	502	4	0
327	502	3	0
334	502	3	0
340	502	2	0
361	502	4	0
379	502	5	0
380	502	1	0
385	502	3	0
389	502	4	0
398	502	3	0
406	502	1	0
407	502	2	0
429	502	3	0
450	502	5	0
452	502	2	0
508	502	4	0
535	502	5	0
559	502	4	0
648	502	5	0
650	502	3	0
653	502	2	0
655	502	4	0
659	502	4	0
666	502	3	0
716	502	3	0
747	502	5	0
758	502	4	0
795	502	3	0
823	502	5	0
932	502	4	0
934	502	4	0
6	503	3	0
7	503	4	0
59	503	4	0
64	503	4	0
151	503	3	0
189	503	3	0
194	503	4	0
234	503	2	0
293	503	4	0
298	503	4	0
299	503	4	0
301	503	3	0
312	503	5	0
313	503	5	0
318	503	4	0
326	503	3	0
328	503	3	0
331	503	4	0
339	503	4	0
385	503	3	0
389	503	3	0
406	503	3	0
436	503	4	0
450	503	4	0
474	503	4	0
503	503	3	0
504	503	4	0
506	503	4	0
561	503	4	0
655	503	3	0
716	503	3	0
766	503	3	0
788	503	4	0
807	503	3	0
823	503	5	0
840	503	4	0
868	503	3	0
870	503	4	0
932	503	4	0
6	505	4	0
7	505	3	0
10	505	4	0
13	505	3	0
59	505	4	0
60	505	4	0
90	505	5	0
95	505	3	0
114	505	3	0
128	505	4	0
151	505	5	0
189	505	5	0
201	505	3	0
234	505	4	0
236	505	3	0
239	505	5	0
269	505	3	0
271	505	4	0
305	505	3	0
307	505	3	0
308	505	3	0
311	505	4	0
312	505	5	0
313	505	5	0
322	505	4	0
325	505	4	0
326	505	3	0
334	505	4	0
363	505	3	0
383	505	4	0
406	505	4	0
409	505	5	0
426	505	4	0
429	505	4	0
450	505	5	0
456	505	4	0
474	505	5	0
481	505	5	0
495	505	5	0
504	505	4	0
528	505	4	0
535	505	4	0
551	505	5	0
553	505	5	0
555	505	4	0
561	505	4	0
608	505	5	0
610	505	4	0
643	505	4	0
648	505	4	0
655	505	3	0
659	505	4	0
666	505	4	0
669	505	3	0
698	505	2	0
707	505	4	0
716	505	4	0
747	505	5	0
758	505	5	0
763	505	4	0
767	505	4	0
807	505	3	0
835	505	3	0
840	505	5	0
846	505	5	0
854	505	4	0
862	505	4	0
870	505	4	0
6	506	4	0
7	506	5	0
13	506	5	0
42	506	3	0
59	506	5	0
60	506	5	0
85	506	4	0
90	506	5	0
94	506	5	0
95	506	3	0
119	506	5	0
128	506	4	0
151	506	4	0
178	506	3	0
184	506	4	0
201	506	4	0
222	506	2	0
233	506	5	0
234	506	4	0
236	506	5	0
268	506	4	0
269	506	5	0
271	506	4	0
293	506	5	0
303	506	4	0
308	506	4	0
312	506	4	0
325	506	5	0
327	506	3	0
331	506	2	0
334	506	3	0
339	506	4	0
363	506	2	0
373	506	4	0
380	506	3	0
385	506	2	0
389	506	4	0
399	506	3	0
406	506	4	0
416	506	5	0
417	506	4	0
429	506	4	0
436	506	5	0
450	506	5	0
452	506	3	0
456	506	4	0
474	506	5	0
496	506	3	0
504	506	4	0
508	506	5	0
524	506	4	0
532	506	5	0
535	506	5	0
537	506	3	0
553	506	4	0
561	506	3	0
567	506	5	0
575	506	2	0
608	506	4	0
618	506	4	0
622	506	3	0
645	506	5	0
650	506	3	0
653	506	2	0
659	506	3	0
661	506	3	0
666	506	5	0
693	506	2	0
694	506	4	0
704	506	4	0
707	506	2	0
712	506	3	0
716	506	4	0
746	506	3	0
758	506	3	0
767	506	5	0
833	506	2	0
840	506	5	0
846	506	3	0
852	506	4	0
868	506	4	0
881	506	4	0
883	506	5	0
886	506	4	0
897	506	4	0
907	506	5	0
911	506	3	0
916	506	3	0
932	506	4	0
934	506	4	0
6	507	4	0
7	507	5	0
9	507	4	0
13	507	1	0
14	507	4	0
44	507	3	0
59	507	4	0
60	507	4	0
70	507	4	0
73	507	3	0
85	507	4	0
90	507	5	0
91	507	4	0
95	507	4	0
114	507	3	0
128	507	4	0
148	507	5	0
151	507	5	0
194	507	4	0
195	507	4	0
226	507	2	0
234	507	4	0
236	507	3	0
239	507	5	0
269	507	4	0
271	507	2	0
280	507	3	0
293	507	4	0
298	507	4	0
303	507	5	0
308	507	3	0
312	507	5	0
316	507	3	0
321	507	3	0
322	507	4	0
325	507	3	0
326	507	2	0
327	507	4	0
342	507	4	0
354	507	3	0
382	507	4	0
385	507	3	0
389	507	5	0
391	507	4	0
393	507	2	0
401	507	4	0
406	507	4	0
429	507	5	0
433	507	4	0
436	507	4	0
437	507	5	0
450	507	5	0
454	507	3	0
457	507	4	0
468	507	5	0
469	507	5	0
474	507	4	0
481	507	4	0
494	507	4	0
495	507	4	0
527	507	5	0
535	507	5	0
537	507	4	0
553	507	3	0
556	507	5	0
561	507	4	0
567	507	5	0
573	507	5	0
575	507	2	0
606	507	4	0
608	507	3	0
618	507	4	0
648	507	1	0
650	507	4	0
655	507	4	0
659	507	5	0
666	507	3	0
693	507	4	0
698	507	4	0
707	507	5	0
716	507	5	0
727	507	2	0
731	507	3	0
745	507	1	0
747	507	3	0
763	507	4	0
765	507	5	0
766	507	3	0
836	507	4	0
840	507	4	0
846	507	3	0
847	507	3	0
854	507	4	0
911	507	4	0
912	507	3	0
918	507	5	0
932	507	5	0
934	507	4	0
6	510	4	0
7	510	5	0
8	510	4	0
10	510	5	0
13	510	5	0
16	510	4	0
18	510	4	0
22	510	5	0
59	510	4	0
60	510	5	0
85	510	4	0
87	510	5	0
91	510	3	0
94	510	5	0
95	510	4	0
102	510	4	0
122	510	4	0
145	510	4	0
153	510	3	0
156	510	4	0
158	510	3	0
178	510	4	0
188	510	3	0
189	510	5	0
194	510	4	0
197	510	5	0
225	510	5	0
234	510	4	0
236	510	3	0
253	510	5	0
263	510	4	0
271	510	4	0
292	510	4	0
293	510	3	0
296	510	5	0
299	510	5	0
308	510	3	0
311	510	4	0
312	510	5	0
321	510	5	0
325	510	4	0
326	510	5	0
328	510	5	0
334	510	4	0
343	510	5	0
373	510	3	0
389	510	3	0
391	510	5	0
392	510	4	0
398	510	4	0
402	510	5	0
405	510	1	0
407	510	4	0
416	510	4	0
426	510	4	0
429	510	4	0
450	510	4	0
452	510	4	0
464	510	4	0
466	510	2	0
469	510	4	0
474	510	4	0
479	510	4	0
480	510	4	0
483	510	3	0
484	510	4	0
488	510	4	0
497	510	3	0
505	510	3	0
506	510	5	0
514	510	3	0
522	510	5	0
532	510	5	0
536	510	4	0
537	510	3	0
545	510	3	0
561	510	3	0
585	510	5	0
600	510	5	0
627	510	4	0
632	510	5	0
638	510	3	0
639	510	3	0
648	510	5	0
650	510	3	0
653	510	2	0
658	510	3	0
660	510	3	0
666	510	4	0
671	510	3	0
694	510	5	0
710	510	4	0
712	510	2	0
719	510	4	0
727	510	4	0
731	510	1	0
745	510	3	0
747	510	5	0
749	510	4	0
753	510	4	0
758	510	3	0
763	510	4	0
766	510	3	0
774	510	2	0
776	510	5	0
780	510	4	0
788	510	5	0
796	510	3	0
804	510	5	0
807	510	5	0
826	510	4	0
828	510	3	0
830	510	4	0
846	510	4	0
855	510	4	0
871	510	3	0
882	510	5	0
884	510	5	0
897	510	3	0
932	510	4	0
934	510	5	0
6	512	4	0
18	512	5	0
23	512	5	0
58	512	3	0
62	512	4	0
85	512	3	0
90	512	4	0
151	512	5	0
167	512	5	0
184	512	4	0
189	512	4	0
214	512	5	0
235	512	5	0
239	512	5	0
269	512	5	0
286	512	2	0
299	512	4	0
305	512	4	0
308	512	5	0
312	512	3	0
329	512	4	0
334	512	4	0
354	512	3	0
358	512	5	0
380	512	3	0
381	512	4	0
385	512	5	0
405	512	1	0
437	512	4	0
440	512	3	0
498	512	5	0
537	512	3	0
561	512	4	0
565	512	3	0
566	512	4	0
568	512	1	0
592	512	5	0
639	512	2	0
645	512	5	0
655	512	3	0
659	512	3	0
698	512	4	0
758	512	5	0
828	512	5	0
829	512	4	0
833	512	4	0
840	512	5	0
848	512	5	0
854	512	3	0
855	512	4	0
875	512	5	0
878	512	5	0
883	512	5	0
886	512	1	0
889	512	5	0
894	512	5	0
916	512	5	0
6	513	4	0
7	513	4	0
10	513	4	0
18	513	4	0
59	513	4	0
60	513	5	0
76	513	5	0
82	513	4	0
85	513	4	0
118	513	5	0
122	513	4	0
125	513	4	0
138	513	5	0
167	513	4	0
189	513	4	0
201	513	3	0
226	513	3	0
234	513	5	0
237	513	5	0
239	513	5	0
293	513	5	0
295	513	4	0
299	513	4	0
308	513	3	0
312	513	5	0
315	513	5	0
321	513	4	0
322	513	4	0
333	513	4	0
338	513	5	0
354	513	5	0
361	513	5	0
383	513	5	0
387	513	5	0
392	513	5	0
397	513	5	0
405	513	1	0
406	513	5	0
417	513	5	0
420	513	5	0
452	513	4	0
458	513	4	0
465	513	5	0
469	513	5	0
474	513	5	0
491	513	5	0
524	513	4	0
527	513	4	0
537	513	4	0
543	513	4	0
553	513	4	0
556	513	4	0
559	513	5	0
561	513	3	0
567	513	4	0
573	513	4	0
583	513	5	0
639	513	4	0
641	513	5	0
645	513	5	0
655	513	3	0
664	513	4	0
666	513	4	0
683	513	5	0
698	513	2	0
804	513	5	0
840	513	5	0
846	513	5	0
870	513	4	0
883	513	5	0
889	513	4	0
932	513	5	0
6	515	4	0
7	515	3	0
13	515	2	0
18	515	5	0
22	515	5	0
26	515	4	0
27	515	4	0
59	515	4	0
60	515	5	0
64	515	5	0
72	515	4	0
79	515	5	0
85	515	5	0
87	515	4	0
90	515	5	0
91	515	5	0
92	515	4	0
95	515	5	0
102	515	1	0
108	515	5	0
116	515	4	0
120	515	5	0
121	515	4	0
136	515	5	0
145	515	5	0
154	515	4	0
156	515	3	0
157	515	5	0
164	515	4	0
184	515	5	0
185	515	4	0
192	515	4	0
194	515	4	0
197	515	5	0
200	515	5	0
201	515	5	0
202	515	1	0
207	515	5	0
212	515	4	0
213	515	4	0
230	515	5	0
232	515	2	0
233	515	5	0
234	515	5	0
235	515	4	0
248	515	5	0
263	515	5	0
267	515	5	0
269	515	4	0
271	515	5	0
275	515	3	0
278	515	5	0
279	515	3	0
288	515	4	0
290	515	3	0
292	515	4	0
294	515	5	0
296	515	5	0
297	515	5	0
299	515	4	0
301	515	3	0
307	515	4	0
308	515	3	0
311	515	4	0
312	515	5	0
313	515	5	0
316	515	4	0
321	515	5	0
326	515	5	0
328	515	5	0
329	515	4	0
334	515	4	0
337	515	5	0
339	515	5	0
343	515	4	0
346	515	5	0
350	515	5	0
354	515	3	0
360	515	4	0
380	515	4	0
386	515	5	0
387	515	5	0
390	515	4	0
392	515	5	0
395	515	4	0
401	515	4	0
402	515	5	0
403	515	4	0
405	515	1	0
406	515	2	0
413	515	5	0
416	515	5	0
417	515	4	0
422	515	4	0
425	515	3	0
430	515	4	0
440	515	4	0
444	515	4	0
449	515	5	0
452	515	4	0
453	515	4	0
455	515	4	0
458	515	4	0
460	515	5	0
464	515	5	0
474	515	5	0
483	515	4	0
486	515	5	0
488	515	4	0
490	515	3	0
498	515	4	0
516	515	4	0
524	515	4	0
532	515	5	0
535	515	3	0
537	515	4	0
540	515	5	0
543	515	4	0
548	515	5	0
549	515	5	0
552	515	3	0
553	515	5	0
559	515	4	0
560	515	3	0
561	515	3	0
565	515	5	0
581	515	4	0
590	515	3	0
594	515	5	0
600	515	5	0
617	515	3	0
619	515	1	0
625	515	4	0
634	515	4	0
637	515	4	0
638	515	4	0
643	515	4	0
650	515	4	0
651	515	5	0
655	515	4	0
658	515	5	0
660	515	2	0
661	515	5	0
662	515	4	0
666	515	5	0
669	515	5	0
670	515	2	0
672	515	5	0
678	515	4	0
680	515	4	0
698	515	4	0
709	515	4	0
716	515	5	0
733	515	5	0
735	515	4	0
736	515	5	0
745	515	4	0
748	515	4	0
753	515	5	0
757	515	5	0
762	515	5	0
763	515	4	0
774	515	2	0
780	515	3	0
782	515	3	0
794	515	5	0
804	515	5	0
807	515	4	0
815	515	5	0
825	515	4	0
829	515	4	0
833	515	3	0
834	515	5	0
840	515	5	0
843	515	3	0
846	515	5	0
852	515	5	0
858	515	4	0
862	515	4	0
869	515	5	0
871	515	4	0
877	515	5	0
878	515	4	0
881	515	4	0
882	515	5	0
883	515	5	0
884	515	4	0
889	515	5	0
890	515	5	0
892	515	5	0
894	515	4	0
896	515	3	0
899	515	3	0
902	515	5	0
903	515	4	0
908	515	4	0
929	515	5	0
931	515	5	0
932	515	4	0
933	515	3	0
937	515	5	0
6	516	4	0
13	516	5	0
18	516	5	0
23	516	4	0
41	516	5	0
43	516	5	0
59	516	4	0
64	516	5	0
85	516	4	0
90	516	5	0
144	516	2	0
151	516	5	0
158	516	5	0
189	516	1	0
194	516	3	0
202	516	4	0
214	516	5	0
218	516	5	0
234	516	3	0
239	516	5	0
264	516	5	0
271	516	4	0
299	516	4	0
308	516	4	0
312	516	3	0
313	516	4	0
338	516	5	0
339	516	4	0
344	516	5	0
354	516	5	0
379	516	4	0
387	516	3	0
405	516	1	0
409	516	4	0
421	516	5	0
450	516	5	0
452	516	3	0
499	516	4	0
506	516	4	0
523	516	5	0
524	516	4	0
537	516	3	0
543	516	4	0
591	516	3	0
606	516	4	0
610	516	3	0
625	516	3	0
639	516	4	0
643	516	4	0
655	516	2	0
664	516	5	0
666	516	5	0
698	516	2	0
796	516	4	0
840	516	5	0
846	516	4	0
860	516	3	0
883	516	4	0
890	516	2	0
892	516	5	0
932	516	5	0
934	516	3	0
940	516	4	0
6	517	4	0
11	517	2	0
13	517	5	0
14	517	4	0
18	517	2	0
59	517	5	0
60	517	4	0
76	517	5	0
85	517	5	0
89	517	5	0
90	517	3	0
98	517	5	0
138	517	4	0
151	517	2	0
184	517	4	0
189	517	4	0
194	517	3	0
207	517	3	0
208	517	3	0
210	517	4	0
215	517	5	0
218	517	3	0
234	517	3	0
264	517	5	0
269	517	4	0
271	517	3	0
279	517	4	0
299	517	4	0
303	517	5	0
308	517	4	0
318	517	3	0
325	517	4	0
327	517	2	0
338	517	5	0
342	517	5	0
361	517	5	0
378	517	3	0
379	517	4	0
381	517	4	0
383	517	5	0
389	517	4	0
392	517	5	0
405	517	3	0
406	517	2	0
421	517	2	0
437	517	4	0
452	517	2	0
458	517	4	0
474	517	4	0
480	517	4	0
498	517	4	0
500	517	4	0
504	517	4	0
506	517	2	0
524	517	4	0
527	517	5	0
535	517	4	0
537	517	4	0
567	517	5	0
591	517	4	0
608	517	4	0
615	517	5	0
625	517	3	0
639	517	2	0
650	517	3	0
653	517	1	0
655	517	4	0
659	517	5	0
666	517	4	0
669	517	3	0
680	517	4	0
694	517	4	0
707	517	3	0
716	517	5	0
738	517	3	0
747	517	5	0
748	517	3	0
758	517	3	0
796	517	2	0
823	517	5	0
833	517	2	0
840	517	4	0
848	517	5	0
860	517	4	0
870	517	2	0
878	517	4	0
883	517	4	0
912	517	4	0
918	517	3	0
929	517	5	0
932	517	5	0
6	519	5	0
7	519	4	0
10	519	5	0
13	519	5	0
14	519	5	0
18	519	4	0
31	519	4	0
48	519	3	0
59	519	4	0
60	519	4	0
77	519	5	0
82	519	4	0
85	519	4	0
87	519	4	0
90	519	5	0
96	519	4	0
116	519	5	0
122	519	4	0
138	519	5	0
188	519	4	0
194	519	4	0
234	519	5	0
301	519	4	0
308	519	4	0
311	519	3	0
312	519	5	0
313	519	5	0
321	519	4	0
326	519	5	0
328	519	5	0
389	519	4	0
398	519	4	0
401	519	4	0
405	519	2	0
406	519	4	0
407	519	4	0
426	519	4	0
450	519	4	0
454	519	2	0
458	519	4	0
474	519	4	0
499	519	3	0
524	519	4	0
535	519	3	0
537	519	3	0
543	519	4	0
553	519	5	0
559	519	5	0
568	519	3	0
573	519	4	0
583	519	5	0
615	519	5	0
617	519	3	0
622	519	3	0
625	519	2	0
639	519	4	0
643	519	4	0
648	519	4	0
650	519	4	0
659	519	4	0
666	519	4	0
670	519	5	0
694	519	4	0
704	519	3	0
716	519	3	0
745	519	5	0
747	519	5	0
766	519	4	0
774	519	5	0
788	519	4	0
805	519	4	0
840	519	5	0
846	519	4	0
848	519	5	0
850	519	4	0
862	519	4	0
883	519	5	0
889	519	4	0
924	519	4	0
932	519	4	0
6	520	4	0
7	520	5	0
13	520	4	0
18	520	4	0
25	520	3	0
44	520	5	0
64	520	5	0
72	520	5	0
82	520	3	0
85	520	3	0
91	520	4	0
95	520	4	0
109	520	5	0
114	520	3	0
125	520	5	0
178	520	5	0
189	520	5	0
194	520	5	0
207	520	4	0
211	520	4	0
234	520	4	0
235	520	4	0
236	520	4	0
251	520	5	0
263	520	3	0
271	520	5	0
275	520	4	0
288	520	5	0
290	520	3	0
294	520	5	0
308	520	4	0
311	520	5	0
312	520	5	0
313	520	5	0
315	520	4	0
326	520	5	0
328	520	5	0
333	520	4	0
337	520	5	0
340	520	5	0
346	520	5	0
354	520	3	0
360	520	4	0
373	520	4	0
379	520	5	0
381	520	5	0
385	520	3	0
387	520	4	0
389	520	3	0
398	520	5	0
401	520	3	0
405	520	2	0
406	520	4	0
409	520	2	0
416	520	5	0
425	520	3	0
429	520	3	0
435	520	4	0
450	520	5	0
452	520	3	0
454	520	4	0
464	520	5	0
469	520	4	0
474	520	5	0
488	520	4	0
499	520	3	0
506	520	5	0
521	520	3	0
524	520	3	0
532	520	5	0
535	520	4	0
545	520	4	0
551	520	4	0
553	520	5	0
556	520	5	0
559	520	5	0
561	520	4	0
568	520	2	0
579	520	4	0
594	520	4	0
627	520	5	0
648	520	4	0
650	520	4	0
653	520	3	0
655	520	3	0
659	520	3	0
666	520	3	0
676	520	4	0
679	520	4	0
682	520	4	0
684	520	4	0
693	520	2	0
694	520	5	0
696	520	5	0
716	520	4	0
719	520	5	0
727	520	4	0
731	520	4	0
745	520	3	0
758	520	5	0
766	520	4	0
774	520	3	0
780	520	4	0
786	520	4	0
788	520	4	0
796	520	3	0
804	520	4	0
807	520	5	0
840	520	5	0
846	520	5	0
848	520	5	0
862	520	4	0
868	520	4	0
870	520	5	0
881	520	5	0
889	520	4	0
890	520	4	0
901	520	5	0
903	520	4	0
907	520	5	0
912	520	2	0
918	520	3	0
932	520	4	0
942	520	5	0
6	524	3	0
11	524	4	0
13	524	4	0
14	524	5	0
18	524	4	0
48	524	3	0
59	524	3	0
60	524	4	0
102	524	3	0
144	524	5	0
207	524	4	0
208	524	4	0
234	524	3	0
235	524	5	0
264	524	3	0
312	524	5	0
318	524	3	0
361	524	4	0
379	524	4	0
385	524	5	0
389	524	5	0
405	524	1	0
406	524	4	0
426	524	4	0
481	524	5	0
499	524	4	0
508	524	5	0
545	524	4	0
553	524	5	0
559	524	3	0
561	524	4	0
568	524	2	0
583	524	5	0
659	524	4	0
691	524	5	0
747	524	5	0
767	524	5	0
776	524	5	0
815	524	4	0
846	524	3	0
867	524	5	0
868	524	3	0
881	524	4	0
889	524	4	0
890	524	4	0
932	524	5	0
6	525	5	0
10	525	5	0
13	525	5	0
14	525	5	0
59	525	3	0
60	525	5	0
72	525	4	0
94	525	5	0
96	525	2	0
136	525	5	0
151	525	4	0
158	525	5	0
169	525	3	0
189	525	5	0
234	525	4	0
237	525	4	0
264	525	5	0
268	525	4	0
269	525	4	0
278	525	5	0
292	525	5	0
303	525	5	0
308	525	5	0
312	525	5	0
313	525	5	0
325	525	5	0
326	525	5	0
334	525	5	0
338	525	4	0
339	525	5	0
361	525	4	0
370	525	4	0
375	525	4	0
381	525	5	0
385	525	4	0
389	525	4	0
398	525	3	0
405	525	1	0
407	525	4	0
421	525	4	0
426	525	4	0
450	525	3	0
465	525	3	0
474	525	4	0
498	525	4	0
499	525	4	0
506	525	4	0
524	525	3	0
533	525	3	0
537	525	3	0
548	525	5	0
553	525	4	0
567	525	5	0
568	525	3	0
623	525	4	0
650	525	3	0
655	525	2	0
664	525	4	0
666	525	4	0
698	525	1	0
707	525	3	0
716	525	3	0
747	525	5	0
774	525	2	0
776	525	2	0
796	525	4	0
805	525	4	0
840	525	5	0
846	525	4	0
892	525	5	0
896	525	5	0
908	525	4	0
932	525	5	0
6	528	4	0
7	528	5	0
18	528	4	0
23	528	4	0
48	528	5	0
59	528	4	0
60	528	4	0
62	528	5	0
72	528	4	0
84	528	5	0
85	528	4	0
90	528	5	0
92	528	4	0
94	528	5	0
118	528	4	0
144	528	4	0
151	528	5	0
156	528	4	0
184	528	5	0
185	528	4	0
200	528	4	0
211	528	4	0
212	528	5	0
224	528	3	0
233	528	5	0
234	528	4	0
237	528	5	0
239	528	5	0
244	528	3	0
263	528	4	0
269	528	4	0
271	528	3	0
280	528	3	0
288	528	4	0
292	528	5	0
293	528	4	0
296	528	5	0
305	528	4	0
308	528	3	0
311	528	4	0
312	528	5	0
322	528	5	0
326	528	3	0
328	528	5	0
339	528	5	0
343	528	3	0
354	528	5	0
373	528	3	0
378	528	5	0
379	528	5	0
383	528	4	0
385	528	4	0
387	528	4	0
392	528	5	0
401	528	5	0
405	528	1	0
406	528	4	0
409	528	4	0
429	528	4	0
430	528	4	0
450	528	5	0
452	528	4	0
454	528	4	0
457	528	5	0
465	528	3	0
474	528	5	0
479	528	4	0
492	528	5	0
493	528	5	0
494	528	3	0
496	528	4	0
508	528	5	0
524	528	4	0
527	528	3	0
533	528	4	0
537	528	3	0
538	528	5	0
543	528	4	0
553	528	3	0
559	528	4	0
573	528	4	0
579	528	4	0
605	528	5	0
607	528	4	0
615	528	4	0
625	528	3	0
627	528	4	0
629	528	5	0
639	528	4	0
641	528	4	0
650	528	3	0
655	528	5	0
659	528	4	0
664	528	5	0
673	528	5	0
686	528	5	0
693	528	1	0
694	528	3	0
704	528	3	0
738	528	4	0
748	528	3	0
774	528	4	0
786	528	5	0
788	528	5	0
804	528	4	0
807	528	4	0
815	528	5	0
840	528	5	0
843	528	3	0
846	528	5	0
848	528	3	0
854	528	4	0
867	528	4	0
870	528	4	0
881	528	5	0
897	528	3	0
903	528	4	0
908	528	4	0
916	528	3	0
932	528	5	0
942	528	5	0
6	529	4	0
7	529	2	0
10	529	3	0
13	529	4	0
18	529	5	0
28	529	4	0
48	529	4	0
59	529	4	0
60	529	4	0
82	529	4	0
84	529	5	0
85	529	3	0
90	529	5	0
91	529	4	0
148	529	5	0
151	529	5	0
184	529	4	0
194	529	4	0
207	529	4	0
222	529	2	0
239	529	5	0
269	529	5	0
271	529	4	0
279	529	3	0
297	529	3	0
299	529	4	0
305	529	5	0
307	529	4	0
312	529	5	0
321	529	4	0
325	529	4	0
327	529	3	0
334	529	5	0
344	529	5	0
354	529	4	0
358	529	3	0
373	529	4	0
379	529	4	0
380	529	3	0
381	529	5	0
385	529	4	0
397	529	4	0
402	529	4	0
405	529	1	0
406	529	2	0
409	529	5	0
425	529	4	0
429	529	4	0
455	529	3	0
457	529	4	0
458	529	3	0
465	529	3	0
468	529	3	0
474	529	5	0
500	529	4	0
503	529	2	0
504	529	4	0
506	529	3	0
535	529	3	0
537	529	3	0
543	529	4	0
557	529	5	0
566	529	4	0
568	529	4	0
585	529	3	0
607	529	4	0
615	529	5	0
655	529	4	0
664	529	4	0
666	529	5	0
698	529	5	0
707	529	4	0
747	529	5	0
758	529	4	0
804	529	4	0
815	529	5	0
829	529	4	0
840	529	4	0
848	529	5	0
855	529	4	0
861	529	5	0
867	529	5	0
876	529	4	0
878	529	5	0
883	529	5	0
884	529	5	0
894	529	4	0
903	529	4	0
909	529	3	0
918	529	3	0
932	529	4	0
934	529	5	0
940	529	3	0
6	530	4	0
7	530	5	0
10	530	4	0
13	530	5	0
14	530	5	0
18	530	4	0
23	530	4	0
44	530	5	0
72	530	4	0
85	530	3	0
90	530	3	0
102	530	3	0
115	530	5	0
158	530	4	0
167	530	5	0
194	530	4	0
197	530	3	0
234	530	4	0
239	530	5	0
269	530	3	0
271	530	4	0
279	530	3	0
298	530	5	0
305	530	5	0
308	530	4	0
311	530	3	0
312	530	5	0
316	530	2	0
321	530	4	0
325	530	4	0
326	530	5	0
339	530	5	0
343	530	5	0
344	530	4	0
350	530	4	0
379	530	5	0
380	530	5	0
387	530	4	0
391	530	5	0
405	530	1	0
409	530	4	0
429	530	4	0
450	530	3	0
452	530	3	0
454	530	2	0
458	530	4	0
469	530	5	0
474	530	5	0
499	530	4	0
506	530	5	0
522	530	4	0
524	530	4	0
537	530	4	0
561	530	4	0
568	530	3	0
583	530	4	0
600	530	4	0
606	530	4	0
613	530	5	0
627	530	3	0
650	530	4	0
658	530	4	0
666	530	3	0
694	530	5	0
747	530	5	0
766	530	4	0
774	530	5	0
796	530	3	0
843	530	3	0
846	530	5	0
848	530	5	0
878	530	5	0
881	530	5	0
883	530	3	0
890	530	4	0
897	530	3	0
911	530	4	0
913	530	2	0
916	530	4	0
932	530	4	0
7	589	5	0
10	589	5	0
13	589	3	0
85	589	3	0
94	589	5	0
130	589	4	0
160	589	3	0
201	589	3	0
232	589	3	0
234	589	3	0
239	589	3	0
248	589	4	0
292	589	4	0
293	589	4	0
308	589	4	0
312	589	5	0
327	589	3	0
328	589	4	0
339	589	5	0
350	589	5	0
363	589	3	0
392	589	4	0
398	589	3	0
406	589	5	0
450	589	3	0
454	589	2	0
458	589	4	0
488	589	3	0
553	589	5	0
561	589	3	0
567	589	5	0
592	589	5	0
752	589	4	0
788	589	5	0
833	589	5	0
868	589	4	0
870	589	4	0
883	589	5	0
886	589	3	0
890	589	5	0
900	589	5	0
929	589	5	0
932	589	5	0
7	602	3	0
10	602	5	0
13	602	4	0
16	602	5	0
18	602	3	0
59	602	2	0
60	602	4	0
90	602	5	0
128	602	4	0
138	602	4	0
151	602	4	0
184	602	4	0
234	602	4	0
263	602	4	0
264	602	4	0
269	602	4	0
271	602	3	0
292	602	4	0
295	602	5	0
299	602	3	0
305	602	3	0
308	602	4	0
312	602	4	0
354	602	3	0
389	602	4	0
398	602	4	0
406	602	3	0
429	602	5	0
437	602	3	0
450	602	4	0
454	602	2	0
474	602	3	0
479	602	4	0
537	602	3	0
583	602	4	0
588	602	3	0
625	602	3	0
650	602	4	0
659	602	4	0
707	602	4	0
716	602	5	0
766	602	4	0
798	602	3	0
807	602	5	0
815	602	3	0
846	602	4	0
847	602	3	0
900	602	1	0
912	602	5	0
934	602	3	0
7	604	3	0
10	604	4	0
13	604	5	0
18	604	5	0
25	604	4	0
59	604	3	0
60	604	4	0
85	604	4	0
90	604	5	0
116	604	3	0
160	604	4	0
169	604	4	0
184	604	4	0
194	604	3	0
202	604	5	0
225	604	5	0
234	604	5	0
269	604	3	0
272	604	4	0
298	604	5	0
301	604	4	0
311	604	3	0
312	604	5	0
313	604	4	0
321	604	5	0
325	604	4	0
338	604	4	0
350	604	5	0
354	604	4	0
370	604	4	0
383	604	5	0
385	604	4	0
389	604	4	0
391	604	4	0
392	604	5	0
398	604	5	0
401	604	4	0
406	604	3	0
409	604	4	0
419	604	5	0
450	604	4	0
454	604	3	0
474	604	4	0
478	604	3	0
479	604	3	0
505	604	5	0
506	604	4	0
524	604	4	0
535	604	4	0
537	604	3	0
553	604	5	0
556	604	5	0
567	604	4	0
568	604	4	0
571	604	3	0
612	604	4	0
617	604	2	0
639	604	4	0
647	604	4	0
650	604	3	0
655	604	4	0
659	604	4	0
666	604	3	0
691	604	5	0
693	604	3	0
694	604	4	0
704	604	5	0
716	604	3	0
734	604	4	0
747	604	5	0
760	604	4	0
766	604	4	0
780	604	3	0
846	604	4	0
854	604	4	0
876	604	5	0
889	604	3	0
890	604	5	0
892	604	5	0
913	604	2	0
942	604	4	0
7	606	3	0
10	606	5	0
13	606	4	0
16	606	4	0
42	606	3	0
59	606	4	0
60	606	4	0
85	606	4	0
90	606	5	0
123	606	3	0
151	606	5	0
167	606	4	0
169	606	5	0
172	606	3	0
184	606	5	0
225	606	5	0
234	606	5	0
264	606	5	0
299	606	4	0
301	606	3	0
312	606	5	0
328	606	3	0
334	606	5	0
338	606	3	0
342	606	5	0
343	606	5	0
354	606	5	0
378	606	5	0
385	606	4	0
405	606	3	0
406	606	3	0
409	606	4	0
426	606	5	0
437	606	4	0
450	606	5	0
454	606	2	0
474	606	3	0
524	606	4	0
537	606	3	0
560	606	4	0
567	606	4	0
568	606	5	0
608	606	5	0
610	606	5	0
617	606	3	0
659	606	5	0
670	606	4	0
693	606	4	0
694	606	4	0
698	606	2	0
704	606	2	0
707	606	4	0
716	606	5	0
731	606	3	0
747	606	5	0
766	606	3	0
796	606	4	0
823	606	4	0
835	606	5	0
840	606	4	0
846	606	4	0
848	606	4	0
854	606	4	0
870	606	4	0
918	606	4	0
932	606	4	0
7	607	3	0
18	607	3	0
90	607	5	0
116	607	2	0
178	607	3	0
189	607	4	0
201	607	4	0
230	607	3	0
234	607	4	0
292	607	4	0
299	607	4	0
301	607	4	0
308	607	3	0
312	607	5	0
321	607	4	0
334	607	3	0
338	607	4	0
339	607	5	0
342	607	3	0
354	607	3	0
370	607	5	0
381	607	4	0
389	607	3	0
398	607	3	0
406	607	4	0
409	607	5	0
416	607	5	0
426	607	4	0
429	607	3	0
437	607	5	0
450	607	5	0
452	607	5	0
454	607	2	0
469	607	5	0
474	607	4	0
496	607	3	0
498	607	3	0
503	607	5	0
506	607	4	0
524	607	3	0
530	607	5	0
535	607	5	0
537	607	4	0
553	607	4	0
561	607	5	0
567	607	4	0
608	607	5	0
610	607	5	0
613	607	4	0
617	607	4	0
655	607	4	0
659	607	5	0
666	607	4	0
683	607	5	0
698	607	2	0
704	607	4	0
734	607	5	0
758	607	5	0
763	607	4	0
766	607	1	0
776	607	4	0
796	607	4	0
840	607	4	0
889	607	4	0
932	607	4	0
942	607	5	0
7	608	4	0
59	608	4	0
60	608	5	0
214	608	4	0
234	608	3	0
269	608	4	0
312	608	5	0
313	608	4	0
322	608	3	0
326	608	4	0
334	608	4	0
370	608	4	0
389	608	3	0
406	608	4	0
409	608	4	0
426	608	4	0
450	608	4	0
456	608	4	0
474	608	4	0
506	608	4	0
535	608	4	0
561	608	3	0
567	608	4	0
650	608	4	0
731	608	4	0
747	608	4	0
758	608	5	0
796	608	3	0
846	608	4	0
870	608	4	0
7	610	5	0
10	610	4	0
13	610	2	0
18	610	4	0
59	610	4	0
85	610	3	0
90	610	5	0
151	610	5	0
234	610	4	0
254	610	2	0
271	610	3	0
301	610	3	0
305	610	3	0
308	610	4	0
312	610	5	0
318	610	5	0
328	610	3	0
354	610	4	0
380	610	2	0
389	610	5	0
398	610	4	0
401	610	4	0
406	610	1	0
426	610	4	0
450	610	4	0
454	610	3	0
469	610	4	0
474	610	3	0
537	610	4	0
539	610	4	0
655	610	4	0
659	610	3	0
694	610	4	0
716	610	4	0
798	610	3	0
807	610	3	0
835	610	5	0
846	610	4	0
848	610	5	0
912	610	4	0
940	610	1	0
7	611	3	0
10	611	5	0
31	611	4	0
59	611	3	0
90	611	5	0
151	611	4	0
234	611	5	0
308	611	4	0
312	611	5	0
321	611	4	0
326	611	3	0
361	611	4	0
397	611	5	0
406	611	3	0
429	611	4	0
450	611	5	0
454	611	2	0
469	611	5	0
474	611	4	0
500	611	5	0
506	611	5	0
553	611	5	0
561	611	5	0
567	611	4	0
568	611	3	0
608	611	3	0
617	611	4	0
655	611	3	0
659	611	4	0
664	611	5	0
670	611	5	0
693	611	4	0
704	611	3	0
716	611	5	0
731	611	3	0
796	611	4	0
836	611	5	0
840	611	4	0
912	611	3	0
932	611	5	0
7	612	5	0
13	612	4	0
18	612	4	0
25	612	4	0
59	612	3	0
91	612	4	0
102	612	4	0
172	612	3	0
234	612	3	0
239	612	5	0
251	612	5	0
254	612	3	0
312	612	5	0
326	612	2	0
389	612	4	0
406	612	5	0
450	612	4	0
454	612	3	0
468	612	4	0
483	612	3	0
488	612	4	0
504	612	4	0
524	612	3	0
535	612	4	0
567	612	4	0
568	612	3	0
650	612	4	0
655	612	3	0
807	612	5	0
830	612	4	0
835	612	4	0
846	612	5	0
892	612	5	0
932	612	5	0
7	613	4	0
13	613	4	0
18	613	5	0
60	613	4	0
90	613	4	0
234	613	4	0
308	613	4	0
312	613	5	0
326	613	5	0
338	613	3	0
370	613	2	0
389	613	5	0
393	613	4	0
426	613	3	0
450	613	4	0
524	613	4	0
537	613	3	0
567	613	4	0
666	613	5	0
698	613	5	0
731	613	2	0
766	613	3	0
815	613	5	0
830	613	4	0
892	613	5	0
913	613	5	0
932	613	4	0
7	614	5	0
13	614	4	0
18	614	4	0
90	614	4	0
91	614	4	0
128	614	3	0
138	614	4	0
151	614	4	0
233	614	4	0
234	614	3	0
236	614	5	0
263	614	3	0
267	614	5	0
269	614	3	0
271	614	4	0
308	614	3	0
311	614	4	0
312	614	4	0
316	614	2	0
321	614	3	0
325	614	4	0
328	614	4	0
339	614	3	0
343	614	5	0
380	614	3	0
416	614	5	0
417	614	3	0
426	614	4	0
437	614	5	0
450	614	4	0
452	614	3	0
454	614	3	0
474	614	4	0
505	614	3	0
524	614	5	0
535	614	5	0
536	614	4	0
537	614	3	0
561	614	3	0
650	614	3	0
669	614	4	0
694	614	4	0
707	614	2	0
716	614	4	0
788	614	4	0
815	614	3	0
833	614	2	0
846	614	5	0
932	614	4	0
934	614	3	0
943	614	5	0
7	615	4	0
9	615	4	0
10	615	4	0
13	615	4	0
25	615	5	0
59	615	4	0
60	615	5	0
114	615	2	0
125	615	3	0
167	615	5	0
195	615	4	0
234	615	5	0
299	615	4	0
303	615	4	0
308	615	3	0
312	615	4	0
313	615	4	0
321	615	5	0
326	615	4	0
389	615	4	0
392	615	5	0
397	615	5	0
409	615	5	0
419	615	5	0
452	615	3	0
465	615	3	0
474	615	4	0
480	615	4	0
503	615	5	0
524	615	2	0
527	615	4	0
528	615	4	0
537	615	3	0
553	615	5	0
561	615	4	0
567	615	4	0
568	615	5	0
591	615	4	0
617	615	3	0
639	615	5	0
648	615	4	0
661	615	4	0
670	615	3	0
716	615	3	0
747	615	5	0
767	615	4	0
796	615	4	0
804	615	5	0
815	615	2	0
840	615	5	0
843	615	3	0
846	615	5	0
848	615	5	0
868	615	4	0
881	615	4	0
889	615	3	0
892	615	5	0
932	615	5	0
942	615	3	0
7	632	5	0
13	632	3	0
85	632	3	0
90	632	5	0
144	632	4	0
151	632	4	0
152	632	4	0
184	632	5	0
188	632	5	0
189	632	5	0
224	632	2	0
234	632	2	0
236	632	3	0
239	632	5	0
243	632	5	0
269	632	4	0
288	632	4	0
293	632	3	0
296	632	5	0
308	632	3	0
312	632	3	0
313	632	4	0
339	632	4	0
373	632	3	0
378	632	5	0
392	632	5	0
395	632	5	0
401	632	4	0
406	632	4	0
409	632	3	0
450	632	5	0
454	632	3	0
457	632	5	0
458	632	4	0
479	632	5	0
504	632	3	0
535	632	4	0
573	632	4	0
613	632	3	0
615	632	5	0
629	632	3	0
655	632	3	0
666	632	4	0
693	632	5	0
694	632	4	0
704	632	3	0
707	632	4	0
716	632	4	0
721	632	4	0
804	632	3	0
835	632	5	0
840	632	3	0
843	632	2	0
854	632	4	0
890	632	5	0
896	632	2	0
924	632	4	0
932	632	4	0
7	633	5	0
18	633	5	0
20	633	4	0
25	633	4	0
44	633	3	0
59	633	3	0
60	633	4	0
64	633	5	0
128	633	4	0
151	633	5	0
194	633	3	0
221	633	3	0
230	633	4	0
233	633	5	0
239	633	5	0
246	633	3	0
308	633	4	0
312	633	5	0
313	633	5	0
316	633	4	0
321	633	5	0
326	633	4	0
373	633	4	0
393	633	2	0
398	633	4	0
399	633	3	0
406	633	5	0
409	633	4	0
416	633	4	0
426	633	4	0
429	633	3	0
450	633	5	0
454	633	2	0
472	633	4	0
474	633	4	0
488	633	5	0
495	633	5	0
496	633	3	0
503	633	5	0
504	633	3	0
532	633	5	0
537	633	3	0
545	633	3	0
593	633	5	0
618	633	3	0
632	633	4	0
648	633	3	0
650	633	4	0
704	633	5	0
709	633	3	0
716	633	4	0
748	633	4	0
749	633	4	0
764	633	5	0
766	633	4	0
786	633	4	0
796	633	5	0
807	633	4	0
830	633	4	0
835	633	5	0
843	633	3	0
846	633	3	0
848	633	3	0
849	633	5	0
862	633	5	0
887	633	5	0
892	633	4	0
897	633	5	0
907	633	5	0
7	639	5	0
13	639	3	0
18	639	4	0
85	639	3	0
90	639	5	0
184	639	3	0
189	639	4	0
269	639	4	0
311	639	4	0
312	639	5	0
328	639	2	0
339	639	4	0
345	639	4	0
358	639	4	0
361	639	4	0
382	639	3	0
383	639	4	0
405	639	1	0
406	639	4	0
449	639	5	0
500	639	4	0
535	639	4	0
537	639	2	0
561	639	3	0
565	639	5	0
585	639	4	0
643	639	4	0
650	639	3	0
655	639	3	0
704	639	2	0
747	639	5	0
766	639	3	0
773	639	4	0
788	639	3	0
804	639	4	0
815	639	2	0
829	639	4	0
840	639	4	0
894	639	5	0
932	639	5	0
7	646	5	0
11	646	3	0
13	646	4	0
28	646	4	0
94	646	5	0
114	646	4	0
156	646	4	0
234	646	3	0
263	646	5	0
293	646	3	0
308	646	5	0
326	646	2	0
328	646	3	0
391	646	4	0
405	646	2	0
426	646	3	0
474	646	4	0
506	646	4	0
524	646	5	0
527	646	5	0
537	646	2	0
553	646	4	0
567	646	5	0
617	646	4	0
659	646	4	0
666	646	3	0
745	646	4	0
766	646	4	0
788	646	3	0
802	646	4	0
804	646	4	0
833	646	5	0
868	646	5	0
870	646	4	0
889	646	3	0
897	646	5	0
912	646	3	0
932	646	4	0
7	647	5	0
13	647	5	0
18	647	4	0
48	647	4	0
59	647	5	0
72	647	1	0
85	647	4	0
90	647	5	0
94	647	5	0
106	647	3	0
136	647	5	0
144	647	4	0
184	647	5	0
189	647	4	0
194	647	4	0
233	647	5	0
234	647	3	0
235	647	4	0
239	647	5	0
253	647	3	0
267	647	5	0
269	647	4	0
276	647	4	0
293	647	5	0
299	647	4	0
312	647	5	0
321	647	3	0
325	647	5	0
344	647	4	0
381	647	4	0
405	647	1	0
406	647	5	0
409	647	5	0
450	647	4	0
455	647	4	0
468	647	5	0
474	647	4	0
479	647	5	0
493	647	4	0
499	647	5	0
514	647	3	0
524	647	3	0
527	647	5	0
537	647	4	0
543	647	3	0
567	647	5	0
606	647	3	0
617	647	3	0
625	647	4	0
639	647	3	0
655	647	3	0
659	647	3	0
661	647	4	0
666	647	5	0
669	647	5	0
707	647	5	0
748	647	3	0
804	647	5	0
815	647	5	0
833	647	4	0
840	647	5	0
848	647	5	0
862	647	5	0
870	647	4	0
883	647	5	0
889	647	2	0
896	647	3	0
907	647	3	0
911	647	4	0
932	647	5	0
7	648	5	0
22	648	4	0
43	648	5	0
87	648	5	0
90	648	4	0
95	648	3	0
125	648	4	0
158	648	5	0
174	648	5	0
194	648	4	0
218	648	4	0
234	648	3	0
235	648	4	0
263	648	5	0
271	648	4	0
295	648	4	0
308	648	4	0
311	648	4	0
312	648	5	0
318	648	5	0
326	648	5	0
373	648	4	0
391	648	5	0
398	648	5	0
405	648	1	0
407	648	3	0
426	648	3	0
450	648	5	0
452	648	4	0
458	648	4	0
474	648	4	0
476	648	4	0
481	648	5	0
505	648	4	0
514	648	3	0
536	648	3	0
537	648	4	0
542	648	4	0
545	648	3	0
553	648	4	0
567	648	4	0
617	648	3	0
623	648	5	0
639	648	3	0
650	648	3	0
659	648	3	0
694	648	5	0
698	648	4	0
704	648	5	0
707	648	4	0
716	648	4	0
731	648	4	0
747	648	5	0
766	648	3	0
767	648	4	0
776	648	3	0
798	648	3	0
805	648	4	0
830	648	5	0
846	648	5	0
850	648	5	0
883	648	4	0
892	648	4	0
908	648	4	0
912	648	3	0
932	648	5	0
934	648	3	0
7	653	4	0
135	653	4	0
234	653	3	0
276	653	5	0
292	653	4	0
293	653	5	0
303	653	4	0
308	653	5	0
312	653	5	0
322	653	4	0
331	653	3	0
352	653	3	0
363	653	3	0
385	653	4	0
405	653	1	0
421	653	3	0
426	653	4	0
474	653	4	0
527	653	4	0
537	653	4	0
560	653	4	0
567	653	5	0
568	653	4	0
617	653	4	0
645	653	5	0
655	653	3	0
666	653	4	0
747	653	5	0
753	653	4	0
758	653	3	0
833	653	4	0
840	653	5	0
870	653	4	0
912	653	3	0
7	656	3	0
10	656	5	0
13	656	5	0
21	656	5	0
48	656	4	0
60	656	4	0
90	656	5	0
189	656	4	0
201	656	4	0
234	656	4	0
237	656	4	0
264	656	4	0
308	656	3	0
312	656	5	0
322	656	5	0
325	656	4	0
342	656	5	0
381	656	4	0
385	656	5	0
389	656	5	0
405	656	1	0
407	656	4	0
430	656	4	0
465	656	3	0
469	656	5	0
498	656	3	0
543	656	4	0
561	656	4	0
568	656	3	0
617	656	4	0
643	656	4	0
645	656	4	0
655	656	3	0
666	656	4	0
698	656	1	0
710	656	5	0
758	656	5	0
776	656	5	0
814	656	3	0
833	656	4	0
840	656	4	0
883	656	5	0
913	656	3	0
918	656	4	0
7	657	4	0
10	657	4	0
13	657	4	0
16	657	5	0
25	657	4	0
29	657	4	0
49	657	5	0
52	657	5	0
59	657	4	0
73	657	5	0
82	657	4	0
85	657	4	0
87	657	4	0
90	657	5	0
91	657	4	0
94	657	5	0
95	657	5	0
115	657	3	0
123	657	4	0
125	657	3	0
151	657	5	0
172	657	3	0
184	657	4	0
189	657	5	0
194	657	4	0
210	657	4	0
218	657	5	0
234	657	4	0
256	657	5	0
269	657	4	0
271	657	4	0
292	657	5	0
293	657	4	0
308	657	4	0
312	657	5	0
313	657	4	0
315	657	4	0
318	657	5	0
321	657	4	0
326	657	5	0
328	657	4	0
329	657	3	0
334	657	4	0
339	657	4	0
342	657	5	0
343	657	5	0
346	657	4	0
350	657	5	0
352	657	4	0
354	657	4	0
361	657	5	0
363	657	5	0
370	657	3	0
381	657	4	0
383	657	5	0
385	657	4	0
389	657	5	0
392	657	5	0
397	657	5	0
405	657	1	0
406	657	5	0
407	657	4	0
409	657	3	0
416	657	5	0
421	657	4	0
426	657	5	0
433	657	5	0
437	657	5	0
450	657	4	0
454	657	3	0
474	657	5	0
491	657	5	0
492	657	3	0
497	657	3	0
498	657	3	0
499	657	5	0
506	657	5	0
524	657	4	0
527	657	4	0
528	657	5	0
535	657	5	0
537	657	3	0
548	657	5	0
553	657	5	0
561	657	4	0
567	657	5	0
571	657	4	0
573	657	4	0
592	657	4	0
641	657	4	0
650	657	4	0
653	657	4	0
655	657	3	0
659	657	5	0
660	657	2	0
661	657	4	0
664	657	5	0
666	657	4	0
669	657	5	0
670	657	5	0
682	657	4	0
694	657	4	0
704	657	4	0
744	657	5	0
748	657	4	0
753	657	5	0
758	657	5	0
767	657	4	0
776	657	3	0
780	657	3	0
788	657	4	0
802	657	4	0
804	657	4	0
807	657	4	0
833	657	4	0
836	657	5	0
840	657	5	0
843	657	3	0
846	657	5	0
862	657	5	0
867	657	5	0
870	657	5	0
880	657	4	0
886	657	5	0
889	657	4	0
890	657	5	0
908	657	4	0
913	657	5	0
932	657	5	0
934	657	3	0
940	657	4	0
7	659	5	0
11	659	5	0
13	659	3	0
18	659	4	0
59	659	3	0
60	659	4	0
85	659	4	0
90	659	4	0
98	659	5	0
114	659	4	0
125	659	4	0
151	659	5	0
158	659	5	0
167	659	4	0
187	659	5	0
189	659	4	0
194	659	4	0
218	659	4	0
234	659	3	0
236	659	3	0
237	659	4	0
239	659	3	0
253	659	5	0
264	659	5	0
269	659	4	0
271	659	3	0
279	659	5	0
283	659	5	0
292	659	5	0
296	659	5	0
297	659	4	0
308	659	3	0
312	659	5	0
313	659	4	0
318	659	4	0
321	659	4	0
326	659	4	0
327	659	4	0
354	659	4	0
361	659	5	0
370	659	4	0
379	659	5	0
385	659	4	0
387	659	4	0
391	659	4	0
393	659	4	0
398	659	3	0
401	659	3	0
405	659	4	0
407	659	5	0
409	659	5	0
416	659	5	0
426	659	4	0
435	659	4	0
450	659	5	0
452	659	4	0
454	659	2	0
474	659	5	0
481	659	5	0
488	659	3	0
496	659	3	0
503	659	5	0
514	659	3	0
521	659	4	0
527	659	4	0
533	659	4	0
541	659	5	0
548	659	4	0
567	659	4	0
568	659	3	0
593	659	5	0
623	659	5	0
639	659	3	0
643	659	5	0
650	659	3	0
653	659	1	0
659	659	3	0
664	659	5	0
670	659	5	0
682	659	1	0
694	659	4	0
698	659	3	0
716	659	4	0
719	659	4	0
738	659	4	0
747	659	4	0
749	659	5	0
751	659	5	0
766	659	3	0
767	659	5	0
774	659	3	0
780	659	4	0
796	659	3	0
798	659	4	0
805	659	3	0
807	659	4	0
815	659	5	0
823	659	4	0
836	659	5	0
840	659	5	0
846	659	5	0
850	659	4	0
870	659	4	0
878	659	4	0
883	659	3	0
886	659	4	0
889	659	4	0
892	659	4	0
897	659	5	0
911	659	3	0
912	659	5	0
918	659	4	0
921	659	5	0
932	659	5	0
942	659	5	0
7	661	5	0
13	661	5	0
16	661	4	0
29	661	5	0
48	661	5	0
60	661	4	0
65	661	4	0
82	661	4	0
85	661	4	0
90	661	5	0
97	661	5	0
116	661	4	0
122	661	4	0
151	661	4	0
156	661	4	0
175	661	4	0
189	661	4	0
194	661	5	0
234	661	5	0
236	661	3	0
263	661	5	0
269	661	4	0
271	661	4	0
292	661	5	0
308	661	4	0
311	661	3	0
312	661	5	0
313	661	4	0
328	661	5	0
339	661	5	0
354	661	4	0
360	661	5	0
370	661	5	0
385	661	4	0
389	661	4	0
391	661	5	0
398	661	3	0
401	661	3	0
405	661	3	0
406	661	5	0
409	661	5	0
426	661	4	0
450	661	3	0
452	661	4	0
454	661	4	0
474	661	4	0
480	661	4	0
496	661	3	0
499	661	3	0
506	661	5	0
524	661	3	0
527	661	5	0
537	661	4	0
539	661	5	0
553	661	5	0
559	661	3	0
561	661	4	0
568	661	4	0
573	661	4	0
593	661	2	0
608	661	3	0
639	661	4	0
650	661	3	0
659	661	5	0
666	661	4	0
694	661	5	0
704	661	4	0
716	661	3	0
739	661	2	0
747	661	5	0
749	661	5	0
776	661	5	0
785	661	3	0
788	661	5	0
805	661	4	0
830	661	4	0
840	661	5	0
843	661	3	0
846	661	4	0
848	661	3	0
883	661	4	0
892	661	5	0
896	661	4	0
900	661	4	0
912	661	2	0
932	661	5	0
934	661	4	0
942	661	4	0
7	663	5	0
10	663	3	0
11	663	4	0
13	663	5	0
14	663	5	0
18	663	4	0
58	663	2	0
59	663	4	0
64	663	3	0
83	663	5	0
85	663	5	0
92	663	4	0
97	663	5	0
102	663	3	0
125	663	3	0
148	663	5	0
151	663	4	0
187	663	3	0
189	663	3	0
194	663	4	0
196	663	5	0
208	663	5	0
218	663	3	0
234	663	4	0
239	663	5	0
269	663	4	0
271	663	4	0
279	663	3	0
280	663	4	0
293	663	3	0
296	663	5	0
305	663	3	0
308	663	5	0
312	663	5	0
313	663	5	0
321	663	2	0
326	663	1	0
327	663	4	0
334	663	5	0
338	663	5	0
339	663	5	0
342	663	4	0
343	663	5	0
344	663	5	0
360	663	4	0
371	663	5	0
376	663	3	0
378	663	3	0
379	663	3	0
380	663	4	0
383	663	5	0
385	663	4	0
387	663	4	0
389	663	4	0
392	663	4	0
398	663	2	0
401	663	1	0
405	663	2	0
406	663	5	0
409	663	4	0
417	663	3	0
426	663	4	0
429	663	4	0
437	663	5	0
450	663	4	0
452	663	2	0
458	663	4	0
474	663	4	0
481	663	4	0
494	663	5	0
498	663	4	0
499	663	5	0
506	663	4	0
523	663	5	0
524	663	2	0
533	663	5	0
537	663	3	0
543	663	4	0
577	663	5	0
583	663	4	0
640	663	5	0
643	663	4	0
648	663	1	0
650	663	4	0
660	663	2	0
664	663	4	0
666	663	4	0
690	663	4	0
694	663	4	0
698	663	1	0
707	663	4	0
716	663	5	0
747	663	5	0
749	663	4	0
766	663	5	0
804	663	5	0
833	663	3	0
836	663	5	0
840	663	4	0
846	663	4	0
847	663	2	0
848	663	5	0
850	663	2	0
860	663	3	0
864	663	4	0
870	663	3	0
878	663	5	0
881	663	5	0
886	663	4	0
889	663	3	0
890	663	4	0
892	663	5	0
899	663	4	0
908	663	3	0
932	663	4	0
934	663	5	0
7	671	5	0
13	671	3	0
21	671	5	0
60	671	4	0
82	671	1	0
95	671	3	0
102	671	3	0
160	671	5	0
234	671	3	0
239	671	5	0
264	671	4	0
270	671	4	0
279	671	2	0
308	671	4	0
311	671	3	0
312	671	5	0
326	671	3	0
366	671	5	0
385	671	3	0
389	671	5	0
405	671	2	0
406	671	5	0
422	671	4	0
426	671	4	0
429	671	3	0
450	671	3	0
474	671	3	0
495	671	2	0
527	671	5	0
561	671	3	0
601	671	4	0
617	671	4	0
643	671	4	0
648	671	3	0
650	671	3	0
694	671	3	0
798	671	2	0
804	671	3	0
815	671	4	0
833	671	5	0
840	671	3	0
843	671	3	0
881	671	3	0
890	671	5	0
892	671	5	0
932	671	3	0
7	675	5	0
13	675	5	0
21	675	5	0
59	675	5	0
60	675	4	0
95	675	2	0
102	675	3	0
118	675	5	0
151	675	2	0
167	675	1	0
234	675	4	0
239	675	5	0
246	675	4	0
264	675	4	0
308	675	4	0
312	675	5	0
326	675	4	0
334	675	4	0
339	675	4	0
363	675	3	0
366	675	4	0
385	675	5	0
389	675	3	0
405	675	1	0
406	675	4	0
407	675	3	0
425	675	3	0
435	675	3	0
498	675	4	0
537	675	3	0
561	675	3	0
567	675	4	0
617	675	4	0
645	675	4	0
648	675	2	0
659	675	4	0
660	675	3	0
716	675	2	0
747	675	2	0
766	675	3	0
773	675	5	0
776	675	3	0
795	675	3	0
804	675	3	0
806	675	3	0
814	675	3	0
815	675	2	0
833	675	4	0
840	675	4	0
843	675	5	0
846	675	2	0
890	675	5	0
932	675	4	0
934	675	4	0
10	707	5	0
11	707	5	0
18	707	3	0
59	707	3	0
85	707	4	0
89	707	5	0
90	707	5	0
92	707	4	0
95	707	3	0
123	707	5	0
144	707	3	0
151	707	4	0
184	707	4	0
187	707	5	0
198	707	2	0
244	707	4	0
269	707	2	0
270	707	5	0
271	707	4	0
286	707	5	0
316	707	4	0
334	707	4	0
344	707	4	0
354	707	4	0
361	707	4	0
363	707	3	0
373	707	4	0
376	707	4	0
378	707	3	0
379	707	5	0
401	707	2	0
405	707	1	0
416	707	4	0
437	707	3	0
450	707	5	0
454	707	3	0
474	707	5	0
488	707	2	0
494	707	4	0
503	707	5	0
523	707	5	0
524	707	4	0
535	707	4	0
536	707	5	0
537	707	4	0
556	707	3	0
565	707	5	0
566	707	4	0
585	707	5	0
607	707	4	0
615	707	3	0
639	707	5	0
655	707	3	0
661	707	5	0
666	707	5	0
698	707	2	0
707	707	5	0
711	707	5	0
716	707	4	0
771	707	4	0
796	707	3	0
798	707	2	0
821	707	5	0
840	707	5	0
875	707	4	0
878	707	2	0
883	707	3	0
894	707	4	0
909	707	5	0
918	707	5	0
11	736	4	0
13	736	4	0
18	736	4	0
42	736	5	0
59	736	5	0
60	736	5	0
64	736	4	0
65	736	4	0
89	736	3	0
94	736	5	0
95	736	4	0
121	736	5	0
122	736	4	0
128	736	5	0
151	736	4	0
184	736	3	0
187	736	4	0
194	736	2	0
224	736	3	0
239	736	5	0
243	736	4	0
247	736	5	0
262	736	3	0
270	736	5	0
280	736	2	0
295	736	5	0
297	736	4	0
307	736	3	0
308	736	3	0
321	736	4	0
328	736	3	0
334	736	3	0
339	736	3	0
345	736	3	0
354	736	5	0
378	736	4	0
379	736	4	0
380	736	4	0
383	736	5	0
389	736	5	0
405	736	5	0
437	736	5	0
440	736	5	0
450	736	5	0
452	736	3	0
454	736	3	0
455	736	3	0
458	736	4	0
474	736	3	0
503	736	4	0
536	736	5	0
537	736	3	0
566	736	4	0
585	736	4	0
608	736	4	0
615	736	5	0
654	736	5	0
655	736	3	0
707	736	4	0
711	736	5	0
747	736	5	0
749	736	3	0
751	736	5	0
788	736	3	0
796	736	3	0
798	736	5	0
846	736	4	0
861	736	4	0
864	736	5	0
870	736	1	0
878	736	5	0
883	736	3	0
884	736	3	0
894	736	4	0
897	736	3	0
904	736	4	0
914	736	3	0
932	736	3	0
13	836	2	0
90	836	5	0
151	836	4	0
184	836	4	0
234	836	4	0
239	836	5	0
312	836	5	0
389	836	4	0
393	836	4	0
426	836	3	0
454	836	2	0
465	836	3	0
474	836	3	0
500	836	5	0
506	836	4	0
524	836	2	0
535	836	5	0
567	836	3	0
573	836	3	0
659	836	4	0
694	836	4	0
716	836	4	0
846	836	5	0
896	836	3	0
924	836	3	0
932	836	5	0
13	837	4	0
25	837	4	0
90	837	5	0
151	837	4	0
184	837	3	0
194	837	4	0
234	837	3	0
312	837	4	0
313	837	4	0
326	837	4	0
392	837	5	0
398	837	4	0
450	837	4	0
454	837	2	0
524	837	2	0
537	837	3	0
659	837	3	0
716	837	4	0
749	837	5	0
758	837	4	0
766	837	3	0
815	837	5	0
830	837	5	0
846	837	5	0
892	837	5	0
13	855	4	0
59	855	4	0
85	855	3	0
90	855	5	0
92	855	5	0
95	855	3	0
114	855	3	0
144	855	4	0
184	855	4	0
189	855	3	0
201	855	4	0
219	855	5	0
234	855	3	0
239	855	5	0
292	855	5	0
296	855	5	0
299	855	4	0
312	855	5	0
321	855	3	0
329	855	4	0
334	855	3	0
354	855	4	0
358	855	3	0
379	855	4	0
381	855	3	0
385	855	5	0
397	855	4	0
405	855	1	0
409	855	4	0
417	855	2	0
420	855	5	0
465	855	4	0
469	855	4	0
506	855	4	0
524	855	4	0
527	855	2	0
537	855	3	0
543	855	4	0
565	855	5	0
568	855	1	0
585	855	3	0
607	855	4	0
615	855	4	0
617	855	3	0
622	855	3	0
625	855	4	0
655	855	3	0
659	855	2	0
666	855	4	0
693	855	2	0
698	855	2	0
773	855	2	0
796	855	3	0
829	855	4	0
840	855	4	0
848	855	5	0
854	855	4	0
855	855	4	0
867	855	5	0
878	855	3	0
894	855	4	0
911	855	5	0
918	855	5	0
932	855	5	0
934	855	4	0
940	855	5	0
14	923	5	0
18	923	5	0
58	923	5	0
71	923	5	0
73	923	3	0
85	923	4	0
90	923	5	0
94	923	5	0
106	923	4	0
198	923	3	0
201	923	3	0
233	923	4	0
234	923	4	0
235	923	4	0
239	923	5	0
262	923	4	0
269	923	4	0
278	923	5	0
296	923	5	0
305	923	5	0
316	923	5	0
370	923	4	0
380	923	3	0
389	923	5	0
405	923	2	0
406	923	3	0
409	923	5	0
417	923	3	0
440	923	5	0
450	923	5	0
469	923	5	0
474	923	4	0
492	923	5	0
535	923	4	0
537	923	3	0
565	923	4	0
568	923	3	0
585	923	5	0
591	923	4	0
603	923	4	0
626	923	5	0
639	923	4	0
655	923	3	0
658	923	3	0
707	923	5	0
711	923	5	0
745	923	3	0
747	923	5	0
806	923	3	0
828	923	3	0
833	923	5	0
875	923	5	0
878	923	3	0
884	923	3	0
894	923	5	0
911	923	4	0
918	923	4	0
924	923	5	0
16	945	4	0
90	945	5	0
125	945	5	0
151	945	5	0
154	945	3	0
184	945	4	0
234	945	3	0
279	945	5	0
308	945	4	0
312	945	5	0
334	945	4	0
338	945	4	0
385	945	5	0
389	945	4	0
406	945	3	0
409	945	3	0
452	945	4	0
454	945	3	0
474	945	4	0
479	945	5	0
506	945	4	0
625	945	3	0
655	945	2	0
666	945	4	0
670	945	4	0
698	945	2	0
731	945	4	0
741	945	5	0
747	945	4	0
751	945	3	0
796	945	5	0
798	945	3	0
815	945	4	0
838	945	4	0
840	945	3	0
848	945	5	0
854	945	3	0
870	945	4	0
883	945	4	0
942	945	5	0
31	1020	3	0
60	1020	4	0
90	1020	5	0
116	1020	3	0
184	1020	4	0
185	1020	4	0
189	1020	4	0
234	1020	4	0
239	1020	3	0
263	1020	3	0
269	1020	4	0
299	1020	4	0
312	1020	5	0
334	1020	4	0
344	1020	5	0
398	1020	3	0
409	1020	5	0
416	1020	5	0
426	1020	4	0
429	1020	4	0
450	1020	4	0
456	1020	4	0
474	1020	3	0
506	1020	4	0
567	1020	3	0
625	1020	3	0
639	1020	4	0
654	1020	4	0
660	1020	4	0
694	1020	4	0
698	1020	2	0
716	1020	5	0
747	1020	4	0
870	1020	3	0
932	1020	5	0
31	1021	3	0
49	1021	5	0
59	1021	4	0
60	1021	5	0
85	1021	3	0
189	1021	5	0
234	1021	4	0
235	1021	5	0
299	1021	3	0
303	1021	4	0
308	1021	4	0
312	1021	3	0
328	1021	3	0
358	1021	5	0
385	1021	5	0
405	1021	1	0
406	1021	5	0
409	1021	4	0
492	1021	3	0
553	1021	2	0
560	1021	4	0
561	1021	4	0
567	1021	4	0
585	1021	3	0
615	1021	5	0
617	1021	4	0
659	1021	5	0
666	1021	5	0
698	1021	1	0
707	1021	3	0
747	1021	5	0
766	1021	2	0
773	1021	5	0
848	1021	5	0
855	1021	3	0
870	1021	2	0
883	1021	5	0
932	1021	4	0
41	1039	3	0
85	1039	4	0
90	1039	5	0
109	1039	2	0
116	1039	4	0
128	1039	4	0
130	1039	4	0
144	1039	4	0
148	1039	2	0
151	1039	4	0
177	1039	3	0
201	1039	3	0
214	1039	4	0
215	1039	5	0
224	1039	5	0
234	1039	3	0
236	1039	2	0
243	1039	4	0
244	1039	4	0
246	1039	4	0
249	1039	5	0
253	1039	4	0
279	1039	4	0
286	1039	5	0
288	1039	2	0
292	1039	4	0
295	1039	4	0
299	1039	4	0
303	1039	5	0
312	1039	5	0
316	1039	5	0
339	1039	4	0
343	1039	5	0
346	1039	2	0
347	1039	5	0
350	1039	4	0
354	1039	4	0
360	1039	5	0
373	1039	4	0
380	1039	3	0
393	1039	3	0
417	1039	3	0
429	1039	5	0
435	1039	4	0
437	1039	2	0
450	1039	5	0
457	1039	5	0
458	1039	5	0
459	1039	3	0
479	1039	4	0
481	1039	4	0
488	1039	4	0
495	1039	5	0
505	1039	4	0
514	1039	5	0
532	1039	4	0
535	1039	4	0
536	1039	5	0
551	1039	4	0
561	1039	3	0
562	1039	4	0
571	1039	3	0
588	1039	4	0
592	1039	4	0
601	1039	4	0
606	1039	4	0
608	1039	5	0
618	1039	4	0
622	1039	5	0
641	1039	4	0
642	1039	5	0
650	1039	3	0
682	1039	4	0
710	1039	4	0
716	1039	5	0
721	1039	5	0
731	1039	4	0
758	1039	5	0
763	1039	4	0
790	1039	3	0
796	1039	4	0
807	1039	4	0
815	1039	5	0
838	1039	5	0
843	1039	3	0
844	1039	4	0
867	1039	5	0
878	1039	3	0
890	1039	4	0
911	1039	4	0
42	1050	3	0
59	1050	2	0
60	1050	3	0
91	1050	3	0
151	1050	4	0
230	1050	3	0
234	1050	3	0
254	1050	3	0
292	1050	4	0
295	1050	5	0
299	1050	4	0
311	1050	3	0
312	1050	5	0
313	1050	4	0
318	1050	4	0
321	1050	3	0
323	1050	5	0
344	1050	3	0
389	1050	4	0
409	1050	4	0
450	1050	4	0
474	1050	4	0
488	1050	4	0
504	1050	4	0
524	1050	2	0
536	1050	5	0
537	1050	2	0
568	1050	4	0
648	1050	4	0
650	1050	3	0
660	1050	4	0
694	1050	3	0
716	1050	4	0
747	1050	3	0
766	1050	3	0
785	1050	3	0
804	1050	3	0
807	1050	5	0
846	1050	4	0
847	1050	3	0
862	1050	5	0
932	1050	4	0
942	1050	5	0
