1	10	3	0
2	10	2	0
7	10	4	0
49	10	3	0
59	10	4	0
63	10	4	0
64	10	5	0
79	10	5	0
85	10	4	0
90	10	5	0
104	10	2	0
108	10	5	0
151	10	5	0
158	10	4	0
181	10	2	0
189	10	5	0
201	10	3	0
230	10	3	0
234	10	3	0
239	10	5	0
243	10	4	0
268	10	4	0
279	10	4	0
292	10	5	0
294	10	3	0
296	10	2	0
299	10	5	0
312	10	5	0
327	10	4	0
328	10	4	0
334	10	4	0
343	10	4	0
349	10	5	0
354	10	5	0
357	10	5	0
360	10	5	0
378	10	3	0
387	10	4	0
402	10	2	0
406	10	3	0
416	10	3	0
423	10	4	0
430	10	4	0
435	10	5	0
450	10	4	0
460	10	3	0
463	10	1	0
467	10	4	0
469	10	5	0
473	10	3	0
486	10	4	0
496	10	5	0
498	10	5	0
500	10	3	0
503	10	5	0
506	10	2	0
514	10	4	0
518	10	3	0
533	10	2	0
536	10	4	0
537	10	4	0
561	10	3	0
565	10	5	0
567	10	4	0
573	10	4	0
585	10	3	0
636	10	5	0
662	10	4	0
698	10	4	0
699	10	4	0
707	10	5	0
711	10	5	0
733	10	3	0
745	10	5	0
765	10	4	0
788	10	4	0
790	10	1	0
795	10	4	0
804	10	4	0
828	10	3	0
829	10	3	0
851	10	3	0
861	10	3	0
862	10	5	0
870	10	4	0
883	10	5	0
886	10	3	0
894	10	4	0
906	10	4	0
1	13	5	0
2	13	4	0
6	13	2	0
10	13	3	0
13	13	5	0
14	13	4	0
15	13	1	0
17	13	3	0
18	13	5	0
23	13	4	0
25	13	4	0
26	13	3	0
45	13	5	0
49	13	3	0
52	13	5	0
58	13	3	0
59	13	5	0
60	13	4	0
62	13	4	0
63	13	4	0
74	13	4	0
75	13	5	0
79	13	3	0
82	13	2	0
85	13	3	0
87	13	3	0
89	13	2	0
92	13	4	0
102	13	3	0
104	13	3	0
108	13	3	0
115	13	5	0
123	13	3	0
138	13	4	0
145	13	5	0
150	13	4	0
151	13	3	0
160	13	4	0
174	13	3	0
176	13	4	0
181	13	2	0
184	13	3	0
188	13	4	0
189	13	4	0
194	13	4	0
196	13	2	0
207	13	3	0
213	13	4	0
214	13	3	0
219	13	1	0
227	13	5	0
234	13	3	0
243	13	4	0
244	13	4	0
249	13	4	0
268	13	3	0
269	13	4	0
270	13	4	0
271	13	4	0
279	13	3	0
280	13	5	0
286	13	2	0
288	13	5	0
296	13	3	0
297	13	3	0
299	13	4	0
303	13	4	0
305	13	3	0
306	13	4	0
315	13	4	0
327	13	2	0
334	13	3	0
336	13	3	0
342	13	3	0
343	13	5	0
344	13	3	0
345	13	4	0
354	13	3	0
360	13	3	0
365	13	3	0
378	13	3	0
381	13	4	0
387	13	4	0
390	13	2	0
398	13	3	0
401	13	2	0
402	13	3	0
406	13	2	0
416	13	5	0
417	13	2	0
437	13	4	0
439	13	3	0
447	13	5	0
450	13	3	0
456	13	4	0
457	13	3	0
458	13	4	0
460	13	3	0
463	13	3	0
468	13	4	0
470	13	4	0
474	13	5	0
486	13	4	0
497	13	2	0
500	13	5	0
501	13	4	0
503	13	3	0
508	13	4	0
514	13	3	0
518	13	4	0
521	13	2	0
524	13	4	0
533	13	3	0
537	13	4	0
540	13	4	0
542	13	4	0
543	13	3	0
548	13	1	0
551	13	1	0
552	13	3	0
554	13	2	0
555	13	5	0
560	13	3	0
561	13	3	0
569	13	3	0
572	13	4	0
590	13	4	0
591	13	4	0
592	13	5	0
596	13	2	0
615	13	4	0
634	13	4	0
635	13	2	0
637	13	1	0
642	13	4	0
648	13	3	0
654	13	1	0
655	13	3	0
659	13	4	0
662	13	4	0
663	13	3	0
666	13	4	0
668	13	4	0
676	13	1	0
689	13	1	0
699	13	4	0
707	13	4	0
716	13	2	0
722	13	2	0
733	13	3	0
735	13	4	0
742	13	4	0
747	13	3	0
758	13	5	0
763	13	3	0
764	13	2	0
769	13	4	0
773	13	4	0
790	13	3	0
792	13	4	0
794	13	4	0
805	13	3	0
823	13	5	0
829	13	4	0
833	13	2	0
834	13	2	0
837	13	4	0
844	13	3	0
847	13	3	0
854	13	3	0
864	13	4	0
869	13	3	0
870	13	4	0
881	13	4	0
883	13	4	0
887	13	1	0
889	13	4	0
894	13	4	0
895	13	5	0
901	13	1	0
903	13	5	0
924	13	3	0
934	13	5	0
936	13	4	0
1	14	5	0
2	14	4	0
6	14	5	0
13	14	4	0
14	14	3	0
15	14	4	0
18	14	5	0
23	14	4	0
26	14	3	0
43	14	2	0
59	14	5	0
62	14	4	0
63	14	4	0
71	14	5	0
82	14	4	0
85	14	4	0
89	14	4	0
90	14	5	0
93	14	4	0
95	14	5	0
106	14	4	0
108	14	5	0
121	14	5	0
123	14	5	0
128	14	5	0
131	14	5	0
136	14	5	0
138	14	3	0
144	14	4	0
150	14	4	0
151	14	5	0
161	14	4	0
174	14	5	0
181	14	1	0
184	14	4	0
189	14	5	0
195	14	4	0
199	14	4	0
207	14	4	0
209	14	3	0
226	14	5	0
227	14	4	0
232	14	4	0
233	14	4	0
234	14	3	0
239	14	5	0
243	14	3	0
252	14	4	0
257	14	5	0
264	14	4	0
266	14	4	0
276	14	4	0
286	14	4	0
293	14	3	0
296	14	4	0
299	14	4	0
305	14	4	0
306	14	5	0
310	14	5	0
312	14	5	0
316	14	4	0
318	14	4	0
321	14	3	0
324	14	5	0
327	14	4	0
334	14	3	0
342	14	5	0
344	14	5	0
345	14	4	0
354	14	4	0
360	14	5	0
361	14	4	0
370	14	3	0
376	14	4	0
378	14	5	0
381	14	5	0
382	14	3	0
383	14	5	0
397	14	3	0
401	14	3	0
406	14	4	0
409	14	5	0
413	14	5	0
416	14	4	0
419	14	5	0
420	14	5	0
424	14	4	0
437	14	5	0
439	14	5	0
442	14	1	0
449	14	3	0
452	14	3	0
455	14	3	0
456	14	5	0
457	14	4	0
458	14	5	0
460	14	5	0
463	14	1	0
473	14	4	0
474	14	5	0
484	14	4	0
486	14	5	0
491	14	2	0
498	14	4	0
503	14	3	0
514	14	3	0
518	14	3	0
523	14	5	0
524	14	5	0
525	14	3	0
527	14	2	0
533	14	3	0
535	14	3	0
537	14	4	0
543	14	4	0
548	14	1	0
552	14	4	0
554	14	4	0
558	14	4	0
561	14	3	0
569	14	4	0
572	14	4	0
585	14	4	0
590	14	5	0
592	14	5	0
594	14	4	0
595	14	5	0
605	14	5	0
614	14	3	0
615	14	5	0
624	14	5	0
634	14	3	0
639	14	5	0
640	14	4	0
648	14	2	0
654	14	2	0
655	14	3	0
664	14	4	0
677	14	1	0
678	14	3	0
680	14	5	0
699	14	3	0
704	14	3	0
707	14	3	0
731	14	3	0
733	14	5	0
742	14	5	0
745	14	3	0
747	14	3	0
758	14	5	0
764	14	4	0
765	14	5	0
768	14	5	0
770	14	5	0
773	14	5	0
794	14	5	0
798	14	2	0
806	14	3	0
821	14	4	0
825	14	3	0
828	14	4	0
829	14	2	0
840	14	5	0
854	14	4	0
857	14	4	0
861	14	4	0
874	14	4	0
877	14	5	0
878	14	5	0
881	14	1	0
883	14	3	0
884	14	4	0
894	14	4	0
909	14	4	0
912	14	5	0
916	14	5	0
919	14	4	0
930	14	4	0
931	14	4	0
932	14	4	0
936	14	4	0
937	14	4	0
940	14	3	0
1	20	4	0
15	20	3	0
58	20	1	0
62	20	4	0
63	20	3	0
90	20	4	0
115	20	3	0
116	20	3	0
144	20	4	0
158	20	4	0
181	20	1	0
184	20	4	0
189	20	5	0
201	20	2	0
214	20	4	0
224	20	1	0
234	20	4	0
244	20	4	0
286	20	4	0
292	20	2	0
296	20	5	0
297	20	4	0
299	20	3	0
321	20	3	0
334	20	4	0
343	20	5	0
349	20	5	0
354	20	5	0
373	20	2	0
381	20	5	0
387	20	4	0
406	20	3	0
417	20	2	0
455	20	3	0
457	20	5	0
458	20	4	0
460	20	4	0
463	20	5	0
473	20	3	0
477	20	4	0
483	20	2	0
486	20	3	0
503	20	5	0
533	20	5	0
537	20	3	0
540	20	4	0
558	20	5	0
566	20	4	0
585	20	4	0
592	20	4	0
655	20	3	0
680	20	4	0
699	20	4	0
733	20	5	0
745	20	1	0
758	20	4	0
825	20	2	0
828	20	2	0
829	20	3	0
837	20	4	0
854	20	2	0
857	20	3	0
861	20	4	0
874	20	3	0
878	20	2	0
883	20	4	0
886	20	2	0
894	20	5	0
896	20	1	0
901	20	1	0
919	20	1	0
936	20	5	0
1	52	4	0
7	52	4	0
11	52	3	0
18	52	5	0
43	52	4	0
49	52	2	0
59	52	4	0
64	52	3	0
71	52	4	0
77	52	5	0
85	52	3	0
90	52	5	0
94	52	5	0
95	52	4	0
119	52	3	0
151	52	5	0
184	52	4	0
187	52	4	0
194	52	4	0
232	52	5	0
234	52	4	0
235	52	4	0
244	52	4	0
262	52	3	0
268	52	3	0
269	52	4	0
271	52	4	0
279	52	3	0
295	52	5	0
299	52	4	0
305	52	2	0
312	52	5	0
321	52	3	0
334	52	4	0
338	52	5	0
343	52	5	0
354	52	5	0
370	52	4	0
378	52	5	0
379	52	4	0
387	52	5	0
405	52	1	0
406	52	5	0
429	52	4	0
435	52	5	0
437	52	3	0
452	52	3	0
455	52	3	0
457	52	4	0
458	52	4	0
474	52	4	0
508	52	4	0
524	52	4	0
532	52	4	0
535	52	4	0
536	52	3	0
537	52	3	0
561	52	4	0
565	52	5	0
585	52	3	0
618	52	3	0
627	52	3	0
639	52	3	0
655	52	3	0
661	52	4	0
664	52	5	0
694	52	4	0
707	52	3	0
711	52	5	0
716	52	5	0
751	52	2	0
766	52	4	0
773	52	3	0
774	52	3	0
790	52	4	0
798	52	3	0
823	52	3	0
828	52	3	0
833	52	3	0
840	52	3	0
843	52	2	0
846	52	4	0
861	52	5	0
864	52	4	0
870	52	2	0
877	52	4	0
883	52	3	0
894	52	4	0
903	52	3	0
916	52	5	0
933	52	3	0
1	83	3	0
11	83	5	0
13	83	2	0
18	83	5	0
23	83	4	0
42	83	4	0
51	83	5	0
59	83	4	0
62	83	5	0
64	83	3	0
70	83	4	0
85	83	4	0
89	83	4	0
90	83	5	0
94	83	4	0
95	83	5	0
96	83	3	0
97	83	1	0
102	83	3	0
115	83	3	0
119	83	4	0
121	83	4	0
122	83	5	0
125	83	4	0
128	83	5	0
151	83	5	0
156	83	3	0
158	83	5	0
167	83	5	0
178	83	4	0
180	83	5	0
187	83	5	0
189	83	4	0
194	83	3	0
235	83	4	0
237	83	4	0
243	83	4	0
246	83	4	0
249	83	5	0
253	83	4	0
268	83	4	0
270	83	4	0
271	83	4	0
274	83	5	0
279	83	5	0
283	83	4	0
286	83	5	0
292	83	5	0
295	83	5	0
296	83	5	0
297	83	4	0
299	83	5	0
303	83	5	0
305	83	3	0
307	83	5	0
311	83	5	0
312	83	4	0
316	83	4	0
321	83	4	0
327	83	2	0
334	83	4	0
338	83	2	0
343	83	4	0
344	83	4	0
346	83	4	0
354	83	4	0
360	83	4	0
361	83	3	0
373	83	5	0
378	83	4	0
379	83	4	0
381	83	4	0
387	83	4	0
393	83	4	0
401	83	4	0
405	83	1	0
409	83	3	0
416	83	5	0
417	83	5	0
425	83	2	0
429	83	4	0
435	83	4	0
436	83	5	0
437	83	4	0
447	83	5	0
450	83	4	0
452	83	3	0
457	83	5	0
458	83	4	0
474	83	3	0
476	83	3	0
488	83	4	0
492	83	4	0
497	83	2	0
498	83	3	0
500	83	4	0
503	83	5	0
514	83	5	0
523	83	5	0
528	83	5	0
533	83	2	0
535	83	4	0
536	83	5	0
537	83	4	0
541	83	5	0
543	83	4	0
565	83	5	0
566	83	4	0
567	83	4	0
579	83	5	0
583	83	4	0
585	83	3	0
586	83	2	0
588	83	5	0
593	83	5	0
606	83	5	0
608	83	5	0
615	83	4	0
622	83	5	0
627	83	3	0
639	83	4	0
641	83	4	0
642	83	5	0
648	83	4	0
653	83	5	0
654	83	5	0
660	83	3	0
664	83	4	0
670	83	3	0
679	83	5	0
682	83	3	0
684	83	5	0
698	83	5	0
705	83	4	0
707	83	3	0
711	83	5	0
712	83	4	0
715	83	4	0
716	83	4	0
727	83	5	0
734	83	4	0
741	83	4	0
746	83	4	0
747	83	4	0
748	83	3	0
751	83	5	0
763	83	3	0
771	83	5	0
790	83	3	0
798	83	4	0
805	83	4	0
815	83	4	0
823	83	3	0
828	83	3	0
831	83	4	0
838	83	5	0
840	83	5	0
843	83	3	0
844	83	5	0
846	83	4	0
854	83	4	0
861	83	5	0
870	83	4	0
877	83	3	0
883	83	3	0
889	83	4	0
894	83	4	0
896	83	5	0
899	83	4	0
907	83	5	0
911	83	4	0
913	83	4	0
916	83	4	0
918	83	4	0
922	83	4	0
934	83	4	0
1	86	5	0
6	86	3	0
7	86	4	0
11	86	4	0
13	86	1	0
18	86	4	0
25	86	4	0
42	86	3	0
43	86	4	0
59	86	3	0
62	86	2	0
80	86	5	0
85	86	4	0
89	86	5	0
90	86	5	0
94	86	5	0
106	86	3	0
119	86	4	0
121	86	5	0
122	86	5	0
128	86	5	0
151	86	5	0
156	86	4	0
167	86	4	0
184	86	5	0
185	86	5	0
187	86	4	0
191	86	5	0
194	86	3	0
201	86	4	0
208	86	2	0
212	86	4	0
224	86	3	0
234	86	2	0
235	86	4	0
243	86	5	0
244	86	4	0
249	86	4	0
256	86	5	0
257	86	4	0
262	86	3	0
263	86	4	0
270	86	4	0
276	86	3	0
280	86	4	0
292	86	4	0
295	86	5	0
297	86	5	0
299	86	4	0
305	86	4	0
311	86	5	0
321	86	4	0
325	86	3	0
326	86	2	0
327	86	4	0
334	86	4	0
338	86	4	0
339	86	4	0
343	86	5	0
344	86	4	0
345	86	4	0
352	86	4	0
354	86	5	0
361	86	4	0
378	86	4	0
380	86	4	0
383	86	5	0
393	86	2	0
398	86	3	0
405	86	1	0
406	86	4	0
416	86	1	0
420	86	5	0
429	86	5	0
435	86	4	0
437	86	4	0
440	86	5	0
449	86	4	0
450	86	4	0
452	86	4	0
454	86	2	0
456	86	2	0
457	86	3	0
458	86	5	0
474	86	4	0
481	86	5	0
492	86	3	0
494	86	3	0
495	86	5	0
503	86	5	0
506	86	3	0
527	86	4	0
535	86	4	0
536	86	3	0
537	86	4	0
543	86	4	0
553	86	3	0
554	86	4	0
561	86	4	0
565	86	5	0
566	86	4	0
585	86	5	0
591	86	5	0
607	86	4	0
608	86	5	0
615	86	5	0
622	86	4	0
627	86	3	0
629	86	5	0
639	86	4	0
655	86	4	0
658	86	4	0
659	86	5	0
661	86	4	0
667	86	5	0
675	86	4	0
682	86	2	0
698	86	2	0
707	86	4	0
711	86	5	0
716	86	5	0
747	86	5	0
748	86	4	0
749	86	4	0
764	86	3	0
771	86	5	0
786	86	4	0
796	86	5	0
805	86	4	0
815	86	5	0
828	86	3	0
829	86	4	0
846	86	5	0
854	86	3	0
855	86	2	0
861	86	5	0
864	86	4	0
877	86	4	0
882	86	5	0
883	86	3	0
884	86	3	0
889	86	4	0
894	86	4	0
896	86	1	0
907	86	5	0
909	86	5	0
916	86	4	0
918	86	4	0
932	86	4	0
934	86	3	0
1	116	3	0
10	116	4	0
13	116	5	0
14	116	5	0
18	116	5	0
23	116	5	0
25	116	4	0
26	116	2	0
49	116	4	0
52	116	4	0
58	116	5	0
59	116	4	0
62	116	3	0
63	116	5	0
79	116	5	0
81	116	3	0
92	116	3	0
98	116	5	0
99	116	2	0
113	116	3	0
116	116	3	0
125	116	4	0
136	116	5	0
138	116	2	0
144	116	4	0
148	116	5	0
158	116	5	0
181	116	1	0
184	116	4	0
185	116	4	0
187	116	5	0
196	116	3	0
199	116	5	0
201	116	1	0
227	116	4	0
234	116	2	0
239	116	5	0
243	116	4	0
250	116	4	0
257	116	3	0
264	116	4	0
268	116	4	0
271	116	2	0
279	116	1	0
286	116	5	0
297	116	4	0
303	116	5	0
306	116	5	0
308	116	4	0
310	116	5	0
321	116	3	0
334	116	4	0
343	116	5	0
354	116	5	0
360	116	3	0
363	116	4	0
370	116	3	0
374	116	1	0
379	116	4	0
387	116	3	0
402	116	3	0
409	116	4	0
420	116	4	0
437	116	3	0
458	116	4	0
463	116	5	0
464	116	4	0
468	116	4	0
473	116	5	0
474	116	5	0
483	116	3	0
491	116	5	0
500	116	4	0
503	116	5	0
514	116	4	0
523	116	5	0
524	116	4	0
527	116	4	0
535	116	3	0
537	116	3	0
558	116	5	0
561	116	4	0
585	116	3	0
590	116	5	0
591	116	4	0
592	116	4	0
634	116	3	0
639	116	3	0
651	116	2	0
654	116	4	0
655	116	2	0
666	116	4	0
699	116	4	0
707	116	5	0
710	116	4	0
711	116	5	0
728	116	4	0
733	116	4	0
747	116	4	0
758	116	5	0
762	116	1	0
790	116	4	0
794	116	5	0
798	116	3	0
825	116	3	0
828	116	4	0
829	116	4	0
857	116	5	0
861	116	4	0
864	116	4	0
869	116	4	0
874	116	4	0
878	116	2	0
883	116	5	0
884	116	4	0
891	116	3	0
894	116	4	0
905	116	3	0
909	116	5	0
919	116	3	0
930	116	5	0
931	116	4	0
936	116	4	0
937	116	4	0
940	116	2	0
1	124	5	0
6	124	5	0
10	124	5	0
13	124	5	0
14	124	5	0
23	124	5	0
31	124	4	0
43	124	4	0
50	124	1	0
58	124	5	0
69	124	4	0
72	124	4	0
74	124	3	0
79	124	5	0
81	124	3	0
85	124	5	0
92	124	4	0
99	124	2	0
104	124	2	0
108	124	4	0
113	124	3	0
115	124	5	0
116	124	3	0
119	124	4	0
121	124	5	0
131	124	5	0
132	124	4	0
136	124	5	0
142	124	4	0
144	124	4	0
150	124	2	0
151	124	5	0
156	124	3	0
158	124	4	0
160	124	4	0
172	124	4	0
174	124	5	0
177	124	3	0
178	124	4	0
181	124	1	0
184	124	5	0
189	124	5	0
194	124	4	0
201	124	3	0
227	124	4	0
234	124	4	0
239	124	5	0
249	124	5	0
252	124	5	0
266	124	4	0
267	124	5	0
268	124	4	0
269	124	5	0
271	124	4	0
276	124	5	0
277	124	3	0
279	124	3	0
291	124	5	0
292	124	4	0
293	124	4	0
296	124	5	0
297	124	4	0
303	124	4	0
308	124	4	0
312	124	3	0
321	124	3	0
329	124	5	0
331	124	4	0
334	124	5	0
336	124	1	0
339	124	4	0
342	124	4	0
343	124	4	0
344	124	5	0
345	124	5	0
354	124	5	0
360	124	5	0
365	124	4	0
374	124	3	0
379	124	5	0
381	124	5	0
383	124	4	0
389	124	4	0
390	124	4	0
398	124	5	0
402	124	4	0
406	124	4	0
413	124	5	0
416	124	4	0
420	124	5	0
421	124	4	0
422	124	3	0
425	124	2	0
429	124	4	0
430	124	5	0
437	124	5	0
452	124	5	0
454	124	4	0
455	124	4	0
458	124	4	0
460	124	4	0
463	124	5	0
467	124	5	0
468	124	5	0
470	124	3	0
473	124	4	0
474	124	5	0
478	124	4	0
486	124	5	0
490	124	4	0
491	124	5	0
492	124	4	0
493	124	3	0
498	124	3	0
501	124	4	0
503	124	5	0
518	124	3	0
524	124	5	0
525	124	3	0
527	124	4	0
537	124	4	0
539	124	4	0
558	124	4	0
561	124	3	0
567	124	4	0
569	124	5	0
571	124	4	0
572	124	5	0
576	124	4	0
582	124	4	0
590	124	5	0
592	124	5	0
605	124	3	0
606	124	3	0
618	124	1	0
624	124	4	0
634	124	3	0
637	124	3	0
641	124	4	0
654	124	4	0
655	124	3	0
663	124	3	0
666	124	3	0
667	124	5	0
668	124	3	0
672	124	3	0
682	124	2	0
696	124	5	0
697	124	5	0
699	124	4	0
701	124	5	0
707	124	4	0
722	124	4	0
728	124	3	0
733	124	5	0
735	124	5	0
742	124	4	0
745	124	5	0
747	124	5	0
758	124	5	0
789	124	4	0
792	124	4	0
817	124	4	0
823	124	4	0
825	124	3	0
829	124	4	0
838	124	4	0
854	124	5	0
864	124	5	0
870	124	4	0
874	124	4	0
880	124	5	0
883	124	5	0
889	124	4	0
894	124	5	0
896	124	4	0
900	124	4	0
905	124	4	0
906	124	4	0
908	124	3	0
910	124	3	0
919	124	3	0
936	124	4	0
937	124	4	0
941	124	5	0
942	124	4	0
943	124	3	0
1	137	5	0
6	137	5	0
10	137	4	0
13	137	5	0
15	137	4	0
17	137	4	0
18	137	5	0
43	137	4	0
58	137	5	0
59	137	5	0
63	137	4	0
74	137	3	0
75	137	4	0
76	137	5	0
79	137	4	0
89	137	1	0
90	137	5	0
95	137	3	0
108	137	5	0
115	137	5	0
116	137	2	0
119	137	5	0
121	137	5	0
131	137	1	0
132	137	4	0
136	137	5	0
138	137	5	0
144	137	4	0
151	137	5	0
154	137	3	0
156	137	4	0
157	137	5	0
158	137	5	0
160	137	4	0
167	137	5	0
181	137	2	0
184	137	5	0
187	137	5	0
189	137	4	0
198	137	4	0
201	137	4	0
207	137	3	0
214	137	4	0
227	137	5	0
228	137	1	0
234	137	3	0
239	137	5	0
243	137	3	0
249	137	4	0
257	137	4	0
264	137	3	0
269	137	4	0
271	137	4	0
277	137	3	0
279	137	4	0
286	137	4	0
293	137	3	0
295	137	4	0
296	137	4	0
297	137	5	0
299	137	4	0
303	137	4	0
312	137	3	0
315	137	5	0
318	137	4	0
325	137	5	0
329	137	5	0
334	137	2	0
342	137	2	0
343	137	4	0
344	137	5	0
345	137	4	0
347	137	2	0
354	137	3	0
360	137	5	0
363	137	5	0
365	137	3	0
370	137	4	0
374	137	2	0
379	137	5	0
382	137	2	0
383	137	5	0
401	137	3	0
402	137	4	0
416	137	3	0
420	137	4	0
422	137	5	0
429	137	5	0
430	137	3	0
433	137	5	0
437	137	5	0
449	137	5	0
457	137	5	0
458	137	5	0
460	137	5	0
463	137	2	0
468	137	4	0
470	137	3	0
473	137	4	0
474	137	5	0
478	137	4	0
479	137	4	0
486	137	4	0
490	137	3	0
492	137	4	0
498	137	3	0
503	137	5	0
506	137	2	0
514	137	3	0
535	137	4	0
537	137	4	0
538	137	3	0
558	137	4	0
560	137	4	0
566	137	5	0
576	137	3	0
581	137	5	0
590	137	5	0
592	137	5	0
605	137	5	0
607	137	4	0
624	137	4	0
629	137	5	0
634	137	3	0
639	137	3	0
650	137	3	0
654	137	4	0
655	137	4	0
658	137	3	0
664	137	3	0
666	137	4	0
667	137	3	0
668	137	3	0
680	137	4	0
699	137	4	0
707	137	5	0
711	137	5	0
719	137	1	0
723	137	3	0
733	137	5	0
737	137	5	0
748	137	3	0
758	137	5	0
763	137	4	0
765	137	5	0
771	137	4	0
785	137	2	0
789	137	2	0
794	137	5	0
805	137	5	0
825	137	2	0
840	137	5	0
864	137	4	0
874	137	4	0
878	137	3	0
880	137	4	0
883	137	5	0
888	137	4	0
889	137	4	0
894	137	5	0
900	137	3	0
905	137	3	0
910	137	3	0
916	137	5	0
918	137	5	0
919	137	2	0
930	137	2	0
931	137	3	0
936	137	4	0
937	137	3	0
940	137	3	0
1	170	5	0
6	170	4	0
10	170	4	0
12	170	4	0
13	170	5	0
18	170	5	0
23	170	4	0
41	170	4	0
48	170	4	0
59	170	4	0
62	170	3	0
72	170	3	0
82	170	4	0
85	170	4	0
90	170	5	0
94	170	5	0
95	170	5	0
96	170	5	0
144	170	4	0
151	170	5	0
184	170	5	0
189	170	4	0
204	170	5	0
207	170	4	0
213	170	5	0
232	170	5	0
234	170	5	0
235	170	4	0
236	170	5	0
269	170	2	0
271	170	5	0
279	170	3	0
299	170	5	0
303	170	5	0
305	170	4	0
308	170	3	0
311	170	5	0
312	170	5	0
316	170	4	0
321	170	4	0
326	170	2	0
334	170	3	0
338	170	5	0
339	170	5	0
345	170	5	0
354	170	4	0
360	170	5	0
361	170	5	0
370	170	4	0
373	170	5	0
380	170	4	0
392	170	5	0
405	170	1	0
406	170	3	0
409	170	4	0
429	170	5	0
437	170	5	0
449	170	4	0
450	170	5	0
452	170	4	0
455	170	3	0
456	170	5	0
468	170	4	0
474	170	4	0
493	170	3	0
500	170	5	0
514	170	3	0
524	170	4	0
527	170	3	0
535	170	4	0
537	170	3	0
539	170	5	0
543	170	4	0
553	170	4	0
556	170	4	0
561	170	4	0
565	170	5	0
566	170	5	0
567	170	3	0
585	170	5	0
592	170	5	0
615	170	4	0
617	170	1	0
639	170	4	0
640	170	5	0
655	170	3	0
659	170	3	0
661	170	4	0
686	170	5	0
691	170	5	0
704	170	3	0
707	170	5	0
711	170	5	0
731	170	5	0
758	170	5	0
765	170	5	0
767	170	5	0
773	170	5	0
806	170	5	0
823	170	4	0
828	170	3	0
829	170	4	0
836	170	5	0
840	170	4	0
843	170	1	0
848	170	5	0
854	170	4	0
855	170	2	0
861	170	5	0
870	170	5	0
877	170	5	0
878	170	4	0
883	170	3	0
889	170	4	0
894	170	4	0
909	170	5	0
916	170	4	0
918	170	4	0
932	170	4	0
934	170	4	0
940	170	4	0
1	212	4	0
7	212	1	0
13	212	5	0
18	212	5	0
59	212	4	0
60	212	5	0
64	212	3	0
72	212	5	0
82	212	4	0
85	212	2	0
89	212	3	0
90	212	4	0
92	212	4	0
110	212	1	0
122	212	5	0
144	212	5	0
145	212	2	0
183	212	4	0
184	212	4	0
194	212	1	0
201	212	4	0
213	212	4	0
215	212	2	0
224	212	1	0
233	212	5	0
234	212	2	0
249	212	4	0
269	212	4	0
286	212	1	0
291	212	4	0
299	212	4	0
305	212	3	0
311	212	3	0
321	212	3	0
338	212	4	0
339	212	4	0
342	212	5	0
361	212	5	0
363	212	1	0
381	212	5	0
405	212	1	0
406	212	2	0
417	212	1	0
419	212	1	0
437	212	3	0
449	212	5	0
452	212	2	0
474	212	4	0
492	212	3	0
498	212	3	0
504	212	4	0
516	212	4	0
524	212	5	0
535	212	4	0
537	212	3	0
543	212	4	0
561	212	3	0
565	212	5	0
567	212	2	0
585	212	5	0
607	212	3	0
622	212	3	0
625	212	3	0
639	212	4	0
645	212	4	0
650	212	3	0
655	212	3	0
658	212	3	0
659	212	4	0
664	212	4	0
707	212	4	0
758	212	4	0
763	212	4	0
766	212	5	0
773	212	2	0
777	212	5	0
804	212	3	0
805	212	3	0
829	212	4	0
840	212	4	0
846	212	5	0
878	212	3	0
883	212	5	0
884	212	4	0
886	212	2	0
889	212	2	0
894	212	5	0
896	212	2	0
916	212	5	0
922	212	2	0
932	212	4	0
934	212	4	0
1	213	2	0
6	213	4	0
7	213	3	0
11	213	4	0
14	213	5	0
18	213	5	0
23	213	3	0
49	213	3	0
58	213	5	0
62	213	4	0
73	213	4	0
80	213	3	0
85	213	4	0
89	213	4	0
90	213	5	0
106	213	4	0
119	213	5	0
128	213	3	0
144	213	4	0
151	213	5	0
160	213	4	0
161	213	2	0
169	213	5	0
180	213	5	0
184	213	5	0
187	213	4	0
194	213	2	0
195	213	4	0
201	213	4	0
213	213	5	0
214	213	4	0
234	213	3	0
235	213	4	0
269	213	5	0
270	213	5	0
293	213	3	0
295	213	5	0
297	213	3	0
298	213	3	0
299	213	5	0
308	213	4	0
311	213	4	0
312	213	5	0
316	213	5	0
318	213	4	0
321	213	4	0
330	213	5	0
334	213	4	0
338	213	5	0
339	213	4	0
344	213	4	0
346	213	3	0
354	213	5	0
358	213	5	0
361	213	5	0
373	213	4	0
378	213	5	0
380	213	2	0
383	213	5	0
391	213	4	0
405	213	2	0
406	213	2	0
409	213	4	0
416	213	5	0
421	213	3	0
437	213	4	0
440	213	4	0
449	213	3	0
450	213	4	0
452	213	4	0
455	213	4	0
474	213	4	0
479	213	4	0
480	213	5	0
499	213	3	0
503	213	5	0
523	213	5	0
524	213	4	0
527	213	4	0
528	213	4	0
535	213	5	0
536	213	5	0
537	213	4	0
538	213	3	0
553	213	5	0
565	213	4	0
566	213	5	0
568	213	4	0
574	213	4	0
585	213	5	0
607	213	4	0
608	213	4	0
615	213	5	0
622	213	5	0
625	213	4	0
630	213	2	0
639	213	5	0
647	213	3	0
653	213	2	0
655	213	4	0
666	213	4	0
711	213	5	0
712	213	3	0
716	213	5	0
731	213	5	0
734	213	5	0
748	213	3	0
751	213	5	0
758	213	5	0
763	213	4	0
790	213	3	0
796	213	4	0
804	213	3	0
805	213	3	0
821	213	5	0
828	213	2	0
829	213	4	0
840	213	4	0
846	213	3	0
861	213	5	0
871	213	3	0
875	213	4	0
878	213	3	0
883	213	2	0
884	213	4	0
885	213	3	0
892	213	3	0
894	213	4	0
899	213	4	0
916	213	4	0
918	213	5	0
932	213	3	0
934	213	4	0
940	213	4	0
1	221	5	0
6	221	4	0
10	221	4	0
17	221	2	0
18	221	5	0
85	221	2	0
89	221	1	0
90	221	4	0
116	221	4	0
131	221	3	0
144	221	3	0
150	221	4	0
158	221	2	0
174	221	4	0
177	221	3	0
181	221	1	0
184	221	5	0
199	221	4	0
201	221	3	0
214	221	5	0
216	221	4	0
224	221	2	0
227	221	4	0
234	221	2	0
239	221	5	0
243	221	5	0
257	221	3	0
271	221	3	0
277	221	4	0
296	221	5	0
303	221	5	0
321	221	5	0
331	221	4	0
334	221	5	0
345	221	5	0
354	221	4	0
358	221	5	0
385	221	5	0
397	221	4	0
430	221	5	0
437	221	5	0
445	221	1	0
450	221	4	0
460	221	4	0
463	221	5	0
470	221	4	0
474	221	4	0
486	221	4	0
492	221	3	0
501	221	3	0
503	221	5	0
524	221	4	0
533	221	3	0
535	221	3	0
537	221	3	0
567	221	5	0
581	221	2	0
590	221	4	0
592	221	5	0
594	221	4	0
634	221	1	0
655	221	3	0
699	221	4	0
707	221	4	0
733	221	4	0
758	221	3	0
773	221	2	0
794	221	4	0
840	221	4	0
894	221	4	0
906	221	4	0
916	221	4	0
919	221	4	0
936	221	4	0
2	275	5	0
6	275	4	0
7	275	4	0
10	275	4	0
13	275	3	0
14	275	4	0
15	275	4	0
18	275	5	0
23	275	5	0
24	275	5	0
25	275	4	0
43	275	4	0
52	275	4	0
58	275	5	0
60	275	4	0
62	275	4	0
64	275	4	0
68	275	5	0
79	275	4	0
81	275	4	0
82	275	2	0
85	275	3	0
89	275	5	0
90	275	5	0
93	275	4	0
95	275	3	0
99	275	1	0
106	275	4	0
108	275	5	0
116	275	2	0
119	275	5	0
121	275	4	0
123	275	4	0
125	275	5	0
128	275	5	0
131	275	2	0
132	275	3	0
136	275	4	0
145	275	2	0
151	275	5	0
152	275	4	0
158	275	5	0
168	275	3	0
178	275	5	0
181	275	3	0
184	275	5	0
185	275	4	0
187	275	5	0
189	275	5	0
201	275	4	0
211	275	2	0
214	275	3	0
226	275	3	0
228	275	3	0
232	275	2	0
233	275	5	0
235	275	5	0
236	275	3	0
242	275	5	0
243	275	3	0
249	275	4	0
251	275	4	0
252	275	5	0
257	275	4	0
262	275	4	0
264	275	5	0
266	275	5	0
270	275	5	0
271	275	4	0
274	275	5	0
279	275	3	0
286	275	4	0
293	275	3	0
296	275	4	0
297	275	5	0
298	275	3	0
299	275	4	0
304	275	4	0
305	275	2	0
306	275	4	0
308	275	4	0
310	275	5	0
311	275	4	0
312	275	5	0
316	275	5	0
318	275	4	0
321	275	4	0
324	275	4	0
327	275	4	0
328	275	4	0
330	275	5	0
334	275	4	0
336	275	4	0
338	275	5	0
343	275	5	0
344	275	4	0
354	275	4	0
357	275	5	0
360	275	4	0
361	275	4	0
365	275	4	0
373	275	5	0
376	275	5	0
378	275	5	0
389	275	5	0
390	275	5	0
393	275	4	0
401	275	4	0
402	275	5	0
406	275	3	0
409	275	4	0
413	275	5	0
416	275	5	0
419	275	5	0
420	275	5	0
422	275	5	0
424	275	5	0
429	275	4	0
434	275	3	0
437	275	5	0
444	275	4	0
450	275	4	0
452	275	4	0
454	275	2	0
455	275	4	0
457	275	5	0
458	275	5	0
459	275	4	0
460	275	3	0
463	275	5	0
465	275	4	0
468	275	4	0
473	275	5	0
474	275	3	0
477	275	5	0
483	275	4	0
484	275	3	0
486	275	4	0
492	275	2	0
493	275	1	0
498	275	3	0
499	275	3	0
500	275	1	0
503	275	5	0
514	275	5	0
517	275	5	0
524	275	3	0
527	275	3	0
530	275	5	0
533	275	4	0
535	275	4	0
536	275	5	0
537	275	4	0
538	275	4	0
539	275	4	0
548	275	3	0
550	275	4	0
553	275	5	0
554	275	4	0
558	275	4	0
560	275	4	0
573	275	4	0
576	275	3	0
581	275	3	0
585	275	4	0
588	275	3	0
590	275	4	0
591	275	4	0
593	275	3	0
595	275	4	0
597	275	4	0
605	275	4	0
607	275	4	0
608	275	5	0
610	275	4	0
612	275	5	0
615	275	4	0
618	275	3	0
623	275	5	0
624	275	4	0
629	275	5	0
632	275	3	0
634	275	3	0
636	275	3	0
637	275	3	0
639	275	4	0
648	275	5	0
649	275	2	0
652	275	4	0
654	275	5	0
655	275	4	0
662	275	4	0
667	275	4	0
672	275	5	0
678	275	2	0
694	275	4	0
698	275	4	0
699	275	3	0
701	275	5	0
703	275	4	0
705	275	5	0
707	275	4	0
711	275	5	0
716	275	5	0
727	275	3	0
733	275	3	0
734	275	4	0
735	275	4	0
741	275	4	0
745	275	1	0
756	275	3	0
759	275	4	0
761	275	4	0
763	275	5	0
764	275	4	0
765	275	4	0
768	275	4	0
770	275	5	0
771	275	5	0
779	275	4	0
780	275	4	0
786	275	4	0
790	275	4	0
791	275	5	0
794	275	4	0
796	275	4	0
798	275	4	0
800	275	4	0
821	275	5	0
825	275	3	0
828	275	3	0
829	275	4	0
834	275	3	0
837	275	4	0
838	275	5	0
843	275	3	0
854	275	4	0
857	275	5	0
859	275	3	0
861	275	5	0
864	275	4	0
869	275	4	0
871	275	3	0
874	275	4	0
877	275	4	0
878	275	4	0
882	275	5	0
883	275	4	0
884	275	4	0
894	275	4	0
895	275	5	0
896	275	4	0
899	275	4	0
901	275	3	0
902	275	4	0
904	275	5	0
907	275	5	0
909	275	5	0
918	275	4	0
919	275	5	0
921	275	1	0
924	275	4	0
930	275	4	0
931	275	5	0
936	275	4	0
937	275	4	0
938	275	4	0
939	275	4	0
2	283	5	0
10	283	4	0
14	283	4	0
15	283	4	0
18	283	5	0
23	283	4	0
26	283	3	0
42	283	3	0
43	283	2	0
49	283	3	0
58	283	1	0
62	283	4	0
63	283	4	0
79	283	4	0
81	283	4	0
82	283	2	0
85	283	3	0
89	283	4	0
93	283	4	0
104	283	4	0
125	283	5	0
128	283	5	0
136	283	4	0
152	283	4	0
157	283	4	0
158	283	5	0
178	283	5	0
181	283	3	0
182	283	2	0
184	283	5	0
189	283	5	0
202	283	3	0
203	283	5	0
226	283	2	0
234	283	3	0
242	283	4	0
243	283	3	0
248	283	1	0
249	283	5	0
256	283	3	0
262	283	3	0
264	283	5	0
266	283	3	0
270	283	5	0
271	283	4	0
279	283	3	0
293	283	2	0
297	283	4	0
299	283	3	0
303	283	3	0
306	283	3	0
308	283	3	0
314	283	4	0
316	283	5	0
321	283	3	0
324	283	3	0
330	283	5	0
334	283	4	0
343	283	4	0
344	283	4	0
345	283	4	0
354	283	4	0
357	283	5	0
360	283	4	0
361	283	4	0
363	283	2	0
378	283	4	0
381	283	5	0
385	283	2	0
389	283	5	0
390	283	4	0
393	283	3	0
398	283	3	0
409	283	4	0
413	283	5	0
416	283	5	0
420	283	5	0
429	283	3	0
434	283	3	0
437	283	1	0
440	283	5	0
450	283	3	0
454	283	3	0
458	283	5	0
460	283	3	0
463	283	5	0
465	283	3	0
468	283	4	0
470	283	5	0
474	283	3	0
478	283	4	0
479	283	4	0
481	283	5	0
483	283	5	0
500	283	2	0
503	283	5	0
514	283	4	0
517	283	4	0
520	283	4	0
526	283	3	0
527	283	4	0
533	283	3	0
535	283	4	0
536	283	3	0
537	283	4	0
548	283	3	0
558	283	3	0
569	283	4	0
573	283	4	0
581	283	2	0
585	283	4	0
588	283	4	0
591	283	4	0
592	283	4	0
593	283	4	0
597	283	5	0
608	283	4	0
610	283	3	0
615	283	4	0
618	283	3	0
622	283	4	0
623	283	4	0
625	283	3	0
634	283	2	0
636	283	3	0
637	283	2	0
639	283	4	0
654	283	5	0
655	283	3	0
667	283	4	0
668	283	5	0
697	283	5	0
698	283	2	0
699	283	4	0
705	283	5	0
707	283	4	0
708	283	1	0
711	283	4	0
716	283	4	0
727	283	2	0
731	283	4	0
733	283	3	0
734	283	5	0
735	283	2	0
741	283	4	0
761	283	4	0
763	283	4	0
765	283	4	0
771	283	4	0
786	283	4	0
790	283	2	0
796	283	3	0
798	283	5	0
825	283	2	0
828	283	3	0
837	283	5	0
838	283	5	0
854	283	3	0
855	283	3	0
857	283	5	0
860	283	4	0
864	283	5	0
878	283	3	0
880	283	3	0
883	283	4	0
894	283	3	0
895	283	4	0
899	283	4	0
906	283	4	0
907	283	4	0
919	283	4	0
924	283	4	0
930	283	4	0
931	283	4	0
935	283	4	0
937	283	4	0
939	283	5	0
2	285	5	0
6	285	3	0
7	285	5	0
10	285	5	0
13	285	5	0
14	285	5	0
15	285	4	0
18	285	5	0
43	285	4	0
52	285	5	0
59	285	4	0
62	285	4	0
63	285	3	0
71	285	3	0
73	285	4	0
74	285	3	0
79	285	5	0
90	285	5	0
104	285	4	0
106	285	4	0
116	285	4	0
123	285	5	0
131	285	5	0
132	285	4	0
138	285	4	0
144	285	4	0
158	285	5	0
160	285	4	0
176	285	5	0
181	285	2	0
184	285	5	0
185	285	5	0
196	285	5	0
199	285	4	0
201	285	4	0
209	285	5	0
214	285	5	0
227	285	4	0
234	285	4	0
235	285	4	0
243	285	5	0
257	285	5	0
266	285	4	0
269	285	5	0
271	285	4	0
277	285	4	0
286	285	1	0
291	285	4	0
292	285	4	0
293	285	5	0
296	285	5	0
299	285	5	0
305	285	5	0
306	285	4	0
308	285	5	0
315	285	5	0
318	285	4	0
324	285	4	0
327	285	4	0
334	285	4	0
344	285	5	0
345	285	5	0
349	285	5	0
354	285	5	0
360	285	5	0
361	285	4	0
365	285	4	0
370	285	3	0
378	285	4	0
379	285	5	0
383	285	5	0
385	285	5	0
389	285	5	0
392	285	3	0
406	285	5	0
409	285	4	0
416	285	2	0
420	285	5	0
439	285	5	0
449	285	5	0
452	285	3	0
454	285	2	0
457	285	5	0
458	285	4	0
460	285	4	0
461	285	4	0
463	285	4	0
468	285	4	0
470	285	3	0
473	285	4	0
474	285	5	0
486	285	5	0
491	285	5	0
492	285	4	0
500	285	3	0
503	285	4	0
523	285	5	0
524	285	3	0
526	285	5	0
527	285	5	0
535	285	4	0
537	285	4	0
539	285	4	0
555	285	5	0
558	285	5	0
561	285	4	0
581	285	5	0
590	285	5	0
591	285	5	0
592	285	5	0
593	285	2	0
609	285	5	0
624	285	5	0
634	285	4	0
637	285	3	0
639	285	1	0
641	285	5	0
651	285	4	0
655	285	4	0
662	285	5	0
664	285	5	0
667	285	5	0
678	285	3	0
680	285	5	0
692	285	3	0
696	285	4	0
699	285	4	0
701	285	5	0
707	285	5	0
717	285	5	0
719	285	4	0
728	285	4	0
733	285	4	0
735	285	4	0
745	285	1	0
747	285	5	0
758	285	5	0
765	285	5	0
786	285	3	0
794	285	5	0
825	285	3	0
835	285	4	0
837	285	4	0
839	285	5	0
840	285	4	0
854	285	4	0
860	285	5	0
874	285	4	0
878	285	5	0
883	285	5	0
884	285	4	0
891	285	5	0
894	285	4	0
906	285	5	0
917	285	4	0
919	285	5	0
924	285	4	0
932	285	4	0
936	285	4	0
937	285	4	0
939	285	5	0
940	285	4	0
5	381	1	0
12	381	4	0
18	381	4	0
23	381	4	0
58	381	4	0
59	381	5	0
64	381	4	0
89	381	4	0
94	381	4	0
95	381	4	0
128	381	3	0
151	381	5	0
167	381	5	0
174	381	5	0
184	381	4	0
189	381	3	0
196	381	4	0
198	381	3	0
201	381	3	0
208	381	3	0
233	381	4	0
234	381	3	0
244	381	4	0
256	381	5	0
257	381	5	0
264	381	4	0
268	381	3	0
271	381	3	0
280	381	3	0
286	381	5	0
295	381	5	0
299	381	3	0
303	381	4	0
318	381	1	0
327	381	4	0
342	381	5	0
345	381	4	0
354	381	5	0
378	381	4	0
379	381	5	0
387	381	4	0
405	381	1	0
406	381	3	0
409	381	2	0
429	381	3	0
435	381	4	0
436	381	4	0
437	381	5	0
449	381	4	0
450	381	2	0
474	381	4	0
475	381	4	0
478	381	5	0
497	381	3	0
498	381	3	0
500	381	4	0
503	381	5	0
535	381	3	0
537	381	3	0
538	381	3	0
543	381	4	0
565	381	2	0
576	381	3	0
579	381	3	0
591	381	4	0
629	381	4	0
639	381	2	0
653	381	2	0
654	381	3	0
655	381	3	0
666	381	3	0
684	381	2	0
704	381	3	0
707	381	3	0
711	381	5	0
716	381	4	0
751	381	1	0
771	381	3	0
786	381	3	0
795	381	2	0
796	381	3	0
807	381	2	0
819	381	4	0
828	381	3	0
833	381	4	0
846	381	4	0
859	381	4	0
860	381	3	0
861	381	4	0
870	381	3	0
877	381	4	0
880	381	4	0
884	381	5	0
886	381	2	0
889	381	4	0
894	381	3	0
911	381	5	0
914	381	3	0
916	381	3	0
918	381	5	0
5	382	5	0
7	382	4	0
11	382	3	0
13	382	1	0
14	382	5	0
18	382	3	0
19	382	3	0
43	382	5	0
49	382	2	0
59	382	4	0
62	382	3	0
72	382	4	0
73	382	4	0
85	382	4	0
87	382	3	0
90	382	5	0
92	382	4	0
119	382	5	0
122	382	3	0
125	382	1	0
151	382	4	0
184	382	5	0
196	382	4	0
198	382	4	0
212	382	5	0
219	382	5	0
239	382	3	0
264	382	4	0
268	382	3	0
276	382	4	0
279	382	4	0
286	382	5	0
295	382	5	0
303	382	3	0
305	382	5	0
308	382	4	0
312	382	4	0
315	382	4	0
321	382	3	0
327	382	3	0
338	382	5	0
342	382	3	0
343	382	3	0
345	382	4	0
354	382	5	0
358	382	2	0
373	382	4	0
378	382	4	0
380	382	3	0
399	382	3	0
405	382	1	0
406	382	5	0
407	382	3	0
409	382	4	0
417	382	2	0
429	382	3	0
435	382	3	0
450	382	3	0
455	382	3	0
456	382	1	0
474	382	3	0
497	382	4	0
503	382	4	0
504	382	4	0
523	382	5	0
524	382	3	0
533	382	1	0
535	382	5	0
537	382	3	0
539	382	5	0
542	382	3	0
561	382	4	0
565	382	5	0
579	382	3	0
588	382	3	0
591	382	4	0
592	382	4	0
601	382	4	0
607	382	3	0
618	382	2	0
639	382	2	0
640	382	4	0
655	382	3	0
693	382	4	0
704	382	4	0
707	382	3	0
719	382	2	0
721	382	4	0
751	382	3	0
763	382	5	0
766	382	3	0
773	382	3	0
795	382	4	0
805	382	4	0
828	382	3	0
846	382	3	0
854	382	4	0
861	382	5	0
864	382	3	0
868	382	4	0
870	382	3	0
877	382	3	0
883	382	3	0
884	382	5	0
889	382	2	0
909	382	5	0
916	382	4	0
918	382	4	0
919	382	5	0
922	382	4	0
940	382	3	0
6	462	5	0
10	462	3	0
13	462	5	0
18	462	3	0
42	462	2	0
49	462	2	0
58	462	4	0
59	462	5	0
62	462	2	0
71	462	5	0
82	462	4	0
85	462	4	0
90	462	5	0
95	462	4	0
115	462	4	0
123	462	4	0
128	462	4	0
151	462	4	0
154	462	3	0
160	462	4	0
172	462	3	0
180	462	5	0
184	462	4	0
187	462	5	0
188	462	4	0
189	462	5	0
198	462	3	0
200	462	4	0
201	462	1	0
207	462	3	0
211	462	4	0
214	462	4	0
232	462	4	0
233	462	5	0
234	462	4	0
235	462	3	0
236	462	4	0
239	462	5	0
249	462	5	0
257	462	4	0
269	462	3	0
271	462	4	0
276	462	4	0
279	462	3	0
286	462	5	0
292	462	3	0
293	462	4	0
296	462	4	0
299	462	5	0
301	462	2	0
303	462	3	0
305	462	5	0
307	462	4	0
316	462	3	0
321	462	4	0
334	462	4	0
338	462	4	0
343	462	4	0
344	462	2	0
345	462	5	0
347	462	2	0
354	462	3	0
380	462	4	0
381	462	4	0
385	462	2	0
391	462	4	0
399	462	3	0
401	462	4	0
405	462	2	0
406	462	5	0
416	462	5	0
429	462	4	0
430	462	3	0
435	462	5	0
437	462	5	0
440	462	5	0
449	462	5	0
450	462	4	0
452	462	4	0
455	462	3	0
456	462	3	0
457	462	5	0
468	462	4	0
474	462	4	0
480	462	4	0
483	462	3	0
487	462	2	0
492	462	3	0
493	462	2	0
498	462	3	0
500	462	4	0
504	462	4	0
514	462	4	0
527	462	3	0
533	462	2	0
537	462	3	0
543	462	4	0
561	462	3	0
562	462	5	0
565	462	4	0
566	462	4	0
568	462	4	0
571	462	4	0
585	462	3	0
605	462	5	0
607	462	4	0
608	462	4	0
615	462	4	0
618	462	2	0
639	462	5	0
642	462	4	0
654	462	4	0
655	462	3	0
660	462	2	0
664	462	4	0
669	462	5	0
707	462	4	0
712	462	3	0
715	462	4	0
731	462	5	0
747	462	5	0
753	462	4	0
758	462	4	0
763	462	5	0
771	462	3	0
773	462	5	0
828	462	3	0
829	462	4	0
840	462	3	0
848	462	5	0
855	462	4	0
861	462	4	0
862	462	4	0
870	462	4	0
875	462	4	0
878	462	4	0
883	462	5	0
884	462	4	0
889	462	5	0
894	462	4	0
896	462	3	0
907	462	4	0
913	462	3	0
916	462	4	0
918	462	3	0
919	462	3	0
932	462	4	0
934	462	4	0
6	509	4	0
7	509	5	0
10	509	4	0
13	509	5	0
14	509	5	0
16	509	2	0
18	509	4	0
62	509	4	0
64	509	3	0
72	509	4	0
85	509	4	0
90	509	5	0
94	509	5	0
95	509	4	0
121	509	5	0
122	509	4	0
138	509	4	0
148	509	5	0
151	509	4	0
184	509	4	0
194	509	3	0
198	509	4	0
200	509	4	0
201	509	3	0
207	509	4	0
213	509	4	0
214	509	4	0
226	509	4	0
233	509	4	0
239	509	5	0
243	509	4	0
244	509	5	0
262	509	3	0
269	509	4	0
270	509	3	0
271	509	4	0
279	509	3	0
293	509	3	0
299	509	4	0
307	509	3	0
308	509	4	0
311	509	3	0
312	509	5	0
318	509	5	0
339	509	4	0
344	509	4	0
354	509	5	0
378	509	4	0
381	509	5	0
389	509	4	0
401	509	4	0
405	509	1	0
406	509	3	0
416	509	5	0
421	509	2	0
450	509	4	0
452	509	4	0
453	509	4	0
454	509	2	0
457	509	4	0
458	509	4	0
474	509	5	0
479	509	4	0
488	509	2	0
496	509	3	0
498	509	3	0
500	509	4	0
503	509	5	0
523	509	4	0
537	509	4	0
542	509	4	0
543	509	3	0
551	509	4	0
565	509	4	0
568	509	4	0
585	509	4	0
608	509	1	0
613	509	4	0
615	509	4	0
629	509	5	0
639	509	3	0
643	509	3	0
650	509	3	0
653	509	4	0
655	509	3	0
663	509	4	0
664	509	4	0
675	509	5	0
682	509	2	0
693	509	3	0
711	509	4	0
719	509	2	0
747	509	5	0
758	509	5	0
763	509	5	0
773	509	4	0
776	509	5	0
777	509	4	0
779	509	2	0
805	509	5	0
821	509	5	0
828	509	2	0
829	509	5	0
835	509	4	0
840	509	3	0
846	509	4	0
848	509	4	0
854	509	4	0
855	509	3	0
861	509	5	0
864	509	5	0
868	509	3	0
878	509	4	0
884	509	4	0
889	509	2	0
894	509	4	0
901	509	4	0
903	509	4	0
909	509	5	0
916	509	4	0
932	509	3	0
6	531	4	0
10	531	5	0
13	531	3	0
16	531	5	0
30	531	5	0
43	531	4	0
49	531	3	0
52	531	5	0
64	531	3	0
65	531	4	0
76	531	4	0
80	531	4	0
85	531	4	0
90	531	4	0
92	531	4	0
109	531	4	0
116	531	2	0
123	531	3	0
128	531	4	0
130	531	5	0
144	531	5	0
151	531	3	0
160	531	5	0
178	531	4	0
184	531	4	0
189	531	3	0
198	531	5	0
201	531	2	0
207	531	4	0
214	531	4	0
216	531	4	0
232	531	4	0
234	531	3	0
239	531	5	0
243	531	4	0
257	531	5	0
269	531	5	0
270	531	4	0
276	531	4	0
293	531	4	0
299	531	3	0
303	531	4	0
308	531	4	0
312	531	5	0
313	531	3	0
315	531	5	0
316	531	5	0
318	531	4	0
321	531	4	0
328	531	4	0
334	531	5	0
342	531	3	0
343	531	5	0
354	531	4	0
360	531	4	0
361	531	5	0
363	531	4	0
378	531	4	0
382	531	4	0
383	531	3	0
387	531	3	0
389	531	4	0
399	531	3	0
406	531	3	0
415	531	5	0
416	531	5	0
429	531	5	0
452	531	4	0
454	531	2	0
455	531	3	0
457	531	5	0
458	531	5	0
468	531	4	0
492	531	4	0
498	531	3	0
500	531	3	0
514	531	3	0
523	531	5	0
527	531	3	0
532	531	5	0
539	531	4	0
542	531	4	0
543	531	4	0
551	531	5	0
554	531	4	0
561	531	1	0
575	531	1	0
577	531	4	0
588	531	3	0
592	531	5	0
605	531	4	0
606	531	5	0
617	531	2	0
618	531	4	0
653	531	5	0
655	531	4	0
661	531	4	0
664	531	2	0
669	531	3	0
675	531	5	0
679	531	4	0
700	531	4	0
707	531	5	0
745	531	3	0
747	531	4	0
749	531	5	0
758	531	5	0
764	531	5	0
773	531	5	0
788	531	4	0
823	531	4	0
828	531	4	0
836	531	4	0
840	531	5	0
851	531	3	0
855	531	3	0
861	531	4	0
864	531	5	0
876	531	4	0
877	531	5	0
878	531	2	0
883	531	3	0
891	531	4	0
893	531	4	0
894	531	3	0
909	531	4	0
913	531	2	0
916	531	4	0
919	531	3	0
7	582	5	0
10	582	4	0
18	582	5	0
24	582	4	0
42	582	3	0
59	582	4	0
60	582	4	0
62	582	4	0
64	582	4	0
65	582	3	0
72	582	4	0
76	582	3	0
79	582	5	0
80	582	3	0
82	582	4	0
85	582	4	0
92	582	5	0
106	582	4	0
116	582	3	0
121	582	2	0
122	582	5	0
151	582	5	0
161	582	1	0
172	582	4	0
174	582	4	0
184	582	4	0
187	582	1	0
189	582	5	0
194	582	1	0
195	582	4	0
200	582	4	0
201	582	5	0
213	582	4	0
214	582	3	0
224	582	4	0
230	582	4	0
232	582	5	0
234	582	4	0
243	582	5	0
250	582	4	0
257	582	5	0
262	582	4	0
268	582	5	0
269	582	4	0
270	582	3	0
271	582	3	0
276	582	3	0
291	582	4	0
293	582	4	0
295	582	5	0
297	582	4	0
299	582	2	0
301	582	2	0
303	582	4	0
305	582	4	0
308	582	3	0
313	582	2	0
316	582	5	0
327	582	4	0
328	582	5	0
334	582	5	0
338	582	5	0
339	582	4	0
343	582	3	0
345	582	5	0
346	582	3	0
354	582	4	0
358	582	5	0
360	582	4	0
363	582	2	0
378	582	5	0
380	582	4	0
381	582	5	0
387	582	3	0
398	582	2	0
399	582	3	0
401	582	4	0
405	582	3	0
406	582	4	0
417	582	3	0
429	582	3	0
437	582	5	0
440	582	3	0
447	582	4	0
450	582	4	0
455	582	2	0
456	582	5	0
457	582	5	0
458	582	1	0
468	582	3	0
469	582	5	0
474	582	5	0
483	582	3	0
495	582	4	0
500	582	4	0
503	582	5	0
506	582	3	0
514	582	4	0
516	582	5	0
523	582	4	0
524	582	3	0
527	582	2	0
530	582	4	0
533	582	3	0
536	582	2	0
537	582	3	0
543	582	3	0
551	582	5	0
554	582	3	0
561	582	4	0
562	582	4	0
566	582	5	0
567	582	3	0
577	582	4	0
579	582	4	0
585	582	3	0
605	582	4	0
610	582	4	0
615	582	3	0
617	582	4	0
618	582	4	0
627	582	3	0
639	582	3	0
655	582	2	0
664	582	1	0
666	582	4	0
682	582	1	0
693	582	2	0
694	582	4	0
707	582	5	0
711	582	5	0
719	582	3	0
721	582	3	0
734	582	2	0
741	582	3	0
747	582	5	0
758	582	3	0
778	582	1	0
788	582	4	0
790	582	3	0
804	582	3	0
805	582	3	0
815	582	1	0
828	582	3	0
829	582	4	0
840	582	5	0
843	582	2	0
848	582	4	0
855	582	3	0
861	582	2	0
870	582	5	0
875	582	5	0
877	582	2	0
878	582	4	0
881	582	1	0
882	582	5	0
883	582	3	0
884	582	5	0
885	582	2	0
886	582	1	0
892	582	3	0
894	582	4	0
896	582	2	0
903	582	3	0
909	582	5	0
916	582	4	0
918	582	4	0
919	582	5	0
10	709	4	0
13	709	4	0
14	709	5	0
18	709	5	0
58	709	5	0
59	709	5	0
85	709	5	0
87	709	3	0
89	709	3	0
90	709	5	0
92	709	2	0
125	709	3	0
144	709	4	0
151	709	5	0
158	709	5	0
174	709	4	0
234	709	4	0
262	709	5	0
264	709	5	0
271	709	3	0
276	709	4	0
279	709	4	0
283	709	5	0
286	709	4	0
303	709	5	0
305	709	5	0
308	709	3	0
315	709	4	0
321	709	4	0
327	709	4	0
334	709	4	0
339	709	5	0
344	709	5	0
345	709	4	0
354	709	5	0
361	709	5	0
363	709	4	0
373	709	5	0
378	709	4	0
379	709	5	0
380	709	4	0
389	709	4	0
405	709	1	0
406	709	5	0
409	709	4	0
411	709	5	0
417	709	3	0
421	709	4	0
429	709	4	0
435	709	4	0
437	709	5	0
450	709	3	0
455	709	3	0
457	709	5	0
458	709	4	0
464	709	5	0
474	709	5	0
477	709	5	0
500	709	4	0
514	709	3	0
524	709	5	0
527	709	5	0
535	709	5	0
537	709	4	0
541	709	5	0
543	709	3	0
561	709	3	0
579	709	5	0
591	709	4	0
606	709	5	0
618	709	2	0
629	709	3	0
639	709	3	0
645	709	3	0
655	709	3	0
661	709	4	0
666	709	4	0
698	709	4	0
748	709	4	0
751	709	4	0
762	709	3	0
771	709	5	0
786	709	2	0
790	709	3	0
796	709	3	0
798	709	5	0
805	709	4	0
823	709	3	0
854	709	4	0
868	709	4	0
883	709	5	0
886	709	3	0
896	709	3	0
903	709	4	0
904	709	3	0
908	709	4	0
911	709	5	0
916	709	3	0
918	709	4	0
919	709	3	0
930	709	4	0
932	709	4	0
934	709	3	0
940	709	5	0
13	792	5	0
14	792	5	0
18	792	5	0
22	792	4	0
43	792	1	0
59	792	4	0
72	792	3	0
85	792	4	0
94	792	4	0
102	792	3	0
121	792	3	0
122	792	3	0
151	792	4	0
178	792	5	0
184	792	4	0
187	792	5	0
188	792	2	0
189	792	5	0
194	792	4	0
201	792	4	0
207	792	2	0
210	792	3	0
234	792	4	0
235	792	4	0
264	792	5	0
269	792	4	0
271	792	4	0
279	792	3	0
286	792	3	0
299	792	4	0
303	792	5	0
305	792	4	0
308	792	3	0
315	792	5	0
318	792	2	0
327	792	4	0
334	792	4	0
338	792	4	0
342	792	3	0
343	792	5	0
354	792	4	0
363	792	4	0
378	792	4	0
389	792	4	0
393	792	1	0
405	792	5	0
416	792	4	0
417	792	4	0
435	792	4	0
450	792	4	0
452	792	5	0
457	792	4	0
458	792	4	0
474	792	4	0
476	792	4	0
497	792	3	0
506	792	2	0
514	792	4	0
523	792	4	0
524	792	4	0
533	792	3	0
535	792	4	0
537	792	3	0
543	792	4	0
591	792	4	0
615	792	4	0
627	792	4	0
639	792	2	0
655	792	3	0
659	792	4	0
664	792	4	0
666	792	4	0
707	792	4	0
716	792	4	0
747	792	5	0
773	792	4	0
790	792	2	0
823	792	3	0
846	792	4	0
870	792	3	0
883	792	4	0
888	792	5	0
916	792	3	0
918	792	3	0
934	792	3	0
940	792	2	0
