1	3	4	0
43	3	2	0
49	3	3	0
59	3	4	0
62	3	3	0
63	3	2	0
81	3	4	0
82	3	2	0
95	3	1	0
99	3	3	0
104	3	3	0
130	3	5	0
145	3	3	0
157	3	3	0
160	3	3	0
181	3	2	0
207	3	2	0
216	3	4	0
221	3	4	0
244	3	5	0
246	3	2	0
267	3	4	0
268	3	1	0
269	3	3	0
276	3	3	0
280	3	2	0
286	3	2	0
291	3	3	0
293	3	2	0
301	3	2	0
303	3	3	0
320	3	4	0
336	3	1	0
342	3	2	0
343	3	4	0
346	3	3	0
393	3	3	0
406	3	3	0
417	3	4	0
429	3	2	0
432	3	3	0
435	3	3	0
450	3	4	0
453	3	4	0
456	3	4	0
459	3	2	0
463	3	2	0
472	3	5	0
486	3	2	0
487	3	5	0
497	3	4	0
500	3	4	0
523	3	4	0
534	3	4	0
537	3	2	0
548	3	1	0
551	3	5	0
561	3	3	0
569	3	1	0
580	3	5	0
582	3	3	0
586	3	5	0
592	3	4	0
595	3	4	0
606	3	5	0
621	3	5	0
622	3	1	0
624	3	3	0
654	3	3	0
660	3	1	0
663	3	4	0
682	3	3	0
699	3	3	0
714	3	5	0
747	3	2	0
751	3	3	0
756	3	1	0
793	3	4	0
795	3	2	0
806	3	2	0
854	3	1	0
859	3	5	0
880	3	1	0
886	3	3	0
889	3	4	0
910	3	2	0
916	3	3	0
917	3	1	0
923	3	4	0
936	3	4	0
1	5	3	0
13	5	1	0
21	5	2	0
28	5	3	0
43	5	4	0
44	5	4	0
72	5	4	0
92	5	4	0
102	5	3	0
109	5	3	0
118	5	2	0
130	5	4	0
135	5	3	0
145	5	3	0
188	5	4	0
207	5	3	0
218	5	3	0
234	5	3	0
255	5	2	0
256	5	5	0
267	5	3	0
269	5	2	0
270	5	5	0
276	5	3	0
280	5	4	0
291	5	5	0
293	5	3	0
303	5	2	0
308	5	4	0
311	5	3	0
314	5	4	0
332	5	5	0
339	5	3	0
344	5	3	0
345	5	3	0
363	5	1	0
367	5	4	0
368	5	3	0
372	5	4	0
374	5	4	0
375	5	4	0
378	5	3	0
388	5	4	0
393	5	3	0
399	5	3	0
405	5	4	0
406	5	4	0
417	5	4	0
422	5	3	0
425	5	1	0
435	5	2	0
437	5	2	0
447	5	3	0
468	5	3	0
504	5	4	0
506	5	4	0
546	5	5	0
551	5	4	0
562	5	4	0
577	5	4	0
593	5	4	0
604	5	2	0
633	5	3	0
643	5	3	0
648	5	4	0
655	5	2	0
666	5	2	0
671	5	2	0
682	5	3	0
709	5	4	0
727	5	3	0
741	5	3	0
763	5	4	0
776	5	4	0
796	5	4	0
805	5	4	0
814	5	3	0
833	5	1	0
864	5	4	0
880	5	3	0
886	5	3	0
892	5	4	0
907	5	5	0
916	5	3	0
919	5	4	0
925	5	4	0
1	17	3	0
5	17	4	0
13	17	1	0
21	17	4	0
22	17	4	0
43	17	3	0
49	17	2	0
64	17	3	0
90	17	4	0
94	17	2	0
109	17	4	0
118	17	3	0
130	17	5	0
145	17	3	0
201	17	3	0
217	17	3	0
221	17	4	0
222	17	2	0
244	17	2	0
246	17	2	0
267	17	4	0
268	17	3	0
269	17	2	0
270	17	2	0
276	17	4	0
279	17	4	0
286	17	4	0
291	17	4	0
293	17	2	0
297	17	3	0
299	17	1	0
301	17	4	0
303	17	4	0
308	17	4	0
315	17	1	0
320	17	5	0
346	17	1	0
347	17	4	0
352	17	2	0
363	17	4	0
366	17	5	0
367	17	5	0
368	17	5	0
374	17	2	0
393	17	1	0
416	17	2	0
417	17	4	0
425	17	4	0
435	17	2	0
442	17	4	0
447	17	3	0
453	17	4	0
455	17	3	0
466	17	5	0
478	17	2	0
487	17	3	0
496	17	3	0
521	17	1	0
545	17	3	0
546	17	4	0
548	17	3	0
551	17	5	0
561	17	2	0
586	17	5	0
617	17	1	0
619	17	1	0
621	17	4	0
627	17	2	0
632	17	3	0
648	17	2	0
660	17	1	0
671	17	4	0
682	17	3	0
709	17	4	0
715	17	3	0
727	17	1	0
741	17	2	0
747	17	4	0
757	17	3	0
790	17	2	0
795	17	2	0
805	17	4	0
806	17	4	0
814	17	3	0
823	17	4	0
851	17	5	0
870	17	4	0
871	17	3	0
880	17	3	0
886	17	4	0
889	17	4	0
916	17	4	0
1	27	2	0
7	27	4	0
13	27	3	0
16	27	2	0
37	27	4	0
85	27	4	0
87	27	4	0
130	27	4	0
198	27	2	0
201	27	3	0
216	27	3	0
217	27	1	0
221	27	4	0
268	27	4	0
276	27	3	0
279	27	5	0
291	27	3	0
293	27	3	0
297	27	1	0
320	27	3	0
374	27	4	0
387	27	1	0
393	27	4	0
405	27	1	0
416	27	4	0
417	27	3	0
425	27	3	0
435	27	1	0
442	27	2	0
447	27	3	0
452	27	5	0
457	27	4	0
466	27	3	0
472	27	4	0
487	27	5	0
586	27	3	0
600	27	3	0
619	27	4	0
627	27	3	0
650	27	3	0
655	27	3	0
671	27	3	0
682	27	3	0
709	27	3	0
715	27	3	0
727	27	4	0
757	27	4	0
773	27	1	0
849	27	5	0
851	27	4	0
871	27	2	0
880	27	3	0
881	27	3	0
886	27	2	0
892	27	4	0
896	27	1	0
943	27	4	0
1	39	4	0
7	39	5	0
11	39	3	0
13	39	3	0
16	39	5	0
49	39	2	0
59	39	4	0
87	39	3	0
92	39	3	0
94	39	3	0
130	39	4	0
135	39	3	0
145	39	4	0
158	39	5	0
178	39	2	0
197	39	2	0
201	39	1	0
214	39	4	0
218	39	2	0
221	39	4	0
239	39	5	0
249	39	4	0
259	39	4	0
268	39	3	0
276	39	3	0
287	39	5	0
293	39	3	0
295	39	4	0
301	39	3	0
311	39	4	0
329	39	2	0
344	39	3	0
352	39	5	0
363	39	4	0
374	39	4	0
375	39	3	0
387	39	3	0
394	39	4	0
399	39	2	0
405	39	1	0
406	39	4	0
417	39	3	0
425	39	4	0
429	39	3	0
435	39	3	0
436	39	3	0
442	39	3	0
443	39	1	0
450	39	4	0
455	39	2	0
468	39	3	0
496	39	5	0
497	39	3	0
500	39	4	0
524	39	5	0
535	39	4	0
537	39	2	0
548	39	5	0
567	39	3	0
586	39	4	0
601	39	1	0
619	39	2	0
627	39	4	0
629	39	2	0
643	39	4	0
645	39	3	0
648	39	3	0
682	39	4	0
693	39	3	0
715	39	3	0
727	39	2	0
738	39	3	0
747	39	4	0
758	39	2	0
763	39	4	0
795	39	4	0
796	39	3	0
804	39	2	0
826	39	4	0
846	39	3	0
847	39	2	0
880	39	4	0
883	39	4	0
889	39	2	0
896	39	2	0
916	39	4	0
933	39	3	0
1	40	3	0
5	40	4	0
10	40	4	0
11	40	3	0
13	40	2	0
43	40	3	0
49	40	1	0
87	40	3	0
92	40	3	0
119	40	4	0
174	40	4	0
180	40	4	0
184	40	4	0
210	40	3	0
222	40	1	0
234	40	2	0
244	40	2	0
262	40	4	0
268	40	3	0
271	40	1	0
276	40	3	0
279	40	4	0
280	40	5	0
286	40	4	0
318	40	4	0
345	40	3	0
378	40	3	0
389	40	3	0
393	40	1	0
405	40	2	0
406	40	3	0
407	40	1	0
417	40	3	0
435	40	3	0
455	40	3	0
478	40	1	0
504	40	4	0
551	40	1	0
561	40	2	0
577	40	4	0
584	40	4	0
588	40	4	0
593	40	1	0
621	40	3	0
642	40	4	0
648	40	4	0
660	40	2	0
711	40	4	0
712	40	5	0
715	40	1	0
747	40	2	0
766	40	3	0
804	40	3	0
805	40	3	0
846	40	2	0
880	40	2	0
897	40	3	0
1	41	2	0
24	41	5	0
94	41	3	0
110	41	4	0
125	41	2	0
130	41	3	0
174	41	1	0
222	41	3	0
246	41	2	0
276	41	3	0
279	41	2	0
286	41	2	0
291	41	4	0
301	41	3	0
303	41	5	0
311	41	3	0
314	41	5	0
332	41	5	0
336	41	3	0
393	41	4	0
399	41	2	0
405	41	1	0
416	41	3	0
442	41	4	0
472	41	4	0
478	41	3	0
542	41	4	0
621	41	4	0
622	41	3	0
642	41	3	0
660	41	1	0
682	41	3	0
790	41	3	0
846	41	3	0
880	41	1	0
927	41	4	0
943	41	4	0
1	43	4	0
42	43	2	0
83	43	4	0
92	43	3	0
95	43	2	0
110	43	3	0
200	43	3	0
224	43	3	0
271	43	3	0
276	43	1	0
290	43	3	0
295	43	4	0
301	43	5	0
303	43	3	0
311	43	4	0
328	43	3	0
345	43	3	0
378	43	3	0
399	43	3	0
405	43	1	0
416	43	1	0
436	43	2	0
450	43	4	0
472	43	4	0
487	43	3	0
500	43	3	0
533	43	4	0
551	43	2	0
554	43	3	0
655	43	3	0
659	43	4	0
727	43	3	0
758	43	3	0
788	43	3	0
796	43	4	0
864	43	3	0
881	43	3	0
886	43	2	0
896	43	3	0
922	43	3	0
1	49	3	0
13	49	4	0
43	49	4	0
49	49	2	0
87	49	5	0
89	49	4	0
92	49	3	0
94	49	4	0
95	49	3	0
102	49	2	0
125	49	3	0
130	49	4	0
145	49	3	0
151	49	3	0
152	49	5	0
174	49	4	0
210	49	3	0
222	49	3	0
256	49	4	0
283	49	4	0
290	49	3	0
291	49	4	0
293	49	3	0
299	49	4	0
303	49	2	0
305	49	3	0
308	49	3	0
318	49	3	0
336	49	4	0
345	49	3	0
361	49	3	0
378	49	3	0
381	49	2	0
393	49	4	0
398	49	3	0
405	49	1	0
416	49	4	0
417	49	3	0
435	49	4	0
450	49	5	0
453	49	3	0
472	49	5	0
477	49	5	0
487	49	4	0
497	49	3	0
500	49	4	0
514	49	2	0
536	49	3	0
551	49	3	0
561	49	2	0
566	49	2	0
577	49	4	0
579	49	3	0
593	49	3	0
618	49	3	0
622	49	3	0
642	49	4	0
643	49	3	0
648	49	2	0
655	49	1	0
659	49	3	0
682	49	3	0
684	49	4	0
711	49	4	0
712	49	3	0
716	49	4	0
749	49	4	0
790	49	3	0
796	49	3	0
798	49	4	0
804	49	2	0
830	49	5	0
854	49	4	0
860	49	2	0
864	49	3	0
880	49	3	0
881	49	5	0
883	49	3	0
886	49	4	0
892	49	4	0
916	49	3	0
1	63	2	0
5	63	1	0
42	63	4	0
43	63	3	0
56	63	3	0
65	63	2	0
70	63	3	0
83	63	4	0
87	63	4	0
92	63	3	0
94	63	3	0
95	63	3	0
109	63	3	0
110	63	3	0
125	63	3	0
130	63	4	0
174	63	4	0
200	63	4	0
222	63	3	0
268	63	1	0
269	63	1	0
276	63	3	0
279	63	3	0
303	63	1	0
311	63	3	0
313	63	4	0
318	63	3	0
330	63	3	0
336	63	2	0
343	63	4	0
378	63	3	0
379	63	2	0
394	63	4	0
398	63	2	0
399	63	3	0
405	63	3	0
406	63	3	0
417	63	3	0
429	63	2	0
435	63	2	0
450	63	4	0
472	63	4	0
476	63	3	0
497	63	3	0
504	63	3	0
506	63	4	0
536	63	4	0
541	63	3	0
542	63	3	0
577	63	4	0
588	63	5	0
606	63	3	0
620	63	5	0
621	63	1	0
642	63	3	0
648	63	4	0
650	63	2	0
653	63	2	0
660	63	2	0
679	63	3	0
684	63	4	0
690	63	3	0
712	63	4	0
727	63	2	0
738	63	3	0
747	63	3	0
756	63	3	0
790	63	2	0
796	63	3	0
798	63	5	0
804	63	4	0
807	63	5	0
846	63	3	0
864	63	3	0
880	63	3	0
881	63	4	0
886	63	3	0
892	63	4	0
901	63	5	0
922	63	3	0
927	63	4	0
933	63	2	0
1	80	4	0
5	80	2	0
7	80	4	0
22	80	4	0
49	80	1	0
87	80	4	0
92	80	2	0
94	80	2	0
125	80	4	0
152	80	5	0
174	80	1	0
222	80	2	0
244	80	3	0
246	80	2	0
267	80	4	0
268	80	3	0
276	80	3	0
279	80	4	0
280	80	3	0
291	80	4	0
301	80	3	0
303	80	4	0
330	80	2	0
339	80	3	0
363	80	4	0
373	80	3	0
389	80	3	0
393	80	3	0
399	80	3	0
405	80	1	0
416	80	2	0
417	80	4	0
429	80	3	0
435	80	2	0
450	80	3	0
453	80	2	0
456	80	2	0
472	80	3	0
476	80	3	0
495	80	3	0
497	80	3	0
536	80	2	0
542	80	3	0
545	80	3	0
551	80	1	0
561	80	2	0
566	80	3	0
586	80	2	0
621	80	4	0
622	80	3	0
642	80	5	0
650	80	2	0
660	80	1	0
682	80	1	0
690	80	3	0
727	80	4	0
749	80	1	0
790	80	2	0
795	80	3	0
846	80	4	0
868	80	2	0
880	80	2	0
886	80	3	0
896	80	2	0
916	80	3	0
922	80	3	0
933	80	2	0
943	80	2	0
1	85	3	0
10	85	4	0
22	85	5	0
49	85	3	0
92	85	3	0
125	85	3	0
158	85	4	0
234	85	2	0
235	85	4	0
276	85	3	0
286	85	5	0
291	85	2	0
293	85	3	0
303	85	3	0
308	85	4	0
318	85	3	0
327	85	2	0
328	85	1	0
336	85	3	0
347	85	5	0
393	85	3	0
398	85	4	0
405	85	4	0
406	85	2	0
407	85	4	0
416	85	3	0
429	85	4	0
435	85	4	0
447	85	4	0
453	85	3	0
476	85	2	0
487	85	2	0
506	85	3	0
537	85	2	0
543	85	2	0
551	85	1	0
577	85	3	0
586	85	3	0
588	85	5	0
591	85	3	0
640	85	5	0
682	85	3	0
690	85	1	0
715	85	3	0
747	85	3	0
749	85	4	0
751	85	3	0
763	85	4	0
788	85	1	0
790	85	3	0
804	85	4	0
864	85	2	0
880	85	3	0
889	85	3	0
890	85	1	0
896	85	3	0
916	85	2	0
919	85	2	0
1	90	4	0
5	90	3	0
7	90	3	0
11	90	2	0
13	90	3	0
23	90	2	0
44	90	2	0
49	90	1	0
56	90	2	0
59	90	2	0
87	90	2	0
94	90	3	0
95	90	2	0
109	90	3	0
125	90	5	0
130	90	4	0
178	90	3	0
194	90	3	0
222	90	2	0
244	90	4	0
254	90	1	0
262	90	4	0
270	90	5	0
279	90	3	0
280	90	4	0
286	90	4	0
291	90	5	0
297	90	4	0
301	90	3	0
303	90	4	0
314	90	2	0
320	90	4	0
326	90	1	0
327	90	3	0
336	90	5	0
343	90	4	0
361	90	2	0
363	90	5	0
373	90	4	0
379	90	2	0
389	90	3	0
393	90	2	0
394	90	3	0
399	90	2	0
405	90	4	0
416	90	4	0
417	90	3	0
429	90	4	0
435	90	4	0
436	90	3	0
437	90	3	0
442	90	3	0
450	90	4	0
453	90	3	0
472	90	5	0
476	90	3	0
477	90	4	0
495	90	4	0
497	90	4	0
504	90	3	0
506	90	2	0
521	90	2	0
537	90	1	0
541	90	4	0
542	90	4	0
551	90	1	0
618	90	1	0
622	90	4	0
642	90	4	0
648	90	3	0
659	90	2	0
660	90	2	0
690	90	1	0
712	90	3	0
715	90	5	0
727	90	3	0
751	90	3	0
766	90	1	0
773	90	4	0
790	90	2	0
798	90	3	0
805	90	2	0
806	90	4	0
823	90	4	0
844	90	3	0
846	90	2	0
868	90	3	0
870	90	4	0
880	90	3	0
881	90	3	0
883	90	3	0
887	90	5	0
892	90	2	0
904	90	2	0
916	90	3	0
1	101	2	0
5	101	5	0
7	101	5	0
49	101	3	0
59	101	5	0
64	101	2	0
70	101	3	0
92	101	2	0
94	101	2	0
95	101	1	0
102	101	4	0
109	101	1	0
198	101	5	0
222	101	4	0
244	101	5	0
246	101	2	0
268	101	2	0
275	101	4	0
276	101	4	0
279	101	3	0
286	101	5	0
291	101	4	0
299	101	2	0
307	101	3	0
311	101	4	0
339	101	3	0
363	101	1	0
387	101	4	0
394	101	4	0
405	101	1	0
406	101	3	0
407	101	3	0
417	101	3	0
429	101	4	0
430	101	2	0
435	101	3	0
437	101	3	0
450	101	5	0
456	101	3	0
472	101	5	0
479	101	4	0
483	101	2	0
495	101	5	0
497	101	4	0
508	101	5	0
537	101	2	0
545	101	4	0
620	101	2	0
622	101	5	0
653	101	3	0
660	101	3	0
677	101	5	0
715	101	3	0
727	101	2	0
749	101	4	0
751	101	4	0
757	101	4	0
774	101	2	0
805	101	2	0
807	101	4	0
822	101	2	0
823	101	3	0
826	101	5	0
843	101	3	0
846	101	4	0
865	101	1	0
868	101	4	0
882	101	3	0
886	101	4	0
890	101	2	0
896	101	3	0
916	101	3	0
932	101	3	0
1	102	2	0
5	102	3	0
23	102	3	0
42	102	5	0
43	102	4	0
44	102	2	0
49	102	2	0
59	102	2	0
92	102	2	0
94	102	3	0
95	102	4	0
102	102	3	0
222	102	2	0
234	102	2	0
254	102	3	0
275	102	3	0
280	102	5	0
290	102	3	0
295	102	4	0
297	102	1	0
313	102	3	0
330	102	4	0
363	102	4	0
373	102	5	0
381	102	2	0
387	102	3	0
399	102	3	0
405	102	1	0
417	102	3	0
436	102	4	0
450	102	4	0
452	102	2	0
471	102	5	0
504	102	3	0
505	102	1	0
537	102	1	0
541	102	4	0
543	102	4	0
577	102	4	0
642	102	5	0
712	102	4	0
716	102	2	0
786	102	4	0
805	102	4	0
807	102	4	0
815	102	3	0
823	102	4	0
826	102	4	0
843	102	2	0
846	102	2	0
864	102	4	0
890	102	3	0
892	102	3	0
911	102	3	0
1	108	5	0
45	108	4	0
49	108	2	0
63	108	2	0
75	108	4	0
85	108	2	0
92	108	2	0
181	108	1	0
192	108	4	0
196	108	4	0
198	108	3	0
216	108	4	0
221	108	3	0
249	108	3	0
259	108	4	0
267	108	4	0
268	108	3	0
269	108	5	0
276	108	3	0
279	108	4	0
287	108	4	0
297	108	4	0
327	108	3	0
336	108	3	0
342	108	4	0
365	108	2	0
393	108	2	0
397	108	4	0
432	108	3	0
435	108	1	0
459	108	1	0
467	108	4	0
479	108	4	0
486	108	4	0
497	108	3	0
501	108	4	0
521	108	3	0
560	108	1	0
566	108	2	0
584	108	3	0
595	108	2	0
606	108	1	0
621	108	3	0
624	108	3	0
663	108	2	0
666	108	3	0
682	108	3	0
715	108	4	0
716	108	2	0
727	108	3	0
747	108	4	0
758	108	5	0
790	108	3	0
795	108	3	0
804	108	3	0
805	108	3	0
833	108	2	0
847	108	2	0
848	108	5	0
864	108	3	0
865	108	1	0
881	108	3	0
886	108	5	0
896	108	3	0
936	108	4	0
1	109	5	0
5	109	5	0
11	109	3	0
13	109	4	0
16	109	4	0
22	109	4	0
23	109	3	0
24	109	3	0
26	109	3	0
44	109	3	0
45	109	5	0
57	109	4	0
58	109	4	0
59	109	4	0
63	109	4	0
69	109	3	0
70	109	3	0
82	109	1	0
92	109	3	0
94	109	4	0
101	109	2	0
117	109	4	0
119	109	5	0
125	109	3	0
130	109	3	0
145	109	4	0
160	109	2	0
181	109	1	0
195	109	3	0
221	109	2	0
222	109	3	0
226	109	4	0
244	109	4	0
246	109	5	0
251	109	4	0
276	109	4	0
279	109	5	0
283	109	4	0
289	109	3	0
290	109	3	0
294	109	4	0
295	109	4	0
297	109	4	0
301	109	5	0
303	109	4	0
307	109	5	0
308	109	3	0
325	109	2	0
354	109	3	0
365	109	2	0
380	109	2	0
387	109	4	0
389	109	3	0
393	109	3	0
394	109	4	0
397	109	4	0
417	109	2	0
422	109	2	0
429	109	3	0
432	109	2	0
435	109	4	0
456	109	3	0
465	109	3	0
467	109	5	0
472	109	4	0
483	109	5	0
486	109	3	0
490	109	5	0
493	109	4	0
495	109	5	0
496	109	3	0
497	109	4	0
498	109	3	0
508	109	3	0
514	109	3	0
521	109	5	0
528	109	4	0
533	109	2	0
534	109	4	0
537	109	1	0
540	109	4	0
542	109	4	0
546	109	5	0
560	109	3	0
561	109	1	0
567	109	2	0
584	109	4	0
592	109	4	0
595	109	2	0
601	109	4	0
618	109	2	0
621	109	4	0
622	109	5	0
634	109	4	0
648	109	5	0
650	109	3	0
654	109	3	0
657	109	1	0
665	109	4	0
672	109	4	0
677	109	1	0
679	109	3	0
682	109	3	0
689	109	5	0
699	109	3	0
727	109	2	0
730	109	4	0
738	109	4	0
742	109	1	0
747	109	5	0
758	109	3	0
773	109	4	0
776	109	4	0
779	109	3	0
790	109	3	0
793	109	4	0
794	109	4	0
795	109	3	0
844	109	2	0
847	109	5	0
848	109	4	0
851	109	4	0
852	109	3	0
864	109	5	0
868	109	3	0
880	109	4	0
887	109	5	0
894	109	1	0
916	109	3	0
932	109	2	0
1	123	4	0
11	123	3	0
21	123	4	0
27	123	5	0
43	123	1	0
44	123	4	0
49	123	1	0
50	123	4	0
58	123	4	0
59	123	3	0
67	123	4	0
69	123	4	0
75	123	3	0
92	123	2	0
99	123	3	0
101	123	2	0
130	123	4	0
145	123	4	0
150	123	4	0
158	123	3	0
160	123	4	0
168	123	3	0
178	123	4	0
181	123	2	0
182	123	4	0
200	123	4	0
201	123	2	0
249	123	3	0
250	123	3	0
256	123	2	0
264	123	4	0
268	123	3	0
270	123	5	0
276	123	4	0
286	123	5	0
291	123	4	0
294	123	4	0
301	123	4	0
303	123	4	0
308	123	3	0
320	123	4	0
324	123	4	0
332	123	4	0
342	123	5	0
347	123	3	0
348	123	5	0
357	123	4	0
374	123	2	0
378	123	3	0
387	123	3	0
393	123	4	0
394	123	5	0
399	123	2	0
403	123	3	0
406	123	4	0
407	123	3	0
416	123	4	0
417	123	2	0
429	123	4	0
430	123	2	0
432	123	3	0
435	123	2	0
445	123	1	0
447	123	3	0
450	123	2	0
455	123	3	0
459	123	3	0
472	123	4	0
486	123	3	0
490	123	2	0
497	123	3	0
505	123	3	0
518	123	2	0
525	123	3	0
526	123	3	0
537	123	2	0
552	123	3	0
560	123	2	0
580	123	4	0
586	123	3	0
592	123	4	0
596	123	2	0
601	123	1	0
606	123	3	0
618	123	2	0
620	123	3	0
621	123	4	0
624	123	3	0
627	123	3	0
630	123	4	0
648	123	4	0
660	123	2	0
663	123	3	0
671	123	5	0
697	123	5	0
703	123	4	0
727	123	3	0
735	123	3	0
756	123	2	0
758	123	1	0
761	123	3	0
770	123	3	0
790	123	3	0
795	123	4	0
804	123	4	0
805	123	4	0
839	123	3	0
851	123	4	0
854	123	1	0
864	123	4	0
880	123	4	0
896	123	3	0
907	123	4	0
908	123	3	0
916	123	3	0
1	140	1	0
7	140	5	0
38	140	5	0
43	140	4	0
59	140	1	0
82	140	3	0
95	140	3	0
128	140	4	0
148	140	1	0
174	140	4	0
200	140	4	0
222	140	1	0
230	140	3	0
234	140	2	0
250	140	3	0
254	140	4	0
262	140	2	0
280	140	4	0
291	140	4	0
318	140	4	0
399	140	4	0
405	140	3	0
416	140	4	0
429	140	1	0
450	140	3	0
454	140	3	0
471	140	5	0
472	140	3	0
487	140	3	0
495	140	5	0
505	140	4	0
506	140	3	0
537	140	2	0
541	140	5	0
577	140	4	0
592	140	3	0
593	140	4	0
601	140	1	0
620	140	4	0
642	140	3	0
650	140	2	0
661	140	3	0
707	140	2	0
712	140	4	0
731	140	2	0
749	140	3	0
764	140	3	0
798	140	4	0
805	140	3	0
807	140	3	0
823	140	3	0
846	140	4	0
864	140	3	0
878	140	2	0
880	140	4	0
881	140	2	0
882	140	3	0
887	140	5	0
897	140	3	0
901	140	4	0
919	140	5	0
1	142	2	0
7	142	3	0
18	142	4	0
42	142	4	0
59	142	1	0
70	142	3	0
94	142	3	0
95	142	4	0
222	142	2	0
230	142	4	0
234	142	2	0
254	142	3	0
269	142	1	0
275	142	2	0
276	142	3	0
280	142	4	0
286	142	4	0
295	142	4	0
301	142	3	0
313	142	3	0
318	142	4	0
334	142	3	0
373	142	3	0
381	142	3	0
389	142	3	0
393	142	4	0
405	142	1	0
416	142	4	0
417	142	3	0
450	142	5	0
496	142	2	0
504	142	3	0
541	142	5	0
545	142	3	0
588	142	5	0
621	142	3	0
622	142	3	0
642	142	4	0
653	142	2	0
705	142	2	0
710	142	3	0
712	142	4	0
716	142	3	0
749	142	4	0
751	142	4	0
798	142	3	0
805	142	4	0
807	142	3	0
843	142	2	0
846	142	3	0
847	142	3	0
868	142	1	0
885	142	2	0
887	142	1	0
890	142	3	0
901	142	4	0
911	142	4	0
1	148	2	0
15	148	3	0
20	148	5	0
21	148	1	0
26	148	3	0
27	148	3	0
44	148	4	0
49	148	1	0
51	148	3	0
54	148	3	0
59	148	3	0
84	148	4	0
90	148	2	0
92	148	2	0
120	148	3	0
130	148	4	0
158	148	4	0
164	148	5	0
178	148	4	0
181	148	2	0
186	148	4	0
188	148	4	0
190	148	4	0
198	148	3	0
200	148	4	0
201	148	1	0
203	148	3	0
222	148	2	0
224	148	3	0
234	148	3	0
236	148	4	0
244	148	2	0
249	148	3	0
251	148	2	0
269	148	1	0
270	148	4	0
271	148	3	0
274	148	2	0
276	148	3	0
293	148	1	0
294	148	3	0
297	148	3	0
308	148	3	0
313	148	2	0
320	148	4	0
328	148	3	0
330	148	4	0
332	148	5	0
344	148	2	0
345	148	3	0
347	148	3	0
361	148	1	0
363	148	3	0
372	148	5	0
374	148	4	0
378	148	4	0
391	148	3	0
393	148	4	0
396	148	4	0
399	148	4	0
403	148	5	0
406	148	3	0
416	148	5	0
423	148	3	0
430	148	2	0
434	148	3	0
435	148	3	0
438	148	5	0
447	148	4	0
455	148	3	0
457	148	4	0
459	148	5	0
479	148	2	0
486	148	2	0
506	148	3	0
532	148	5	0
533	148	3	0
534	148	4	0
536	148	4	0
552	148	3	0
562	148	5	0
580	148	4	0
586	148	3	0
592	148	2	0
601	148	3	0
602	148	4	0
606	148	3	0
618	148	3	0
620	148	3	0
621	148	4	0
627	148	3	0
633	148	1	0
637	148	3	0
642	148	5	0
663	148	4	0
677	148	4	0
682	148	3	0
690	148	3	0
705	148	5	0
706	148	4	0
708	148	4	0
717	148	3	0
722	148	3	0
727	148	2	0
733	148	3	0
749	148	3	0
757	148	4	0
761	148	5	0
788	148	3	0
793	148	4	0
805	148	2	0
821	148	3	0
825	148	4	0
834	148	4	0
865	148	3	0
870	148	2	0
880	148	2	0
891	148	5	0
893	148	3	0
894	148	3	0
896	148	2	0
916	148	2	0
919	148	3	0
923	148	4	0
930	148	1	0
932	148	2	0
935	148	4	0
938	148	3	0
1	155	2	0
10	155	4	0
13	155	2	0
16	155	3	0
23	155	3	0
38	155	5	0
43	155	4	0
44	155	3	0
62	155	1	0
90	155	5	0
92	155	2	0
94	155	2	0
145	155	2	0
152	155	5	0
174	155	4	0
178	155	4	0
184	155	3	0
193	155	4	0
194	155	3	0
222	155	4	0
223	155	5	0
244	155	3	0
246	155	1	0
267	155	3	0
270	155	5	0
280	155	5	0
286	155	4	0
291	155	3	0
293	155	2	0
295	155	4	0
301	155	1	0
303	155	3	0
313	155	2	0
314	155	5	0
328	155	4	0
334	155	2	0
343	155	1	0
354	155	2	0
361	155	3	0
363	155	2	0
373	155	4	0
378	155	4	0
389	155	2	0
399	155	2	0
416	155	5	0
429	155	2	0
435	155	3	0
437	155	3	0
450	155	4	0
457	155	4	0
495	155	3	0
496	155	1	0
497	155	3	0
504	155	3	0
523	155	4	0
532	155	4	0
539	155	4	0
545	155	3	0
551	155	4	0
561	155	2	0
566	155	2	0
586	155	3	0
588	155	5	0
593	155	5	0
639	155	3	0
642	155	3	0
643	155	2	0
650	155	2	0
655	155	4	0
659	155	3	0
707	155	3	0
709	155	2	0
711	155	4	0
715	155	4	0
727	155	3	0
749	155	2	0
756	155	4	0
757	155	2	0
758	155	1	0
790	155	3	0
796	155	5	0
798	155	3	0
804	155	3	0
805	155	1	0
806	155	3	0
823	155	3	0
868	155	2	0
877	155	2	0
878	155	3	0
889	155	3	0
892	155	2	0
901	155	5	0
904	155	4	0
914	155	5	0
916	155	2	0
922	155	2	0
927	155	4	0
932	155	3	0
1	167	2	0
5	167	2	0
13	167	4	0
22	167	3	0
56	167	3	0
62	167	2	0
87	167	4	0
92	167	3	0
102	167	2	0
152	167	5	0
174	167	3	0
194	167	2	0
210	167	4	0
222	167	3	0
244	167	3	0
254	167	3	0
269	167	1	0
279	167	3	0
280	167	4	0
286	167	5	0
290	167	2	0
293	167	3	0
299	167	3	0
303	167	3	0
313	167	3	0
318	167	4	0
328	167	3	0
339	167	4	0
346	167	2	0
378	167	4	0
389	167	3	0
398	167	3	0
417	167	3	0
429	167	3	0
435	167	3	0
436	167	3	0
450	167	5	0
495	167	4	0
497	167	2	0
504	167	3	0
523	167	4	0
536	167	3	0
545	167	3	0
559	167	3	0
563	167	4	0
648	167	4	0
653	167	2	0
655	167	4	0
659	167	3	0
660	167	2	0
682	167	2	0
690	167	2	0
707	167	2	0
711	167	2	0
727	167	2	0
749	167	2	0
788	167	3	0
795	167	3	0
804	167	3	0
805	167	3	0
815	167	2	0
864	167	4	0
868	167	1	0
885	167	3	0
890	167	2	0
932	167	4	0
933	167	2	0
1	214	4	0
5	214	3	0
7	214	5	0
18	214	4	0
23	214	3	0
44	214	5	0
58	214	2	0
64	214	3	0
70	214	3	0
92	214	4	0
94	214	5	0
109	214	1	0
117	214	5	0
122	214	2	0
148	214	5	0
178	214	1	0
187	214	4	0
189	214	1	0
198	214	4	0
213	214	5	0
222	214	4	0
230	214	4	0
244	214	5	0
254	214	1	0
267	214	4	0
269	214	3	0
276	214	5	0
279	214	3	0
286	214	1	0
288	214	2	0
291	214	4	0
292	214	3	0
305	214	2	0
307	214	5	0
308	214	2	0
312	214	3	0
331	214	3	0
334	214	3	0
339	214	3	0
343	214	4	0
350	214	3	0
373	214	4	0
381	214	2	0
387	214	5	0
399	214	4	0
405	214	4	0
407	214	4	0
409	214	4	0
412	214	3	0
417	214	5	0
429	214	3	0
435	214	4	0
437	214	4	0
450	214	1	0
453	214	3	0
455	214	3	0
456	214	4	0
457	214	5	0
468	214	5	0
472	214	4	0
495	214	5	0
504	214	4	0
508	214	3	0
514	214	5	0
516	214	3	0
527	214	4	0
530	214	2	0
536	214	2	0
542	214	3	0
543	214	3	0
561	214	3	0
606	214	4	0
618	214	2	0
622	214	4	0
625	214	4	0
627	214	3	0
640	214	5	0
645	214	4	0
650	214	3	0
653	214	3	0
655	214	3	0
659	214	3	0
665	214	4	0
686	214	5	0
698	214	1	0
704	214	2	0
709	214	1	0
711	214	4	0
719	214	2	0
738	214	4	0
749	214	3	0
751	214	4	0
761	214	1	0
766	214	2	0
774	214	3	0
790	214	3	0
795	214	4	0
805	214	2	0
815	214	5	0
843	214	3	0
848	214	5	0
862	214	3	0
864	214	2	0
868	214	3	0
881	214	4	0
886	214	3	0
890	214	4	0
892	214	2	0
897	214	5	0
899	214	4	0
903	214	4	0
916	214	3	0
922	214	2	0
933	214	3	0
1	225	2	0
5	225	2	0
13	225	2	0
15	225	3	0
38	225	5	0
43	225	2	0
45	225	4	0
49	225	2	0
56	225	2	0
57	225	3	0
60	225	3	0
62	225	3	0
63	225	2	0
70	225	3	0
75	225	2	0
82	225	3	0
83	225	3	0
84	225	4	0
92	225	3	0
94	225	3	0
101	225	3	0
141	225	3	0
159	225	4	0
161	225	1	0
167	225	3	0
168	225	5	0
181	225	3	0
183	225	1	0
186	225	4	0
189	225	4	0
194	225	3	0
200	225	4	0
222	225	1	0
223	225	3	0
236	225	3	0
243	225	3	0
254	225	3	0
256	225	4	0
276	225	3	0
280	225	4	0
313	225	4	0
330	225	4	0
332	225	3	0
334	225	3	0
348	225	3	0
373	225	4	0
374	225	3	0
378	225	3	0
381	225	3	0
399	225	3	0
401	225	1	0
416	225	1	0
429	225	2	0
434	225	4	0
435	225	3	0
450	225	4	0
457	225	4	0
459	225	3	0
463	225	3	0
471	225	5	0
495	225	4	0
497	225	3	0
504	225	4	0
541	225	4	0
549	225	3	0
552	225	3	0
569	225	3	0
577	225	4	0
588	225	5	0
597	225	4	0
601	225	1	0
606	225	1	0
620	225	3	0
634	225	3	0
637	225	3	0
642	225	4	0
648	225	1	0
653	225	1	0
672	225	2	0
684	225	3	0
697	225	3	0
699	225	3	0
705	225	4	0
708	225	2	0
716	225	3	0
738	225	3	0
756	225	1	0
779	225	4	0
798	225	4	0
805	225	1	0
830	225	3	0
835	225	2	0
837	225	3	0
843	225	2	0
847	225	1	0
854	225	1	0
864	225	3	0
868	225	1	0
878	225	3	0
881	225	2	0
882	225	5	0
885	225	3	0
887	225	4	0
896	225	1	0
907	225	5	0
932	225	2	0
934	225	2	0
937	225	2	0
938	225	4	0
1	249	4	0
15	249	1	0
24	249	4	0
26	249	2	0
32	249	4	0
44	249	4	0
57	249	5	0
58	249	4	0
62	249	2	0
66	249	4	0
83	249	2	0
92	249	3	0
104	249	3	0
116	249	2	0
117	249	4	0
121	249	1	0
130	249	5	0
137	249	4	0
141	249	2	0
145	249	4	0
159	249	4	0
178	249	3	0
198	249	2	0
209	249	2	0
214	249	3	0
216	249	3	0
222	249	1	0
223	249	2	0
227	249	2	0
233	249	5	0
244	249	4	0
248	249	4	0
249	249	4	0
251	249	5	0
255	249	5	0
268	249	4	0
276	249	4	0
279	249	3	0
287	249	5	0
291	249	4	0
292	249	3	0
293	249	3	0
294	249	5	0
297	249	3	0
299	249	3	0
301	249	3	0
303	249	4	0
305	249	3	0
323	249	3	0
327	249	2	0
332	249	3	0
342	249	3	0
347	249	5	0
385	249	2	0
389	249	3	0
392	249	1	0
393	249	3	0
407	249	2	0
416	249	3	0
429	249	4	0
432	249	5	0
435	249	4	0
437	249	5	0
445	249	2	0
459	249	2	0
463	249	2	0
464	249	2	0
467	249	3	0
468	249	3	0
479	249	2	0
480	249	1	0
482	249	2	0
483	249	2	0
487	249	1	0
493	249	4	0
497	249	5	0
500	249	3	0
501	249	3	0
521	249	4	0
540	249	3	0
542	249	4	0
543	249	2	0
550	249	4	0
552	249	3	0
555	249	4	0
560	249	5	0
580	249	5	0
584	249	4	0
586	249	2	0
592	249	4	0
606	249	3	0
621	249	5	0
622	249	5	0
624	249	3	0
640	249	4	0
642	249	5	0
643	249	3	0
648	249	3	0
654	249	5	0
655	249	3	0
660	249	2	0
661	249	3	0
665	249	5	0
679	249	3	0
682	249	3	0
692	249	3	0
715	249	4	0
726	249	1	0
727	249	2	0
758	249	4	0
778	249	3	0
782	249	2	0
789	249	3	0
790	249	3	0
794	249	3	0
796	249	1	0
806	249	4	0
825	249	3	0
833	249	1	0
838	249	4	0
854	249	3	0
859	249	5	0
869	249	4	0
880	249	4	0
889	249	3	0
894	249	3	0
916	249	3	0
922	249	3	0
923	249	4	0
936	249	5	0
2	278	3	0
15	278	1	0
43	278	3	0
45	278	3	0
92	278	3	0
101	278	2	0
109	278	3	0
145	278	4	0
150	278	2	0
152	278	4	0
174	278	5	0
181	278	2	0
222	278	2	0
223	278	4	0
244	278	3	0
256	278	5	0
262	278	3	0
277	278	1	0
286	278	5	0
299	278	3	0
304	278	4	0
314	278	5	0
320	278	3	0
344	278	3	0
345	278	3	0
373	278	5	0
374	278	2	0
393	278	4	0
401	278	4	0
416	278	3	0
436	278	2	0
447	278	3	0
450	278	5	0
458	278	2	0
459	278	4	0
541	278	2	0
560	278	1	0
588	278	5	0
593	278	3	0
599	278	3	0
624	278	4	0
630	278	4	0
654	278	3	0
708	278	4	0
727	278	2	0
760	278	4	0
761	278	4	0
764	278	4	0
768	278	2	0
796	278	4	0
829	278	1	0
837	278	3	0
872	278	3	0
885	278	3	0
891	278	4	0
894	278	4	0
904	278	5	0
907	278	5	0
917	278	3	0
927	278	1	0
2	280	3	0
13	280	4	0
15	280	3	0
42	280	4	0
43	280	3	0
52	280	3	0
56	280	4	0
66	280	4	0
81	280	4	0
101	280	3	0
106	280	2	0
128	280	1	0
144	280	1	0
152	280	5	0
168	280	4	0
174	280	5	0
178	280	4	0
181	280	4	0
193	280	4	0
198	280	3	0
200	280	4	0
216	280	2	0
222	280	3	0
224	280	4	0
230	280	4	0
234	280	3	0
243	280	1	0
256	280	5	0
274	280	1	0
286	280	4	0
293	280	2	0
314	280	3	0
344	280	3	0
345	280	3	0
347	280	4	0
357	280	5	0
374	280	3	0
378	280	2	0
393	280	4	0
401	280	2	0
429	280	2	0
438	280	5	0
450	280	4	0
477	280	4	0
486	280	2	0
487	280	5	0
503	280	1	0
518	280	4	0
540	280	3	0
551	280	3	0
552	280	3	0
576	280	5	0
593	280	3	0
599	280	5	0
622	280	3	0
630	280	2	0
637	280	2	0
639	280	3	0
655	280	2	0
661	280	3	0
663	280	3	0
672	280	2	0
682	280	3	0
697	280	3	0
708	280	4	0
717	280	4	0
741	280	3	0
749	280	4	0
763	280	2	0
764	280	4	0
786	280	3	0
796	280	4	0
798	280	2	0
837	280	2	0
872	280	3	0
880	280	2	0
888	280	3	0
891	280	3	0
894	280	3	0
900	280	2	0
904	280	5	0
916	280	2	0
921	280	3	0
923	280	3	0
939	280	5	0
2	290	3	0
11	290	3	0
13	290	4	0
22	290	5	0
32	290	3	0
42	290	3	0
43	290	4	0
49	290	2	0
59	290	3	0
62	290	3	0
75	290	4	0
79	290	3	0
95	290	3	0
99	290	4	0
104	290	4	0
108	290	4	0
125	290	4	0
130	290	3	0
141	290	1	0
151	290	1	0
157	290	4	0
158	290	4	0
167	290	3	0
181	290	2	0
207	290	2	0
210	290	4	0
234	290	3	0
244	290	3	0
248	290	3	0
249	290	2	0
252	290	3	0
268	290	3	0
276	290	4	0
279	290	4	0
286	290	3	0
291	290	4	0
293	290	2	0
295	290	4	0
303	290	4	0
334	290	3	0
336	290	3	0
344	290	2	0
347	290	3	0
363	290	3	0
373	290	5	0
382	290	4	0
385	290	3	0
393	290	3	0
407	290	3	0
417	290	4	0
429	290	3	0
435	290	3	0
439	290	4	0
447	290	4	0
450	290	4	0
452	290	2	0
483	290	3	0
521	290	3	0
524	290	2	0
534	290	4	0
537	290	2	0
595	290	4	0
601	290	3	0
634	290	3	0
648	290	3	0
650	290	2	0
653	290	3	0
660	290	4	0
669	290	2	0
677	290	1	0
679	290	2	0
682	290	1	0
717	290	3	0
733	290	4	0
741	290	3	0
747	290	3	0
758	290	5	0
804	290	4	0
825	290	4	0
847	290	4	0
851	290	4	0
852	290	4	0
854	290	1	0
864	290	3	0
872	290	2	0
882	290	4	0
885	290	1	0
889	290	2	0
893	290	3	0
894	290	2	0
897	290	4	0
907	290	4	0
916	290	3	0
922	290	4	0
931	290	2	0
938	290	3	0
2	291	3	0
11	291	4	0
15	291	3	0
21	291	3	0
26	291	3	0
43	291	3	0
54	291	1	0
75	291	1	0
84	291	3	0
85	291	3	0
92	291	4	0
109	291	3	0
121	291	3	0
130	291	4	0
141	291	5	0
150	291	4	0
159	291	4	0
164	291	5	0
168	291	4	0
181	291	3	0
186	291	4	0
190	291	3	0
198	291	2	0
200	291	3	0
207	291	3	0
230	291	4	0
234	291	3	0
242	291	3	0
244	291	2	0
256	291	5	0
276	291	3	0
279	291	3	0
283	291	2	0
287	291	5	0
291	291	5	0
293	291	2	0
294	291	2	0
303	291	3	0
308	291	3	0
320	291	4	0
328	291	4	0
332	291	4	0
344	291	3	0
345	291	3	0
346	291	5	0
347	291	5	0
348	291	4	0
349	291	3	0
357	291	4	0
374	291	3	0
391	291	3	0
393	291	4	0
396	291	4	0
399	291	3	0
403	291	4	0
407	291	4	0
416	291	4	0
429	291	4	0
435	291	4	0
445	291	2	0
449	291	2	0
455	291	3	0
459	291	4	0
470	291	2	0
474	291	4	0
487	291	3	0
492	291	4	0
497	291	3	0
504	291	4	0
518	291	3	0
521	291	1	0
524	291	4	0
525	291	2	0
533	291	3	0
534	291	4	0
537	291	2	0
548	291	5	0
551	291	4	0
552	291	2	0
569	291	4	0
592	291	3	0
595	291	3	0
623	291	3	0
637	291	4	0
644	291	4	0
647	291	3	0
648	291	3	0
649	291	5	0
653	291	4	0
654	291	4	0
655	291	3	0
662	291	2	0
666	291	3	0
679	291	4	0
682	291	1	0
693	291	3	0
697	291	5	0
699	291	3	0
714	291	3	0
717	291	4	0
719	291	3	0
722	291	4	0
727	291	4	0
733	291	2	0
749	291	4	0
751	291	3	0
754	291	4	0
758	291	4	0
761	291	3	0
788	291	4	0
792	291	2	0
796	291	4	0
804	291	4	0
825	291	5	0
833	291	3	0
851	291	4	0
854	291	2	0
881	291	3	0
882	291	4	0
889	291	3	0
892	291	4	0
896	291	3	0
899	291	4	0
907	291	5	0
910	291	1	0
923	291	4	0
938	291	4	0
4	356	3	0
7	356	4	0
11	356	4	0
38	356	2	0
64	356	3	0
65	356	5	0
72	356	4	0
83	356	4	0
90	356	4	0
92	356	3	0
94	356	4	0
95	356	4	0
109	356	4	0
130	356	4	0
145	356	4	0
151	356	2	0
180	356	3	0
183	356	3	0
186	356	5	0
188	356	4	0
194	356	2	0
198	356	3	0
216	356	3	0
222	356	4	0
224	356	4	0
246	356	2	0
256	356	3	0
270	356	3	0
271	356	4	0
276	356	3	0
291	356	4	0
293	356	3	0
298	356	3	0
308	356	3	0
311	356	4	0
318	356	4	0
328	356	3	0
332	356	3	0
345	356	3	0
347	356	5	0
374	356	3	0
375	356	4	0
378	356	4	0
380	356	2	0
393	356	3	0
399	356	3	0
401	356	4	0
405	356	5	0
416	356	5	0
429	356	3	0
450	356	4	0
453	356	2	0
454	356	1	0
457	356	4	0
472	356	3	0
474	356	5	0
479	356	3	0
487	356	4	0
496	356	2	0
503	356	4	0
504	356	4	0
506	356	3	0
533	356	4	0
551	356	4	0
561	356	1	0
577	356	4	0
586	356	4	0
588	356	4	0
618	356	2	0
632	356	4	0
639	356	2	0
642	356	4	0
643	356	4	0
653	356	1	0
655	356	3	0
659	356	3	0
664	356	3	0
671	356	3	0
682	356	3	0
694	356	4	0
727	356	3	0
749	356	4	0
758	356	2	0
764	356	4	0
788	356	4	0
796	356	4	0
798	356	3	0
823	356	3	0
864	356	4	0
880	356	4	0
881	356	3	0
885	356	3	0
896	356	3	0
899	356	2	0
907	356	4	0
916	356	3	0
943	356	4	0
5	365	1	0
7	365	4	0
11	365	3	0
62	365	2	0
65	365	3	0
94	365	3	0
109	365	4	0
200	365	5	0
222	365	4	0
224	365	3	0
244	365	2	0
262	365	4	0
269	365	2	0
276	365	3	0
291	365	3	0
308	365	3	0
311	365	4	0
314	365	3	0
345	365	2	0
346	365	1	0
378	365	2	0
393	365	3	0
395	365	5	0
401	365	4	0
405	365	1	0
417	365	4	0
429	365	2	0
472	365	4	0
483	365	2	0
551	365	5	0
577	365	5	0
588	365	5	0
601	365	3	0
642	365	4	0
682	365	3	0
684	365	4	0
711	365	3	0
712	365	3	0
749	365	3	0
760	365	5	0
774	365	2	0
790	365	4	0
798	365	3	0
804	365	4	0
846	365	2	0
880	365	2	0
885	365	3	0
887	365	5	0
5	366	3	0
60	366	4	0
94	366	3	0
95	366	4	0
110	366	3	0
130	366	5	0
193	366	4	0
194	366	2	0
195	366	3	0
201	366	2	0
222	366	4	0
224	366	3	0
276	366	3	0
291	366	3	0
293	366	2	0
303	366	3	0
311	366	5	0
314	366	4	0
346	366	2	0
363	366	2	0
373	366	4	0
393	366	4	0
399	366	3	0
405	366	3	0
416	366	4	0
429	366	3	0
435	366	2	0
450	366	3	0
456	366	2	0
457	366	4	0
472	366	4	0
487	366	3	0
551	366	5	0
588	366	5	0
593	366	4	0
642	366	4	0
653	366	2	0
660	366	1	0
682	366	4	0
712	366	5	0
727	366	3	0
749	366	4	0
766	366	3	0
804	366	4	0
880	366	2	0
907	366	5	0
916	366	3	0
5	371	1	0
9	371	5	0
10	371	4	0
13	371	3	0
42	371	4	0
43	371	4	0
59	371	4	0
83	371	3	0
95	371	2	0
128	371	1	0
151	371	4	0
152	371	4	0
174	371	5	0
184	371	5	0
194	371	3	0
208	371	5	0
230	371	4	0
233	371	5	0
234	371	3	0
269	371	5	0
271	371	5	0
293	371	2	0
295	371	4	0
308	371	3	0
311	371	5	0
328	371	4	0
334	371	2	0
337	371	4	0
343	371	2	0
347	371	1	0
389	371	4	0
401	371	3	0
405	371	1	0
407	371	2	0
429	371	2	0
450	371	3	0
452	371	3	0
454	371	3	0
457	371	4	0
500	371	4	0
504	371	3	0
533	371	3	0
537	371	3	0
543	371	5	0
561	371	1	0
593	371	3	0
605	371	5	0
618	371	3	0
639	371	1	0
650	371	2	0
653	371	1	0
655	371	3	0
684	371	2	0
707	371	3	0
727	371	2	0
764	371	3	0
788	371	3	0
796	371	5	0
805	371	1	0
835	371	5	0
877	371	5	0
878	371	3	0
886	371	1	0
896	371	2	0
897	371	2	0
914	371	4	0
922	371	3	0
5	373	3	0
56	373	4	0
102	373	2	0
109	373	5	0
130	373	4	0
158	373	2	0
195	373	3	0
197	373	1	0
200	373	4	0
217	373	2	0
222	373	3	0
276	373	2	0
279	373	4	0
301	373	4	0
303	373	2	0
393	373	4	0
405	373	2	0
417	373	3	0
450	373	3	0
457	373	2	0
472	373	4	0
497	373	4	0
532	373	3	0
545	373	3	0
600	373	3	0
622	373	1	0
640	373	3	0
648	373	3	0
650	373	1	0
705	373	3	0
758	373	4	0
774	373	2	0
790	373	3	0
804	373	2	0
807	373	4	0
826	373	3	0
846	373	3	0
864	373	2	0
943	373	3	0
5	379	3	0
7	379	4	0
13	379	1	0
21	379	3	0
130	379	4	0
135	379	2	0
145	379	3	0
201	379	3	0
222	379	1	0
254	379	1	0
268	379	1	0
270	379	5	0
276	379	3	0
279	379	3	0
280	379	5	0
286	379	5	0
291	379	3	0
303	379	4	0
314	379	3	0
367	379	4	0
368	379	4	0
399	379	3	0
405	379	1	0
422	379	2	0
425	379	2	0
495	379	5	0
545	379	4	0
546	379	4	0
561	379	2	0
586	379	4	0
620	379	4	0
648	379	1	0
671	379	3	0
682	379	4	0
709	379	3	0
727	379	2	0
802	379	4	0
804	379	3	0
833	379	2	0
843	379	2	0
880	379	4	0
896	379	2	0
932	379	2	0
5	386	2	0
7	386	4	0
11	386	3	0
18	386	2	0
22	386	3	0
23	386	4	0
49	386	4	0
56	386	3	0
87	386	2	0
92	386	3	0
94	386	4	0
95	386	2	0
102	386	2	0
109	386	1	0
125	386	3	0
174	386	1	0
195	386	2	0
221	386	3	0
222	386	2	0
254	386	2	0
262	386	3	0
267	386	3	0
268	386	2	0
276	386	3	0
279	386	3	0
286	386	3	0
293	386	2	0
295	386	4	0
303	386	4	0
311	386	3	0
325	386	4	0
326	386	5	0
347	386	1	0
363	386	1	0
373	386	3	0
378	386	3	0
389	386	3	0
393	386	4	0
394	386	3	0
399	386	3	0
405	386	3	0
417	386	3	0
435	386	4	0
450	386	4	0
457	386	3	0
472	386	5	0
476	386	2	0
495	386	3	0
497	386	2	0
500	386	3	0
504	386	3	0
524	386	4	0
536	386	4	0
542	386	3	0
545	386	2	0
551	386	1	0
566	386	1	0
588	386	2	0
621	386	3	0
622	386	3	0
642	386	5	0
648	386	4	0
653	386	1	0
660	386	2	0
682	386	2	0
684	386	3	0
712	386	3	0
727	386	2	0
751	386	3	0
758	386	3	0
766	386	3	0
773	386	3	0
774	386	2	0
790	386	2	0
795	386	3	0
805	386	3	0
807	386	4	0
815	386	2	0
846	386	3	0
864	386	3	0
870	386	4	0
880	386	3	0
883	386	3	0
885	386	2	0
889	386	3	0
896	386	3	0
943	386	1	0
5	401	5	0
7	401	4	0
11	401	3	0
13	401	1	0
38	401	3	0
49	401	2	0
62	401	3	0
87	401	2	0
92	401	3	0
94	401	4	0
110	401	3	0
125	401	4	0
152	401	3	0
174	401	1	0
184	401	3	0
200	401	2	0
222	401	2	0
234	401	2	0
244	401	3	0
246	401	1	0
264	401	5	0
269	401	3	0
276	401	3	0
279	401	5	0
286	401	1	0
291	401	4	0
293	401	1	0
295	401	3	0
301	401	4	0
303	401	3	0
307	401	1	0
314	401	3	0
318	401	3	0
336	401	1	0
373	401	4	0
378	401	4	0
379	401	3	0
389	401	3	0
399	401	3	0
405	401	1	0
416	401	2	0
435	401	3	0
437	401	5	0
442	401	2	0
450	401	3	0
453	401	3	0
457	401	3	0
472	401	4	0
476	401	3	0
504	401	2	0
542	401	3	0
563	401	4	0
621	401	1	0
642	401	4	0
682	401	1	0
684	401	3	0
711	401	3	0
712	401	3	0
727	401	2	0
741	401	3	0
749	401	1	0
774	401	2	0
790	401	4	0
796	401	3	0
804	401	2	0
805	401	4	0
823	401	4	0
833	401	2	0
846	401	5	0
864	401	4	0
870	401	3	0
880	401	3	0
881	401	1	0
892	401	3	0
927	401	2	0
943	401	1	0
5	409	2	0
13	409	3	0
15	409	3	0
38	409	5	0
42	409	3	0
43	409	3	0
57	409	4	0
68	409	3	0
75	409	3	0
82	409	1	0
83	409	4	0
87	409	3	0
92	409	3	0
99	409	2	0
102	409	2	0
109	409	2	0
141	409	5	0
168	409	4	0
181	409	2	0
200	409	2	0
222	409	3	0
223	409	3	0
244	409	4	0
246	409	2	0
249	409	4	0
256	409	4	0
265	409	3	0
276	409	3	0
280	409	3	0
283	409	4	0
300	409	4	0
301	409	4	0
313	409	2	0
314	409	4	0
332	409	3	0
348	409	4	0
373	409	2	0
378	409	2	0
393	409	4	0
429	409	2	0
435	409	3	0
459	409	2	0
500	409	4	0
504	409	4	0
577	409	5	0
592	409	1	0
620	409	4	0
630	409	3	0
642	409	5	0
653	409	2	0
684	409	3	0
726	409	3	0
747	409	1	0
756	409	2	0
788	409	3	0
796	409	3	0
825	409	3	0
854	409	2	0
872	409	3	0
880	409	2	0
881	409	4	0
882	409	4	0
887	409	4	0
891	409	4	0
897	409	4	0
901	409	3	0
903	409	4	0
907	409	4	0
927	409	4	0
939	409	4	0
5	417	3	0
7	417	3	0
13	417	2	0
60	417	4	0
70	417	3	0
85	417	3	0
94	417	3	0
95	417	3	0
128	417	4	0
151	417	3	0
174	417	4	0
194	417	2	0
234	417	3	0
254	417	3	0
262	417	2	0
269	417	2	0
276	417	4	0
286	417	3	0
291	417	4	0
295	417	5	0
308	417	3	0
311	417	3	0
313	417	2	0
314	417	4	0
340	417	5	0
363	417	1	0
373	417	3	0
378	417	3	0
379	417	5	0
385	417	2	0
393	417	3	0
398	417	3	0
405	417	2	0
416	417	3	0
437	417	5	0
450	417	4	0
457	417	4	0
472	417	4	0
495	417	3	0
496	417	1	0
497	417	2	0
504	417	3	0
506	417	4	0
537	417	2	0
541	417	4	0
561	417	2	0
588	417	5	0
593	417	5	0
621	417	3	0
642	417	3	0
650	417	3	0
655	417	2	0
665	417	3	0
670	417	4	0
711	417	4	0
712	417	4	0
716	417	3	0
751	417	2	0
790	417	2	0
796	417	4	0
798	417	3	0
805	417	2	0
807	417	3	0
815	417	5	0
846	417	4	0
847	417	2	0
868	417	1	0
881	417	2	0
885	417	3	0
892	417	3	0
916	417	2	0
918	417	2	0
927	417	4	0
5	455	4	0
7	455	4	0
11	455	3	0
13	455	3	0
14	455	4	0
15	455	1	0
22	455	5	0
25	455	4	0
26	455	3	0
32	455	2	0
49	455	1	0
62	455	3	0
77	455	3	0
82	455	4	0
92	455	2	0
94	455	3	0
119	455	4	0
125	455	5	0
130	455	4	0
144	455	3	0
158	455	4	0
160	455	4	0
178	455	3	0
181	455	1	0
188	455	4	0
198	455	3	0
200	455	3	0
201	455	3	0
211	455	3	0
213	455	4	0
222	455	3	0
244	455	2	0
249	455	4	0
255	455	2	0
267	455	3	0
268	455	3	0
276	455	4	0
279	455	5	0
283	455	4	0
285	455	4	0
286	455	1	0
289	455	4	0
291	455	5	0
293	455	2	0
294	455	3	0
296	455	1	0
297	455	4	0
301	455	5	0
303	455	3	0
308	455	4	0
327	455	2	0
346	455	3	0
347	455	2	0
349	455	2	0
357	455	5	0
359	455	4	0
363	455	5	0
385	455	4	0
386	455	3	0
387	455	4	0
394	455	4	0
396	455	2	0
399	455	4	0
402	455	3	0
407	455	3	0
425	455	2	0
429	455	3	0
435	455	3	0
450	455	4	0
452	455	1	0
455	455	3	0
457	455	4	0
459	455	2	0
463	455	3	0
466	455	3	0
467	455	3	0
472	455	4	0
479	455	4	0
487	455	2	0
490	455	4	0
493	455	5	0
497	455	4	0
506	455	3	0
534	455	5	0
537	455	1	0
540	455	4	0
551	455	1	0
552	455	3	0
561	455	3	0
569	455	3	0
580	455	4	0
582	455	1	0
592	455	4	0
601	455	4	0
606	455	2	0
621	455	4	0
624	455	3	0
638	455	3	0
648	455	3	0
653	455	3	0
654	455	3	0
657	455	1	0
663	455	2	0
671	455	4	0
677	455	5	0
682	455	4	0
697	455	4	0
699	455	3	0
715	455	3	0
717	455	2	0
721	455	5	0
727	455	3	0
738	455	4	0
746	455	4	0
757	455	3	0
758	455	4	0
761	455	2	0
773	455	4	0
786	455	1	0
794	455	4	0
804	455	5	0
805	455	4	0
806	455	3	0
817	455	3	0
825	455	4	0
833	455	3	0
838	455	4	0
839	455	4	0
847	455	2	0
851	455	3	0
854	455	2	0
865	455	4	0
868	455	5	0
882	455	3	0
883	455	4	0
887	455	5	0
889	455	4	0
896	455	2	0
897	455	3	0
899	455	3	0
922	455	4	0
923	455	4	0
930	455	1	0
936	455	3	0
941	455	4	0
6	468	3	0
42	468	4	0
59	468	3	0
83	468	4	0
110	468	3	0
128	468	1	0
188	468	4	0
201	468	4	0
207	468	4	0
221	468	3	0
222	468	2	0
224	468	4	0
243	468	3	0
244	468	1	0
251	468	2	0
280	468	4	0
293	468	2	0
311	468	4	0
314	468	4	0
326	468	3	0
330	468	5	0
347	468	2	0
374	468	4	0
378	468	5	0
399	468	3	0
405	468	3	0
406	468	1	0
416	468	5	0
429	468	3	0
436	468	4	0
450	468	4	0
454	468	3	0
474	468	4	0
484	468	5	0
488	468	5	0
505	468	4	0
532	468	5	0
537	468	2	0
541	468	4	0
551	468	5	0
561	468	1	0
577	468	3	0
586	468	3	0
588	468	3	0
593	468	3	0
606	468	4	0
618	468	3	0
627	468	2	0
632	468	3	0
642	468	3	0
643	468	4	0
654	468	4	0
655	468	3	0
682	468	5	0
694	468	4	0
716	468	3	0
719	468	3	0
749	468	3	0
774	468	2	0
804	468	4	0
846	468	4	0
880	468	3	0
896	468	2	0
943	468	2	0
6	473	2	0
13	473	4	0
14	473	5	0
15	473	1	0
21	473	3	0
43	473	3	0
45	473	3	0
49	473	3	0
52	473	4	0
56	473	2	0
57	473	3	0
59	473	3	0
62	473	4	0
63	473	2	0
70	473	3	0
75	473	3	0
82	473	2	0
95	473	4	0
99	473	4	0
119	473	3	0
148	473	5	0
151	473	4	0
161	473	1	0
168	473	2	0
181	473	2	0
184	473	4	0
189	473	5	0
199	473	4	0
200	473	4	0
201	473	3	0
222	473	1	0
234	473	5	0
245	473	2	0
256	473	5	0
262	473	2	0
275	473	3	0
276	473	4	0
277	473	2	0
286	473	3	0
289	473	1	0
290	473	1	0
298	473	3	0
299	473	3	0
303	473	4	0
308	473	3	0
313	473	3	0
330	473	4	0
343	473	3	0
344	473	4	0
345	473	2	0
348	473	3	0
354	473	3	0
357	473	3	0
363	473	4	0
365	473	4	0
378	473	3	0
381	473	5	0
385	473	3	0
387	473	4	0
393	473	3	0
401	473	1	0
416	473	2	0
417	473	2	0
429	473	3	0
435	473	3	0
437	473	5	0
449	473	3	0
457	473	4	0
458	473	4	0
459	473	4	0
463	473	4	0
472	473	4	0
483	473	3	0
486	473	3	0
490	473	2	0
514	473	3	0
540	473	3	0
561	473	3	0
569	473	4	0
582	473	3	0
601	473	3	0
606	473	4	0
624	473	3	0
634	473	2	0
642	473	1	0
648	473	3	0
654	473	2	0
660	473	2	0
663	473	3	0
665	473	4	0
697	473	5	0
699	473	3	0
707	473	4	0
708	473	1	0
716	473	4	0
747	473	3	0
756	473	3	0
769	473	3	0
770	473	5	0
794	473	4	0
795	473	2	0
798	473	2	0
804	473	4	0
805	473	4	0
807	473	3	0
821	473	3	0
823	473	3	0
840	473	5	0
843	473	2	0
847	473	2	0
851	473	4	0
852	473	3	0
864	473	4	0
865	473	3	0
880	473	3	0
881	473	2	0
882	473	3	0
887	473	4	0
889	473	4	0
892	473	3	0
896	473	2	0
897	473	3	0
906	473	4	0
911	473	3	0
917	473	3	0
938	473	3	0
6	477	1	0
13	477	4	0
14	477	4	0
24	477	5	0
25	477	4	0
49	477	2	0
57	477	4	0
59	477	3	0
75	477	4	0
82	477	3	0
83	477	2	0
84	477	4	0
87	477	3	0
93	477	5	0
94	477	2	0
130	477	4	0
145	477	2	0
181	477	1	0
186	477	4	0
195	477	2	0
203	477	4	0
222	477	2	0
223	477	3	0
234	477	1	0
243	477	4	0
246	477	4	0
250	477	3	0
265	477	3	0
268	477	3	0
271	477	3	0
286	477	3	0
289	477	2	0
298	477	4	0
303	477	3	0
308	477	4	0
314	477	3	0
344	477	3	0
348	477	3	0
374	477	1	0
387	477	1	0
389	477	4	0
393	477	3	0
401	477	1	0
403	477	4	0
416	477	4	0
422	477	4	0
434	477	5	0
450	477	4	0
459	477	1	0
463	477	2	0
465	477	4	0
471	477	5	0
472	477	5	0
523	477	3	0
532	477	4	0
533	477	4	0
534	477	3	0
541	477	4	0
548	477	1	0
562	477	4	0
582	477	4	0
597	477	5	0
606	477	4	0
610	477	2	0
612	477	2	0
618	477	2	0
624	477	3	0
630	477	4	0
634	477	3	0
642	477	5	0
648	477	3	0
658	477	3	0
684	477	5	0
699	477	3	0
714	477	2	0
749	477	3	0
754	477	5	0
761	477	1	0
770	477	4	0
771	477	5	0
795	477	3	0
796	477	2	0
805	477	4	0
807	477	4	0
870	477	4	0
880	477	3	0
881	477	4	0
883	477	5	0
887	477	1	0
892	477	4	0
897	477	3	0
901	477	3	0
919	477	4	0
927	477	3	0
938	477	1	0
7	541	2	0
13	541	1	0
23	541	4	0
62	541	3	0
94	541	3	0
102	541	2	0
130	541	3	0
193	541	1	0
217	541	3	0
222	541	2	0
246	541	3	0
268	541	3	0
276	541	3	0
279	541	3	0
303	541	3	0
346	541	3	0
393	541	3	0
394	541	3	0
399	541	3	0
405	541	1	0
417	541	2	0
435	541	4	0
472	541	5	0
487	541	3	0
497	541	4	0
524	541	1	0
528	541	3	0
545	541	4	0
584	541	3	0
586	541	3	0
600	541	1	0
621	541	4	0
622	541	2	0
627	541	4	0
642	541	5	0
682	541	3	0
709	541	3	0
727	541	4	0
749	541	3	0
758	541	4	0
773	541	1	0
805	541	3	0
807	541	4	0
864	541	2	0
880	541	2	0
916	541	2	0
927	541	5	0
932	541	1	0
943	541	4	0
7	544	3	0
11	544	4	0
50	544	4	0
81	544	2	0
94	544	3	0
99	544	4	0
104	544	3	0
119	544	2	0
145	544	4	0
158	544	2	0
160	544	4	0
162	544	4	0
181	544	1	0
190	544	4	0
201	544	2	0
221	544	4	0
224	544	1	0
268	544	3	0
276	544	3	0
279	544	1	0
280	544	4	0
288	544	5	0
293	544	3	0
294	544	4	0
296	544	4	0
303	544	4	0
323	544	4	0
342	544	1	0
347	544	4	0
349	544	4	0
374	544	1	0
391	544	4	0
393	544	3	0
399	544	2	0
416	544	2	0
417	544	3	0
445	544	2	0
447	544	4	0
449	544	3	0
456	544	3	0
463	544	4	0
468	544	3	0
470	544	3	0
486	544	4	0
501	544	4	0
518	544	3	0
526	544	1	0
551	544	4	0
561	544	2	0
592	544	4	0
595	544	3	0
624	544	4	0
634	544	3	0
637	544	3	0
663	544	4	0
666	544	4	0
699	544	4	0
727	544	3	0
733	544	1	0
792	544	4	0
825	544	3	0
833	544	1	0
834	544	4	0
851	544	4	0
854	544	3	0
862	544	5	0
886	544	4	0
889	544	3	0
903	544	2	0
906	544	4	0
923	544	4	0
7	552	4	0
92	552	3	0
95	552	1	0
109	552	2	0
130	552	5	0
145	552	5	0
200	552	4	0
215	552	3	0
222	552	2	0
234	552	2	0
256	552	3	0
267	552	3	0
268	552	2	0
276	552	3	0
286	552	3	0
291	552	3	0
301	552	3	0
303	552	2	0
320	552	4	0
332	552	3	0
363	552	4	0
374	552	4	0
393	552	2	0
394	552	3	0
399	552	1	0
405	552	1	0
417	552	2	0
453	552	2	0
472	552	5	0
497	552	3	0
500	552	1	0
551	552	3	0
588	552	1	0
622	552	2	0
642	552	4	0
650	552	4	0
682	552	3	0
727	552	2	0
790	552	2	0
795	552	2	0
804	552	4	0
805	552	3	0
833	552	3	0
846	552	4	0
927	552	4	0
7	553	3	0
13	553	2	0
43	553	4	0
44	553	3	0
72	553	5	0
90	553	2	0
94	553	3	0
122	553	3	0
128	553	3	0
145	553	3	0
174	553	5	0
184	553	3	0
188	553	4	0
193	553	4	0
224	553	4	0
244	553	5	0
262	553	4	0
270	553	1	0
293	553	3	0
299	553	3	0
311	553	3	0
328	553	3	0
334	553	1	0
373	553	4	0
389	553	2	0
393	553	3	0
401	553	5	0
405	553	1	0
416	553	4	0
436	553	3	0
450	553	2	0
455	553	3	0
457	553	5	0
474	553	2	0
477	553	5	0
497	553	2	0
500	553	2	0
505	553	4	0
537	553	2	0
541	553	4	0
588	553	4	0
593	553	2	0
622	553	3	0
627	553	3	0
639	553	3	0
642	553	5	0
655	553	2	0
671	553	5	0
682	553	3	0
684	553	4	0
712	553	5	0
727	553	2	0
774	553	2	0
788	553	3	0
796	553	4	0
806	553	3	0
844	553	4	0
851	553	4	0
877	553	4	0
878	553	3	0
883	553	4	0
904	553	3	0
907	553	5	0
7	561	4	0
11	561	2	0
13	561	1	0
21	561	1	0
49	561	2	0
92	561	3	0
94	561	3	0
151	561	3	0
246	561	1	0
254	561	3	0
268	561	3	0
276	561	2	0
295	561	5	0
328	561	3	0
334	561	2	0
343	561	3	0
346	561	3	0
363	561	2	0
366	561	5	0
367	561	4	0
368	561	2	0
372	561	5	0
378	561	3	0
380	561	2	0
387	561	3	0
393	561	3	0
394	561	4	0
399	561	2	0
405	561	1	0
406	561	3	0
407	561	4	0
417	561	3	0
422	561	3	0
435	561	2	0
450	561	4	0
472	561	5	0
496	561	5	0
503	561	5	0
504	561	4	0
536	561	3	0
551	561	5	0
577	561	4	0
588	561	3	0
621	561	4	0
648	561	2	0
650	561	3	0
709	561	3	0
757	561	2	0
774	561	1	0
788	561	3	0
790	561	3	0
843	561	4	0
846	561	3	0
864	561	4	0
881	561	4	0
883	561	3	0
916	561	3	0
925	561	3	0
933	561	3	0
7	562	5	0
59	562	4	0
94	562	3	0
119	562	4	0
158	562	4	0
183	562	3	0
193	562	3	0
194	562	2	0
207	562	2	0
217	562	3	0
268	562	4	0
276	562	3	0
279	562	3	0
291	562	4	0
301	562	3	0
303	562	4	0
311	562	3	0
314	562	4	0
332	562	5	0
344	562	2	0
405	562	1	0
417	562	4	0
425	562	1	0
429	562	2	0
435	562	5	0
472	562	5	0
484	562	3	0
497	562	2	0
532	562	5	0
543	562	2	0
600	562	3	0
606	562	4	0
619	562	3	0
627	562	2	0
671	562	5	0
682	562	2	0
727	562	2	0
757	562	3	0
788	562	3	0
846	562	5	0
864	562	4	0
868	562	2	0
887	562	5	0
889	562	3	0
896	562	2	0
922	562	3	0
924	562	3	0
932	562	2	0
7	570	3	0
13	570	5	0
59	570	4	0
87	570	3	0
122	570	3	0
158	570	3	0
194	570	3	0
197	570	4	0
200	570	4	0
224	570	4	0
230	570	4	0
246	570	1	0
271	570	3	0
295	570	3	0
311	570	4	0
320	570	4	0
328	570	3	0
330	570	4	0
345	570	2	0
380	570	3	0
405	570	1	0
429	570	4	0
450	570	4	0
497	570	3	0
524	570	4	0
532	570	4	0
536	570	3	0
537	570	2	0
551	570	4	0
588	570	4	0
600	570	4	0
642	570	1	0
671	570	3	0
682	570	2	0
716	570	3	0
727	570	2	0
757	570	3	0
788	570	3	0
790	570	2	0
796	570	2	0
807	570	4	0
826	570	4	0
846	570	4	0
870	570	2	0
880	570	3	0
892	570	3	0
896	570	2	0
916	570	3	0
932	570	4	0
943	570	1	0
7	581	5	0
43	581	3	0
49	581	3	0
59	581	5	0
72	581	4	0
92	581	4	0
94	581	4	0
135	581	4	0
198	581	3	0
201	581	3	0
224	581	1	0
244	581	4	0
262	581	3	0
270	581	5	0
276	581	4	0
291	581	5	0
308	581	4	0
311	581	3	0
342	581	3	0
343	581	4	0
372	581	5	0
374	581	4	0
387	581	4	0
405	581	3	0
429	581	2	0
436	581	4	0
437	581	1	0
455	581	3	0
456	581	3	0
472	581	4	0
495	581	5	0
504	581	4	0
506	581	2	0
537	581	3	0
548	581	4	0
551	581	5	0
586	581	2	0
622	581	4	0
627	581	3	0
633	581	3	0
642	581	2	0
650	581	2	0
653	581	1	0
655	581	2	0
671	581	2	0
682	581	2	0
690	581	2	0
693	581	3	0
721	581	2	0
795	581	4	0
805	581	2	0
833	581	1	0
843	581	3	0
846	581	4	0
868	581	2	0
886	581	4	0
916	581	4	0
934	581	2	0
943	581	4	0
7	583	2	0
16	583	4	0
49	583	4	0
59	583	5	0
92	583	3	0
94	583	3	0
158	583	3	0
201	583	1	0
224	583	1	0
249	583	4	0
256	583	5	0
268	583	4	0
270	583	5	0
276	583	3	0
293	583	3	0
303	583	1	0
308	583	4	0
327	583	2	0
343	583	4	0
375	583	2	0
387	583	4	0
389	583	2	0
405	583	1	0
425	583	3	0
429	583	3	0
437	583	1	0
450	583	4	0
524	583	4	0
551	583	3	0
600	583	3	0
671	583	3	0
682	583	2	0
790	583	2	0
795	583	4	0
870	583	2	0
916	583	4	0
933	583	3	0
7	595	2	0
21	595	3	0
42	595	1	0
54	595	3	0
59	595	3	0
81	595	4	0
92	595	3	0
99	595	4	0
101	595	2	0
109	595	3	0
113	595	5	0
119	595	3	0
121	595	2	0
145	595	3	0
159	595	5	0
181	595	2	0
186	595	3	0
236	595	3	0
251	595	3	0
256	595	4	0
276	595	2	0
280	595	3	0
303	595	2	0
314	595	3	0
328	595	3	0
332	595	4	0
347	595	2	0
357	595	4	0
372	595	4	0
374	595	3	0
396	595	3	0
436	595	5	0
445	595	2	0
486	595	2	0
504	595	4	0
518	595	3	0
525	595	2	0
533	595	2	0
534	595	4	0
548	595	4	0
551	595	2	0
554	595	3	0
577	595	4	0
599	595	5	0
620	595	5	0
624	595	3	0
630	595	5	0
634	595	4	0
637	595	3	0
697	595	4	0
715	595	3	0
749	595	4	0
754	595	2	0
764	595	4	0
792	595	3	0
805	595	3	0
825	595	3	0
851	595	3	0
880	595	1	0
891	595	3	0
894	595	3	0
903	595	2	0
938	595	2	0
943	595	2	0
7	596	5	0
13	596	3	0
14	596	3	0
21	596	3	0
27	596	2	0
43	596	3	0
45	596	3	0
56	596	4	0
63	596	2	0
68	596	2	0
70	596	3	0
81	596	3	0
82	596	3	0
85	596	3	0
92	596	2	0
95	596	2	0
101	596	3	0
102	596	2	0
115	596	1	0
116	596	5	0
117	596	3	0
130	596	4	0
148	596	5	0
152	596	2	0
168	596	4	0
178	596	3	0
181	596	4	0
182	596	5	0
184	596	4	0
186	596	4	0
189	596	3	0
200	596	4	0
201	596	4	0
211	596	3	0
222	596	3	0
223	596	3	0
226	596	3	0
234	596	2	0
236	596	4	0
244	596	4	0
245	596	4	0
246	596	3	0
250	596	5	0
251	596	3	0
254	596	4	0
261	596	2	0
262	596	4	0
270	596	5	0
274	596	3	0
286	596	3	0
290	596	4	0
297	596	3	0
298	596	3	0
303	596	4	0
312	596	5	0
330	596	5	0
348	596	4	0
349	596	2	0
373	596	3	0
378	596	5	0
381	596	3	0
388	596	4	0
393	596	4	0
395	596	2	0
406	596	3	0
417	596	3	0
429	596	3	0
435	596	4	0
458	596	4	0
459	596	3	0
463	596	3	0
471	596	1	0
481	596	4	0
487	596	5	0
490	596	1	0
525	596	4	0
533	596	2	0
536	596	3	0
540	596	4	0
541	596	4	0
550	596	2	0
551	596	5	0
554	596	3	0
561	596	2	0
606	596	4	0
618	596	4	0
620	596	2	0
634	596	3	0
636	596	5	0
637	596	2	0
642	596	5	0
648	596	3	0
654	596	3	0
668	596	3	0
684	596	3	0
689	596	3	0
697	596	4	0
699	596	3	0
703	596	3	0
708	596	4	0
727	596	4	0
747	596	5	0
751	596	4	0
764	596	3	0
770	596	4	0
771	596	4	0
779	596	4	0
792	596	3	0
807	596	4	0
815	596	5	0
837	596	3	0
838	596	5	0
843	596	3	0
847	596	3	0
864	596	4	0
869	596	3	0
879	596	2	0
881	596	3	0
885	596	4	0
887	596	5	0
892	596	3	0
896	596	2	0
907	596	4	0
913	596	1	0
919	596	3	0
922	596	4	0
938	596	5	0
7	619	3	0
13	619	3	0
21	619	2	0
81	619	3	0
92	619	4	0
99	619	4	0
130	619	4	0
141	619	4	0
164	619	4	0
168	619	3	0
178	619	3	0
181	619	3	0
203	619	3	0
222	619	4	0
223	619	2	0
234	619	2	0
277	619	4	0
280	619	4	0
291	619	3	0
293	619	1	0
294	619	3	0
303	619	3	0
323	619	3	0
332	619	3	0
336	619	3	0
344	619	4	0
349	619	4	0
374	619	3	0
378	619	3	0
387	619	1	0
396	619	3	0
416	619	4	0
438	619	4	0
450	619	3	0
458	619	2	0
459	619	4	0
500	619	3	0
518	619	4	0
532	619	5	0
534	619	4	0
548	619	3	0
552	619	3	0
580	619	3	0
592	619	1	0
593	619	3	0
605	619	4	0
606	619	4	0
624	619	3	0
637	619	2	0
648	619	3	0
653	619	3	0
655	619	3	0
663	619	4	0
682	619	3	0
699	619	2	0
733	619	3	0
754	619	4	0
758	619	4	0
825	619	4	0
851	619	4	0
854	619	2	0
864	619	3	0
880	619	4	0
907	619	2	0
7	620	4	0
15	620	4	0
59	620	4	0
92	620	3	0
145	620	3	0
164	620	3	0
181	620	2	0
222	620	3	0
223	620	2	0
224	620	3	0
256	620	3	0
314	620	3	0
328	620	3	0
334	620	2	0
345	620	2	0
374	620	3	0
378	620	3	0
393	620	4	0
416	620	4	0
423	620	4	0
432	620	4	0
450	620	4	0
455	620	3	0
486	620	2	0
487	620	3	0
504	620	4	0
549	620	3	0
552	620	3	0
606	620	4	0
630	620	4	0
650	620	2	0
653	620	3	0
665	620	3	0
716	620	3	0
719	620	4	0
749	620	4	0
768	620	2	0
788	620	3	0
825	620	3	0
854	620	2	0
881	620	2	0
907	620	4	0
935	620	2	0
7	623	3	0
56	623	3	0
83	623	4	0
95	623	3	0
174	623	3	0
194	623	1	0
221	623	3	0
222	623	2	0
233	623	3	0
234	623	2	0
311	623	2	0
314	623	5	0
328	623	3	0
378	623	3	0
393	623	3	0
405	623	1	0
457	623	3	0
504	623	3	0
505	623	3	0
541	623	3	0
577	623	5	0
588	623	3	0
601	623	1	0
620	623	4	0
642	623	4	0
682	623	3	0
705	623	5	0
712	623	4	0
778	623	1	0
788	623	3	0
796	623	3	0
798	623	3	0
815	623	3	0
846	623	1	0
864	623	3	0
880	623	4	0
886	623	1	0
901	623	4	0
927	623	3	0
7	625	3	0
13	625	2	0
42	625	3	0
43	625	4	0
44	625	3	0
49	625	3	0
59	625	3	0
64	625	3	0
70	625	3	0
94	625	4	0
95	625	4	0
102	625	3	0
130	625	5	0
178	625	3	0
194	625	3	0
234	625	3	0
254	625	3	0
262	625	3	0
271	625	3	0
275	625	2	0
279	625	3	0
283	625	3	0
290	625	4	0
297	625	3	0
298	625	4	0
312	625	3	0
313	625	4	0
320	625	4	0
363	625	4	0
373	625	4	0
387	625	2	0
393	625	4	0
405	625	3	0
416	625	5	0
417	625	4	0
429	625	3	0
435	625	2	0
452	625	3	0
472	625	4	0
484	625	4	0
496	625	4	0
497	625	3	0
521	625	3	0
537	625	3	0
541	625	4	0
542	625	3	0
588	625	3	0
618	625	4	0
620	625	3	0
621	625	4	0
622	625	3	0
642	625	3	0
650	625	3	0
660	625	3	0
682	625	3	0
684	625	3	0
698	625	3	0
705	625	5	0
712	625	3	0
747	625	3	0
749	625	3	0
763	625	4	0
804	625	3	0
805	625	3	0
807	625	3	0
815	625	4	0
823	625	4	0
826	625	3	0
830	625	3	0
843	625	2	0
844	625	3	0
849	625	5	0
864	625	4	0
865	625	1	0
880	625	4	0
881	625	5	0
885	625	3	0
890	625	3	0
892	625	3	0
911	625	5	0
927	625	3	0
943	625	3	0
7	627	3	0
18	627	3	0
38	627	5	0
42	627	2	0
49	627	2	0
92	627	3	0
94	627	3	0
95	627	4	0
109	627	5	0
130	627	5	0
151	627	2	0
193	627	4	0
213	627	4	0
222	627	3	0
230	627	5	0
268	627	3	0
269	627	1	0
275	627	3	0
276	627	3	0
283	627	4	0
291	627	4	0
293	627	2	0
303	627	3	0
311	627	4	0
314	627	4	0
320	627	4	0
328	627	3	0
330	627	5	0
347	627	4	0
371	627	4	0
373	627	4	0
393	627	4	0
394	627	5	0
405	627	1	0
416	627	5	0
429	627	2	0
435	627	3	0
450	627	3	0
454	627	2	0
455	627	3	0
471	627	1	0
487	627	4	0
497	627	3	0
533	627	2	0
541	627	4	0
542	627	3	0
545	627	3	0
551	627	3	0
577	627	5	0
620	627	5	0
642	627	3	0
645	627	2	0
650	627	2	0
664	627	1	0
682	627	4	0
705	627	3	0
710	627	4	0
712	627	4	0
715	627	3	0
716	627	4	0
727	627	3	0
749	627	2	0
763	627	3	0
788	627	4	0
807	627	4	0
826	627	4	0
830	627	3	0
843	627	2	0
844	627	3	0
846	627	4	0
865	627	1	0
880	627	3	0
889	627	2	0
911	627	3	0
933	627	2	0
7	637	4	0
13	637	2	0
21	637	4	0
38	637	2	0
60	637	4	0
94	637	3	0
145	637	3	0
201	637	3	0
222	637	2	0
264	637	4	0
293	637	3	0
308	637	3	0
328	637	3	0
339	637	4	0
366	637	5	0
367	637	3	0
368	637	2	0
372	637	4	0
374	637	4	0
379	637	2	0
429	637	3	0
435	637	4	0
450	637	4	0
495	637	3	0
604	637	4	0
606	637	3	0
617	637	3	0
648	637	2	0
650	637	3	0
709	637	3	0
749	637	1	0
776	637	3	0
788	637	2	0
804	637	3	0
840	637	3	0
843	637	2	0
890	637	3	0
896	637	2	0
10	696	4	0
15	696	2	0
21	696	2	0
75	696	4	0
94	696	4	0
115	696	4	0
141	696	4	0
145	696	3	0
174	696	4	0
178	696	4	0
181	696	2	0
190	696	3	0
207	696	3	0
236	696	2	0
276	696	2	0
293	696	2	0
296	696	4	0
313	696	3	0
328	696	3	0
332	696	3	0
344	696	3	0
345	696	3	0
347	696	4	0
349	696	3	0
372	696	4	0
374	696	3	0
378	696	3	0
391	696	4	0
393	696	4	0
402	696	4	0
416	696	3	0
423	696	3	0
435	696	3	0
437	696	3	0
450	696	4	0
456	696	3	0
458	696	3	0
459	696	4	0
474	696	3	0
486	696	3	0
491	696	3	0
501	696	4	0
518	696	5	0
533	696	3	0
548	696	4	0
551	696	2	0
554	696	3	0
586	696	3	0
624	696	4	0
634	696	4	0
653	696	1	0
663	696	3	0
666	696	3	0
682	696	4	0
707	696	4	0
716	696	2	0
722	696	4	0
733	696	3	0
741	696	3	0
764	696	3	0
786	696	3	0
788	696	3	0
792	696	3	0
793	696	3	0
825	696	3	0
830	696	2	0
833	696	3	0
839	696	2	0
851	696	3	0
854	696	2	0
869	696	2	0
889	696	3	0
896	696	1	0
900	696	2	0
903	696	3	0
906	696	4	0
907	696	5	0
917	696	5	0
936	696	2	0
10	702	3	0
18	702	3	0
49	702	3	0
59	702	5	0
62	702	2	0
85	702	2	0
87	702	3	0
89	702	5	0
92	702	3	0
128	702	3	0
151	702	3	0
201	702	1	0
234	702	2	0
264	702	4	0
279	702	4	0
299	702	4	0
301	702	4	0
311	702	3	0
327	702	2	0
331	702	3	0
339	702	4	0
343	702	4	0
345	702	4	0
354	702	3	0
378	702	4	0
405	702	1	0
406	702	3	0
429	702	5	0
437	702	1	0
449	702	5	0
450	702	4	0
503	702	2	0
524	702	4	0
535	702	1	0
537	702	3	0
543	702	2	0
561	702	3	0
592	702	4	0
608	702	1	0
639	702	2	0
653	702	3	0
655	702	2	0
664	702	4	0
707	702	3	0
763	702	3	0
804	702	2	0
806	702	3	0
828	702	2	0
846	702	4	0
877	702	4	0
878	702	1	0
894	702	4	0
916	702	3	0
10	712	4	0
13	712	4	0
22	712	4	0
62	712	4	0
85	712	3	0
92	712	3	0
95	712	2	0
106	712	3	0
194	712	3	0
207	712	4	0
218	712	3	0
222	712	3	0
234	712	2	0
244	712	3	0
279	712	5	0
293	712	2	0
308	712	4	0
318	712	4	0
334	712	3	0
343	712	4	0
346	712	3	0
379	712	3	0
380	712	2	0
389	712	3	0
398	712	2	0
405	712	1	0
406	712	3	0
407	712	2	0
416	712	4	0
450	712	3	0
476	712	3	0
506	712	3	0
524	712	4	0
538	712	3	0
591	712	3	0
643	712	3	0
653	712	3	0
655	712	3	0
659	712	3	0
690	712	4	0
707	712	3	0
749	712	3	0
766	712	3	0
774	712	1	0
778	712	3	0
788	712	3	0
815	712	3	0
860	712	3	0
881	712	3	0
883	712	3	0
934	712	4	0
11	716	3	0
13	716	4	0
14	716	5	0
18	716	5	0
62	716	4	0
89	716	3	0
94	716	3	0
95	716	3	0
119	716	5	0
151	716	2	0
152	716	5	0
174	716	5	0
180	716	1	0
184	716	3	0
207	716	3	0
222	716	2	0
244	716	3	0
256	716	5	0
269	716	4	0
270	716	4	0
297	716	3	0
303	716	2	0
311	716	4	0
316	716	5	0
320	716	1	0
334	716	3	0
336	716	2	0
342	716	2	0
344	716	3	0
345	716	3	0
354	716	3	0
378	716	3	0
405	716	1	0
437	716	5	0
447	716	2	0
450	716	4	0
455	716	3	0
497	716	4	0
504	716	4	0
588	716	5	0
639	716	1	0
643	716	3	0
655	716	2	0
682	716	2	0
684	716	2	0
690	716	1	0
707	716	2	0
711	716	5	0
712	716	5	0
758	716	2	0
790	716	4	0
795	716	3	0
796	716	3	0
805	716	4	0
846	716	3	0
847	716	3	0
860	716	2	0
864	716	2	0
11	720	1	0
13	720	4	0
38	720	5	0
42	720	4	0
56	720	3	0
83	720	4	0
92	720	3	0
94	720	1	0
95	720	2	0
102	720	2	0
152	720	5	0
178	720	3	0
183	720	4	0
194	720	2	0
197	720	2	0
200	720	4	0
217	720	3	0
224	720	4	0
246	720	1	0
267	720	3	0
276	720	2	0
290	720	3	0
293	720	1	0
295	720	4	0
303	720	2	0
311	720	3	0
313	720	2	0
326	720	2	0
328	720	3	0
346	720	2	0
378	720	2	0
393	720	3	0
394	720	2	0
399	720	3	0
405	720	1	0
411	720	3	0
416	720	4	0
435	720	2	0
456	720	3	0
457	720	3	0
472	720	5	0
484	720	4	0
487	720	4	0
497	720	2	0
536	720	4	0
543	720	2	0
545	720	3	0
551	720	2	0
562	720	4	0
577	720	4	0
586	720	4	0
588	720	4	0
600	720	3	0
618	720	3	0
619	720	4	0
627	720	2	0
632	720	3	0
640	720	3	0
642	720	5	0
654	720	4	0
659	720	3	0
671	720	3	0
682	720	4	0
705	720	5	0
710	720	3	0
711	720	3	0
721	720	5	0
727	720	2	0
731	720	3	0
746	720	3	0
773	720	1	0
788	720	3	0
796	720	4	0
797	720	2	0
798	720	5	0
804	720	3	0
807	720	4	0
826	720	3	0
846	720	4	0
864	720	3	0
880	720	2	0
887	720	5	0
896	720	1	0
916	720	2	0
921	720	4	0
943	720	1	0
11	722	3	0
13	722	3	0
83	722	4	0
87	722	4	0
92	722	3	0
94	722	2	0
109	722	3	0
110	722	3	0
125	722	3	0
174	722	4	0
193	722	3	0
207	722	3	0
210	722	4	0
222	722	3	0
256	722	3	0
270	722	4	0
280	722	3	0
291	722	4	0
295	722	4	0
303	722	2	0
314	722	1	0
318	722	4	0
336	722	3	0
345	722	3	0
378	722	3	0
389	722	2	0
393	722	2	0
399	722	2	0
405	722	1	0
435	722	3	0
450	722	5	0
457	722	4	0
477	722	5	0
497	722	3	0
523	722	3	0
532	722	3	0
621	722	4	0
622	722	3	0
642	722	3	0
648	722	3	0
653	722	1	0
655	722	1	0
660	722	1	0
682	722	4	0
684	722	2	0
690	722	3	0
712	722	3	0
727	722	2	0
741	722	3	0
758	722	3	0
790	722	3	0
796	722	3	0
798	722	3	0
864	722	2	0
870	722	2	0
880	722	3	0
927	722	3	0
943	722	3	0
11	723	5	0
62	723	2	0
94	723	3	0
128	723	3	0
174	723	5	0
222	723	3	0
224	723	2	0
244	723	3	0
249	723	4	0
269	723	1	0
280	723	5	0
311	723	4	0
328	723	3	0
342	723	3	0
378	723	3	0
405	723	1	0
416	723	4	0
417	723	5	0
436	723	3	0
450	723	3	0
504	723	4	0
537	723	2	0
588	723	2	0
593	723	4	0
618	723	3	0
642	723	4	0
655	723	3	0
682	723	1	0
707	723	3	0
711	723	5	0
716	723	4	0
760	723	2	0
788	723	3	0
846	723	2	0
11	728	3	0
56	728	3	0
83	728	4	0
87	728	4	0
92	728	3	0
94	728	2	0
95	728	3	0
125	728	3	0
145	728	2	0
246	728	1	0
256	728	4	0
268	728	2	0
276	728	2	0
279	728	4	0
280	728	3	0
286	728	3	0
299	728	2	0
332	728	4	0
378	728	3	0
389	728	3	0
393	728	3	0
405	728	4	0
417	728	3	0
450	728	3	0
504	728	3	0
551	728	2	0
554	728	3	0
577	728	3	0
588	728	3	0
642	728	4	0
648	728	2	0
653	728	2	0
655	728	2	0
682	728	3	0
684	728	2	0
709	728	4	0
712	728	4	0
796	728	3	0
798	728	4	0
846	728	4	0
880	728	4	0
881	728	3	0
889	728	3	0
901	728	4	0
921	728	3	0
11	731	4	0
22	731	3	0
43	731	4	0
64	731	3	0
89	731	3	0
92	731	4	0
94	731	3	0
130	731	3	0
145	731	3	0
158	731	2	0
178	731	4	0
224	731	4	0
234	731	2	0
280	731	3	0
314	731	4	0
378	731	3	0
387	731	1	0
389	731	3	0
393	731	3	0
405	731	3	0
450	731	3	0
477	731	4	0
497	731	3	0
504	731	3	0
506	731	4	0
588	731	2	0
618	731	2	0
639	731	2	0
642	731	5	0
655	731	3	0
711	731	4	0
712	731	5	0
749	731	3	0
756	731	3	0
796	731	3	0
798	731	3	0
846	731	3	0
880	731	4	0
889	731	2	0
11	737	4	0
13	737	4	0
18	737	3	0
44	737	1	0
49	737	1	0
89	737	1	0
92	737	4	0
94	737	4	0
95	737	3	0
122	737	4	0
145	737	2	0
180	737	3	0
194	737	4	0
201	737	2	0
221	737	4	0
243	737	3	0
276	737	4	0
286	737	4	0
295	737	5	0
301	737	2	0
325	737	4	0
339	737	3	0
345	737	3	0
354	737	4	0
361	737	4	0
363	737	1	0
387	737	3	0
393	737	2	0
398	737	2	0
405	737	1	0
406	737	3	0
407	737	4	0
416	737	3	0
429	737	4	0
437	737	1	0
447	737	4	0
456	737	3	0
474	737	4	0
543	737	3	0
561	737	3	0
622	737	5	0
650	737	2	0
653	737	1	0
682	737	3	0
751	737	4	0
758	737	3	0
763	737	2	0
773	737	3	0
804	737	3	0
828	737	1	0
840	737	4	0
846	737	4	0
861	737	3	0
862	737	4	0
877	737	1	0
889	737	3	0
890	737	3	0
916	737	3	0
918	737	3	0
13	755	3	0
42	755	4	0
43	755	3	0
44	755	3	0
56	755	3	0
59	755	4	0
60	755	4	0
70	755	3	0
83	755	5	0
92	755	3	0
109	755	5	0
119	755	1	0
151	755	3	0
193	755	4	0
200	755	5	0
210	755	3	0
222	755	4	0
254	755	3	0
262	755	3	0
276	755	3	0
280	755	2	0
290	755	4	0
291	755	2	0
301	755	4	0
303	755	2	0
308	755	3	0
311	755	4	0
328	755	3	0
378	755	3	0
393	755	3	0
399	755	2	0
405	755	2	0
407	755	3	0
416	755	4	0
429	755	3	0
435	755	2	0
437	755	3	0
455	755	3	0
457	755	4	0
472	755	4	0
484	755	4	0
500	755	3	0
504	755	4	0
505	755	3	0
506	755	4	0
517	755	3	0
521	755	3	0
533	755	3	0
536	755	4	0
541	755	5	0
551	755	4	0
566	755	2	0
588	755	3	0
610	755	5	0
618	755	2	0
620	755	5	0
621	755	3	0
622	755	4	0
642	755	3	0
650	755	3	0
653	755	2	0
660	755	2	0
705	755	5	0
711	755	3	0
712	755	4	0
715	755	2	0
721	755	4	0
727	755	2	0
738	755	3	0
749	755	4	0
751	755	4	0
756	755	3	0
778	755	2	0
788	755	3	0
790	755	3	0
795	755	3	0
796	755	4	0
798	755	3	0
804	755	3	0
805	755	3	0
846	755	3	0
848	755	5	0
864	755	4	0
868	755	4	0
878	755	2	0
880	755	3	0
881	755	4	0
887	755	5	0
889	755	3	0
892	755	4	0
916	755	2	0
919	755	3	0
921	755	4	0
927	755	5	0
932	755	2	0
934	755	4	0
13	761	4	0
16	761	2	0
56	761	3	0
92	761	2	0
130	761	3	0
145	761	4	0
151	761	3	0
217	761	4	0
256	761	4	0
268	761	1	0
269	761	2	0
286	761	4	0
291	761	3	0
293	761	2	0
311	761	3	0
314	761	4	0
334	761	2	0
363	761	3	0
374	761	3	0
375	761	3	0
393	761	4	0
405	761	1	0
416	761	4	0
429	761	2	0
436	761	4	0
450	761	4	0
506	761	2	0
517	761	5	0
532	761	4	0
543	761	2	0
551	761	1	0
586	761	3	0
593	761	2	0
600	761	4	0
640	761	5	0
655	761	2	0
682	761	4	0
715	761	3	0
796	761	3	0
805	761	3	0
833	761	2	0
880	761	4	0
886	761	4	0
927	761	3	0
13	762	5	0
14	762	3	0
18	762	3	0
45	762	4	0
52	762	3	0
59	762	4	0
63	762	3	0
70	762	3	0
89	762	3	0
90	762	3	0
99	762	2	0
109	762	3	0
115	762	4	0
119	762	4	0
144	762	3	0
145	762	3	0
160	762	3	0
174	762	5	0
178	762	3	0
180	762	4	0
181	762	2	0
194	762	3	0
196	762	3	0
218	762	4	0
221	762	4	0
222	762	3	0
244	762	3	0
259	762	2	0
262	762	2	0
264	762	3	0
268	762	2	0
269	762	1	0
274	762	5	0
277	762	3	0
279	762	3	0
286	762	2	0
303	762	4	0
314	762	4	0
323	762	4	0
334	762	3	0
336	762	5	0
342	762	2	0
344	762	3	0
345	762	5	0
361	762	2	0
365	762	4	0
374	762	5	0
376	762	4	0
378	762	3	0
401	762	2	0
416	762	3	0
417	762	3	0
429	762	4	0
435	762	4	0
436	762	4	0
445	762	1	0
447	762	3	0
450	762	3	0
458	762	3	0
467	762	3	0
478	762	4	0
486	762	4	0
493	762	4	0
500	762	4	0
506	762	3	0
525	762	4	0
537	762	3	0
540	762	4	0
548	762	4	0
551	762	5	0
555	762	4	0
561	762	3	0
569	762	3	0
588	762	4	0
592	762	5	0
593	762	4	0
595	762	4	0
618	762	3	0
624	762	4	0
634	762	3	0
655	762	2	0
659	762	3	0
661	762	2	0
663	762	4	0
665	762	4	0
682	762	3	0
692	762	4	0
699	762	3	0
708	762	5	0
709	762	3	0
711	762	3	0
712	762	4	0
733	762	4	0
768	762	1	0
771	762	2	0
789	762	3	0
790	762	5	0
792	762	4	0
796	762	3	0
823	762	4	0
834	762	4	0
837	762	2	0
854	762	2	0
859	762	5	0
868	762	4	0
880	762	4	0
886	762	5	0
888	762	5	0
889	762	3	0
904	762	2	0
907	762	5	0
916	762	3	0
921	762	2	0
923	762	4	0
938	762	4	0
13	763	1	0
20	763	1	0
24	763	5	0
45	763	2	0
57	763	5	0
62	763	1	0
66	763	4	0
68	763	1	0
69	763	3	0
79	763	5	0
92	763	3	0
94	763	3	0
99	763	5	0
101	763	3	0
109	763	2	0
115	763	2	0
117	763	5	0
125	763	3	0
128	763	4	0
130	763	5	0
145	763	4	0
152	763	5	0
160	763	4	0
168	763	2	0
174	763	1	0
178	763	4	0
181	763	1	0
182	763	3	0
193	763	3	0
198	763	3	0
207	763	3	0
210	763	2	0
216	763	4	0
221	763	4	0
222	763	3	0
223	763	3	0
244	763	4	0
255	763	5	0
269	763	1	0
271	763	3	0
276	763	3	0
279	763	3	0
286	763	2	0
291	763	4	0
301	763	4	0
303	763	4	0
304	763	4	0
314	763	5	0
318	763	3	0
320	763	4	0
323	763	4	0
324	763	5	0
330	763	5	0
332	763	5	0
336	763	3	0
342	763	3	0
347	763	5	0
374	763	3	0
389	763	1	0
393	763	5	0
394	763	3	0
399	763	2	0
416	763	5	0
429	763	4	0
432	763	5	0
434	763	5	0
435	763	5	0
436	763	4	0
445	763	2	0
449	763	2	0
453	763	4	0
456	763	4	0
472	763	4	0
478	763	5	0
493	763	4	0
497	763	3	0
500	763	3	0
513	763	3	0
518	763	1	0
521	763	4	0
532	763	5	0
534	763	4	0
541	763	3	0
542	763	4	0
551	763	5	0
566	763	4	0
576	763	3	0
577	763	3	0
582	763	2	0
586	763	4	0
592	763	5	0
593	763	3	0
595	763	3	0
597	763	4	0
599	763	5	0
601	763	5	0
606	763	5	0
618	763	2	0
621	763	4	0
622	763	4	0
624	763	3	0
632	763	3	0
634	763	3	0
648	763	2	0
653	763	1	0
663	763	5	0
665	763	4	0
674	763	5	0
682	763	4	0
684	763	2	0
689	763	4	0
690	763	4	0
692	763	3	0
697	763	4	0
708	763	4	0
711	763	1	0
714	763	4	0
726	763	2	0
749	763	1	0
768	763	2	0
790	763	3	0
804	763	4	0
821	763	3	0
837	763	1	0
847	763	1	0
859	763	4	0
865	763	1	0
870	763	4	0
872	763	3	0
879	763	5	0
880	763	3	0
881	763	3	0
887	763	5	0
889	763	4	0
892	763	2	0
896	763	2	0
897	763	3	0
903	763	5	0
907	763	5	0
916	763	3	0
917	763	3	0
921	763	3	0
923	763	4	0
927	763	4	0
930	763	3	0
933	763	3	0
938	763	4	0
941	763	3	0
943	763	4	0
13	768	4	0
38	768	5	0
64	768	2	0
83	768	4	0
94	768	3	0
95	768	1	0
102	768	2	0
174	768	1	0
200	768	4	0
222	768	2	0
234	768	2	0
254	768	3	0
268	768	3	0
276	768	3	0
286	768	3	0
311	768	2	0
313	768	3	0
314	768	5	0
318	768	2	0
325	768	3	0
378	768	4	0
387	768	1	0
399	768	3	0
405	768	3	0
416	768	3	0
429	768	3	0
435	768	3	0
471	768	3	0
472	768	5	0
487	768	3	0
495	768	3	0
500	768	2	0
577	768	3	0
620	768	5	0
642	768	4	0
712	768	5	0
771	768	4	0
795	768	3	0
796	768	2	0
798	768	4	0
804	768	3	0
805	768	2	0
826	768	3	0
846	768	4	0
864	768	3	0
880	768	2	0
881	768	3	0
887	768	4	0
892	768	4	0
896	768	2	0
901	768	3	0
927	768	4	0
13	772	1	0
76	772	3	0
115	772	4	0
117	772	4	0
130	772	4	0
156	772	3	0
172	772	1	0
201	772	5	0
222	772	2	0
244	772	4	0
259	772	4	0
272	772	2	0
276	772	4	0
291	772	4	0
301	772	3	0
314	772	1	0
323	772	3	0
327	772	3	0
339	772	4	0
342	772	1	0
345	772	4	0
387	772	4	0
391	772	2	0
399	772	4	0
405	772	1	0
406	772	4	0
429	772	3	0
456	772	4	0
468	772	4	0
487	772	3	0
492	772	1	0
498	772	1	0
506	772	1	0
537	772	3	0
542	772	4	0
561	772	4	0
566	772	4	0
568	772	1	0
645	772	3	0
655	772	3	0
658	772	3	0
682	772	4	0
691	772	5	0
805	772	3	0
846	772	4	0
851	772	3	0
870	772	4	0
875	772	5	0
886	772	1	0
13	774	1	0
21	774	2	0
49	774	2	0
59	774	2	0
62	774	1	0
118	774	5	0
201	774	1	0
264	774	2	0
267	774	3	0
276	774	2	0
291	774	3	0
320	774	4	0
363	774	4	0
367	774	4	0
368	774	4	0
387	774	3	0
391	774	2	0
393	774	4	0
399	774	3	0
405	774	1	0
417	774	4	0
450	774	4	0
496	774	5	0
497	774	4	0
551	774	5	0
617	774	1	0
660	774	3	0
682	774	4	0
727	774	3	0
774	774	1	0
790	774	4	0
896	774	3	0
13	780	1	0
22	780	1	0
23	780	1	0
30	780	4	0
38	780	4	0
87	780	4	0
92	780	3	0
94	780	3	0
99	780	5	0
110	780	3	0
125	780	2	0
152	780	5	0
174	780	1	0
184	780	4	0
194	780	2	0
221	780	3	0
222	780	3	0
244	780	4	0
267	780	4	0
268	780	3	0
276	780	3	0
279	780	4	0
280	780	4	0
291	780	5	0
293	780	3	0
303	780	5	0
314	780	4	0
326	780	2	0
336	780	3	0
346	780	2	0
378	780	2	0
389	780	3	0
393	780	4	0
394	780	2	0
399	780	1	0
405	780	3	0
417	780	4	0
429	780	3	0
435	780	2	0
442	780	3	0
452	780	1	0
453	780	3	0
472	780	4	0
476	780	3	0
478	780	3	0
481	780	1	0
497	780	2	0
500	780	3	0
542	780	3	0
551	780	5	0
561	780	1	0
586	780	4	0
621	780	4	0
622	780	4	0
642	780	5	0
643	780	4	0
648	780	1	0
650	780	2	0
653	780	2	0
682	780	3	0
690	780	4	0
749	780	1	0
758	780	5	0
773	780	4	0
778	780	3	0
846	780	4	0
864	780	2	0
880	780	3	0
927	780	1	0
13	781	3	0
18	781	3	0
42	781	4	0
43	781	3	0
56	781	4	0
59	781	4	0
83	781	4	0
87	781	5	0
92	781	3	0
95	781	2	0
125	781	3	0
151	781	3	0
152	781	5	0
174	781	4	0
178	781	4	0
193	781	3	0
208	781	3	0
222	781	3	0
234	781	2	0
256	781	5	0
259	781	3	0
262	781	3	0
268	781	3	0
270	781	5	0
279	781	3	0
280	781	4	0
286	781	4	0
293	781	2	0
311	781	2	0
314	781	3	0
336	781	3	0
345	781	3	0
361	781	2	0
393	781	4	0
399	781	2	0
405	781	5	0
416	781	4	0
417	781	3	0
435	781	3	0
437	781	4	0
450	781	4	0
452	781	3	0
453	781	3	0
476	781	4	0
477	781	4	0
487	781	3	0
497	781	3	0
500	781	3	0
524	781	1	0
532	781	5	0
541	781	5	0
563	781	4	0
588	781	2	0
593	781	3	0
618	781	3	0
622	781	3	0
648	781	4	0
655	781	1	0
682	781	2	0
684	781	3	0
690	781	2	0
709	781	3	0
712	781	4	0
741	781	4	0
749	781	4	0
788	781	3	0
790	781	4	0
796	781	4	0
797	781	5	0
798	781	2	0
860	781	2	0
864	781	3	0
870	781	3	0
871	781	4	0
878	781	1	0
880	781	3	0
883	781	3	0
886	781	4	0
892	781	4	0
893	781	3	0
904	781	4	0
907	781	5	0
914	781	5	0
916	781	3	0
13	785	3	0
42	785	4	0
43	785	3	0
92	785	3	0
102	785	2	0
125	785	3	0
128	785	2	0
144	785	4	0
152	785	5	0
180	785	4	0
234	785	3	0
256	785	4	0
262	785	3	0
291	785	4	0
299	785	2	0
303	785	3	0
311	785	3	0
314	785	3	0
336	785	1	0
346	785	3	0
389	785	3	0
393	785	3	0
405	785	1	0
407	785	3	0
416	785	3	0
436	785	2	0
450	785	3	0
618	785	3	0
654	785	4	0
655	785	2	0
712	785	5	0
741	785	3	0
751	785	4	0
796	785	5	0
798	785	3	0
846	785	4	0
883	785	3	0
904	785	5	0
943	785	2	0
13	790	2	0
87	790	4	0
92	790	3	0
109	790	2	0
110	790	4	0
125	790	4	0
128	790	4	0
152	790	5	0
178	790	3	0
180	790	1	0
193	790	3	0
194	790	1	0
216	790	3	0
222	790	1	0
244	790	4	0
246	790	3	0
262	790	3	0
268	790	2	0
276	790	3	0
280	790	4	0
286	790	1	0
291	790	4	0
295	790	3	0
301	790	4	0
303	790	4	0
314	790	4	0
326	790	1	0
336	790	2	0
339	790	2	0
387	790	1	0
393	790	4	0
405	790	1	0
416	790	4	0
435	790	4	0
436	790	3	0
450	790	2	0
453	790	4	0
472	790	3	0
476	790	4	0
487	790	3	0
495	790	3	0
497	790	2	0
542	790	3	0
551	790	2	0
561	790	1	0
566	790	3	0
586	790	3	0
618	790	3	0
621	790	4	0
640	790	4	0
642	790	4	0
643	790	4	0
653	790	2	0
682	790	3	0
690	790	3	0
712	790	4	0
727	790	2	0
741	790	3	0
758	790	4	0
773	790	3	0
790	790	2	0
830	790	1	0
880	790	3	0
881	790	3	0
886	790	4	0
916	790	2	0
13	796	3	0
87	796	4	0
109	796	3	0
125	796	3	0
145	796	3	0
222	796	4	0
256	796	5	0
276	796	1	0
311	796	3	0
314	796	2	0
318	796	3	0
336	796	3	0
378	796	2	0
398	796	3	0
405	796	3	0
407	796	2	0
417	796	4	0
429	796	3	0
472	796	4	0
495	796	4	0
506	796	3	0
514	796	4	0
524	796	3	0
532	796	5	0
543	796	3	0
551	796	4	0
639	796	1	0
642	796	4	0
655	796	2	0
712	796	4	0
796	796	4	0
846	796	1	0
878	796	2	0
883	796	3	0
904	796	3	0
943	796	3	0
13	797	5	0
56	797	4	0
94	797	2	0
102	797	2	0
109	797	3	0
158	797	3	0
195	797	3	0
217	797	4	0
276	797	3	0
279	797	4	0
301	797	4	0
393	797	3	0
394	797	3	0
417	797	3	0
435	797	3	0
453	797	1	0
495	797	4	0
497	797	3	0
622	797	2	0
627	797	4	0
648	797	3	0
653	797	2	0
660	797	2	0
682	797	2	0
705	797	4	0
795	797	3	0
796	797	3	0
804	797	4	0
864	797	3	0
892	797	4	0
921	797	3	0
13	809	4	0
94	809	2	0
102	809	3	0
109	809	4	0
158	809	3	0
178	809	4	0
195	809	3	0
221	809	3	0
246	809	2	0
269	809	1	0
276	809	2	0
279	809	3	0
290	809	4	0
293	809	2	0
295	809	4	0
303	809	2	0
318	809	4	0
328	809	4	0
346	809	3	0
363	809	4	0
399	809	3	0
417	809	3	0
487	809	2	0
497	809	3	0
551	809	5	0
586	809	3	0
619	809	1	0
621	809	4	0
622	809	2	0
648	809	3	0
650	809	3	0
653	809	3	0
660	809	2	0
682	809	2	0
721	809	1	0
727	809	4	0
749	809	3	0
751	809	3	0
757	809	4	0
773	809	1	0
788	809	3	0
796	809	4	0
896	809	2	0
13	815	4	0
15	815	1	0
26	815	2	0
43	815	4	0
52	815	4	0
56	815	4	0
62	815	3	0
84	815	4	0
89	815	4	0
93	815	4	0
95	815	3	0
99	815	2	0
101	815	3	0
128	815	3	0
130	815	3	0
141	815	4	0
144	815	1	0
159	815	3	0
181	815	3	0
189	815	3	0
193	815	3	0
203	815	4	0
222	815	2	0
238	815	2	0
244	815	4	0
256	815	5	0
262	815	2	0
265	815	3	0
270	815	4	0
271	815	3	0
274	815	3	0
286	815	3	0
287	815	3	0
289	815	3	0
293	815	2	0
296	815	3	0
303	815	3	0
314	815	5	0
318	815	3	0
332	815	4	0
334	815	3	0
342	815	4	0
344	815	2	0
345	815	3	0
365	815	3	0
374	815	4	0
376	815	3	0
393	815	4	0
401	815	3	0
416	815	4	0
417	815	4	0
432	815	3	0
434	815	4	0
438	815	5	0
447	815	3	0
450	815	3	0
452	815	2	0
459	815	4	0
477	815	5	0
500	815	3	0
524	815	3	0
530	815	4	0
532	815	4	0
552	815	3	0
576	815	3	0
588	815	4	0
592	815	3	0
593	815	3	0
595	815	3	0
599	815	3	0
618	815	4	0
623	815	2	0
624	815	3	0
630	815	3	0
637	815	2	0
642	815	4	0
649	815	3	0
655	815	2	0
663	815	4	0
665	815	4	0
672	815	4	0
680	815	3	0
697	815	3	0
705	815	3	0
707	815	2	0
717	815	3	0
718	815	4	0
727	815	3	0
730	815	3	0
741	815	3	0
762	815	1	0
768	815	3	0
793	815	3	0
796	815	4	0
798	815	5	0
851	815	3	0
854	815	2	0
869	815	1	0
872	815	4	0
880	815	4	0
882	815	2	0
885	815	4	0
893	815	3	0
904	815	4	0
907	815	5	0
919	815	2	0
921	815	5	0
923	815	4	0
927	815	3	0
935	815	4	0
936	815	3	0
938	815	3	0
13	825	1	0
37	825	2	0
57	825	1	0
59	825	4	0
66	825	3	0
75	825	1	0
92	825	4	0
104	825	1	0
119	825	3	0
141	825	4	0
145	825	4	0
158	825	4	0
160	825	2	0
164	825	4	0
181	825	1	0
201	825	1	0
217	825	3	0
222	825	3	0
255	825	1	0
268	825	3	0
269	825	1	0
275	825	2	0
276	825	3	0
290	825	3	0
291	825	4	0
294	825	3	0
303	825	3	0
308	825	4	0
320	825	4	0
357	825	3	0
363	825	4	0
374	825	3	0
386	825	4	0
393	825	4	0
399	825	2	0
406	825	4	0
417	825	4	0
425	825	2	0
435	825	3	0
452	825	5	0
457	825	5	0
459	825	3	0
472	825	5	0
486	825	2	0
487	825	3	0
496	825	3	0
534	825	4	0
540	825	4	0
551	825	5	0
576	825	4	0
580	825	4	0
592	825	1	0
595	825	2	0
597	825	5	0
606	825	5	0
619	825	2	0
621	825	3	0
648	825	4	0
654	825	3	0
655	825	2	0
660	825	2	0
699	825	3	0
709	825	2	0
717	825	2	0
757	825	3	0
790	825	3	0
795	825	2	0
798	825	3	0
825	825	4	0
839	825	4	0
851	825	4	0
852	825	3	0
854	825	3	0
862	825	5	0
865	825	1	0
868	825	1	0
880	825	4	0
892	825	4	0
907	825	3	0
916	825	1	0
923	825	4	0
936	825	4	0
943	825	3	0
13	833	2	0
37	833	4	0
57	833	4	0
67	833	4	0
75	833	2	0
77	833	1	0
130	833	4	0
181	833	1	0
216	833	2	0
222	833	2	0
244	833	3	0
255	833	4	0
279	833	4	0
291	833	3	0
300	833	4	0
303	833	2	0
314	833	4	0
320	833	1	0
332	833	5	0
342	833	3	0
357	833	4	0
386	833	3	0
393	833	4	0
416	833	3	0
429	833	3	0
434	833	4	0
487	833	4	0
493	833	2	0
521	833	2	0
532	833	4	0
551	833	3	0
592	833	4	0
606	833	5	0
621	833	3	0
622	833	4	0
624	833	4	0
637	833	1	0
663	833	4	0
665	833	3	0
682	833	1	0
697	833	3	0
709	833	4	0
726	833	5	0
749	833	2	0
825	833	4	0
851	833	3	0
880	833	4	0
886	833	5	0
889	833	3	0
13	843	5	0
95	843	4	0
174	843	2	0
234	843	2	0
254	843	2	0
269	843	3	0
276	843	4	0
279	843	4	0
293	843	3	0
295	843	4	0
308	843	3	0
313	843	3	0
373	843	3	0
379	843	4	0
393	843	3	0
405	843	2	0
416	843	3	0
429	843	1	0
437	843	4	0
478	843	5	0
495	843	3	0
541	843	4	0
642	843	3	0
650	843	2	0
705	843	2	0
712	843	3	0
749	843	3	0
807	843	2	0
868	843	1	0
890	843	3	0
13	846	2	0
59	846	4	0
83	846	3	0
92	846	3	0
101	846	3	0
174	846	5	0
178	846	3	0
181	846	3	0
223	846	2	0
224	846	4	0
231	846	4	0
256	846	4	0
274	846	2	0
296	846	2	0
314	846	3	0
324	846	5	0
334	846	3	0
342	846	2	0
345	846	4	0
365	846	3	0
374	846	2	0
416	846	3	0
450	846	3	0
459	846	4	0
477	846	4	0
486	846	2	0
500	846	3	0
504	846	4	0
533	846	2	0
550	846	2	0
551	846	3	0
588	846	4	0
593	846	2	0
599	846	5	0
660	846	2	0
708	846	2	0
717	846	4	0
733	846	2	0
839	846	2	0
854	846	3	0
859	846	5	0
860	846	2	0
869	846	2	0
935	846	4	0
13	864	4	0
15	864	4	0
26	864	2	0
52	864	3	0
57	864	3	0
75	864	4	0
83	864	4	0
94	864	2	0
125	864	3	0
130	864	2	0
141	864	3	0
160	864	1	0
178	864	2	0
181	864	2	0
182	864	4	0
188	864	2	0
194	864	2	0
207	864	3	0
210	864	3	0
223	864	3	0
236	864	2	0
256	864	4	0
271	864	3	0
279	864	5	0
297	864	3	0
298	864	3	0
301	864	4	0
306	864	3	0
318	864	2	0
330	864	4	0
336	864	1	0
344	864	3	0
357	864	5	0
393	864	3	0
402	864	3	0
403	864	4	0
416	864	3	0
432	864	2	0
438	864	3	0
456	864	4	0
459	864	4	0
463	864	3	0
486	864	3	0
497	864	3	0
518	864	3	0
532	864	4	0
542	864	3	0
551	864	5	0
552	864	3	0
554	864	4	0
560	864	3	0
590	864	1	0
595	864	4	0
601	864	1	0
612	864	4	0
624	864	3	0
630	864	4	0
634	864	3	0
642	864	3	0
648	864	3	0
663	864	3	0
666	864	3	0
671	864	3	0
672	864	3	0
703	864	2	0
707	864	4	0
708	864	3	0
758	864	4	0
761	864	4	0
764	864	4	0
790	864	4	0
800	864	4	0
825	864	3	0
839	864	3	0
844	864	3	0
872	864	3	0
880	864	3	0
881	864	3	0
897	864	4	0
900	864	2	0
901	864	5	0
919	864	2	0
935	864	5	0
936	864	4	0
937	864	3	0
938	864	4	0
13	866	3	0
15	866	4	0
20	866	1	0
32	866	3	0
42	866	4	0
43	866	4	0
57	866	3	0
59	866	3	0
62	866	2	0
72	866	4	0
75	866	2	0
82	866	3	0
83	866	3	0
84	866	4	0
87	866	4	0
93	866	2	0
101	866	4	0
102	866	2	0
109	866	4	0
119	866	3	0
137	866	3	0
141	866	5	0
152	866	5	0
158	866	2	0
159	866	5	0
164	866	5	0
168	866	5	0
178	866	4	0
181	866	1	0
200	866	4	0
207	866	3	0
223	866	4	0
231	866	3	0
236	866	3	0
244	866	5	0
251	866	2	0
256	866	4	0
271	866	4	0
274	866	4	0
280	866	3	0
283	866	3	0
293	866	3	0
298	866	3	0
301	866	4	0
303	866	2	0
314	866	4	0
318	866	4	0
330	866	5	0
332	866	2	0
334	866	3	0
342	866	1	0
345	866	3	0
357	866	5	0
378	866	2	0
393	866	3	0
395	866	3	0
401	866	3	0
403	866	4	0
416	866	4	0
438	866	5	0
447	866	2	0
450	866	4	0
459	866	5	0
462	866	5	0
463	866	3	0
472	866	5	0
478	866	1	0
518	866	5	0
523	866	5	0
524	866	2	0
533	866	2	0
542	866	2	0
549	866	4	0
552	866	3	0
554	866	3	0
577	866	5	0
580	866	4	0
591	866	3	0
593	866	5	0
599	866	2	0
622	866	2	0
624	866	3	0
630	866	3	0
634	866	3	0
637	866	3	0
665	866	3	0
666	866	2	0
674	866	5	0
682	866	2	0
692	866	4	0
707	866	2	0
708	866	5	0
716	866	3	0
717	866	1	0
722	866	4	0
727	866	3	0
749	866	3	0
764	866	4	0
774	866	1	0
776	866	3	0
786	866	3	0
805	866	1	0
823	866	2	0
825	866	4	0
839	866	2	0
851	866	3	0
862	866	4	0
879	866	5	0
885	866	3	0
889	866	4	0
891	866	5	0
897	866	5	0
901	866	3	0
916	866	3	0
923	866	4	0
927	866	4	0
933	866	2	0
936	866	2	0
938	866	5	0
13	869	3	0
56	869	3	0
128	869	3	0
145	869	4	0
175	869	3	0
193	869	3	0
222	869	3	0
270	869	1	0
279	869	1	0
303	869	2	0
314	869	4	0
318	869	3	0
320	869	4	0
407	869	3	0
416	869	3	0
436	869	4	0
450	869	4	0
478	869	2	0
655	869	2	0
707	869	1	0
796	869	4	0
888	869	4	0
889	869	3	0
907	869	5	0
15	924	3	0
42	924	3	0
53	924	3	0
62	924	1	0
63	924	3	0
85	924	1	0
101	924	4	0
109	924	3	0
119	924	4	0
120	924	4	0
128	924	3	0
145	924	2	0
168	924	2	0
181	924	3	0
200	924	5	0
201	924	3	0
213	924	4	0
223	924	1	0
224	924	3	0
231	924	5	0
244	924	4	0
266	924	2	0
271	924	3	0
274	924	3	0
286	924	4	0
291	924	4	0
293	924	2	0
314	924	5	0
329	924	3	0
348	924	4	0
374	924	5	0
378	924	3	0
391	924	2	0
393	924	4	0
395	924	4	0
399	924	5	0
406	924	4	0
416	924	5	0
423	924	4	0
435	924	3	0
452	924	5	0
455	924	3	0
472	924	2	0
474	924	4	0
484	924	5	0
486	924	3	0
494	924	4	0
495	924	3	0
518	924	3	0
537	924	3	0
541	924	5	0
548	924	3	0
550	924	4	0
551	924	5	0
564	924	3	0
569	924	3	0
572	924	1	0
606	924	5	0
612	924	5	0
618	924	4	0
620	924	3	0
624	924	4	0
634	924	4	0
648	924	1	0
663	924	3	0
665	924	4	0
666	924	2	0
678	924	2	0
682	924	5	0
684	924	2	0
714	924	3	0
733	924	4	0
761	924	4	0
770	924	5	0
773	924	1	0
798	924	3	0
817	924	3	0
825	924	2	0
851	924	4	0
854	924	4	0
881	924	3	0
891	924	5	0
907	924	5	0
921	924	3	0
935	924	4	0
15	928	1	0
21	928	3	0
49	928	2	0
59	928	4	0
81	928	4	0
92	928	3	0
94	928	3	0
101	928	2	0
109	928	3	0
117	928	3	0
130	928	4	0
145	928	3	0
181	928	3	0
188	928	3	0
193	928	2	0
216	928	3	0
234	928	2	0
248	928	3	0
259	928	4	0
268	928	1	0
269	928	1	0
270	928	4	0
276	928	3	0
280	928	5	0
291	928	2	0
294	928	3	0
303	928	3	0
308	928	4	0
332	928	5	0
342	928	3	0
344	928	2	0
347	928	3	0
348	928	5	0
357	928	4	0
374	928	1	0
378	928	2	0
394	928	4	0
399	928	2	0
403	928	3	0
416	928	3	0
417	928	3	0
429	928	2	0
434	928	5	0
435	928	3	0
436	928	4	0
442	928	3	0
450	928	3	0
472	928	4	0
497	928	3	0
501	928	3	0
504	928	4	0
524	928	4	0
525	928	3	0
537	928	1	0
546	928	4	0
548	928	3	0
560	928	3	0
561	928	2	0
586	928	3	0
588	928	4	0
595	928	3	0
599	928	4	0
601	928	1	0
606	928	4	0
620	928	5	0
624	928	3	0
642	928	5	0
643	928	4	0
648	928	4	0
650	928	2	0
663	928	3	0
697	928	3	0
722	928	3	0
727	928	3	0
760	928	1	0
790	928	3	0
793	928	3	0
795	928	1	0
796	928	2	0
804	928	4	0
805	928	3	0
817	928	3	0
825	928	3	0
833	928	2	0
835	928	3	0
847	928	3	0
849	928	5	0
854	928	3	0
859	928	3	0
862	928	4	0
865	928	1	0
872	928	2	0
880	928	2	0
887	928	5	0
893	928	3	0
896	928	3	0
897	928	5	0
903	928	2	0
907	928	5	0
923	928	4	0
927	928	4	0
936	928	3	0
938	928	5	0
943	928	5	0
16	941	1	0
42	941	4	0
193	941	4	0
194	941	2	0
222	941	3	0
244	941	4	0
246	941	1	0
268	941	2	0
276	941	3	0
287	941	3	0
291	941	4	0
293	941	2	0
295	941	4	0
305	941	2	0
311	941	4	0
314	941	3	0
318	941	4	0
345	941	3	0
373	941	4	0
393	941	4	0
399	941	3	0
405	941	1	0
416	941	3	0
429	941	3	0
436	941	4	0
453	941	2	0
487	941	3	0
541	941	4	0
551	941	4	0
577	941	4	0
588	941	5	0
627	941	3	0
640	941	5	0
653	941	1	0
682	941	4	0
711	941	3	0
712	941	5	0
715	941	2	0
727	941	2	0
749	941	5	0
763	941	3	0
790	941	3	0
798	941	3	0
846	941	2	0
886	941	2	0
943	941	1	0
16	944	1	0
43	944	2	0
83	944	3	0
87	944	5	0
94	944	1	0
109	944	3	0
110	944	3	0
130	944	4	0
152	944	4	0
194	944	2	0
222	944	3	0
267	944	3	0
311	944	4	0
318	944	2	0
326	944	2	0
346	944	3	0
393	944	4	0
405	944	3	0
417	944	4	0
429	944	3	0
435	944	2	0
476	944	2	0
495	944	5	0
497	944	3	0
523	944	4	0
543	944	3	0
545	944	4	0
551	944	2	0
618	944	2	0
621	944	5	0
642	944	5	0
653	944	2	0
655	944	3	0
682	944	3	0
712	944	4	0
715	944	2	0
749	944	4	0
790	944	1	0
798	944	4	0
815	944	3	0
846	944	2	0
889	944	3	0
916	944	2	0
16	946	5	0
43	946	4	0
44	946	3	0
49	946	2	0
56	946	4	0
59	946	1	0
70	946	3	0
82	946	2	0
94	946	3	0
95	946	3	0
130	946	4	0
194	946	3	0
222	946	2	0
244	946	4	0
268	946	3	0
275	946	3	0
279	946	3	0
280	946	4	0
286	946	3	0
291	946	4	0
295	946	2	0
297	946	2	0
298	946	3	0
311	946	4	0
313	946	3	0
314	946	5	0
320	946	5	0
340	946	5	0
363	946	4	0
373	946	5	0
389	946	3	0
399	946	3	0
405	946	2	0
417	946	4	0
435	946	2	0
437	946	3	0
471	946	2	0
472	946	2	0
478	946	2	0
497	946	4	0
532	946	5	0
541	946	5	0
561	946	3	0
620	946	4	0
642	946	2	0
660	946	2	0
682	946	4	0
712	946	4	0
716	946	2	0
764	946	4	0
798	946	2	0
805	946	2	0
807	946	3	0
826	946	3	0
844	946	3	0
865	946	1	0
868	946	1	0
885	946	3	0
887	946	4	0
892	946	3	0
919	946	4	0
18	949	3	0
62	949	4	0
89	949	3	0
92	949	3	0
94	949	5	0
109	949	3	0
125	949	3	0
128	949	4	0
130	949	3	0
145	949	4	0
167	949	1	0
174	949	5	0
184	949	3	0
222	949	3	0
224	949	3	0
244	949	4	0
257	949	3	0
262	949	4	0
268	949	2	0
276	949	3	0
286	949	4	0
307	949	4	0
314	949	4	0
327	949	4	0
336	949	4	0
345	949	3	0
361	949	4	0
373	949	4	0
378	949	3	0
393	949	3	0
405	949	5	0
407	949	3	0
457	949	3	0
503	949	3	0
514	949	3	0
523	949	5	0
533	949	4	0
577	949	2	0
593	949	2	0
601	949	2	0
605	949	5	0
615	949	3	0
622	949	3	0
627	949	2	0
639	949	3	0
642	949	1	0
670	949	2	0
707	949	3	0
711	949	4	0
712	949	4	0
716	949	3	0
727	949	3	0
747	949	5	0
771	949	5	0
790	949	4	0
796	949	4	0
798	949	3	0
804	949	3	0
840	949	4	0
846	949	2	0
860	949	3	0
861	949	4	0
870	949	3	0
877	949	3	0
878	949	3	0
884	949	2	0
885	949	4	0
889	949	3	0
901	949	3	0
922	949	5	0
934	949	3	0
21	974	3	0
59	974	3	0
92	974	2	0
130	974	4	0
141	974	4	0
145	974	1	0
181	974	4	0
190	974	2	0
223	974	2	0
256	974	3	0
262	974	3	0
276	974	2	0
291	974	1	0
320	974	3	0
332	974	4	0
342	974	2	0
345	974	3	0
348	974	4	0
374	974	4	0
396	974	4	0
434	974	5	0
436	974	5	0
493	974	3	0
593	974	2	0
642	974	3	0
655	974	2	0
666	974	4	0
796	974	3	0
851	974	2	0
862	974	2	0
872	974	4	0
897	974	4	0
26	1011	3	0
52	1011	4	0
57	1011	3	0
63	1011	1	0
92	1011	3	0
94	1011	4	0
104	1011	3	0
109	1011	3	0
145	1011	5	0
158	1011	4	0
162	1011	4	0
178	1011	3	0
181	1011	1	0
194	1011	3	0
201	1011	3	0
221	1011	4	0
222	1011	4	0
227	1011	4	0
234	1011	3	0
242	1011	3	0
249	1011	5	0
269	1011	4	0
276	1011	3	0
277	1011	3	0
279	1011	3	0
293	1011	3	0
294	1011	2	0
303	1011	2	0
320	1011	3	0
329	1011	3	0
332	1011	3	0
334	1011	4	0
336	1011	2	0
342	1011	3	0
345	1011	3	0
346	1011	1	0
347	1011	3	0
365	1011	3	0
374	1011	4	0
387	1011	3	0
401	1011	3	0
416	1011	4	0
417	1011	3	0
423	1011	3	0
429	1011	4	0
445	1011	1	0
449	1011	4	0
458	1011	3	0
460	1011	4	0
467	1011	2	0
472	1011	4	0
474	1011	4	0
486	1011	4	0
487	1011	3	0
501	1011	4	0
518	1011	4	0
525	1011	3	0
532	1011	5	0
537	1011	3	0
540	1011	4	0
548	1011	2	0
551	1011	5	0
592	1011	4	0
606	1011	3	0
634	1011	4	0
637	1011	1	0
642	1011	3	0
655	1011	3	0
663	1011	3	0
666	1011	4	0
677	1011	3	0
682	1011	4	0
699	1011	4	0
715	1011	4	0
717	1011	4	0
733	1011	4	0
751	1011	4	0
769	1011	3	0
792	1011	3	0
825	1011	3	0
854	1011	2	0
862	1011	5	0
865	1011	1	0
872	1011	1	0
889	1011	3	0
896	1011	2	0
905	1011	3	0
906	1011	4	0
916	1011	4	0
923	1011	4	0
924	1011	3	0
936	1011	4	0
943	1011	2	0
26	1014	3	0
38	1014	5	0
92	1014	3	0
94	1014	4	0
109	1014	4	0
117	1014	3	0
130	1014	3	0
141	1014	3	0
152	1014	2	0
159	1014	4	0
174	1014	3	0
184	1014	2	0
195	1014	4	0
198	1014	2	0
219	1014	3	0
223	1014	4	0
250	1014	4	0
251	1014	5	0
262	1014	5	0
269	1014	3	0
270	1014	4	0
286	1014	5	0
292	1014	3	0
294	1014	2	0
297	1014	3	0
303	1014	3	0
314	1014	3	0
318	1014	2	0
334	1014	2	0
342	1014	1	0
344	1014	4	0
345	1014	3	0
363	1014	1	0
374	1014	1	0
385	1014	2	0
387	1014	3	0
392	1014	3	0
393	1014	3	0
416	1014	3	0
417	1014	4	0
429	1014	3	0
435	1014	2	0
445	1014	1	0
459	1014	1	0
463	1014	2	0
468	1014	3	0
472	1014	4	0
474	1014	3	0
486	1014	3	0
500	1014	2	0
501	1014	4	0
506	1014	3	0
514	1014	2	0
521	1014	3	0
523	1014	5	0
525	1014	3	0
540	1014	4	0
543	1014	4	0
548	1014	4	0
552	1014	4	0
560	1014	4	0
569	1014	3	0
580	1014	3	0
582	1014	4	0
590	1014	3	0
592	1014	4	0
593	1014	1	0
599	1014	4	0
642	1014	5	0
647	1014	3	0
653	1014	2	0
654	1014	3	0
655	1014	3	0
711	1014	4	0
714	1014	3	0
726	1014	1	0
757	1014	3	0
761	1014	1	0
768	1014	2	0
782	1014	2	0
790	1014	2	0
793	1014	3	0
805	1014	4	0
851	1014	3	0
854	1014	3	0
859	1014	4	0
869	1014	4	0
870	1014	2	0
880	1014	4	0
886	1014	5	0
889	1014	2	0
895	1014	3	0
916	1014	3	0
917	1014	2	0
919	1014	4	0
927	1014	3	0
936	1014	3	0
938	1014	4	0
26	1016	3	0
32	1016	1	0
38	1016	5	0
54	1016	4	0
55	1016	1	0
57	1016	4	0
62	1016	4	0
66	1016	3	0
69	1016	3	0
83	1016	4	0
87	1016	4	0
92	1016	2	0
99	1016	5	0
104	1016	1	0
109	1016	5	0
116	1016	2	0
117	1016	5	0
119	1016	5	0
130	1016	4	0
144	1016	3	0
157	1016	5	0
158	1016	3	0
160	1016	4	0
164	1016	3	0
168	1016	5	0
178	1016	4	0
186	1016	5	0
221	1016	3	0
222	1016	3	0
223	1016	5	0
249	1016	3	0
251	1016	3	0
253	1016	3	0
265	1016	3	0
268	1016	3	0
276	1016	3	0
287	1016	5	0
289	1016	5	0
291	1016	4	0
293	1016	2	0
294	1016	4	0
297	1016	3	0
301	1016	4	0
303	1016	3	0
314	1016	4	0
330	1016	3	0
332	1016	5	0
334	1016	3	0
337	1016	4	0
342	1016	1	0
345	1016	3	0
347	1016	3	0
363	1016	4	0
386	1016	4	0
393	1016	5	0
401	1016	3	0
416	1016	5	0
417	1016	4	0
425	1016	3	0
429	1016	4	0
432	1016	3	0
435	1016	4	0
445	1016	1	0
447	1016	3	0
453	1016	4	0
459	1016	4	0
467	1016	4	0
468	1016	3	0
474	1016	3	0
479	1016	3	0
484	1016	4	0
486	1016	2	0
487	1016	5	0
493	1016	4	0
497	1016	4	0
506	1016	4	0
507	1016	5	0
517	1016	1	0
521	1016	3	0
532	1016	4	0
533	1016	3	0
540	1016	4	0
548	1016	4	0
560	1016	3	0
564	1016	2	0
578	1016	4	0
592	1016	4	0
593	1016	4	0
597	1016	4	0
606	1016	3	0
619	1016	4	0
621	1016	4	0
622	1016	3	0
624	1016	3	0
625	1016	2	0
640	1016	3	0
643	1016	3	0
647	1016	4	0
649	1016	4	0
653	1016	3	0
654	1016	4	0
655	1016	3	0
682	1016	2	0
714	1016	5	0
715	1016	4	0
716	1016	3	0
727	1016	3	0
738	1016	3	0
741	1016	3	0
749	1016	5	0
754	1016	4	0
757	1016	3	0
758	1016	4	0
759	1016	5	0
768	1016	2	0
774	1016	3	0
782	1016	3	0
790	1016	2	0
804	1016	4	0
806	1016	1	0
807	1016	4	0
825	1016	3	0
833	1016	1	0
851	1016	5	0
854	1016	2	0
864	1016	4	0
880	1016	4	0
889	1016	3	0
894	1016	3	0
899	1016	3	0
902	1016	2	0
907	1016	5	0
921	1016	4	0
927	1016	5	0
935	1016	4	0
936	1016	3	0
938	1016	3	0
38	1035	5	0
43	1035	4	0
56	1035	4	0
70	1035	3	0
83	1035	4	0
109	1035	2	0
128	1035	3	0
152	1035	4	0
174	1035	4	0
178	1035	4	0
216	1035	1	0
221	1035	3	0
222	1035	2	0
234	1035	3	0
262	1035	3	0
267	1035	4	0
268	1035	2	0
276	1035	3	0
279	1035	3	0
280	1035	4	0
286	1035	3	0
290	1035	4	0
301	1035	4	0
311	1035	4	0
330	1035	4	0
347	1035	3	0
363	1035	2	0
378	1035	3	0
379	1035	3	0
393	1035	3	0
399	1035	3	0
405	1035	1	0
416	1035	3	0
429	1035	3	0
454	1035	3	0
472	1035	4	0
487	1035	4	0
514	1035	3	0
541	1035	3	0
551	1035	2	0
561	1035	3	0
563	1035	4	0
577	1035	3	0
593	1035	3	0
620	1035	4	0
621	1035	4	0
650	1035	2	0
653	1035	2	0
654	1035	4	0
660	1035	2	0
661	1035	3	0
682	1035	3	0
694	1035	4	0
705	1035	4	0
727	1035	2	0
751	1035	2	0
757	1035	2	0
778	1035	1	0
798	1035	4	0
846	1035	4	0
868	1035	1	0
880	1035	4	0
887	1035	5	0
892	1035	3	0
901	1035	4	0
922	1035	3	0
927	1035	4	0
932	1035	4	0
42	1041	4	0
65	1041	3	0
83	1041	4	0
87	1041	4	0
92	1041	3	0
145	1041	5	0
151	1041	3	0
152	1041	5	0
174	1041	5	0
188	1041	3	0
194	1041	2	0
222	1041	3	0
244	1041	4	0
256	1041	4	0
268	1041	1	0
280	1041	5	0
293	1041	2	0
303	1041	2	0
311	1041	3	0
314	1041	4	0
320	1041	3	0
328	1041	3	0
334	1041	3	0
336	1041	2	0
361	1041	2	0
389	1041	3	0
398	1041	3	0
405	1041	5	0
407	1041	3	0
416	1041	3	0
417	1041	3	0
450	1041	4	0
477	1041	5	0
478	1041	3	0
496	1041	1	0
497	1041	3	0
504	1041	3	0
523	1041	4	0
524	1041	2	0
533	1041	2	0
541	1041	3	0
554	1041	3	0
588	1041	2	0
591	1041	2	0
648	1041	3	0
655	1041	3	0
690	1041	3	0
741	1041	4	0
747	1041	4	0
749	1041	4	0
795	1041	3	0
796	1041	5	0
804	1041	3	0
846	1041	4	0
860	1041	2	0
870	1041	2	0
878	1041	1	0
880	1041	4	0
883	1041	3	0
901	1041	5	0
904	1041	2	0
912	1041	4	0
42	1044	4	0
65	1044	3	0
94	1044	4	0
122	1044	5	0
151	1044	2	0
194	1044	2	0
222	1044	4	0
224	1044	3	0
234	1044	2	0
246	1044	1	0
276	1044	3	0
293	1044	2	0
303	1044	3	0
318	1044	4	0
330	1044	5	0
378	1044	3	0
393	1044	4	0
405	1044	4	0
407	1044	3	0
417	1044	3	0
435	1044	4	0
450	1044	4	0
487	1044	3	0
524	1044	4	0
551	1044	3	0
561	1044	2	0
566	1044	3	0
577	1044	4	0
588	1044	4	0
627	1044	2	0
653	1044	1	0
655	1044	3	0
659	1044	4	0
786	1044	4	0
790	1044	4	0
846	1044	4	0
864	1044	3	0
870	1044	2	0
880	1044	4	0
943	1044	3	0
42	1046	3	0
92	1046	3	0
94	1046	2	0
130	1046	4	0
135	1046	3	0
145	1046	4	0
180	1046	2	0
186	1046	3	0
207	1046	4	0
256	1046	4	0
268	1046	3	0
271	1046	4	0
276	1046	3	0
291	1046	4	0
293	1046	1	0
303	1046	3	0
308	1046	4	0
311	1046	3	0
374	1046	5	0
375	1046	2	0
378	1046	3	0
405	1046	2	0
447	1046	3	0
495	1046	5	0
497	1046	3	0
504	1046	4	0
506	1046	4	0
524	1046	3	0
532	1046	4	0
554	1046	4	0
577	1046	4	0
586	1046	3	0
633	1046	4	0
653	1046	1	0
655	1046	3	0
682	1046	3	0
711	1046	3	0
758	1046	4	0
764	1046	4	0
796	1046	3	0
823	1046	3	0
870	1046	3	0
881	1046	3	0
886	1046	2	0
896	1046	2	0
916	1046	2	0
42	1048	1	0
43	1048	3	0
58	1048	1	0
59	1048	4	0
75	1048	4	0
76	1048	2	0
89	1048	3	0
90	1048	4	0
94	1048	4	0
99	1048	4	0
128	1048	2	0
159	1048	3	0
178	1048	2	0
181	1048	2	0
234	1048	3	0
244	1048	4	0
262	1048	2	0
279	1048	1	0
280	1048	4	0
293	1048	3	0
303	1048	4	0
314	1048	4	0
318	1048	4	0
323	1048	3	0
334	1048	4	0
336	1048	4	0
342	1048	1	0
344	1048	3	0
345	1048	2	0
357	1048	2	0
364	1048	5	0
365	1048	3	0
374	1048	3	0
378	1048	2	0
393	1048	3	0
402	1048	2	0
416	1048	3	0
429	1048	2	0
436	1048	2	0
439	1048	4	0
447	1048	2	0
450	1048	3	0
458	1048	4	0
478	1048	4	0
500	1048	3	0
524	1048	4	0
533	1048	3	0
537	1048	2	0
540	1048	4	0
552	1048	3	0
592	1048	3	0
599	1048	2	0
618	1048	3	0
624	1048	4	0
634	1048	3	0
654	1048	3	0
663	1048	4	0
665	1048	4	0
682	1048	3	0
718	1048	2	0
790	1048	4	0
796	1048	2	0
806	1048	3	0
839	1048	1	0
859	1048	3	0
886	1048	4	0
889	1048	3	0
894	1048	4	0
903	1048	4	0
907	1048	5	0
919	1048	3	0
930	1048	2	0
935	1048	3	0
49	1074	2	0
56	1074	3	0
59	1074	4	0
62	1074	4	0
85	1074	3	0
87	1074	3	0
89	1074	5	0
92	1074	3	0
94	1074	2	0
109	1074	4	0
122	1074	4	0
125	1074	3	0
151	1074	2	0
174	1074	4	0
193	1074	3	0
222	1074	3	0
244	1074	4	0
259	1074	3	0
264	1074	4	0
268	1074	3	0
269	1074	1	0
270	1074	5	0
276	1074	3	0
286	1074	4	0
299	1074	3	0
301	1074	2	0
305	1074	2	0
308	1074	3	0
314	1074	3	0
334	1074	2	0
336	1074	5	0
345	1074	3	0
361	1074	3	0
363	1074	2	0
378	1074	3	0
389	1074	2	0
393	1074	3	0
399	1074	4	0
405	1074	3	0
416	1074	5	0
429	1074	3	0
435	1074	2	0
442	1074	3	0
472	1074	5	0
476	1074	4	0
487	1074	1	0
496	1074	2	0
514	1074	4	0
524	1074	2	0
541	1074	1	0
561	1074	3	0
579	1074	3	0
588	1074	5	0
622	1074	2	0
627	1074	3	0
643	1074	2	0
655	1074	3	0
660	1074	1	0
682	1074	4	0
711	1074	3	0
712	1074	3	0
741	1074	2	0
756	1074	4	0
758	1074	1	0
790	1074	3	0
796	1074	1	0
804	1074	1	0
806	1074	3	0
846	1074	3	0
870	1074	2	0
883	1074	4	0
886	1074	2	0
889	1074	3	0
896	1074	2	0
904	1074	4	0
916	1074	3	0
943	1074	4	0
62	1133	4	0
64	1133	4	0
70	1133	3	0
95	1133	3	0
234	1133	3	0
254	1133	3	0
269	1133	1	0
271	1133	3	0
279	1133	2	0
280	1133	3	0
286	1133	4	0
295	1133	4	0
334	1133	4	0
337	1133	4	0
340	1133	5	0
373	1133	3	0
416	1133	4	0
429	1133	2	0
435	1133	2	0
495	1133	3	0
496	1133	3	0
504	1133	3	0
642	1133	3	0
653	1133	2	0
660	1133	2	0
749	1133	2	0
807	1133	3	0
815	1133	3	0
846	1133	2	0
881	1133	2	0
62	1135	2	0
94	1135	4	0
109	1135	4	0
201	1135	5	0
246	1135	1	0
259	1135	5	0
262	1135	3	0
269	1135	2	0
276	1135	4	0
293	1135	3	0
295	1135	4	0
301	1135	3	0
303	1135	2	0
308	1135	4	0
328	1135	1	0
339	1135	2	0
346	1135	4	0
373	1135	3	0
378	1135	2	0
385	1135	1	0
399	1135	2	0
416	1135	2	0
417	1135	4	0
436	1135	4	0
450	1135	4	0
495	1135	5	0
500	1135	3	0
504	1135	4	0
508	1135	3	0
551	1135	5	0
601	1135	2	0
627	1135	3	0
650	1135	2	0
653	1135	2	0
655	1135	3	0
660	1135	2	0
682	1135	2	0
693	1135	3	0
758	1135	2	0
760	1135	4	0
788	1135	2	0
823	1135	3	0
843	1135	3	0
864	1135	3	0
916	1135	3	0
934	1135	3	0
94	1217	3	0
95	1217	3	0
130	1217	4	0
135	1217	2	0
145	1217	2	0
183	1217	3	0
200	1217	4	0
221	1217	4	0
280	1217	5	0
291	1217	3	0
293	1217	1	0
297	1217	1	0
303	1217	1	0
311	1217	3	0
314	1217	2	0
328	1217	3	0
346	1217	4	0
374	1217	2	0
375	1217	4	0
399	1217	4	0
405	1217	3	0
416	1217	4	0
429	1217	2	0
435	1217	3	0
487	1217	3	0
532	1217	4	0
551	1217	1	0
671	1217	4	0
682	1217	3	0
715	1217	2	0
727	1217	3	0
796	1217	3	0
823	1217	1	0
864	1217	3	0
880	1217	3	0
881	1217	5	0
886	1217	4	0
896	1217	2	0
916	1217	1	0
122	1267	4	0
130	1267	4	0
201	1267	3	0
221	1267	3	0
222	1267	3	0
269	1267	1	0
276	1267	4	0
293	1267	3	0
303	1267	3	0
314	1267	3	0
339	1267	3	0
343	1267	4	0
363	1267	2	0
378	1267	3	0
405	1267	1	0
406	1267	3	0
437	1267	4	0
456	1267	4	0
537	1267	3	0
551	1267	4	0
561	1267	3	0
627	1267	4	0
653	1267	1	0
655	1267	2	0
659	1267	3	0
682	1267	3	0
823	1267	4	0
846	1267	3	0
870	1267	2	0
880	1267	4	0
886	1267	3	0
889	1267	3	0
896	1267	2	0
