1	26	3	0
18	26	4	0
43	26	5	0
89	26	3	0
90	26	4	0
95	26	3	0
128	26	4	0
138	26	5	0
151	26	3	0
194	26	3	0
201	26	4	0
222	26	3	0
224	26	3	0
243	26	3	0
244	26	5	0
264	26	4	0
270	26	5	0
293	26	3	0
299	26	4	0
303	26	4	0
318	26	5	0
327	26	3	0
336	26	5	0
342	26	2	0
343	26	3	0
344	26	3	0
345	26	3	0
361	26	3	0
391	26	5	0
393	26	3	0
399	26	2	0
401	26	3	0
405	26	3	0
406	26	3	0
429	26	3	0
436	26	3	0
437	26	2	0
442	26	3	0
450	26	5	0
474	26	4	0
476	26	4	0
478	26	5	0
503	26	2	0
514	26	3	0
532	26	3	0
533	26	3	0
537	26	3	0
551	26	4	0
591	26	3	0
593	26	4	0
615	26	4	0
627	26	3	0
655	26	3	0
666	26	3	0
682	26	3	0
686	26	5	0
707	26	3	0
712	26	2	0
747	26	3	0
758	26	4	0
763	26	4	0
796	26	2	0
823	26	5	0
828	26	3	0
833	26	1	0
846	26	4	0
860	26	3	0
861	26	3	0
883	26	3	0
886	26	4	0
889	26	4	0
894	26	4	0
911	26	4	0
1	32	5	0
6	32	4	0
7	32	4	0
10	32	4	0
13	32	4	0
14	32	5	0
18	32	2	0
23	32	3	0
31	32	5	0
58	32	5	0
59	32	4	0
64	32	1	0
73	32	4	0
92	32	3	0
94	32	5	0
95	32	1	0
97	32	5	0
115	32	5	0
118	32	5	0
144	32	4	0
160	32	5	0
201	32	3	0
214	32	4	0
221	32	4	0
232	32	4	0
234	32	3	0
244	32	2	0
272	32	4	0
279	32	3	0
296	32	4	0
297	32	4	0
299	32	3	0
308	32	5	0
321	32	3	0
322	32	5	0
325	32	3	0
327	32	4	0
331	32	4	0
339	32	5	0
342	32	5	0
354	32	3	0
363	32	2	0
385	32	5	0
387	32	5	0
402	32	3	0
405	32	1	0
406	32	5	0
416	32	2	0
417	32	2	0
425	32	3	0
429	32	4	0
456	32	4	0
458	32	4	0
465	32	3	0
478	32	3	0
479	32	3	0
498	32	4	0
524	32	4	0
535	32	3	0
537	32	3	0
561	32	4	0
567	32	5	0
571	32	2	0
592	32	5	0
643	32	4	0
645	32	5	0
655	32	4	0
658	32	3	0
666	32	4	0
737	32	4	0
747	32	5	0
773	32	4	0
804	32	3	0
805	32	4	0
833	32	5	0
848	32	5	0
854	32	4	0
875	32	5	0
889	32	4	0
894	32	4	0
929	32	3	0
1	42	5	0
5	42	5	0
11	42	3	0
13	42	4	0
14	42	4	0
18	42	3	0
49	42	4	0
56	42	4	0
57	42	5	0
58	42	4	0
59	42	5	0
69	42	5	0
76	42	3	0
77	42	5	0
81	42	4	0
85	42	3	0
90	42	4	0
92	42	4	0
94	42	4	0
96	42	1	0
109	42	1	0
130	42	4	0
136	42	3	0
142	42	4	0
145	42	5	0
158	42	3	0
162	42	3	0
177	42	4	0
201	42	4	0
207	42	4	0
213	42	5	0
214	42	5	0
216	42	5	0
218	42	4	0
221	42	5	0
239	42	5	0
244	42	5	0
249	42	5	0
264	42	5	0
268	42	4	0
269	42	5	0
272	42	4	0
276	42	4	0
279	42	4	0
283	42	5	0
286	42	4	0
295	42	3	0
297	42	3	0
301	42	4	0
303	42	5	0
305	42	4	0
308	42	4	0
314	42	5	0
320	42	4	0
327	42	3	0
334	42	4	0
336	42	5	0
339	42	4	0
342	42	3	0
343	42	4	0
345	42	2	0
354	42	2	0
363	42	2	0
370	42	3	0
371	42	3	0
378	42	4	0
385	42	1	0
387	42	4	0
389	42	4	0
393	42	4	0
394	42	4	0
399	42	2	0
402	42	4	0
405	42	1	0
406	42	5	0
416	42	3	0
417	42	4	0
429	42	5	0
430	42	3	0
435	42	3	0
437	42	3	0
442	42	4	0
453	42	5	0
455	42	2	0
456	42	4	0
468	42	4	0
474	42	4	0
476	42	4	0
478	42	5	0
481	42	3	0
487	42	3	0
496	42	5	0
497	42	4	0
500	42	5	0
506	42	3	0
514	42	5	0
521	42	5	0
523	42	3	0
524	42	3	0
535	42	3	0
537	42	3	0
538	42	1	0
542	42	3	0
551	42	5	0
561	42	3	0
588	42	5	0
592	42	5	0
606	42	3	0
608	42	5	0
629	42	2	0
640	42	5	0
643	42	4	0
653	42	2	0
655	42	3	0
658	42	4	0
663	42	5	0
679	42	4	0
682	42	5	0
711	42	3	0
712	42	1	0
715	42	5	0
727	42	5	0
738	42	2	0
751	42	5	0
765	42	5	0
773	42	3	0
777	42	5	0
778	42	5	0
790	42	5	0
795	42	3	0
805	42	2	0
823	42	4	0
836	42	3	0
846	42	5	0
848	42	2	0
854	42	4	0
870	42	2	0
875	42	4	0
880	42	5	0
886	42	5	0
889	42	5	0
896	42	4	0
907	42	4	0
913	42	3	0
916	42	5	0
918	42	3	0
933	42	1	0
943	42	5	0
1	44	5	0
7	44	5	0
42	44	3	0
56	44	4	0
59	44	4	0
62	44	3	0
92	44	3	0
130	44	4	0
145	44	5	0
151	44	4	0
184	44	4	0
186	44	5	0
189	44	4	0
194	44	4	0
210	44	3	0
222	44	3	0
232	44	4	0
234	44	3	0
250	44	4	0
256	44	4	0
262	44	2	0
269	44	3	0
271	44	4	0
276	44	3	0
279	44	1	0
286	44	3	0
303	44	4	0
308	44	4	0
311	44	3	0
313	44	3	0
316	44	4	0
326	44	1	0
327	44	3	0
328	44	3	0
330	44	5	0
332	44	3	0
334	44	4	0
343	44	3	0
345	44	3	0
363	44	3	0
372	44	4	0
375	44	3	0
378	44	3	0
401	44	4	0
405	44	1	0
416	44	4	0
417	44	2	0
429	44	3	0
435	44	2	0
442	44	2	0
450	44	3	0
455	44	3	0
457	44	4	0
468	44	4	0
474	44	3	0
495	44	3	0
500	44	1	0
503	44	5	0
504	44	4	0
506	44	4	0
524	44	4	0
532	44	5	0
533	44	4	0
535	44	4	0
537	44	3	0
543	44	3	0
551	44	4	0
577	44	3	0
586	44	3	0
608	44	4	0
618	44	4	0
642	44	3	0
655	44	2	0
747	44	2	0
774	44	1	0
788	44	4	0
846	44	1	0
864	44	4	0
880	44	4	0
1	47	4	0
6	47	3	0
7	47	5	0
11	47	4	0
18	47	3	0
43	47	1	0
49	47	5	0
59	47	5	0
60	47	4	0
62	47	4	0
65	47	2	0
87	47	3	0
92	47	4	0
94	47	5	0
98	47	4	0
102	47	2	0
116	47	3	0
130	47	3	0
151	47	3	0
177	47	3	0
184	47	4	0
185	47	4	0
195	47	5	0
201	47	4	0
216	47	4	0
218	47	4	0
233	47	5	0
234	47	2	0
239	47	2	0
262	47	2	0
264	47	5	0
267	47	5	0
268	47	1	0
269	47	4	0
271	47	3	0
276	47	4	0
279	47	4	0
286	47	4	0
293	47	3	0
295	47	5	0
297	47	2	0
299	47	4	0
301	47	4	0
303	47	5	0
308	47	4	0
311	47	2	0
313	47	3	0
318	47	2	0
325	47	3	0
327	47	4	0
330	47	5	0
331	47	5	0
334	47	4	0
339	47	4	0
342	47	5	0
343	47	4	0
354	47	4	0
361	47	4	0
363	47	5	0
378	47	4	0
379	47	5	0
385	47	4	0
387	47	4	0
389	47	4	0
391	47	4	0
398	47	3	0
399	47	3	0
405	47	5	0
406	47	4	0
417	47	3	0
429	47	4	0
436	47	4	0
437	47	4	0
450	47	3	0
455	47	2	0
457	47	4	0
468	47	5	0
474	47	4	0
476	47	3	0
503	47	5	0
506	47	4	0
508	47	3	0
514	47	4	0
524	47	2	0
533	47	1	0
535	47	5	0
537	47	4	0
542	47	5	0
543	47	3	0
555	47	2	0
561	47	4	0
567	47	4	0
571	47	3	0
591	47	3	0
592	47	5	0
601	47	3	0
622	47	3	0
627	47	2	0
640	47	4	0
643	47	4	0
645	47	4	0
648	47	2	0
655	47	3	0
660	47	2	0
663	47	4	0
664	47	4	0
682	47	1	0
690	47	1	0
716	47	3	0
737	47	3	0
738	47	3	0
747	47	5	0
749	47	4	0
763	47	3	0
773	47	4	0
790	47	2	0
795	47	3	0
805	47	5	0
806	47	4	0
833	47	5	0
846	47	5	0
847	47	2	0
864	47	5	0
868	47	2	0
870	47	3	0
880	47	4	0
883	47	3	0
886	47	4	0
887	47	5	0
903	47	5	0
908	47	3	0
932	47	4	0
940	47	3	0
1	48	5	0
10	48	4	0
13	48	5	0
18	48	4	0
42	48	5	0
59	48	5	0
64	48	5	0
65	48	5	0
69	48	5	0
70	48	4	0
72	48	4	0
73	48	2	0
87	48	4	0
92	48	4	0
95	48	4	0
106	48	3	0
115	48	5	0
128	48	4	0
144	48	5	0
156	48	4	0
161	48	1	0
167	48	1	0
182	48	3	0
200	48	2	0
201	48	3	0
213	48	5	0
221	48	5	0
222	48	5	0
232	48	5	0
233	48	5	0
234	48	2	0
269	48	5	0
271	48	4	0
272	48	4	0
291	48	5	0
292	48	5	0
293	48	5	0
296	48	5	0
299	48	4	0
305	48	5	0
308	48	4	0
315	48	4	0
321	48	4	0
322	48	4	0
326	48	3	0
327	48	4	0
343	48	3	0
345	48	5	0
373	48	5	0
374	48	5	0
378	48	5	0
385	48	5	0
387	48	4	0
391	48	4	0
393	48	2	0
399	48	3	0
402	48	5	0
405	48	1	0
406	48	5	0
409	48	2	0
429	48	3	0
452	48	5	0
453	48	4	0
454	48	4	0
457	48	5	0
458	48	4	0
465	48	3	0
474	48	4	0
478	48	4	0
487	48	2	0
493	48	4	0
506	48	2	0
514	48	4	0
522	48	4	0
533	48	4	0
537	48	4	0
542	48	5	0
556	48	5	0
561	48	4	0
577	48	5	0
591	48	4	0
592	48	5	0
604	48	5	0
606	48	4	0
615	48	5	0
639	48	4	0
645	48	4	0
655	48	4	0
661	48	4	0
666	48	4	0
682	48	4	0
684	48	4	0
686	48	5	0
693	48	5	0
694	48	4	0
700	48	4	0
711	48	4	0
716	48	5	0
741	48	4	0
747	48	5	0
748	48	4	0
749	48	3	0
796	48	3	0
823	48	5	0
840	48	3	0
846	48	5	0
851	48	4	0
864	48	5	0
870	48	4	0
876	48	5	0
883	48	4	0
886	48	4	0
896	48	4	0
899	48	4	0
903	48	4	0
916	48	5	0
928	48	5	0
1	51	4	0
7	51	2	0
11	51	4	0
13	51	3	0
16	51	4	0
43	51	1	0
56	51	3	0
59	51	5	0
72	51	4	0
85	51	2	0
92	51	4	0
94	51	3	0
95	51	4	0
137	51	1	0
145	51	3	0
151	51	4	0
152	51	4	0
178	51	4	0
184	51	4	0
194	51	4	0
198	51	3	0
201	51	2	0
222	51	3	0
224	51	4	0
230	51	4	0
236	51	5	0
244	51	2	0
256	51	4	0
268	51	3	0
269	51	2	0
271	51	4	0
276	51	3	0
293	51	3	0
301	51	4	0
311	51	4	0
320	51	5	0
328	51	3	0
330	51	5	0
345	51	5	0
378	51	3	0
393	51	4	0
405	51	1	0
416	51	5	0
417	51	3	0
437	51	1	0
450	51	4	0
454	51	2	0
457	51	5	0
468	51	3	0
472	51	5	0
484	51	4	0
504	51	4	0
532	51	5	0
551	51	5	0
561	51	3	0
586	51	4	0
588	51	4	0
593	51	3	0
610	51	5	0
627	51	5	0
632	51	4	0
639	51	2	0
642	51	5	0
655	51	2	0
682	51	5	0
690	51	3	0
711	51	4	0
712	51	3	0
721	51	4	0
788	51	4	0
790	51	3	0
846	51	4	0
867	51	3	0
870	51	2	0
878	51	4	0
881	51	5	0
896	51	2	0
899	51	1	0
916	51	2	0
922	51	4	0
943	51	1	0
1	65	4	0
18	65	5	0
59	65	4	0
62	65	4	0
65	65	3	0
71	65	5	0
85	65	3	0
90	65	4	0
92	65	4	0
95	65	4	0
116	65	2	0
128	65	4	0
130	65	4	0
144	65	4	0
151	65	4	0
174	65	5	0
184	65	4	0
187	65	5	0
198	65	2	0
201	65	4	0
207	65	3	0
210	65	4	0
216	65	4	0
235	65	2	0
239	65	5	0
244	65	4	0
259	65	3	0
262	65	4	0
267	65	4	0
269	65	4	0
271	65	3	0
276	65	4	0
279	65	1	0
293	65	3	0
295	65	5	0
303	65	4	0
308	65	3	0
313	65	2	0
314	65	4	0
327	65	2	0
328	65	4	0
339	65	4	0
343	65	5	0
345	65	4	0
347	65	2	0
354	65	4	0
358	65	4	0
363	65	4	0
378	65	3	0
389	65	4	0
393	65	2	0
397	65	2	0
398	65	3	0
401	65	4	0
405	65	1	0
409	65	4	0
416	65	5	0
417	65	4	0
429	65	3	0
436	65	4	0
437	65	4	0
447	65	3	0
450	65	3	0
455	65	3	0
457	65	5	0
468	65	3	0
469	65	4	0
478	65	4	0
493	65	4	0
494	65	5	0
504	65	4	0
514	65	3	0
524	65	4	0
533	65	4	0
537	65	3	0
561	65	3	0
577	65	5	0
579	65	3	0
593	65	3	0
601	65	4	0
608	65	5	0
618	65	3	0
621	65	3	0
642	65	4	0
643	65	4	0
645	65	4	0
655	65	2	0
665	65	4	0
682	65	3	0
707	65	4	0
709	65	2	0
711	65	4	0
721	65	1	0
727	65	2	0
760	65	2	0
766	65	4	0
768	65	4	0
788	65	4	0
790	65	4	0
805	65	3	0
815	65	5	0
846	65	3	0
848	65	2	0
864	65	3	0
868	65	2	0
870	65	3	0
880	65	4	0
883	65	4	0
885	65	2	0
886	65	3	0
887	65	5	0
889	65	4	0
897	65	4	0
916	65	3	0
934	65	4	0
1	76	4	0
16	76	5	0
62	76	4	0
94	76	4	0
178	76	3	0
188	76	4	0
194	76	2	0
201	76	4	0
221	76	4	0
232	76	3	0
234	76	2	0
269	76	3	0
276	76	4	0
280	76	2	0
293	76	3	0
301	76	4	0
305	76	1	0
311	76	4	0
328	76	3	0
339	76	3	0
343	76	4	0
346	76	4	0
347	76	5	0
387	76	3	0
391	76	3	0
405	76	3	0
435	76	3	0
450	76	3	0
452	76	4	0
454	76	1	0
458	76	4	0
474	76	4	0
487	76	4	0
524	76	4	0
537	76	3	0
551	76	4	0
586	76	5	0
608	76	4	0
627	76	3	0
653	76	3	0
655	76	3	0
659	76	4	0
682	76	3	0
758	76	3	0
788	76	3	0
806	76	3	0
833	76	2	0
846	76	4	0
886	76	4	0
892	76	4	0
896	76	3	0
897	76	4	0
916	76	3	0
943	76	4	0
1	81	5	0
6	81	4	0
7	81	5	0
14	81	5	0
18	81	3	0
44	81	4	0
59	81	4	0
62	81	4	0
64	81	4	0
72	81	3	0
73	81	5	0
82	81	3	0
92	81	3	0
94	81	4	0
109	81	2	0
151	81	5	0
194	81	2	0
198	81	5	0
201	81	1	0
216	81	4	0
222	81	1	0
232	81	5	0
234	81	3	0
239	81	3	0
246	81	5	0
250	81	4	0
253	81	4	0
267	81	4	0
269	81	3	0
271	81	3	0
276	81	4	0
279	81	4	0
286	81	3	0
293	81	4	0
299	81	4	0
301	81	3	0
303	81	4	0
305	81	3	0
307	81	5	0
308	81	5	0
311	81	3	0
327	81	4	0
329	81	2	0
331	81	5	0
334	81	4	0
339	81	5	0
343	81	5	0
345	81	4	0
354	81	3	0
363	81	4	0
373	81	2	0
380	81	3	0
383	81	4	0
385	81	3	0
387	81	3	0
389	81	3	0
393	81	2	0
405	81	3	0
412	81	2	0
416	81	5	0
417	81	5	0
429	81	3	0
435	81	3	0
436	81	3	0
450	81	4	0
454	81	1	0
478	81	4	0
487	81	3	0
506	81	1	0
514	81	4	0
521	81	1	0
524	81	1	0
537	81	3	0
553	81	3	0
561	81	2	0
592	81	4	0
606	81	3	0
629	81	3	0
632	81	5	0
640	81	5	0
645	81	4	0
653	81	1	0
654	81	2	0
655	81	3	0
664	81	5	0
666	81	4	0
682	81	3	0
707	81	2	0
715	81	4	0
716	81	4	0
721	81	2	0
738	81	4	0
758	81	5	0
795	81	4	0
798	81	3	0
804	81	4	0
806	81	5	0
823	81	4	0
840	81	4	0
862	81	5	0
864	81	3	0
868	81	4	0
880	81	4	0
881	81	3	0
883	81	5	0
886	81	4	0
889	81	4	0
892	81	3	0
903	81	5	0
916	81	5	0
1	87	5	0
6	87	4	0
13	87	5	0
16	87	4	0
20	87	5	0
42	87	4	0
44	87	5	0
56	87	4	0
59	87	4	0
64	87	4	0
65	87	5	0
72	87	4	0
80	87	4	0
82	87	3	0
84	87	5	0
85	87	4	0
87	87	4	0
92	87	3	0
96	87	4	0
119	87	5	0
125	87	5	0
144	87	5	0
151	87	4	0
174	87	5	0
177	87	4	0
178	87	4	0
194	87	4	0
201	87	3	0
207	87	4	0
212	87	5	0
215	87	5	0
222	87	3	0
228	87	1	0
234	87	3	0
235	87	4	0
253	87	5	0
263	87	4	0
271	87	3	0
279	87	1	0
293	87	4	0
303	87	3	0
305	87	1	0
308	87	4	0
321	87	3	0
327	87	3	0
343	87	4	0
344	87	4	0
345	87	5	0
347	87	3	0
354	87	3	0
363	87	3	0
374	87	5	0
378	87	4	0
385	87	3	0
389	87	5	0
393	87	4	0
398	87	4	0
405	87	1	0
406	87	3	0
409	87	3	0
416	87	5	0
421	87	4	0
429	87	3	0
437	87	3	0
445	87	3	0
450	87	5	0
454	87	4	0
455	87	3	0
465	87	4	0
466	87	3	0
474	87	4	0
484	87	5	0
487	87	5	0
488	87	5	0
496	87	5	0
497	87	3	0
499	87	4	0
514	87	5	0
521	87	3	0
527	87	3	0
532	87	5	0
533	87	4	0
535	87	5	0
536	87	3	0
537	87	3	0
542	87	3	0
554	87	4	0
555	87	4	0
559	87	4	0
561	87	3	0
577	87	5	0
592	87	4	0
601	87	4	0
606	87	4	0
615	87	4	0
618	87	3	0
621	87	5	0
629	87	5	0
639	87	3	0
643	87	5	0
645	87	4	0
653	87	4	0
654	87	4	0
655	87	3	0
660	87	2	0
682	87	5	0
715	87	4	0
719	87	2	0
721	87	3	0
727	87	4	0
747	87	5	0
749	87	4	0
751	87	5	0
763	87	2	0
781	87	4	0
796	87	5	0
798	87	3	0
804	87	4	0
815	87	5	0
823	87	5	0
830	87	4	0
838	87	4	0
846	87	4	0
854	87	4	0
864	87	5	0
870	87	5	0
880	87	4	0
886	87	4	0
887	87	5	0
889	87	4	0
892	87	5	0
896	87	4	0
902	87	4	0
903	87	4	0
911	87	5	0
916	87	3	0
921	87	2	0
933	87	4	0
1	92	3	0
7	92	5	0
13	92	3	0
16	92	4	0
24	92	5	0
37	92	4	0
59	92	5	0
76	92	4	0
92	92	4	0
94	92	4	0
99	92	4	0
115	92	4	0
158	92	4	0
177	92	4	0
178	92	3	0
184	92	3	0
197	92	1	0
201	92	3	0
207	92	2	0
214	92	4	0
221	92	4	0
222	92	3	0
224	92	1	0
226	92	2	0
244	92	4	0
246	92	1	0
249	92	5	0
250	92	5	0
256	92	1	0
262	92	3	0
267	92	4	0
268	92	4	0
276	92	4	0
279	92	4	0
280	92	3	0
287	92	4	0
291	92	4	0
293	92	4	0
297	92	3	0
303	92	4	0
308	92	4	0
320	92	5	0
322	92	4	0
327	92	4	0
339	92	4	0
342	92	4	0
346	92	4	0
352	92	3	0
385	92	3	0
387	92	4	0
405	92	1	0
406	92	4	0
412	92	3	0
416	92	3	0
425	92	5	0
429	92	4	0
436	92	3	0
442	92	5	0
450	92	4	0
456	92	4	0
466	92	4	0
474	92	4	0
487	92	4	0
506	92	3	0
524	92	4	0
537	92	3	0
551	92	5	0
561	92	3	0
586	92	3	0
592	92	5	0
600	92	3	0
608	92	3	0
627	92	4	0
629	92	4	0
640	92	4	0
643	92	4	0
645	92	3	0
655	92	3	0
664	92	4	0
665	92	4	0
666	92	3	0
682	92	5	0
709	92	4	0
710	92	3	0
715	92	3	0
727	92	2	0
741	92	3	0
756	92	3	0
773	92	4	0
823	92	5	0
826	92	4	0
833	92	2	0
846	92	4	0
851	92	5	0
862	92	5	0
870	92	4	0
871	92	3	0
880	92	4	0
886	92	3	0
889	92	3	0
896	92	1	0
913	92	4	0
916	92	5	0
943	92	5	0
1	93	5	0
7	93	5	0
10	93	4	0
14	93	3	0
46	93	4	0
49	93	5	0
52	93	4	0
64	93	2	0
76	93	4	0
78	93	4	0
79	93	2	0
81	93	3	0
89	93	2	0
92	93	4	0
94	93	4	0
115	93	3	0
119	93	4	0
130	93	5	0
144	93	1	0
150	93	4	0
151	93	5	0
157	93	3	0
160	93	5	0
176	93	5	0
181	93	1	0
184	93	4	0
195	93	3	0
198	93	3	0
199	93	4	0
201	93	5	0
203	93	4	0
214	93	4	0
216	93	4	0
222	93	2	0
227	93	5	0
234	93	3	0
243	93	2	0
249	93	4	0
264	93	5	0
269	93	3	0
270	93	5	0
277	93	4	0
291	93	4	0
294	93	4	0
299	93	2	0
303	93	5	0
314	93	1	0
315	93	5	0
323	93	4	0
325	93	4	0
327	93	4	0
334	93	4	0
342	93	4	0
345	93	4	0
354	93	4	0
363	93	4	0
379	93	3	0
385	93	3	0
387	93	5	0
399	93	3	0
406	93	4	0
416	93	4	0
422	93	4	0
429	93	4	0
432	93	2	0
439	93	4	0
445	93	1	0
453	93	2	0
463	93	4	0
467	93	4	0
470	93	4	0
478	93	4	0
486	93	4	0
490	93	4	0
500	93	4	0
501	93	4	0
527	93	4	0
534	93	1	0
537	93	3	0
560	93	3	0
561	93	4	0
582	93	5	0
592	93	4	0
606	93	4	0
608	93	4	0
618	93	3	0
624	93	5	0
634	93	5	0
637	93	3	0
655	93	3	0
662	93	5	0
707	93	5	0
735	93	2	0
747	93	4	0
758	93	5	0
770	93	5	0
773	93	3	0
789	93	4	0
805	93	5	0
833	93	4	0
838	93	3	0
839	93	4	0
847	93	1	0
854	93	5	0
864	93	3	0
880	93	4	0
889	93	3	0
894	93	4	0
911	93	4	0
919	93	5	0
936	93	5	0
937	93	4	0
1	128	4	0
13	128	1	0
22	128	5	0
60	128	3	0
62	128	2	0
70	128	4	0
87	128	3	0
95	128	3	0
130	128	4	0
158	128	2	0
198	128	3	0
201	128	2	0
221	128	3	0
267	128	5	0
268	128	3	0
276	128	4	0
279	128	5	0
280	128	3	0
291	128	4	0
297	128	4	0
301	128	5	0
303	128	4	0
346	128	2	0
363	128	5	0
385	128	5	0
393	128	3	0
394	128	3	0
399	128	3	0
429	128	3	0
435	128	3	0
466	128	2	0
487	128	5	0
497	128	4	0
522	128	4	0
551	128	4	0
621	128	4	0
633	128	3	0
638	128	3	0
643	128	3	0
653	128	3	0
654	128	5	0
655	128	3	0
682	128	4	0
715	128	3	0
727	128	4	0
738	128	4	0
746	128	3	0
757	128	3	0
758	128	4	0
771	128	2	0
804	128	5	0
805	128	5	0
806	128	3	0
823	128	2	0
833	128	3	0
838	128	4	0
851	128	4	0
864	128	4	0
868	128	5	0
880	128	3	0
886	128	4	0
887	128	5	0
889	128	5	0
896	128	4	0
921	128	1	0
1	129	5	0
10	129	4	0
21	129	4	0
24	129	3	0
26	129	4	0
49	129	2	0
59	129	5	0
62	129	3	0
69	129	3	0
72	129	4	0
73	129	4	0
74	129	3	0
75	129	3	0
76	129	3	0
92	129	4	0
144	129	4	0
150	129	4	0
158	129	5	0
160	129	4	0
176	129	3	0
177	129	3	0
181	129	2	0
189	129	3	0
201	129	4	0
207	129	3	0
209	129	2	0
216	129	4	0
221	129	5	0
227	129	5	0
233	129	3	0
243	129	2	0
249	129	5	0
250	129	4	0
252	129	4	0
257	129	4	0
268	129	2	0
277	129	4	0
279	129	1	0
291	129	5	0
293	129	3	0
297	129	4	0
299	129	4	0
303	129	5	0
305	129	3	0
308	129	5	0
320	129	4	0
327	129	4	0
329	129	3	0
334	129	4	0
342	129	5	0
344	129	4	0
352	129	5	0
361	129	4	0
372	129	4	0
374	129	5	0
381	129	4	0
385	129	3	0
387	129	5	0
392	129	4	0
403	129	4	0
406	129	5	0
421	129	5	0
422	129	4	0
429	129	4	0
430	129	5	0
437	129	1	0
442	129	4	0
456	129	3	0
458	129	4	0
460	129	3	0
463	129	2	0
470	129	3	0
473	129	4	0
486	129	4	0
491	129	4	0
500	129	4	0
501	129	4	0
518	129	5	0
524	129	5	0
527	129	2	0
534	129	4	0
535	129	5	0
537	129	3	0
543	129	4	0
555	129	4	0
592	129	5	0
595	129	3	0
606	129	3	0
634	129	4	0
643	129	5	0
655	129	3	0
658	129	3	0
663	129	3	0
666	129	4	0
677	129	5	0
697	129	5	0
699	129	4	0
709	129	2	0
733	129	2	0
747	129	5	0
757	129	3	0
758	129	4	0
770	129	5	0
789	129	5	0
792	129	4	0
793	129	4	0
817	129	4	0
829	129	4	0
831	129	2	0
833	129	3	0
839	129	4	0
851	129	4	0
854	129	3	0
881	129	4	0
883	129	5	0
886	129	5	0
889	129	5	0
892	129	3	0
894	129	4	0
896	129	4	0
900	129	4	0
903	129	3	0
905	129	4	0
906	129	4	0
907	129	5	0
919	129	5	0
923	129	5	0
924	129	4	0
936	129	4	0
1	141	3	0
7	141	5	0
13	141	2	0
25	141	4	0
42	141	3	0
59	141	4	0
60	141	3	0
64	141	4	0
85	141	3	0
90	141	5	0
95	141	4	0
200	141	4	0
230	141	4	0
234	141	3	0
254	141	3	0
263	141	5	0
267	141	4	0
268	141	3	0
271	141	4	0
276	141	4	0
290	141	4	0
303	141	3	0
308	141	3	0
311	141	4	0
313	141	4	0
326	141	3	0
346	141	4	0
378	141	3	0
379	141	4	0
393	141	2	0
394	141	3	0
405	141	2	0
417	141	3	0
429	141	3	0
435	141	2	0
450	141	3	0
472	141	4	0
474	141	4	0
484	141	4	0
496	141	3	0
497	141	3	0
504	141	3	0
536	141	4	0
537	141	3	0
561	141	2	0
562	141	4	0
601	141	4	0
642	141	4	0
650	141	4	0
694	141	5	0
712	141	3	0
716	141	4	0
738	141	3	0
749	141	4	0
756	141	3	0
758	141	4	0
767	141	4	0
788	141	3	0
804	141	3	0
805	141	2	0
807	141	3	0
815	141	4	0
823	141	4	0
843	141	4	0
846	141	4	0
847	141	3	0
848	141	4	0
862	141	4	0
881	141	3	0
896	141	3	0
897	141	4	0
932	141	4	0
1	150	5	0
13	150	5	0
17	150	5	0
26	150	3	0
58	150	4	0
63	150	4	0
69	150	5	0
70	150	3	0
74	150	3	0
76	150	5	0
79	150	3	0
81	150	3	0
85	150	3	0
89	150	5	0
90	150	3	0
104	150	5	0
117	150	4	0
125	150	1	0
130	150	5	0
138	150	3	0
139	150	4	0
145	150	5	0
150	150	3	0
157	150	5	0
160	150	4	0
176	150	4	0
177	150	4	0
181	150	1	0
182	150	3	0
189	150	4	0
201	150	4	0
203	150	5	0
207	150	3	0
216	150	5	0
221	150	5	0
222	150	3	0
226	150	4	0
227	150	3	0
232	150	3	0
239	150	5	0
264	150	5	0
274	150	5	0
276	150	4	0
279	150	3	0
285	150	5	0
292	150	4	0
293	150	3	0
296	150	1	0
299	150	5	0
301	150	4	0
303	150	5	0
306	150	5	0
314	150	4	0
322	150	4	0
323	150	4	0
324	150	4	0
327	150	4	0
334	150	4	0
339	150	4	0
342	150	3	0
343	150	4	0
345	150	5	0
357	150	4	0
361	150	2	0
363	150	5	0
365	150	5	0
373	150	4	0
374	150	4	0
381	150	4	0
382	150	2	0
406	150	4	0
412	150	4	0
416	150	5	0
429	150	5	0
432	150	5	0
442	150	4	0
445	150	2	0
447	150	4	0
456	150	4	0
463	150	2	0
467	150	4	0
468	150	5	0
470	150	5	0
472	150	3	0
473	150	5	0
474	150	5	0
478	150	4	0
484	150	4	0
486	150	3	0
487	150	5	0
490	150	5	0
493	150	5	0
496	150	2	0
498	150	3	0
501	150	5	0
508	150	5	0
514	150	3	0
524	150	2	0
526	150	2	0
533	150	3	0
534	150	3	0
537	150	3	0
540	150	3	0
542	150	2	0
551	150	3	0
555	150	4	0
557	150	3	0
590	150	5	0
592	150	5	0
606	150	4	0
608	150	3	0
618	150	2	0
624	150	4	0
632	150	2	0
634	150	3	0
635	150	3	0
637	150	1	0
640	150	4	0
643	150	5	0
655	150	3	0
663	150	5	0
669	150	3	0
677	150	3	0
680	150	5	0
682	150	4	0
689	150	4	0
697	150	5	0
708	150	4	0
715	150	4	0
717	150	4	0
723	150	3	0
733	150	2	0
758	150	5	0
774	150	1	0
778	150	3	0
789	150	5	0
793	150	4	0
794	150	4	0
795	150	3	0
805	150	5	0
806	150	4	0
823	150	4	0
831	150	3	0
833	150	3	0
834	150	5	0
854	150	3	0
867	150	5	0
868	150	5	0
874	150	4	0
880	150	4	0
886	150	4	0
889	150	5	0
892	150	5	0
905	150	4	0
916	150	4	0
917	150	5	0
940	150	3	0
1	152	5	0
7	152	4	0
13	152	5	0
16	152	4	0
18	152	3	0
41	152	4	0
60	152	4	0
70	152	4	0
73	152	3	0
85	152	5	0
87	152	4	0
98	152	3	0
125	152	1	0
151	152	3	0
154	152	4	0
194	152	3	0
195	152	3	0
210	152	5	0
234	152	4	0
239	152	3	0
269	152	4	0
279	152	5	0
293	152	4	0
298	152	3	0
299	152	4	0
301	152	3	0
303	152	4	0
308	152	5	0
312	152	2	0
313	152	3	0
325	152	4	0
327	152	3	0
342	152	4	0
343	152	4	0
354	152	3	0
363	152	5	0
379	152	5	0
380	152	2	0
385	152	3	0
387	152	1	0
389	152	4	0
398	152	4	0
406	152	2	0
407	152	4	0
430	152	4	0
435	152	4	0
437	152	4	0
450	152	5	0
452	152	2	0
458	152	5	0
469	152	4	0
480	152	4	0
497	152	2	0
514	152	4	0
527	152	2	0
535	152	4	0
567	152	4	0
643	152	4	0
648	152	5	0
650	152	3	0
653	152	2	0
655	152	3	0
664	152	3	0
704	152	2	0
738	152	4	0
747	152	3	0
758	152	5	0
773	152	5	0
785	152	4	0
795	152	4	0
796	152	3	0
804	152	4	0
823	152	5	0
833	152	2	0
840	152	4	0
843	152	2	0
848	152	5	0
878	152	4	0
890	152	4	0
896	152	3	0
912	152	4	0
934	152	4	0
1	156	4	0
6	156	3	0
7	156	5	0
10	156	4	0
16	156	4	0
23	156	3	0
41	156	4	0
53	156	4	0
58	156	5	0
64	156	4	0
73	156	4	0
76	156	3	0
77	156	4	0
90	156	4	0
92	156	4	0
94	156	5	0
96	156	4	0
109	156	5	0
114	156	4	0
117	156	4	0
118	156	5	0
121	156	4	0
130	156	3	0
145	156	5	0
165	156	3	0
177	156	5	0
178	156	2	0
180	156	5	0
198	156	3	0
201	156	4	0
207	156	2	0
213	156	5	0
214	156	5	0
216	156	5	0
221	156	5	0
222	156	4	0
234	156	2	0
244	156	4	0
248	156	5	0
249	156	5	0
253	156	3	0
264	156	2	0
267	156	5	0
268	156	3	0
269	156	5	0
270	156	5	0
276	156	5	0
279	156	4	0
280	156	4	0
287	156	5	0
291	156	5	0
292	156	5	0
293	156	4	0
297	156	4	0
301	156	4	0
303	156	5	0
305	156	4	0
308	156	4	0
312	156	3	0
313	156	3	0
315	156	5	0
320	156	5	0
322	156	4	0
323	156	5	0
327	156	4	0
332	156	4	0
339	156	5	0
342	156	4	0
343	156	4	0
346	156	4	0
347	156	5	0
352	156	4	0
361	156	4	0
363	156	3	0
373	156	2	0
374	156	2	0
385	156	4	0
387	156	5	0
394	156	4	0
397	156	5	0
399	156	3	0
406	156	5	0
409	156	2	0
416	156	5	0
417	156	3	0
421	156	5	0
425	156	5	0
429	156	4	0
435	156	4	0
437	156	2	0
442	156	4	0
447	156	5	0
452	156	4	0
453	156	5	0
457	156	5	0
487	156	4	0
493	156	1	0
496	156	3	0
497	156	5	0
498	156	5	0
503	156	1	0
514	156	4	0
521	156	4	0
527	156	3	0
530	156	4	0
535	156	2	0
548	156	5	0
551	156	5	0
561	156	4	0
566	156	4	0
567	156	5	0
586	156	4	0
601	156	4	0
606	156	4	0
622	156	5	0
632	156	3	0
642	156	1	0
643	156	5	0
653	156	4	0
655	156	2	0
664	156	4	0
665	156	5	0
682	156	5	0
704	156	3	0
710	156	4	0
715	156	4	0
727	156	4	0
737	156	5	0
744	156	4	0
747	156	3	0
757	156	3	0
804	156	4	0
806	156	4	0
823	156	5	0
831	156	4	0
833	156	4	0
854	156	3	0
867	156	5	0
868	156	3	0
880	156	4	0
886	156	4	0
889	156	5	0
903	156	5	0
908	156	3	0
913	156	3	0
916	156	5	0
933	156	4	0
934	156	3	0
1	157	4	0
7	157	5	0
10	157	5	0
12	157	5	0
13	157	3	0
18	157	3	0
44	157	4	0
62	157	3	0
64	157	4	0
85	157	3	0
87	157	3	0
92	157	4	0
94	157	5	0
109	157	4	0
114	157	2	0
124	157	2	0
152	157	5	0
156	157	4	0
160	157	5	0
178	157	5	0
188	157	3	0
189	157	4	0
194	157	4	0
201	157	4	0
213	157	4	0
215	157	4	0
222	157	4	0
224	157	4	0
234	157	2	0
243	157	5	0
244	157	4	0
267	157	5	0
269	157	3	0
276	157	5	0
280	157	3	0
288	157	4	0
293	157	5	0
295	157	5	0
297	157	2	0
301	157	2	0
308	157	5	0
312	157	1	0
313	157	3	0
318	157	5	0
322	157	5	0
328	157	5	0
339	157	4	0
343	157	4	0
346	157	3	0
347	157	5	0
360	157	4	0
378	157	3	0
379	157	4	0
399	157	3	0
401	157	3	0
406	157	3	0
407	157	2	0
416	157	4	0
417	157	4	0
425	157	2	0
429	157	4	0
435	157	4	0
436	157	5	0
447	157	4	0
450	157	3	0
453	157	4	0
457	157	5	0
468	157	4	0
479	157	5	0
495	157	5	0
499	157	3	0
514	157	4	0
543	157	3	0
551	157	4	0
561	157	4	0
566	157	5	0
573	157	4	0
592	157	5	0
593	157	3	0
601	157	3	0
603	157	1	0
606	157	4	0
608	157	1	0
622	157	4	0
627	157	4	0
650	157	3	0
653	157	5	0
655	157	3	0
659	157	4	0
664	157	3	0
665	157	3	0
682	157	4	0
693	157	4	0
694	157	4	0
711	157	3	0
715	157	4	0
716	157	3	0
721	157	3	0
727	157	3	0
746	157	4	0
749	157	3	0
757	157	3	0
763	157	4	0
777	157	3	0
778	157	3	0
788	157	5	0
790	157	2	0
804	157	4	0
806	157	3	0
823	157	5	0
833	157	2	0
835	157	4	0
840	157	4	0
843	157	2	0
847	157	1	0
851	157	4	0
864	157	4	0
886	157	4	0
890	157	4	0
892	157	5	0
896	157	4	0
899	157	4	0
903	157	4	0
916	157	4	0
932	157	4	0
933	157	4	0
934	157	2	0
1	160	4	0
10	160	4	0
13	160	4	0
16	160	4	0
60	160	4	0
64	160	4	0
85	160	3	0
92	160	4	0
94	160	4	0
144	160	2	0
151	160	4	0
160	160	5	0
174	160	5	0
177	160	4	0
184	160	3	0
185	160	1	0
194	160	2	0
201	160	5	0
207	160	2	0
210	160	4	0
222	160	1	0
234	160	2	0
269	160	2	0
276	160	4	0
293	160	4	0
297	160	1	0
301	160	2	0
303	160	4	0
305	160	4	0
308	160	4	0
318	160	3	0
327	160	4	0
331	160	5	0
334	160	4	0
339	160	5	0
342	160	3	0
378	160	2	0
385	160	4	0
389	160	4	0
435	160	5	0
457	160	4	0
468	160	3	0
478	160	2	0
487	160	4	0
498	160	5	0
543	160	3	0
561	160	3	0
586	160	4	0
615	160	3	0
629	160	4	0
650	160	3	0
653	160	3	0
655	160	3	0
664	160	3	0
707	160	5	0
716	160	2	0
737	160	4	0
749	160	3	0
804	160	4	0
823	160	4	0
833	160	5	0
835	160	3	0
851	160	5	0
868	160	4	0
886	160	1	0
889	160	4	0
896	160	3	0
916	160	3	0
933	160	3	0
1	162	4	0
5	162	1	0
7	162	5	0
10	162	4	0
18	162	4	0
23	162	3	0
38	162	5	0
60	162	4	0
62	162	4	0
64	162	3	0
85	162	2	0
90	162	5	0
106	162	5	0
109	162	2	0
151	162	5	0
152	162	5	0
161	162	2	0
174	162	5	0
188	162	4	0
189	162	3	0
194	162	3	0
222	162	2	0
224	162	4	0
230	162	4	0
234	162	3	0
239	162	5	0
243	162	4	0
244	162	4	0
254	162	3	0
263	162	5	0
269	162	3	0
275	162	3	0
280	162	3	0
290	162	3	0
293	162	3	0
295	162	4	0
301	162	3	0
308	162	4	0
313	162	3	0
316	162	3	0
318	162	5	0
328	162	4	0
354	162	3	0
373	162	3	0
374	162	2	0
378	162	4	0
398	162	5	0
401	162	5	0
407	162	4	0
409	162	4	0
417	162	3	0
429	162	4	0
435	162	1	0
437	162	4	0
450	162	5	0
452	162	3	0
454	162	3	0
457	162	5	0
488	162	3	0
495	162	3	0
504	162	4	0
535	162	3	0
538	162	3	0
551	162	5	0
561	162	3	0
568	162	2	0
573	162	4	0
588	162	5	0
593	162	5	0
608	162	3	0
610	162	5	0
622	162	3	0
627	162	3	0
629	162	5	0
639	162	3	0
643	162	3	0
650	162	3	0
655	162	3	0
659	162	3	0
664	162	4	0
666	162	4	0
693	162	3	0
707	162	5	0
711	162	5	0
716	162	4	0
719	162	4	0
721	162	2	0
734	162	3	0
747	162	5	0
749	162	3	0
760	162	3	0
763	162	4	0
788	162	3	0
798	162	3	0
804	162	2	0
805	162	2	0
806	162	3	0
835	162	5	0
843	162	2	0
848	162	2	0
850	162	3	0
868	162	3	0
890	162	4	0
892	162	4	0
932	162	4	0
934	162	3	0
1	163	4	0
5	163	5	0
7	163	4	0
13	163	3	0
22	163	1	0
44	163	4	0
60	163	4	0
85	163	3	0
87	163	4	0
98	163	3	0
102	163	2	0
125	163	5	0
148	163	4	0
151	163	4	0
158	163	4	0
210	163	3	0
234	163	3	0
254	163	2	0
263	163	5	0
268	163	2	0
269	163	2	0
279	163	5	0
293	163	4	0
301	163	3	0
305	163	3	0
307	163	3	0
308	163	4	0
313	163	2	0
315	163	3	0
334	163	4	0
339	163	4	0
343	163	5	0
347	163	4	0
363	163	3	0
373	163	4	0
379	163	4	0
380	163	2	0
395	163	5	0
398	163	3	0
406	163	3	0
407	163	3	0
417	163	4	0
429	163	4	0
435	163	3	0
450	163	4	0
452	163	4	0
481	163	4	0
495	163	5	0
497	163	2	0
504	163	4	0
508	163	3	0
521	163	3	0
523	163	5	0
530	163	3	0
536	163	5	0
539	163	4	0
543	163	4	0
559	163	4	0
561	163	3	0
566	163	5	0
593	163	4	0
601	163	4	0
608	163	1	0
623	163	3	0
643	163	4	0
650	163	3	0
653	163	4	0
660	163	2	0
666	163	3	0
682	163	3	0
690	163	3	0
694	163	4	0
707	163	2	0
716	163	4	0
727	163	4	0
747	163	4	0
758	163	5	0
767	163	4	0
798	163	3	0
804	163	3	0
815	163	4	0
833	163	3	0
836	163	5	0
840	163	4	0
848	163	5	0
864	163	4	0
890	163	3	0
911	163	4	0
916	163	3	0
932	163	4	0
933	163	2	0
934	163	4	0
1	198	5	0
7	198	3	0
10	198	3	0
13	198	3	0
18	198	3	0
44	198	4	0
58	198	3	0
59	198	5	0
72	198	5	0
90	198	5	0
92	198	5	0
95	198	5	0
96	198	5	0
125	198	3	0
144	198	4	0
151	198	4	0
177	198	4	0
189	198	4	0
194	198	3	0
195	198	3	0
198	198	4	0
201	198	4	0
222	198	4	0
234	198	3	0
235	198	3	0
239	198	5	0
246	198	4	0
248	198	5	0
249	198	5	0
253	198	5	0
257	198	3	0
267	198	5	0
268	198	4	0
269	198	4	0
271	198	4	0
276	198	5	0
279	198	3	0
285	198	5	0
286	198	4	0
293	198	4	0
296	198	5	0
297	198	3	0
299	198	4	0
303	198	4	0
305	198	4	0
308	198	3	0
311	198	3	0
321	198	4	0
327	198	4	0
328	198	3	0
329	198	4	0
331	198	4	0
339	198	5	0
343	198	4	0
344	198	5	0
376	198	5	0
385	198	3	0
387	198	4	0
401	198	4	0
405	198	2	0
406	198	2	0
417	198	4	0
425	198	4	0
440	198	4	0
449	198	4	0
465	198	2	0
474	198	3	0
479	198	5	0
481	198	4	0
488	198	4	0
499	198	5	0
506	198	2	0
512	198	5	0
524	198	4	0
535	198	4	0
537	198	2	0
543	198	4	0
551	198	5	0
557	198	5	0
561	198	3	0
567	198	5	0
583	198	4	0
585	198	5	0
592	198	5	0
601	198	4	0
606	198	4	0
622	198	4	0
625	198	4	0
639	198	2	0
641	198	5	0
645	198	3	0
650	198	4	0
653	198	4	0
655	198	4	0
658	198	5	0
686	198	5	0
698	198	2	0
710	198	4	0
727	198	4	0
734	198	1	0
757	198	4	0
763	198	5	0
766	198	4	0
773	198	4	0
786	198	5	0
796	198	4	0
804	198	5	0
823	198	4	0
828	198	4	0
829	198	4	0
833	198	4	0
840	198	3	0
846	198	5	0
847	198	4	0
855	198	4	0
862	198	5	0
867	198	5	0
868	198	5	0
870	198	4	0
883	198	5	0
884	198	5	0
894	198	4	0
896	198	4	0
903	198	4	0
907	198	5	0
916	198	4	0
932	198	4	0
1	201	3	0
7	201	2	0
9	201	5	0
13	201	1	0
19	201	3	0
21	201	5	0
22	201	4	0
28	201	3	0
44	201	2	0
56	201	4	0
59	201	4	0
77	201	4	0
87	201	2	0
92	201	3	0
94	201	4	0
99	201	3	0
102	201	2	0
118	201	5	0
125	201	3	0
160	201	5	0
180	201	2	0
198	201	3	0
201	201	4	0
216	201	3	0
246	201	5	0
264	201	5	0
268	201	3	0
272	201	3	0
276	201	5	0
279	201	5	0
287	201	5	0
297	201	4	0
301	201	4	0
303	201	5	0
305	201	3	0
308	201	5	0
327	201	5	0
363	201	2	0
366	201	5	0
367	201	5	0
368	201	5	0
372	201	2	0
385	201	4	0
387	201	5	0
405	201	1	0
407	201	4	0
409	201	1	0
417	201	4	0
422	201	4	0
425	201	3	0
429	201	3	0
435	201	4	0
447	201	2	0
452	201	1	0
476	201	4	0
479	201	4	0
493	201	5	0
495	201	2	0
527	201	3	0
537	201	3	0
560	201	3	0
561	201	3	0
592	201	5	0
601	201	5	0
604	201	3	0
606	201	4	0
617	201	1	0
632	201	4	0
640	201	4	0
658	201	3	0
660	201	3	0
671	201	3	0
682	201	4	0
727	201	4	0
761	201	2	0
774	201	2	0
795	201	4	0
802	201	4	0
814	201	2	0
833	201	4	0
862	201	3	0
864	201	5	0
868	201	2	0
880	201	4	0
886	201	3	0
896	201	3	0
897	201	5	0
919	201	4	0
943	201	5	0
1	206	4	0
70	206	3	0
73	206	3	0
94	206	4	0
130	206	3	0
201	206	2	0
234	206	4	0
267	206	5	0
268	206	3	0
276	206	5	0
293	206	4	0
312	206	5	0
363	206	2	0
373	206	4	0
387	206	4	0
393	206	3	0
405	206	1	0
406	206	1	0
409	206	4	0
412	206	2	0
417	206	2	0
435	206	5	0
447	206	4	0
487	206	4	0
496	206	4	0
521	206	5	0
537	206	1	0
542	206	2	0
561	206	3	0
588	206	4	0
606	206	4	0
622	206	1	0
650	206	4	0
666	206	4	0
699	206	3	0
715	206	4	0
727	206	3	0
738	206	3	0
757	206	4	0
804	206	3	0
807	206	2	0
822	206	3	0
823	206	4	0
833	206	4	0
838	206	4	0
843	206	3	0
868	206	5	0
887	206	5	0
896	206	3	0
916	206	3	0
1	223	5	0
6	223	4	0
7	223	5	0
10	223	5	0
13	223	5	0
18	223	5	0
24	223	5	0
28	223	5	0
58	223	5	0
76	223	2	0
90	223	4	0
92	223	5	0
94	223	5	0
106	223	4	0
109	223	4	0
118	223	5	0
128	223	5	0
136	223	4	0
144	223	4	0
151	223	5	0
165	223	4	0
177	223	4	0
178	223	4	0
184	223	4	0
185	223	4	0
194	223	4	0
201	223	4	0
207	223	3	0
214	223	3	0
219	223	5	0
222	223	4	0
224	223	3	0
230	223	5	0
233	223	4	0
234	223	3	0
236	223	5	0
243	223	4	0
246	223	5	0
249	223	4	0
250	223	4	0
262	223	3	0
268	223	3	0
276	223	5	0
288	223	3	0
291	223	5	0
292	223	5	0
293	223	4	0
297	223	5	0
303	223	4	0
305	223	4	0
308	223	4	0
312	223	5	0
315	223	5	0
316	223	4	0
323	223	4	0
328	223	4	0
331	223	4	0
334	223	5	0
342	223	4	0
343	223	5	0
345	223	5	0
347	223	4	0
360	223	5	0
363	223	5	0
374	223	5	0
376	223	4	0
378	223	4	0
383	223	3	0
387	223	5	0
393	223	4	0
397	223	4	0
399	223	3	0
407	223	4	0
409	223	4	0
416	223	5	0
417	223	5	0
419	223	4	0
429	223	4	0
447	223	5	0
450	223	3	0
452	223	5	0
453	223	4	0
455	223	4	0
457	223	5	0
488	223	4	0
500	223	4	0
503	223	5	0
504	223	5	0
508	223	4	0
535	223	5	0
538	223	4	0
551	223	4	0
554	223	3	0
561	223	4	0
567	223	4	0
592	223	5	0
593	223	5	0
605	223	5	0
629	223	5	0
643	223	4	0
650	223	3	0
653	223	3	0
654	223	4	0
655	223	3	0
664	223	4	0
666	223	3	0
667	223	5	0
675	223	1	0
679	223	5	0
682	223	1	0
690	223	4	0
710	223	4	0
719	223	5	0
747	223	5	0
749	223	4	0
758	223	5	0
764	223	3	0
777	223	4	0
781	223	4	0
788	223	4	0
800	223	5	0
805	223	5	0
833	223	4	0
838	223	3	0
851	223	4	0
854	223	4	0
864	223	5	0
870	223	4	0
889	223	4	0
894	223	4	0
896	223	4	0
903	223	5	0
908	223	4	0
916	223	4	0
919	223	4	0
934	223	5	0
1	246	5	0
6	246	3	0
26	246	4	0
27	246	4	0
32	246	4	0
50	246	3	0
58	246	5	0
63	246	3	0
69	246	5	0
73	246	3	0
77	246	5	0
79	246	5	0
85	246	4	0
89	246	5	0
92	246	4	0
94	246	4	0
99	246	3	0
104	246	3	0
113	246	5	0
116	246	5	0
130	246	4	0
139	246	4	0
145	246	4	0
150	246	5	0
174	246	5	0
176	246	5	0
178	246	4	0
189	246	4	0
193	246	3	0
212	246	5	0
214	246	2	0
221	246	5	0
222	246	4	0
232	246	4	0
243	246	4	0
244	246	5	0
268	246	5	0
269	246	5	0
276	246	4	0
287	246	4	0
291	246	5	0
294	246	4	0
296	246	4	0
303	246	5	0
305	246	3	0
314	246	5	0
323	246	4	0
327	246	4	0
334	246	4	0
342	246	4	0
344	246	4	0
345	246	4	0
347	246	4	0
354	246	4	0
359	246	3	0
367	246	4	0
376	246	3	0
387	246	3	0
392	246	5	0
399	246	3	0
416	246	4	0
417	246	4	0
432	246	4	0
433	246	4	0
435	246	5	0
439	246	4	0
445	246	1	0
453	246	5	0
463	246	4	0
467	246	5	0
468	246	5	0
470	246	2	0
473	246	5	0
486	246	3	0
490	246	2	0
496	246	4	0
500	246	5	0
503	246	5	0
521	246	4	0
542	246	3	0
557	246	5	0
560	246	5	0
567	246	4	0
578	246	2	0
582	246	4	0
592	246	5	0
595	246	4	0
620	246	4	0
624	246	4	0
635	246	5	0
637	246	2	0
643	246	5	0
654	246	1	0
655	246	3	0
662	246	5	0
669	246	4	0
682	246	5	0
697	246	5	0
699	246	4	0
717	246	5	0
727	246	4	0
730	246	4	0
736	246	4	0
762	246	1	0
770	246	5	0
778	246	2	0
782	246	3	0
790	246	4	0
819	246	4	0
828	246	2	0
834	246	4	0
854	246	3	0
870	246	3	0
880	246	5	0
889	246	4	0
893	246	3	0
894	246	4	0
902	246	1	0
912	246	2	0
916	246	5	0
917	246	4	0
919	246	3	0
928	246	5	0
936	246	4	0
1	248	4	0
6	248	3	0
15	248	1	0
26	248	3	0
32	248	4	0
43	248	4	0
57	248	5	0
58	248	4	0
66	248	4	0
71	248	3	0
83	248	3	0
92	248	4	0
94	248	4	0
102	248	3	0
104	248	2	0
109	248	2	0
116	248	3	0
130	248	3	0
131	248	3	0
141	248	3	0
144	248	4	0
160	248	5	0
164	248	4	0
174	248	5	0
178	248	4	0
189	248	4	0
198	248	3	0
203	248	5	0
207	248	3	0
214	248	4	0
222	248	4	0
223	248	1	0
249	248	5	0
250	248	2	0
251	248	4	0
268	248	3	0
271	248	4	0
276	248	4	0
279	248	4	0
286	248	5	0
287	248	5	0
292	248	4	0
293	248	3	0
294	248	5	0
296	248	5	0
297	248	3	0
299	248	5	0
303	248	2	0
308	248	4	0
318	248	3	0
320	248	5	0
323	248	3	0
324	248	5	0
329	248	3	0
334	248	4	0
339	248	4	0
342	248	3	0
344	248	4	0
345	248	5	0
354	248	4	0
360	248	4	0
363	248	5	0
374	248	1	0
378	248	3	0
387	248	4	0
392	248	4	0
393	248	4	0
401	248	3	0
407	248	4	0
416	248	5	0
417	248	4	0
422	248	3	0
429	248	5	0
430	248	3	0
432	248	4	0
437	248	2	0
445	248	1	0
447	248	5	0
449	248	4	0
453	248	4	0
454	248	3	0
457	248	4	0
460	248	4	0
463	248	3	0
464	248	5	0
467	248	3	0
468	248	4	0
470	248	3	0
474	248	4	0
479	248	4	0
484	248	4	0
486	248	4	0
487	248	1	0
497	248	4	0
501	248	4	0
503	248	4	0
504	248	4	0
506	248	2	0
521	248	3	0
525	248	4	0
526	248	4	0
532	248	4	0
548	248	4	0
552	248	4	0
555	248	4	0
567	248	4	0
569	248	4	0
576	248	4	0
590	248	4	0
592	248	4	0
606	248	5	0
622	248	4	0
624	248	4	0
625	248	4	0
634	248	4	0
653	248	3	0
654	248	2	0
655	248	2	0
665	248	4	0
666	248	3	0
669	248	4	0
680	248	4	0
682	248	3	0
683	248	4	0
684	248	3	0
707	248	4	0
711	248	5	0
715	248	4	0
716	248	4	0
726	248	2	0
727	248	5	0
730	248	3	0
733	248	3	0
736	248	4	0
751	248	5	0
757	248	4	0
758	248	4	0
765	248	2	0
768	248	3	0
782	248	4	0
789	248	3	0
790	248	4	0
793	248	4	0
794	248	4	0
796	248	3	0
805	248	4	0
819	248	5	0
825	248	4	0
851	248	4	0
870	248	4	0
880	248	4	0
889	248	4	0
894	248	4	0
896	248	4	0
903	248	2	0
907	248	5	0
917	248	4	0
923	248	4	0
936	248	4	0
938	248	1	0
2	287	3	0
13	287	1	0
18	287	4	0
49	287	4	0
52	287	5	0
59	287	5	0
63	287	3	0
90	287	4	0
104	287	2	0
119	287	4	0
131	287	4	0
151	287	4	0
181	287	2	0
184	287	4	0
185	287	5	0
192	287	4	0
196	287	3	0
224	287	3	0
227	287	4	0
234	287	3	0
244	287	3	0
296	287	4	0
303	287	4	0
305	287	3	0
306	287	4	0
321	287	3	0
334	287	3	0
342	287	3	0
345	287	4	0
354	287	3	0
357	287	4	0
365	287	4	0
378	287	2	0
416	287	4	0
422	287	3	0
434	287	5	0
436	287	4	0
437	287	2	0
450	287	4	0
457	287	4	0
458	287	4	0
486	287	4	0
500	287	3	0
569	287	4	0
590	287	4	0
592	287	3	0
601	287	1	0
606	287	4	0
608	287	3	0
609	287	5	0
614	287	3	0
634	287	3	0
655	287	3	0
663	287	5	0
665	287	4	0
678	287	3	0
692	287	3	0
697	287	4	0
707	287	4	0
717	287	5	0
728	287	4	0
733	287	3	0
747	287	4	0
758	287	5	0
834	287	2	0
835	287	4	0
854	287	3	0
859	287	5	0
860	287	3	0
869	287	2	0
880	287	4	0
894	287	4	0
901	287	3	0
906	287	5	0
907	287	4	0
917	287	4	0
919	287	4	0
936	287	4	0
2	293	4	0
6	293	3	0
26	293	3	0
76	293	4	0
94	293	4	0
104	293	3	0
130	293	5	0
131	293	3	0
141	293	2	0
144	293	4	0
145	293	4	0
150	293	4	0
157	293	5	0
158	293	4	0
159	293	4	0
160	293	5	0
164	293	4	0
174	293	5	0
176	293	5	0
178	293	4	0
182	293	3	0
207	293	2	0
209	293	4	0
222	293	3	0
227	293	5	0
233	293	4	0
250	293	4	0
259	293	4	0
262	293	2	0
265	293	4	0
267	293	4	0
269	293	3	0
276	293	4	0
277	293	4	0
291	293	5	0
293	293	4	0
294	293	4	0
296	293	5	0
297	293	3	0
303	293	4	0
308	293	4	0
323	293	4	0
324	293	4	0
327	293	3	0
330	293	3	0
332	293	4	0
334	293	3	0
339	293	5	0
342	293	4	0
345	293	4	0
346	293	3	0
347	293	5	0
363	293	4	0
385	293	3	0
387	293	4	0
392	293	4	0
416	293	5	0
417	293	4	0
422	293	3	0
423	293	4	0
425	293	4	0
429	293	4	0
430	293	3	0
432	293	5	0
433	293	3	0
439	293	3	0
445	293	3	0
447	293	4	0
449	293	4	0
454	293	4	0
455	293	4	0
458	293	5	0
460	293	4	0
464	293	5	0
467	293	4	0
468	293	5	0
470	293	4	0
473	293	4	0
474	293	4	0
484	293	5	0
486	293	3	0
487	293	5	0
490	293	2	0
498	293	4	0
501	293	4	0
503	293	4	0
514	293	3	0
525	293	3	0
526	293	5	0
533	293	3	0
540	293	4	0
542	293	3	0
548	293	4	0
567	293	5	0
582	293	5	0
590	293	3	0
592	293	5	0
593	293	1	0
595	293	4	0
597	293	5	0
605	293	3	0
606	293	5	0
614	293	3	0
619	293	3	0
621	293	3	0
624	293	4	0
634	293	3	0
637	293	3	0
644	293	4	0
653	293	3	0
655	293	4	0
665	293	4	0
666	293	3	0
682	293	4	0
703	293	4	0
707	293	4	0
709	293	4	0
716	293	4	0
717	293	5	0
719	293	3	0
733	293	4	0
735	293	3	0
736	293	4	0
749	293	4	0
754	293	4	0
758	293	3	0
761	293	4	0
774	293	1	0
782	293	2	0
789	293	4	0
793	293	4	0
796	293	5	0
825	293	3	0
833	293	4	0
834	293	3	0
854	293	5	0
858	293	3	0
859	293	4	0
880	293	4	0
894	293	4	0
903	293	4	0
910	293	4	0
919	293	4	0
923	293	4	0
931	293	4	0
937	293	4	0
938	293	3	0
3	317	2	0
6	317	3	0
7	317	4	0
11	317	4	0
13	317	5	0
18	317	5	0
43	317	2	0
44	317	4	0
84	317	3	0
85	317	3	0
90	317	4	0
94	317	5	0
109	317	2	0
115	317	5	0
118	317	5	0
128	317	4	0
151	317	5	0
156	317	4	0
178	317	4	0
184	317	3	0
189	317	4	0
194	317	4	0
201	317	3	0
207	317	4	0
212	317	5	0
234	317	2	0
239	317	5	0
243	317	5	0
244	317	5	0
249	317	5	0
259	317	5	0
271	317	3	0
272	317	4	0
276	317	4	0
288	317	4	0
293	317	4	0
298	317	4	0
305	317	4	0
326	317	3	0
328	317	4	0
334	317	3	0
339	317	4	0
343	317	5	0
345	317	4	0
347	317	1	0
363	317	5	0
373	317	4	0
378	317	5	0
379	317	5	0
387	317	4	0
393	317	4	0
405	317	4	0
406	317	4	0
416	317	5	0
435	317	2	0
454	317	4	0
455	317	3	0
458	317	5	0
474	317	4	0
493	317	3	0
498	317	3	0
508	317	4	0
527	317	4	0
537	317	3	0
538	317	4	0
551	317	5	0
561	317	3	0
577	317	5	0
608	317	5	0
610	317	3	0
627	317	5	0
629	317	4	0
633	317	3	0
654	317	4	0
655	317	3	0
659	317	4	0
664	317	3	0
682	317	4	0
683	317	4	0
686	317	5	0
707	317	3	0
711	317	4	0
721	317	4	0
763	317	3	0
788	317	4	0
790	317	4	0
805	317	4	0
831	317	4	0
846	317	3	0
847	317	3	0
864	317	4	0
868	317	5	0
870	317	4	0
878	317	4	0
889	317	4	0
896	317	4	0
903	317	4	0
907	317	5	0
913	317	4	0
916	317	4	0
933	317	4	0
940	317	4	0
5	387	3	0
7	387	3	0
13	387	3	0
18	387	4	0
23	387	3	0
42	387	3	0
59	387	3	0
62	387	2	0
89	387	5	0
90	387	5	0
122	387	5	0
128	387	2	0
151	387	5	0
184	387	4	0
194	387	2	0
195	387	4	0
201	387	2	0
224	387	4	0
243	387	4	0
256	387	4	0
269	387	3	0
270	387	5	0
276	387	3	0
280	387	4	0
299	387	2	0
301	387	3	0
303	387	5	0
311	387	4	0
334	387	4	0
343	387	4	0
345	387	4	0
354	387	4	0
361	387	3	0
363	387	1	0
378	387	4	0
405	387	1	0
416	387	3	0
429	387	4	0
437	387	2	0
450	387	5	0
454	387	2	0
458	387	4	0
500	387	2	0
503	387	4	0
536	387	3	0
537	387	4	0
566	387	4	0
567	387	4	0
601	387	3	0
615	387	3	0
627	387	2	0
639	387	3	0
655	387	3	0
659	387	4	0
707	387	4	0
711	387	4	0
716	387	4	0
758	387	2	0
796	387	3	0
805	387	3	0
846	387	3	0
883	387	5	0
896	387	2	0
914	387	3	0
916	387	4	0
5	392	2	0
12	392	4	0
18	392	3	0
38	392	5	0
56	392	4	0
59	392	2	0
64	392	3	0
65	392	5	0
94	392	3	0
95	392	3	0
109	392	3	0
119	392	4	0
128	392	3	0
130	392	4	0
167	392	1	0
188	392	5	0
200	392	5	0
210	392	3	0
222	392	4	0
224	392	4	0
271	392	3	0
276	392	3	0
280	392	5	0
308	392	4	0
311	392	5	0
337	392	5	0
346	392	3	0
347	392	2	0
373	392	4	0
378	392	3	0
393	392	4	0
405	392	5	0
416	392	5	0
417	392	3	0
429	392	3	0
435	392	3	0
436	392	4	0
450	392	4	0
454	392	2	0
472	392	4	0
478	392	2	0
484	392	4	0
487	392	4	0
495	392	5	0
504	392	5	0
514	392	4	0
521	392	3	0
537	392	2	0
566	392	4	0
593	392	3	0
618	392	3	0
629	392	4	0
642	392	4	0
660	392	2	0
712	392	5	0
716	392	2	0
719	392	4	0
727	392	4	0
747	392	3	0
763	392	4	0
815	392	4	0
843	392	2	0
846	392	2	0
880	392	3	0
881	392	5	0
896	392	3	0
921	392	4	0
933	392	3	0
5	416	1	0
7	416	5	0
12	416	3	0
13	416	3	0
18	416	5	0
59	416	3	0
60	416	4	0
85	416	3	0
95	416	4	0
128	416	3	0
216	416	3	0
234	416	4	0
246	416	3	0
254	416	4	0
263	416	5	0
275	416	3	0
280	416	5	0
291	416	4	0
293	416	4	0
295	416	4	0
303	416	3	0
311	416	4	0
345	416	4	0
347	416	3	0
380	416	2	0
389	416	4	0
394	416	5	0
405	416	2	0
407	416	3	0
416	416	4	0
450	416	5	0
453	416	2	0
472	416	3	0
474	416	4	0
495	416	5	0
496	416	1	0
497	416	2	0
503	416	2	0
504	416	4	0
524	416	4	0
536	416	4	0
562	416	5	0
601	416	3	0
618	416	4	0
620	416	4	0
629	416	4	0
642	416	5	0
650	416	3	0
653	416	1	0
679	416	3	0
705	416	3	0
711	416	3	0
712	416	3	0
716	416	3	0
747	416	5	0
786	416	4	0
807	416	3	0
843	416	2	0
862	416	3	0
878	416	5	0
882	416	4	0
887	416	2	0
897	416	5	0
932	416	3	0
5	420	3	0
7	420	5	0
10	420	4	0
13	420	4	0
38	420	5	0
49	420	4	0
60	420	4	0
64	420	3	0
85	420	4	0
94	420	4	0
95	420	4	0
130	420	5	0
151	420	5	0
200	420	5	0
210	420	4	0
230	420	5	0
236	420	4	0
246	420	3	0
262	420	3	0
275	420	2	0
276	420	4	0
280	420	3	0
291	420	4	0
293	420	4	0
295	420	4	0
301	420	3	0
303	420	4	0
308	420	4	0
311	420	1	0
313	420	5	0
373	420	4	0
378	420	4	0
389	420	3	0
393	420	3	0
399	420	3	0
405	420	5	0
406	420	4	0
416	420	3	0
417	420	4	0
435	420	4	0
437	420	3	0
452	420	3	0
471	420	1	0
472	420	3	0
496	420	3	0
497	420	3	0
504	420	3	0
532	420	4	0
541	420	4	0
542	420	3	0
618	420	3	0
620	420	3	0
621	420	4	0
642	420	4	0
643	420	4	0
650	420	3	0
682	420	3	0
707	420	3	0
710	420	4	0
711	420	5	0
712	420	3	0
716	420	4	0
749	420	4	0
756	420	4	0
758	420	3	0
794	420	4	0
798	420	3	0
805	420	4	0
807	420	3	0
826	420	3	0
843	420	3	0
881	420	3	0
882	420	5	0
885	420	4	0
887	420	5	0
892	420	2	0
896	420	4	0
911	420	4	0
927	420	5	0
934	420	4	0
940	420	4	0
5	421	1	0
7	421	3	0
13	421	2	0
23	421	5	0
24	421	5	0
43	421	3	0
56	421	4	0
59	421	5	0
62	421	5	0
76	421	3	0
90	421	4	0
92	421	4	0
94	421	4	0
99	421	3	0
110	421	4	0
116	421	3	0
117	421	5	0
118	421	4	0
177	421	3	0
180	421	5	0
195	421	4	0
201	421	2	0
215	421	4	0
216	421	5	0
234	421	1	0
239	421	5	0
249	421	5	0
262	421	4	0
268	421	3	0
270	421	5	0
276	421	4	0
279	421	3	0
286	421	1	0
291	421	4	0
293	421	3	0
295	421	4	0
303	421	4	0
320	421	4	0
327	421	2	0
334	421	4	0
342	421	3	0
344	421	2	0
347	421	2	0
354	421	2	0
361	421	3	0
373	421	4	0
385	421	2	0
391	421	2	0
393	421	2	0
405	421	1	0
406	421	4	0
416	421	5	0
417	421	4	0
437	421	4	0
450	421	4	0
453	421	4	0
456	421	3	0
472	421	5	0
474	421	3	0
479	421	4	0
495	421	1	0
496	421	3	0
500	421	4	0
514	421	4	0
521	421	4	0
532	421	5	0
535	421	4	0
537	421	2	0
551	421	4	0
588	421	5	0
592	421	5	0
601	421	1	0
606	421	4	0
608	421	5	0
618	421	3	0
665	421	4	0
698	421	2	0
711	421	4	0
712	421	4	0
727	421	5	0
748	421	4	0
756	421	4	0
758	421	4	0
762	421	4	0
774	421	1	0
806	421	4	0
807	421	3	0
835	421	4	0
844	421	4	0
846	421	4	0
848	421	5	0
849	421	5	0
854	421	3	0
859	421	5	0
870	421	2	0
875	421	4	0
880	421	2	0
883	421	5	0
887	421	5	0
903	421	3	0
904	421	5	0
916	421	5	0
922	421	4	0
924	421	4	0
927	421	4	0
943	421	2	0
5	425	2	0
6	425	3	0
11	425	4	0
18	425	3	0
48	425	3	0
58	425	5	0
59	425	4	0
64	425	4	0
85	425	4	0
90	425	4	0
92	425	4	0
94	425	5	0
109	425	2	0
128	425	5	0
142	425	4	0
151	425	4	0
172	425	1	0
194	425	2	0
201	425	3	0
232	425	4	0
246	425	5	0
268	425	4	0
269	425	5	0
271	425	2	0
276	425	4	0
279	425	4	0
286	425	2	0
293	425	4	0
301	425	4	0
303	425	4	0
305	425	4	0
308	425	4	0
311	425	2	0
327	425	3	0
334	425	4	0
343	425	5	0
370	425	3	0
380	425	4	0
383	425	4	0
385	425	3	0
405	425	2	0
406	425	3	0
416	425	4	0
417	425	4	0
429	425	3	0
436	425	4	0
437	425	4	0
457	425	4	0
458	425	3	0
498	425	2	0
499	425	3	0
500	425	4	0
506	425	4	0
514	425	5	0
527	425	4	0
532	425	4	0
535	425	5	0
537	425	3	0
561	425	4	0
577	425	2	0
583	425	5	0
592	425	5	0
629	425	3	0
653	425	2	0
655	425	3	0
661	425	4	0
664	425	3	0
686	425	5	0
707	425	5	0
711	425	4	0
715	425	4	0
716	425	5	0
745	425	4	0
748	425	4	0
758	425	5	0
795	425	3	0
804	425	4	0
805	425	5	0
823	425	5	0
846	425	5	0
870	425	4	0
886	425	4	0
892	425	5	0
896	425	2	0
916	425	5	0
5	428	5	0
7	428	5	0
11	428	4	0
13	428	5	0
14	428	4	0
18	428	3	0
42	428	3	0
48	428	4	0
49	428	5	0
59	428	5	0
85	428	5	0
92	428	4	0
94	428	5	0
97	428	4	0
98	428	5	0
121	428	5	0
151	428	5	0
161	428	3	0
172	428	4	0
184	428	4	0
187	428	4	0
196	428	4	0
198	428	4	0
207	428	4	0
208	428	4	0
234	428	4	0
239	428	5	0
244	428	4	0
269	428	5	0
271	428	4	0
276	428	4	0
279	428	1	0
286	428	5	0
291	428	5	0
305	428	3	0
307	428	4	0
308	428	5	0
311	428	4	0
312	428	3	0
313	428	3	0
315	428	4	0
321	428	4	0
326	428	5	0
327	428	4	0
334	428	4	0
339	428	5	0
340	428	1	0
342	428	5	0
354	428	4	0
363	428	5	0
378	428	3	0
379	428	4	0
380	428	3	0
385	428	3	0
387	428	4	0
389	428	3	0
401	428	4	0
405	428	1	0
406	428	5	0
407	428	3	0
409	428	4	0
417	428	3	0
426	428	2	0
429	428	4	0
437	428	5	0
450	428	4	0
455	428	4	0
457	428	5	0
465	428	3	0
468	428	4	0
504	428	3	0
537	428	4	0
561	428	4	0
579	428	4	0
588	428	4	0
591	428	4	0
606	428	3	0
615	428	5	0
625	428	5	0
640	428	5	0
643	428	4	0
645	428	4	0
648	428	2	0
653	428	1	0
655	428	3	0
660	428	4	0
661	428	4	0
666	428	3	0
690	428	1	0
693	428	3	0
698	428	1	0
716	428	3	0
737	428	4	0
744	428	4	0
747	428	3	0
749	428	3	0
751	428	4	0
758	428	4	0
766	428	5	0
773	428	4	0
774	428	1	0
804	428	3	0
805	428	5	0
807	428	4	0
823	428	5	0
833	428	2	0
840	428	4	0
846	428	3	0
847	428	3	0
848	428	5	0
870	428	4	0
875	428	4	0
885	428	4	0
889	428	4	0
899	428	4	0
911	428	4	0
913	428	3	0
916	428	4	0
918	428	5	0
932	428	4	0
934	428	4	0
5	436	5	0
7	436	5	0
13	436	2	0
21	436	4	0
28	436	5	0
59	436	5	0
62	436	3	0
64	436	5	0
92	436	4	0
94	436	5	0
95	436	5	0
102	436	2	0
118	436	5	0
130	436	3	0
145	436	5	0
151	436	3	0
201	436	3	0
222	436	4	0
234	436	3	0
254	436	2	0
255	436	4	0
264	436	3	0
268	436	3	0
269	436	3	0
276	436	4	0
279	436	4	0
290	436	2	0
293	436	3	0
303	436	4	0
308	436	4	0
311	436	3	0
313	436	4	0
326	436	3	0
334	436	3	0
339	436	4	0
366	436	5	0
367	436	4	0
368	436	3	0
372	436	5	0
378	436	4	0
379	436	3	0
387	436	4	0
399	436	2	0
405	436	1	0
406	436	4	0
407	436	3	0
412	436	4	0
417	436	3	0
422	436	3	0
429	436	4	0
430	436	4	0
435	436	4	0
437	436	4	0
442	436	3	0
457	436	4	0
474	436	3	0
479	436	4	0
508	436	4	0
524	436	4	0
536	436	3	0
546	436	5	0
561	436	4	0
577	436	4	0
586	436	2	0
601	436	4	0
617	436	3	0
643	436	4	0
648	436	5	0
653	436	1	0
661	436	4	0
666	436	3	0
751	436	4	0
758	436	3	0
766	436	4	0
774	436	2	0
776	436	4	0
788	436	3	0
790	436	4	0
795	436	3	0
802	436	4	0
804	436	5	0
805	436	3	0
814	436	3	0
815	436	3	0
833	436	2	0
843	436	2	0
846	436	4	0
862	436	4	0
868	436	3	0
889	436	3	0
890	436	3	0
892	436	3	0
896	436	3	0
897	436	4	0
901	436	4	0
913	436	3	0
932	436	3	0
934	436	3	0
940	436	4	0
5	447	3	0
7	447	5	0
10	447	4	0
13	447	2	0
16	447	5	0
21	447	5	0
28	447	3	0
38	447	5	0
44	447	4	0
56	447	4	0
59	447	5	0
64	447	4	0
85	447	3	0
90	447	5	0
94	447	4	0
95	447	2	0
102	447	4	0
145	447	5	0
160	447	4	0
184	447	3	0
185	447	4	0
198	447	4	0
200	447	4	0
201	447	5	0
210	447	5	0
213	447	4	0
230	447	1	0
234	447	3	0
246	447	3	0
255	447	3	0
262	447	3	0
264	447	5	0
269	447	3	0
270	447	4	0
276	447	4	0
293	447	4	0
297	447	4	0
301	447	4	0
308	447	4	0
326	447	4	0
327	447	4	0
328	447	2	0
330	447	4	0
339	447	4	0
366	447	5	0
368	447	1	0
372	447	5	0
378	447	4	0
379	447	4	0
385	447	3	0
387	447	4	0
398	447	2	0
405	447	4	0
406	447	4	0
407	447	3	0
416	447	4	0
417	447	3	0
422	447	4	0
425	447	3	0
435	447	3	0
436	447	1	0
437	447	4	0
442	447	3	0
447	447	3	0
455	447	4	0
456	447	3	0
478	447	4	0
495	447	4	0
498	447	3	0
504	447	4	0
506	447	4	0
524	447	5	0
532	447	4	0
535	447	5	0
537	447	3	0
545	447	3	0
546	447	3	0
551	447	5	0
561	447	3	0
577	447	3	0
588	447	3	0
604	447	4	0
617	447	4	0
642	447	4	0
643	447	4	0
645	447	3	0
648	447	5	0
650	447	3	0
653	447	2	0
655	447	4	0
659	447	3	0
682	447	2	0
709	447	2	0
711	447	4	0
715	447	3	0
727	447	3	0
758	447	4	0
766	447	3	0
774	447	1	0
779	447	4	0
788	447	3	0
796	447	3	0
802	447	2	0
804	447	3	0
805	447	4	0
814	447	3	0
833	447	5	0
843	447	2	0
847	447	3	0
868	447	2	0
870	447	4	0
881	447	4	0
890	447	3	0
892	447	3	0
901	447	3	0
908	447	3	0
919	447	4	0
922	447	1	0
925	447	4	0
932	447	3	0
933	447	2	0
5	448	2	0
7	448	3	0
13	448	1	0
16	448	5	0
21	448	4	0
28	448	4	0
44	448	2	0
59	448	4	0
62	448	2	0
94	448	5	0
95	448	3	0
102	448	3	0
145	448	5	0
151	448	2	0
201	448	3	0
213	448	4	0
222	448	3	0
234	448	3	0
253	448	2	0
254	448	3	0
255	448	3	0
264	448	2	0
269	448	2	0
275	448	3	0
276	448	4	0
280	448	3	0
291	448	5	0
297	448	3	0
308	448	3	0
311	448	5	0
313	448	3	0
326	448	3	0
328	448	3	0
363	448	5	0
366	448	5	0
367	448	4	0
368	448	3	0
372	448	4	0
379	448	4	0
385	448	3	0
387	448	3	0
405	448	4	0
407	448	4	0
416	448	3	0
421	448	3	0
422	448	4	0
425	448	2	0
429	448	3	0
435	448	3	0
450	448	4	0
456	448	3	0
457	448	4	0
474	448	5	0
495	448	5	0
498	448	4	0
500	448	3	0
504	448	5	0
532	448	4	0
537	448	3	0
551	448	4	0
604	448	5	0
608	448	5	0
617	448	3	0
643	448	3	0
648	448	3	0
653	448	4	0
655	448	4	0
659	448	4	0
694	448	3	0
749	448	2	0
758	448	4	0
766	448	3	0
774	448	2	0
788	448	2	0
796	448	4	0
802	448	3	0
804	448	3	0
814	448	3	0
833	448	3	0
843	448	4	0
846	448	5	0
847	448	4	0
868	448	2	0
890	448	2	0
932	448	2	0
6	461	4	0
7	461	4	0
10	461	3	0
18	461	4	0
72	461	3	0
144	461	4	0
151	461	4	0
160	461	5	0
201	461	4	0
207	461	3	0
214	461	4	0
221	461	4	0
232	461	5	0
243	461	3	0
271	461	5	0
276	461	4	0
279	461	3	0
286	461	2	0
287	461	5	0
293	461	2	0
295	461	5	0
299	461	3	0
303	461	4	0
308	461	4	0
313	461	3	0
315	461	4	0
327	461	3	0
334	461	3	0
339	461	5	0
342	461	3	0
343	461	2	0
345	461	3	0
363	461	3	0
379	461	4	0
385	461	4	0
387	461	5	0
405	461	3	0
406	461	3	0
409	461	3	0
417	461	3	0
452	461	4	0
456	461	4	0
458	461	4	0
468	461	4	0
474	461	5	0
506	461	2	0
524	461	3	0
535	461	3	0
537	461	3	0
543	461	3	0
551	461	3	0
561	461	3	0
566	461	4	0
592	461	4	0
608	461	4	0
627	461	3	0
640	461	4	0
655	461	2	0
667	461	4	0
704	461	3	0
747	461	5	0
763	461	4	0
806	461	4	0
854	461	3	0
870	461	4	0
875	461	4	0
880	461	4	0
883	461	5	0
889	461	3	0
896	461	3	0
903	461	3	0
913	461	4	0
916	461	4	0
934	461	4	0
6	466	4	0
59	466	4	0
62	466	3	0
72	466	4	0
80	466	5	0
84	466	4	0
92	466	4	0
97	466	3	0
115	466	5	0
144	466	2	0
151	466	5	0
194	466	4	0
201	466	4	0
216	466	4	0
218	466	4	0
234	466	4	0
268	466	3	0
270	466	5	0
271	466	4	0
291	466	5	0
293	466	3	0
308	466	5	0
315	466	1	0
327	466	3	0
343	466	4	0
361	466	4	0
374	466	5	0
405	466	1	0
406	466	4	0
407	466	3	0
409	466	4	0
421	466	4	0
429	466	2	0
437	466	2	0
524	466	4	0
527	466	2	0
535	466	3	0
537	466	4	0
543	466	4	0
548	466	5	0
591	466	3	0
592	466	5	0
655	466	3	0
663	466	3	0
664	466	4	0
747	466	3	0
763	466	4	0
854	466	3	0
864	466	4	0
870	466	4	0
886	466	1	0
913	466	3	0
6	469	5	0
16	469	3	0
42	469	4	0
94	469	4	0
122	469	5	0
130	469	5	0
151	469	1	0
177	469	4	0
178	469	3	0
180	469	5	0
195	469	3	0
201	469	4	0
221	469	3	0
224	469	1	0
246	469	3	0
249	469	4	0
250	469	4	0
269	469	4	0
272	469	5	0
276	469	4	0
279	469	4	0
291	469	5	0
293	469	4	0
296	469	5	0
305	469	2	0
308	469	5	0
311	469	5	0
325	469	4	0
327	469	4	0
339	469	5	0
345	469	5	0
358	469	4	0
363	469	2	0
378	469	5	0
405	469	1	0
406	469	4	0
416	469	4	0
429	469	4	0
436	469	3	0
447	469	4	0
450	469	4	0
457	469	4	0
458	469	4	0
468	469	4	0
474	469	4	0
478	469	3	0
496	469	3	0
500	469	4	0
524	469	4	0
535	469	3	0
537	469	3	0
543	469	4	0
561	469	4	0
567	469	4	0
592	469	4	0
608	469	3	0
645	469	5	0
655	469	3	0
659	469	4	0
664	469	3	0
763	469	4	0
805	469	4	0
846	469	2	0
854	469	5	0
870	469	4	0
889	469	4	0
913	469	3	0
6	475	5	0
10	475	4	0
13	475	3	0
14	475	3	0
17	475	4	0
24	475	4	0
26	475	3	0
27	475	2	0
32	475	5	0
49	475	4	0
50	475	5	0
52	475	4	0
54	475	5	0
57	475	2	0
58	475	5	0
62	475	4	0
63	475	4	0
64	475	5	0
66	475	2	0
68	475	5	0
69	475	3	0
71	475	5	0
73	475	4	0
75	475	5	0
81	475	5	0
82	475	1	0
89	475	5	0
90	475	3	0
92	475	5	0
94	475	5	0
99	475	5	0
104	475	4	0
109	475	1	0
115	475	5	0
117	475	5	0
118	475	5	0
119	475	4	0
125	475	1	0
130	475	3	0
135	475	4	0
136	475	4	0
139	475	5	0
144	475	1	0
150	475	5	0
154	475	4	0
157	475	3	0
160	475	5	0
176	475	5	0
177	475	4	0
181	475	2	0
198	475	4	0
199	475	5	0
201	475	4	0
203	475	3	0
207	475	2	0
213	475	4	0
214	475	5	0
216	475	5	0
221	475	4	0
222	475	4	0
227	475	4	0
228	475	3	0
232	475	5	0
239	475	5	0
242	475	3	0
244	475	4	0
246	475	4	0
248	475	5	0
250	475	4	0
252	475	5	0
257	475	5	0
259	475	5	0
264	475	5	0
267	475	5	0
268	475	4	0
269	475	5	0
270	475	5	0
276	475	5	0
286	475	4	0
291	475	5	0
292	475	5	0
294	475	5	0
296	475	4	0
297	475	5	0
299	475	4	0
303	475	4	0
305	475	4	0
308	475	4	0
315	475	4	0
323	475	3	0
324	475	5	0
325	475	4	0
327	475	4	0
331	475	3	0
334	475	4	0
336	475	4	0
339	475	5	0
342	475	5	0
343	475	5	0
347	475	4	0
349	475	4	0
361	475	4	0
374	475	1	0
382	475	3	0
383	475	2	0
387	475	3	0
389	475	5	0
390	475	1	0
397	475	4	0
399	475	5	0
402	475	3	0
409	475	4	0
416	475	2	0
417	475	4	0
420	475	4	0
422	475	4	0
425	475	5	0
429	475	4	0
432	475	4	0
437	475	3	0
439	475	3	0
445	475	5	0
449	475	5	0
452	475	2	0
453	475	5	0
455	475	4	0
456	475	5	0
458	475	4	0
463	475	3	0
465	475	3	0
467	475	4	0
468	475	4	0
470	475	4	0
472	475	5	0
473	475	5	0
474	475	4	0
479	475	1	0
486	475	4	0
490	475	4	0
491	475	4	0
493	475	3	0
497	475	4	0
498	475	3	0
500	475	5	0
501	475	5	0
503	475	2	0
506	475	1	0
518	475	4	0
521	475	3	0
525	475	3	0
526	475	5	0
527	475	3	0
533	475	1	0
534	475	4	0
537	475	4	0
540	475	4	0
542	475	3	0
548	475	4	0
551	475	5	0
561	475	3	0
567	475	4	0
568	475	4	0
569	475	3	0
576	475	1	0
581	475	4	0
582	475	5	0
588	475	2	0
590	475	4	0
592	475	5	0
595	475	5	0
601	475	4	0
605	475	3	0
606	475	4	0
607	475	4	0
608	475	3	0
609	475	2	0
615	475	4	0
617	475	1	0
624	475	4	0
629	475	4	0
632	475	3	0
634	475	5	0
637	475	1	0
648	475	1	0
655	475	3	0
657	475	4	0
658	475	4	0
663	475	4	0
665	475	3	0
667	475	5	0
668	475	4	0
669	475	3	0
677	475	4	0
682	475	3	0
689	475	4	0
699	475	4	0
711	475	5	0
715	475	4	0
717	475	5	0
735	475	4	0
737	475	4	0
741	475	3	0
742	475	4	0
747	475	5	0
758	475	5	0
762	475	5	0
763	475	4	0
768	475	2	0
770	475	5	0
773	475	3	0
789	475	5	0
790	475	3	0
794	475	5	0
805	475	5	0
806	475	4	0
823	475	5	0
828	475	4	0
829	475	4	0
833	475	3	0
834	475	5	0
839	475	5	0
851	475	4	0
854	475	4	0
855	475	4	0
857	475	5	0
859	475	4	0
861	475	3	0
865	475	4	0
867	475	5	0
868	475	4	0
870	475	5	0
877	475	4	0
880	475	4	0
884	475	4	0
886	475	5	0
889	475	4	0
894	475	3	0
903	475	4	0
905	475	3	0
906	475	3	0
907	475	3	0
913	475	4	0
916	475	4	0
919	475	3	0
923	475	5	0
932	475	4	0
933	475	2	0
936	475	5	0
941	475	4	0
943	475	5	0
6	518	3	0
8	518	4	0
10	518	4	0
13	518	4	0
23	518	5	0
24	518	4	0
41	518	3	0
49	518	4	0
72	518	4	0
73	518	5	0
76	518	3	0
77	518	4	0
82	518	4	0
90	518	2	0
92	518	5	0
94	518	5	0
95	518	4	0
138	518	4	0
144	518	3	0
158	518	4	0
194	518	4	0
197	518	1	0
198	518	3	0
201	518	4	0
214	518	3	0
224	518	1	0
239	518	3	0
253	518	5	0
267	518	5	0
269	518	4	0
271	518	4	0
276	518	4	0
293	518	5	0
303	518	4	0
311	518	3	0
328	518	2	0
334	518	4	0
339	518	5	0
342	518	3	0
345	518	4	0
346	518	4	0
354	518	3	0
363	518	4	0
380	518	3	0
387	518	4	0
389	518	4	0
405	518	1	0
409	518	1	0
417	518	5	0
437	518	2	0
450	518	4	0
452	518	5	0
455	518	4	0
466	518	4	0
474	518	4	0
478	518	4	0
506	518	4	0
524	518	3	0
535	518	5	0
537	518	4	0
543	518	3	0
551	518	4	0
561	518	4	0
592	518	5	0
600	518	5	0
615	518	4	0
627	518	4	0
645	518	5	0
653	518	2	0
655	518	2	0
658	518	4	0
664	518	4	0
666	518	4	0
682	518	4	0
686	518	5	0
721	518	2	0
763	518	4	0
766	518	3	0
774	518	1	0
788	518	3	0
806	518	3	0
815	518	3	0
833	518	3	0
846	518	4	0
875	518	4	0
886	518	4	0
896	518	3	0
899	518	4	0
913	518	4	0
7	549	4	0
11	549	4	0
13	549	4	0
18	549	4	0
23	549	3	0
59	549	4	0
94	549	5	0
145	549	5	0
148	549	3	0
151	549	4	0
152	549	4	0
178	549	4	0
194	549	3	0
198	549	3	0
200	549	4	0
201	549	3	0
222	549	4	0
224	549	3	0
230	549	5	0
234	549	3	0
236	549	4	0
271	549	4	0
276	549	3	0
293	549	3	0
298	549	4	0
303	549	3	0
311	549	2	0
316	549	5	0
328	549	4	0
330	549	5	0
334	549	4	0
339	549	4	0
346	549	4	0
363	549	4	0
378	549	3	0
380	549	3	0
387	549	5	0
394	549	4	0
399	549	4	0
405	549	1	0
416	549	4	0
417	549	3	0
429	549	4	0
435	549	3	0
450	549	3	0
455	549	4	0
457	549	4	0
472	549	5	0
474	549	5	0
487	549	4	0
497	549	4	0
523	549	4	0
524	549	4	0
532	549	5	0
533	549	4	0
536	549	3	0
537	549	2	0
545	549	4	0
561	549	2	0
577	549	5	0
606	549	4	0
608	549	4	0
618	549	2	0
627	549	3	0
632	549	3	0
639	549	2	0
682	549	3	0
711	549	4	0
715	549	3	0
716	549	4	0
727	549	3	0
749	549	3	0
757	549	5	0
776	549	5	0
788	549	4	0
796	549	3	0
805	549	3	0
844	549	3	0
846	549	4	0
864	549	3	0
870	549	2	0
871	549	3	0
877	549	4	0
878	549	4	0
880	549	4	0
883	549	4	0
885	549	3	0
886	549	3	0
896	549	2	0
916	549	3	0
940	549	2	0
943	549	1	0
7	558	4	0
10	558	4	0
11	558	3	0
13	558	1	0
21	558	5	0
58	558	5	0
60	558	4	0
92	558	3	0
115	558	5	0
118	558	5	0
145	558	2	0
195	558	3	0
201	558	2	0
234	558	4	0
239	558	5	0
250	558	4	0
264	558	5	0
268	558	3	0
270	558	5	0
276	558	4	0
279	558	4	0
291	558	4	0
293	558	3	0
303	558	4	0
308	558	4	0
327	558	4	0
334	558	4	0
342	558	5	0
354	558	4	0
358	558	4	0
374	558	1	0
385	558	2	0
387	558	4	0
389	558	4	0
405	558	1	0
406	558	3	0
422	558	4	0
437	558	3	0
449	558	4	0
450	558	3	0
498	558	4	0
503	558	5	0
514	558	4	0
524	558	4	0
527	558	4	0
535	558	5	0
537	558	4	0
592	558	5	0
604	558	4	0
617	558	3	0
622	558	2	0
641	558	5	0
645	558	4	0
654	558	3	0
655	558	4	0
682	558	1	0
747	558	4	0
751	558	3	0
804	558	3	0
805	558	5	0
828	558	3	0
833	558	4	0
846	558	4	0
870	558	4	0
886	558	3	0
894	558	5	0
908	558	4	0
916	558	3	0
919	558	5	0
925	558	1	0
7	584	4	0
58	584	5	0
59	584	4	0
70	584	3	0
83	584	4	0
94	584	4	0
106	584	4	0
109	584	2	0
151	584	3	0
184	584	3	0
200	584	4	0
233	584	4	0
234	584	3	0
244	584	5	0
254	584	3	0
270	584	5	0
280	584	4	0
308	584	4	0
311	584	3	0
312	584	5	0
330	584	3	0
340	584	3	0
342	584	4	0
354	584	5	0
358	584	4	0
389	584	4	0
401	584	3	0
405	584	1	0
429	584	4	0
435	584	3	0
437	584	3	0
450	584	5	0
455	584	4	0
457	584	4	0
465	584	3	0
468	584	4	0
472	584	1	0
474	584	5	0
479	584	3	0
497	584	4	0
500	584	1	0
505	584	4	0
524	584	1	0
536	584	5	0
537	584	2	0
541	584	3	0
561	584	3	0
585	584	3	0
588	584	3	0
593	584	3	0
601	584	4	0
621	584	5	0
625	584	3	0
639	584	2	0
642	584	4	0
655	584	3	0
694	584	4	0
712	584	4	0
747	584	5	0
749	584	3	0
766	584	3	0
790	584	4	0
798	584	3	0
804	584	4	0
807	584	4	0
815	584	3	0
838	584	4	0
848	584	3	0
850	584	4	0
861	584	5	0
877	584	4	0
878	584	4	0
880	584	3	0
883	584	3	0
885	584	3	0
886	584	4	0
911	584	3	0
934	584	4	0
942	584	4	0
7	609	3	0
18	609	4	0
28	609	3	0
48	609	4	0
59	609	2	0
60	609	3	0
83	609	4	0
90	609	5	0
128	609	4	0
151	609	4	0
200	609	3	0
207	609	4	0
213	609	4	0
230	609	3	0
234	609	3	0
244	609	3	0
262	609	3	0
280	609	4	0
308	609	4	0
312	609	3	0
313	609	3	0
314	609	4	0
326	609	3	0
347	609	4	0
401	609	3	0
409	609	3	0
426	609	3	0
435	609	4	0
450	609	5	0
452	609	4	0
472	609	5	0
474	609	4	0
479	609	5	0
514	609	4	0
533	609	4	0
535	609	4	0
537	609	3	0
553	609	4	0
593	609	3	0
608	609	5	0
618	609	4	0
632	609	3	0
642	609	3	0
659	609	4	0
683	609	3	0
716	609	3	0
727	609	3	0
749	609	4	0
763	609	4	0
766	609	3	0
790	609	2	0
804	609	3	0
835	609	4	0
840	609	4	0
846	609	5	0
847	609	2	0
864	609	3	0
887	609	4	0
897	609	5	0
943	609	2	0
7	616	4	0
38	616	3	0
59	616	5	0
60	616	3	0
91	616	4	0
94	616	4	0
119	616	2	0
124	616	4	0
194	616	3	0
219	616	5	0
234	616	2	0
246	616	5	0
254	616	1	0
269	616	4	0
279	616	3	0
293	616	3	0
303	616	4	0
308	616	2	0
313	616	5	0
325	616	4	0
326	616	5	0
346	616	1	0
350	616	4	0
363	616	3	0
379	616	2	0
385	616	4	0
389	616	4	0
399	616	1	0
407	616	3	0
417	616	2	0
426	616	4	0
429	616	3	0
435	616	2	0
450	616	4	0
456	616	3	0
474	616	4	0
478	616	4	0
479	616	4	0
495	616	4	0
504	616	4	0
537	616	2	0
551	616	5	0
561	616	3	0
645	616	3	0
659	616	4	0
666	616	3	0
727	616	2	0
749	616	3	0
758	616	4	0
766	616	3	0
778	616	4	0
804	616	3	0
815	616	1	0
833	616	5	0
835	616	4	0
840	616	5	0
843	616	3	0
846	616	3	0
854	616	4	0
882	616	4	0
896	616	3	0
897	616	5	0
912	616	3	0
932	616	5	0
7	629	3	0
10	629	4	0
13	629	1	0
16	629	4	0
18	629	3	0
23	629	4	0
60	629	3	0
85	629	3	0
87	629	4	0
94	629	4	0
98	629	5	0
102	629	3	0
151	629	4	0
175	629	3	0
184	629	3	0
188	629	4	0
194	629	3	0
198	629	4	0
210	629	3	0
234	629	4	0
244	629	4	0
250	629	4	0
254	629	2	0
269	629	2	0
274	629	5	0
280	629	4	0
286	629	5	0
290	629	3	0
293	629	3	0
295	629	5	0
297	629	3	0
308	629	4	0
313	629	3	0
318	629	4	0
334	629	4	0
354	629	3	0
378	629	5	0
380	629	2	0
385	629	2	0
389	629	2	0
406	629	3	0
407	629	3	0
429	629	3	0
437	629	3	0
447	629	3	0
450	629	4	0
455	629	3	0
457	629	4	0
479	629	3	0
495	629	3	0
497	629	2	0
504	629	4	0
508	629	4	0
523	629	5	0
535	629	4	0
561	629	3	0
615	629	4	0
623	629	3	0
643	629	3	0
648	629	4	0
650	629	3	0
655	629	3	0
659	629	4	0
690	629	1	0
715	629	2	0
758	629	4	0
763	629	5	0
778	629	2	0
788	629	1	0
804	629	3	0
805	629	3	0
806	629	3	0
815	629	4	0
860	629	3	0
864	629	3	0
934	629	4	0
940	629	3	0
7	631	4	0
13	631	3	0
18	631	5	0
43	631	2	0
44	631	1	0
83	631	2	0
85	631	4	0
90	631	5	0
92	631	4	0
94	631	5	0
95	631	4	0
109	631	3	0
121	631	4	0
145	631	4	0
151	631	3	0
180	631	5	0
184	631	4	0
194	631	2	0
198	631	3	0
201	631	2	0
207	631	2	0
210	631	5	0
212	631	5	0
219	631	5	0
234	631	3	0
243	631	4	0
244	631	4	0
262	631	4	0
269	631	4	0
276	631	3	0
280	631	5	0
291	631	5	0
292	631	5	0
295	631	5	0
301	631	1	0
303	631	4	0
305	631	3	0
307	631	3	0
312	631	5	0
313	631	2	0
318	631	4	0
321	631	4	0
327	631	3	0
334	631	4	0
337	631	4	0
339	631	5	0
343	631	4	0
354	631	4	0
363	631	1	0
370	631	4	0
378	631	4	0
379	631	5	0
380	631	4	0
381	631	4	0
385	631	3	0
389	631	5	0
406	631	5	0
409	631	3	0
416	631	3	0
417	631	3	0
426	631	3	0
429	631	4	0
435	631	2	0
450	631	4	0
452	631	4	0
454	631	2	0
457	631	4	0
458	631	4	0
495	631	2	0
498	631	3	0
504	631	4	0
514	631	4	0
527	631	4	0
535	631	5	0
536	631	2	0
553	631	5	0
561	631	3	0
566	631	4	0
567	631	3	0
568	631	5	0
592	631	3	0
593	631	3	0
615	631	4	0
617	631	2	0
627	631	3	0
643	631	3	0
647	631	4	0
650	631	3	0
653	631	2	0
655	631	4	0
661	631	3	0
664	631	4	0
665	631	2	0
682	631	3	0
691	631	4	0
693	631	3	0
704	631	3	0
707	631	4	0
716	631	5	0
721	631	5	0
747	631	5	0
751	631	5	0
760	631	3	0
804	631	3	0
805	631	5	0
815	631	4	0
823	631	4	0
840	631	4	0
868	631	4	0
870	631	2	0
886	631	4	0
888	631	4	0
889	631	3	0
892	631	4	0
896	631	2	0
908	631	4	0
916	631	4	0
918	631	4	0
922	631	3	0
7	642	3	0
16	642	5	0
23	642	3	0
59	642	5	0
72	642	4	0
85	642	4	0
92	642	3	0
94	642	4	0
110	642	2	0
115	642	5	0
130	642	4	0
135	642	4	0
145	642	3	0
151	642	3	0
154	642	3	0
172	642	4	0
177	642	4	0
184	642	4	0
194	642	2	0
201	642	4	0
207	642	3	0
218	642	3	0
222	642	3	0
234	642	3	0
256	642	4	0
267	642	4	0
269	642	3	0
271	642	5	0
286	642	3	0
293	642	3	0
295	642	4	0
299	642	4	0
308	642	5	0
311	642	4	0
315	642	5	0
334	642	5	0
339	642	5	0
343	642	4	0
346	642	3	0
374	642	1	0
387	642	4	0
389	642	4	0
405	642	1	0
406	642	3	0
407	642	2	0
417	642	5	0
429	642	4	0
436	642	4	0
437	642	1	0
447	642	4	0
450	642	4	0
454	642	2	0
468	642	3	0
474	642	4	0
480	642	4	0
495	642	4	0
497	642	3	0
506	642	4	0
524	642	4	0
537	642	4	0
538	642	3	0
543	642	3	0
548	642	4	0
561	642	3	0
623	642	3	0
650	642	3	0
653	642	1	0
655	642	3	0
659	642	2	0
664	642	4	0
666	642	5	0
690	642	3	0
749	642	2	0
756	642	2	0
804	642	3	0
805	642	4	0
823	642	4	0
833	642	3	0
840	642	4	0
846	642	5	0
848	642	5	0
864	642	3	0
870	642	4	0
878	642	3	0
881	642	4	0
889	642	3	0
896	642	2	0
903	642	4	0
916	642	3	0
7	649	5	0
18	649	3	0
59	649	4	0
72	649	4	0
95	649	4	0
183	649	4	0
201	649	3	0
234	649	3	0
254	649	1	0
269	649	2	0
271	649	3	0
276	649	4	0
279	649	3	0
293	649	4	0
308	649	4	0
313	649	3	0
328	649	3	0
339	649	5	0
372	649	3	0
373	649	4	0
379	649	4	0
389	649	4	0
405	649	1	0
435	649	3	0
436	649	5	0
454	649	2	0
474	649	4	0
498	649	3	0
524	649	4	0
537	649	3	0
548	649	4	0
627	649	4	0
655	649	3	0
659	649	3	0
664	649	4	0
666	649	3	0
669	649	4	0
690	649	4	0
693	649	2	0
747	649	3	0
774	649	3	0
788	649	3	0
796	649	3	0
833	649	3	0
870	649	4	0
889	649	2	0
892	649	5	0
897	649	3	0
903	649	4	0
932	649	4	0
7	650	3	0
13	650	2	0
48	650	3	0
59	650	5	0
60	650	4	0
64	650	3	0
73	650	3	0
90	650	5	0
94	650	5	0
95	650	4	0
102	650	3	0
116	650	2	0
145	650	4	0
214	650	5	0
228	650	3	0
230	650	4	0
234	650	3	0
239	650	5	0
244	650	3	0
262	650	4	0
290	650	2	0
303	650	5	0
305	650	4	0
311	650	3	0
313	650	4	0
325	650	3	0
327	650	4	0
338	650	5	0
339	650	4	0
354	650	3	0
363	650	2	0
370	650	5	0
385	650	5	0
387	650	2	0
392	650	5	0
405	650	1	0
407	650	2	0
450	650	4	0
474	650	4	0
481	650	3	0
492	650	2	0
495	650	5	0
524	650	2	0
567	650	4	0
645	650	5	0
650	650	2	0
655	650	3	0
666	650	5	0
670	650	2	0
675	650	5	0
691	650	5	0
693	650	3	0
716	650	3	0
738	650	3	0
747	650	4	0
748	650	1	0
749	650	3	0
758	650	5	0
774	650	1	0
815	650	2	0
835	650	5	0
840	650	4	0
843	650	3	0
846	650	5	0
848	650	4	0
862	650	4	0
867	650	5	0
878	650	2	0
889	650	2	0
916	650	4	0
932	650	5	0
934	650	4	0
7	652	3	0
10	652	3	0
11	652	4	0
13	652	5	0
23	652	4	0
49	652	5	0
58	652	5	0
62	652	4	0
64	652	2	0
90	652	4	0
94	652	4	0
102	652	2	0
128	652	3	0
145	652	5	0
151	652	5	0
158	652	4	0
189	652	5	0
198	652	3	0
200	652	2	0
214	652	4	0
216	652	4	0
226	652	3	0
235	652	4	0
239	652	5	0
244	652	5	0
246	652	5	0
268	652	4	0
276	652	4	0
279	652	4	0
286	652	4	0
287	652	4	0
296	652	4	0
297	652	3	0
298	652	3	0
299	652	3	0
327	652	4	0
334	652	5	0
354	652	4	0
361	652	4	0
363	652	4	0
380	652	3	0
381	652	5	0
385	652	5	0
391	652	4	0
393	652	3	0
397	652	3	0
405	652	1	0
406	652	2	0
416	652	4	0
429	652	4	0
435	652	4	0
437	652	4	0
453	652	3	0
474	652	4	0
487	652	5	0
493	652	5	0
496	652	5	0
497	652	5	0
498	652	5	0
514	652	4	0
523	652	2	0
527	652	4	0
537	652	3	0
559	652	4	0
561	652	5	0
565	652	5	0
585	652	4	0
588	652	2	0
592	652	4	0
606	652	3	0
625	652	4	0
660	652	4	0
661	652	2	0
663	652	4	0
711	652	4	0
712	652	3	0
751	652	4	0
758	652	5	0
771	652	4	0
773	652	3	0
777	652	5	0
828	652	5	0
847	652	5	0
854	652	3	0
867	652	5	0
875	652	5	0
889	652	5	0
916	652	4	0
932	652	3	0
933	652	3	0
7	658	3	0
42	658	2	0
59	658	4	0
85	658	3	0
92	658	3	0
94	658	3	0
110	658	3	0
119	658	5	0
130	658	5	0
178	658	5	0
180	658	5	0
198	658	3	0
201	658	3	0
216	658	3	0
222	658	3	0
224	658	1	0
246	658	4	0
249	658	4	0
268	658	3	0
269	658	2	0
276	658	4	0
286	658	5	0
293	658	1	0
301	658	3	0
303	658	5	0
327	658	2	0
334	658	3	0
346	658	3	0
363	658	3	0
373	658	4	0
385	658	2	0
394	658	3	0
399	658	3	0
405	658	4	0
416	658	5	0
417	658	2	0
429	658	3	0
435	658	3	0
436	658	5	0
437	658	4	0
456	658	3	0
457	658	4	0
472	658	5	0
478	658	3	0
487	658	4	0
495	658	3	0
514	658	4	0
532	658	5	0
535	658	4	0
551	658	5	0
588	658	5	0
608	658	3	0
627	658	3	0
629	658	4	0
645	658	4	0
650	658	3	0
653	658	2	0
655	658	3	0
660	658	1	0
663	658	4	0
682	658	4	0
711	658	4	0
715	658	4	0
727	658	5	0
749	658	4	0
751	658	3	0
757	658	2	0
763	658	3	0
788	658	3	0
795	658	2	0
847	658	3	0
862	658	5	0
864	658	2	0
868	658	3	0
870	658	4	0
889	658	4	0
896	658	4	0
899	658	2	0
918	658	3	0
7	662	3	0
11	662	3	0
13	662	5	0
23	662	3	0
24	662	5	0
59	662	3	0
64	662	4	0
90	662	5	0
91	662	4	0
138	662	4	0
151	662	4	0
174	662	5	0
208	662	4	0
210	662	2	0
222	662	3	0
224	662	5	0
234	662	3	0
244	662	3	0
254	662	4	0
256	662	2	0
263	662	4	0
275	662	3	0
279	662	2	0
299	662	4	0
311	662	4	0
313	662	3	0
328	662	3	0
340	662	2	0
389	662	3	0
398	662	2	0
405	662	1	0
406	662	3	0
416	662	4	0
429	662	3	0
450	662	4	0
455	662	4	0
456	662	4	0
468	662	4	0
488	662	4	0
495	662	5	0
500	662	2	0
503	662	3	0
506	662	5	0
523	662	4	0
535	662	3	0
536	662	5	0
577	662	4	0
591	662	3	0
606	662	4	0
639	662	2	0
648	662	3	0
650	662	3	0
655	662	2	0
666	662	3	0
693	662	4	0
698	662	2	0
704	662	3	0
711	662	3	0
712	662	5	0
716	662	3	0
731	662	3	0
734	662	3	0
738	662	4	0
766	662	3	0
780	662	5	0
788	662	4	0
796	662	5	0
798	662	3	0
804	662	4	0
846	662	3	0
868	662	2	0
871	662	3	0
877	662	5	0
878	662	1	0
882	662	3	0
885	662	3	0
890	662	3	0
896	662	3	0
901	662	4	0
921	662	4	0
922	662	3	0
942	662	4	0
7	664	3	0
10	664	4	0
59	664	4	0
62	664	4	0
72	664	3	0
85	664	4	0
132	664	5	0
151	664	5	0
184	664	3	0
219	664	5	0
269	664	5	0
305	664	2	0
308	664	5	0
354	664	5	0
380	664	3	0
385	664	3	0
389	664	4	0
405	664	1	0
406	664	2	0
409	664	4	0
457	664	4	0
474	664	4	0
498	664	5	0
499	664	3	0
504	664	3	0
537	664	3	0
543	664	4	0
561	664	4	0
639	664	2	0
645	664	4	0
659	664	4	0
664	664	4	0
669	664	4	0
693	664	2	0
747	664	2	0
766	664	2	0
790	664	3	0
804	664	3	0
805	664	5	0
833	664	3	0
840	664	3	0
854	664	4	0
889	664	2	0
903	664	4	0
918	664	4	0
934	664	4	0
7	673	3	0
13	673	3	0
38	673	5	0
59	673	5	0
60	673	4	0
62	673	2	0
92	673	4	0
94	673	3	0
96	673	4	0
115	673	3	0
122	673	3	0
145	673	4	0
167	673	4	0
188	673	4	0
193	673	4	0
198	673	3	0
200	673	5	0
201	673	3	0
216	673	4	0
230	673	3	0
234	673	4	0
236	673	4	0
244	673	3	0
269	673	4	0
280	673	4	0
301	673	4	0
303	673	4	0
308	673	4	0
312	673	5	0
313	673	4	0
315	673	4	0
316	673	2	0
332	673	5	0
339	673	5	0
346	673	3	0
361	673	4	0
363	673	2	0
381	673	3	0
385	673	2	0
399	673	3	0
405	673	5	0
426	673	4	0
429	673	3	0
435	673	3	0
450	673	3	0
456	673	3	0
457	673	4	0
478	673	3	0
498	673	3	0
527	673	4	0
533	673	3	0
537	673	3	0
551	673	4	0
561	673	3	0
566	673	4	0
567	673	3	0
577	673	3	0
601	673	1	0
608	673	4	0
610	673	4	0
618	673	3	0
627	673	2	0
639	673	4	0
642	673	2	0
643	673	4	0
645	673	3	0
650	673	3	0
655	673	3	0
659	673	4	0
664	673	3	0
682	673	3	0
693	673	4	0
694	673	4	0
716	673	4	0
719	673	3	0
741	673	4	0
753	673	1	0
764	673	4	0
774	673	2	0
833	673	4	0
835	673	4	0
846	673	4	0
864	673	3	0
870	673	5	0
887	673	5	0
897	673	5	0
8	686	3	0
10	686	4	0
13	686	5	0
43	686	3	0
94	686	4	0
102	686	3	0
128	686	4	0
151	686	3	0
158	686	5	0
201	686	2	0
224	686	4	0
234	686	3	0
236	686	3	0
249	686	5	0
276	686	3	0
291	686	5	0
293	686	3	0
301	686	4	0
305	686	3	0
308	686	4	0
327	686	4	0
347	686	5	0
378	686	4	0
379	686	4	0
389	686	3	0
393	686	4	0
416	686	5	0
425	686	3	0
429	686	2	0
450	686	4	0
454	686	2	0
487	686	4	0
506	686	3	0
535	686	5	0
551	686	3	0
592	686	5	0
621	686	5	0
642	686	5	0
653	686	2	0
655	686	2	0
671	686	3	0
682	686	4	0
749	686	4	0
758	686	3	0
815	686	5	0
823	686	4	0
886	686	4	0
889	686	3	0
896	686	3	0
907	686	4	0
10	693	4	0
16	693	4	0
64	693	3	0
90	693	3	0
94	693	4	0
160	693	5	0
177	693	4	0
184	693	3	0
193	693	4	0
194	693	4	0
198	693	3	0
201	693	4	0
214	693	3	0
216	693	3	0
222	693	4	0
230	693	2	0
234	693	2	0
267	693	4	0
276	693	4	0
280	693	3	0
293	693	4	0
301	693	5	0
303	693	4	0
308	693	3	0
314	693	3	0
328	693	2	0
332	693	5	0
334	693	3	0
339	693	5	0
346	693	4	0
347	693	5	0
374	693	5	0
378	693	4	0
381	693	4	0
385	693	4	0
387	693	5	0
389	693	4	0
393	693	3	0
397	693	4	0
399	693	3	0
405	693	2	0
406	693	3	0
416	693	3	0
429	693	4	0
435	693	3	0
436	693	5	0
450	693	3	0
453	693	5	0
454	693	2	0
456	693	3	0
493	693	4	0
498	693	3	0
504	693	4	0
506	693	4	0
524	693	5	0
535	693	3	0
537	693	4	0
542	693	4	0
551	693	5	0
561	693	3	0
566	693	5	0
577	693	1	0
586	693	3	0
608	693	3	0
618	693	3	0
622	693	4	0
627	693	2	0
629	693	5	0
632	693	2	0
640	693	5	0
653	693	1	0
655	693	3	0
659	693	4	0
663	693	4	0
682	693	3	0
693	693	3	0
709	693	4	0
747	693	5	0
757	693	4	0
764	693	3	0
788	693	2	0
796	693	3	0
846	693	5	0
851	693	5	0
864	693	4	0
870	693	4	0
880	693	5	0
883	693	4	0
886	693	4	0
903	693	5	0
916	693	3	0
10	697	3	0
62	697	4	0
85	697	3	0
119	697	5	0
172	697	3	0
201	697	4	0
216	697	4	0
244	697	4	0
269	697	4	0
271	697	4	0
276	697	2	0
280	697	5	0
303	697	3	0
314	697	3	0
318	697	5	0
387	697	1	0
399	697	2	0
405	697	1	0
429	697	3	0
435	697	4	0
437	697	4	0
453	697	4	0
456	697	4	0
474	697	4	0
537	697	2	0
588	697	5	0
618	697	3	0
627	697	5	0
682	697	4	0
693	697	4	0
709	697	5	0
715	697	2	0
738	697	2	0
846	697	5	0
870	697	4	0
880	697	2	0
886	697	1	0
887	697	1	0
907	697	5	0
916	697	4	0
10	708	4	0
12	708	3	0
18	708	3	0
59	708	4	0
60	708	4	0
62	708	3	0
72	708	4	0
85	708	4	0
90	708	5	0
92	708	4	0
95	708	2	0
122	708	5	0
154	708	4	0
174	708	5	0
184	708	4	0
194	708	3	0
201	708	4	0
210	708	5	0
214	708	4	0
224	708	2	0
232	708	4	0
243	708	3	0
244	708	4	0
249	708	4	0
269	708	4	0
293	708	3	0
305	708	3	0
307	708	4	0
308	708	4	0
311	708	5	0
318	708	4	0
327	708	4	0
328	708	2	0
330	708	3	0
334	708	4	0
338	708	5	0
343	708	4	0
344	708	4	0
345	708	3	0
346	708	3	0
378	708	4	0
380	708	3	0
398	708	3	0
405	708	1	0
407	708	3	0
409	708	4	0
416	708	4	0
417	708	2	0
429	708	3	0
436	708	3	0
437	708	4	0
450	708	4	0
456	708	4	0
457	708	4	0
474	708	4	0
478	708	3	0
500	708	5	0
524	708	4	0
532	708	4	0
533	708	2	0
535	708	5	0
536	708	3	0
537	708	3	0
551	708	1	0
561	708	3	0
577	708	3	0
583	708	5	0
615	708	2	0
645	708	3	0
650	708	3	0
653	708	2	0
655	708	3	0
659	708	3	0
664	708	4	0
682	708	3	0
693	708	3	0
707	708	3	0
716	708	4	0
751	708	4	0
774	708	2	0
776	708	5	0
786	708	4	0
788	708	2	0
790	708	3	0
804	708	3	0
805	708	3	0
823	708	4	0
835	708	5	0
840	708	4	0
843	708	2	0
846	708	3	0
848	708	4	0
864	708	3	0
892	708	4	0
896	708	2	0
897	708	2	0
903	708	4	0
916	708	4	0
932	708	4	0
934	708	3	0
940	708	3	0
10	710	4	0
11	710	2	0
23	710	4	0
57	710	3	0
59	710	3	0
62	710	3	0
85	710	2	0
94	710	3	0
119	710	4	0
125	710	5	0
162	710	4	0
187	710	4	0
194	710	3	0
222	710	4	0
244	710	3	0
267	710	4	0
268	710	3	0
269	710	1	0
276	710	4	0
279	710	4	0
286	710	4	0
287	710	4	0
293	710	3	0
299	710	4	0
301	710	3	0
314	710	3	0
327	710	4	0
334	710	3	0
336	710	4	0
354	710	4	0
363	710	5	0
379	710	4	0
393	710	4	0
398	710	2	0
399	710	2	0
402	710	2	0
405	710	4	0
407	710	4	0
416	710	4	0
417	710	4	0
429	710	4	0
435	710	4	0
436	710	4	0
437	710	4	0
442	710	5	0
450	710	3	0
456	710	3	0
476	710	5	0
478	710	5	0
487	710	4	0
506	710	5	0
508	710	4	0
514	710	5	0
538	710	3	0
545	710	3	0
551	710	5	0
561	710	4	0
591	710	3	0
660	710	3	0
663	710	3	0
679	710	4	0
682	710	3	0
684	710	5	0
711	710	4	0
748	710	3	0
751	710	3	0
773	710	3	0
795	710	3	0
823	710	4	0
864	710	2	0
868	710	3	0
870	710	3	0
886	710	4	0
887	710	5	0
896	710	4	0
899	710	3	0
907	710	4	0
916	710	3	0
933	710	2	0
11	715	3	0
49	715	3	0
56	715	1	0
59	715	5	0
62	715	2	0
85	715	4	0
87	715	3	0
92	715	4	0
94	715	4	0
95	715	1	0
109	715	2	0
110	715	2	0
122	715	5	0
128	715	4	0
174	715	3	0
184	715	4	0
193	715	3	0
194	715	3	0
201	715	4	0
213	715	5	0
222	715	2	0
224	715	1	0
267	715	4	0
268	715	1	0
269	715	4	0
276	715	3	0
280	715	2	0
291	715	5	0
293	715	3	0
299	715	4	0
303	715	4	0
308	715	5	0
311	715	2	0
327	715	4	0
328	715	2	0
343	715	5	0
344	715	4	0
345	715	4	0
373	715	2	0
378	715	4	0
385	715	3	0
387	715	5	0
389	715	3	0
391	715	2	0
393	715	1	0
394	715	4	0
398	715	2	0
405	715	1	0
406	715	4	0
407	715	4	0
417	715	2	0
435	715	3	0
436	715	4	0
450	715	3	0
456	715	3	0
472	715	4	0
476	715	4	0
506	715	2	0
514	715	4	0
524	715	4	0
537	715	4	0
543	715	3	0
551	715	1	0
561	715	3	0
643	715	5	0
650	715	3	0
655	715	3	0
664	715	3	0
707	715	3	0
711	715	4	0
721	715	2	0
747	715	5	0
758	715	4	0
788	715	3	0
805	715	4	0
823	715	5	0
833	715	2	0
846	715	4	0
860	715	4	0
864	715	4	0
870	715	3	0
883	715	5	0
886	715	1	0
896	715	3	0
916	715	4	0
919	715	5	0
922	715	3	0
11	721	3	0
49	721	2	0
90	721	3	0
94	721	2	0
130	721	3	0
174	721	2	0
214	721	3	0
216	721	4	0
221	721	5	0
244	721	5	0
246	721	4	0
264	721	5	0
268	721	3	0
276	721	3	0
279	721	5	0
286	721	3	0
301	721	3	0
303	721	4	0
314	721	5	0
347	721	5	0
393	721	2	0
405	721	1	0
416	721	3	0
435	721	4	0
436	721	3	0
437	721	2	0
453	721	4	0
456	721	4	0
496	721	5	0
497	721	3	0
500	721	1	0
521	721	4	0
532	721	4	0
535	721	3	0
537	721	2	0
542	721	2	0
551	721	5	0
588	721	5	0
621	721	4	0
622	721	4	0
643	721	2	0
665	721	3	0
679	721	3	0
682	721	4	0
790	721	3	0
823	721	4	0
846	721	4	0
880	721	1	0
886	721	5	0
889	721	3	0
896	721	4	0
903	721	4	0
916	721	4	0
943	721	5	0
11	724	3	0
18	724	4	0
43	724	4	0
59	724	5	0
89	724	4	0
122	724	4	0
151	724	4	0
152	724	5	0
174	724	5	0
178	724	4	0
184	724	4	0
222	724	3	0
224	724	3	0
234	724	4	0
243	724	3	0
244	724	4	0
246	724	4	0
256	724	4	0
286	724	3	0
293	724	3	0
297	724	3	0
299	724	3	0
311	724	4	0
314	724	2	0
342	724	1	0
343	724	4	0
345	724	5	0
354	724	2	0
373	724	5	0
378	724	3	0
381	724	3	0
393	724	3	0
401	724	4	0
405	724	1	0
406	724	3	0
412	724	4	0
416	724	4	0
450	724	5	0
454	724	3	0
455	724	3	0
468	724	4	0
477	724	4	0
488	724	3	0
497	724	5	0
505	724	4	0
524	724	3	0
533	724	4	0
536	724	4	0
537	724	3	0
561	724	3	0
588	724	2	0
593	724	3	0
618	724	3	0
627	724	2	0
639	724	3	0
655	724	3	0
658	724	3	0
664	724	3	0
682	724	4	0
711	724	5	0
712	724	3	0
716	724	4	0
734	724	3	0
741	724	4	0
767	724	4	0
786	724	4	0
796	724	2	0
805	724	2	0
870	724	4	0
883	724	4	0
893	724	3	0
899	724	5	0
904	724	4	0
907	724	5	0
914	724	3	0
943	724	1	0
11	727	3	0
24	727	3	0
59	727	2	0
92	727	4	0
94	727	5	0
119	727	5	0
122	727	4	0
144	727	3	0
145	727	2	0
198	727	4	0
224	727	4	0
234	727	3	0
262	727	3	0
267	727	4	0
268	727	2	0
270	727	5	0
276	727	3	0
279	727	3	0
295	727	5	0
299	727	4	0
342	727	3	0
343	727	4	0
346	727	1	0
361	727	3	0
373	727	4	0
378	727	4	0
385	727	1	0
387	727	5	0
393	727	3	0
399	727	4	0
405	727	1	0
406	727	3	0
416	727	5	0
417	727	5	0
437	727	3	0
450	727	4	0
455	727	3	0
457	727	4	0
479	727	5	0
487	727	3	0
496	727	5	0
500	727	2	0
523	727	4	0
535	727	4	0
536	727	3	0
537	727	2	0
551	727	5	0
562	727	5	0
566	727	4	0
577	727	5	0
639	727	2	0
655	727	2	0
661	727	4	0
679	727	4	0
709	727	2	0
711	727	4	0
795	727	3	0
846	727	4	0
868	727	2	0
877	727	4	0
883	727	3	0
911	727	2	0
916	727	4	0
11	729	4	0
18	729	3	0
24	729	5	0
25	729	4	0
42	729	3	0
43	729	4	0
59	729	4	0
60	729	4	0
62	729	3	0
92	729	4	0
128	729	2	0
130	729	4	0
144	729	4	0
151	729	4	0
158	729	3	0
178	729	4	0
180	729	5	0
184	729	3	0
201	729	2	0
222	729	4	0
224	729	3	0
236	729	5	0
268	729	3	0
269	729	2	0
271	729	4	0
280	729	2	0
291	729	4	0
293	729	2	0
295	729	4	0
303	729	3	0
305	729	3	0
308	729	3	0
311	729	4	0
328	729	4	0
330	729	5	0
343	729	3	0
373	729	4	0
378	729	4	0
379	729	4	0
380	729	3	0
393	729	4	0
405	729	4	0
407	729	4	0
416	729	5	0
429	729	2	0
435	729	2	0
450	729	4	0
452	729	1	0
457	729	4	0
474	729	4	0
500	729	4	0
503	729	3	0
504	729	5	0
514	729	4	0
545	729	3	0
588	729	3	0
606	729	4	0
608	729	4	0
618	729	3	0
627	729	1	0
629	729	4	0
642	729	3	0
655	729	2	0
666	729	4	0
682	729	3	0
693	729	4	0
711	729	3	0
712	729	5	0
716	729	2	0
721	729	3	0
727	729	2	0
749	729	4	0
766	729	3	0
788	729	4	0
805	729	3	0
846	729	4	0
864	729	4	0
889	729	3	0
892	729	4	0
907	729	5	0
913	729	3	0
13	770	4	0
16	770	3	0
59	770	4	0
72	770	4	0
82	770	4	0
128	770	3	0
145	770	1	0
151	770	4	0
158	770	5	0
160	770	4	0
186	770	2	0
194	770	4	0
197	770	3	0
201	770	3	0
222	770	3	0
234	770	4	0
276	770	4	0
291	770	4	0
293	770	3	0
305	770	3	0
308	770	4	0
313	770	4	0
315	770	3	0
332	770	3	0
339	770	4	0
361	770	3	0
363	770	4	0
374	770	5	0
375	770	3	0
380	770	3	0
405	770	1	0
411	770	4	0
416	770	4	0
437	770	3	0
447	770	3	0
455	770	3	0
457	770	4	0
495	770	3	0
506	770	3	0
537	770	3	0
543	770	4	0
551	770	2	0
554	770	1	0
577	770	4	0
618	770	2	0
640	770	4	0
655	770	2	0
664	770	4	0
671	770	2	0
707	770	3	0
823	770	4	0
846	770	5	0
864	770	3	0
870	770	4	0
880	770	4	0
883	770	4	0
896	770	5	0
13	778	3	0
18	778	2	0
43	778	5	0
56	778	4	0
64	778	5	0
65	778	4	0
77	778	2	0
92	778	4	0
102	778	3	0
106	778	4	0
144	778	4	0
152	778	3	0
180	778	2	0
213	778	5	0
224	778	1	0
243	778	4	0
256	778	4	0
262	778	4	0
269	778	3	0
270	778	5	0
279	778	4	0
286	778	5	0
299	778	4	0
303	778	4	0
305	778	4	0
308	778	3	0
311	778	4	0
313	778	2	0
327	778	3	0
328	778	3	0
343	778	5	0
363	778	4	0
373	778	5	0
378	778	3	0
381	778	4	0
389	778	4	0
393	778	3	0
405	778	1	0
416	778	3	0
417	778	4	0
429	778	3	0
435	778	4	0
437	778	3	0
450	778	3	0
455	778	4	0
477	778	4	0
484	778	5	0
503	778	5	0
514	778	4	0
533	778	4	0
535	778	2	0
536	778	4	0
537	778	3	0
543	778	4	0
588	778	3	0
618	778	3	0
633	778	2	0
639	778	5	0
640	778	4	0
655	778	2	0
664	778	3	0
707	778	3	0
711	778	4	0
715	778	2	0
719	778	3	0
751	778	3	0
774	778	5	0
796	778	4	0
844	778	4	0
846	778	4	0
868	778	2	0
883	778	4	0
904	778	3	0
914	778	5	0
921	778	3	0
932	778	4	0
13	789	5	0
49	789	4	0
59	789	4	0
87	789	3	0
92	789	5	0
94	789	4	0
99	789	4	0
117	789	4	0
145	789	4	0
201	789	3	0
216	789	5	0
218	789	3	0
221	789	4	0
249	789	5	0
264	789	4	0
267	789	5	0
276	789	3	0
279	789	4	0
292	789	4	0
293	789	2	0
342	789	3	0
363	789	4	0
374	789	4	0
387	789	4	0
393	789	1	0
405	789	1	0
429	789	4	0
456	789	3	0
474	789	4	0
487	789	4	0
535	789	2	0
537	789	2	0
542	789	3	0
592	789	4	0
608	789	3	0
655	789	3	0
715	789	4	0
806	789	4	0
846	789	4	0
862	789	5	0
864	789	4	0
870	789	4	0
886	789	3	0
889	789	2	0
896	789	2	0
913	789	4	0
933	789	4	0
13	806	5	0
65	806	4	0
76	806	4	0
94	806	4	0
110	806	3	0
116	806	4	0
130	806	3	0
132	806	3	0
154	806	4	0
156	806	3	0
177	806	4	0
201	806	3	0
222	806	4	0
233	806	4	0
234	806	2	0
248	806	3	0
249	806	5	0
253	806	4	0
269	806	3	0
276	806	4	0
305	806	3	0
308	806	4	0
314	806	4	0
327	806	4	0
339	806	4	0
347	806	3	0
374	806	3	0
378	806	4	0
387	806	1	0
399	806	3	0
405	806	1	0
406	806	4	0
429	806	2	0
456	806	3	0
493	806	3	0
498	806	3	0
537	806	3	0
562	806	1	0
586	806	4	0
592	806	4	0
606	806	5	0
655	806	3	0
682	806	3	0
686	806	5	0
805	806	4	0
833	806	4	0
846	806	3	0
851	806	4	0
875	806	4	0
916	806	4	0
14	919	4	0
17	919	4	0
23	919	5	0
24	919	3	0
49	919	5	0
52	919	5	0
59	919	4	0
64	919	4	0
76	919	3	0
82	919	3	0
97	919	5	0
118	919	5	0
151	919	5	0
154	919	4	0
176	919	2	0
177	919	4	0
181	919	1	0
201	919	3	0
232	919	3	0
246	919	4	0
249	919	5	0
269	919	4	0
276	919	4	0
279	919	3	0
292	919	5	0
297	919	1	0
299	919	3	0
303	919	4	0
312	919	3	0
327	919	5	0
343	919	5	0
345	919	2	0
363	919	5	0
367	919	5	0
369	919	5	0
385	919	4	0
387	919	5	0
399	919	2	0
406	919	2	0
422	919	5	0
433	919	5	0
435	919	5	0
445	919	1	0
456	919	4	0
467	919	2	0
470	919	3	0
486	919	3	0
490	919	4	0
498	919	4	0
500	919	3	0
518	919	5	0
526	919	3	0
533	919	2	0
534	919	5	0
535	919	4	0
537	919	4	0
543	919	2	0
567	919	4	0
581	919	5	0
582	919	5	0
585	919	2	0
592	919	5	0
606	919	2	0
624	919	4	0
634	919	2	0
640	919	5	0
655	919	2	0
658	919	2	0
663	919	3	0
738	919	4	0
756	919	5	0
758	919	5	0
770	919	5	0
773	919	5	0
795	919	4	0
815	919	5	0
823	919	4	0
825	919	1	0
833	919	2	0
838	919	5	0
844	919	3	0
854	919	4	0
855	919	3	0
862	919	4	0
865	919	5	0
868	919	4	0
883	919	4	0
886	919	4	0
889	919	5	0
894	919	4	0
913	919	4	0
916	919	5	0
919	919	2	0
922	919	5	0
936	919	5	0
941	919	5	0
16	939	4	0
42	939	4	0
43	939	3	0
94	939	4	0
110	939	4	0
130	939	4	0
135	939	4	0
145	939	4	0
151	939	4	0
180	939	4	0
185	939	3	0
186	939	5	0
194	939	3	0
198	939	3	0
222	939	3	0
234	939	2	0
256	939	5	0
269	939	2	0
276	939	3	0
291	939	4	0
293	939	2	0
303	939	3	0
311	939	2	0
314	939	4	0
328	939	4	0
339	939	4	0
375	939	3	0
378	939	4	0
393	939	4	0
405	939	5	0
412	939	4	0
429	939	4	0
450	939	4	0
454	939	2	0
455	939	4	0
458	939	4	0
474	939	4	0
487	939	3	0
504	939	4	0
554	939	4	0
577	939	5	0
586	939	4	0
592	939	3	0
606	939	4	0
608	939	4	0
618	939	2	0
627	939	3	0
633	939	4	0
655	939	3	0
693	939	4	0
709	939	4	0
715	939	4	0
747	939	3	0
757	939	4	0
764	939	4	0
796	939	3	0
864	939	4	0
870	939	3	0
886	939	4	0
916	939	3	0
16	942	4	0
90	942	4	0
94	942	4	0
116	942	3	0
128	942	5	0
144	942	4	0
184	942	3	0
198	942	4	0
213	942	4	0
234	942	3	0
276	942	4	0
280	942	5	0
293	942	4	0
308	942	3	0
311	942	5	0
314	942	3	0
321	942	3	0
339	942	4	0
378	942	3	0
385	942	2	0
387	942	4	0
389	942	3	0
405	942	1	0
406	942	4	0
416	942	4	0
450	942	5	0
454	942	2	0
455	942	4	0
504	942	4	0
524	942	4	0
535	942	4	0
537	942	3	0
561	942	3	0
606	942	4	0
618	942	2	0
627	942	2	0
642	942	4	0
655	942	4	0
659	942	3	0
682	942	2	0
693	942	2	0
721	942	4	0
805	942	3	0
846	942	4	0
896	942	4	0
16	943	3	0
94	943	3	0
135	943	3	0
145	943	3	0
162	943	4	0
201	943	3	0
216	943	5	0
221	943	4	0
250	943	4	0
267	943	4	0
270	943	5	0
276	943	4	0
291	943	4	0
293	943	2	0
303	943	2	0
305	943	2	0
343	943	4	0
347	943	4	0
387	943	4	0
405	943	1	0
417	943	3	0
425	943	4	0
435	943	3	0
442	943	4	0
456	943	4	0
468	943	3	0
474	943	4	0
497	943	4	0
524	943	3	0
551	943	5	0
561	943	3	0
658	943	3	0
682	943	3	0
833	943	4	0
870	943	2	0
881	943	4	0
886	943	3	0
889	943	3	0
916	943	4	0
943	943	5	0
18	955	4	0
58	955	4	0
62	955	4	0
76	955	4	0
85	955	4	0
92	955	4	0
128	955	5	0
160	955	4	0
201	955	3	0
244	955	4	0
262	955	2	0
268	955	3	0
286	955	5	0
293	955	2	0
299	955	4	0
334	955	1	0
344	955	4	0
345	955	4	0
354	955	3	0
360	955	5	0
389	955	4	0
405	955	1	0
416	955	4	0
437	955	4	0
456	955	4	0
468	955	4	0
487	955	5	0
524	955	1	0
535	955	3	0
537	955	4	0
551	955	3	0
561	955	3	0
618	955	2	0
642	955	3	0
645	955	4	0
655	955	3	0
711	955	1	0
712	955	2	0
715	955	4	0
758	955	2	0
762	955	5	0
763	955	2	0
828	955	3	0
846	955	3	0
859	955	5	0
871	955	3	0
877	955	4	0
883	955	5	0
889	955	3	0
18	959	3	0
49	959	2	0
59	959	4	0
62	959	4	0
64	959	4	0
94	959	5	0
130	959	4	0
198	959	3	0
234	959	2	0
244	959	4	0
259	959	4	0
262	959	2	0
267	959	3	0
269	959	5	0
276	959	4	0
299	959	2	0
301	959	4	0
308	959	3	0
314	959	3	0
327	959	5	0
336	959	3	0
346	959	2	0
347	959	5	0
363	959	1	0
378	959	3	0
380	959	2	0
385	959	3	0
399	959	3	0
405	959	1	0
416	959	5	0
445	959	5	0
453	959	4	0
456	959	4	0
457	959	4	0
476	959	3	0
478	959	4	0
493	959	2	0
537	959	3	0
542	959	3	0
551	959	5	0
561	959	3	0
566	959	4	0
588	959	5	0
606	959	5	0
618	959	4	0
642	959	5	0
643	959	3	0
645	959	4	0
655	959	3	0
666	959	4	0
682	959	4	0
709	959	4	0
711	959	5	0
747	959	5	0
758	959	3	0
773	959	4	0
790	959	3	0
805	959	2	0
843	959	2	0
870	959	4	0
886	959	3	0
889	959	3	0
916	959	4	0
933	959	1	0
26	1012	4	0
32	1012	4	0
54	1012	2	0
58	1012	4	0
62	1012	3	0
63	1012	3	0
92	1012	4	0
94	1012	4	0
104	1012	4	0
109	1012	4	0
117	1012	4	0
144	1012	4	0
145	1012	4	0
148	1012	4	0
159	1012	5	0
160	1012	5	0
162	1012	4	0
168	1012	5	0
176	1012	4	0
178	1012	4	0
184	1012	3	0
207	1012	3	0
210	1012	4	0
213	1012	3	0
221	1012	4	0
244	1012	2	0
249	1012	3	0
251	1012	4	0
277	1012	3	0
279	1012	5	0
291	1012	4	0
294	1012	4	0
300	1012	4	0
301	1012	4	0
303	1012	4	0
314	1012	4	0
318	1012	4	0
323	1012	4	0
327	1012	2	0
336	1012	5	0
342	1012	4	0
345	1012	3	0
347	1012	4	0
363	1012	4	0
367	1012	4	0
385	1012	3	0
387	1012	4	0
392	1012	4	0
403	1012	1	0
407	1012	3	0
416	1012	4	0
429	1012	3	0
432	1012	5	0
445	1012	1	0
457	1012	4	0
463	1012	2	0
467	1012	3	0
468	1012	4	0
490	1012	3	0
500	1012	4	0
521	1012	3	0
525	1012	3	0
554	1012	3	0
567	1012	3	0
573	1012	2	0
592	1012	5	0
593	1012	3	0
609	1012	1	0
621	1012	5	0
624	1012	4	0
643	1012	4	0
653	1012	4	0
655	1012	3	0
680	1012	3	0
682	1012	4	0
692	1012	1	0
697	1012	1	0
703	1012	4	0
730	1012	5	0
735	1012	2	0
742	1012	4	0
758	1012	4	0
761	1012	1	0
764	1012	4	0
770	1012	5	0
782	1012	2	0
789	1012	4	0
796	1012	3	0
806	1012	4	0
831	1012	4	0
833	1012	4	0
847	1012	1	0
880	1012	4	0
883	1012	5	0
887	1012	1	0
893	1012	3	0
910	1012	4	0
919	1012	4	0
923	1012	5	0
938	1012	5	0
48	1065	2	0
59	1065	5	0
64	1065	1	0
70	1065	4	0
85	1065	3	0
94	1065	4	0
144	1065	4	0
151	1065	3	0
187	1065	4	0
189	1065	5	0
201	1065	3	0
214	1065	5	0
239	1065	5	0
268	1065	4	0
269	1065	5	0
288	1065	4	0
307	1065	3	0
308	1065	5	0
315	1065	4	0
354	1065	3	0
380	1065	4	0
385	1065	3	0
405	1065	1	0
406	1065	2	0
409	1065	2	0
524	1065	1	0
537	1065	1	0
556	1065	4	0
566	1065	5	0
606	1065	5	0
615	1065	4	0
639	1065	1	0
643	1065	4	0
650	1065	4	0
653	1065	1	0
660	1065	2	0
721	1065	5	0
763	1065	5	0
804	1065	3	0
805	1065	5	0
836	1065	4	0
840	1065	5	0
843	1065	3	0
848	1065	2	0
867	1065	5	0
878	1065	1	0
883	1065	5	0
886	1065	4	0
889	1065	4	0
890	1065	3	0
918	1065	4	0
932	1065	5	0
934	1065	2	0
58	1101	5	0
59	1101	5	0
82	1101	4	0
83	1101	2	0
85	1101	4	0
90	1101	4	0
94	1101	3	0
95	1101	2	0
119	1101	5	0
144	1101	4	0
151	1101	4	0
178	1101	4	0
184	1101	4	0
216	1101	4	0
234	1101	3	0
246	1101	5	0
269	1101	4	0
271	1101	4	0
272	1101	5	0
286	1101	5	0
293	1101	3	0
305	1101	4	0
321	1101	3	0
327	1101	4	0
331	1101	4	0
345	1101	4	0
354	1101	3	0
363	1101	3	0
374	1101	4	0
378	1101	3	0
380	1101	4	0
391	1101	4	0
402	1101	4	0
405	1101	3	0
406	1101	4	0
429	1101	5	0
456	1101	3	0
458	1101	4	0
478	1101	4	0
499	1101	5	0
514	1101	4	0
524	1101	4	0
527	1101	4	0
535	1101	4	0
537	1101	3	0
559	1101	4	0
561	1101	3	0
608	1101	4	0
639	1101	3	0
643	1101	3	0
653	1101	2	0
655	1101	2	0
658	1101	4	0
664	1101	3	0
667	1101	3	0
675	1101	4	0
707	1101	4	0
710	1101	4	0
716	1101	5	0
751	1101	1	0
763	1101	3	0
795	1101	4	0
796	1101	5	0
804	1101	3	0
805	1101	5	0
846	1101	3	0
848	1101	5	0
864	1101	4	0
896	1101	2	0
899	1101	5	0
903	1101	4	0
916	1101	4	0
918	1101	4	0
919	1101	5	0
59	1109	3	0
90	1109	3	0
151	1109	4	0
244	1109	4	0
256	1109	4	0
270	1109	5	0
276	1109	3	0
291	1109	4	0
297	1109	3	0
303	1109	4	0
328	1109	3	0
372	1109	4	0
405	1109	1	0
406	1109	4	0
429	1109	2	0
435	1109	3	0
452	1109	2	0
458	1109	4	0
527	1109	3	0
629	1109	4	0
664	1109	4	0
671	1109	2	0
707	1109	5	0
846	1109	3	0
862	1109	5	0
864	1109	4	0
916	1109	3	0
919	1109	3	0
59	1118	2	0
62	1118	3	0
87	1118	3	0
94	1118	4	0
196	1118	4	0
207	1118	3	0
210	1118	4	0
244	1118	4	0
264	1118	4	0
268	1118	3	0
276	1118	4	0
279	1118	3	0
286	1118	1	0
303	1118	3	0
308	1118	4	0
325	1118	3	0
326	1118	2	0
336	1118	4	0
385	1118	3	0
387	1118	3	0
405	1118	1	0
406	1118	3	0
407	1118	4	0
429	1118	4	0
476	1118	3	0
495	1118	5	0
504	1118	3	0
536	1118	2	0
551	1118	5	0
621	1118	3	0
650	1118	3	0
655	1118	3	0
682	1118	3	0
690	1118	1	0
711	1118	4	0
774	1118	3	0
790	1118	3	0
805	1118	5	0
823	1118	3	0
833	1118	3	0
843	1118	2	0
846	1118	5	0
848	1118	5	0
870	1118	3	0
881	1118	3	0
883	1118	4	0
892	1118	3	0
59	1119	4	0
89	1119	3	0
94	1119	4	0
99	1119	4	0
122	1119	3	0
165	1119	3	0
178	1119	4	0
180	1119	3	0
187	1119	3	0
224	1119	3	0
235	1119	3	0
244	1119	5	0
256	1119	3	0
270	1119	5	0
286	1119	3	0
293	1119	1	0
299	1119	4	0
311	1119	4	0
354	1119	4	0
361	1119	3	0
373	1119	5	0
381	1119	4	0
389	1119	3	0
398	1119	4	0
405	1119	3	0
416	1119	5	0
417	1119	3	0
429	1119	3	0
436	1119	4	0
450	1119	4	0
457	1119	4	0
472	1119	5	0
495	1119	4	0
532	1119	5	0
561	1119	3	0
593	1119	5	0
608	1119	5	0
629	1119	5	0
650	1119	3	0
659	1119	4	0
663	1119	3	0
711	1119	4	0
712	1119	4	0
721	1119	4	0
727	1119	3	0
756	1119	4	0
790	1119	4	0
796	1119	4	0
798	1119	3	0
805	1119	3	0
831	1119	3	0
864	1119	3	0
871	1119	3	0
880	1119	3	0
886	1119	4	0
896	1119	3	0
907	1119	5	0
916	1119	3	0
919	1119	3	0
94	1220	3	0
116	1220	2	0
130	1220	5	0
194	1220	3	0
201	1220	2	0
222	1220	4	0
246	1220	3	0
262	1220	4	0
276	1220	4	0
291	1220	5	0
293	1220	2	0
303	1220	2	0
314	1220	5	0
378	1220	3	0
399	1220	2	0
405	1220	3	0
406	1220	3	0
416	1220	3	0
429	1220	3	0
450	1220	5	0
456	1220	3	0
487	1220	4	0
551	1220	5	0
561	1220	2	0
682	1220	4	0
712	1220	5	0
846	1220	2	0
896	1220	1	0
907	1220	5	0
916	1220	3	0
94	1221	3	0
95	1221	4	0
128	1221	3	0
159	1221	5	0
174	1221	5	0
224	1221	3	0
234	1221	4	0
276	1221	3	0
280	1221	5	0
295	1221	5	0
311	1221	4	0
314	1221	3	0
345	1221	3	0
378	1221	3	0
393	1221	3	0
405	1221	1	0
416	1221	5	0
450	1221	5	0
457	1221	4	0
474	1221	4	0
478	1221	2	0
532	1221	5	0
593	1221	3	0
608	1221	2	0
618	1221	2	0
643	1221	3	0
655	1221	3	0
682	1221	3	0
694	1221	3	0
711	1221	4	0
712	1221	4	0
721	1221	3	0
764	1221	4	0
846	1221	3	0
870	1221	3	0
885	1221	3	0
896	1221	2	0
907	1221	5	0
942	1221	4	0
