1	10	3	0
2	10	2	0
7	10	4	0
49	10	3	0
59	10	4	0
63	10	4	0
64	10	5	0
79	10	5	0
85	10	4	0
90	10	5	0
104	10	2	0
108	10	5	0
151	10	5	0
158	10	4	0
181	10	2	0
189	10	5	0
201	10	3	0
230	10	3	0
234	10	3	0
239	10	5	0
243	10	4	0
268	10	4	0
279	10	4	0
292	10	5	0
294	10	3	0
296	10	2	0
299	10	5	0
312	10	5	0
327	10	4	0
328	10	4	0
334	10	4	0
343	10	4	0
349	10	5	0
354	10	5	0
357	10	5	0
360	10	5	0
378	10	3	0
387	10	4	0
402	10	2	0
406	10	3	0
416	10	3	0
423	10	4	0
430	10	4	0
435	10	5	0
450	10	4	0
460	10	3	0
463	10	1	0
467	10	4	0
469	10	5	0
473	10	3	0
486	10	4	0
496	10	5	0
498	10	5	0
500	10	3	0
503	10	5	0
506	10	2	0
514	10	4	0
518	10	3	0
533	10	2	0
536	10	4	0
537	10	4	0
561	10	3	0
565	10	5	0
567	10	4	0
573	10	4	0
585	10	3	0
636	10	5	0
662	10	4	0
698	10	4	0
699	10	4	0
707	10	5	0
711	10	5	0
733	10	3	0
745	10	5	0
765	10	4	0
788	10	4	0
790	10	1	0
795	10	4	0
804	10	4	0
828	10	3	0
829	10	3	0
851	10	3	0
861	10	3	0
862	10	5	0
870	10	4	0
883	10	5	0
886	10	3	0
894	10	4	0
906	10	4	0
1	13	5	0
2	13	4	0
6	13	2	0
10	13	3	0
13	13	5	0
14	13	4	0
15	13	1	0
17	13	3	0
18	13	5	0
23	13	4	0
25	13	4	0
26	13	3	0
45	13	5	0
49	13	3	0
52	13	5	0
58	13	3	0
59	13	5	0
60	13	4	0
62	13	4	0
63	13	4	0
74	13	4	0
75	13	5	0
79	13	3	0
82	13	2	0
85	13	3	0
87	13	3	0
89	13	2	0
92	13	4	0
102	13	3	0
104	13	3	0
108	13	3	0
115	13	5	0
123	13	3	0
138	13	4	0
145	13	5	0
150	13	4	0
151	13	3	0
160	13	4	0
174	13	3	0
176	13	4	0
181	13	2	0
184	13	3	0
188	13	4	0
189	13	4	0
194	13	4	0
196	13	2	0
207	13	3	0
213	13	4	0
214	13	3	0
219	13	1	0
227	13	5	0
234	13	3	0
243	13	4	0
244	13	4	0
249	13	4	0
268	13	3	0
269	13	4	0
270	13	4	0
271	13	4	0
279	13	3	0
280	13	5	0
286	13	2	0
288	13	5	0
296	13	3	0
297	13	3	0
299	13	4	0
303	13	4	0
305	13	3	0
306	13	4	0
315	13	4	0
327	13	2	0
334	13	3	0
336	13	3	0
342	13	3	0
343	13	5	0
344	13	3	0
345	13	4	0
354	13	3	0
360	13	3	0
365	13	3	0
378	13	3	0
381	13	4	0
387	13	4	0
390	13	2	0
398	13	3	0
401	13	2	0
402	13	3	0
406	13	2	0
416	13	5	0
417	13	2	0
437	13	4	0
439	13	3	0
447	13	5	0
450	13	3	0
456	13	4	0
457	13	3	0
458	13	4	0
460	13	3	0
463	13	3	0
468	13	4	0
470	13	4	0
474	13	5	0
486	13	4	0
497	13	2	0
500	13	5	0
501	13	4	0
503	13	3	0
508	13	4	0
514	13	3	0
518	13	4	0
521	13	2	0
524	13	4	0
533	13	3	0
537	13	4	0
540	13	4	0
542	13	4	0
543	13	3	0
548	13	1	0
551	13	1	0
552	13	3	0
554	13	2	0
555	13	5	0
560	13	3	0
561	13	3	0
569	13	3	0
572	13	4	0
590	13	4	0
591	13	4	0
592	13	5	0
596	13	2	0
615	13	4	0
634	13	4	0
635	13	2	0
637	13	1	0
642	13	4	0
648	13	3	0
654	13	1	0
655	13	3	0
659	13	4	0
662	13	4	0
663	13	3	0
666	13	4	0
668	13	4	0
676	13	1	0
689	13	1	0
699	13	4	0
707	13	4	0
716	13	2	0
722	13	2	0
733	13	3	0
735	13	4	0
742	13	4	0
747	13	3	0
758	13	5	0
763	13	3	0
764	13	2	0
769	13	4	0
773	13	4	0
790	13	3	0
792	13	4	0
794	13	4	0
805	13	3	0
823	13	5	0
829	13	4	0
833	13	2	0
834	13	2	0
837	13	4	0
844	13	3	0
847	13	3	0
854	13	3	0
864	13	4	0
869	13	3	0
870	13	4	0
881	13	4	0
883	13	4	0
887	13	1	0
889	13	4	0
894	13	4	0
895	13	5	0
901	13	1	0
903	13	5	0
924	13	3	0
934	13	5	0
936	13	4	0
1	14	5	0
2	14	4	0
6	14	5	0
13	14	4	0
14	14	3	0
15	14	4	0
18	14	5	0
23	14	4	0
26	14	3	0
43	14	2	0
59	14	5	0
62	14	4	0
63	14	4	0
71	14	5	0
82	14	4	0
85	14	4	0
89	14	4	0
90	14	5	0
93	14	4	0
95	14	5	0
106	14	4	0
108	14	5	0
121	14	5	0
123	14	5	0
128	14	5	0
131	14	5	0
136	14	5	0
138	14	3	0
144	14	4	0
150	14	4	0
151	14	5	0
161	14	4	0
174	14	5	0
181	14	1	0
184	14	4	0
189	14	5	0
195	14	4	0
199	14	4	0
207	14	4	0
209	14	3	0
226	14	5	0
227	14	4	0
232	14	4	0
233	14	4	0
234	14	3	0
239	14	5	0
243	14	3	0
252	14	4	0
257	14	5	0
264	14	4	0
266	14	4	0
276	14	4	0
286	14	4	0
293	14	3	0
296	14	4	0
299	14	4	0
305	14	4	0
306	14	5	0
310	14	5	0
312	14	5	0
316	14	4	0
318	14	4	0
321	14	3	0
324	14	5	0
327	14	4	0
334	14	3	0
342	14	5	0
344	14	5	0
345	14	4	0
354	14	4	0
360	14	5	0
361	14	4	0
370	14	3	0
376	14	4	0
378	14	5	0
381	14	5	0
382	14	3	0
383	14	5	0
397	14	3	0
401	14	3	0
406	14	4	0
409	14	5	0
413	14	5	0
416	14	4	0
419	14	5	0
420	14	5	0
424	14	4	0
437	14	5	0
439	14	5	0
442	14	1	0
449	14	3	0
452	14	3	0
455	14	3	0
456	14	5	0
457	14	4	0
458	14	5	0
460	14	5	0
463	14	1	0
473	14	4	0
474	14	5	0
484	14	4	0
486	14	5	0
491	14	2	0
498	14	4	0
503	14	3	0
514	14	3	0
518	14	3	0
523	14	5	0
524	14	5	0
525	14	3	0
527	14	2	0
533	14	3	0
535	14	3	0
537	14	4	0
543	14	4	0
548	14	1	0
552	14	4	0
554	14	4	0
558	14	4	0
561	14	3	0
569	14	4	0
572	14	4	0
585	14	4	0
590	14	5	0
592	14	5	0
594	14	4	0
595	14	5	0
605	14	5	0
614	14	3	0
615	14	5	0
624	14	5	0
634	14	3	0
639	14	5	0
640	14	4	0
648	14	2	0
654	14	2	0
655	14	3	0
664	14	4	0
677	14	1	0
678	14	3	0
680	14	5	0
699	14	3	0
704	14	3	0
707	14	3	0
731	14	3	0
733	14	5	0
742	14	5	0
745	14	3	0
747	14	3	0
758	14	5	0
764	14	4	0
765	14	5	0
768	14	5	0
770	14	5	0
773	14	5	0
794	14	5	0
798	14	2	0
806	14	3	0
821	14	4	0
825	14	3	0
828	14	4	0
829	14	2	0
840	14	5	0
854	14	4	0
857	14	4	0
861	14	4	0
874	14	4	0
877	14	5	0
878	14	5	0
881	14	1	0
883	14	3	0
884	14	4	0
894	14	4	0
909	14	4	0
912	14	5	0
916	14	5	0
919	14	4	0
930	14	4	0
931	14	4	0
932	14	4	0
936	14	4	0
937	14	4	0
940	14	3	0
1	20	4	0
15	20	3	0
58	20	1	0
62	20	4	0
63	20	3	0
90	20	4	0
115	20	3	0
116	20	3	0
144	20	4	0
158	20	4	0
181	20	1	0
184	20	4	0
189	20	5	0
201	20	2	0
214	20	4	0
224	20	1	0
234	20	4	0
244	20	4	0
286	20	4	0
292	20	2	0
296	20	5	0
297	20	4	0
299	20	3	0
321	20	3	0
334	20	4	0
343	20	5	0
349	20	5	0
354	20	5	0
373	20	2	0
381	20	5	0
387	20	4	0
406	20	3	0
417	20	2	0
455	20	3	0
457	20	5	0
458	20	4	0
460	20	4	0
463	20	5	0
473	20	3	0
477	20	4	0
483	20	2	0
486	20	3	0
503	20	5	0
533	20	5	0
537	20	3	0
540	20	4	0
558	20	5	0
566	20	4	0
585	20	4	0
592	20	4	0
655	20	3	0
680	20	4	0
699	20	4	0
733	20	5	0
745	20	1	0
758	20	4	0
825	20	2	0
828	20	2	0
829	20	3	0
837	20	4	0
854	20	2	0
857	20	3	0
861	20	4	0
874	20	3	0
878	20	2	0
883	20	4	0
886	20	2	0
894	20	5	0
896	20	1	0
901	20	1	0
919	20	1	0
936	20	5	0
1	26	3	0
18	26	4	0
43	26	5	0
89	26	3	0
90	26	4	0
95	26	3	0
128	26	4	0
138	26	5	0
151	26	3	0
194	26	3	0
201	26	4	0
222	26	3	0
224	26	3	0
243	26	3	0
244	26	5	0
264	26	4	0
270	26	5	0
293	26	3	0
299	26	4	0
303	26	4	0
318	26	5	0
327	26	3	0
336	26	5	0
342	26	2	0
343	26	3	0
344	26	3	0
345	26	3	0
361	26	3	0
391	26	5	0
393	26	3	0
399	26	2	0
401	26	3	0
405	26	3	0
406	26	3	0
429	26	3	0
436	26	3	0
437	26	2	0
442	26	3	0
450	26	5	0
474	26	4	0
476	26	4	0
478	26	5	0
503	26	2	0
514	26	3	0
532	26	3	0
533	26	3	0
537	26	3	0
551	26	4	0
591	26	3	0
593	26	4	0
615	26	4	0
627	26	3	0
655	26	3	0
666	26	3	0
682	26	3	0
686	26	5	0
707	26	3	0
712	26	2	0
747	26	3	0
758	26	4	0
763	26	4	0
796	26	2	0
823	26	5	0
828	26	3	0
833	26	1	0
846	26	4	0
860	26	3	0
861	26	3	0
883	26	3	0
886	26	4	0
889	26	4	0
894	26	4	0
911	26	4	0
1	32	5	0
6	32	4	0
7	32	4	0
10	32	4	0
13	32	4	0
14	32	5	0
18	32	2	0
23	32	3	0
31	32	5	0
58	32	5	0
59	32	4	0
64	32	1	0
73	32	4	0
92	32	3	0
94	32	5	0
95	32	1	0
97	32	5	0
115	32	5	0
118	32	5	0
144	32	4	0
160	32	5	0
201	32	3	0
214	32	4	0
221	32	4	0
232	32	4	0
234	32	3	0
244	32	2	0
272	32	4	0
279	32	3	0
296	32	4	0
297	32	4	0
299	32	3	0
308	32	5	0
321	32	3	0
322	32	5	0
325	32	3	0
327	32	4	0
331	32	4	0
339	32	5	0
342	32	5	0
354	32	3	0
363	32	2	0
385	32	5	0
387	32	5	0
402	32	3	0
405	32	1	0
406	32	5	0
416	32	2	0
417	32	2	0
425	32	3	0
429	32	4	0
456	32	4	0
458	32	4	0
465	32	3	0
478	32	3	0
479	32	3	0
498	32	4	0
524	32	4	0
535	32	3	0
537	32	3	0
561	32	4	0
567	32	5	0
571	32	2	0
592	32	5	0
643	32	4	0
645	32	5	0
655	32	4	0
658	32	3	0
666	32	4	0
737	32	4	0
747	32	5	0
773	32	4	0
804	32	3	0
805	32	4	0
833	32	5	0
848	32	5	0
854	32	4	0
875	32	5	0
889	32	4	0
894	32	4	0
929	32	3	0
1	42	5	0
5	42	5	0
11	42	3	0
13	42	4	0
14	42	4	0
18	42	3	0
49	42	4	0
56	42	4	0
57	42	5	0
58	42	4	0
59	42	5	0
69	42	5	0
76	42	3	0
77	42	5	0
81	42	4	0
85	42	3	0
90	42	4	0
92	42	4	0
94	42	4	0
96	42	1	0
109	42	1	0
130	42	4	0
136	42	3	0
142	42	4	0
145	42	5	0
158	42	3	0
162	42	3	0
177	42	4	0
201	42	4	0
207	42	4	0
213	42	5	0
214	42	5	0
216	42	5	0
218	42	4	0
221	42	5	0
239	42	5	0
244	42	5	0
249	42	5	0
264	42	5	0
268	42	4	0
269	42	5	0
272	42	4	0
276	42	4	0
279	42	4	0
283	42	5	0
286	42	4	0
295	42	3	0
297	42	3	0
301	42	4	0
303	42	5	0
305	42	4	0
308	42	4	0
314	42	5	0
320	42	4	0
327	42	3	0
334	42	4	0
336	42	5	0
339	42	4	0
342	42	3	0
343	42	4	0
345	42	2	0
354	42	2	0
363	42	2	0
370	42	3	0
371	42	3	0
378	42	4	0
385	42	1	0
387	42	4	0
389	42	4	0
393	42	4	0
394	42	4	0
399	42	2	0
402	42	4	0
405	42	1	0
406	42	5	0
416	42	3	0
417	42	4	0
429	42	5	0
430	42	3	0
435	42	3	0
437	42	3	0
442	42	4	0
453	42	5	0
455	42	2	0
456	42	4	0
468	42	4	0
474	42	4	0
476	42	4	0
478	42	5	0
481	42	3	0
487	42	3	0
496	42	5	0
497	42	4	0
500	42	5	0
506	42	3	0
514	42	5	0
521	42	5	0
523	42	3	0
524	42	3	0
535	42	3	0
537	42	3	0
538	42	1	0
542	42	3	0
551	42	5	0
561	42	3	0
588	42	5	0
592	42	5	0
606	42	3	0
608	42	5	0
629	42	2	0
640	42	5	0
643	42	4	0
653	42	2	0
655	42	3	0
658	42	4	0
663	42	5	0
679	42	4	0
682	42	5	0
711	42	3	0
712	42	1	0
715	42	5	0
727	42	5	0
738	42	2	0
751	42	5	0
765	42	5	0
773	42	3	0
777	42	5	0
778	42	5	0
790	42	5	0
795	42	3	0
805	42	2	0
823	42	4	0
836	42	3	0
846	42	5	0
848	42	2	0
854	42	4	0
870	42	2	0
875	42	4	0
880	42	5	0
886	42	5	0
889	42	5	0
896	42	4	0
907	42	4	0
913	42	3	0
916	42	5	0
918	42	3	0
933	42	1	0
943	42	5	0
1	47	4	0
6	47	3	0
7	47	5	0
11	47	4	0
18	47	3	0
43	47	1	0
49	47	5	0
59	47	5	0
60	47	4	0
62	47	4	0
65	47	2	0
87	47	3	0
92	47	4	0
94	47	5	0
98	47	4	0
102	47	2	0
116	47	3	0
130	47	3	0
151	47	3	0
177	47	3	0
184	47	4	0
185	47	4	0
195	47	5	0
201	47	4	0
216	47	4	0
218	47	4	0
233	47	5	0
234	47	2	0
239	47	2	0
262	47	2	0
264	47	5	0
267	47	5	0
268	47	1	0
269	47	4	0
271	47	3	0
276	47	4	0
279	47	4	0
286	47	4	0
293	47	3	0
295	47	5	0
297	47	2	0
299	47	4	0
301	47	4	0
303	47	5	0
308	47	4	0
311	47	2	0
313	47	3	0
318	47	2	0
325	47	3	0
327	47	4	0
330	47	5	0
331	47	5	0
334	47	4	0
339	47	4	0
342	47	5	0
343	47	4	0
354	47	4	0
361	47	4	0
363	47	5	0
378	47	4	0
379	47	5	0
385	47	4	0
387	47	4	0
389	47	4	0
391	47	4	0
398	47	3	0
399	47	3	0
405	47	5	0
406	47	4	0
417	47	3	0
429	47	4	0
436	47	4	0
437	47	4	0
450	47	3	0
455	47	2	0
457	47	4	0
468	47	5	0
474	47	4	0
476	47	3	0
503	47	5	0
506	47	4	0
508	47	3	0
514	47	4	0
524	47	2	0
533	47	1	0
535	47	5	0
537	47	4	0
542	47	5	0
543	47	3	0
555	47	2	0
561	47	4	0
567	47	4	0
571	47	3	0
591	47	3	0
592	47	5	0
601	47	3	0
622	47	3	0
627	47	2	0
640	47	4	0
643	47	4	0
645	47	4	0
648	47	2	0
655	47	3	0
660	47	2	0
663	47	4	0
664	47	4	0
682	47	1	0
690	47	1	0
716	47	3	0
737	47	3	0
738	47	3	0
747	47	5	0
749	47	4	0
763	47	3	0
773	47	4	0
790	47	2	0
795	47	3	0
805	47	5	0
806	47	4	0
833	47	5	0
846	47	5	0
847	47	2	0
864	47	5	0
868	47	2	0
870	47	3	0
880	47	4	0
883	47	3	0
886	47	4	0
887	47	5	0
903	47	5	0
908	47	3	0
932	47	4	0
940	47	3	0
1	48	5	0
10	48	4	0
13	48	5	0
18	48	4	0
42	48	5	0
59	48	5	0
64	48	5	0
65	48	5	0
69	48	5	0
70	48	4	0
72	48	4	0
73	48	2	0
87	48	4	0
92	48	4	0
95	48	4	0
106	48	3	0
115	48	5	0
128	48	4	0
144	48	5	0
156	48	4	0
161	48	1	0
167	48	1	0
182	48	3	0
200	48	2	0
201	48	3	0
213	48	5	0
221	48	5	0
222	48	5	0
232	48	5	0
233	48	5	0
234	48	2	0
269	48	5	0
271	48	4	0
272	48	4	0
291	48	5	0
292	48	5	0
293	48	5	0
296	48	5	0
299	48	4	0
305	48	5	0
308	48	4	0
315	48	4	0
321	48	4	0
322	48	4	0
326	48	3	0
327	48	4	0
343	48	3	0
345	48	5	0
373	48	5	0
374	48	5	0
378	48	5	0
385	48	5	0
387	48	4	0
391	48	4	0
393	48	2	0
399	48	3	0
402	48	5	0
405	48	1	0
406	48	5	0
409	48	2	0
429	48	3	0
452	48	5	0
453	48	4	0
454	48	4	0
457	48	5	0
458	48	4	0
465	48	3	0
474	48	4	0
478	48	4	0
487	48	2	0
493	48	4	0
506	48	2	0
514	48	4	0
522	48	4	0
533	48	4	0
537	48	4	0
542	48	5	0
556	48	5	0
561	48	4	0
577	48	5	0
591	48	4	0
592	48	5	0
604	48	5	0
606	48	4	0
615	48	5	0
639	48	4	0
645	48	4	0
655	48	4	0
661	48	4	0
666	48	4	0
682	48	4	0
684	48	4	0
686	48	5	0
693	48	5	0
694	48	4	0
700	48	4	0
711	48	4	0
716	48	5	0
741	48	4	0
747	48	5	0
748	48	4	0
749	48	3	0
796	48	3	0
823	48	5	0
840	48	3	0
846	48	5	0
851	48	4	0
864	48	5	0
870	48	4	0
876	48	5	0
883	48	4	0
886	48	4	0
896	48	4	0
899	48	4	0
903	48	4	0
916	48	5	0
928	48	5	0
1	52	4	0
7	52	4	0
11	52	3	0
18	52	5	0
43	52	4	0
49	52	2	0
59	52	4	0
64	52	3	0
71	52	4	0
77	52	5	0
85	52	3	0
90	52	5	0
94	52	5	0
95	52	4	0
119	52	3	0
151	52	5	0
184	52	4	0
187	52	4	0
194	52	4	0
232	52	5	0
234	52	4	0
235	52	4	0
244	52	4	0
262	52	3	0
268	52	3	0
269	52	4	0
271	52	4	0
279	52	3	0
295	52	5	0
299	52	4	0
305	52	2	0
312	52	5	0
321	52	3	0
334	52	4	0
338	52	5	0
343	52	5	0
354	52	5	0
370	52	4	0
378	52	5	0
379	52	4	0
387	52	5	0
405	52	1	0
406	52	5	0
429	52	4	0
435	52	5	0
437	52	3	0
452	52	3	0
455	52	3	0
457	52	4	0
458	52	4	0
474	52	4	0
508	52	4	0
524	52	4	0
532	52	4	0
535	52	4	0
536	52	3	0
537	52	3	0
561	52	4	0
565	52	5	0
585	52	3	0
618	52	3	0
627	52	3	0
639	52	3	0
655	52	3	0
661	52	4	0
664	52	5	0
694	52	4	0
707	52	3	0
711	52	5	0
716	52	5	0
751	52	2	0
766	52	4	0
773	52	3	0
774	52	3	0
790	52	4	0
798	52	3	0
823	52	3	0
828	52	3	0
833	52	3	0
840	52	3	0
843	52	2	0
846	52	4	0
861	52	5	0
864	52	4	0
870	52	2	0
877	52	4	0
883	52	3	0
894	52	4	0
903	52	3	0
916	52	5	0
933	52	3	0
1	65	4	0
18	65	5	0
59	65	4	0
62	65	4	0
65	65	3	0
71	65	5	0
85	65	3	0
90	65	4	0
92	65	4	0
95	65	4	0
116	65	2	0
128	65	4	0
130	65	4	0
144	65	4	0
151	65	4	0
174	65	5	0
184	65	4	0
187	65	5	0
198	65	2	0
201	65	4	0
207	65	3	0
210	65	4	0
216	65	4	0
235	65	2	0
239	65	5	0
244	65	4	0
259	65	3	0
262	65	4	0
267	65	4	0
269	65	4	0
271	65	3	0
276	65	4	0
279	65	1	0
293	65	3	0
295	65	5	0
303	65	4	0
308	65	3	0
313	65	2	0
314	65	4	0
327	65	2	0
328	65	4	0
339	65	4	0
343	65	5	0
345	65	4	0
347	65	2	0
354	65	4	0
358	65	4	0
363	65	4	0
378	65	3	0
389	65	4	0
393	65	2	0
397	65	2	0
398	65	3	0
401	65	4	0
405	65	1	0
409	65	4	0
416	65	5	0
417	65	4	0
429	65	3	0
436	65	4	0
437	65	4	0
447	65	3	0
450	65	3	0
455	65	3	0
457	65	5	0
468	65	3	0
469	65	4	0
478	65	4	0
493	65	4	0
494	65	5	0
504	65	4	0
514	65	3	0
524	65	4	0
533	65	4	0
537	65	3	0
561	65	3	0
577	65	5	0
579	65	3	0
593	65	3	0
601	65	4	0
608	65	5	0
618	65	3	0
621	65	3	0
642	65	4	0
643	65	4	0
645	65	4	0
655	65	2	0
665	65	4	0
682	65	3	0
707	65	4	0
709	65	2	0
711	65	4	0
721	65	1	0
727	65	2	0
760	65	2	0
766	65	4	0
768	65	4	0
788	65	4	0
790	65	4	0
805	65	3	0
815	65	5	0
846	65	3	0
848	65	2	0
864	65	3	0
868	65	2	0
870	65	3	0
880	65	4	0
883	65	4	0
885	65	2	0
886	65	3	0
887	65	5	0
889	65	4	0
897	65	4	0
916	65	3	0
934	65	4	0
1	81	5	0
6	81	4	0
7	81	5	0
14	81	5	0
18	81	3	0
44	81	4	0
59	81	4	0
62	81	4	0
64	81	4	0
72	81	3	0
73	81	5	0
82	81	3	0
92	81	3	0
94	81	4	0
109	81	2	0
151	81	5	0
194	81	2	0
198	81	5	0
201	81	1	0
216	81	4	0
222	81	1	0
232	81	5	0
234	81	3	0
239	81	3	0
246	81	5	0
250	81	4	0
253	81	4	0
267	81	4	0
269	81	3	0
271	81	3	0
276	81	4	0
279	81	4	0
286	81	3	0
293	81	4	0
299	81	4	0
301	81	3	0
303	81	4	0
305	81	3	0
307	81	5	0
308	81	5	0
311	81	3	0
327	81	4	0
329	81	2	0
331	81	5	0
334	81	4	0
339	81	5	0
343	81	5	0
345	81	4	0
354	81	3	0
363	81	4	0
373	81	2	0
380	81	3	0
383	81	4	0
385	81	3	0
387	81	3	0
389	81	3	0
393	81	2	0
405	81	3	0
412	81	2	0
416	81	5	0
417	81	5	0
429	81	3	0
435	81	3	0
436	81	3	0
450	81	4	0
454	81	1	0
478	81	4	0
487	81	3	0
506	81	1	0
514	81	4	0
521	81	1	0
524	81	1	0
537	81	3	0
553	81	3	0
561	81	2	0
592	81	4	0
606	81	3	0
629	81	3	0
632	81	5	0
640	81	5	0
645	81	4	0
653	81	1	0
654	81	2	0
655	81	3	0
664	81	5	0
666	81	4	0
682	81	3	0
707	81	2	0
715	81	4	0
716	81	4	0
721	81	2	0
738	81	4	0
758	81	5	0
795	81	4	0
798	81	3	0
804	81	4	0
806	81	5	0
823	81	4	0
840	81	4	0
862	81	5	0
864	81	3	0
868	81	4	0
880	81	4	0
881	81	3	0
883	81	5	0
886	81	4	0
889	81	4	0
892	81	3	0
903	81	5	0
916	81	5	0
1	83	3	0
11	83	5	0
13	83	2	0
18	83	5	0
23	83	4	0
42	83	4	0
51	83	5	0
59	83	4	0
62	83	5	0
64	83	3	0
70	83	4	0
85	83	4	0
89	83	4	0
90	83	5	0
94	83	4	0
95	83	5	0
96	83	3	0
97	83	1	0
102	83	3	0
115	83	3	0
119	83	4	0
121	83	4	0
122	83	5	0
125	83	4	0
128	83	5	0
151	83	5	0
156	83	3	0
158	83	5	0
167	83	5	0
178	83	4	0
180	83	5	0
187	83	5	0
189	83	4	0
194	83	3	0
235	83	4	0
237	83	4	0
243	83	4	0
246	83	4	0
249	83	5	0
253	83	4	0
268	83	4	0
270	83	4	0
271	83	4	0
274	83	5	0
279	83	5	0
283	83	4	0
286	83	5	0
292	83	5	0
295	83	5	0
296	83	5	0
297	83	4	0
299	83	5	0
303	83	5	0
305	83	3	0
307	83	5	0
311	83	5	0
312	83	4	0
316	83	4	0
321	83	4	0
327	83	2	0
334	83	4	0
338	83	2	0
343	83	4	0
344	83	4	0
346	83	4	0
354	83	4	0
360	83	4	0
361	83	3	0
373	83	5	0
378	83	4	0
379	83	4	0
381	83	4	0
387	83	4	0
393	83	4	0
401	83	4	0
405	83	1	0
409	83	3	0
416	83	5	0
417	83	5	0
425	83	2	0
429	83	4	0
435	83	4	0
436	83	5	0
437	83	4	0
447	83	5	0
450	83	4	0
452	83	3	0
457	83	5	0
458	83	4	0
474	83	3	0
476	83	3	0
488	83	4	0
492	83	4	0
497	83	2	0
498	83	3	0
500	83	4	0
503	83	5	0
514	83	5	0
523	83	5	0
528	83	5	0
533	83	2	0
535	83	4	0
536	83	5	0
537	83	4	0
541	83	5	0
543	83	4	0
565	83	5	0
566	83	4	0
567	83	4	0
579	83	5	0
583	83	4	0
585	83	3	0
586	83	2	0
588	83	5	0
593	83	5	0
606	83	5	0
608	83	5	0
615	83	4	0
622	83	5	0
627	83	3	0
639	83	4	0
641	83	4	0
642	83	5	0
648	83	4	0
653	83	5	0
654	83	5	0
660	83	3	0
664	83	4	0
670	83	3	0
679	83	5	0
682	83	3	0
684	83	5	0
698	83	5	0
705	83	4	0
707	83	3	0
711	83	5	0
712	83	4	0
715	83	4	0
716	83	4	0
727	83	5	0
734	83	4	0
741	83	4	0
746	83	4	0
747	83	4	0
748	83	3	0
751	83	5	0
763	83	3	0
771	83	5	0
790	83	3	0
798	83	4	0
805	83	4	0
815	83	4	0
823	83	3	0
828	83	3	0
831	83	4	0
838	83	5	0
840	83	5	0
843	83	3	0
844	83	5	0
846	83	4	0
854	83	4	0
861	83	5	0
870	83	4	0
877	83	3	0
883	83	3	0
889	83	4	0
894	83	4	0
896	83	5	0
899	83	4	0
907	83	5	0
911	83	4	0
913	83	4	0
916	83	4	0
918	83	4	0
922	83	4	0
934	83	4	0
1	86	5	0
6	86	3	0
7	86	4	0
11	86	4	0
13	86	1	0
18	86	4	0
25	86	4	0
42	86	3	0
43	86	4	0
59	86	3	0
62	86	2	0
80	86	5	0
85	86	4	0
89	86	5	0
90	86	5	0
94	86	5	0
106	86	3	0
119	86	4	0
121	86	5	0
122	86	5	0
128	86	5	0
151	86	5	0
156	86	4	0
167	86	4	0
184	86	5	0
185	86	5	0
187	86	4	0
191	86	5	0
194	86	3	0
201	86	4	0
208	86	2	0
212	86	4	0
224	86	3	0
234	86	2	0
235	86	4	0
243	86	5	0
244	86	4	0
249	86	4	0
256	86	5	0
257	86	4	0
262	86	3	0
263	86	4	0
270	86	4	0
276	86	3	0
280	86	4	0
292	86	4	0
295	86	5	0
297	86	5	0
299	86	4	0
305	86	4	0
311	86	5	0
321	86	4	0
325	86	3	0
326	86	2	0
327	86	4	0
334	86	4	0
338	86	4	0
339	86	4	0
343	86	5	0
344	86	4	0
345	86	4	0
352	86	4	0
354	86	5	0
361	86	4	0
378	86	4	0
380	86	4	0
383	86	5	0
393	86	2	0
398	86	3	0
405	86	1	0
406	86	4	0
416	86	1	0
420	86	5	0
429	86	5	0
435	86	4	0
437	86	4	0
440	86	5	0
449	86	4	0
450	86	4	0
452	86	4	0
454	86	2	0
456	86	2	0
457	86	3	0
458	86	5	0
474	86	4	0
481	86	5	0
492	86	3	0
494	86	3	0
495	86	5	0
503	86	5	0
506	86	3	0
527	86	4	0
535	86	4	0
536	86	3	0
537	86	4	0
543	86	4	0
553	86	3	0
554	86	4	0
561	86	4	0
565	86	5	0
566	86	4	0
585	86	5	0
591	86	5	0
607	86	4	0
608	86	5	0
615	86	5	0
622	86	4	0
627	86	3	0
629	86	5	0
639	86	4	0
655	86	4	0
658	86	4	0
659	86	5	0
661	86	4	0
667	86	5	0
675	86	4	0
682	86	2	0
698	86	2	0
707	86	4	0
711	86	5	0
716	86	5	0
747	86	5	0
748	86	4	0
749	86	4	0
764	86	3	0
771	86	5	0
786	86	4	0
796	86	5	0
805	86	4	0
815	86	5	0
828	86	3	0
829	86	4	0
846	86	5	0
854	86	3	0
855	86	2	0
861	86	5	0
864	86	4	0
877	86	4	0
882	86	5	0
883	86	3	0
884	86	3	0
889	86	4	0
894	86	4	0
896	86	1	0
907	86	5	0
909	86	5	0
916	86	4	0
918	86	4	0
932	86	4	0
934	86	3	0
1	92	3	0
7	92	5	0
13	92	3	0
16	92	4	0
24	92	5	0
37	92	4	0
59	92	5	0
76	92	4	0
92	92	4	0
94	92	4	0
99	92	4	0
115	92	4	0
158	92	4	0
177	92	4	0
178	92	3	0
184	92	3	0
197	92	1	0
201	92	3	0
207	92	2	0
214	92	4	0
221	92	4	0
222	92	3	0
224	92	1	0
226	92	2	0
244	92	4	0
246	92	1	0
249	92	5	0
250	92	5	0
256	92	1	0
262	92	3	0
267	92	4	0
268	92	4	0
276	92	4	0
279	92	4	0
280	92	3	0
287	92	4	0
291	92	4	0
293	92	4	0
297	92	3	0
303	92	4	0
308	92	4	0
320	92	5	0
322	92	4	0
327	92	4	0
339	92	4	0
342	92	4	0
346	92	4	0
352	92	3	0
385	92	3	0
387	92	4	0
405	92	1	0
406	92	4	0
412	92	3	0
416	92	3	0
425	92	5	0
429	92	4	0
436	92	3	0
442	92	5	0
450	92	4	0
456	92	4	0
466	92	4	0
474	92	4	0
487	92	4	0
506	92	3	0
524	92	4	0
537	92	3	0
551	92	5	0
561	92	3	0
586	92	3	0
592	92	5	0
600	92	3	0
608	92	3	0
627	92	4	0
629	92	4	0
640	92	4	0
643	92	4	0
645	92	3	0
655	92	3	0
664	92	4	0
665	92	4	0
666	92	3	0
682	92	5	0
709	92	4	0
710	92	3	0
715	92	3	0
727	92	2	0
741	92	3	0
756	92	3	0
773	92	4	0
823	92	5	0
826	92	4	0
833	92	2	0
846	92	4	0
851	92	5	0
862	92	5	0
870	92	4	0
871	92	3	0
880	92	4	0
886	92	3	0
889	92	3	0
896	92	1	0
913	92	4	0
916	92	5	0
943	92	5	0
1	93	5	0
7	93	5	0
10	93	4	0
14	93	3	0
46	93	4	0
49	93	5	0
52	93	4	0
64	93	2	0
76	93	4	0
78	93	4	0
79	93	2	0
81	93	3	0
89	93	2	0
92	93	4	0
94	93	4	0
115	93	3	0
119	93	4	0
130	93	5	0
144	93	1	0
150	93	4	0
151	93	5	0
157	93	3	0
160	93	5	0
176	93	5	0
181	93	1	0
184	93	4	0
195	93	3	0
198	93	3	0
199	93	4	0
201	93	5	0
203	93	4	0
214	93	4	0
216	93	4	0
222	93	2	0
227	93	5	0
234	93	3	0
243	93	2	0
249	93	4	0
264	93	5	0
269	93	3	0
270	93	5	0
277	93	4	0
291	93	4	0
294	93	4	0
299	93	2	0
303	93	5	0
314	93	1	0
315	93	5	0
323	93	4	0
325	93	4	0
327	93	4	0
334	93	4	0
342	93	4	0
345	93	4	0
354	93	4	0
363	93	4	0
379	93	3	0
385	93	3	0
387	93	5	0
399	93	3	0
406	93	4	0
416	93	4	0
422	93	4	0
429	93	4	0
432	93	2	0
439	93	4	0
445	93	1	0
453	93	2	0
463	93	4	0
467	93	4	0
470	93	4	0
478	93	4	0
486	93	4	0
490	93	4	0
500	93	4	0
501	93	4	0
527	93	4	0
534	93	1	0
537	93	3	0
560	93	3	0
561	93	4	0
582	93	5	0
592	93	4	0
606	93	4	0
608	93	4	0
618	93	3	0
624	93	5	0
634	93	5	0
637	93	3	0
655	93	3	0
662	93	5	0
707	93	5	0
735	93	2	0
747	93	4	0
758	93	5	0
770	93	5	0
773	93	3	0
789	93	4	0
805	93	5	0
833	93	4	0
838	93	3	0
839	93	4	0
847	93	1	0
854	93	5	0
864	93	3	0
880	93	4	0
889	93	3	0
894	93	4	0
911	93	4	0
919	93	5	0
936	93	5	0
937	93	4	0
1	116	3	0
10	116	4	0
13	116	5	0
14	116	5	0
18	116	5	0
23	116	5	0
25	116	4	0
26	116	2	0
49	116	4	0
52	116	4	0
58	116	5	0
59	116	4	0
62	116	3	0
63	116	5	0
79	116	5	0
81	116	3	0
92	116	3	0
98	116	5	0
99	116	2	0
113	116	3	0
116	116	3	0
125	116	4	0
136	116	5	0
138	116	2	0
144	116	4	0
148	116	5	0
158	116	5	0
181	116	1	0
184	116	4	0
185	116	4	0
187	116	5	0
196	116	3	0
199	116	5	0
201	116	1	0
227	116	4	0
234	116	2	0
239	116	5	0
243	116	4	0
250	116	4	0
257	116	3	0
264	116	4	0
268	116	4	0
271	116	2	0
279	116	1	0
286	116	5	0
297	116	4	0
303	116	5	0
306	116	5	0
308	116	4	0
310	116	5	0
321	116	3	0
334	116	4	0
343	116	5	0
354	116	5	0
360	116	3	0
363	116	4	0
370	116	3	0
374	116	1	0
379	116	4	0
387	116	3	0
402	116	3	0
409	116	4	0
420	116	4	0
437	116	3	0
458	116	4	0
463	116	5	0
464	116	4	0
468	116	4	0
473	116	5	0
474	116	5	0
483	116	3	0
491	116	5	0
500	116	4	0
503	116	5	0
514	116	4	0
523	116	5	0
524	116	4	0
527	116	4	0
535	116	3	0
537	116	3	0
558	116	5	0
561	116	4	0
585	116	3	0
590	116	5	0
591	116	4	0
592	116	4	0
634	116	3	0
639	116	3	0
651	116	2	0
654	116	4	0
655	116	2	0
666	116	4	0
699	116	4	0
707	116	5	0
710	116	4	0
711	116	5	0
728	116	4	0
733	116	4	0
747	116	4	0
758	116	5	0
762	116	1	0
790	116	4	0
794	116	5	0
798	116	3	0
825	116	3	0
828	116	4	0
829	116	4	0
857	116	5	0
861	116	4	0
864	116	4	0
869	116	4	0
874	116	4	0
878	116	2	0
883	116	5	0
884	116	4	0
891	116	3	0
894	116	4	0
905	116	3	0
909	116	5	0
919	116	3	0
930	116	5	0
931	116	4	0
936	116	4	0
937	116	4	0
940	116	2	0
1	124	5	0
6	124	5	0
10	124	5	0
13	124	5	0
14	124	5	0
23	124	5	0
31	124	4	0
43	124	4	0
50	124	1	0
58	124	5	0
69	124	4	0
72	124	4	0
74	124	3	0
79	124	5	0
81	124	3	0
85	124	5	0
92	124	4	0
99	124	2	0
104	124	2	0
108	124	4	0
113	124	3	0
115	124	5	0
116	124	3	0
119	124	4	0
121	124	5	0
131	124	5	0
132	124	4	0
136	124	5	0
142	124	4	0
144	124	4	0
150	124	2	0
151	124	5	0
156	124	3	0
158	124	4	0
160	124	4	0
172	124	4	0
174	124	5	0
177	124	3	0
178	124	4	0
181	124	1	0
184	124	5	0
189	124	5	0
194	124	4	0
201	124	3	0
227	124	4	0
234	124	4	0
239	124	5	0
249	124	5	0
252	124	5	0
266	124	4	0
267	124	5	0
268	124	4	0
269	124	5	0
271	124	4	0
276	124	5	0
277	124	3	0
279	124	3	0
291	124	5	0
292	124	4	0
293	124	4	0
296	124	5	0
297	124	4	0
303	124	4	0
308	124	4	0
312	124	3	0
321	124	3	0
329	124	5	0
331	124	4	0
334	124	5	0
336	124	1	0
339	124	4	0
342	124	4	0
343	124	4	0
344	124	5	0
345	124	5	0
354	124	5	0
360	124	5	0
365	124	4	0
374	124	3	0
379	124	5	0
381	124	5	0
383	124	4	0
389	124	4	0
390	124	4	0
398	124	5	0
402	124	4	0
406	124	4	0
413	124	5	0
416	124	4	0
420	124	5	0
421	124	4	0
422	124	3	0
425	124	2	0
429	124	4	0
430	124	5	0
437	124	5	0
452	124	5	0
454	124	4	0
455	124	4	0
458	124	4	0
460	124	4	0
463	124	5	0
467	124	5	0
468	124	5	0
470	124	3	0
473	124	4	0
474	124	5	0
478	124	4	0
486	124	5	0
490	124	4	0
491	124	5	0
492	124	4	0
493	124	3	0
498	124	3	0
501	124	4	0
503	124	5	0
518	124	3	0
524	124	5	0
525	124	3	0
527	124	4	0
537	124	4	0
539	124	4	0
558	124	4	0
561	124	3	0
567	124	4	0
569	124	5	0
571	124	4	0
572	124	5	0
576	124	4	0
582	124	4	0
590	124	5	0
592	124	5	0
605	124	3	0
606	124	3	0
618	124	1	0
624	124	4	0
634	124	3	0
637	124	3	0
641	124	4	0
654	124	4	0
655	124	3	0
663	124	3	0
666	124	3	0
667	124	5	0
668	124	3	0
672	124	3	0
682	124	2	0
696	124	5	0
697	124	5	0
699	124	4	0
701	124	5	0
707	124	4	0
722	124	4	0
728	124	3	0
733	124	5	0
735	124	5	0
742	124	4	0
745	124	5	0
747	124	5	0
758	124	5	0
789	124	4	0
792	124	4	0
817	124	4	0
823	124	4	0
825	124	3	0
829	124	4	0
838	124	4	0
854	124	5	0
864	124	5	0
870	124	4	0
874	124	4	0
880	124	5	0
883	124	5	0
889	124	4	0
894	124	5	0
896	124	4	0
900	124	4	0
905	124	4	0
906	124	4	0
908	124	3	0
910	124	3	0
919	124	3	0
936	124	4	0
937	124	4	0
941	124	5	0
942	124	4	0
943	124	3	0
1	129	5	0
10	129	4	0
21	129	4	0
24	129	3	0
26	129	4	0
49	129	2	0
59	129	5	0
62	129	3	0
69	129	3	0
72	129	4	0
73	129	4	0
74	129	3	0
75	129	3	0
76	129	3	0
92	129	4	0
144	129	4	0
150	129	4	0
158	129	5	0
160	129	4	0
176	129	3	0
177	129	3	0
181	129	2	0
189	129	3	0
201	129	4	0
207	129	3	0
209	129	2	0
216	129	4	0
221	129	5	0
227	129	5	0
233	129	3	0
243	129	2	0
249	129	5	0
250	129	4	0
252	129	4	0
257	129	4	0
268	129	2	0
277	129	4	0
279	129	1	0
291	129	5	0
293	129	3	0
297	129	4	0
299	129	4	0
303	129	5	0
305	129	3	0
308	129	5	0
320	129	4	0
327	129	4	0
329	129	3	0
334	129	4	0
342	129	5	0
344	129	4	0
352	129	5	0
361	129	4	0
372	129	4	0
374	129	5	0
381	129	4	0
385	129	3	0
387	129	5	0
392	129	4	0
403	129	4	0
406	129	5	0
421	129	5	0
422	129	4	0
429	129	4	0
430	129	5	0
437	129	1	0
442	129	4	0
456	129	3	0
458	129	4	0
460	129	3	0
463	129	2	0
470	129	3	0
473	129	4	0
486	129	4	0
491	129	4	0
500	129	4	0
501	129	4	0
518	129	5	0
524	129	5	0
527	129	2	0
534	129	4	0
535	129	5	0
537	129	3	0
543	129	4	0
555	129	4	0
592	129	5	0
595	129	3	0
606	129	3	0
634	129	4	0
643	129	5	0
655	129	3	0
658	129	3	0
663	129	3	0
666	129	4	0
677	129	5	0
697	129	5	0
699	129	4	0
709	129	2	0
733	129	2	0
747	129	5	0
757	129	3	0
758	129	4	0
770	129	5	0
789	129	5	0
792	129	4	0
793	129	4	0
817	129	4	0
829	129	4	0
831	129	2	0
833	129	3	0
839	129	4	0
851	129	4	0
854	129	3	0
881	129	4	0
883	129	5	0
886	129	5	0
889	129	5	0
892	129	3	0
894	129	4	0
896	129	4	0
900	129	4	0
903	129	3	0
905	129	4	0
906	129	4	0
907	129	5	0
919	129	5	0
923	129	5	0
924	129	4	0
936	129	4	0
1	137	5	0
6	137	5	0
10	137	4	0
13	137	5	0
15	137	4	0
17	137	4	0
18	137	5	0
43	137	4	0
58	137	5	0
59	137	5	0
63	137	4	0
74	137	3	0
75	137	4	0
76	137	5	0
79	137	4	0
89	137	1	0
90	137	5	0
95	137	3	0
108	137	5	0
115	137	5	0
116	137	2	0
119	137	5	0
121	137	5	0
131	137	1	0
132	137	4	0
136	137	5	0
138	137	5	0
144	137	4	0
151	137	5	0
154	137	3	0
156	137	4	0
157	137	5	0
158	137	5	0
160	137	4	0
167	137	5	0
181	137	2	0
184	137	5	0
187	137	5	0
189	137	4	0
198	137	4	0
201	137	4	0
207	137	3	0
214	137	4	0
227	137	5	0
228	137	1	0
234	137	3	0
239	137	5	0
243	137	3	0
249	137	4	0
257	137	4	0
264	137	3	0
269	137	4	0
271	137	4	0
277	137	3	0
279	137	4	0
286	137	4	0
293	137	3	0
295	137	4	0
296	137	4	0
297	137	5	0
299	137	4	0
303	137	4	0
312	137	3	0
315	137	5	0
318	137	4	0
325	137	5	0
329	137	5	0
334	137	2	0
342	137	2	0
343	137	4	0
344	137	5	0
345	137	4	0
347	137	2	0
354	137	3	0
360	137	5	0
363	137	5	0
365	137	3	0
370	137	4	0
374	137	2	0
379	137	5	0
382	137	2	0
383	137	5	0
401	137	3	0
402	137	4	0
416	137	3	0
420	137	4	0
422	137	5	0
429	137	5	0
430	137	3	0
433	137	5	0
437	137	5	0
449	137	5	0
457	137	5	0
458	137	5	0
460	137	5	0
463	137	2	0
468	137	4	0
470	137	3	0
473	137	4	0
474	137	5	0
478	137	4	0
479	137	4	0
486	137	4	0
490	137	3	0
492	137	4	0
498	137	3	0
503	137	5	0
506	137	2	0
514	137	3	0
535	137	4	0
537	137	4	0
538	137	3	0
558	137	4	0
560	137	4	0
566	137	5	0
576	137	3	0
581	137	5	0
590	137	5	0
592	137	5	0
605	137	5	0
607	137	4	0
624	137	4	0
629	137	5	0
634	137	3	0
639	137	3	0
650	137	3	0
654	137	4	0
655	137	4	0
658	137	3	0
664	137	3	0
666	137	4	0
667	137	3	0
668	137	3	0
680	137	4	0
699	137	4	0
707	137	5	0
711	137	5	0
719	137	1	0
723	137	3	0
733	137	5	0
737	137	5	0
748	137	3	0
758	137	5	0
763	137	4	0
765	137	5	0
771	137	4	0
785	137	2	0
789	137	2	0
794	137	5	0
805	137	5	0
825	137	2	0
840	137	5	0
864	137	4	0
874	137	4	0
878	137	3	0
880	137	4	0
883	137	5	0
888	137	4	0
889	137	4	0
894	137	5	0
900	137	3	0
905	137	3	0
910	137	3	0
916	137	5	0
918	137	5	0
919	137	2	0
930	137	2	0
931	137	3	0
936	137	4	0
937	137	3	0
940	137	3	0
1	150	5	0
13	150	5	0
17	150	5	0
26	150	3	0
58	150	4	0
63	150	4	0
69	150	5	0
70	150	3	0
74	150	3	0
76	150	5	0
79	150	3	0
81	150	3	0
85	150	3	0
89	150	5	0
90	150	3	0
104	150	5	0
117	150	4	0
125	150	1	0
130	150	5	0
138	150	3	0
139	150	4	0
145	150	5	0
150	150	3	0
157	150	5	0
160	150	4	0
176	150	4	0
177	150	4	0
181	150	1	0
182	150	3	0
189	150	4	0
201	150	4	0
203	150	5	0
207	150	3	0
216	150	5	0
221	150	5	0
222	150	3	0
226	150	4	0
227	150	3	0
232	150	3	0
239	150	5	0
264	150	5	0
274	150	5	0
276	150	4	0
279	150	3	0
285	150	5	0
292	150	4	0
293	150	3	0
296	150	1	0
299	150	5	0
301	150	4	0
303	150	5	0
306	150	5	0
314	150	4	0
322	150	4	0
323	150	4	0
324	150	4	0
327	150	4	0
334	150	4	0
339	150	4	0
342	150	3	0
343	150	4	0
345	150	5	0
357	150	4	0
361	150	2	0
363	150	5	0
365	150	5	0
373	150	4	0
374	150	4	0
381	150	4	0
382	150	2	0
406	150	4	0
412	150	4	0
416	150	5	0
429	150	5	0
432	150	5	0
442	150	4	0
445	150	2	0
447	150	4	0
456	150	4	0
463	150	2	0
467	150	4	0
468	150	5	0
470	150	5	0
472	150	3	0
473	150	5	0
474	150	5	0
478	150	4	0
484	150	4	0
486	150	3	0
487	150	5	0
490	150	5	0
493	150	5	0
496	150	2	0
498	150	3	0
501	150	5	0
508	150	5	0
514	150	3	0
524	150	2	0
526	150	2	0
533	150	3	0
534	150	3	0
537	150	3	0
540	150	3	0
542	150	2	0
551	150	3	0
555	150	4	0
557	150	3	0
590	150	5	0
592	150	5	0
606	150	4	0
608	150	3	0
618	150	2	0
624	150	4	0
632	150	2	0
634	150	3	0
635	150	3	0
637	150	1	0
640	150	4	0
643	150	5	0
655	150	3	0
663	150	5	0
669	150	3	0
677	150	3	0
680	150	5	0
682	150	4	0
689	150	4	0
697	150	5	0
708	150	4	0
715	150	4	0
717	150	4	0
723	150	3	0
733	150	2	0
758	150	5	0
774	150	1	0
778	150	3	0
789	150	5	0
793	150	4	0
794	150	4	0
795	150	3	0
805	150	5	0
806	150	4	0
823	150	4	0
831	150	3	0
833	150	3	0
834	150	5	0
854	150	3	0
867	150	5	0
868	150	5	0
874	150	4	0
880	150	4	0
886	150	4	0
889	150	5	0
892	150	5	0
905	150	4	0
916	150	4	0
917	150	5	0
940	150	3	0
1	156	4	0
6	156	3	0
7	156	5	0
10	156	4	0
16	156	4	0
23	156	3	0
41	156	4	0
53	156	4	0
58	156	5	0
64	156	4	0
73	156	4	0
76	156	3	0
77	156	4	0
90	156	4	0
92	156	4	0
94	156	5	0
96	156	4	0
109	156	5	0
114	156	4	0
117	156	4	0
118	156	5	0
121	156	4	0
130	156	3	0
145	156	5	0
165	156	3	0
177	156	5	0
178	156	2	0
180	156	5	0
198	156	3	0
201	156	4	0
207	156	2	0
213	156	5	0
214	156	5	0
216	156	5	0
221	156	5	0
222	156	4	0
234	156	2	0
244	156	4	0
248	156	5	0
249	156	5	0
253	156	3	0
264	156	2	0
267	156	5	0
268	156	3	0
269	156	5	0
270	156	5	0
276	156	5	0
279	156	4	0
280	156	4	0
287	156	5	0
291	156	5	0
292	156	5	0
293	156	4	0
297	156	4	0
301	156	4	0
303	156	5	0
305	156	4	0
308	156	4	0
312	156	3	0
313	156	3	0
315	156	5	0
320	156	5	0
322	156	4	0
323	156	5	0
327	156	4	0
332	156	4	0
339	156	5	0
342	156	4	0
343	156	4	0
346	156	4	0
347	156	5	0
352	156	4	0
361	156	4	0
363	156	3	0
373	156	2	0
374	156	2	0
385	156	4	0
387	156	5	0
394	156	4	0
397	156	5	0
399	156	3	0
406	156	5	0
409	156	2	0
416	156	5	0
417	156	3	0
421	156	5	0
425	156	5	0
429	156	4	0
435	156	4	0
437	156	2	0
442	156	4	0
447	156	5	0
452	156	4	0
453	156	5	0
457	156	5	0
487	156	4	0
493	156	1	0
496	156	3	0
497	156	5	0
498	156	5	0
503	156	1	0
514	156	4	0
521	156	4	0
527	156	3	0
530	156	4	0
535	156	2	0
548	156	5	0
551	156	5	0
561	156	4	0
566	156	4	0
567	156	5	0
586	156	4	0
601	156	4	0
606	156	4	0
622	156	5	0
632	156	3	0
642	156	1	0
643	156	5	0
653	156	4	0
655	156	2	0
664	156	4	0
665	156	5	0
682	156	5	0
704	156	3	0
710	156	4	0
715	156	4	0
727	156	4	0
737	156	5	0
744	156	4	0
747	156	3	0
757	156	3	0
804	156	4	0
806	156	4	0
823	156	5	0
831	156	4	0
833	156	4	0
854	156	3	0
867	156	5	0
868	156	3	0
880	156	4	0
886	156	4	0
889	156	5	0
903	156	5	0
908	156	3	0
913	156	3	0
916	156	5	0
933	156	4	0
934	156	3	0
1	160	4	0
10	160	4	0
13	160	4	0
16	160	4	0
60	160	4	0
64	160	4	0
85	160	3	0
92	160	4	0
94	160	4	0
144	160	2	0
151	160	4	0
160	160	5	0
174	160	5	0
177	160	4	0
184	160	3	0
185	160	1	0
194	160	2	0
201	160	5	0
207	160	2	0
210	160	4	0
222	160	1	0
234	160	2	0
269	160	2	0
276	160	4	0
293	160	4	0
297	160	1	0
301	160	2	0
303	160	4	0
305	160	4	0
308	160	4	0
318	160	3	0
327	160	4	0
331	160	5	0
334	160	4	0
339	160	5	0
342	160	3	0
378	160	2	0
385	160	4	0
389	160	4	0
435	160	5	0
457	160	4	0
468	160	3	0
478	160	2	0
487	160	4	0
498	160	5	0
543	160	3	0
561	160	3	0
586	160	4	0
615	160	3	0
629	160	4	0
650	160	3	0
653	160	3	0
655	160	3	0
664	160	3	0
707	160	5	0
716	160	2	0
737	160	4	0
749	160	3	0
804	160	4	0
823	160	4	0
833	160	5	0
835	160	3	0
851	160	5	0
868	160	4	0
886	160	1	0
889	160	4	0
896	160	3	0
916	160	3	0
933	160	3	0
1	171	5	0
7	171	3	0
23	171	5	0
49	171	4	0
58	171	5	0
62	171	4	0
73	171	5	0
90	171	2	0
92	171	4	0
114	171	4	0
118	171	5	0
151	171	5	0
201	171	3	0
207	171	3	0
214	171	4	0
239	171	5	0
244	171	5	0
269	171	5	0
276	171	4	0
286	171	4	0
299	171	4	0
303	171	4	0
305	171	5	0
308	171	4	0
334	171	4	0
354	171	4	0
363	171	5	0
382	171	3	0
385	171	3	0
397	171	5	0
405	171	1	0
409	171	4	0
417	171	3	0
425	171	3	0
435	171	5	0
440	171	5	0
449	171	4	0
452	171	4	0
474	171	4	0
493	171	5	0
498	171	3	0
535	171	3	0
537	171	3	0
561	171	5	0
565	171	5	0
585	171	3	0
655	171	2	0
658	171	4	0
737	171	4	0
756	171	4	0
758	171	5	0
763	171	3	0
773	171	5	0
828	171	3	0
854	171	4	0
855	171	3	0
870	171	4	0
875	171	5	0
886	171	4	0
889	171	4	0
894	171	3	0
913	171	3	0
916	171	4	0
930	171	1	0
940	171	2	0
1	198	5	0
7	198	3	0
10	198	3	0
13	198	3	0
18	198	3	0
44	198	4	0
58	198	3	0
59	198	5	0
72	198	5	0
90	198	5	0
92	198	5	0
95	198	5	0
96	198	5	0
125	198	3	0
144	198	4	0
151	198	4	0
177	198	4	0
189	198	4	0
194	198	3	0
195	198	3	0
198	198	4	0
201	198	4	0
222	198	4	0
234	198	3	0
235	198	3	0
239	198	5	0
246	198	4	0
248	198	5	0
249	198	5	0
253	198	5	0
257	198	3	0
267	198	5	0
268	198	4	0
269	198	4	0
271	198	4	0
276	198	5	0
279	198	3	0
285	198	5	0
286	198	4	0
293	198	4	0
296	198	5	0
297	198	3	0
299	198	4	0
303	198	4	0
305	198	4	0
308	198	3	0
311	198	3	0
321	198	4	0
327	198	4	0
328	198	3	0
329	198	4	0
331	198	4	0
339	198	5	0
343	198	4	0
344	198	5	0
376	198	5	0
385	198	3	0
387	198	4	0
401	198	4	0
405	198	2	0
406	198	2	0
417	198	4	0
425	198	4	0
440	198	4	0
449	198	4	0
465	198	2	0
474	198	3	0
479	198	5	0
481	198	4	0
488	198	4	0
499	198	5	0
506	198	2	0
512	198	5	0
524	198	4	0
535	198	4	0
537	198	2	0
543	198	4	0
551	198	5	0
557	198	5	0
561	198	3	0
567	198	5	0
583	198	4	0
585	198	5	0
592	198	5	0
601	198	4	0
606	198	4	0
622	198	4	0
625	198	4	0
639	198	2	0
641	198	5	0
645	198	3	0
650	198	4	0
653	198	4	0
655	198	4	0
658	198	5	0
686	198	5	0
698	198	2	0
710	198	4	0
727	198	4	0
734	198	1	0
757	198	4	0
763	198	5	0
766	198	4	0
773	198	4	0
786	198	5	0
796	198	4	0
804	198	5	0
823	198	4	0
828	198	4	0
829	198	4	0
833	198	4	0
840	198	3	0
846	198	5	0
847	198	4	0
855	198	4	0
862	198	5	0
867	198	5	0
868	198	5	0
870	198	4	0
883	198	5	0
884	198	5	0
894	198	4	0
896	198	4	0
903	198	4	0
907	198	5	0
916	198	4	0
932	198	4	0
1	212	4	0
7	212	1	0
13	212	5	0
18	212	5	0
59	212	4	0
60	212	5	0
64	212	3	0
72	212	5	0
82	212	4	0
85	212	2	0
89	212	3	0
90	212	4	0
92	212	4	0
110	212	1	0
122	212	5	0
144	212	5	0
145	212	2	0
183	212	4	0
184	212	4	0
194	212	1	0
201	212	4	0
213	212	4	0
215	212	2	0
224	212	1	0
233	212	5	0
234	212	2	0
249	212	4	0
269	212	4	0
286	212	1	0
291	212	4	0
299	212	4	0
305	212	3	0
311	212	3	0
321	212	3	0
338	212	4	0
339	212	4	0
342	212	5	0
361	212	5	0
363	212	1	0
381	212	5	0
405	212	1	0
406	212	2	0
417	212	1	0
419	212	1	0
437	212	3	0
449	212	5	0
452	212	2	0
474	212	4	0
492	212	3	0
498	212	3	0
504	212	4	0
516	212	4	0
524	212	5	0
535	212	4	0
537	212	3	0
543	212	4	0
561	212	3	0
565	212	5	0
567	212	2	0
585	212	5	0
607	212	3	0
622	212	3	0
625	212	3	0
639	212	4	0
645	212	4	0
650	212	3	0
655	212	3	0
658	212	3	0
659	212	4	0
664	212	4	0
707	212	4	0
758	212	4	0
763	212	4	0
766	212	5	0
773	212	2	0
777	212	5	0
804	212	3	0
805	212	3	0
829	212	4	0
840	212	4	0
846	212	5	0
878	212	3	0
883	212	5	0
884	212	4	0
886	212	2	0
889	212	2	0
894	212	5	0
896	212	2	0
916	212	5	0
922	212	2	0
932	212	4	0
934	212	4	0
1	213	2	0
6	213	4	0
7	213	3	0
11	213	4	0
14	213	5	0
18	213	5	0
23	213	3	0
49	213	3	0
58	213	5	0
62	213	4	0
73	213	4	0
80	213	3	0
85	213	4	0
89	213	4	0
90	213	5	0
106	213	4	0
119	213	5	0
128	213	3	0
144	213	4	0
151	213	5	0
160	213	4	0
161	213	2	0
169	213	5	0
180	213	5	0
184	213	5	0
187	213	4	0
194	213	2	0
195	213	4	0
201	213	4	0
213	213	5	0
214	213	4	0
234	213	3	0
235	213	4	0
269	213	5	0
270	213	5	0
293	213	3	0
295	213	5	0
297	213	3	0
298	213	3	0
299	213	5	0
308	213	4	0
311	213	4	0
312	213	5	0
316	213	5	0
318	213	4	0
321	213	4	0
330	213	5	0
334	213	4	0
338	213	5	0
339	213	4	0
344	213	4	0
346	213	3	0
354	213	5	0
358	213	5	0
361	213	5	0
373	213	4	0
378	213	5	0
380	213	2	0
383	213	5	0
391	213	4	0
405	213	2	0
406	213	2	0
409	213	4	0
416	213	5	0
421	213	3	0
437	213	4	0
440	213	4	0
449	213	3	0
450	213	4	0
452	213	4	0
455	213	4	0
474	213	4	0
479	213	4	0
480	213	5	0
499	213	3	0
503	213	5	0
523	213	5	0
524	213	4	0
527	213	4	0
528	213	4	0
535	213	5	0
536	213	5	0
537	213	4	0
538	213	3	0
553	213	5	0
565	213	4	0
566	213	5	0
568	213	4	0
574	213	4	0
585	213	5	0
607	213	4	0
608	213	4	0
615	213	5	0
622	213	5	0
625	213	4	0
630	213	2	0
639	213	5	0
647	213	3	0
653	213	2	0
655	213	4	0
666	213	4	0
711	213	5	0
712	213	3	0
716	213	5	0
731	213	5	0
734	213	5	0
748	213	3	0
751	213	5	0
758	213	5	0
763	213	4	0
790	213	3	0
796	213	4	0
804	213	3	0
805	213	3	0
821	213	5	0
828	213	2	0
829	213	4	0
840	213	4	0
846	213	3	0
861	213	5	0
871	213	3	0
875	213	4	0
878	213	3	0
883	213	2	0
884	213	4	0
885	213	3	0
892	213	3	0
894	213	4	0
899	213	4	0
916	213	4	0
918	213	5	0
932	213	3	0
934	213	4	0
940	213	4	0
1	221	5	0
6	221	4	0
10	221	4	0
17	221	2	0
18	221	5	0
85	221	2	0
89	221	1	0
90	221	4	0
116	221	4	0
131	221	3	0
144	221	3	0
150	221	4	0
158	221	2	0
174	221	4	0
177	221	3	0
181	221	1	0
184	221	5	0
199	221	4	0
201	221	3	0
214	221	5	0
216	221	4	0
224	221	2	0
227	221	4	0
234	221	2	0
239	221	5	0
243	221	5	0
257	221	3	0
271	221	3	0
277	221	4	0
296	221	5	0
303	221	5	0
321	221	5	0
331	221	4	0
334	221	5	0
345	221	5	0
354	221	4	0
358	221	5	0
385	221	5	0
397	221	4	0
430	221	5	0
437	221	5	0
445	221	1	0
450	221	4	0
460	221	4	0
463	221	5	0
470	221	4	0
474	221	4	0
486	221	4	0
492	221	3	0
501	221	3	0
503	221	5	0
524	221	4	0
533	221	3	0
535	221	3	0
537	221	3	0
567	221	5	0
581	221	2	0
590	221	4	0
592	221	5	0
594	221	4	0
634	221	1	0
655	221	3	0
699	221	4	0
707	221	4	0
733	221	4	0
758	221	3	0
773	221	2	0
794	221	4	0
840	221	4	0
894	221	4	0
906	221	4	0
916	221	4	0
919	221	4	0
936	221	4	0
1	223	5	0
6	223	4	0
7	223	5	0
10	223	5	0
13	223	5	0
18	223	5	0
24	223	5	0
28	223	5	0
58	223	5	0
76	223	2	0
90	223	4	0
92	223	5	0
94	223	5	0
106	223	4	0
109	223	4	0
118	223	5	0
128	223	5	0
136	223	4	0
144	223	4	0
151	223	5	0
165	223	4	0
177	223	4	0
178	223	4	0
184	223	4	0
185	223	4	0
194	223	4	0
201	223	4	0
207	223	3	0
214	223	3	0
219	223	5	0
222	223	4	0
224	223	3	0
230	223	5	0
233	223	4	0
234	223	3	0
236	223	5	0
243	223	4	0
246	223	5	0
249	223	4	0
250	223	4	0
262	223	3	0
268	223	3	0
276	223	5	0
288	223	3	0
291	223	5	0
292	223	5	0
293	223	4	0
297	223	5	0
303	223	4	0
305	223	4	0
308	223	4	0
312	223	5	0
315	223	5	0
316	223	4	0
323	223	4	0
328	223	4	0
331	223	4	0
334	223	5	0
342	223	4	0
343	223	5	0
345	223	5	0
347	223	4	0
360	223	5	0
363	223	5	0
374	223	5	0
376	223	4	0
378	223	4	0
383	223	3	0
387	223	5	0
393	223	4	0
397	223	4	0
399	223	3	0
407	223	4	0
409	223	4	0
416	223	5	0
417	223	5	0
419	223	4	0
429	223	4	0
447	223	5	0
450	223	3	0
452	223	5	0
453	223	4	0
455	223	4	0
457	223	5	0
488	223	4	0
500	223	4	0
503	223	5	0
504	223	5	0
508	223	4	0
535	223	5	0
538	223	4	0
551	223	4	0
554	223	3	0
561	223	4	0
567	223	4	0
592	223	5	0
593	223	5	0
605	223	5	0
629	223	5	0
643	223	4	0
650	223	3	0
653	223	3	0
654	223	4	0
655	223	3	0
664	223	4	0
666	223	3	0
667	223	5	0
675	223	1	0
679	223	5	0
682	223	1	0
690	223	4	0
710	223	4	0
719	223	5	0
747	223	5	0
749	223	4	0
758	223	5	0
764	223	3	0
777	223	4	0
781	223	4	0
788	223	4	0
800	223	5	0
805	223	5	0
833	223	4	0
838	223	3	0
851	223	4	0
854	223	4	0
864	223	5	0
870	223	4	0
889	223	4	0
894	223	4	0
896	223	4	0
903	223	5	0
908	223	4	0
916	223	4	0
919	223	4	0
934	223	5	0
1	246	5	0
6	246	3	0
26	246	4	0
27	246	4	0
32	246	4	0
50	246	3	0
58	246	5	0
63	246	3	0
69	246	5	0
73	246	3	0
77	246	5	0
79	246	5	0
85	246	4	0
89	246	5	0
92	246	4	0
94	246	4	0
99	246	3	0
104	246	3	0
113	246	5	0
116	246	5	0
130	246	4	0
139	246	4	0
145	246	4	0
150	246	5	0
174	246	5	0
176	246	5	0
178	246	4	0
189	246	4	0
193	246	3	0
212	246	5	0
214	246	2	0
221	246	5	0
222	246	4	0
232	246	4	0
243	246	4	0
244	246	5	0
268	246	5	0
269	246	5	0
276	246	4	0
287	246	4	0
291	246	5	0
294	246	4	0
296	246	4	0
303	246	5	0
305	246	3	0
314	246	5	0
323	246	4	0
327	246	4	0
334	246	4	0
342	246	4	0
344	246	4	0
345	246	4	0
347	246	4	0
354	246	4	0
359	246	3	0
367	246	4	0
376	246	3	0
387	246	3	0
392	246	5	0
399	246	3	0
416	246	4	0
417	246	4	0
432	246	4	0
433	246	4	0
435	246	5	0
439	246	4	0
445	246	1	0
453	246	5	0
463	246	4	0
467	246	5	0
468	246	5	0
470	246	2	0
473	246	5	0
486	246	3	0
490	246	2	0
496	246	4	0
500	246	5	0
503	246	5	0
521	246	4	0
542	246	3	0
557	246	5	0
560	246	5	0
567	246	4	0
578	246	2	0
582	246	4	0
592	246	5	0
595	246	4	0
620	246	4	0
624	246	4	0
635	246	5	0
637	246	2	0
643	246	5	0
654	246	1	0
655	246	3	0
662	246	5	0
669	246	4	0
682	246	5	0
697	246	5	0
699	246	4	0
717	246	5	0
727	246	4	0
730	246	4	0
736	246	4	0
762	246	1	0
770	246	5	0
778	246	2	0
782	246	3	0
790	246	4	0
819	246	4	0
828	246	2	0
834	246	4	0
854	246	3	0
870	246	3	0
880	246	5	0
889	246	4	0
893	246	3	0
894	246	4	0
902	246	1	0
912	246	2	0
916	246	5	0
917	246	4	0
919	246	3	0
928	246	5	0
936	246	4	0
2	275	5	0
6	275	4	0
7	275	4	0
10	275	4	0
13	275	3	0
14	275	4	0
15	275	4	0
18	275	5	0
23	275	5	0
24	275	5	0
25	275	4	0
43	275	4	0
52	275	4	0
58	275	5	0
60	275	4	0
62	275	4	0
64	275	4	0
68	275	5	0
79	275	4	0
81	275	4	0
82	275	2	0
85	275	3	0
89	275	5	0
90	275	5	0
93	275	4	0
95	275	3	0
99	275	1	0
106	275	4	0
108	275	5	0
116	275	2	0
119	275	5	0
121	275	4	0
123	275	4	0
125	275	5	0
128	275	5	0
131	275	2	0
132	275	3	0
136	275	4	0
145	275	2	0
151	275	5	0
152	275	4	0
158	275	5	0
168	275	3	0
178	275	5	0
181	275	3	0
184	275	5	0
185	275	4	0
187	275	5	0
189	275	5	0
201	275	4	0
211	275	2	0
214	275	3	0
226	275	3	0
228	275	3	0
232	275	2	0
233	275	5	0
235	275	5	0
236	275	3	0
242	275	5	0
243	275	3	0
249	275	4	0
251	275	4	0
252	275	5	0
257	275	4	0
262	275	4	0
264	275	5	0
266	275	5	0
270	275	5	0
271	275	4	0
274	275	5	0
279	275	3	0
286	275	4	0
293	275	3	0
296	275	4	0
297	275	5	0
298	275	3	0
299	275	4	0
304	275	4	0
305	275	2	0
306	275	4	0
308	275	4	0
310	275	5	0
311	275	4	0
312	275	5	0
316	275	5	0
318	275	4	0
321	275	4	0
324	275	4	0
327	275	4	0
328	275	4	0
330	275	5	0
334	275	4	0
336	275	4	0
338	275	5	0
343	275	5	0
344	275	4	0
354	275	4	0
357	275	5	0
360	275	4	0
361	275	4	0
365	275	4	0
373	275	5	0
376	275	5	0
378	275	5	0
389	275	5	0
390	275	5	0
393	275	4	0
401	275	4	0
402	275	5	0
406	275	3	0
409	275	4	0
413	275	5	0
416	275	5	0
419	275	5	0
420	275	5	0
422	275	5	0
424	275	5	0
429	275	4	0
434	275	3	0
437	275	5	0
444	275	4	0
450	275	4	0
452	275	4	0
454	275	2	0
455	275	4	0
457	275	5	0
458	275	5	0
459	275	4	0
460	275	3	0
463	275	5	0
465	275	4	0
468	275	4	0
473	275	5	0
474	275	3	0
477	275	5	0
483	275	4	0
484	275	3	0
486	275	4	0
492	275	2	0
493	275	1	0
498	275	3	0
499	275	3	0
500	275	1	0
503	275	5	0
514	275	5	0
517	275	5	0
524	275	3	0
527	275	3	0
530	275	5	0
533	275	4	0
535	275	4	0
536	275	5	0
537	275	4	0
538	275	4	0
539	275	4	0
548	275	3	0
550	275	4	0
553	275	5	0
554	275	4	0
558	275	4	0
560	275	4	0
573	275	4	0
576	275	3	0
581	275	3	0
585	275	4	0
588	275	3	0
590	275	4	0
591	275	4	0
593	275	3	0
595	275	4	0
597	275	4	0
605	275	4	0
607	275	4	0
608	275	5	0
610	275	4	0
612	275	5	0
615	275	4	0
618	275	3	0
623	275	5	0
624	275	4	0
629	275	5	0
632	275	3	0
634	275	3	0
636	275	3	0
637	275	3	0
639	275	4	0
648	275	5	0
649	275	2	0
652	275	4	0
654	275	5	0
655	275	4	0
662	275	4	0
667	275	4	0
672	275	5	0
678	275	2	0
694	275	4	0
698	275	4	0
699	275	3	0
701	275	5	0
703	275	4	0
705	275	5	0
707	275	4	0
711	275	5	0
716	275	5	0
727	275	3	0
733	275	3	0
734	275	4	0
735	275	4	0
741	275	4	0
745	275	1	0
756	275	3	0
759	275	4	0
761	275	4	0
763	275	5	0
764	275	4	0
765	275	4	0
768	275	4	0
770	275	5	0
771	275	5	0
779	275	4	0
780	275	4	0
786	275	4	0
790	275	4	0
791	275	5	0
794	275	4	0
796	275	4	0
798	275	4	0
800	275	4	0
821	275	5	0
825	275	3	0
828	275	3	0
829	275	4	0
834	275	3	0
837	275	4	0
838	275	5	0
843	275	3	0
854	275	4	0
857	275	5	0
859	275	3	0
861	275	5	0
864	275	4	0
869	275	4	0
871	275	3	0
874	275	4	0
877	275	4	0
878	275	4	0
882	275	5	0
883	275	4	0
884	275	4	0
894	275	4	0
895	275	5	0
896	275	4	0
899	275	4	0
901	275	3	0
902	275	4	0
904	275	5	0
907	275	5	0
909	275	5	0
918	275	4	0
919	275	5	0
921	275	1	0
924	275	4	0
930	275	4	0
931	275	5	0
936	275	4	0
937	275	4	0
938	275	4	0
939	275	4	0
2	283	5	0
10	283	4	0
14	283	4	0
15	283	4	0
18	283	5	0
23	283	4	0
26	283	3	0
42	283	3	0
43	283	2	0
49	283	3	0
58	283	1	0
62	283	4	0
63	283	4	0
79	283	4	0
81	283	4	0
82	283	2	0
85	283	3	0
89	283	4	0
93	283	4	0
104	283	4	0
125	283	5	0
128	283	5	0
136	283	4	0
152	283	4	0
157	283	4	0
158	283	5	0
178	283	5	0
181	283	3	0
182	283	2	0
184	283	5	0
189	283	5	0
202	283	3	0
203	283	5	0
226	283	2	0
234	283	3	0
242	283	4	0
243	283	3	0
248	283	1	0
249	283	5	0
256	283	3	0
262	283	3	0
264	283	5	0
266	283	3	0
270	283	5	0
271	283	4	0
279	283	3	0
293	283	2	0
297	283	4	0
299	283	3	0
303	283	3	0
306	283	3	0
308	283	3	0
314	283	4	0
316	283	5	0
321	283	3	0
324	283	3	0
330	283	5	0
334	283	4	0
343	283	4	0
344	283	4	0
345	283	4	0
354	283	4	0
357	283	5	0
360	283	4	0
361	283	4	0
363	283	2	0
378	283	4	0
381	283	5	0
385	283	2	0
389	283	5	0
390	283	4	0
393	283	3	0
398	283	3	0
409	283	4	0
413	283	5	0
416	283	5	0
420	283	5	0
429	283	3	0
434	283	3	0
437	283	1	0
440	283	5	0
450	283	3	0
454	283	3	0
458	283	5	0
460	283	3	0
463	283	5	0
465	283	3	0
468	283	4	0
470	283	5	0
474	283	3	0
478	283	4	0
479	283	4	0
481	283	5	0
483	283	5	0
500	283	2	0
503	283	5	0
514	283	4	0
517	283	4	0
520	283	4	0
526	283	3	0
527	283	4	0
533	283	3	0
535	283	4	0
536	283	3	0
537	283	4	0
548	283	3	0
558	283	3	0
569	283	4	0
573	283	4	0
581	283	2	0
585	283	4	0
588	283	4	0
591	283	4	0
592	283	4	0
593	283	4	0
597	283	5	0
608	283	4	0
610	283	3	0
615	283	4	0
618	283	3	0
622	283	4	0
623	283	4	0
625	283	3	0
634	283	2	0
636	283	3	0
637	283	2	0
639	283	4	0
654	283	5	0
655	283	3	0
667	283	4	0
668	283	5	0
697	283	5	0
698	283	2	0
699	283	4	0
705	283	5	0
707	283	4	0
708	283	1	0
711	283	4	0
716	283	4	0
727	283	2	0
731	283	4	0
733	283	3	0
734	283	5	0
735	283	2	0
741	283	4	0
761	283	4	0
763	283	4	0
765	283	4	0
771	283	4	0
786	283	4	0
790	283	2	0
796	283	3	0
798	283	5	0
825	283	2	0
828	283	3	0
837	283	5	0
838	283	5	0
854	283	3	0
855	283	3	0
857	283	5	0
860	283	4	0
864	283	5	0
878	283	3	0
880	283	3	0
883	283	4	0
894	283	3	0
895	283	4	0
899	283	4	0
906	283	4	0
907	283	4	0
919	283	4	0
924	283	4	0
930	283	4	0
931	283	4	0
935	283	4	0
937	283	4	0
939	283	5	0
2	285	5	0
6	285	3	0
7	285	5	0
10	285	5	0
13	285	5	0
14	285	5	0
15	285	4	0
18	285	5	0
43	285	4	0
52	285	5	0
59	285	4	0
62	285	4	0
63	285	3	0
71	285	3	0
73	285	4	0
74	285	3	0
79	285	5	0
90	285	5	0
104	285	4	0
106	285	4	0
116	285	4	0
123	285	5	0
131	285	5	0
132	285	4	0
138	285	4	0
144	285	4	0
158	285	5	0
160	285	4	0
176	285	5	0
181	285	2	0
184	285	5	0
185	285	5	0
196	285	5	0
199	285	4	0
201	285	4	0
209	285	5	0
214	285	5	0
227	285	4	0
234	285	4	0
235	285	4	0
243	285	5	0
257	285	5	0
266	285	4	0
269	285	5	0
271	285	4	0
277	285	4	0
286	285	1	0
291	285	4	0
292	285	4	0
293	285	5	0
296	285	5	0
299	285	5	0
305	285	5	0
306	285	4	0
308	285	5	0
315	285	5	0
318	285	4	0
324	285	4	0
327	285	4	0
334	285	4	0
344	285	5	0
345	285	5	0
349	285	5	0
354	285	5	0
360	285	5	0
361	285	4	0
365	285	4	0
370	285	3	0
378	285	4	0
379	285	5	0
383	285	5	0
385	285	5	0
389	285	5	0
392	285	3	0
406	285	5	0
409	285	4	0
416	285	2	0
420	285	5	0
439	285	5	0
449	285	5	0
452	285	3	0
454	285	2	0
457	285	5	0
458	285	4	0
460	285	4	0
461	285	4	0
463	285	4	0
468	285	4	0
470	285	3	0
473	285	4	0
474	285	5	0
486	285	5	0
491	285	5	0
492	285	4	0
500	285	3	0
503	285	4	0
523	285	5	0
524	285	3	0
526	285	5	0
527	285	5	0
535	285	4	0
537	285	4	0
539	285	4	0
555	285	5	0
558	285	5	0
561	285	4	0
581	285	5	0
590	285	5	0
591	285	5	0
592	285	5	0
593	285	2	0
609	285	5	0
624	285	5	0
634	285	4	0
637	285	3	0
639	285	1	0
641	285	5	0
651	285	4	0
655	285	4	0
662	285	5	0
664	285	5	0
667	285	5	0
678	285	3	0
680	285	5	0
692	285	3	0
696	285	4	0
699	285	4	0
701	285	5	0
707	285	5	0
717	285	5	0
719	285	4	0
728	285	4	0
733	285	4	0
735	285	4	0
745	285	1	0
747	285	5	0
758	285	5	0
765	285	5	0
786	285	3	0
794	285	5	0
825	285	3	0
835	285	4	0
837	285	4	0
839	285	5	0
840	285	4	0
854	285	4	0
860	285	5	0
874	285	4	0
878	285	5	0
883	285	5	0
884	285	4	0
891	285	5	0
894	285	4	0
906	285	5	0
917	285	4	0
919	285	5	0
924	285	4	0
932	285	4	0
936	285	4	0
937	285	4	0
939	285	5	0
940	285	4	0
3	317	2	0
6	317	3	0
7	317	4	0
11	317	4	0
13	317	5	0
18	317	5	0
43	317	2	0
44	317	4	0
84	317	3	0
85	317	3	0
90	317	4	0
94	317	5	0
109	317	2	0
115	317	5	0
118	317	5	0
128	317	4	0
151	317	5	0
156	317	4	0
178	317	4	0
184	317	3	0
189	317	4	0
194	317	4	0
201	317	3	0
207	317	4	0
212	317	5	0
234	317	2	0
239	317	5	0
243	317	5	0
244	317	5	0
249	317	5	0
259	317	5	0
271	317	3	0
272	317	4	0
276	317	4	0
288	317	4	0
293	317	4	0
298	317	4	0
305	317	4	0
326	317	3	0
328	317	4	0
334	317	3	0
339	317	4	0
343	317	5	0
345	317	4	0
347	317	1	0
363	317	5	0
373	317	4	0
378	317	5	0
379	317	5	0
387	317	4	0
393	317	4	0
405	317	4	0
406	317	4	0
416	317	5	0
435	317	2	0
454	317	4	0
455	317	3	0
458	317	5	0
474	317	4	0
493	317	3	0
498	317	3	0
508	317	4	0
527	317	4	0
537	317	3	0
538	317	4	0
551	317	5	0
561	317	3	0
577	317	5	0
608	317	5	0
610	317	3	0
627	317	5	0
629	317	4	0
633	317	3	0
654	317	4	0
655	317	3	0
659	317	4	0
664	317	3	0
682	317	4	0
683	317	4	0
686	317	5	0
707	317	3	0
711	317	4	0
721	317	4	0
763	317	3	0
788	317	4	0
790	317	4	0
805	317	4	0
831	317	4	0
846	317	3	0
847	317	3	0
864	317	4	0
868	317	5	0
870	317	4	0
878	317	4	0
889	317	4	0
896	317	4	0
903	317	4	0
907	317	5	0
913	317	4	0
916	317	4	0
933	317	4	0
940	317	4	0
5	381	1	0
12	381	4	0
18	381	4	0
23	381	4	0
58	381	4	0
59	381	5	0
64	381	4	0
89	381	4	0
94	381	4	0
95	381	4	0
128	381	3	0
151	381	5	0
167	381	5	0
174	381	5	0
184	381	4	0
189	381	3	0
196	381	4	0
198	381	3	0
201	381	3	0
208	381	3	0
233	381	4	0
234	381	3	0
244	381	4	0
256	381	5	0
257	381	5	0
264	381	4	0
268	381	3	0
271	381	3	0
280	381	3	0
286	381	5	0
295	381	5	0
299	381	3	0
303	381	4	0
318	381	1	0
327	381	4	0
342	381	5	0
345	381	4	0
354	381	5	0
378	381	4	0
379	381	5	0
387	381	4	0
405	381	1	0
406	381	3	0
409	381	2	0
429	381	3	0
435	381	4	0
436	381	4	0
437	381	5	0
449	381	4	0
450	381	2	0
474	381	4	0
475	381	4	0
478	381	5	0
497	381	3	0
498	381	3	0
500	381	4	0
503	381	5	0
535	381	3	0
537	381	3	0
538	381	3	0
543	381	4	0
565	381	2	0
576	381	3	0
579	381	3	0
591	381	4	0
629	381	4	0
639	381	2	0
653	381	2	0
654	381	3	0
655	381	3	0
666	381	3	0
684	381	2	0
704	381	3	0
707	381	3	0
711	381	5	0
716	381	4	0
751	381	1	0
771	381	3	0
786	381	3	0
795	381	2	0
796	381	3	0
807	381	2	0
819	381	4	0
828	381	3	0
833	381	4	0
846	381	4	0
859	381	4	0
860	381	3	0
861	381	4	0
870	381	3	0
877	381	4	0
880	381	4	0
884	381	5	0
886	381	2	0
889	381	4	0
894	381	3	0
911	381	5	0
914	381	3	0
916	381	3	0
918	381	5	0
5	382	5	0
7	382	4	0
11	382	3	0
13	382	1	0
14	382	5	0
18	382	3	0
19	382	3	0
43	382	5	0
49	382	2	0
59	382	4	0
62	382	3	0
72	382	4	0
73	382	4	0
85	382	4	0
87	382	3	0
90	382	5	0
92	382	4	0
119	382	5	0
122	382	3	0
125	382	1	0
151	382	4	0
184	382	5	0
196	382	4	0
198	382	4	0
212	382	5	0
219	382	5	0
239	382	3	0
264	382	4	0
268	382	3	0
276	382	4	0
279	382	4	0
286	382	5	0
295	382	5	0
303	382	3	0
305	382	5	0
308	382	4	0
312	382	4	0
315	382	4	0
321	382	3	0
327	382	3	0
338	382	5	0
342	382	3	0
343	382	3	0
345	382	4	0
354	382	5	0
358	382	2	0
373	382	4	0
378	382	4	0
380	382	3	0
399	382	3	0
405	382	1	0
406	382	5	0
407	382	3	0
409	382	4	0
417	382	2	0
429	382	3	0
435	382	3	0
450	382	3	0
455	382	3	0
456	382	1	0
474	382	3	0
497	382	4	0
503	382	4	0
504	382	4	0
523	382	5	0
524	382	3	0
533	382	1	0
535	382	5	0
537	382	3	0
539	382	5	0
542	382	3	0
561	382	4	0
565	382	5	0
579	382	3	0
588	382	3	0
591	382	4	0
592	382	4	0
601	382	4	0
607	382	3	0
618	382	2	0
639	382	2	0
640	382	4	0
655	382	3	0
693	382	4	0
704	382	4	0
707	382	3	0
719	382	2	0
721	382	4	0
751	382	3	0
763	382	5	0
766	382	3	0
773	382	3	0
795	382	4	0
805	382	4	0
828	382	3	0
846	382	3	0
854	382	4	0
861	382	5	0
864	382	3	0
868	382	4	0
870	382	3	0
877	382	3	0
883	382	3	0
884	382	5	0
889	382	2	0
909	382	5	0
916	382	4	0
918	382	4	0
919	382	5	0
922	382	4	0
940	382	3	0
5	387	3	0
7	387	3	0
13	387	3	0
18	387	4	0
23	387	3	0
42	387	3	0
59	387	3	0
62	387	2	0
89	387	5	0
90	387	5	0
122	387	5	0
128	387	2	0
151	387	5	0
184	387	4	0
194	387	2	0
195	387	4	0
201	387	2	0
224	387	4	0
243	387	4	0
256	387	4	0
269	387	3	0
270	387	5	0
276	387	3	0
280	387	4	0
299	387	2	0
301	387	3	0
303	387	5	0
311	387	4	0
334	387	4	0
343	387	4	0
345	387	4	0
354	387	4	0
361	387	3	0
363	387	1	0
378	387	4	0
405	387	1	0
416	387	3	0
429	387	4	0
437	387	2	0
450	387	5	0
454	387	2	0
458	387	4	0
500	387	2	0
503	387	4	0
536	387	3	0
537	387	4	0
566	387	4	0
567	387	4	0
601	387	3	0
615	387	3	0
627	387	2	0
639	387	3	0
655	387	3	0
659	387	4	0
707	387	4	0
711	387	4	0
716	387	4	0
758	387	2	0
796	387	3	0
805	387	3	0
846	387	3	0
883	387	5	0
896	387	2	0
914	387	3	0
916	387	4	0
5	421	1	0
7	421	3	0
13	421	2	0
23	421	5	0
24	421	5	0
43	421	3	0
56	421	4	0
59	421	5	0
62	421	5	0
76	421	3	0
90	421	4	0
92	421	4	0
94	421	4	0
99	421	3	0
110	421	4	0
116	421	3	0
117	421	5	0
118	421	4	0
177	421	3	0
180	421	5	0
195	421	4	0
201	421	2	0
215	421	4	0
216	421	5	0
234	421	1	0
239	421	5	0
249	421	5	0
262	421	4	0
268	421	3	0
270	421	5	0
276	421	4	0
279	421	3	0
286	421	1	0
291	421	4	0
293	421	3	0
295	421	4	0
303	421	4	0
320	421	4	0
327	421	2	0
334	421	4	0
342	421	3	0
344	421	2	0
347	421	2	0
354	421	2	0
361	421	3	0
373	421	4	0
385	421	2	0
391	421	2	0
393	421	2	0
405	421	1	0
406	421	4	0
416	421	5	0
417	421	4	0
437	421	4	0
450	421	4	0
453	421	4	0
456	421	3	0
472	421	5	0
474	421	3	0
479	421	4	0
495	421	1	0
496	421	3	0
500	421	4	0
514	421	4	0
521	421	4	0
532	421	5	0
535	421	4	0
537	421	2	0
551	421	4	0
588	421	5	0
592	421	5	0
601	421	1	0
606	421	4	0
608	421	5	0
618	421	3	0
665	421	4	0
698	421	2	0
711	421	4	0
712	421	4	0
727	421	5	0
748	421	4	0
756	421	4	0
758	421	4	0
762	421	4	0
774	421	1	0
806	421	4	0
807	421	3	0
835	421	4	0
844	421	4	0
846	421	4	0
848	421	5	0
849	421	5	0
854	421	3	0
859	421	5	0
870	421	2	0
875	421	4	0
880	421	2	0
883	421	5	0
887	421	5	0
903	421	3	0
904	421	5	0
916	421	5	0
922	421	4	0
924	421	4	0
927	421	4	0
943	421	2	0
5	425	2	0
6	425	3	0
11	425	4	0
18	425	3	0
48	425	3	0
58	425	5	0
59	425	4	0
64	425	4	0
85	425	4	0
90	425	4	0
92	425	4	0
94	425	5	0
109	425	2	0
128	425	5	0
142	425	4	0
151	425	4	0
172	425	1	0
194	425	2	0
201	425	3	0
232	425	4	0
246	425	5	0
268	425	4	0
269	425	5	0
271	425	2	0
276	425	4	0
279	425	4	0
286	425	2	0
293	425	4	0
301	425	4	0
303	425	4	0
305	425	4	0
308	425	4	0
311	425	2	0
327	425	3	0
334	425	4	0
343	425	5	0
370	425	3	0
380	425	4	0
383	425	4	0
385	425	3	0
405	425	2	0
406	425	3	0
416	425	4	0
417	425	4	0
429	425	3	0
436	425	4	0
437	425	4	0
457	425	4	0
458	425	3	0
498	425	2	0
499	425	3	0
500	425	4	0
506	425	4	0
514	425	5	0
527	425	4	0
532	425	4	0
535	425	5	0
537	425	3	0
561	425	4	0
577	425	2	0
583	425	5	0
592	425	5	0
629	425	3	0
653	425	2	0
655	425	3	0
661	425	4	0
664	425	3	0
686	425	5	0
707	425	5	0
711	425	4	0
715	425	4	0
716	425	5	0
745	425	4	0
748	425	4	0
758	425	5	0
795	425	3	0
804	425	4	0
805	425	5	0
823	425	5	0
846	425	5	0
870	425	4	0
886	425	4	0
892	425	5	0
896	425	2	0
916	425	5	0
5	428	5	0
7	428	5	0
11	428	4	0
13	428	5	0
14	428	4	0
18	428	3	0
42	428	3	0
48	428	4	0
49	428	5	0
59	428	5	0
85	428	5	0
92	428	4	0
94	428	5	0
97	428	4	0
98	428	5	0
121	428	5	0
151	428	5	0
161	428	3	0
172	428	4	0
184	428	4	0
187	428	4	0
196	428	4	0
198	428	4	0
207	428	4	0
208	428	4	0
234	428	4	0
239	428	5	0
244	428	4	0
269	428	5	0
271	428	4	0
276	428	4	0
279	428	1	0
286	428	5	0
291	428	5	0
305	428	3	0
307	428	4	0
308	428	5	0
311	428	4	0
312	428	3	0
313	428	3	0
315	428	4	0
321	428	4	0
326	428	5	0
327	428	4	0
334	428	4	0
339	428	5	0
340	428	1	0
342	428	5	0
354	428	4	0
363	428	5	0
378	428	3	0
379	428	4	0
380	428	3	0
385	428	3	0
387	428	4	0
389	428	3	0
401	428	4	0
405	428	1	0
406	428	5	0
407	428	3	0
409	428	4	0
417	428	3	0
426	428	2	0
429	428	4	0
437	428	5	0
450	428	4	0
455	428	4	0
457	428	5	0
465	428	3	0
468	428	4	0
504	428	3	0
537	428	4	0
561	428	4	0
579	428	4	0
588	428	4	0
591	428	4	0
606	428	3	0
615	428	5	0
625	428	5	0
640	428	5	0
643	428	4	0
645	428	4	0
648	428	2	0
653	428	1	0
655	428	3	0
660	428	4	0
661	428	4	0
666	428	3	0
690	428	1	0
693	428	3	0
698	428	1	0
716	428	3	0
737	428	4	0
744	428	4	0
747	428	3	0
749	428	3	0
751	428	4	0
758	428	4	0
766	428	5	0
773	428	4	0
774	428	1	0
804	428	3	0
805	428	5	0
807	428	4	0
823	428	5	0
833	428	2	0
840	428	4	0
846	428	3	0
847	428	3	0
848	428	5	0
870	428	4	0
875	428	4	0
885	428	4	0
889	428	4	0
899	428	4	0
911	428	4	0
913	428	3	0
916	428	4	0
918	428	5	0
932	428	4	0
934	428	4	0
6	461	4	0
7	461	4	0
10	461	3	0
18	461	4	0
72	461	3	0
144	461	4	0
151	461	4	0
160	461	5	0
201	461	4	0
207	461	3	0
214	461	4	0
221	461	4	0
232	461	5	0
243	461	3	0
271	461	5	0
276	461	4	0
279	461	3	0
286	461	2	0
287	461	5	0
293	461	2	0
295	461	5	0
299	461	3	0
303	461	4	0
308	461	4	0
313	461	3	0
315	461	4	0
327	461	3	0
334	461	3	0
339	461	5	0
342	461	3	0
343	461	2	0
345	461	3	0
363	461	3	0
379	461	4	0
385	461	4	0
387	461	5	0
405	461	3	0
406	461	3	0
409	461	3	0
417	461	3	0
452	461	4	0
456	461	4	0
458	461	4	0
468	461	4	0
474	461	5	0
506	461	2	0
524	461	3	0
535	461	3	0
537	461	3	0
543	461	3	0
551	461	3	0
561	461	3	0
566	461	4	0
592	461	4	0
608	461	4	0
627	461	3	0
640	461	4	0
655	461	2	0
667	461	4	0
704	461	3	0
747	461	5	0
763	461	4	0
806	461	4	0
854	461	3	0
870	461	4	0
875	461	4	0
880	461	4	0
883	461	5	0
889	461	3	0
896	461	3	0
903	461	3	0
913	461	4	0
916	461	4	0
934	461	4	0
6	462	5	0
10	462	3	0
13	462	5	0
18	462	3	0
42	462	2	0
49	462	2	0
58	462	4	0
59	462	5	0
62	462	2	0
71	462	5	0
82	462	4	0
85	462	4	0
90	462	5	0
95	462	4	0
115	462	4	0
123	462	4	0
128	462	4	0
151	462	4	0
154	462	3	0
160	462	4	0
172	462	3	0
180	462	5	0
184	462	4	0
187	462	5	0
188	462	4	0
189	462	5	0
198	462	3	0
200	462	4	0
201	462	1	0
207	462	3	0
211	462	4	0
214	462	4	0
232	462	4	0
233	462	5	0
234	462	4	0
235	462	3	0
236	462	4	0
239	462	5	0
249	462	5	0
257	462	4	0
269	462	3	0
271	462	4	0
276	462	4	0
279	462	3	0
286	462	5	0
292	462	3	0
293	462	4	0
296	462	4	0
299	462	5	0
301	462	2	0
303	462	3	0
305	462	5	0
307	462	4	0
316	462	3	0
321	462	4	0
334	462	4	0
338	462	4	0
343	462	4	0
344	462	2	0
345	462	5	0
347	462	2	0
354	462	3	0
380	462	4	0
381	462	4	0
385	462	2	0
391	462	4	0
399	462	3	0
401	462	4	0
405	462	2	0
406	462	5	0
416	462	5	0
429	462	4	0
430	462	3	0
435	462	5	0
437	462	5	0
440	462	5	0
449	462	5	0
450	462	4	0
452	462	4	0
455	462	3	0
456	462	3	0
457	462	5	0
468	462	4	0
474	462	4	0
480	462	4	0
483	462	3	0
487	462	2	0
492	462	3	0
493	462	2	0
498	462	3	0
500	462	4	0
504	462	4	0
514	462	4	0
527	462	3	0
533	462	2	0
537	462	3	0
543	462	4	0
561	462	3	0
562	462	5	0
565	462	4	0
566	462	4	0
568	462	4	0
571	462	4	0
585	462	3	0
605	462	5	0
607	462	4	0
608	462	4	0
615	462	4	0
618	462	2	0
639	462	5	0
642	462	4	0
654	462	4	0
655	462	3	0
660	462	2	0
664	462	4	0
669	462	5	0
707	462	4	0
712	462	3	0
715	462	4	0
731	462	5	0
747	462	5	0
753	462	4	0
758	462	4	0
763	462	5	0
771	462	3	0
773	462	5	0
828	462	3	0
829	462	4	0
840	462	3	0
848	462	5	0
855	462	4	0
861	462	4	0
862	462	4	0
870	462	4	0
875	462	4	0
878	462	4	0
883	462	5	0
884	462	4	0
889	462	5	0
894	462	4	0
896	462	3	0
907	462	4	0
913	462	3	0
916	462	4	0
918	462	3	0
919	462	3	0
932	462	4	0
934	462	4	0
6	466	4	0
59	466	4	0
62	466	3	0
72	466	4	0
80	466	5	0
84	466	4	0
92	466	4	0
97	466	3	0
115	466	5	0
144	466	2	0
151	466	5	0
194	466	4	0
201	466	4	0
216	466	4	0
218	466	4	0
234	466	4	0
268	466	3	0
270	466	5	0
271	466	4	0
291	466	5	0
293	466	3	0
308	466	5	0
315	466	1	0
327	466	3	0
343	466	4	0
361	466	4	0
374	466	5	0
405	466	1	0
406	466	4	0
407	466	3	0
409	466	4	0
421	466	4	0
429	466	2	0
437	466	2	0
524	466	4	0
527	466	2	0
535	466	3	0
537	466	4	0
543	466	4	0
548	466	5	0
591	466	3	0
592	466	5	0
655	466	3	0
663	466	3	0
664	466	4	0
747	466	3	0
763	466	4	0
854	466	3	0
864	466	4	0
870	466	4	0
886	466	1	0
913	466	3	0
6	469	5	0
16	469	3	0
42	469	4	0
94	469	4	0
122	469	5	0
130	469	5	0
151	469	1	0
177	469	4	0
178	469	3	0
180	469	5	0
195	469	3	0
201	469	4	0
221	469	3	0
224	469	1	0
246	469	3	0
249	469	4	0
250	469	4	0
269	469	4	0
272	469	5	0
276	469	4	0
279	469	4	0
291	469	5	0
293	469	4	0
296	469	5	0
305	469	2	0
308	469	5	0
311	469	5	0
325	469	4	0
327	469	4	0
339	469	5	0
345	469	5	0
358	469	4	0
363	469	2	0
378	469	5	0
405	469	1	0
406	469	4	0
416	469	4	0
429	469	4	0
436	469	3	0
447	469	4	0
450	469	4	0
457	469	4	0
458	469	4	0
468	469	4	0
474	469	4	0
478	469	3	0
496	469	3	0
500	469	4	0
524	469	4	0
535	469	3	0
537	469	3	0
543	469	4	0
561	469	4	0
567	469	4	0
592	469	4	0
608	469	3	0
645	469	5	0
655	469	3	0
659	469	4	0
664	469	3	0
763	469	4	0
805	469	4	0
846	469	2	0
854	469	5	0
870	469	4	0
889	469	4	0
913	469	3	0
6	475	5	0
10	475	4	0
13	475	3	0
14	475	3	0
17	475	4	0
24	475	4	0
26	475	3	0
27	475	2	0
32	475	5	0
49	475	4	0
50	475	5	0
52	475	4	0
54	475	5	0
57	475	2	0
58	475	5	0
62	475	4	0
63	475	4	0
64	475	5	0
66	475	2	0
68	475	5	0
69	475	3	0
71	475	5	0
73	475	4	0
75	475	5	0
81	475	5	0
82	475	1	0
89	475	5	0
90	475	3	0
92	475	5	0
94	475	5	0
99	475	5	0
104	475	4	0
109	475	1	0
115	475	5	0
117	475	5	0
118	475	5	0
119	475	4	0
125	475	1	0
130	475	3	0
135	475	4	0
136	475	4	0
139	475	5	0
144	475	1	0
150	475	5	0
154	475	4	0
157	475	3	0
160	475	5	0
176	475	5	0
177	475	4	0
181	475	2	0
198	475	4	0
199	475	5	0
201	475	4	0
203	475	3	0
207	475	2	0
213	475	4	0
214	475	5	0
216	475	5	0
221	475	4	0
222	475	4	0
227	475	4	0
228	475	3	0
232	475	5	0
239	475	5	0
242	475	3	0
244	475	4	0
246	475	4	0
248	475	5	0
250	475	4	0
252	475	5	0
257	475	5	0
259	475	5	0
264	475	5	0
267	475	5	0
268	475	4	0
269	475	5	0
270	475	5	0
276	475	5	0
286	475	4	0
291	475	5	0
292	475	5	0
294	475	5	0
296	475	4	0
297	475	5	0
299	475	4	0
303	475	4	0
305	475	4	0
308	475	4	0
315	475	4	0
323	475	3	0
324	475	5	0
325	475	4	0
327	475	4	0
331	475	3	0
334	475	4	0
336	475	4	0
339	475	5	0
342	475	5	0
343	475	5	0
347	475	4	0
349	475	4	0
361	475	4	0
374	475	1	0
382	475	3	0
383	475	2	0
387	475	3	0
389	475	5	0
390	475	1	0
397	475	4	0
399	475	5	0
402	475	3	0
409	475	4	0
416	475	2	0
417	475	4	0
420	475	4	0
422	475	4	0
425	475	5	0
429	475	4	0
432	475	4	0
437	475	3	0
439	475	3	0
445	475	5	0
449	475	5	0
452	475	2	0
453	475	5	0
455	475	4	0
456	475	5	0
458	475	4	0
463	475	3	0
465	475	3	0
467	475	4	0
468	475	4	0
470	475	4	0
472	475	5	0
473	475	5	0
474	475	4	0
479	475	1	0
486	475	4	0
490	475	4	0
491	475	4	0
493	475	3	0
497	475	4	0
498	475	3	0
500	475	5	0
501	475	5	0
503	475	2	0
506	475	1	0
518	475	4	0
521	475	3	0
525	475	3	0
526	475	5	0
527	475	3	0
533	475	1	0
534	475	4	0
537	475	4	0
540	475	4	0
542	475	3	0
548	475	4	0
551	475	5	0
561	475	3	0
567	475	4	0
568	475	4	0
569	475	3	0
576	475	1	0
581	475	4	0
582	475	5	0
588	475	2	0
590	475	4	0
592	475	5	0
595	475	5	0
601	475	4	0
605	475	3	0
606	475	4	0
607	475	4	0
608	475	3	0
609	475	2	0
615	475	4	0
617	475	1	0
624	475	4	0
629	475	4	0
632	475	3	0
634	475	5	0
637	475	1	0
648	475	1	0
655	475	3	0
657	475	4	0
658	475	4	0
663	475	4	0
665	475	3	0
667	475	5	0
668	475	4	0
669	475	3	0
677	475	4	0
682	475	3	0
689	475	4	0
699	475	4	0
711	475	5	0
715	475	4	0
717	475	5	0
735	475	4	0
737	475	4	0
741	475	3	0
742	475	4	0
747	475	5	0
758	475	5	0
762	475	5	0
763	475	4	0
768	475	2	0
770	475	5	0
773	475	3	0
789	475	5	0
790	475	3	0
794	475	5	0
805	475	5	0
806	475	4	0
823	475	5	0
828	475	4	0
829	475	4	0
833	475	3	0
834	475	5	0
839	475	5	0
851	475	4	0
854	475	4	0
855	475	4	0
857	475	5	0
859	475	4	0
861	475	3	0
865	475	4	0
867	475	5	0
868	475	4	0
870	475	5	0
877	475	4	0
880	475	4	0
884	475	4	0
886	475	5	0
889	475	4	0
894	475	3	0
903	475	4	0
905	475	3	0
906	475	3	0
907	475	3	0
913	475	4	0
916	475	4	0
919	475	3	0
923	475	5	0
932	475	4	0
933	475	2	0
936	475	5	0
941	475	4	0
943	475	5	0
6	509	4	0
7	509	5	0
10	509	4	0
13	509	5	0
14	509	5	0
16	509	2	0
18	509	4	0
62	509	4	0
64	509	3	0
72	509	4	0
85	509	4	0
90	509	5	0
94	509	5	0
95	509	4	0
121	509	5	0
122	509	4	0
138	509	4	0
148	509	5	0
151	509	4	0
184	509	4	0
194	509	3	0
198	509	4	0
200	509	4	0
201	509	3	0
207	509	4	0
213	509	4	0
214	509	4	0
226	509	4	0
233	509	4	0
239	509	5	0
243	509	4	0
244	509	5	0
262	509	3	0
269	509	4	0
270	509	3	0
271	509	4	0
279	509	3	0
293	509	3	0
299	509	4	0
307	509	3	0
308	509	4	0
311	509	3	0
312	509	5	0
318	509	5	0
339	509	4	0
344	509	4	0
354	509	5	0
378	509	4	0
381	509	5	0
389	509	4	0
401	509	4	0
405	509	1	0
406	509	3	0
416	509	5	0
421	509	2	0
450	509	4	0
452	509	4	0
453	509	4	0
454	509	2	0
457	509	4	0
458	509	4	0
474	509	5	0
479	509	4	0
488	509	2	0
496	509	3	0
498	509	3	0
500	509	4	0
503	509	5	0
523	509	4	0
537	509	4	0
542	509	4	0
543	509	3	0
551	509	4	0
565	509	4	0
568	509	4	0
585	509	4	0
608	509	1	0
613	509	4	0
615	509	4	0
629	509	5	0
639	509	3	0
643	509	3	0
650	509	3	0
653	509	4	0
655	509	3	0
663	509	4	0
664	509	4	0
675	509	5	0
682	509	2	0
693	509	3	0
711	509	4	0
719	509	2	0
747	509	5	0
758	509	5	0
763	509	5	0
773	509	4	0
776	509	5	0
777	509	4	0
779	509	2	0
805	509	5	0
821	509	5	0
828	509	2	0
829	509	5	0
835	509	4	0
840	509	3	0
846	509	4	0
848	509	4	0
854	509	4	0
855	509	3	0
861	509	5	0
864	509	5	0
868	509	3	0
878	509	4	0
884	509	4	0
889	509	2	0
894	509	4	0
901	509	4	0
903	509	4	0
909	509	5	0
916	509	4	0
932	509	3	0
6	518	3	0
8	518	4	0
10	518	4	0
13	518	4	0
23	518	5	0
24	518	4	0
41	518	3	0
49	518	4	0
72	518	4	0
73	518	5	0
76	518	3	0
77	518	4	0
82	518	4	0
90	518	2	0
92	518	5	0
94	518	5	0
95	518	4	0
138	518	4	0
144	518	3	0
158	518	4	0
194	518	4	0
197	518	1	0
198	518	3	0
201	518	4	0
214	518	3	0
224	518	1	0
239	518	3	0
253	518	5	0
267	518	5	0
269	518	4	0
271	518	4	0
276	518	4	0
293	518	5	0
303	518	4	0
311	518	3	0
328	518	2	0
334	518	4	0
339	518	5	0
342	518	3	0
345	518	4	0
346	518	4	0
354	518	3	0
363	518	4	0
380	518	3	0
387	518	4	0
389	518	4	0
405	518	1	0
409	518	1	0
417	518	5	0
437	518	2	0
450	518	4	0
452	518	5	0
455	518	4	0
466	518	4	0
474	518	4	0
478	518	4	0
506	518	4	0
524	518	3	0
535	518	5	0
537	518	4	0
543	518	3	0
551	518	4	0
561	518	4	0
592	518	5	0
600	518	5	0
615	518	4	0
627	518	4	0
645	518	5	0
653	518	2	0
655	518	2	0
658	518	4	0
664	518	4	0
666	518	4	0
682	518	4	0
686	518	5	0
721	518	2	0
763	518	4	0
766	518	3	0
774	518	1	0
788	518	3	0
806	518	3	0
815	518	3	0
833	518	3	0
846	518	4	0
875	518	4	0
886	518	4	0
896	518	3	0
899	518	4	0
913	518	4	0
6	531	4	0
10	531	5	0
13	531	3	0
16	531	5	0
30	531	5	0
43	531	4	0
49	531	3	0
52	531	5	0
64	531	3	0
65	531	4	0
76	531	4	0
80	531	4	0
85	531	4	0
90	531	4	0
92	531	4	0
109	531	4	0
116	531	2	0
123	531	3	0
128	531	4	0
130	531	5	0
144	531	5	0
151	531	3	0
160	531	5	0
178	531	4	0
184	531	4	0
189	531	3	0
198	531	5	0
201	531	2	0
207	531	4	0
214	531	4	0
216	531	4	0
232	531	4	0
234	531	3	0
239	531	5	0
243	531	4	0
257	531	5	0
269	531	5	0
270	531	4	0
276	531	4	0
293	531	4	0
299	531	3	0
303	531	4	0
308	531	4	0
312	531	5	0
313	531	3	0
315	531	5	0
316	531	5	0
318	531	4	0
321	531	4	0
328	531	4	0
334	531	5	0
342	531	3	0
343	531	5	0
354	531	4	0
360	531	4	0
361	531	5	0
363	531	4	0
378	531	4	0
382	531	4	0
383	531	3	0
387	531	3	0
389	531	4	0
399	531	3	0
406	531	3	0
415	531	5	0
416	531	5	0
429	531	5	0
452	531	4	0
454	531	2	0
455	531	3	0
457	531	5	0
458	531	5	0
468	531	4	0
492	531	4	0
498	531	3	0
500	531	3	0
514	531	3	0
523	531	5	0
527	531	3	0
532	531	5	0
539	531	4	0
542	531	4	0
543	531	4	0
551	531	5	0
554	531	4	0
561	531	1	0
575	531	1	0
577	531	4	0
588	531	3	0
592	531	5	0
605	531	4	0
606	531	5	0
617	531	2	0
618	531	4	0
653	531	5	0
655	531	4	0
661	531	4	0
664	531	2	0
669	531	3	0
675	531	5	0
679	531	4	0
700	531	4	0
707	531	5	0
745	531	3	0
747	531	4	0
749	531	5	0
758	531	5	0
764	531	5	0
773	531	5	0
788	531	4	0
823	531	4	0
828	531	4	0
836	531	4	0
840	531	5	0
851	531	3	0
855	531	3	0
861	531	4	0
864	531	5	0
876	531	4	0
877	531	5	0
878	531	2	0
883	531	3	0
891	531	4	0
893	531	4	0
894	531	3	0
909	531	4	0
913	531	2	0
916	531	4	0
919	531	3	0
7	558	4	0
10	558	4	0
11	558	3	0
13	558	1	0
21	558	5	0
58	558	5	0
60	558	4	0
92	558	3	0
115	558	5	0
118	558	5	0
145	558	2	0
195	558	3	0
201	558	2	0
234	558	4	0
239	558	5	0
250	558	4	0
264	558	5	0
268	558	3	0
270	558	5	0
276	558	4	0
279	558	4	0
291	558	4	0
293	558	3	0
303	558	4	0
308	558	4	0
327	558	4	0
334	558	4	0
342	558	5	0
354	558	4	0
358	558	4	0
374	558	1	0
385	558	2	0
387	558	4	0
389	558	4	0
405	558	1	0
406	558	3	0
422	558	4	0
437	558	3	0
449	558	4	0
450	558	3	0
498	558	4	0
503	558	5	0
514	558	4	0
524	558	4	0
527	558	4	0
535	558	5	0
537	558	4	0
592	558	5	0
604	558	4	0
617	558	3	0
622	558	2	0
641	558	5	0
645	558	4	0
654	558	3	0
655	558	4	0
682	558	1	0
747	558	4	0
751	558	3	0
804	558	3	0
805	558	5	0
828	558	3	0
833	558	4	0
846	558	4	0
870	558	4	0
886	558	3	0
894	558	5	0
908	558	4	0
916	558	3	0
919	558	5	0
925	558	1	0
7	582	5	0
10	582	4	0
18	582	5	0
24	582	4	0
42	582	3	0
59	582	4	0
60	582	4	0
62	582	4	0
64	582	4	0
65	582	3	0
72	582	4	0
76	582	3	0
79	582	5	0
80	582	3	0
82	582	4	0
85	582	4	0
92	582	5	0
106	582	4	0
116	582	3	0
121	582	2	0
122	582	5	0
151	582	5	0
161	582	1	0
172	582	4	0
174	582	4	0
184	582	4	0
187	582	1	0
189	582	5	0
194	582	1	0
195	582	4	0
200	582	4	0
201	582	5	0
213	582	4	0
214	582	3	0
224	582	4	0
230	582	4	0
232	582	5	0
234	582	4	0
243	582	5	0
250	582	4	0
257	582	5	0
262	582	4	0
268	582	5	0
269	582	4	0
270	582	3	0
271	582	3	0
276	582	3	0
291	582	4	0
293	582	4	0
295	582	5	0
297	582	4	0
299	582	2	0
301	582	2	0
303	582	4	0
305	582	4	0
308	582	3	0
313	582	2	0
316	582	5	0
327	582	4	0
328	582	5	0
334	582	5	0
338	582	5	0
339	582	4	0
343	582	3	0
345	582	5	0
346	582	3	0
354	582	4	0
358	582	5	0
360	582	4	0
363	582	2	0
378	582	5	0
380	582	4	0
381	582	5	0
387	582	3	0
398	582	2	0
399	582	3	0
401	582	4	0
405	582	3	0
406	582	4	0
417	582	3	0
429	582	3	0
437	582	5	0
440	582	3	0
447	582	4	0
450	582	4	0
455	582	2	0
456	582	5	0
457	582	5	0
458	582	1	0
468	582	3	0
469	582	5	0
474	582	5	0
483	582	3	0
495	582	4	0
500	582	4	0
503	582	5	0
506	582	3	0
514	582	4	0
516	582	5	0
523	582	4	0
524	582	3	0
527	582	2	0
530	582	4	0
533	582	3	0
536	582	2	0
537	582	3	0
543	582	3	0
551	582	5	0
554	582	3	0
561	582	4	0
562	582	4	0
566	582	5	0
567	582	3	0
577	582	4	0
579	582	4	0
585	582	3	0
605	582	4	0
610	582	4	0
615	582	3	0
617	582	4	0
618	582	4	0
627	582	3	0
639	582	3	0
655	582	2	0
664	582	1	0
666	582	4	0
682	582	1	0
693	582	2	0
694	582	4	0
707	582	5	0
711	582	5	0
719	582	3	0
721	582	3	0
734	582	2	0
741	582	3	0
747	582	5	0
758	582	3	0
778	582	1	0
788	582	4	0
790	582	3	0
804	582	3	0
805	582	3	0
815	582	1	0
828	582	3	0
829	582	4	0
840	582	5	0
843	582	2	0
848	582	4	0
855	582	3	0
861	582	2	0
870	582	5	0
875	582	5	0
877	582	2	0
878	582	4	0
881	582	1	0
882	582	5	0
883	582	3	0
884	582	5	0
885	582	2	0
886	582	1	0
892	582	3	0
894	582	4	0
896	582	2	0
903	582	3	0
909	582	5	0
916	582	4	0
918	582	4	0
919	582	5	0
7	631	4	0
13	631	3	0
18	631	5	0
43	631	2	0
44	631	1	0
83	631	2	0
85	631	4	0
90	631	5	0
92	631	4	0
94	631	5	0
95	631	4	0
109	631	3	0
121	631	4	0
145	631	4	0
151	631	3	0
180	631	5	0
184	631	4	0
194	631	2	0
198	631	3	0
201	631	2	0
207	631	2	0
210	631	5	0
212	631	5	0
219	631	5	0
234	631	3	0
243	631	4	0
244	631	4	0
262	631	4	0
269	631	4	0
276	631	3	0
280	631	5	0
291	631	5	0
292	631	5	0
295	631	5	0
301	631	1	0
303	631	4	0
305	631	3	0
307	631	3	0
312	631	5	0
313	631	2	0
318	631	4	0
321	631	4	0
327	631	3	0
334	631	4	0
337	631	4	0
339	631	5	0
343	631	4	0
354	631	4	0
363	631	1	0
370	631	4	0
378	631	4	0
379	631	5	0
380	631	4	0
381	631	4	0
385	631	3	0
389	631	5	0
406	631	5	0
409	631	3	0
416	631	3	0
417	631	3	0
426	631	3	0
429	631	4	0
435	631	2	0
450	631	4	0
452	631	4	0
454	631	2	0
457	631	4	0
458	631	4	0
495	631	2	0
498	631	3	0
504	631	4	0
514	631	4	0
527	631	4	0
535	631	5	0
536	631	2	0
553	631	5	0
561	631	3	0
566	631	4	0
567	631	3	0
568	631	5	0
592	631	3	0
593	631	3	0
615	631	4	0
617	631	2	0
627	631	3	0
643	631	3	0
647	631	4	0
650	631	3	0
653	631	2	0
655	631	4	0
661	631	3	0
664	631	4	0
665	631	2	0
682	631	3	0
691	631	4	0
693	631	3	0
704	631	3	0
707	631	4	0
716	631	5	0
721	631	5	0
747	631	5	0
751	631	5	0
760	631	3	0
804	631	3	0
805	631	5	0
815	631	4	0
823	631	4	0
840	631	4	0
868	631	4	0
870	631	2	0
886	631	4	0
888	631	4	0
889	631	3	0
892	631	4	0
896	631	2	0
908	631	4	0
916	631	4	0
918	631	4	0
922	631	3	0
7	642	3	0
16	642	5	0
23	642	3	0
59	642	5	0
72	642	4	0
85	642	4	0
92	642	3	0
94	642	4	0
110	642	2	0
115	642	5	0
130	642	4	0
135	642	4	0
145	642	3	0
151	642	3	0
154	642	3	0
172	642	4	0
177	642	4	0
184	642	4	0
194	642	2	0
201	642	4	0
207	642	3	0
218	642	3	0
222	642	3	0
234	642	3	0
256	642	4	0
267	642	4	0
269	642	3	0
271	642	5	0
286	642	3	0
293	642	3	0
295	642	4	0
299	642	4	0
308	642	5	0
311	642	4	0
315	642	5	0
334	642	5	0
339	642	5	0
343	642	4	0
346	642	3	0
374	642	1	0
387	642	4	0
389	642	4	0
405	642	1	0
406	642	3	0
407	642	2	0
417	642	5	0
429	642	4	0
436	642	4	0
437	642	1	0
447	642	4	0
450	642	4	0
454	642	2	0
468	642	3	0
474	642	4	0
480	642	4	0
495	642	4	0
497	642	3	0
506	642	4	0
524	642	4	0
537	642	4	0
538	642	3	0
543	642	3	0
548	642	4	0
561	642	3	0
623	642	3	0
650	642	3	0
653	642	1	0
655	642	3	0
659	642	2	0
664	642	4	0
666	642	5	0
690	642	3	0
749	642	2	0
756	642	2	0
804	642	3	0
805	642	4	0
823	642	4	0
833	642	3	0
840	642	4	0
846	642	5	0
848	642	5	0
864	642	3	0
870	642	4	0
878	642	3	0
881	642	4	0
889	642	3	0
896	642	2	0
903	642	4	0
916	642	3	0
7	652	3	0
10	652	3	0
11	652	4	0
13	652	5	0
23	652	4	0
49	652	5	0
58	652	5	0
62	652	4	0
64	652	2	0
90	652	4	0
94	652	4	0
102	652	2	0
128	652	3	0
145	652	5	0
151	652	5	0
158	652	4	0
189	652	5	0
198	652	3	0
200	652	2	0
214	652	4	0
216	652	4	0
226	652	3	0
235	652	4	0
239	652	5	0
244	652	5	0
246	652	5	0
268	652	4	0
276	652	4	0
279	652	4	0
286	652	4	0
287	652	4	0
296	652	4	0
297	652	3	0
298	652	3	0
299	652	3	0
327	652	4	0
334	652	5	0
354	652	4	0
361	652	4	0
363	652	4	0
380	652	3	0
381	652	5	0
385	652	5	0
391	652	4	0
393	652	3	0
397	652	3	0
405	652	1	0
406	652	2	0
416	652	4	0
429	652	4	0
435	652	4	0
437	652	4	0
453	652	3	0
474	652	4	0
487	652	5	0
493	652	5	0
496	652	5	0
497	652	5	0
498	652	5	0
514	652	4	0
523	652	2	0
527	652	4	0
537	652	3	0
559	652	4	0
561	652	5	0
565	652	5	0
585	652	4	0
588	652	2	0
592	652	4	0
606	652	3	0
625	652	4	0
660	652	4	0
661	652	2	0
663	652	4	0
711	652	4	0
712	652	3	0
751	652	4	0
758	652	5	0
771	652	4	0
773	652	3	0
777	652	5	0
828	652	5	0
847	652	5	0
854	652	3	0
867	652	5	0
875	652	5	0
889	652	5	0
916	652	4	0
932	652	3	0
933	652	3	0
10	693	4	0
16	693	4	0
64	693	3	0
90	693	3	0
94	693	4	0
160	693	5	0
177	693	4	0
184	693	3	0
193	693	4	0
194	693	4	0
198	693	3	0
201	693	4	0
214	693	3	0
216	693	3	0
222	693	4	0
230	693	2	0
234	693	2	0
267	693	4	0
276	693	4	0
280	693	3	0
293	693	4	0
301	693	5	0
303	693	4	0
308	693	3	0
314	693	3	0
328	693	2	0
332	693	5	0
334	693	3	0
339	693	5	0
346	693	4	0
347	693	5	0
374	693	5	0
378	693	4	0
381	693	4	0
385	693	4	0
387	693	5	0
389	693	4	0
393	693	3	0
397	693	4	0
399	693	3	0
405	693	2	0
406	693	3	0
416	693	3	0
429	693	4	0
435	693	3	0
436	693	5	0
450	693	3	0
453	693	5	0
454	693	2	0
456	693	3	0
493	693	4	0
498	693	3	0
504	693	4	0
506	693	4	0
524	693	5	0
535	693	3	0
537	693	4	0
542	693	4	0
551	693	5	0
561	693	3	0
566	693	5	0
577	693	1	0
586	693	3	0
608	693	3	0
618	693	3	0
622	693	4	0
627	693	2	0
629	693	5	0
632	693	2	0
640	693	5	0
653	693	1	0
655	693	3	0
659	693	4	0
663	693	4	0
682	693	3	0
693	693	3	0
709	693	4	0
747	693	5	0
757	693	4	0
764	693	3	0
788	693	2	0
796	693	3	0
846	693	5	0
851	693	5	0
864	693	4	0
870	693	4	0
880	693	5	0
883	693	4	0
886	693	4	0
903	693	5	0
916	693	3	0
10	708	4	0
12	708	3	0
18	708	3	0
59	708	4	0
60	708	4	0
62	708	3	0
72	708	4	0
85	708	4	0
90	708	5	0
92	708	4	0
95	708	2	0
122	708	5	0
154	708	4	0
174	708	5	0
184	708	4	0
194	708	3	0
201	708	4	0
210	708	5	0
214	708	4	0
224	708	2	0
232	708	4	0
243	708	3	0
244	708	4	0
249	708	4	0
269	708	4	0
293	708	3	0
305	708	3	0
307	708	4	0
308	708	4	0
311	708	5	0
318	708	4	0
327	708	4	0
328	708	2	0
330	708	3	0
334	708	4	0
338	708	5	0
343	708	4	0
344	708	4	0
345	708	3	0
346	708	3	0
378	708	4	0
380	708	3	0
398	708	3	0
405	708	1	0
407	708	3	0
409	708	4	0
416	708	4	0
417	708	2	0
429	708	3	0
436	708	3	0
437	708	4	0
450	708	4	0
456	708	4	0
457	708	4	0
474	708	4	0
478	708	3	0
500	708	5	0
524	708	4	0
532	708	4	0
533	708	2	0
535	708	5	0
536	708	3	0
537	708	3	0
551	708	1	0
561	708	3	0
577	708	3	0
583	708	5	0
615	708	2	0
645	708	3	0
650	708	3	0
653	708	2	0
655	708	3	0
659	708	3	0
664	708	4	0
682	708	3	0
693	708	3	0
707	708	3	0
716	708	4	0
751	708	4	0
774	708	2	0
776	708	5	0
786	708	4	0
788	708	2	0
790	708	3	0
804	708	3	0
805	708	3	0
823	708	4	0
835	708	5	0
840	708	4	0
843	708	2	0
846	708	3	0
848	708	4	0
864	708	3	0
892	708	4	0
896	708	2	0
897	708	2	0
903	708	4	0
916	708	4	0
932	708	4	0
934	708	3	0
940	708	3	0
10	709	4	0
13	709	4	0
14	709	5	0
18	709	5	0
58	709	5	0
59	709	5	0
85	709	5	0
87	709	3	0
89	709	3	0
90	709	5	0
92	709	2	0
125	709	3	0
144	709	4	0
151	709	5	0
158	709	5	0
174	709	4	0
234	709	4	0
262	709	5	0
264	709	5	0
271	709	3	0
276	709	4	0
279	709	4	0
283	709	5	0
286	709	4	0
303	709	5	0
305	709	5	0
308	709	3	0
315	709	4	0
321	709	4	0
327	709	4	0
334	709	4	0
339	709	5	0
344	709	5	0
345	709	4	0
354	709	5	0
361	709	5	0
363	709	4	0
373	709	5	0
378	709	4	0
379	709	5	0
380	709	4	0
389	709	4	0
405	709	1	0
406	709	5	0
409	709	4	0
411	709	5	0
417	709	3	0
421	709	4	0
429	709	4	0
435	709	4	0
437	709	5	0
450	709	3	0
455	709	3	0
457	709	5	0
458	709	4	0
464	709	5	0
474	709	5	0
477	709	5	0
500	709	4	0
514	709	3	0
524	709	5	0
527	709	5	0
535	709	5	0
537	709	4	0
541	709	5	0
543	709	3	0
561	709	3	0
579	709	5	0
591	709	4	0
606	709	5	0
618	709	2	0
629	709	3	0
639	709	3	0
645	709	3	0
655	709	3	0
661	709	4	0
666	709	4	0
698	709	4	0
748	709	4	0
751	709	4	0
762	709	3	0
771	709	5	0
786	709	2	0
790	709	3	0
796	709	3	0
798	709	5	0
805	709	4	0
823	709	3	0
854	709	4	0
868	709	4	0
883	709	5	0
886	709	3	0
896	709	3	0
903	709	4	0
904	709	3	0
908	709	4	0
911	709	5	0
916	709	3	0
918	709	4	0
919	709	3	0
930	709	4	0
932	709	4	0
934	709	3	0
940	709	5	0
13	792	5	0
14	792	5	0
18	792	5	0
22	792	4	0
43	792	1	0
59	792	4	0
72	792	3	0
85	792	4	0
94	792	4	0
102	792	3	0
121	792	3	0
122	792	3	0
151	792	4	0
178	792	5	0
184	792	4	0
187	792	5	0
188	792	2	0
189	792	5	0
194	792	4	0
201	792	4	0
207	792	2	0
210	792	3	0
234	792	4	0
235	792	4	0
264	792	5	0
269	792	4	0
271	792	4	0
279	792	3	0
286	792	3	0
299	792	4	0
303	792	5	0
305	792	4	0
308	792	3	0
315	792	5	0
318	792	2	0
327	792	4	0
334	792	4	0
338	792	4	0
342	792	3	0
343	792	5	0
354	792	4	0
363	792	4	0
378	792	4	0
389	792	4	0
393	792	1	0
405	792	5	0
416	792	4	0
417	792	4	0
435	792	4	0
450	792	4	0
452	792	5	0
457	792	4	0
458	792	4	0
474	792	4	0
476	792	4	0
497	792	3	0
506	792	2	0
514	792	4	0
523	792	4	0
524	792	4	0
533	792	3	0
535	792	4	0
537	792	3	0
543	792	4	0
591	792	4	0
615	792	4	0
627	792	4	0
639	792	2	0
655	792	3	0
659	792	4	0
664	792	4	0
666	792	4	0
707	792	4	0
716	792	4	0
747	792	5	0
773	792	4	0
790	792	2	0
823	792	3	0
846	792	4	0
870	792	3	0
883	792	4	0
888	792	5	0
916	792	3	0
918	792	3	0
934	792	3	0
940	792	2	0
14	919	4	0
17	919	4	0
23	919	5	0
24	919	3	0
49	919	5	0
52	919	5	0
59	919	4	0
64	919	4	0
76	919	3	0
82	919	3	0
97	919	5	0
118	919	5	0
151	919	5	0
154	919	4	0
176	919	2	0
177	919	4	0
181	919	1	0
201	919	3	0
232	919	3	0
246	919	4	0
249	919	5	0
269	919	4	0
276	919	4	0
279	919	3	0
292	919	5	0
297	919	1	0
299	919	3	0
303	919	4	0
312	919	3	0
327	919	5	0
343	919	5	0
345	919	2	0
363	919	5	0
367	919	5	0
369	919	5	0
385	919	4	0
387	919	5	0
399	919	2	0
406	919	2	0
422	919	5	0
433	919	5	0
435	919	5	0
445	919	1	0
456	919	4	0
467	919	2	0
470	919	3	0
486	919	3	0
490	919	4	0
498	919	4	0
500	919	3	0
518	919	5	0
526	919	3	0
533	919	2	0
534	919	5	0
535	919	4	0
537	919	4	0
543	919	2	0
567	919	4	0
581	919	5	0
582	919	5	0
585	919	2	0
592	919	5	0
606	919	2	0
624	919	4	0
634	919	2	0
640	919	5	0
655	919	2	0
658	919	2	0
663	919	3	0
738	919	4	0
756	919	5	0
758	919	5	0
770	919	5	0
773	919	5	0
795	919	4	0
815	919	5	0
823	919	4	0
825	919	1	0
833	919	2	0
838	919	5	0
844	919	3	0
854	919	4	0
855	919	3	0
862	919	4	0
865	919	5	0
868	919	4	0
883	919	4	0
886	919	4	0
889	919	5	0
894	919	4	0
913	919	4	0
916	919	5	0
919	919	2	0
922	919	5	0
936	919	5	0
941	919	5	0
49	1073	5	0
57	1073	3	0
62	1073	4	0
73	1073	4	0
92	1073	5	0
94	1073	5	0
115	1073	5	0
145	1073	5	0
160	1073	4	0
200	1073	3	0
201	1073	2	0
214	1073	5	0
218	1073	5	0
221	1073	4	0
246	1073	4	0
249	1073	4	0
250	1073	5	0
267	1073	5	0
268	1073	4	0
269	1073	3	0
270	1073	5	0
276	1073	3	0
291	1073	5	0
292	1073	5	0
296	1073	5	0
297	1073	3	0
299	1073	4	0
303	1073	4	0
305	1073	1	0
308	1073	3	0
323	1073	4	0
327	1073	2	0
334	1073	4	0
342	1073	1	0
343	1073	4	0
363	1073	4	0
375	1073	2	0
405	1073	1	0
406	1073	3	0
409	1073	4	0
440	1073	4	0
449	1073	5	0
498	1073	3	0
506	1073	4	0
524	1073	5	0
537	1073	3	0
543	1073	3	0
548	1073	4	0
560	1073	3	0
592	1073	5	0
601	1073	2	0
617	1073	3	0
640	1073	5	0
663	1073	3	0
671	1073	3	0
757	1073	4	0
828	1073	4	0
870	1073	5	0
875	1073	5	0
884	1073	4	0
886	1073	4	0
889	1073	5	0
894	1073	4	0
903	1073	3	0
916	1073	4	0
919	1073	4	0
58	1101	5	0
59	1101	5	0
82	1101	4	0
83	1101	2	0
85	1101	4	0
90	1101	4	0
94	1101	3	0
95	1101	2	0
119	1101	5	0
144	1101	4	0
151	1101	4	0
178	1101	4	0
184	1101	4	0
216	1101	4	0
234	1101	3	0
246	1101	5	0
269	1101	4	0
271	1101	4	0
272	1101	5	0
286	1101	5	0
293	1101	3	0
305	1101	4	0
321	1101	3	0
327	1101	4	0
331	1101	4	0
345	1101	4	0
354	1101	3	0
363	1101	3	0
374	1101	4	0
378	1101	3	0
380	1101	4	0
391	1101	4	0
402	1101	4	0
405	1101	3	0
406	1101	4	0
429	1101	5	0
456	1101	3	0
458	1101	4	0
478	1101	4	0
499	1101	5	0
514	1101	4	0
524	1101	4	0
527	1101	4	0
535	1101	4	0
537	1101	3	0
559	1101	4	0
561	1101	3	0
608	1101	4	0
639	1101	3	0
643	1101	3	0
653	1101	2	0
655	1101	2	0
658	1101	4	0
664	1101	3	0
667	1101	3	0
675	1101	4	0
707	1101	4	0
710	1101	4	0
716	1101	5	0
751	1101	1	0
763	1101	3	0
795	1101	4	0
796	1101	5	0
804	1101	3	0
805	1101	5	0
846	1101	3	0
848	1101	5	0
864	1101	4	0
896	1101	2	0
899	1101	5	0
903	1101	4	0
916	1101	4	0
918	1101	4	0
919	1101	5	0
