1	22	4	0
6	22	3	0
7	22	5	0
8	22	5	0
10	22	5	0
11	22	4	0
13	22	4	0
14	22	3	0
16	22	5	0
18	22	5	0
20	22	5	0
37	22	5	0
38	22	5	0
44	22	4	0
52	22	5	0
55	22	5	0
56	22	5	0
59	22	4	0
62	22	4	0
64	22	4	0
82	22	3	0
83	22	5	0
87	22	4	0
90	22	4	0
91	22	5	0
92	22	3	0
94	22	4	0
95	22	4	0
99	22	5	0
106	22	4	0
109	22	4	0
110	22	4	0
115	22	3	0
118	22	5	0
119	22	4	0
123	22	4	0
125	22	5	0
130	22	5	0
144	22	5	0
145	22	5	0
152	22	5	0
153	22	2	0
156	22	3	0
158	22	5	0
161	22	2	0
177	22	4	0
178	22	5	0
184	22	3	0
188	22	5	0
194	22	5	0
197	22	5	0
200	22	4	0
201	22	2	0
207	22	3	0
214	22	3	0
215	22	3	0
216	22	5	0
217	22	5	0
222	22	5	0
223	22	5	0
224	22	5	0
225	22	5	0
230	22	5	0
232	22	3	0
234	22	4	0
235	22	4	0
243	22	3	0
244	22	4	0
248	22	2	0
249	22	5	0
251	22	5	0
253	22	5	0
254	22	4	0
256	22	5	0
262	22	4	0
263	22	5	0
267	22	4	0
269	22	1	0
271	22	5	0
272	22	5	0
275	22	3	0
276	22	5	0
278	22	5	0
279	22	1	0
280	22	5	0
286	22	4	0
288	22	5	0
290	22	5	0
291	22	5	0
293	22	3	0
295	22	4	0
296	22	4	0
297	22	4	0
298	22	4	0
301	22	4	0
303	22	5	0
307	22	3	0
308	22	4	0
311	22	4	0
313	22	3	0
314	22	4	0
316	22	4	0
320	22	5	0
323	22	5	0
326	22	4	0
327	22	4	0
328	22	5	0
330	22	5	0
331	22	4	0
332	22	5	0
334	22	4	0
339	22	5	0
343	22	4	0
344	22	3	0
346	22	5	0
347	22	5	0
363	22	3	0
370	22	4	0
371	22	5	0
373	22	5	0
378	22	5	0
380	22	4	0
387	22	5	0
391	22	4	0
393	22	4	0
394	22	5	0
397	22	4	0
399	22	3	0
404	22	5	0
405	22	5	0
406	22	3	0
409	22	2	0
411	22	4	0
416	22	5	0
425	22	3	0
429	22	5	0
435	22	4	0
442	22	2	0
447	22	4	0
450	22	5	0
452	22	5	0
453	22	5	0
454	22	4	0
455	22	4	0
456	22	4	0
457	22	5	0
459	22	5	0
462	22	5	0
465	22	3	0
466	22	5	0
468	22	5	0
472	22	5	0
474	22	4	0
479	22	4	0
484	22	5	0
487	22	5	0
488	22	4	0
493	22	5	0
496	22	4	0
497	22	5	0
505	22	5	0
514	22	4	0
521	22	4	0
524	22	3	0
527	22	5	0
532	22	5	0
533	22	4	0
535	22	3	0
536	22	5	0
537	22	2	0
538	22	5	0
539	22	3	0
542	22	3	0
543	22	3	0
545	22	3	0
551	22	5	0
553	22	5	0
554	22	4	0
559	22	1	0
560	22	2	0
561	22	3	0
566	22	3	0
573	22	4	0
577	22	5	0
586	22	3	0
588	22	5	0
592	22	5	0
598	22	5	0
600	22	5	0
601	22	4	0
603	22	4	0
605	22	4	0
606	22	5	0
608	22	4	0
615	22	4	0
618	22	4	0
619	22	5	0
622	22	4	0
625	22	3	0
627	22	5	0
629	22	5	0
630	22	3	0
632	22	4	0
638	22	5	0
640	22	4	0
642	22	4	0
645	22	4	0
647	22	5	0
648	22	4	0
650	22	3	0
653	22	5	0
654	22	5	0
655	22	2	0
658	22	4	0
660	22	4	0
664	22	2	0
669	22	3	0
671	22	4	0
676	22	5	0
682	22	5	0
683	22	4	0
686	22	5	0
694	22	5	0
698	22	1	0
704	22	2	0
705	22	5	0
709	22	5	0
710	22	3	0
711	22	4	0
715	22	4	0
716	22	5	0
721	22	5	0
727	22	4	0
734	22	3	0
737	22	4	0
738	22	3	0
739	22	5	0
741	22	5	0
746	22	4	0
747	22	3	0
748	22	4	0
749	22	5	0
753	22	4	0
756	22	3	0
757	22	4	0
763	22	4	0
764	22	4	0
766	22	3	0
767	22	4	0
774	22	2	0
776	22	5	0
780	22	4	0
785	22	4	0
788	22	5	0
790	22	5	0
796	22	4	0
804	22	5	0
805	22	1	0
807	22	5	0
821	22	5	0
823	22	5	0
826	22	5	0
830	22	5	0
831	22	5	0
833	22	3	0
838	22	4	0
840	22	3	0
844	22	4	0
846	22	4	0
850	22	5	0
851	22	5	0
854	22	2	0
862	22	5	0
864	22	5	0
867	22	5	0
870	22	4	0
871	22	5	0
875	22	3	0
876	22	4	0
878	22	2	0
880	22	4	0
881	22	5	0
883	22	3	0
886	22	4	0
887	22	5	0
889	22	3	0
892	22	5	0
896	22	5	0
897	22	5	0
901	22	5	0
913	22	5	0
916	22	4	0
919	22	5	0
922	22	5	0
929	22	5	0
933	22	5	0
943	22	4	0
1	31	3	0
7	31	4	0
16	31	5	0
28	31	4	0
41	31	3	0
44	31	4	0
56	31	4	0
64	31	4	0
77	31	3	0
83	31	5	0
84	31	4	0
90	31	4	0
91	31	5	0
92	31	4	0
94	31	4	0
95	31	4	0
109	31	4	0
110	31	3	0
119	31	5	0
130	31	4	0
144	31	3	0
145	31	5	0
151	31	3	0
174	31	4	0
175	31	4	0
178	31	4	0
186	31	4	0
189	31	3	0
194	31	3	0
198	31	3	0
201	31	1	0
213	31	4	0
222	31	5	0
233	31	3	0
234	31	4	0
244	31	4	0
249	31	4	0
256	31	5	0
263	31	4	0
267	31	4	0
268	31	4	0
271	31	4	0
276	31	4	0
279	31	3	0
280	31	4	0
290	31	4	0
291	31	4	0
293	31	2	0
297	31	3	0
301	31	3	0
303	31	3	0
308	31	3	0
311	31	4	0
313	31	4	0
315	31	3	0
327	31	2	0
328	31	4	0
330	31	5	0
331	31	2	0
332	31	4	0
346	31	4	0
347	31	5	0
370	31	3	0
371	31	5	0
373	31	3	0
374	31	5	0
378	31	4	0
380	31	1	0
387	31	3	0
391	31	2	0
393	31	4	0
394	31	3	0
398	31	3	0
399	31	3	0
405	31	1	0
416	31	5	0
429	31	3	0
435	31	5	0
442	31	3	0
447	31	4	0
455	31	4	0
457	31	4	0
468	31	3	0
474	31	4	0
479	31	4	0
487	31	5	0
488	31	4	0
497	31	3	0
500	31	4	0
505	31	4	0
506	31	4	0
514	31	4	0
521	31	3	0
524	31	4	0
528	31	5	0
533	31	3	0
536	31	3	0
538	31	3	0
545	31	4	0
548	31	5	0
551	31	4	0
554	31	4	0
561	31	2	0
566	31	3	0
577	31	4	0
586	31	4	0
588	31	3	0
606	31	4	0
618	31	4	0
622	31	3	0
630	31	2	0
655	31	3	0
658	31	3	0
661	31	3	0
663	31	4	0
664	31	4	0
665	31	3	0
666	31	3	0
671	31	2	0
682	31	3	0
694	31	4	0
715	31	4	0
716	31	3	0
741	31	3	0
747	31	4	0
749	31	5	0
757	31	4	0
758	31	3	0
764	31	4	0
774	31	1	0
796	31	4	0
804	31	4	0
815	31	4	0
823	31	5	0
831	31	4	0
846	31	4	0
851	31	4	0
864	31	4	0
867	31	5	0
870	31	4	0
877	31	4	0
880	31	4	0
881	31	5	0
889	31	3	0
892	31	4	0
896	31	3	0
899	31	3	0
900	31	2	0
916	31	3	0
919	31	3	0
924	31	3	0
929	31	2	0
942	31	5	0
943	31	4	0
1	79	4	0
5	79	3	0
6	79	3	0
7	79	4	0
8	79	4	0
11	79	4	0
13	79	3	0
16	79	5	0
18	79	4	0
22	79	4	0
23	79	4	0
24	79	4	0
25	79	4	0
28	79	4	0
29	79	4	0
31	79	2	0
37	79	4	0
38	79	3	0
42	79	5	0
43	79	4	0
55	79	5	0
56	79	4	0
57	79	5	0
59	79	5	0
60	79	4	0
63	79	3	0
64	79	4	0
69	79	4	0
70	79	4	0
72	79	4	0
75	79	5	0
80	79	4	0
81	79	5	0
82	79	3	0
83	79	5	0
84	79	4	0
85	79	3	0
87	79	5	0
90	79	4	0
91	79	5	0
92	79	4	0
94	79	4	0
95	79	4	0
96	79	4	0
97	79	5	0
99	79	4	0
102	79	2	0
109	79	5	0
110	79	4	0
115	79	4	0
118	79	5	0
124	79	3	0
125	79	5	0
128	79	4	0
130	79	5	0
135	79	3	0
137	79	5	0
145	79	5	0
151	79	4	0
153	79	5	0
158	79	4	0
160	79	4	0
162	79	4	0
177	79	4	0
178	79	4	0
180	79	3	0
184	79	3	0
186	79	5	0
188	79	5	0
189	79	3	0
193	79	4	0
194	79	3	0
197	79	5	0
198	79	3	0
200	79	5	0
201	79	4	0
207	79	4	0
210	79	4	0
213	79	5	0
214	79	4	0
216	79	4	0
217	79	5	0
221	79	4	0
222	79	5	0
230	79	5	0
234	79	3	0
235	79	4	0
236	79	4	0
239	79	3	0
248	79	3	0
249	79	5	0
251	79	5	0
253	79	5	0
256	79	5	0
263	79	4	0
268	79	3	0
270	79	4	0
271	79	4	0
272	79	5	0
276	79	4	0
279	79	3	0
280	79	4	0
291	79	5	0
292	79	5	0
293	79	3	0
294	79	4	0
295	79	4	0
296	79	4	0
297	79	3	0
298	79	5	0
301	79	5	0
303	79	5	0
305	79	3	0
308	79	4	0
311	79	4	0
313	79	5	0
315	79	4	0
320	79	4	0
323	79	4	0
326	79	4	0
327	79	3	0
328	79	4	0
329	79	4	0
332	79	5	0
333	79	3	0
334	79	4	0
338	79	4	0
339	79	4	0
343	79	4	0
344	79	4	0
345	79	4	0
346	79	5	0
347	79	5	0
352	79	4	0
354	79	2	0
360	79	4	0
361	79	4	0
363	79	2	0
371	79	5	0
372	79	5	0
373	79	4	0
374	79	4	0
378	79	4	0
379	79	5	0
380	79	4	0
381	79	3	0
385	79	3	0
387	79	4	0
389	79	4	0
393	79	4	0
394	79	5	0
398	79	4	0
399	79	3	0
405	79	5	0
406	79	3	0
409	79	4	0
411	79	4	0
416	79	5	0
417	79	3	0
419	79	4	0
421	79	4	0
425	79	4	0
429	79	4	0
435	79	4	0
437	79	4	0
442	79	3	0
445	79	4	0
447	79	3	0
450	79	4	0
452	79	4	0
453	79	3	0
454	79	4	0
455	79	4	0
456	79	3	0
457	79	5	0
458	79	5	0
459	79	3	0
466	79	3	0
472	79	5	0
474	79	5	0
478	79	4	0
479	79	4	0
480	79	4	0
484	79	5	0
487	79	5	0
488	79	4	0
493	79	5	0
495	79	5	0
497	79	4	0
498	79	3	0
503	79	5	0
505	79	3	0
506	79	5	0
508	79	2	0
514	79	4	0
521	79	4	0
522	79	3	0
524	79	4	0
528	79	5	0
532	79	5	0
535	79	3	0
536	79	4	0
537	79	3	0
538	79	4	0
541	79	5	0
543	79	4	0
545	79	4	0
548	79	5	0
551	79	5	0
554	79	5	0
561	79	3	0
562	79	4	0
567	79	2	0
568	79	4	0
575	79	5	0
577	79	4	0
586	79	4	0
588	79	4	0
591	79	4	0
592	79	4	0
593	79	4	0
600	79	4	0
605	79	5	0
606	79	3	0
608	79	5	0
610	79	3	0
618	79	5	0
619	79	5	0
621	79	5	0
622	79	5	0
623	79	5	0
627	79	3	0
632	79	5	0
633	79	5	0
640	79	5	0
643	79	4	0
647	79	4	0
648	79	5	0
650	79	3	0
653	79	4	0
654	79	5	0
655	79	5	0
659	79	4	0
660	79	2	0
661	79	5	0
664	79	4	0
665	79	3	0
666	79	3	0
667	79	3	0
669	79	2	0
671	79	2	0
673	79	5	0
682	79	4	0
686	79	4	0
690	79	4	0
691	79	5	0
693	79	4	0
700	79	3	0
705	79	5	0
709	79	3	0
710	79	4	0
711	79	4	0
712	79	4	0
715	79	5	0
716	79	4	0
719	79	4	0
727	79	4	0
738	79	3	0
739	79	4	0
741	79	4	0
745	79	3	0
746	79	5	0
747	79	4	0
748	79	4	0
749	79	4	0
751	79	4	0
753	79	4	0
756	79	4	0
757	79	4	0
758	79	4	0
763	79	5	0
771	79	1	0
774	79	2	0
778	79	3	0
780	79	4	0
785	79	4	0
788	79	4	0
790	79	4	0
795	79	2	0
796	79	5	0
798	79	4	0
804	79	4	0
805	79	5	0
806	79	3	0
807	79	5	0
815	79	4	0
821	79	5	0
823	79	4	0
826	79	4	0
830	79	4	0
833	79	3	0
840	79	4	0
843	79	2	0
846	79	4	0
847	79	4	0
850	79	5	0
851	79	4	0
854	79	4	0
862	79	5	0
864	79	5	0
867	79	4	0
870	79	4	0
871	79	5	0
877	79	4	0
880	79	4	0
881	79	4	0
882	79	5	0
883	79	4	0
885	79	4	0
886	79	5	0
889	79	3	0
892	79	5	0
896	79	5	0
897	79	5	0
899	79	5	0
902	79	5	0
903	79	4	0
907	79	5	0
908	79	4	0
913	79	4	0
916	79	3	0
921	79	4	0
927	79	3	0
933	79	3	0
942	79	5	0
943	79	5	0
1	82	5	0
7	82	3	0
8	82	5	0
10	82	4	0
12	82	4	0
13	82	2	0
18	82	3	0
20	82	4	0
23	82	3	0
25	82	4	0
30	82	4	0
37	82	1	0
38	82	5	0
42	82	4	0
43	82	4	0
44	82	4	0
49	82	1	0
56	82	4	0
59	82	5	0
60	82	3	0
62	82	4	0
64	82	3	0
70	82	4	0
72	82	3	0
73	82	2	0
83	82	5	0
85	82	3	0
87	82	5	0
91	82	5	0
92	82	2	0
94	82	4	0
95	82	3	0
97	82	4	0
102	82	2	0
106	82	3	0
109	82	5	0
110	82	4	0
115	82	4	0
119	82	2	0
125	82	5	0
128	82	5	0
130	82	5	0
142	82	4	0
151	82	3	0
158	82	5	0
174	82	1	0
178	82	5	0
184	82	3	0
193	82	2	0
194	82	2	0
197	82	5	0
198	82	3	0
200	82	5	0
201	82	4	0
207	82	3	0
215	82	3	0
216	82	4	0
217	82	5	0
219	82	1	0
222	82	4	0
230	82	5	0
233	82	4	0
234	82	3	0
235	82	2	0
244	82	3	0
246	82	2	0
253	82	3	0
254	82	4	0
256	82	5	0
262	82	3	0
263	82	4	0
267	82	4	0
268	82	3	0
269	82	2	0
276	82	4	0
280	82	2	0
286	82	3	0
290	82	4	0
291	82	4	0
293	82	4	0
295	82	4	0
301	82	5	0
303	82	4	0
307	82	4	0
308	82	4	0
311	82	5	0
313	82	3	0
320	82	3	0
325	82	3	0
326	82	3	0
327	82	2	0
328	82	4	0
330	82	4	0
332	82	5	0
334	82	4	0
339	82	4	0
343	82	5	0
347	82	5	0
352	82	3	0
363	82	3	0
373	82	1	0
374	82	4	0
378	82	4	0
379	82	4	0
385	82	1	0
387	82	4	0
389	82	4	0
393	82	4	0
394	82	4	0
398	82	5	0
399	82	3	0
405	82	4	0
407	82	3	0
416	82	5	0
417	82	4	0
421	82	4	0
425	82	3	0
429	82	4	0
435	82	5	0
437	82	3	0
442	82	3	0
450	82	3	0
452	82	3	0
453	82	3	0
454	82	4	0
455	82	5	0
457	82	5	0
466	82	3	0
468	82	5	0
471	82	5	0
472	82	5	0
479	82	4	0
484	82	4	0
487	82	5	0
488	82	4	0
493	82	5	0
495	82	5	0
497	82	4	0
500	82	4	0
504	82	4	0
505	82	4	0
506	82	5	0
508	82	3	0
524	82	4	0
528	82	4	0
532	82	5	0
533	82	4	0
536	82	4	0
537	82	2	0
538	82	4	0
541	82	3	0
543	82	4	0
545	82	4	0
551	82	5	0
554	82	4	0
562	82	5	0
566	82	4	0
577	82	4	0
579	82	3	0
584	82	3	0
586	82	2	0
588	82	5	0
600	82	5	0
601	82	1	0
606	82	5	0
618	82	4	0
619	82	5	0
620	82	5	0
621	82	5	0
622	82	3	0
627	82	4	0
632	82	4	0
633	82	4	0
638	82	2	0
642	82	5	0
643	82	3	0
647	82	4	0
648	82	5	0
650	82	3	0
653	82	4	0
654	82	5	0
655	82	2	0
659	82	4	0
660	82	2	0
666	82	3	0
668	82	4	0
669	82	4	0
671	82	4	0
682	82	4	0
684	82	5	0
694	82	5	0
705	82	5	0
709	82	4	0
711	82	3	0
712	82	5	0
715	82	4	0
716	82	5	0
721	82	4	0
727	82	3	0
734	82	4	0
738	82	5	0
741	82	3	0
746	82	4	0
747	82	4	0
749	82	5	0
751	82	4	0
756	82	3	0
757	82	4	0
758	82	4	0
766	82	3	0
771	82	2	0
774	82	2	0
778	82	3	0
786	82	4	0
788	82	3	0
796	82	3	0
798	82	4	0
804	82	5	0
805	82	3	0
806	82	4	0
807	82	4	0
815	82	4	0
826	82	3	0
830	82	3	0
838	82	4	0
840	82	3	0
843	82	3	0
844	82	3	0
846	82	2	0
847	82	4	0
848	82	5	0
850	82	5	0
862	82	4	0
864	82	5	0
868	82	2	0
871	82	3	0
878	82	3	0
880	82	3	0
881	82	5	0
882	82	5	0
883	82	3	0
885	82	4	0
887	82	4	0
889	82	4	0
892	82	3	0
896	82	3	0
897	82	5	0
901	82	5	0
911	82	2	0
913	82	3	0
916	82	4	0
918	82	3	0
919	82	5	0
921	82	3	0
922	82	3	0
924	82	4	0
927	82	2	0
932	82	3	0
933	82	3	0
934	82	4	0
940	82	4	0
1	89	5	0
5	89	5	0
6	89	4	0
7	89	5	0
8	89	4	0
13	89	4	0
16	89	2	0
18	89	3	0
22	89	5	0
23	89	5	0
28	89	4	0
37	89	4	0
44	89	5	0
55	89	5	0
56	89	4	0
58	89	3	0
59	89	5	0
60	89	5	0
62	89	5	0
64	89	3	0
70	89	4	0
71	89	5	0
72	89	3	0
73	89	5	0
76	89	4	0
77	89	5	0
85	89	4	0
87	89	4	0
90	89	5	0
92	89	5	0
94	89	3	0
95	89	3	0
96	89	5	0
97	89	5	0
102	89	4	0
109	89	4	0
114	89	5	0
115	89	5	0
119	89	4	0
130	89	4	0
136	89	4	0
137	89	5	0
142	89	3	0
144	89	3	0
145	89	4	0
148	89	5	0
151	89	5	0
154	89	5	0
158	89	5	0
177	89	5	0
178	89	4	0
184	89	4	0
189	89	5	0
194	89	3	0
197	89	5	0
198	89	5	0
200	89	5	0
201	89	3	0
214	89	4	0
215	89	4	0
222	89	5	0
226	89	5	0
233	89	3	0
234	89	3	0
239	89	4	0
244	89	5	0
248	89	5	0
249	89	5	0
250	89	4	0
253	89	4	0
256	89	5	0
267	89	5	0
268	89	4	0
269	89	2	0
271	89	3	0
275	89	3	0
276	89	5	0
279	89	4	0
286	89	4	0
290	89	3	0
291	89	3	0
293	89	5	0
295	89	5	0
296	89	5	0
297	89	4	0
299	89	5	0
301	89	2	0
305	89	3	0
307	89	5	0
308	89	5	0
311	89	5	0
312	89	5	0
313	89	5	0
316	89	1	0
320	89	4	0
321	89	3	0
322	89	3	0
326	89	4	0
327	89	4	0
328	89	5	0
332	89	5	0
334	89	4	0
339	89	5	0
342	89	3	0
343	89	3	0
344	89	5	0
346	89	4	0
350	89	4	0
352	89	5	0
354	89	4	0
363	89	4	0
368	89	4	0
373	89	5	0
374	89	2	0
378	89	4	0
379	89	4	0
380	89	5	0
381	89	5	0
383	89	3	0
385	89	4	0
387	89	5	0
391	89	3	0
393	89	3	0
394	89	5	0
395	89	5	0
405	89	1	0
406	89	4	0
407	89	4	0
409	89	5	0
411	89	3	0
417	89	5	0
419	89	3	0
421	89	5	0
425	89	4	0
429	89	4	0
435	89	4	0
437	89	2	0
442	89	4	0
447	89	5	0
450	89	5	0
452	89	5	0
454	89	1	0
455	89	3	0
457	89	5	0
466	89	3	0
468	89	4	0
474	89	5	0
479	89	4	0
480	89	4	0
484	89	4	0
488	89	4	0
493	89	4	0
495	89	3	0
496	89	5	0
497	89	4	0
498	89	5	0
500	89	4	0
506	89	5	0
514	89	4	0
521	89	3	0
524	89	5	0
537	89	4	0
538	89	4	0
542	89	4	0
543	89	4	0
545	89	3	0
551	89	4	0
553	89	5	0
555	89	4	0
560	89	5	0
561	89	4	0
562	89	1	0
566	89	4	0
567	89	5	0
579	89	3	0
592	89	4	0
600	89	5	0
603	89	5	0
606	89	5	0
613	89	5	0
617	89	4	0
622	89	5	0
627	89	5	0
638	89	4	0
641	89	4	0
642	89	2	0
643	89	3	0
645	89	4	0
648	89	4	0
650	89	4	0
653	89	5	0
655	89	4	0
659	89	4	0
660	89	3	0
661	89	5	0
663	89	4	0
664	89	5	0
665	89	4	0
666	89	4	0
671	89	5	0
682	89	4	0
686	89	4	0
690	89	2	0
694	89	4	0
698	89	4	0
704	89	5	0
705	89	2	0
709	89	3	0
710	89	4	0
711	89	5	0
715	89	3	0
723	89	3	0
727	89	5	0
737	89	4	0
738	89	5	0
746	89	4	0
748	89	5	0
749	89	4	0
751	89	3	0
753	89	3	0
756	89	4	0
757	89	4	0
764	89	4	0
766	89	4	0
773	89	4	0
774	89	2	0
776	89	5	0
786	89	4	0
788	89	5	0
790	89	4	0
795	89	4	0
796	89	5	0
804	89	4	0
805	89	4	0
806	89	5	0
807	89	4	0
815	89	4	0
823	89	5	0
826	89	5	0
830	89	5	0
833	89	5	0
836	89	4	0
840	89	5	0
843	89	5	0
844	89	3	0
846	89	5	0
847	89	2	0
848	89	5	0
854	89	4	0
862	89	5	0
867	89	5	0
868	89	4	0
870	89	3	0
881	89	4	0
882	89	5	0
883	89	5	0
886	89	4	0
889	89	4	0
890	89	4	0
892	89	5	0
896	89	5	0
897	89	4	0
899	89	4	0
901	89	3	0
903	89	4	0
911	89	4	0
913	89	5	0
916	89	5	0
918	89	5	0
922	89	5	0
929	89	5	0
932	89	5	0
933	89	4	0
934	89	5	0
940	89	4	0
1	96	5	0
7	96	5	0
8	96	3	0
12	96	4	0
13	96	4	0
14	96	4	0
16	96	5	0
22	96	5	0
23	96	4	0
28	96	5	0
37	96	4	0
41	96	4	0
42	96	5	0
44	96	4	0
49	96	1	0
53	96	4	0
56	96	5	0
59	96	5	0
60	96	4	0
62	96	4	0
64	96	4	0
70	96	4	0
72	96	5	0
73	96	2	0
76	96	5	0
77	96	3	0
87	96	5	0
90	96	4	0
92	96	4	0
94	96	3	0
95	96	4	0
96	96	4	0
97	96	5	0
102	96	3	0
103	96	4	0
109	96	5	0
110	96	4	0
114	96	3	0
115	96	3	0
117	96	5	0
119	96	5	0
124	96	4	0
130	96	5	0
137	96	5	0
144	96	5	0
145	96	5	0
158	96	4	0
159	96	4	0
167	96	5	0
175	96	3	0
177	96	3	0
178	96	4	0
183	96	3	0
188	96	5	0
189	96	5	0
193	96	1	0
197	96	5	0
198	96	4	0
200	96	5	0
201	96	4	0
202	96	4	0
207	96	3	0
210	96	4	0
217	96	4	0
221	96	5	0
222	96	5	0
230	96	2	0
232	96	5	0
234	96	2	0
235	96	4	0
239	96	5	0
246	96	3	0
248	96	4	0
249	96	4	0
250	96	2	0
253	96	5	0
256	96	5	0
262	96	4	0
263	96	4	0
268	96	5	0
269	96	1	0
272	96	5	0
275	96	3	0
276	96	5	0
279	96	4	0
280	96	4	0
286	96	4	0
291	96	4	0
292	96	4	0
293	96	3	0
295	96	1	0
296	96	5	0
301	96	5	0
303	96	5	0
305	96	3	0
308	96	4	0
311	96	5	0
312	96	5	0
313	96	5	0
320	96	5	0
326	96	3	0
327	96	2	0
328	96	4	0
332	96	5	0
344	96	4	0
346	96	5	0
347	96	4	0
352	96	4	0
360	96	3	0
363	96	5	0
368	96	3	0
373	96	4	0
374	96	4	0
378	96	4	0
379	96	5	0
381	96	5	0
387	96	4	0
391	96	3	0
393	96	4	0
394	96	5	0
398	96	4	0
399	96	3	0
402	96	5	0
405	96	3	0
406	96	5	0
407	96	3	0
412	96	5	0
416	96	4	0
417	96	3	0
421	96	4	0
425	96	4	0
429	96	4	0
435	96	5	0
436	96	4	0
442	96	4	0
445	96	4	0
447	96	5	0
450	96	4	0
452	96	2	0
454	96	4	0
455	96	4	0
457	96	5	0
458	96	4	0
466	96	5	0
468	96	5	0
472	96	5	0
474	96	4	0
478	96	2	0
479	96	4	0
480	96	4	0
484	96	5	0
487	96	5	0
488	96	3	0
493	96	4	0
495	96	4	0
496	96	4	0
497	96	4	0
504	96	4	0
505	96	4	0
506	96	4	0
508	96	2	0
514	96	5	0
521	96	4	0
522	96	3	0
524	96	4	0
527	96	4	0
532	96	5	0
533	96	4	0
536	96	4	0
537	96	3	0
538	96	4	0
543	96	4	0
545	96	5	0
551	96	5	0
557	96	5	0
561	96	1	0
566	96	3	0
567	96	4	0
575	96	5	0
577	96	4	0
586	96	4	0
592	96	5	0
600	96	5	0
601	96	2	0
606	96	5	0
618	96	3	0
619	96	5	0
621	96	5	0
622	96	5	0
625	96	5	0
627	96	3	0
630	96	4	0
632	96	5	0
633	96	4	0
638	96	4	0
640	96	5	0
642	96	5	0
643	96	5	0
645	96	3	0
648	96	5	0
650	96	4	0
652	96	4	0
653	96	4	0
655	96	3	0
658	96	4	0
659	96	4	0
660	96	3	0
661	96	4	0
663	96	5	0
664	96	3	0
665	96	3	0
666	96	3	0
669	96	2	0
670	96	5	0
671	96	5	0
682	96	4	0
693	96	4	0
698	96	4	0
700	96	4	0
705	96	5	0
709	96	5	0
712	96	5	0
715	96	4	0
716	96	2	0
727	96	4	0
737	96	2	0
738	96	5	0
739	96	5	0
745	96	4	0
746	96	4	0
747	96	5	0
748	96	5	0
749	96	5	0
751	96	4	0
753	96	1	0
756	96	4	0
757	96	4	0
758	96	5	0
763	96	2	0
773	96	2	0
774	96	2	0
788	96	3	0
790	96	3	0
795	96	2	0
796	96	4	0
804	96	5	0
805	96	4	0
806	96	5	0
807	96	3	0
815	96	5	0
823	96	4	0
826	96	5	0
830	96	3	0
831	96	5	0
833	96	5	0
838	96	4	0
840	96	2	0
843	96	3	0
846	96	4	0
847	96	4	0
850	96	4	0
854	96	3	0
862	96	4	0
864	96	5	0
867	96	5	0
868	96	2	0
870	96	4	0
871	96	5	0
875	96	4	0
880	96	4	0
881	96	3	0
882	96	4	0
883	96	4	0
886	96	3	0
887	96	4	0
889	96	4	0
892	96	4	0
893	96	4	0
896	96	5	0
897	96	5	0
899	96	4	0
901	96	5	0
903	96	2	0
907	96	5	0
908	96	4	0
913	96	5	0
916	96	3	0
921	96	4	0
924	96	4	0
927	96	5	0
932	96	4	0
933	96	2	0
934	96	4	0
940	96	5	0
943	96	4	0
1	144	4	0
5	144	3	0
7	144	5	0
8	144	5	0
10	144	4	0
13	144	4	0
16	144	5	0
20	144	2	0
22	144	5	0
23	144	3	0
38	144	5	0
43	144	4	0
44	144	4	0
51	144	5	0
55	144	5	0
56	144	5	0
57	144	3	0
58	144	4	0
60	144	4	0
62	144	3	0
64	144	3	0
77	144	3	0
87	144	4	0
92	144	4	0
94	144	3	0
95	144	5	0
96	144	4	0
102	144	3	0
103	144	4	0
109	144	4	0
117	144	4	0
119	144	4	0
124	144	4	0
125	144	5	0
130	144	5	0
137	144	5	0
144	144	4	0
158	144	4	0
162	144	3	0
177	144	5	0
178	144	4	0
183	144	3	0
188	144	3	0
194	144	4	0
201	144	4	0
207	144	3	0
213	144	5	0
215	144	4	0
216	144	4	0
217	144	4	0
221	144	4	0
222	144	5	0
230	144	3	0
234	144	3	0
244	144	1	0
249	144	4	0
250	144	4	0
251	144	5	0
263	144	4	0
267	144	5	0
268	144	4	0
275	144	4	0
276	144	5	0
279	144	4	0
280	144	2	0
286	144	3	0
290	144	3	0
291	144	5	0
292	144	5	0
293	144	4	0
295	144	4	0
296	144	4	0
297	144	3	0
298	144	4	0
299	144	4	0
301	144	4	0
303	144	5	0
305	144	2	0
308	144	3	0
312	144	1	0
313	144	4	0
314	144	3	0
323	144	4	0
326	144	5	0
327	144	4	0
328	144	4	0
332	144	5	0
339	144	3	0
342	144	5	0
343	144	4	0
346	144	4	0
347	144	5	0
352	144	5	0
360	144	2	0
363	144	4	0
373	144	3	0
374	144	5	0
378	144	4	0
379	144	5	0
385	144	3	0
387	144	3	0
393	144	3	0
394	144	5	0
398	144	5	0
399	144	3	0
401	144	5	0
406	144	1	0
407	144	3	0
416	144	5	0
417	144	3	0
421	144	5	0
425	144	4	0
429	144	4	0
435	144	4	0
436	144	5	0
437	144	2	0
442	144	4	0
445	144	3	0
447	144	5	0
450	144	5	0
453	144	4	0
454	144	4	0
455	144	3	0
457	144	5	0
458	144	4	0
466	144	5	0
468	144	5	0
478	144	5	0
479	144	4	0
481	144	4	0
483	144	2	0
484	144	4	0
487	144	5	0
488	144	3	0
495	144	4	0
497	144	4	0
498	144	1	0
505	144	3	0
508	144	3	0
514	144	3	0
521	144	3	0
527	144	4	0
535	144	3	0
536	144	4	0
538	144	4	0
543	144	4	0
545	144	3	0
551	144	5	0
559	144	5	0
561	144	3	0
562	144	5	0
566	144	3	0
571	144	2	0
573	144	4	0
586	144	4	0
588	144	3	0
592	144	5	0
593	144	4	0
606	144	4	0
608	144	4	0
618	144	4	0
619	144	5	0
622	144	5	0
625	144	4	0
627	144	2	0
629	144	5	0
632	144	4	0
638	144	5	0
643	144	4	0
648	144	4	0
650	144	3	0
653	144	3	0
654	144	5	0
655	144	3	0
659	144	4	0
660	144	3	0
661	144	5	0
666	144	3	0
670	144	4	0
671	144	4	0
676	144	4	0
682	144	3	0
693	144	4	0
694	144	4	0
698	144	2	0
700	144	4	0
705	144	3	0
709	144	3	0
711	144	2	0
715	144	5	0
716	144	2	0
727	144	4	0
734	144	2	0
738	144	5	0
746	144	5	0
748	144	4	0
749	144	5	0
751	144	4	0
757	144	4	0
758	144	4	0
763	144	3	0
771	144	1	0
778	144	4	0
788	144	4	0
790	144	4	0
795	144	4	0
796	144	5	0
804	144	4	0
805	144	3	0
806	144	5	0
807	144	4	0
815	144	4	0
823	144	5	0
831	144	5	0
833	144	4	0
840	144	3	0
843	144	3	0
844	144	3	0
847	144	4	0
851	144	5	0
854	144	3	0
864	144	5	0
867	144	3	0
880	144	5	0
883	144	4	0
886	144	4	0
889	144	4	0
892	144	5	0
893	144	4	0
896	144	4	0
899	144	3	0
901	144	5	0
902	144	5	0
907	144	5	0
908	144	4	0
913	144	5	0
916	144	3	0
919	144	4	0
924	144	3	0
929	144	3	0
932	144	3	0
933	144	4	0
934	144	4	0
1	161	4	0
7	161	3	0
10	161	4	0
12	161	5	0
13	161	5	0
16	161	5	0
22	161	4	0
23	161	2	0
30	161	4	0
37	161	5	0
38	161	5	0
42	161	4	0
43	161	4	0
44	161	4	0
49	161	1	0
56	161	4	0
59	161	3	0
60	161	4	0
64	161	3	0
70	161	3	0
72	161	5	0
83	161	4	0
85	161	4	0
87	161	5	0
91	161	3	0
92	161	2	0
94	161	3	0
95	161	3	0
102	161	2	0
106	161	3	0
109	161	3	0
110	161	5	0
128	161	5	0
130	161	4	0
152	161	5	0
158	161	2	0
160	161	3	0
177	161	3	0
178	161	5	0
184	161	2	0
188	161	3	0
193	161	3	0
194	161	4	0
197	161	4	0
198	161	3	0
200	161	4	0
207	161	4	0
210	161	5	0
221	161	3	0
222	161	4	0
230	161	5	0
234	161	3	0
244	161	4	0
246	161	3	0
249	161	3	0
256	161	5	0
267	161	4	0
268	161	3	0
269	161	1	0
271	161	2	0
276	161	3	0
280	161	4	0
286	161	2	0
290	161	4	0
293	161	2	0
295	161	4	0
301	161	3	0
303	161	5	0
307	161	3	0
308	161	3	0
311	161	4	0
313	161	4	0
314	161	5	0
318	161	3	0
320	161	4	0
326	161	3	0
327	161	3	0
328	161	4	0
330	161	4	0
334	161	3	0
339	161	3	0
345	161	3	0
346	161	3	0
363	161	4	0
373	161	4	0
374	161	5	0
378	161	4	0
379	161	2	0
380	161	2	0
387	161	1	0
389	161	2	0
393	161	4	0
394	161	4	0
399	161	3	0
401	161	2	0
405	161	1	0
407	161	2	0
411	161	2	0
416	161	4	0
417	161	3	0
425	161	3	0
429	161	3	0
435	161	3	0
436	161	4	0
437	161	2	0
442	161	3	0
450	161	5	0
452	161	5	0
454	161	4	0
455	161	4	0
456	161	3	0
457	161	4	0
466	161	2	0
468	161	3	0
469	161	3	0
472	161	5	0
474	161	4	0
478	161	3	0
479	161	3	0
484	161	4	0
487	161	5	0
495	161	4	0
497	161	5	0
500	161	2	0
504	161	4	0
505	161	3	0
506	161	4	0
521	161	2	0
524	161	4	0
532	161	5	0
533	161	4	0
543	161	4	0
545	161	4	0
551	161	5	0
562	161	3	0
566	161	4	0
577	161	5	0
584	161	4	0
586	161	5	0
588	161	4	0
593	161	5	0
600	161	4	0
606	161	4	0
618	161	4	0
619	161	4	0
621	161	3	0
622	161	3	0
627	161	2	0
632	161	3	0
638	161	4	0
640	161	4	0
643	161	3	0
648	161	3	0
650	161	3	0
653	161	4	0
655	161	2	0
659	161	3	0
660	161	1	0
661	161	4	0
670	161	2	0
671	161	5	0
682	161	3	0
684	161	3	0
693	161	3	0
694	161	4	0
705	161	5	0
709	161	5	0
711	161	4	0
715	161	5	0
716	161	3	0
721	161	5	0
727	161	4	0
738	161	4	0
746	161	3	0
749	161	3	0
751	161	2	0
756	161	3	0
757	161	3	0
766	161	3	0
774	161	2	0
778	161	3	0
786	161	4	0
790	161	4	0
796	161	5	0
798	161	3	0
804	161	4	0
805	161	1	0
806	161	3	0
807	161	4	0
821	161	4	0
823	161	3	0
826	161	3	0
830	161	4	0
833	161	1	0
843	161	2	0
844	161	3	0
846	161	4	0
847	161	2	0
851	161	3	0
864	161	4	0
868	161	2	0
871	161	5	0
880	161	2	0
881	161	3	0
885	161	4	0
886	161	5	0
889	161	4	0
893	161	5	0
896	161	3	0
897	161	5	0
899	161	4	0
901	161	5	0
916	161	3	0
918	161	1	0
922	161	3	0
932	161	3	0
933	161	2	0
934	161	4	0
940	161	3	0
943	161	4	0
1	176	5	0
5	176	3	0
7	176	3	0
8	176	5	0
10	176	4	0
11	176	3	0
13	176	3	0
14	176	1	0
20	176	2	0
22	176	5	0
23	176	3	0
24	176	5	0
25	176	4	0
28	176	5	0
37	176	4	0
42	176	3	0
44	176	5	0
56	176	5	0
58	176	4	0
59	176	5	0
60	176	4	0
62	176	5	0
64	176	4	0
70	176	4	0
72	176	2	0
77	176	4	0
91	176	5	0
92	176	5	0
94	176	4	0
95	176	3	0
96	176	4	0
102	176	3	0
109	176	5	0
114	176	5	0
115	176	5	0
117	176	5	0
118	176	5	0
125	176	5	0
130	176	5	0
135	176	4	0
142	176	5	0
144	176	4	0
145	176	5	0
151	176	2	0
158	176	4	0
165	176	4	0
175	176	3	0
177	176	4	0
178	176	4	0
183	176	3	0
184	176	4	0
188	176	4	0
189	176	4	0
197	176	5	0
198	176	4	0
200	176	5	0
201	176	4	0
210	176	4	0
213	176	4	0
215	176	5	0
217	176	4	0
218	176	5	0
222	176	4	0
226	176	4	0
230	176	4	0
234	176	3	0
236	176	2	0
237	176	3	0
246	176	4	0
248	176	5	0
249	176	4	0
254	176	3	0
259	176	4	0
263	176	5	0
267	176	5	0
268	176	5	0
269	176	2	0
270	176	4	0
271	176	3	0
275	176	4	0
276	176	5	0
279	176	3	0
280	176	3	0
286	176	4	0
288	176	4	0
290	176	4	0
292	176	5	0
293	176	4	0
297	176	4	0
299	176	4	0
301	176	4	0
303	176	5	0
305	176	4	0
308	176	4	0
311	176	4	0
312	176	4	0
313	176	4	0
315	176	4	0
320	176	4	0
325	176	3	0
326	176	2	0
327	176	4	0
328	176	5	0
334	176	3	0
339	176	4	0
343	176	5	0
344	176	5	0
346	176	4	0
347	176	3	0
350	176	4	0
352	176	5	0
361	176	4	0
363	176	4	0
367	176	5	0
370	176	4	0
371	176	4	0
372	176	3	0
374	176	4	0
375	176	4	0
378	176	4	0
379	176	5	0
380	176	3	0
381	176	4	0
385	176	2	0
387	176	3	0
389	176	4	0
391	176	3	0
394	176	5	0
398	176	4	0
399	176	3	0
405	176	1	0
406	176	5	0
407	176	4	0
416	176	4	0
417	176	5	0
421	176	5	0
425	176	3	0
429	176	3	0
435	176	5	0
437	176	2	0
442	176	5	0
447	176	4	0
450	176	4	0
455	176	3	0
457	176	5	0
464	176	4	0
466	176	4	0
472	176	5	0
474	176	5	0
479	176	4	0
484	176	4	0
487	176	5	0
488	176	4	0
493	176	5	0
495	176	5	0
497	176	4	0
498	176	2	0
499	176	4	0
503	176	5	0
504	176	3	0
505	176	4	0
506	176	5	0
508	176	4	0
514	176	4	0
521	176	4	0
527	176	2	0
530	176	3	0
533	176	1	0
536	176	3	0
537	176	2	0
538	176	4	0
543	176	4	0
545	176	4	0
548	176	4	0
551	176	4	0
557	176	4	0
561	176	4	0
567	176	5	0
573	176	3	0
575	176	4	0
577	176	5	0
586	176	3	0
592	176	5	0
600	176	5	0
601	176	2	0
603	176	2	0
605	176	4	0
606	176	5	0
610	176	4	0
613	176	5	0
618	176	4	0
619	176	5	0
621	176	3	0
622	176	4	0
625	176	4	0
627	176	5	0
632	176	3	0
633	176	3	0
638	176	3	0
643	176	5	0
648	176	4	0
650	176	4	0
653	176	3	0
655	176	2	0
659	176	4	0
660	176	3	0
663	176	5	0
664	176	4	0
666	176	4	0
671	176	2	0
682	176	4	0
686	176	3	0
693	176	2	0
694	176	5	0
698	176	4	0
709	176	4	0
715	176	5	0
716	176	3	0
727	176	4	0
738	176	5	0
739	176	1	0
746	176	5	0
747	176	4	0
748	176	5	0
749	176	4	0
756	176	4	0
757	176	5	0
758	176	5	0
763	176	4	0
764	176	4	0
766	176	2	0
767	176	3	0
773	176	4	0
774	176	4	0
786	176	4	0
788	176	5	0
790	176	3	0
796	176	5	0
802	176	5	0
804	176	4	0
805	176	4	0
806	176	5	0
815	176	4	0
823	176	4	0
825	176	5	0
826	176	5	0
830	176	3	0
833	176	2	0
835	176	4	0
840	176	3	0
843	176	4	0
844	176	3	0
846	176	4	0
847	176	3	0
848	176	4	0
851	176	4	0
854	176	3	0
862	176	5	0
864	176	5	0
867	176	3	0
868	176	4	0
875	176	4	0
877	176	5	0
880	176	5	0
881	176	4	0
882	176	4	0
883	176	4	0
886	176	4	0
887	176	5	0
890	176	4	0
892	176	5	0
896	176	5	0
897	176	5	0
899	176	4	0
902	176	5	0
911	176	4	0
913	176	5	0
916	176	4	0
922	176	3	0
928	176	3	0
930	176	3	0
932	176	5	0
933	176	3	0
940	176	4	0
1	183	5	0
5	183	4	0
6	183	4	0
7	183	4	0
8	183	5	0
10	183	5	0
13	183	4	0
16	183	5	0
23	183	3	0
25	183	4	0
37	183	4	0
42	183	4	0
44	183	4	0
48	183	5	0
56	183	5	0
59	183	5	0
60	183	5	0
62	183	4	0
64	183	5	0
70	183	4	0
73	183	4	0
77	183	5	0
82	183	3	0
87	183	4	0
91	183	5	0
92	183	4	0
94	183	5	0
95	183	5	0
96	183	4	0
97	183	5	0
102	183	4	0
109	183	5	0
114	183	5	0
115	183	5	0
130	183	5	0
135	183	4	0
137	183	5	0
144	183	4	0
145	183	5	0
151	183	3	0
158	183	3	0
172	183	5	0
175	183	4	0
177	183	4	0
178	183	4	0
184	183	4	0
194	183	3	0
197	183	5	0
198	183	5	0
200	183	5	0
201	183	4	0
207	183	2	0
215	183	5	0
217	183	3	0
218	183	5	0
222	183	4	0
230	183	3	0
234	183	4	0
236	183	2	0
237	183	5	0
239	183	5	0
244	183	4	0
248	183	5	0
249	183	4	0
250	183	4	0
251	183	5	0
253	183	5	0
254	183	4	0
263	183	4	0
264	183	5	0
267	183	4	0
268	183	4	0
269	183	3	0
270	183	5	0
272	183	4	0
275	183	3	0
276	183	5	0
280	183	3	0
285	183	4	0
286	183	4	0
290	183	4	0
292	183	5	0
293	183	4	0
295	183	1	0
297	183	4	0
298	183	3	0
301	183	3	0
303	183	5	0
305	183	4	0
307	183	3	0
308	183	4	0
311	183	5	0
312	183	5	0
313	183	5	0
315	183	3	0
316	183	1	0
320	183	4	0
325	183	3	0
326	183	5	0
327	183	3	0
328	183	5	0
334	183	4	0
339	183	4	0
344	183	5	0
346	183	4	0
347	183	3	0
350	183	3	0
352	183	5	0
361	183	4	0
363	183	4	0
367	183	5	0
368	183	5	0
370	183	4	0
371	183	5	0
372	183	5	0
374	183	4	0
375	183	5	0
378	183	4	0
379	183	4	0
380	183	4	0
382	183	3	0
385	183	3	0
387	183	4	0
394	183	4	0
397	183	4	0
398	183	4	0
405	183	1	0
406	183	5	0
407	183	4	0
416	183	5	0
417	183	4	0
421	183	5	0
425	183	3	0
429	183	4	0
435	183	5	0
437	183	3	0
445	183	2	0
447	183	5	0
450	183	4	0
452	183	4	0
455	183	4	0
457	183	5	0
458	183	4	0
466	183	3	0
472	183	5	0
474	183	5	0
479	183	5	0
480	183	4	0
484	183	4	0
487	183	5	0
488	183	4	0
493	183	5	0
494	183	5	0
495	183	5	0
496	183	2	0
497	183	4	0
498	183	4	0
499	183	4	0
500	183	4	0
503	183	5	0
504	183	3	0
505	183	3	0
506	183	5	0
508	183	5	0
512	183	5	0
514	183	3	0
521	183	3	0
527	183	5	0
530	183	4	0
536	183	3	0
537	183	3	0
538	183	4	0
543	183	4	0
545	183	4	0
548	183	5	0
551	183	4	0
560	183	5	0
561	183	5	0
567	183	4	0
573	183	3	0
577	183	5	0
579	183	4	0
586	183	4	0
592	183	5	0
593	183	4	0
600	183	5	0
601	183	4	0
603	183	4	0
604	183	3	0
606	183	5	0
610	183	4	0
617	183	4	0
618	183	4	0
619	183	5	0
621	183	4	0
622	183	4	0
623	183	3	0
625	183	3	0
627	183	5	0
632	183	4	0
633	183	4	0
638	183	4	0
643	183	5	0
645	183	4	0
648	183	5	0
650	183	4	0
653	183	3	0
655	183	4	0
659	183	4	0
660	183	2	0
661	183	4	0
663	183	4	0
664	183	3	0
665	183	4	0
666	183	5	0
669	183	3	0
682	183	3	0
693	183	2	0
694	183	5	0
698	183	3	0
705	183	2	0
709	183	5	0
715	183	3	0
716	183	2	0
727	183	3	0
731	183	1	0
738	183	5	0
745	183	3	0
746	183	4	0
747	183	5	0
748	183	4	0
749	183	5	0
753	183	1	0
756	183	4	0
757	183	4	0
758	183	5	0
760	183	2	0
766	183	4	0
767	183	4	0
773	183	4	0
774	183	4	0
780	183	2	0
785	183	5	0
786	183	4	0
788	183	5	0
790	183	4	0
796	183	5	0
802	183	5	0
804	183	4	0
805	183	5	0
815	183	5	0
823	183	4	0
826	183	5	0
830	183	4	0
833	183	5	0
835	183	4	0
840	183	5	0
843	183	5	0
846	183	4	0
847	183	4	0
848	183	3	0
862	183	5	0
864	183	4	0
867	183	3	0
868	183	5	0
871	183	3	0
875	183	5	0
881	183	4	0
882	183	4	0
883	183	5	0
886	183	5	0
887	183	1	0
889	183	3	0
890	183	3	0
892	183	5	0
896	183	4	0
897	183	5	0
900	183	3	0
903	183	4	0
908	183	4	0
910	183	4	0
911	183	4	0
913	183	4	0
916	183	4	0
919	183	3	0
922	183	3	0
932	183	4	0
933	183	4	0
934	183	2	0
940	183	3	0
942	183	3	0
1	195	5	0
6	195	4	0
7	195	5	0
8	195	5	0
10	195	4	0
12	195	4	0
13	195	3	0
14	195	5	0
16	195	5	0
18	195	3	0
22	195	4	0
23	195	4	0
25	195	4	0
28	195	4	0
37	195	5	0
38	195	1	0
41	195	4	0
42	195	5	0
44	195	5	0
48	195	5	0
56	195	5	0
57	195	3	0
58	195	4	0
59	195	5	0
60	195	4	0
62	195	5	0
64	195	5	0
72	195	5	0
77	195	5	0
85	195	3	0
87	195	5	0
91	195	5	0
92	195	5	0
94	195	3	0
95	195	5	0
96	195	5	0
97	195	5	0
102	195	4	0
109	195	5	0
110	195	2	0
114	195	4	0
116	195	4	0
117	195	5	0
124	195	4	0
125	195	5	0
130	195	5	0
137	195	5	0
144	195	5	0
145	195	5	0
151	195	3	0
158	195	5	0
159	195	3	0
160	195	4	0
175	195	3	0
177	195	4	0
178	195	4	0
188	195	3	0
193	195	1	0
194	195	3	0
197	195	5	0
198	195	3	0
200	195	5	0
201	195	3	0
202	195	4	0
207	195	3	0
210	195	4	0
213	195	5	0
214	195	4	0
215	195	5	0
217	195	5	0
222	195	4	0
230	195	3	0
234	195	2	0
235	195	4	0
236	195	2	0
239	195	5	0
246	195	3	0
249	195	4	0
250	195	2	0
256	195	5	0
262	195	2	0
263	195	5	0
267	195	4	0
268	195	4	0
269	195	3	0
276	195	5	0
279	195	4	0
280	195	3	0
286	195	4	0
291	195	4	0
292	195	5	0
293	195	3	0
297	195	1	0
298	195	4	0
301	195	5	0
303	195	4	0
305	195	3	0
307	195	3	0
308	195	5	0
311	195	4	0
312	195	5	0
313	195	5	0
320	195	5	0
325	195	2	0
326	195	4	0
327	195	4	0
328	195	3	0
330	195	3	0
332	195	5	0
339	195	3	0
344	195	5	0
346	195	5	0
347	195	4	0
350	195	5	0
352	195	4	0
360	195	3	0
363	195	4	0
370	195	4	0
373	195	4	0
374	195	3	0
378	195	3	0
379	195	3	0
385	195	1	0
387	195	4	0
391	195	2	0
393	195	3	0
394	195	5	0
397	195	3	0
399	195	2	0
405	195	5	0
406	195	5	0
407	195	4	0
409	195	4	0
411	195	3	0
412	195	4	0
415	195	5	0
416	195	5	0
417	195	5	0
425	195	4	0
429	195	4	0
435	195	5	0
437	195	2	0
442	195	4	0
445	195	2	0
450	195	4	0
452	195	4	0
454	195	4	0
457	195	5	0
458	195	4	0
466	195	4	0
468	195	5	0
472	195	5	0
474	195	5	0
478	195	4	0
479	195	4	0
483	195	3	0
484	195	5	0
487	195	4	0
493	195	3	0
495	195	5	0
496	195	4	0
497	195	4	0
504	195	4	0
505	195	3	0
506	195	4	0
508	195	3	0
514	195	5	0
521	195	4	0
524	195	2	0
530	195	3	0
532	195	5	0
533	195	4	0
535	195	4	0
536	195	4	0
537	195	3	0
538	195	4	0
542	195	3	0
543	195	4	0
545	195	4	0
551	195	5	0
555	195	4	0
559	195	3	0
561	195	3	0
567	195	3	0
583	195	4	0
586	195	4	0
592	195	4	0
600	195	4	0
601	195	3	0
606	195	5	0
608	195	1	0
610	195	3	0
618	195	3	0
619	195	5	0
622	195	5	0
625	195	4	0
627	195	4	0
629	195	4	0
630	195	4	0
632	195	5	0
633	195	4	0
638	195	4	0
640	195	4	0
642	195	3	0
643	195	5	0
645	195	4	0
648	195	5	0
650	195	4	0
653	195	5	0
654	195	4	0
655	195	3	0
658	195	3	0
659	195	4	0
660	195	4	0
661	195	5	0
665	195	3	0
666	195	3	0
669	195	2	0
670	195	4	0
671	195	5	0
680	195	4	0
682	195	4	0
693	195	4	0
694	195	4	0
698	195	4	0
705	195	2	0
709	195	5	0
712	195	3	0
715	195	4	0
716	195	1	0
727	195	4	0
731	195	1	0
738	195	4	0
739	195	5	0
747	195	4	0
748	195	4	0
749	195	5	0
753	195	1	0
756	195	3	0
757	195	4	0
758	195	5	0
760	195	4	0
763	195	4	0
774	195	3	0
776	195	3	0
778	195	4	0
779	195	5	0
781	195	4	0
785	195	4	0
786	195	4	0
788	195	3	0
796	195	5	0
804	195	5	0
805	195	3	0
806	195	3	0
807	195	3	0
815	195	4	0
823	195	4	0
825	195	5	0
826	195	5	0
830	195	3	0
833	195	5	0
840	195	5	0
843	195	4	0
844	195	3	0
846	195	4	0
847	195	4	0
848	195	3	0
854	195	3	0
862	195	5	0
864	195	4	0
867	195	5	0
868	195	2	0
870	195	4	0
871	195	5	0
875	195	4	0
880	195	4	0
881	195	4	0
882	195	5	0
883	195	5	0
885	195	4	0
886	195	4	0
887	195	4	0
889	195	4	0
890	195	5	0
892	195	5	0
896	195	4	0
897	195	5	0
899	195	4	0
901	195	5	0
908	195	4	0
913	195	4	0
916	195	3	0
922	195	3	0
924	195	5	0
927	195	4	0
929	195	4	0
932	195	4	0
933	195	4	0
934	195	4	0
943	195	4	0
1	226	3	0
5	226	3	0
7	226	5	0
13	226	4	0
22	226	4	0
37	226	5	0
38	226	1	0
43	226	3	0
56	226	4	0
59	226	4	0
72	226	4	0
92	226	3	0
94	226	2	0
95	226	4	0
102	226	2	0
109	226	5	0
110	226	3	0
119	226	3	0
124	226	4	0
130	226	5	0
135	226	3	0
145	226	1	0
158	226	3	0
178	226	4	0
183	226	3	0
186	226	5	0
188	226	3	0
194	226	3	0
197	226	4	0
200	226	4	0
201	226	3	0
207	226	2	0
215	226	4	0
216	226	3	0
217	226	1	0
222	226	3	0
234	226	2	0
244	226	1	0
246	226	2	0
256	226	5	0
267	226	3	0
268	226	4	0
270	226	4	0
275	226	3	0
276	226	4	0
279	226	4	0
280	226	3	0
291	226	5	0
292	226	4	0
293	226	1	0
295	226	4	0
301	226	5	0
303	226	4	0
308	226	3	0
311	226	4	0
313	226	4	0
320	226	4	0
326	226	5	0
327	226	3	0
328	226	3	0
332	226	5	0
339	226	2	0
345	226	3	0
346	226	3	0
347	226	4	0
361	226	3	0
363	226	1	0
373	226	3	0
374	226	5	0
378	226	3	0
387	226	3	0
394	226	2	0
399	226	3	0
405	226	2	0
407	226	3	0
416	226	4	0
417	226	3	0
429	226	3	0
435	226	4	0
436	226	4	0
437	226	1	0
442	226	3	0
450	226	4	0
453	226	3	0
456	226	2	0
457	226	3	0
466	226	4	0
468	226	2	0
472	226	5	0
479	226	3	0
484	226	4	0
487	226	3	0
495	226	4	0
497	226	3	0
503	226	5	0
506	226	4	0
521	226	4	0
524	226	3	0
532	226	4	0
533	226	4	0
537	226	2	0
543	226	4	0
545	226	3	0
548	226	5	0
551	226	5	0
559	226	5	0
561	226	1	0
577	226	4	0
586	226	4	0
600	226	4	0
619	226	5	0
622	226	4	0
627	226	1	0
633	226	4	0
638	226	5	0
640	226	5	0
643	226	2	0
648	226	4	0
650	226	3	0
653	226	3	0
655	226	3	0
659	226	4	0
671	226	3	0
682	226	3	0
690	226	3	0
694	226	3	0
705	226	3	0
709	226	3	0
727	226	3	0
738	226	3	0
741	226	2	0
746	226	4	0
749	226	4	0
751	226	3	0
756	226	3	0
757	226	3	0
766	226	3	0
774	226	2	0
778	226	4	0
788	226	4	0
790	226	3	0
795	226	3	0
796	226	3	0
804	226	4	0
805	226	3	0
806	226	3	0
815	226	3	0
826	226	4	0
830	226	5	0
833	226	3	0
843	226	3	0
846	226	4	0
864	226	3	0
871	226	5	0
877	226	3	0
880	226	4	0
881	226	3	0
883	226	3	0
889	226	2	0
892	226	3	0
896	226	3	0
916	226	3	0
932	226	3	0
933	226	2	0
934	226	4	0
943	226	4	0
1	227	4	0
5	227	4	0
7	227	3	0
8	227	4	0
11	227	3	0
13	227	5	0
16	227	5	0
22	227	4	0
23	227	3	0
28	227	4	0
42	227	4	0
44	227	4	0
56	227	3	0
59	227	3	0
60	227	4	0
62	227	1	0
64	227	3	0
70	227	3	0
92	227	1	0
94	227	3	0
95	227	2	0
102	227	4	0
109	227	5	0
127	227	4	0
128	227	2	0
130	227	3	0
135	227	3	0
145	227	4	0
148	227	4	0
151	227	5	0
158	227	2	0
183	227	4	0
194	227	1	0
195	227	3	0
197	227	3	0
200	227	5	0
201	227	4	0
215	227	5	0
221	227	3	0
222	227	3	0
246	227	4	0
254	227	4	0
256	227	4	0
267	227	3	0
268	227	4	0
275	227	3	0
276	227	4	0
279	227	4	0
280	227	3	0
290	227	2	0
293	227	2	0
295	227	4	0
301	227	3	0
303	227	3	0
307	227	5	0
311	227	4	0
326	227	3	0
328	227	3	0
332	227	5	0
334	227	1	0
337	227	5	0
339	227	2	0
347	227	4	0
363	227	4	0
374	227	4	0
378	227	3	0
379	227	4	0
387	227	4	0
393	227	4	0
394	227	4	0
398	227	2	0
399	227	2	0
405	227	1	0
407	227	2	0
411	227	3	0
425	227	4	0
429	227	2	0
435	227	4	0
442	227	3	0
447	227	2	0
450	227	3	0
453	227	3	0
457	227	4	0
472	227	5	0
474	227	4	0
483	227	3	0
484	227	5	0
487	227	3	0
495	227	5	0
496	227	1	0
497	227	2	0
505	227	2	0
506	227	4	0
521	227	3	0
524	227	2	0
532	227	4	0
533	227	4	0
536	227	5	0
545	227	4	0
551	227	5	0
554	227	3	0
584	227	4	0
586	227	2	0
588	227	3	0
600	227	4	0
603	227	3	0
622	227	3	0
623	227	4	0
627	227	3	0
632	227	3	0
638	227	2	0
648	227	3	0
650	227	2	0
653	227	3	0
660	227	2	0
664	227	3	0
691	227	4	0
702	227	4	0
705	227	4	0
709	227	2	0
715	227	3	0
716	227	3	0
727	227	4	0
738	227	4	0
748	227	3	0
749	227	4	0
751	227	4	0
757	227	4	0
758	227	4	0
764	227	4	0
774	227	5	0
788	227	3	0
790	227	3	0
796	227	4	0
804	227	4	0
806	227	2	0
807	227	4	0
815	227	2	0
823	227	1	0
826	227	4	0
830	227	3	0
833	227	2	0
843	227	3	0
846	227	4	0
864	227	4	0
868	227	1	0
880	227	2	0
881	227	4	0
882	227	4	0
883	227	3	0
886	227	3	0
892	227	4	0
896	227	4	0
897	227	3	0
913	227	1	0
916	227	3	0
921	227	3	0
922	227	4	0
927	227	2	0
933	227	1	0
943	227	1	0
1	228	5	0
5	228	5	0
7	228	4	0
8	228	5	0
11	228	3	0
12	228	4	0
13	228	4	0
16	228	5	0
22	228	4	0
23	228	4	0
25	228	4	0
28	228	5	0
42	228	4	0
44	228	5	0
48	228	3	0
53	228	3	0
56	228	3	0
58	228	5	0
59	228	4	0
60	228	4	0
62	228	3	0
64	228	4	0
70	228	5	0
72	228	1	0
77	228	3	0
82	228	3	0
85	228	3	0
87	228	5	0
92	228	4	0
94	228	4	0
95	228	4	0
97	228	5	0
102	228	4	0
109	228	5	0
115	228	4	0
127	228	5	0
128	228	3	0
130	228	4	0
135	228	4	0
145	228	4	0
148	228	4	0
151	228	5	0
158	228	5	0
160	228	2	0
178	228	5	0
183	228	4	0
194	228	1	0
197	228	4	0
198	228	3	0
200	228	5	0
201	228	3	0
211	228	3	0
215	228	5	0
216	228	3	0
222	228	5	0
230	228	2	0
234	228	3	0
239	228	2	0
246	228	3	0
249	228	4	0
254	228	4	0
256	228	3	0
267	228	5	0
268	228	4	0
275	228	4	0
276	228	4	0
279	228	4	0
280	228	3	0
286	228	3	0
290	228	4	0
292	228	5	0
293	228	3	0
295	228	4	0
296	228	4	0
297	228	2	0
299	228	3	0
301	228	3	0
303	228	4	0
305	228	2	0
307	228	5	0
311	228	5	0
312	228	3	0
313	228	3	0
326	228	4	0
327	228	4	0
328	228	3	0
330	228	5	0
332	228	5	0
334	228	5	0
337	228	5	0
339	228	4	0
343	228	5	0
344	228	4	0
350	228	4	0
352	228	3	0
361	228	4	0
363	228	3	0
373	228	4	0
374	228	5	0
380	228	3	0
381	228	4	0
387	228	5	0
391	228	2	0
393	228	3	0
394	228	5	0
398	228	5	0
399	228	2	0
402	228	3	0
405	228	1	0
406	228	3	0
407	228	4	0
411	228	3	0
417	228	3	0
425	228	4	0
429	228	2	0
435	228	4	0
442	228	5	0
447	228	4	0
450	228	4	0
454	228	3	0
455	228	4	0
456	228	3	0
457	228	5	0
472	228	5	0
479	228	4	0
483	228	5	0
484	228	5	0
488	228	4	0
495	228	5	0
496	228	1	0
497	228	3	0
498	228	2	0
505	228	2	0
506	228	5	0
508	228	5	0
514	228	5	0
521	228	4	0
524	228	3	0
532	228	5	0
533	228	4	0
536	228	5	0
537	228	3	0
545	228	5	0
551	228	5	0
554	228	5	0
561	228	3	0
566	228	2	0
577	228	3	0
579	228	3	0
584	228	5	0
586	228	3	0
600	228	3	0
601	228	5	0
603	228	3	0
606	228	5	0
622	228	5	0
623	228	3	0
627	228	4	0
632	228	3	0
638	228	3	0
643	228	4	0
645	228	3	0
648	228	5	0
650	228	4	0
653	228	4	0
655	228	3	0
660	228	3	0
661	228	5	0
664	228	4	0
670	228	5	0
682	228	4	0
693	228	2	0
694	228	4	0
698	228	3	0
702	228	5	0
705	228	3	0
709	228	3	0
711	228	3	0
712	228	3	0
715	228	3	0
716	228	4	0
721	228	5	0
727	228	4	0
738	228	5	0
741	228	2	0
746	228	4	0
747	228	4	0
748	228	3	0
749	228	5	0
756	228	3	0
757	228	4	0
758	228	3	0
766	228	3	0
773	228	3	0
774	228	4	0
786	228	4	0
788	228	3	0
790	228	3	0
796	228	5	0
798	228	3	0
804	228	4	0
805	228	3	0
806	228	4	0
807	228	4	0
815	228	5	0
823	228	3	0
826	228	3	0
830	228	3	0
838	228	4	0
843	228	4	0
844	228	3	0
846	228	5	0
847	228	4	0
850	228	5	0
851	228	4	0
862	228	5	0
864	228	5	0
867	228	5	0
868	228	5	0
877	228	4	0
880	228	3	0
881	228	3	0
882	228	5	0
883	228	4	0
886	228	4	0
887	228	4	0
890	228	4	0
892	228	3	0
896	228	5	0
897	228	4	0
899	228	3	0
901	228	5	0
902	228	3	0
911	228	4	0
913	228	5	0
916	228	3	0
921	228	3	0
922	228	4	0
924	228	4	0
927	228	5	0
932	228	4	0
933	228	4	0
934	228	4	0
943	228	3	0
1	229	4	0
5	229	2	0
7	229	3	0
8	229	5	0
11	229	4	0
13	229	4	0
22	229	2	0
23	229	3	0
28	229	2	0
42	229	4	0
44	229	3	0
56	229	3	0
59	229	3	0
60	229	4	0
62	229	3	0
64	229	4	0
70	229	3	0
72	229	1	0
85	229	3	0
87	229	4	0
92	229	3	0
94	229	3	0
95	229	3	0
102	229	3	0
109	229	5	0
115	229	3	0
127	229	5	0
128	229	2	0
130	229	4	0
135	229	2	0
145	229	3	0
158	229	3	0
178	229	4	0
183	229	3	0
194	229	1	0
197	229	3	0
198	229	3	0
200	229	5	0
213	229	4	0
215	229	3	0
222	229	3	0
234	229	4	0
254	229	4	0
256	229	3	0
267	229	4	0
268	229	2	0
275	229	3	0
276	229	3	0
279	229	4	0
280	229	3	0
286	229	1	0
290	229	3	0
293	229	2	0
295	229	4	0
299	229	3	0
301	229	3	0
303	229	3	0
307	229	5	0
311	229	5	0
313	229	3	0
318	229	1	0
326	229	3	0
328	229	3	0
332	229	5	0
334	229	2	0
337	229	3	0
339	229	3	0
343	229	4	0
363	229	3	0
373	229	4	0
374	229	5	0
380	229	3	0
387	229	2	0
394	229	3	0
398	229	3	0
399	229	2	0
405	229	1	0
407	229	3	0
411	229	3	0
425	229	3	0
429	229	2	0
435	229	2	0
437	229	3	0
442	229	3	0
450	229	4	0
453	229	2	0
456	229	3	0
457	229	4	0
472	229	5	0
483	229	3	0
484	229	5	0
487	229	3	0
495	229	3	0
496	229	2	0
497	229	2	0
498	229	2	0
506	229	4	0
508	229	2	0
514	229	3	0
517	229	3	0
521	229	2	0
532	229	5	0
533	229	4	0
536	229	4	0
545	229	3	0
548	229	5	0
551	229	5	0
554	229	3	0
561	229	3	0
562	229	1	0
577	229	4	0
584	229	3	0
586	229	3	0
600	229	3	0
603	229	4	0
622	229	2	0
627	229	2	0
638	229	1	0
643	229	3	0
648	229	4	0
650	229	2	0
653	229	3	0
660	229	2	0
664	229	3	0
682	229	4	0
693	229	2	0
694	229	4	0
702	229	4	0
705	229	3	0
709	229	2	0
711	229	3	0
716	229	3	0
721	229	5	0
727	229	2	0
738	229	3	0
746	229	2	0
749	229	3	0
757	229	3	0
758	229	3	0
766	229	3	0
773	229	3	0
774	229	2	0
788	229	3	0
790	229	3	0
796	229	3	0
804	229	4	0
805	229	2	0
807	229	4	0
815	229	3	0
823	229	3	0
826	229	4	0
830	229	2	0
843	229	3	0
846	229	3	0
864	229	4	0
868	229	3	0
881	229	4	0
883	229	4	0
886	229	3	0
890	229	2	0
892	229	3	0
896	229	4	0
899	229	2	0
901	229	4	0
916	229	3	0
922	229	4	0
927	229	3	0
932	229	4	0
933	229	1	0
934	229	4	0
943	229	2	0
1	230	4	0
5	230	3	0
7	230	3	0
10	230	4	0
11	230	4	0
13	230	3	0
16	230	5	0
22	230	4	0
23	230	4	0
28	230	4	0
37	230	4	0
42	230	5	0
44	230	2	0
56	230	5	0
59	230	4	0
60	230	4	0
62	230	2	0
64	230	5	0
70	230	4	0
72	230	1	0
82	230	2	0
85	230	3	0
87	230	5	0
91	230	4	0
92	230	3	0
94	230	2	0
102	230	2	0
109	230	5	0
110	230	3	0
127	230	5	0
130	230	3	0
135	230	3	0
145	230	5	0
151	230	3	0
158	230	2	0
160	230	2	0
162	230	2	0
178	230	4	0
183	230	5	0
194	230	1	0
197	230	4	0
198	230	3	0
200	230	5	0
201	230	3	0
210	230	3	0
211	230	3	0
215	230	3	0
221	230	3	0
222	230	4	0
235	230	4	0
246	230	3	0
254	230	4	0
256	230	4	0
264	230	4	0
267	230	4	0
268	230	3	0
270	230	3	0
275	230	3	0
276	230	4	0
279	230	4	0
280	230	3	0
288	230	2	0
290	230	4	0
293	230	2	0
295	230	4	0
297	230	2	0
301	230	4	0
303	230	3	0
307	230	5	0
308	230	4	0
311	230	5	0
313	230	3	0
315	230	4	0
326	230	3	0
327	230	4	0
328	230	3	0
332	230	5	0
334	230	4	0
337	230	5	0
347	230	4	0
363	230	2	0
373	230	4	0
374	230	5	0
378	230	3	0
379	230	4	0
387	230	3	0
394	230	3	0
398	230	3	0
399	230	3	0
405	230	2	0
407	230	4	0
411	230	3	0
416	230	4	0
417	230	3	0
425	230	4	0
429	230	2	0
435	230	3	0
442	230	3	0
450	230	4	0
455	230	3	0
457	230	4	0
459	230	4	0
472	230	5	0
474	230	3	0
479	230	4	0
483	230	5	0
484	230	5	0
487	230	5	0
488	230	3	0
495	230	5	0
497	230	2	0
506	230	4	0
508	230	2	0
521	230	3	0
524	230	3	0
532	230	5	0
533	230	4	0
536	230	5	0
537	230	2	0
542	230	4	0
545	230	5	0
551	230	5	0
554	230	5	0
561	230	3	0
562	230	1	0
566	230	2	0
577	230	3	0
584	230	4	0
586	230	2	0
588	230	1	0
600	230	4	0
601	230	4	0
603	230	4	0
606	230	2	0
622	230	3	0
627	230	4	0
638	230	5	0
648	230	5	0
650	230	4	0
653	230	3	0
660	230	3	0
661	230	4	0
664	230	3	0
693	230	2	0
694	230	4	0
698	230	3	0
702	230	4	0
705	230	4	0
709	230	2	0
711	230	3	0
712	230	3	0
716	230	3	0
727	230	3	0
734	230	2	0
738	230	4	0
745	230	2	0
746	230	1	0
749	230	3	0
756	230	3	0
757	230	4	0
758	230	4	0
763	230	3	0
766	230	3	0
774	230	2	0
778	230	2	0
786	230	4	0
788	230	3	0
790	230	4	0
796	230	5	0
804	230	4	0
806	230	4	0
807	230	4	0
815	230	5	0
823	230	3	0
826	230	4	0
830	230	3	0
833	230	1	0
843	230	3	0
846	230	3	0
862	230	3	0
864	230	2	0
868	230	3	0
880	230	3	0
881	230	4	0
882	230	5	0
886	230	2	0
890	230	3	0
892	230	4	0
896	230	4	0
897	230	4	0
899	230	4	0
901	230	5	0
916	230	3	0
921	230	3	0
922	230	4	0
927	230	5	0
932	230	4	0
933	230	3	0
943	230	1	0
1	265	4	0
7	265	5	0
13	265	4	0
14	265	3	0
22	265	3	0
25	265	4	0
37	265	4	0
41	265	3	0
42	265	3	0
56	265	4	0
59	265	4	0
60	265	5	0
64	265	4	0
69	265	4	0
70	265	4	0
72	265	4	0
77	265	3	0
82	265	4	0
83	265	5	0
84	265	5	0
91	265	5	0
92	265	4	0
94	265	4	0
95	265	3	0
96	265	5	0
99	265	3	0
102	265	3	0
109	265	5	0
115	265	2	0
117	265	4	0
128	265	5	0
135	265	3	0
145	265	5	0
151	265	5	0
153	265	4	0
161	265	2	0
178	265	5	0
183	265	2	0
188	265	5	0
194	265	4	0
195	265	4	0
197	265	5	0
198	265	3	0
200	265	5	0
201	265	3	0
207	265	3	0
218	265	3	0
221	265	3	0
222	265	3	0
230	265	5	0
234	265	3	0
236	265	2	0
244	265	4	0
246	265	4	0
251	265	3	0
254	265	3	0
256	265	4	0
263	265	4	0
267	265	5	0
268	265	3	0
270	265	4	0
271	265	5	0
275	265	4	0
276	265	4	0
279	265	5	0
280	265	4	0
290	265	4	0
292	265	4	0
293	265	3	0
295	265	4	0
297	265	3	0
298	265	4	0
301	265	4	0
307	265	3	0
308	265	3	0
311	265	5	0
312	265	1	0
313	265	4	0
316	265	3	0
318	265	4	0
326	265	4	0
327	265	2	0
328	265	5	0
332	265	4	0
334	265	3	0
339	265	3	0
340	265	5	0
343	265	2	0
346	265	4	0
350	265	2	0
363	265	3	0
370	265	5	0
371	265	5	0
373	265	4	0
374	265	5	0
378	265	4	0
379	265	4	0
380	265	3	0
387	265	4	0
393	265	4	0
394	265	4	0
399	265	3	0
405	265	2	0
407	265	3	0
411	265	5	0
416	265	5	0
417	265	3	0
425	265	3	0
429	265	4	0
435	265	3	0
436	265	3	0
437	265	3	0
447	265	4	0
450	265	5	0
452	265	3	0
455	265	4	0
456	265	3	0
457	265	5	0
466	265	3	0
472	265	4	0
474	265	5	0
479	265	4	0
480	265	3	0
484	265	5	0
487	265	5	0
488	265	4	0
493	265	5	0
495	265	5	0
497	265	4	0
498	265	2	0
505	265	4	0
512	265	4	0
513	265	5	0
514	265	4	0
521	265	3	0
524	265	4	0
533	265	3	0
535	265	3	0
536	265	5	0
537	265	3	0
541	265	5	0
542	265	4	0
543	265	4	0
545	265	4	0
551	265	4	0
553	265	5	0
554	265	4	0
555	265	3	0
559	265	4	0
566	265	4	0
577	265	5	0
583	265	4	0
586	265	5	0
588	265	5	0
592	265	4	0
600	265	3	0
606	265	4	0
608	265	3	0
618	265	4	0
625	265	3	0
629	265	4	0
638	265	5	0
648	265	4	0
650	265	4	0
653	265	4	0
654	265	5	0
655	265	3	0
660	265	2	0
663	265	4	0
665	265	3	0
666	265	3	0
671	265	3	0
676	265	5	0
682	265	3	0
684	265	4	0
686	265	4	0
705	265	5	0
709	265	4	0
710	265	4	0
711	265	2	0
715	265	5	0
716	265	5	0
727	265	4	0
738	265	4	0
741	265	5	0
746	265	4	0
747	265	4	0
757	265	3	0
766	265	3	0
773	265	2	0
774	265	3	0
778	265	4	0
786	265	4	0
790	265	4	0
795	265	3	0
796	265	5	0
798	265	5	0
804	265	4	0
806	265	4	0
807	265	5	0
815	265	5	0
826	265	5	0
830	265	5	0
843	265	3	0
846	265	5	0
848	265	4	0
862	265	5	0
864	265	5	0
868	265	3	0
870	265	4	0
878	265	3	0
881	265	5	0
882	265	5	0
883	265	3	0
886	265	4	0
889	265	4	0
890	265	2	0
892	265	4	0
896	265	4	0
897	265	3	0
899	265	4	0
913	265	4	0
916	265	4	0
922	265	5	0
930	265	3	0
933	265	4	0
942	265	5	0
5	385	4	0
7	385	5	0
8	385	1	0
9	385	5	0
10	385	4	0
13	385	3	0
16	385	5	0
22	385	4	0
23	385	4	0
37	385	4	0
42	385	5	0
43	385	5	0
44	385	3	0
49	385	1	0
56	385	4	0
59	385	4	0
60	385	4	0
64	385	4	0
76	385	2	0
83	385	4	0
84	385	4	0
85	385	3	0
87	385	5	0
90	385	4	0
92	385	4	0
94	385	2	0
95	385	4	0
102	385	3	0
109	385	4	0
110	385	3	0
119	385	5	0
130	385	5	0
137	385	5	0
151	385	3	0
158	385	3	0
178	385	4	0
186	385	4	0
194	385	2	0
197	385	2	0
198	385	3	0
200	385	5	0
201	385	2	0
207	385	3	0
217	385	2	0
221	385	4	0
222	385	4	0
230	385	1	0
234	385	2	0
246	385	1	0
256	385	5	0
262	385	2	0
267	385	3	0
268	385	3	0
276	385	4	0
279	385	4	0
280	385	5	0
290	385	4	0
291	385	4	0
295	385	4	0
301	385	3	0
303	385	4	0
305	385	1	0
308	385	4	0
311	385	5	0
313	385	4	0
318	385	4	0
320	385	4	0
326	385	3	0
328	385	3	0
330	385	5	0
332	385	5	0
343	385	3	0
344	385	2	0
345	385	3	0
346	385	5	0
347	385	4	0
352	385	4	0
363	385	4	0
373	385	3	0
374	385	4	0
378	385	4	0
379	385	2	0
385	385	1	0
387	385	3	0
393	385	4	0
394	385	5	0
398	385	3	0
399	385	3	0
401	385	3	0
405	385	1	0
407	385	4	0
416	385	5	0
417	385	5	0
425	385	2	0
429	385	3	0
435	385	5	0
442	385	3	0
450	385	4	0
452	385	4	0
453	385	3	0
454	385	3	0
455	385	3	0
457	385	4	0
466	385	4	0
472	385	5	0
474	385	4	0
479	385	2	0
484	385	4	0
487	385	4	0
488	385	4	0
495	385	3	0
497	385	3	0
503	385	1	0
504	385	4	0
505	385	4	0
506	385	4	0
514	385	3	0
521	385	3	0
524	385	3	0
533	385	4	0
536	385	4	0
537	385	2	0
538	385	3	0
543	385	3	0
545	385	3	0
551	385	5	0
559	385	4	0
561	385	2	0
562	385	2	0
566	385	3	0
577	385	5	0
586	385	3	0
588	385	3	0
593	385	4	0
600	385	3	0
603	385	4	0
606	385	4	0
618	385	4	0
619	385	5	0
621	385	5	0
622	385	5	0
625	385	4	0
627	385	2	0
632	385	4	0
633	385	4	0
638	385	5	0
640	385	5	0
642	385	5	0
643	385	3	0
648	385	5	0
650	385	4	0
653	385	4	0
654	385	4	0
655	385	3	0
659	385	5	0
660	385	3	0
666	385	3	0
671	385	5	0
682	385	3	0
694	385	4	0
698	385	4	0
705	385	4	0
709	385	4	0
712	385	5	0
716	385	1	0
727	385	3	0
738	385	5	0
746	385	5	0
749	385	3	0
751	385	4	0
757	385	3	0
758	385	4	0
766	385	3	0
774	385	1	0
780	385	4	0
786	385	4	0
788	385	3	0
796	385	5	0
804	385	4	0
805	385	1	0
807	385	4	0
825	385	5	0
826	385	5	0
830	385	4	0
833	385	3	0
838	385	4	0
843	385	3	0
846	385	5	0
850	385	5	0
868	385	2	0
870	385	3	0
880	385	4	0
881	385	4	0
883	385	1	0
886	385	3	0
887	385	4	0
889	385	3	0
890	385	4	0
892	385	3	0
896	385	4	0
897	385	3	0
899	385	3	0
916	385	3	0
922	385	3	0
927	385	4	0
932	385	2	0
933	385	3	0
943	385	4	0
5	403	3	0
7	403	4	0
8	403	4	0
13	403	2	0
18	403	3	0
22	403	5	0
30	403	2	0
37	403	5	0
38	403	1	0
42	403	3	0
43	403	4	0
49	403	3	0
56	403	4	0
59	403	5	0
60	403	3	0
62	403	4	0
64	403	4	0
70	403	4	0
72	403	3	0
87	403	3	0
92	403	4	0
94	403	3	0
95	403	1	0
99	403	4	0
102	403	3	0
109	403	5	0
110	403	3	0
122	403	4	0
130	403	5	0
144	403	3	0
158	403	4	0
162	403	3	0
177	403	5	0
180	403	3	0
184	403	3	0
193	403	3	0
194	403	2	0
197	403	3	0
198	403	4	0
201	403	3	0
210	403	4	0
216	403	3	0
217	403	5	0
221	403	4	0
222	403	3	0
224	403	4	0
234	403	1	0
246	403	4	0
249	403	4	0
254	403	3	0
256	403	4	0
267	403	4	0
268	403	4	0
269	403	1	0
276	403	4	0
279	403	1	0
280	403	3	0
286	403	5	0
290	403	2	0
291	403	4	0
293	403	3	0
295	403	4	0
301	403	4	0
303	403	5	0
305	403	2	0
307	403	3	0
308	403	4	0
311	403	4	0
313	403	3	0
318	403	2	0
320	403	4	0
325	403	2	0
326	403	3	0
327	403	3	0
328	403	3	0
330	403	5	0
334	403	4	0
339	403	3	0
343	403	4	0
345	403	3	0
346	403	3	0
347	403	5	0
363	403	3	0
373	403	3	0
374	403	2	0
378	403	4	0
379	403	4	0
381	403	3	0
385	403	3	0
387	403	3	0
393	403	3	0
394	403	4	0
398	403	4	0
399	403	3	0
405	403	5	0
407	403	4	0
416	403	5	0
417	403	4	0
425	403	4	0
429	403	4	0
435	403	4	0
442	403	4	0
450	403	4	0
453	403	4	0
456	403	2	0
457	403	4	0
466	403	3	0
472	403	5	0
478	403	2	0
479	403	3	0
487	403	4	0
495	403	5	0
497	403	3	0
504	403	3	0
506	403	4	0
514	403	3	0
521	403	4	0
524	403	4	0
532	403	4	0
533	403	3	0
536	403	3	0
541	403	3	0
543	403	4	0
545	403	5	0
551	403	3	0
561	403	3	0
563	403	4	0
566	403	3	0
577	403	4	0
586	403	4	0
588	403	3	0
600	403	3	0
618	403	4	0
619	403	5	0
622	403	4	0
625	403	3	0
627	403	2	0
638	403	3	0
642	403	4	0
643	403	3	0
645	403	3	0
647	403	4	0
648	403	4	0
650	403	3	0
653	403	2	0
655	403	2	0
660	403	3	0
668	403	4	0
682	403	3	0
693	403	2	0
705	403	4	0
709	403	3	0
711	403	4	0
721	403	4	0
727	403	4	0
738	403	3	0
741	403	5	0
746	403	4	0
747	403	5	0
749	403	4	0
756	403	2	0
757	403	4	0
766	403	3	0
771	403	4	0
773	403	2	0
774	403	2	0
781	403	4	0
788	403	3	0
790	403	4	0
795	403	3	0
796	403	4	0
798	403	4	0
804	403	3	0
805	403	4	0
806	403	4	0
807	403	4	0
815	403	4	0
826	403	4	0
830	403	4	0
833	403	1	0
843	403	2	0
844	403	3	0
846	403	3	0
848	403	4	0
864	403	5	0
868	403	2	0
880	403	3	0
881	403	3	0
883	403	5	0
886	403	4	0
889	403	3	0
890	403	1	0
892	403	3	0
896	403	1	0
899	403	3	0
901	403	2	0
922	403	3	0
927	403	4	0
933	403	3	0
934	403	4	0
943	403	4	0
5	431	3	0
7	431	4	0
8	431	2	0
11	431	2	0
13	431	1	0
22	431	4	0
59	431	4	0
62	431	2	0
64	431	4	0
70	431	3	0
77	431	5	0
92	431	4	0
94	431	4	0
95	431	3	0
97	431	3	0
102	431	3	0
109	431	3	0
115	431	4	0
135	431	2	0
145	431	5	0
158	431	5	0
178	431	4	0
180	431	4	0
183	431	2	0
194	431	4	0
195	431	3	0
197	431	3	0
198	431	3	0
200	431	5	0
201	431	1	0
218	431	3	0
222	431	4	0
230	431	3	0
234	431	3	0
235	431	2	0
246	431	3	0
249	431	5	0
267	431	4	0
275	431	3	0
276	431	3	0
279	431	4	0
280	431	4	0
286	431	5	0
295	431	5	0
301	431	4	0
305	431	4	0
307	431	4	0
311	431	4	0
315	431	2	0
320	431	5	0
327	431	3	0
328	431	2	0
332	431	5	0
339	431	4	0
344	431	3	0
346	431	5	0
352	431	2	0
363	431	2	0
371	431	5	0
373	431	5	0
387	431	3	0
393	431	2	0
394	431	5	0
399	431	2	0
405	431	3	0
406	431	3	0
412	431	4	0
416	431	4	0
417	431	4	0
429	431	5	0
435	431	3	0
450	431	5	0
454	431	3	0
456	431	4	0
472	431	5	0
474	431	4	0
479	431	4	0
484	431	4	0
487	431	3	0
493	431	5	0
495	431	5	0
497	431	4	0
514	431	4	0
516	431	3	0
521	431	4	0
527	431	3	0
532	431	5	0
536	431	5	0
537	431	4	0
545	431	3	0
548	431	5	0
551	431	4	0
561	431	2	0
584	431	3	0
586	431	3	0
592	431	2	0
600	431	3	0
601	431	4	0
622	431	5	0
627	431	4	0
638	431	4	0
648	431	5	0
650	431	3	0
653	431	4	0
654	431	4	0
659	431	4	0
660	431	4	0
664	431	2	0
671	431	2	0
682	431	4	0
690	431	2	0
698	431	1	0
709	431	5	0
712	431	3	0
727	431	4	0
746	431	5	0
749	431	5	0
751	431	4	0
757	431	4	0
758	431	3	0
766	431	3	0
773	431	1	0
774	431	4	0
776	431	4	0
788	431	2	0
790	431	3	0
795	431	4	0
796	431	4	0
804	431	4	0
805	431	1	0
807	431	4	0
826	431	5	0
830	431	3	0
833	431	2	0
843	431	3	0
844	431	4	0
846	431	5	0
848	431	5	0
854	431	3	0
862	431	5	0
867	431	4	0
870	431	3	0
887	431	3	0
889	431	4	0
892	431	4	0
896	431	3	0
899	431	1	0
911	431	4	0
916	431	3	0
922	431	4	0
929	431	1	0
932	431	3	0
943	431	4	0
7	550	4	0
8	550	3	0
13	550	4	0
22	550	5	0
37	550	4	0
38	550	2	0
43	550	3	0
56	550	4	0
59	550	5	0
72	550	4	0
87	550	4	0
94	550	1	0
95	550	4	0
102	550	2	0
109	550	5	0
110	550	3	0
119	550	4	0
124	550	4	0
130	550	5	0
158	550	3	0
186	550	4	0
194	550	3	0
197	550	3	0
217	550	1	0
221	550	4	0
222	550	3	0
234	550	2	0
244	550	1	0
246	550	3	0
256	550	5	0
267	550	4	0
268	550	2	0
276	550	4	0
279	550	4	0
280	550	2	0
290	550	3	0
291	550	4	0
293	550	1	0
301	550	3	0
303	550	3	0
305	550	3	0
308	550	4	0
311	550	3	0
313	550	4	0
320	550	5	0
326	550	5	0
327	550	2	0
328	550	3	0
332	550	5	0
339	550	2	0
345	550	3	0
346	550	4	0
347	550	5	0
363	550	4	0
373	550	3	0
374	550	5	0
378	550	2	0
387	550	2	0
389	550	3	0
393	550	3	0
394	550	4	0
399	550	3	0
405	550	2	0
416	550	4	0
417	550	3	0
425	550	4	0
429	550	3	0
435	550	3	0
436	550	4	0
442	550	2	0
450	550	4	0
453	550	3	0
455	550	4	0
456	550	2	0
466	550	3	0
472	550	5	0
484	550	4	0
487	550	3	0
493	550	4	0
495	550	3	0
497	550	4	0
506	550	4	0
521	550	3	0
524	550	3	0
533	550	4	0
537	550	2	0
543	550	2	0
545	550	3	0
551	550	5	0
559	550	4	0
561	550	1	0
562	550	4	0
577	550	3	0
586	550	4	0
588	550	3	0
600	550	4	0
618	550	3	0
619	550	5	0
622	550	4	0
627	550	1	0
630	550	3	0
632	550	2	0
638	550	5	0
640	550	4	0
643	550	3	0
648	550	4	0
650	550	3	0
653	550	3	0
655	550	2	0
660	550	2	0
671	550	3	0
682	550	2	0
705	550	2	0
709	550	3	0
727	550	4	0
738	550	3	0
746	550	4	0
749	550	4	0
756	550	2	0
757	550	3	0
758	550	4	0
766	550	3	0
774	550	2	0
778	550	4	0
788	550	3	0
790	550	4	0
795	550	3	0
796	550	3	0
804	550	4	0
805	550	3	0
807	550	5	0
826	550	3	0
830	550	5	0
833	550	2	0
843	550	3	0
846	550	4	0
864	550	4	0
868	550	4	0
870	550	3	0
880	550	4	0
881	550	3	0
883	550	3	0
886	550	4	0
889	550	3	0
896	550	2	0
897	550	3	0
916	550	2	0
922	550	3	0
932	550	2	0
933	550	1	0
934	550	4	0
7	566	4	0
8	566	3	0
13	566	5	0
22	566	3	0
37	566	4	0
42	566	5	0
43	566	3	0
59	566	4	0
64	566	3	0
72	566	4	0
83	566	4	0
85	566	3	0
87	566	5	0
92	566	4	0
94	566	2	0
95	566	2	0
102	566	2	0
106	566	4	0
109	566	4	0
110	566	4	0
130	566	4	0
135	566	3	0
145	566	5	0
151	566	3	0
158	566	3	0
175	566	3	0
178	566	4	0
186	566	5	0
188	566	5	0
194	566	4	0
197	566	4	0
201	566	3	0
207	566	4	0
217	566	4	0
221	566	3	0
222	566	4	0
225	566	4	0
234	566	2	0
244	566	4	0
253	566	4	0
256	566	5	0
267	566	3	0
268	566	3	0
270	566	5	0
271	566	4	0
276	566	4	0
279	566	4	0
280	566	4	0
290	566	3	0
291	566	4	0
293	566	3	0
301	566	3	0
305	566	3	0
308	566	4	0
311	566	4	0
313	566	4	0
318	566	4	0
320	566	3	0
326	566	4	0
328	566	5	0
332	566	4	0
334	566	3	0
339	566	3	0
345	566	3	0
346	566	5	0
363	566	3	0
373	566	4	0
374	566	3	0
375	566	4	0
378	566	3	0
379	566	4	0
380	566	3	0
381	566	2	0
387	566	3	0
393	566	3	0
399	566	4	0
401	566	5	0
405	566	1	0
411	566	4	0
425	566	2	0
429	566	3	0
435	566	4	0
437	566	3	0
450	566	4	0
453	566	3	0
454	566	4	0
457	566	4	0
466	566	3	0
472	566	4	0
474	566	5	0
479	566	3	0
484	566	4	0
487	566	4	0
495	566	4	0
497	566	3	0
505	566	3	0
506	566	4	0
521	566	3	0
533	566	4	0
535	566	3	0
536	566	5	0
537	566	2	0
538	566	3	0
543	566	4	0
545	566	4	0
551	566	5	0
559	566	5	0
561	566	3	0
562	566	4	0
563	566	4	0
577	566	4	0
586	566	3	0
588	566	2	0
600	566	3	0
618	566	3	0
619	566	4	0
627	566	3	0
629	566	5	0
632	566	4	0
633	566	3	0
640	566	4	0
643	566	3	0
648	566	4	0
650	566	3	0
653	566	5	0
655	566	3	0
659	566	3	0
661	566	4	0
664	566	4	0
665	566	2	0
666	566	3	0
671	566	4	0
682	566	3	0
693	566	2	0
705	566	4	0
711	566	2	0
716	566	3	0
727	566	3	0
741	566	4	0
746	566	4	0
749	566	3	0
756	566	4	0
757	566	3	0
758	566	4	0
774	566	2	0
788	566	4	0
790	566	3	0
796	566	4	0
804	566	4	0
807	566	4	0
823	566	4	0
825	566	5	0
826	566	3	0
830	566	3	0
840	566	5	0
843	566	3	0
846	566	5	0
848	566	4	0
850	566	5	0
862	566	3	0
864	566	4	0
868	566	1	0
870	566	2	0
871	566	3	0
877	566	4	0
880	566	3	0
881	566	4	0
882	566	4	0
883	566	3	0
886	566	3	0
889	566	3	0
892	566	4	0
896	566	4	0
897	566	2	0
899	566	3	0
901	566	5	0
916	566	3	0
932	566	4	0
943	566	4	0
7	568	5	0
8	568	4	0
13	568	3	0
20	568	4	0
22	568	4	0
25	568	4	0
28	568	4	0
37	568	3	0
42	568	4	0
43	568	4	0
53	568	4	0
56	568	4	0
58	568	4	0
59	568	5	0
62	568	3	0
64	568	4	0
70	568	3	0
72	568	4	0
83	568	4	0
85	568	3	0
87	568	5	0
90	568	5	0
91	568	2	0
92	568	3	0
94	568	3	0
95	568	4	0
102	568	2	0
109	568	5	0
110	568	3	0
119	568	4	0
125	568	5	0
128	568	4	0
130	568	5	0
152	568	5	0
153	568	4	0
158	568	4	0
167	568	3	0
177	568	3	0
178	568	4	0
184	568	2	0
186	568	4	0
188	568	4	0
189	568	4	0
194	568	2	0
197	568	4	0
198	568	3	0
200	568	5	0
201	568	3	0
207	568	4	0
210	568	4	0
213	568	4	0
214	568	4	0
217	568	4	0
219	568	1	0
221	568	4	0
222	568	5	0
230	568	3	0
233	568	5	0
246	568	4	0
249	568	4	0
253	568	4	0
256	568	5	0
262	568	3	0
263	568	4	0
267	568	4	0
268	568	3	0
269	568	2	0
276	568	4	0
280	568	2	0
290	568	3	0
291	568	4	0
293	568	4	0
301	568	4	0
303	568	4	0
308	568	5	0
311	568	5	0
313	568	4	0
314	568	5	0
320	568	4	0
326	568	4	0
327	568	2	0
328	568	3	0
330	568	5	0
332	568	4	0
339	568	3	0
343	568	1	0
344	568	5	0
345	568	4	0
347	568	4	0
352	568	5	0
363	568	2	0
373	568	4	0
374	568	5	0
378	568	4	0
379	568	5	0
385	568	3	0
387	568	2	0
389	568	3	0
393	568	4	0
394	568	5	0
399	568	2	0
405	568	4	0
407	568	2	0
411	568	4	0
416	568	4	0
417	568	2	0
425	568	3	0
429	568	3	0
435	568	2	0
436	568	5	0
450	568	4	0
453	568	3	0
454	568	4	0
455	568	4	0
456	568	2	0
457	568	4	0
459	568	3	0
466	568	3	0
472	568	5	0
478	568	5	0
484	568	3	0
487	568	4	0
488	568	3	0
495	568	1	0
497	568	3	0
500	568	1	0
505	568	4	0
506	568	5	0
508	568	4	0
514	568	4	0
521	568	3	0
524	568	4	0
532	568	5	0
533	568	5	0
536	568	4	0
537	568	2	0
538	568	3	0
543	568	3	0
545	568	3	0
551	568	4	0
561	568	3	0
577	568	3	0
586	568	3	0
588	568	4	0
592	568	5	0
593	568	4	0
600	568	4	0
606	568	4	0
608	568	5	0
610	568	4	0
618	568	4	0
619	568	5	0
621	568	5	0
622	568	4	0
627	568	2	0
630	568	4	0
632	568	3	0
640	568	4	0
642	568	4	0
643	568	4	0
647	568	4	0
648	568	5	0
650	568	3	0
654	568	4	0
655	568	3	0
659	568	4	0
660	568	3	0
661	568	4	0
671	568	5	0
679	568	2	0
682	568	3	0
693	568	4	0
698	568	2	0
705	568	5	0
709	568	4	0
711	568	3	0
712	568	5	0
716	568	4	0
727	568	3	0
738	568	3	0
746	568	4	0
749	568	4	0
751	568	3	0
756	568	3	0
757	568	4	0
758	568	4	0
766	568	2	0
773	568	1	0
774	568	2	0
778	568	3	0
788	568	3	0
790	568	3	0
795	568	3	0
796	568	4	0
798	568	4	0
804	568	4	0
805	568	3	0
823	568	3	0
826	568	4	0
830	568	4	0
838	568	4	0
844	568	4	0
846	568	4	0
847	568	4	0
849	568	4	0
850	568	5	0
852	568	4	0
862	568	3	0
864	568	4	0
868	568	1	0
870	568	4	0
880	568	5	0
881	568	4	0
882	568	5	0
883	568	3	0
885	568	4	0
886	568	3	0
887	568	2	0
889	568	3	0
892	568	4	0
896	568	2	0
897	568	5	0
899	568	4	0
901	568	5	0
916	568	4	0
922	568	3	0
927	568	5	0
933	568	2	0
940	568	3	0
943	568	3	0
8	684	4	0
12	684	5	0
13	684	5	0
16	684	5	0
22	684	3	0
42	684	4	0
43	684	4	0
58	684	4	0
59	684	3	0
60	684	4	0
64	684	4	0
70	684	3	0
72	684	4	0
83	684	4	0
87	684	5	0
90	684	3	0
92	684	3	0
94	684	4	0
102	684	2	0
106	684	4	0
110	684	4	0
115	684	3	0
119	684	4	0
128	684	4	0
130	684	5	0
145	684	5	0
151	684	3	0
158	684	3	0
169	684	5	0
178	684	5	0
180	684	5	0
186	684	4	0
188	684	3	0
193	684	4	0
197	684	4	0
198	684	3	0
201	684	3	0
207	684	3	0
210	684	3	0
213	684	4	0
217	684	5	0
221	684	4	0
235	684	4	0
249	684	4	0
256	684	5	0
267	684	4	0
268	684	3	0
270	684	4	0
276	684	4	0
279	684	3	0
293	684	3	0
301	684	3	0
305	684	3	0
308	684	3	0
311	684	4	0
312	684	5	0
313	684	4	0
327	684	4	0
328	684	5	0
332	684	5	0
334	684	4	0
343	684	3	0
344	684	3	0
345	684	4	0
346	684	4	0
361	684	4	0
373	684	4	0
374	684	5	0
375	684	4	0
378	684	3	0
379	684	4	0
380	684	3	0
387	684	3	0
389	684	4	0
393	684	4	0
398	684	4	0
399	684	3	0
401	684	4	0
405	684	3	0
407	684	3	0
409	684	4	0
412	684	4	0
415	684	3	0
416	684	5	0
417	684	3	0
425	684	2	0
429	684	4	0
435	684	4	0
437	684	3	0
442	684	3	0
452	684	4	0
453	684	3	0
466	684	4	0
474	684	4	0
478	684	4	0
484	684	5	0
487	684	5	0
491	684	5	0
493	684	4	0
495	684	5	0
497	684	3	0
503	684	4	0
506	684	5	0
521	684	3	0
524	684	4	0
532	684	5	0
533	684	4	0
537	684	3	0
542	684	4	0
543	684	4	0
545	684	4	0
551	684	5	0
554	684	4	0
561	684	3	0
562	684	4	0
566	684	4	0
577	684	4	0
588	684	4	0
600	684	4	0
606	684	3	0
618	684	3	0
619	684	4	0
627	684	4	0
629	684	5	0
632	684	5	0
640	684	4	0
648	684	4	0
653	684	5	0
655	684	3	0
661	684	3	0
664	684	4	0
665	684	3	0
666	684	4	0
671	684	3	0
682	684	3	0
690	684	4	0
693	684	3	0
694	684	4	0
705	684	3	0
711	684	3	0
721	684	4	0
727	684	4	0
746	684	4	0
757	684	4	0
758	684	4	0
774	684	1	0
786	684	4	0
788	684	5	0
796	684	5	0
807	684	5	0
815	684	4	0
823	684	4	0
826	684	3	0
833	684	3	0
844	684	3	0
846	684	5	0
864	684	4	0
870	684	3	0
880	684	4	0
882	684	3	0
883	684	3	0
889	684	2	0
892	684	5	0
896	684	4	0
897	684	2	0
899	684	3	0
903	684	3	0
910	684	4	0
916	684	3	0
