1	13	5	0
2	13	4	0
6	13	2	0
10	13	3	0
13	13	5	0
14	13	4	0
15	13	1	0
17	13	3	0
18	13	5	0
23	13	4	0
25	13	4	0
26	13	3	0
45	13	5	0
49	13	3	0
52	13	5	0
58	13	3	0
59	13	5	0
60	13	4	0
62	13	4	0
63	13	4	0
74	13	4	0
75	13	5	0
79	13	3	0
82	13	2	0
85	13	3	0
87	13	3	0
89	13	2	0
92	13	4	0
102	13	3	0
104	13	3	0
108	13	3	0
115	13	5	0
123	13	3	0
138	13	4	0
145	13	5	0
150	13	4	0
151	13	3	0
160	13	4	0
174	13	3	0
176	13	4	0
181	13	2	0
184	13	3	0
188	13	4	0
189	13	4	0
194	13	4	0
196	13	2	0
207	13	3	0
213	13	4	0
214	13	3	0
219	13	1	0
227	13	5	0
234	13	3	0
243	13	4	0
244	13	4	0
249	13	4	0
268	13	3	0
269	13	4	0
270	13	4	0
271	13	4	0
279	13	3	0
280	13	5	0
286	13	2	0
288	13	5	0
296	13	3	0
297	13	3	0
299	13	4	0
303	13	4	0
305	13	3	0
306	13	4	0
315	13	4	0
327	13	2	0
334	13	3	0
336	13	3	0
342	13	3	0
343	13	5	0
344	13	3	0
345	13	4	0
354	13	3	0
360	13	3	0
365	13	3	0
378	13	3	0
381	13	4	0
387	13	4	0
390	13	2	0
398	13	3	0
401	13	2	0
402	13	3	0
406	13	2	0
416	13	5	0
417	13	2	0
437	13	4	0
439	13	3	0
447	13	5	0
450	13	3	0
456	13	4	0
457	13	3	0
458	13	4	0
460	13	3	0
463	13	3	0
468	13	4	0
470	13	4	0
474	13	5	0
486	13	4	0
497	13	2	0
500	13	5	0
501	13	4	0
503	13	3	0
508	13	4	0
514	13	3	0
518	13	4	0
521	13	2	0
524	13	4	0
533	13	3	0
537	13	4	0
540	13	4	0
542	13	4	0
543	13	3	0
548	13	1	0
551	13	1	0
552	13	3	0
554	13	2	0
555	13	5	0
560	13	3	0
561	13	3	0
569	13	3	0
572	13	4	0
590	13	4	0
591	13	4	0
592	13	5	0
596	13	2	0
615	13	4	0
634	13	4	0
635	13	2	0
637	13	1	0
642	13	4	0
648	13	3	0
654	13	1	0
655	13	3	0
659	13	4	0
662	13	4	0
663	13	3	0
666	13	4	0
668	13	4	0
676	13	1	0
689	13	1	0
699	13	4	0
707	13	4	0
716	13	2	0
722	13	2	0
733	13	3	0
735	13	4	0
742	13	4	0
747	13	3	0
758	13	5	0
763	13	3	0
764	13	2	0
769	13	4	0
773	13	4	0
790	13	3	0
792	13	4	0
794	13	4	0
805	13	3	0
823	13	5	0
829	13	4	0
833	13	2	0
834	13	2	0
837	13	4	0
844	13	3	0
847	13	3	0
854	13	3	0
864	13	4	0
869	13	3	0
870	13	4	0
881	13	4	0
883	13	4	0
887	13	1	0
889	13	4	0
894	13	4	0
895	13	5	0
901	13	1	0
903	13	5	0
924	13	3	0
934	13	5	0
936	13	4	0
1	14	5	0
2	14	4	0
6	14	5	0
13	14	4	0
14	14	3	0
15	14	4	0
18	14	5	0
23	14	4	0
26	14	3	0
43	14	2	0
59	14	5	0
62	14	4	0
63	14	4	0
71	14	5	0
82	14	4	0
85	14	4	0
89	14	4	0
90	14	5	0
93	14	4	0
95	14	5	0
106	14	4	0
108	14	5	0
121	14	5	0
123	14	5	0
128	14	5	0
131	14	5	0
136	14	5	0
138	14	3	0
144	14	4	0
150	14	4	0
151	14	5	0
161	14	4	0
174	14	5	0
181	14	1	0
184	14	4	0
189	14	5	0
195	14	4	0
199	14	4	0
207	14	4	0
209	14	3	0
226	14	5	0
227	14	4	0
232	14	4	0
233	14	4	0
234	14	3	0
239	14	5	0
243	14	3	0
252	14	4	0
257	14	5	0
264	14	4	0
266	14	4	0
276	14	4	0
286	14	4	0
293	14	3	0
296	14	4	0
299	14	4	0
305	14	4	0
306	14	5	0
310	14	5	0
312	14	5	0
316	14	4	0
318	14	4	0
321	14	3	0
324	14	5	0
327	14	4	0
334	14	3	0
342	14	5	0
344	14	5	0
345	14	4	0
354	14	4	0
360	14	5	0
361	14	4	0
370	14	3	0
376	14	4	0
378	14	5	0
381	14	5	0
382	14	3	0
383	14	5	0
397	14	3	0
401	14	3	0
406	14	4	0
409	14	5	0
413	14	5	0
416	14	4	0
419	14	5	0
420	14	5	0
424	14	4	0
437	14	5	0
439	14	5	0
442	14	1	0
449	14	3	0
452	14	3	0
455	14	3	0
456	14	5	0
457	14	4	0
458	14	5	0
460	14	5	0
463	14	1	0
473	14	4	0
474	14	5	0
484	14	4	0
486	14	5	0
491	14	2	0
498	14	4	0
503	14	3	0
514	14	3	0
518	14	3	0
523	14	5	0
524	14	5	0
525	14	3	0
527	14	2	0
533	14	3	0
535	14	3	0
537	14	4	0
543	14	4	0
548	14	1	0
552	14	4	0
554	14	4	0
558	14	4	0
561	14	3	0
569	14	4	0
572	14	4	0
585	14	4	0
590	14	5	0
592	14	5	0
594	14	4	0
595	14	5	0
605	14	5	0
614	14	3	0
615	14	5	0
624	14	5	0
634	14	3	0
639	14	5	0
640	14	4	0
648	14	2	0
654	14	2	0
655	14	3	0
664	14	4	0
677	14	1	0
678	14	3	0
680	14	5	0
699	14	3	0
704	14	3	0
707	14	3	0
731	14	3	0
733	14	5	0
742	14	5	0
745	14	3	0
747	14	3	0
758	14	5	0
764	14	4	0
765	14	5	0
768	14	5	0
770	14	5	0
773	14	5	0
794	14	5	0
798	14	2	0
806	14	3	0
821	14	4	0
825	14	3	0
828	14	4	0
829	14	2	0
840	14	5	0
854	14	4	0
857	14	4	0
861	14	4	0
874	14	4	0
877	14	5	0
878	14	5	0
881	14	1	0
883	14	3	0
884	14	4	0
894	14	4	0
909	14	4	0
912	14	5	0
916	14	5	0
919	14	4	0
930	14	4	0
931	14	4	0
932	14	4	0
936	14	4	0
937	14	4	0
940	14	3	0
1	20	4	0
15	20	3	0
58	20	1	0
62	20	4	0
63	20	3	0
90	20	4	0
115	20	3	0
116	20	3	0
144	20	4	0
158	20	4	0
181	20	1	0
184	20	4	0
189	20	5	0
201	20	2	0
214	20	4	0
224	20	1	0
234	20	4	0
244	20	4	0
286	20	4	0
292	20	2	0
296	20	5	0
297	20	4	0
299	20	3	0
321	20	3	0
334	20	4	0
343	20	5	0
349	20	5	0
354	20	5	0
373	20	2	0
381	20	5	0
387	20	4	0
406	20	3	0
417	20	2	0
455	20	3	0
457	20	5	0
458	20	4	0
460	20	4	0
463	20	5	0
473	20	3	0
477	20	4	0
483	20	2	0
486	20	3	0
503	20	5	0
533	20	5	0
537	20	3	0
540	20	4	0
558	20	5	0
566	20	4	0
585	20	4	0
592	20	4	0
655	20	3	0
680	20	4	0
699	20	4	0
733	20	5	0
745	20	1	0
758	20	4	0
825	20	2	0
828	20	2	0
829	20	3	0
837	20	4	0
854	20	2	0
857	20	3	0
861	20	4	0
874	20	3	0
878	20	2	0
883	20	4	0
886	20	2	0
894	20	5	0
896	20	1	0
901	20	1	0
919	20	1	0
936	20	5	0
1	93	5	0
7	93	5	0
10	93	4	0
14	93	3	0
46	93	4	0
49	93	5	0
52	93	4	0
64	93	2	0
76	93	4	0
78	93	4	0
79	93	2	0
81	93	3	0
89	93	2	0
92	93	4	0
94	93	4	0
115	93	3	0
119	93	4	0
130	93	5	0
144	93	1	0
150	93	4	0
151	93	5	0
157	93	3	0
160	93	5	0
176	93	5	0
181	93	1	0
184	93	4	0
195	93	3	0
198	93	3	0
199	93	4	0
201	93	5	0
203	93	4	0
214	93	4	0
216	93	4	0
222	93	2	0
227	93	5	0
234	93	3	0
243	93	2	0
249	93	4	0
264	93	5	0
269	93	3	0
270	93	5	0
277	93	4	0
291	93	4	0
294	93	4	0
299	93	2	0
303	93	5	0
314	93	1	0
315	93	5	0
323	93	4	0
325	93	4	0
327	93	4	0
334	93	4	0
342	93	4	0
345	93	4	0
354	93	4	0
363	93	4	0
379	93	3	0
385	93	3	0
387	93	5	0
399	93	3	0
406	93	4	0
416	93	4	0
422	93	4	0
429	93	4	0
432	93	2	0
439	93	4	0
445	93	1	0
453	93	2	0
463	93	4	0
467	93	4	0
470	93	4	0
478	93	4	0
486	93	4	0
490	93	4	0
500	93	4	0
501	93	4	0
527	93	4	0
534	93	1	0
537	93	3	0
560	93	3	0
561	93	4	0
582	93	5	0
592	93	4	0
606	93	4	0
608	93	4	0
618	93	3	0
624	93	5	0
634	93	5	0
637	93	3	0
655	93	3	0
662	93	5	0
707	93	5	0
735	93	2	0
747	93	4	0
758	93	5	0
770	93	5	0
773	93	3	0
789	93	4	0
805	93	5	0
833	93	4	0
838	93	3	0
839	93	4	0
847	93	1	0
854	93	5	0
864	93	3	0
880	93	4	0
889	93	3	0
894	93	4	0
911	93	4	0
919	93	5	0
936	93	5	0
937	93	4	0
1	116	3	0
10	116	4	0
13	116	5	0
14	116	5	0
18	116	5	0
23	116	5	0
25	116	4	0
26	116	2	0
49	116	4	0
52	116	4	0
58	116	5	0
59	116	4	0
62	116	3	0
63	116	5	0
79	116	5	0
81	116	3	0
92	116	3	0
98	116	5	0
99	116	2	0
113	116	3	0
116	116	3	0
125	116	4	0
136	116	5	0
138	116	2	0
144	116	4	0
148	116	5	0
158	116	5	0
181	116	1	0
184	116	4	0
185	116	4	0
187	116	5	0
196	116	3	0
199	116	5	0
201	116	1	0
227	116	4	0
234	116	2	0
239	116	5	0
243	116	4	0
250	116	4	0
257	116	3	0
264	116	4	0
268	116	4	0
271	116	2	0
279	116	1	0
286	116	5	0
297	116	4	0
303	116	5	0
306	116	5	0
308	116	4	0
310	116	5	0
321	116	3	0
334	116	4	0
343	116	5	0
354	116	5	0
360	116	3	0
363	116	4	0
370	116	3	0
374	116	1	0
379	116	4	0
387	116	3	0
402	116	3	0
409	116	4	0
420	116	4	0
437	116	3	0
458	116	4	0
463	116	5	0
464	116	4	0
468	116	4	0
473	116	5	0
474	116	5	0
483	116	3	0
491	116	5	0
500	116	4	0
503	116	5	0
514	116	4	0
523	116	5	0
524	116	4	0
527	116	4	0
535	116	3	0
537	116	3	0
558	116	5	0
561	116	4	0
585	116	3	0
590	116	5	0
591	116	4	0
592	116	4	0
634	116	3	0
639	116	3	0
651	116	2	0
654	116	4	0
655	116	2	0
666	116	4	0
699	116	4	0
707	116	5	0
710	116	4	0
711	116	5	0
728	116	4	0
733	116	4	0
747	116	4	0
758	116	5	0
762	116	1	0
790	116	4	0
794	116	5	0
798	116	3	0
825	116	3	0
828	116	4	0
829	116	4	0
857	116	5	0
861	116	4	0
864	116	4	0
869	116	4	0
874	116	4	0
878	116	2	0
883	116	5	0
884	116	4	0
891	116	3	0
894	116	4	0
905	116	3	0
909	116	5	0
919	116	3	0
930	116	5	0
931	116	4	0
936	116	4	0
937	116	4	0
940	116	2	0
1	124	5	0
6	124	5	0
10	124	5	0
13	124	5	0
14	124	5	0
23	124	5	0
31	124	4	0
43	124	4	0
50	124	1	0
58	124	5	0
69	124	4	0
72	124	4	0
74	124	3	0
79	124	5	0
81	124	3	0
85	124	5	0
92	124	4	0
99	124	2	0
104	124	2	0
108	124	4	0
113	124	3	0
115	124	5	0
116	124	3	0
119	124	4	0
121	124	5	0
131	124	5	0
132	124	4	0
136	124	5	0
142	124	4	0
144	124	4	0
150	124	2	0
151	124	5	0
156	124	3	0
158	124	4	0
160	124	4	0
172	124	4	0
174	124	5	0
177	124	3	0
178	124	4	0
181	124	1	0
184	124	5	0
189	124	5	0
194	124	4	0
201	124	3	0
227	124	4	0
234	124	4	0
239	124	5	0
249	124	5	0
252	124	5	0
266	124	4	0
267	124	5	0
268	124	4	0
269	124	5	0
271	124	4	0
276	124	5	0
277	124	3	0
279	124	3	0
291	124	5	0
292	124	4	0
293	124	4	0
296	124	5	0
297	124	4	0
303	124	4	0
308	124	4	0
312	124	3	0
321	124	3	0
329	124	5	0
331	124	4	0
334	124	5	0
336	124	1	0
339	124	4	0
342	124	4	0
343	124	4	0
344	124	5	0
345	124	5	0
354	124	5	0
360	124	5	0
365	124	4	0
374	124	3	0
379	124	5	0
381	124	5	0
383	124	4	0
389	124	4	0
390	124	4	0
398	124	5	0
402	124	4	0
406	124	4	0
413	124	5	0
416	124	4	0
420	124	5	0
421	124	4	0
422	124	3	0
425	124	2	0
429	124	4	0
430	124	5	0
437	124	5	0
452	124	5	0
454	124	4	0
455	124	4	0
458	124	4	0
460	124	4	0
463	124	5	0
467	124	5	0
468	124	5	0
470	124	3	0
473	124	4	0
474	124	5	0
478	124	4	0
486	124	5	0
490	124	4	0
491	124	5	0
492	124	4	0
493	124	3	0
498	124	3	0
501	124	4	0
503	124	5	0
518	124	3	0
524	124	5	0
525	124	3	0
527	124	4	0
537	124	4	0
539	124	4	0
558	124	4	0
561	124	3	0
567	124	4	0
569	124	5	0
571	124	4	0
572	124	5	0
576	124	4	0
582	124	4	0
590	124	5	0
592	124	5	0
605	124	3	0
606	124	3	0
618	124	1	0
624	124	4	0
634	124	3	0
637	124	3	0
641	124	4	0
654	124	4	0
655	124	3	0
663	124	3	0
666	124	3	0
667	124	5	0
668	124	3	0
672	124	3	0
682	124	2	0
696	124	5	0
697	124	5	0
699	124	4	0
701	124	5	0
707	124	4	0
722	124	4	0
728	124	3	0
733	124	5	0
735	124	5	0
742	124	4	0
745	124	5	0
747	124	5	0
758	124	5	0
789	124	4	0
792	124	4	0
817	124	4	0
823	124	4	0
825	124	3	0
829	124	4	0
838	124	4	0
854	124	5	0
864	124	5	0
870	124	4	0
874	124	4	0
880	124	5	0
883	124	5	0
889	124	4	0
894	124	5	0
896	124	4	0
900	124	4	0
905	124	4	0
906	124	4	0
908	124	3	0
910	124	3	0
919	124	3	0
936	124	4	0
937	124	4	0
941	124	5	0
942	124	4	0
943	124	3	0
1	129	5	0
10	129	4	0
21	129	4	0
24	129	3	0
26	129	4	0
49	129	2	0
59	129	5	0
62	129	3	0
69	129	3	0
72	129	4	0
73	129	4	0
74	129	3	0
75	129	3	0
76	129	3	0
92	129	4	0
144	129	4	0
150	129	4	0
158	129	5	0
160	129	4	0
176	129	3	0
177	129	3	0
181	129	2	0
189	129	3	0
201	129	4	0
207	129	3	0
209	129	2	0
216	129	4	0
221	129	5	0
227	129	5	0
233	129	3	0
243	129	2	0
249	129	5	0
250	129	4	0
252	129	4	0
257	129	4	0
268	129	2	0
277	129	4	0
279	129	1	0
291	129	5	0
293	129	3	0
297	129	4	0
299	129	4	0
303	129	5	0
305	129	3	0
308	129	5	0
320	129	4	0
327	129	4	0
329	129	3	0
334	129	4	0
342	129	5	0
344	129	4	0
352	129	5	0
361	129	4	0
372	129	4	0
374	129	5	0
381	129	4	0
385	129	3	0
387	129	5	0
392	129	4	0
403	129	4	0
406	129	5	0
421	129	5	0
422	129	4	0
429	129	4	0
430	129	5	0
437	129	1	0
442	129	4	0
456	129	3	0
458	129	4	0
460	129	3	0
463	129	2	0
470	129	3	0
473	129	4	0
486	129	4	0
491	129	4	0
500	129	4	0
501	129	4	0
518	129	5	0
524	129	5	0
527	129	2	0
534	129	4	0
535	129	5	0
537	129	3	0
543	129	4	0
555	129	4	0
592	129	5	0
595	129	3	0
606	129	3	0
634	129	4	0
643	129	5	0
655	129	3	0
658	129	3	0
663	129	3	0
666	129	4	0
677	129	5	0
697	129	5	0
699	129	4	0
709	129	2	0
733	129	2	0
747	129	5	0
757	129	3	0
758	129	4	0
770	129	5	0
789	129	5	0
792	129	4	0
793	129	4	0
817	129	4	0
829	129	4	0
831	129	2	0
833	129	3	0
839	129	4	0
851	129	4	0
854	129	3	0
881	129	4	0
883	129	5	0
886	129	5	0
889	129	5	0
892	129	3	0
894	129	4	0
896	129	4	0
900	129	4	0
903	129	3	0
905	129	4	0
906	129	4	0
907	129	5	0
919	129	5	0
923	129	5	0
924	129	4	0
936	129	4	0
1	137	5	0
6	137	5	0
10	137	4	0
13	137	5	0
15	137	4	0
17	137	4	0
18	137	5	0
43	137	4	0
58	137	5	0
59	137	5	0
63	137	4	0
74	137	3	0
75	137	4	0
76	137	5	0
79	137	4	0
89	137	1	0
90	137	5	0
95	137	3	0
108	137	5	0
115	137	5	0
116	137	2	0
119	137	5	0
121	137	5	0
131	137	1	0
132	137	4	0
136	137	5	0
138	137	5	0
144	137	4	0
151	137	5	0
154	137	3	0
156	137	4	0
157	137	5	0
158	137	5	0
160	137	4	0
167	137	5	0
181	137	2	0
184	137	5	0
187	137	5	0
189	137	4	0
198	137	4	0
201	137	4	0
207	137	3	0
214	137	4	0
227	137	5	0
228	137	1	0
234	137	3	0
239	137	5	0
243	137	3	0
249	137	4	0
257	137	4	0
264	137	3	0
269	137	4	0
271	137	4	0
277	137	3	0
279	137	4	0
286	137	4	0
293	137	3	0
295	137	4	0
296	137	4	0
297	137	5	0
299	137	4	0
303	137	4	0
312	137	3	0
315	137	5	0
318	137	4	0
325	137	5	0
329	137	5	0
334	137	2	0
342	137	2	0
343	137	4	0
344	137	5	0
345	137	4	0
347	137	2	0
354	137	3	0
360	137	5	0
363	137	5	0
365	137	3	0
370	137	4	0
374	137	2	0
379	137	5	0
382	137	2	0
383	137	5	0
401	137	3	0
402	137	4	0
416	137	3	0
420	137	4	0
422	137	5	0
429	137	5	0
430	137	3	0
433	137	5	0
437	137	5	0
449	137	5	0
457	137	5	0
458	137	5	0
460	137	5	0
463	137	2	0
468	137	4	0
470	137	3	0
473	137	4	0
474	137	5	0
478	137	4	0
479	137	4	0
486	137	4	0
490	137	3	0
492	137	4	0
498	137	3	0
503	137	5	0
506	137	2	0
514	137	3	0
535	137	4	0
537	137	4	0
538	137	3	0
558	137	4	0
560	137	4	0
566	137	5	0
576	137	3	0
581	137	5	0
590	137	5	0
592	137	5	0
605	137	5	0
607	137	4	0
624	137	4	0
629	137	5	0
634	137	3	0
639	137	3	0
650	137	3	0
654	137	4	0
655	137	4	0
658	137	3	0
664	137	3	0
666	137	4	0
667	137	3	0
668	137	3	0
680	137	4	0
699	137	4	0
707	137	5	0
711	137	5	0
719	137	1	0
723	137	3	0
733	137	5	0
737	137	5	0
748	137	3	0
758	137	5	0
763	137	4	0
765	137	5	0
771	137	4	0
785	137	2	0
789	137	2	0
794	137	5	0
805	137	5	0
825	137	2	0
840	137	5	0
864	137	4	0
874	137	4	0
878	137	3	0
880	137	4	0
883	137	5	0
888	137	4	0
889	137	4	0
894	137	5	0
900	137	3	0
905	137	3	0
910	137	3	0
916	137	5	0
918	137	5	0
919	137	2	0
930	137	2	0
931	137	3	0
936	137	4	0
937	137	3	0
940	137	3	0
1	150	5	0
13	150	5	0
17	150	5	0
26	150	3	0
58	150	4	0
63	150	4	0
69	150	5	0
70	150	3	0
74	150	3	0
76	150	5	0
79	150	3	0
81	150	3	0
85	150	3	0
89	150	5	0
90	150	3	0
104	150	5	0
117	150	4	0
125	150	1	0
130	150	5	0
138	150	3	0
139	150	4	0
145	150	5	0
150	150	3	0
157	150	5	0
160	150	4	0
176	150	4	0
177	150	4	0
181	150	1	0
182	150	3	0
189	150	4	0
201	150	4	0
203	150	5	0
207	150	3	0
216	150	5	0
221	150	5	0
222	150	3	0
226	150	4	0
227	150	3	0
232	150	3	0
239	150	5	0
264	150	5	0
274	150	5	0
276	150	4	0
279	150	3	0
285	150	5	0
292	150	4	0
293	150	3	0
296	150	1	0
299	150	5	0
301	150	4	0
303	150	5	0
306	150	5	0
314	150	4	0
322	150	4	0
323	150	4	0
324	150	4	0
327	150	4	0
334	150	4	0
339	150	4	0
342	150	3	0
343	150	4	0
345	150	5	0
357	150	4	0
361	150	2	0
363	150	5	0
365	150	5	0
373	150	4	0
374	150	4	0
381	150	4	0
382	150	2	0
406	150	4	0
412	150	4	0
416	150	5	0
429	150	5	0
432	150	5	0
442	150	4	0
445	150	2	0
447	150	4	0
456	150	4	0
463	150	2	0
467	150	4	0
468	150	5	0
470	150	5	0
472	150	3	0
473	150	5	0
474	150	5	0
478	150	4	0
484	150	4	0
486	150	3	0
487	150	5	0
490	150	5	0
493	150	5	0
496	150	2	0
498	150	3	0
501	150	5	0
508	150	5	0
514	150	3	0
524	150	2	0
526	150	2	0
533	150	3	0
534	150	3	0
537	150	3	0
540	150	3	0
542	150	2	0
551	150	3	0
555	150	4	0
557	150	3	0
590	150	5	0
592	150	5	0
606	150	4	0
608	150	3	0
618	150	2	0
624	150	4	0
632	150	2	0
634	150	3	0
635	150	3	0
637	150	1	0
640	150	4	0
643	150	5	0
655	150	3	0
663	150	5	0
669	150	3	0
677	150	3	0
680	150	5	0
682	150	4	0
689	150	4	0
697	150	5	0
708	150	4	0
715	150	4	0
717	150	4	0
723	150	3	0
733	150	2	0
758	150	5	0
774	150	1	0
778	150	3	0
789	150	5	0
793	150	4	0
794	150	4	0
795	150	3	0
805	150	5	0
806	150	4	0
823	150	4	0
831	150	3	0
833	150	3	0
834	150	5	0
854	150	3	0
867	150	5	0
868	150	5	0
874	150	4	0
880	150	4	0
886	150	4	0
889	150	5	0
892	150	5	0
905	150	4	0
916	150	4	0
917	150	5	0
940	150	3	0
1	221	5	0
6	221	4	0
10	221	4	0
17	221	2	0
18	221	5	0
85	221	2	0
89	221	1	0
90	221	4	0
116	221	4	0
131	221	3	0
144	221	3	0
150	221	4	0
158	221	2	0
174	221	4	0
177	221	3	0
181	221	1	0
184	221	5	0
199	221	4	0
201	221	3	0
214	221	5	0
216	221	4	0
224	221	2	0
227	221	4	0
234	221	2	0
239	221	5	0
243	221	5	0
257	221	3	0
271	221	3	0
277	221	4	0
296	221	5	0
303	221	5	0
321	221	5	0
331	221	4	0
334	221	5	0
345	221	5	0
354	221	4	0
358	221	5	0
385	221	5	0
397	221	4	0
430	221	5	0
437	221	5	0
445	221	1	0
450	221	4	0
460	221	4	0
463	221	5	0
470	221	4	0
474	221	4	0
486	221	4	0
492	221	3	0
501	221	3	0
503	221	5	0
524	221	4	0
533	221	3	0
535	221	3	0
537	221	3	0
567	221	5	0
581	221	2	0
590	221	4	0
592	221	5	0
594	221	4	0
634	221	1	0
655	221	3	0
699	221	4	0
707	221	4	0
733	221	4	0
758	221	3	0
773	221	2	0
794	221	4	0
840	221	4	0
894	221	4	0
906	221	4	0
916	221	4	0
919	221	4	0
936	221	4	0
1	246	5	0
6	246	3	0
26	246	4	0
27	246	4	0
32	246	4	0
50	246	3	0
58	246	5	0
63	246	3	0
69	246	5	0
73	246	3	0
77	246	5	0
79	246	5	0
85	246	4	0
89	246	5	0
92	246	4	0
94	246	4	0
99	246	3	0
104	246	3	0
113	246	5	0
116	246	5	0
130	246	4	0
139	246	4	0
145	246	4	0
150	246	5	0
174	246	5	0
176	246	5	0
178	246	4	0
189	246	4	0
193	246	3	0
212	246	5	0
214	246	2	0
221	246	5	0
222	246	4	0
232	246	4	0
243	246	4	0
244	246	5	0
268	246	5	0
269	246	5	0
276	246	4	0
287	246	4	0
291	246	5	0
294	246	4	0
296	246	4	0
303	246	5	0
305	246	3	0
314	246	5	0
323	246	4	0
327	246	4	0
334	246	4	0
342	246	4	0
344	246	4	0
345	246	4	0
347	246	4	0
354	246	4	0
359	246	3	0
367	246	4	0
376	246	3	0
387	246	3	0
392	246	5	0
399	246	3	0
416	246	4	0
417	246	4	0
432	246	4	0
433	246	4	0
435	246	5	0
439	246	4	0
445	246	1	0
453	246	5	0
463	246	4	0
467	246	5	0
468	246	5	0
470	246	2	0
473	246	5	0
486	246	3	0
490	246	2	0
496	246	4	0
500	246	5	0
503	246	5	0
521	246	4	0
542	246	3	0
557	246	5	0
560	246	5	0
567	246	4	0
578	246	2	0
582	246	4	0
592	246	5	0
595	246	4	0
620	246	4	0
624	246	4	0
635	246	5	0
637	246	2	0
643	246	5	0
654	246	1	0
655	246	3	0
662	246	5	0
669	246	4	0
682	246	5	0
697	246	5	0
699	246	4	0
717	246	5	0
727	246	4	0
730	246	4	0
736	246	4	0
762	246	1	0
770	246	5	0
778	246	2	0
782	246	3	0
790	246	4	0
819	246	4	0
828	246	2	0
834	246	4	0
854	246	3	0
870	246	3	0
880	246	5	0
889	246	4	0
893	246	3	0
894	246	4	0
902	246	1	0
912	246	2	0
916	246	5	0
917	246	4	0
919	246	3	0
928	246	5	0
936	246	4	0
1	248	4	0
6	248	3	0
15	248	1	0
26	248	3	0
32	248	4	0
43	248	4	0
57	248	5	0
58	248	4	0
66	248	4	0
71	248	3	0
83	248	3	0
92	248	4	0
94	248	4	0
102	248	3	0
104	248	2	0
109	248	2	0
116	248	3	0
130	248	3	0
131	248	3	0
141	248	3	0
144	248	4	0
160	248	5	0
164	248	4	0
174	248	5	0
178	248	4	0
189	248	4	0
198	248	3	0
203	248	5	0
207	248	3	0
214	248	4	0
222	248	4	0
223	248	1	0
249	248	5	0
250	248	2	0
251	248	4	0
268	248	3	0
271	248	4	0
276	248	4	0
279	248	4	0
286	248	5	0
287	248	5	0
292	248	4	0
293	248	3	0
294	248	5	0
296	248	5	0
297	248	3	0
299	248	5	0
303	248	2	0
308	248	4	0
318	248	3	0
320	248	5	0
323	248	3	0
324	248	5	0
329	248	3	0
334	248	4	0
339	248	4	0
342	248	3	0
344	248	4	0
345	248	5	0
354	248	4	0
360	248	4	0
363	248	5	0
374	248	1	0
378	248	3	0
387	248	4	0
392	248	4	0
393	248	4	0
401	248	3	0
407	248	4	0
416	248	5	0
417	248	4	0
422	248	3	0
429	248	5	0
430	248	3	0
432	248	4	0
437	248	2	0
445	248	1	0
447	248	5	0
449	248	4	0
453	248	4	0
454	248	3	0
457	248	4	0
460	248	4	0
463	248	3	0
464	248	5	0
467	248	3	0
468	248	4	0
470	248	3	0
474	248	4	0
479	248	4	0
484	248	4	0
486	248	4	0
487	248	1	0
497	248	4	0
501	248	4	0
503	248	4	0
504	248	4	0
506	248	2	0
521	248	3	0
525	248	4	0
526	248	4	0
532	248	4	0
548	248	4	0
552	248	4	0
555	248	4	0
567	248	4	0
569	248	4	0
576	248	4	0
590	248	4	0
592	248	4	0
606	248	5	0
622	248	4	0
624	248	4	0
625	248	4	0
634	248	4	0
653	248	3	0
654	248	2	0
655	248	2	0
665	248	4	0
666	248	3	0
669	248	4	0
680	248	4	0
682	248	3	0
683	248	4	0
684	248	3	0
707	248	4	0
711	248	5	0
715	248	4	0
716	248	4	0
726	248	2	0
727	248	5	0
730	248	3	0
733	248	3	0
736	248	4	0
751	248	5	0
757	248	4	0
758	248	4	0
765	248	2	0
768	248	3	0
782	248	4	0
789	248	3	0
790	248	4	0
793	248	4	0
794	248	4	0
796	248	3	0
805	248	4	0
819	248	5	0
825	248	4	0
851	248	4	0
870	248	4	0
880	248	4	0
889	248	4	0
894	248	4	0
896	248	4	0
903	248	2	0
907	248	5	0
917	248	4	0
923	248	4	0
936	248	4	0
938	248	1	0
2	275	5	0
6	275	4	0
7	275	4	0
10	275	4	0
13	275	3	0
14	275	4	0
15	275	4	0
18	275	5	0
23	275	5	0
24	275	5	0
25	275	4	0
43	275	4	0
52	275	4	0
58	275	5	0
60	275	4	0
62	275	4	0
64	275	4	0
68	275	5	0
79	275	4	0
81	275	4	0
82	275	2	0
85	275	3	0
89	275	5	0
90	275	5	0
93	275	4	0
95	275	3	0
99	275	1	0
106	275	4	0
108	275	5	0
116	275	2	0
119	275	5	0
121	275	4	0
123	275	4	0
125	275	5	0
128	275	5	0
131	275	2	0
132	275	3	0
136	275	4	0
145	275	2	0
151	275	5	0
152	275	4	0
158	275	5	0
168	275	3	0
178	275	5	0
181	275	3	0
184	275	5	0
185	275	4	0
187	275	5	0
189	275	5	0
201	275	4	0
211	275	2	0
214	275	3	0
226	275	3	0
228	275	3	0
232	275	2	0
233	275	5	0
235	275	5	0
236	275	3	0
242	275	5	0
243	275	3	0
249	275	4	0
251	275	4	0
252	275	5	0
257	275	4	0
262	275	4	0
264	275	5	0
266	275	5	0
270	275	5	0
271	275	4	0
274	275	5	0
279	275	3	0
286	275	4	0
293	275	3	0
296	275	4	0
297	275	5	0
298	275	3	0
299	275	4	0
304	275	4	0
305	275	2	0
306	275	4	0
308	275	4	0
310	275	5	0
311	275	4	0
312	275	5	0
316	275	5	0
318	275	4	0
321	275	4	0
324	275	4	0
327	275	4	0
328	275	4	0
330	275	5	0
334	275	4	0
336	275	4	0
338	275	5	0
343	275	5	0
344	275	4	0
354	275	4	0
357	275	5	0
360	275	4	0
361	275	4	0
365	275	4	0
373	275	5	0
376	275	5	0
378	275	5	0
389	275	5	0
390	275	5	0
393	275	4	0
401	275	4	0
402	275	5	0
406	275	3	0
409	275	4	0
413	275	5	0
416	275	5	0
419	275	5	0
420	275	5	0
422	275	5	0
424	275	5	0
429	275	4	0
434	275	3	0
437	275	5	0
444	275	4	0
450	275	4	0
452	275	4	0
454	275	2	0
455	275	4	0
457	275	5	0
458	275	5	0
459	275	4	0
460	275	3	0
463	275	5	0
465	275	4	0
468	275	4	0
473	275	5	0
474	275	3	0
477	275	5	0
483	275	4	0
484	275	3	0
486	275	4	0
492	275	2	0
493	275	1	0
498	275	3	0
499	275	3	0
500	275	1	0
503	275	5	0
514	275	5	0
517	275	5	0
524	275	3	0
527	275	3	0
530	275	5	0
533	275	4	0
535	275	4	0
536	275	5	0
537	275	4	0
538	275	4	0
539	275	4	0
548	275	3	0
550	275	4	0
553	275	5	0
554	275	4	0
558	275	4	0
560	275	4	0
573	275	4	0
576	275	3	0
581	275	3	0
585	275	4	0
588	275	3	0
590	275	4	0
591	275	4	0
593	275	3	0
595	275	4	0
597	275	4	0
605	275	4	0
607	275	4	0
608	275	5	0
610	275	4	0
612	275	5	0
615	275	4	0
618	275	3	0
623	275	5	0
624	275	4	0
629	275	5	0
632	275	3	0
634	275	3	0
636	275	3	0
637	275	3	0
639	275	4	0
648	275	5	0
649	275	2	0
652	275	4	0
654	275	5	0
655	275	4	0
662	275	4	0
667	275	4	0
672	275	5	0
678	275	2	0
694	275	4	0
698	275	4	0
699	275	3	0
701	275	5	0
703	275	4	0
705	275	5	0
707	275	4	0
711	275	5	0
716	275	5	0
727	275	3	0
733	275	3	0
734	275	4	0
735	275	4	0
741	275	4	0
745	275	1	0
756	275	3	0
759	275	4	0
761	275	4	0
763	275	5	0
764	275	4	0
765	275	4	0
768	275	4	0
770	275	5	0
771	275	5	0
779	275	4	0
780	275	4	0
786	275	4	0
790	275	4	0
791	275	5	0
794	275	4	0
796	275	4	0
798	275	4	0
800	275	4	0
821	275	5	0
825	275	3	0
828	275	3	0
829	275	4	0
834	275	3	0
837	275	4	0
838	275	5	0
843	275	3	0
854	275	4	0
857	275	5	0
859	275	3	0
861	275	5	0
864	275	4	0
869	275	4	0
871	275	3	0
874	275	4	0
877	275	4	0
878	275	4	0
882	275	5	0
883	275	4	0
884	275	4	0
894	275	4	0
895	275	5	0
896	275	4	0
899	275	4	0
901	275	3	0
902	275	4	0
904	275	5	0
907	275	5	0
909	275	5	0
918	275	4	0
919	275	5	0
921	275	1	0
924	275	4	0
930	275	4	0
931	275	5	0
936	275	4	0
937	275	4	0
938	275	4	0
939	275	4	0
2	283	5	0
10	283	4	0
14	283	4	0
15	283	4	0
18	283	5	0
23	283	4	0
26	283	3	0
42	283	3	0
43	283	2	0
49	283	3	0
58	283	1	0
62	283	4	0
63	283	4	0
79	283	4	0
81	283	4	0
82	283	2	0
85	283	3	0
89	283	4	0
93	283	4	0
104	283	4	0
125	283	5	0
128	283	5	0
136	283	4	0
152	283	4	0
157	283	4	0
158	283	5	0
178	283	5	0
181	283	3	0
182	283	2	0
184	283	5	0
189	283	5	0
202	283	3	0
203	283	5	0
226	283	2	0
234	283	3	0
242	283	4	0
243	283	3	0
248	283	1	0
249	283	5	0
256	283	3	0
262	283	3	0
264	283	5	0
266	283	3	0
270	283	5	0
271	283	4	0
279	283	3	0
293	283	2	0
297	283	4	0
299	283	3	0
303	283	3	0
306	283	3	0
308	283	3	0
314	283	4	0
316	283	5	0
321	283	3	0
324	283	3	0
330	283	5	0
334	283	4	0
343	283	4	0
344	283	4	0
345	283	4	0
354	283	4	0
357	283	5	0
360	283	4	0
361	283	4	0
363	283	2	0
378	283	4	0
381	283	5	0
385	283	2	0
389	283	5	0
390	283	4	0
393	283	3	0
398	283	3	0
409	283	4	0
413	283	5	0
416	283	5	0
420	283	5	0
429	283	3	0
434	283	3	0
437	283	1	0
440	283	5	0
450	283	3	0
454	283	3	0
458	283	5	0
460	283	3	0
463	283	5	0
465	283	3	0
468	283	4	0
470	283	5	0
474	283	3	0
478	283	4	0
479	283	4	0
481	283	5	0
483	283	5	0
500	283	2	0
503	283	5	0
514	283	4	0
517	283	4	0
520	283	4	0
526	283	3	0
527	283	4	0
533	283	3	0
535	283	4	0
536	283	3	0
537	283	4	0
548	283	3	0
558	283	3	0
569	283	4	0
573	283	4	0
581	283	2	0
585	283	4	0
588	283	4	0
591	283	4	0
592	283	4	0
593	283	4	0
597	283	5	0
608	283	4	0
610	283	3	0
615	283	4	0
618	283	3	0
622	283	4	0
623	283	4	0
625	283	3	0
634	283	2	0
636	283	3	0
637	283	2	0
639	283	4	0
654	283	5	0
655	283	3	0
667	283	4	0
668	283	5	0
697	283	5	0
698	283	2	0
699	283	4	0
705	283	5	0
707	283	4	0
708	283	1	0
711	283	4	0
716	283	4	0
727	283	2	0
731	283	4	0
733	283	3	0
734	283	5	0
735	283	2	0
741	283	4	0
761	283	4	0
763	283	4	0
765	283	4	0
771	283	4	0
786	283	4	0
790	283	2	0
796	283	3	0
798	283	5	0
825	283	2	0
828	283	3	0
837	283	5	0
838	283	5	0
854	283	3	0
855	283	3	0
857	283	5	0
860	283	4	0
864	283	5	0
878	283	3	0
880	283	3	0
883	283	4	0
894	283	3	0
895	283	4	0
899	283	4	0
906	283	4	0
907	283	4	0
919	283	4	0
924	283	4	0
930	283	4	0
931	283	4	0
935	283	4	0
937	283	4	0
939	283	5	0
2	285	5	0
6	285	3	0
7	285	5	0
10	285	5	0
13	285	5	0
14	285	5	0
15	285	4	0
18	285	5	0
43	285	4	0
52	285	5	0
59	285	4	0
62	285	4	0
63	285	3	0
71	285	3	0
73	285	4	0
74	285	3	0
79	285	5	0
90	285	5	0
104	285	4	0
106	285	4	0
116	285	4	0
123	285	5	0
131	285	5	0
132	285	4	0
138	285	4	0
144	285	4	0
158	285	5	0
160	285	4	0
176	285	5	0
181	285	2	0
184	285	5	0
185	285	5	0
196	285	5	0
199	285	4	0
201	285	4	0
209	285	5	0
214	285	5	0
227	285	4	0
234	285	4	0
235	285	4	0
243	285	5	0
257	285	5	0
266	285	4	0
269	285	5	0
271	285	4	0
277	285	4	0
286	285	1	0
291	285	4	0
292	285	4	0
293	285	5	0
296	285	5	0
299	285	5	0
305	285	5	0
306	285	4	0
308	285	5	0
315	285	5	0
318	285	4	0
324	285	4	0
327	285	4	0
334	285	4	0
344	285	5	0
345	285	5	0
349	285	5	0
354	285	5	0
360	285	5	0
361	285	4	0
365	285	4	0
370	285	3	0
378	285	4	0
379	285	5	0
383	285	5	0
385	285	5	0
389	285	5	0
392	285	3	0
406	285	5	0
409	285	4	0
416	285	2	0
420	285	5	0
439	285	5	0
449	285	5	0
452	285	3	0
454	285	2	0
457	285	5	0
458	285	4	0
460	285	4	0
461	285	4	0
463	285	4	0
468	285	4	0
470	285	3	0
473	285	4	0
474	285	5	0
486	285	5	0
491	285	5	0
492	285	4	0
500	285	3	0
503	285	4	0
523	285	5	0
524	285	3	0
526	285	5	0
527	285	5	0
535	285	4	0
537	285	4	0
539	285	4	0
555	285	5	0
558	285	5	0
561	285	4	0
581	285	5	0
590	285	5	0
591	285	5	0
592	285	5	0
593	285	2	0
609	285	5	0
624	285	5	0
634	285	4	0
637	285	3	0
639	285	1	0
641	285	5	0
651	285	4	0
655	285	4	0
662	285	5	0
664	285	5	0
667	285	5	0
678	285	3	0
680	285	5	0
692	285	3	0
696	285	4	0
699	285	4	0
701	285	5	0
707	285	5	0
717	285	5	0
719	285	4	0
728	285	4	0
733	285	4	0
735	285	4	0
745	285	1	0
747	285	5	0
758	285	5	0
765	285	5	0
786	285	3	0
794	285	5	0
825	285	3	0
835	285	4	0
837	285	4	0
839	285	5	0
840	285	4	0
854	285	4	0
860	285	5	0
874	285	4	0
878	285	5	0
883	285	5	0
884	285	4	0
891	285	5	0
894	285	4	0
906	285	5	0
917	285	4	0
919	285	5	0
924	285	4	0
932	285	4	0
936	285	4	0
937	285	4	0
939	285	5	0
940	285	4	0
2	287	3	0
13	287	1	0
18	287	4	0
49	287	4	0
52	287	5	0
59	287	5	0
63	287	3	0
90	287	4	0
104	287	2	0
119	287	4	0
131	287	4	0
151	287	4	0
181	287	2	0
184	287	4	0
185	287	5	0
192	287	4	0
196	287	3	0
224	287	3	0
227	287	4	0
234	287	3	0
244	287	3	0
296	287	4	0
303	287	4	0
305	287	3	0
306	287	4	0
321	287	3	0
334	287	3	0
342	287	3	0
345	287	4	0
354	287	3	0
357	287	4	0
365	287	4	0
378	287	2	0
416	287	4	0
422	287	3	0
434	287	5	0
436	287	4	0
437	287	2	0
450	287	4	0
457	287	4	0
458	287	4	0
486	287	4	0
500	287	3	0
569	287	4	0
590	287	4	0
592	287	3	0
601	287	1	0
606	287	4	0
608	287	3	0
609	287	5	0
614	287	3	0
634	287	3	0
655	287	3	0
663	287	5	0
665	287	4	0
678	287	3	0
692	287	3	0
697	287	4	0
707	287	4	0
717	287	5	0
728	287	4	0
733	287	3	0
747	287	4	0
758	287	5	0
834	287	2	0
835	287	4	0
854	287	3	0
859	287	5	0
860	287	3	0
869	287	2	0
880	287	4	0
894	287	4	0
901	287	3	0
906	287	5	0
907	287	4	0
917	287	4	0
919	287	4	0
936	287	4	0
2	293	4	0
6	293	3	0
26	293	3	0
76	293	4	0
94	293	4	0
104	293	3	0
130	293	5	0
131	293	3	0
141	293	2	0
144	293	4	0
145	293	4	0
150	293	4	0
157	293	5	0
158	293	4	0
159	293	4	0
160	293	5	0
164	293	4	0
174	293	5	0
176	293	5	0
178	293	4	0
182	293	3	0
207	293	2	0
209	293	4	0
222	293	3	0
227	293	5	0
233	293	4	0
250	293	4	0
259	293	4	0
262	293	2	0
265	293	4	0
267	293	4	0
269	293	3	0
276	293	4	0
277	293	4	0
291	293	5	0
293	293	4	0
294	293	4	0
296	293	5	0
297	293	3	0
303	293	4	0
308	293	4	0
323	293	4	0
324	293	4	0
327	293	3	0
330	293	3	0
332	293	4	0
334	293	3	0
339	293	5	0
342	293	4	0
345	293	4	0
346	293	3	0
347	293	5	0
363	293	4	0
385	293	3	0
387	293	4	0
392	293	4	0
416	293	5	0
417	293	4	0
422	293	3	0
423	293	4	0
425	293	4	0
429	293	4	0
430	293	3	0
432	293	5	0
433	293	3	0
439	293	3	0
445	293	3	0
447	293	4	0
449	293	4	0
454	293	4	0
455	293	4	0
458	293	5	0
460	293	4	0
464	293	5	0
467	293	4	0
468	293	5	0
470	293	4	0
473	293	4	0
474	293	4	0
484	293	5	0
486	293	3	0
487	293	5	0
490	293	2	0
498	293	4	0
501	293	4	0
503	293	4	0
514	293	3	0
525	293	3	0
526	293	5	0
533	293	3	0
540	293	4	0
542	293	3	0
548	293	4	0
567	293	5	0
582	293	5	0
590	293	3	0
592	293	5	0
593	293	1	0
595	293	4	0
597	293	5	0
605	293	3	0
606	293	5	0
614	293	3	0
619	293	3	0
621	293	3	0
624	293	4	0
634	293	3	0
637	293	3	0
644	293	4	0
653	293	3	0
655	293	4	0
665	293	4	0
666	293	3	0
682	293	4	0
703	293	4	0
707	293	4	0
709	293	4	0
716	293	4	0
717	293	5	0
719	293	3	0
733	293	4	0
735	293	3	0
736	293	4	0
749	293	4	0
754	293	4	0
758	293	3	0
761	293	4	0
774	293	1	0
782	293	2	0
789	293	4	0
793	293	4	0
796	293	5	0
825	293	3	0
833	293	4	0
834	293	3	0
854	293	5	0
858	293	3	0
859	293	4	0
880	293	4	0
894	293	4	0
903	293	4	0
910	293	4	0
919	293	4	0
923	293	4	0
931	293	4	0
937	293	4	0
938	293	3	0
