1	26	3	0
18	26	4	0
43	26	5	0
89	26	3	0
90	26	4	0
95	26	3	0
128	26	4	0
138	26	5	0
151	26	3	0
194	26	3	0
201	26	4	0
222	26	3	0
224	26	3	0
243	26	3	0
244	26	5	0
264	26	4	0
270	26	5	0
293	26	3	0
299	26	4	0
303	26	4	0
318	26	5	0
327	26	3	0
336	26	5	0
342	26	2	0
343	26	3	0
344	26	3	0
345	26	3	0
361	26	3	0
391	26	5	0
393	26	3	0
399	26	2	0
401	26	3	0
405	26	3	0
406	26	3	0
429	26	3	0
436	26	3	0
437	26	2	0
442	26	3	0
450	26	5	0
474	26	4	0
476	26	4	0
478	26	5	0
503	26	2	0
514	26	3	0
532	26	3	0
533	26	3	0
537	26	3	0
551	26	4	0
591	26	3	0
593	26	4	0
615	26	4	0
627	26	3	0
655	26	3	0
666	26	3	0
682	26	3	0
686	26	5	0
707	26	3	0
712	26	2	0
747	26	3	0
758	26	4	0
763	26	4	0
796	26	2	0
823	26	5	0
828	26	3	0
833	26	1	0
846	26	4	0
860	26	3	0
861	26	3	0
883	26	3	0
886	26	4	0
889	26	4	0
894	26	4	0
911	26	4	0
1	44	5	0
7	44	5	0
42	44	3	0
56	44	4	0
59	44	4	0
62	44	3	0
92	44	3	0
130	44	4	0
145	44	5	0
151	44	4	0
184	44	4	0
186	44	5	0
189	44	4	0
194	44	4	0
210	44	3	0
222	44	3	0
232	44	4	0
234	44	3	0
250	44	4	0
256	44	4	0
262	44	2	0
269	44	3	0
271	44	4	0
276	44	3	0
279	44	1	0
286	44	3	0
303	44	4	0
308	44	4	0
311	44	3	0
313	44	3	0
316	44	4	0
326	44	1	0
327	44	3	0
328	44	3	0
330	44	5	0
332	44	3	0
334	44	4	0
343	44	3	0
345	44	3	0
363	44	3	0
372	44	4	0
375	44	3	0
378	44	3	0
401	44	4	0
405	44	1	0
416	44	4	0
417	44	2	0
429	44	3	0
435	44	2	0
442	44	2	0
450	44	3	0
455	44	3	0
457	44	4	0
468	44	4	0
474	44	3	0
495	44	3	0
500	44	1	0
503	44	5	0
504	44	4	0
506	44	4	0
524	44	4	0
532	44	5	0
533	44	4	0
535	44	4	0
537	44	3	0
543	44	3	0
551	44	4	0
577	44	3	0
586	44	3	0
608	44	4	0
618	44	4	0
642	44	3	0
655	44	2	0
747	44	2	0
774	44	1	0
788	44	4	0
846	44	1	0
864	44	4	0
880	44	4	0
1	49	3	0
13	49	4	0
43	49	4	0
49	49	2	0
87	49	5	0
89	49	4	0
92	49	3	0
94	49	4	0
95	49	3	0
102	49	2	0
125	49	3	0
130	49	4	0
145	49	3	0
151	49	3	0
152	49	5	0
174	49	4	0
210	49	3	0
222	49	3	0
256	49	4	0
283	49	4	0
290	49	3	0
291	49	4	0
293	49	3	0
299	49	4	0
303	49	2	0
305	49	3	0
308	49	3	0
318	49	3	0
336	49	4	0
345	49	3	0
361	49	3	0
378	49	3	0
381	49	2	0
393	49	4	0
398	49	3	0
405	49	1	0
416	49	4	0
417	49	3	0
435	49	4	0
450	49	5	0
453	49	3	0
472	49	5	0
477	49	5	0
487	49	4	0
497	49	3	0
500	49	4	0
514	49	2	0
536	49	3	0
551	49	3	0
561	49	2	0
566	49	2	0
577	49	4	0
579	49	3	0
593	49	3	0
618	49	3	0
622	49	3	0
642	49	4	0
643	49	3	0
648	49	2	0
655	49	1	0
659	49	3	0
682	49	3	0
684	49	4	0
711	49	4	0
712	49	3	0
716	49	4	0
749	49	4	0
790	49	3	0
796	49	3	0
798	49	4	0
804	49	2	0
830	49	5	0
854	49	4	0
860	49	2	0
864	49	3	0
880	49	3	0
881	49	5	0
883	49	3	0
886	49	4	0
892	49	4	0
916	49	3	0
1	51	4	0
7	51	2	0
11	51	4	0
13	51	3	0
16	51	4	0
43	51	1	0
56	51	3	0
59	51	5	0
72	51	4	0
85	51	2	0
92	51	4	0
94	51	3	0
95	51	4	0
137	51	1	0
145	51	3	0
151	51	4	0
152	51	4	0
178	51	4	0
184	51	4	0
194	51	4	0
198	51	3	0
201	51	2	0
222	51	3	0
224	51	4	0
230	51	4	0
236	51	5	0
244	51	2	0
256	51	4	0
268	51	3	0
269	51	2	0
271	51	4	0
276	51	3	0
293	51	3	0
301	51	4	0
311	51	4	0
320	51	5	0
328	51	3	0
330	51	5	0
345	51	5	0
378	51	3	0
393	51	4	0
405	51	1	0
416	51	5	0
417	51	3	0
437	51	1	0
450	51	4	0
454	51	2	0
457	51	5	0
468	51	3	0
472	51	5	0
484	51	4	0
504	51	4	0
532	51	5	0
551	51	5	0
561	51	3	0
586	51	4	0
588	51	4	0
593	51	3	0
610	51	5	0
627	51	5	0
632	51	4	0
639	51	2	0
642	51	5	0
655	51	2	0
682	51	5	0
690	51	3	0
711	51	4	0
712	51	3	0
721	51	4	0
788	51	4	0
790	51	3	0
846	51	4	0
867	51	3	0
870	51	2	0
878	51	4	0
881	51	5	0
896	51	2	0
899	51	1	0
916	51	2	0
922	51	4	0
943	51	1	0
1	65	4	0
18	65	5	0
59	65	4	0
62	65	4	0
65	65	3	0
71	65	5	0
85	65	3	0
90	65	4	0
92	65	4	0
95	65	4	0
116	65	2	0
128	65	4	0
130	65	4	0
144	65	4	0
151	65	4	0
174	65	5	0
184	65	4	0
187	65	5	0
198	65	2	0
201	65	4	0
207	65	3	0
210	65	4	0
216	65	4	0
235	65	2	0
239	65	5	0
244	65	4	0
259	65	3	0
262	65	4	0
267	65	4	0
269	65	4	0
271	65	3	0
276	65	4	0
279	65	1	0
293	65	3	0
295	65	5	0
303	65	4	0
308	65	3	0
313	65	2	0
314	65	4	0
327	65	2	0
328	65	4	0
339	65	4	0
343	65	5	0
345	65	4	0
347	65	2	0
354	65	4	0
358	65	4	0
363	65	4	0
378	65	3	0
389	65	4	0
393	65	2	0
397	65	2	0
398	65	3	0
401	65	4	0
405	65	1	0
409	65	4	0
416	65	5	0
417	65	4	0
429	65	3	0
436	65	4	0
437	65	4	0
447	65	3	0
450	65	3	0
455	65	3	0
457	65	5	0
468	65	3	0
469	65	4	0
478	65	4	0
493	65	4	0
494	65	5	0
504	65	4	0
514	65	3	0
524	65	4	0
533	65	4	0
537	65	3	0
561	65	3	0
577	65	5	0
579	65	3	0
593	65	3	0
601	65	4	0
608	65	5	0
618	65	3	0
621	65	3	0
642	65	4	0
643	65	4	0
645	65	4	0
655	65	2	0
665	65	4	0
682	65	3	0
707	65	4	0
709	65	2	0
711	65	4	0
721	65	1	0
727	65	2	0
760	65	2	0
766	65	4	0
768	65	4	0
788	65	4	0
790	65	4	0
805	65	3	0
815	65	5	0
846	65	3	0
848	65	2	0
864	65	3	0
868	65	2	0
870	65	3	0
880	65	4	0
883	65	4	0
885	65	2	0
886	65	3	0
887	65	5	0
889	65	4	0
897	65	4	0
916	65	3	0
934	65	4	0
1	76	4	0
16	76	5	0
62	76	4	0
94	76	4	0
178	76	3	0
188	76	4	0
194	76	2	0
201	76	4	0
221	76	4	0
232	76	3	0
234	76	2	0
269	76	3	0
276	76	4	0
280	76	2	0
293	76	3	0
301	76	4	0
305	76	1	0
311	76	4	0
328	76	3	0
339	76	3	0
343	76	4	0
346	76	4	0
347	76	5	0
387	76	3	0
391	76	3	0
405	76	3	0
435	76	3	0
450	76	3	0
452	76	4	0
454	76	1	0
458	76	4	0
474	76	4	0
487	76	4	0
524	76	4	0
537	76	3	0
551	76	4	0
586	76	5	0
608	76	4	0
627	76	3	0
653	76	3	0
655	76	3	0
659	76	4	0
682	76	3	0
758	76	3	0
788	76	3	0
806	76	3	0
833	76	2	0
846	76	4	0
886	76	4	0
892	76	4	0
896	76	3	0
897	76	4	0
916	76	3	0
943	76	4	0
1	87	5	0
6	87	4	0
13	87	5	0
16	87	4	0
20	87	5	0
42	87	4	0
44	87	5	0
56	87	4	0
59	87	4	0
64	87	4	0
65	87	5	0
72	87	4	0
80	87	4	0
82	87	3	0
84	87	5	0
85	87	4	0
87	87	4	0
92	87	3	0
96	87	4	0
119	87	5	0
125	87	5	0
144	87	5	0
151	87	4	0
174	87	5	0
177	87	4	0
178	87	4	0
194	87	4	0
201	87	3	0
207	87	4	0
212	87	5	0
215	87	5	0
222	87	3	0
228	87	1	0
234	87	3	0
235	87	4	0
253	87	5	0
263	87	4	0
271	87	3	0
279	87	1	0
293	87	4	0
303	87	3	0
305	87	1	0
308	87	4	0
321	87	3	0
327	87	3	0
343	87	4	0
344	87	4	0
345	87	5	0
347	87	3	0
354	87	3	0
363	87	3	0
374	87	5	0
378	87	4	0
385	87	3	0
389	87	5	0
393	87	4	0
398	87	4	0
405	87	1	0
406	87	3	0
409	87	3	0
416	87	5	0
421	87	4	0
429	87	3	0
437	87	3	0
445	87	3	0
450	87	5	0
454	87	4	0
455	87	3	0
465	87	4	0
466	87	3	0
474	87	4	0
484	87	5	0
487	87	5	0
488	87	5	0
496	87	5	0
497	87	3	0
499	87	4	0
514	87	5	0
521	87	3	0
527	87	3	0
532	87	5	0
533	87	4	0
535	87	5	0
536	87	3	0
537	87	3	0
542	87	3	0
554	87	4	0
555	87	4	0
559	87	4	0
561	87	3	0
577	87	5	0
592	87	4	0
601	87	4	0
606	87	4	0
615	87	4	0
618	87	3	0
621	87	5	0
629	87	5	0
639	87	3	0
643	87	5	0
645	87	4	0
653	87	4	0
654	87	4	0
655	87	3	0
660	87	2	0
682	87	5	0
715	87	4	0
719	87	2	0
721	87	3	0
727	87	4	0
747	87	5	0
749	87	4	0
751	87	5	0
763	87	2	0
781	87	4	0
796	87	5	0
798	87	3	0
804	87	4	0
815	87	5	0
823	87	5	0
830	87	4	0
838	87	4	0
846	87	4	0
854	87	4	0
864	87	5	0
870	87	5	0
880	87	4	0
886	87	4	0
887	87	5	0
889	87	4	0
892	87	5	0
896	87	4	0
902	87	4	0
903	87	4	0
911	87	5	0
916	87	3	0
921	87	2	0
933	87	4	0
1	128	4	0
13	128	1	0
22	128	5	0
60	128	3	0
62	128	2	0
70	128	4	0
87	128	3	0
95	128	3	0
130	128	4	0
158	128	2	0
198	128	3	0
201	128	2	0
221	128	3	0
267	128	5	0
268	128	3	0
276	128	4	0
279	128	5	0
280	128	3	0
291	128	4	0
297	128	4	0
301	128	5	0
303	128	4	0
346	128	2	0
363	128	5	0
385	128	5	0
393	128	3	0
394	128	3	0
399	128	3	0
429	128	3	0
435	128	3	0
466	128	2	0
487	128	5	0
497	128	4	0
522	128	4	0
551	128	4	0
621	128	4	0
633	128	3	0
638	128	3	0
643	128	3	0
653	128	3	0
654	128	5	0
655	128	3	0
682	128	4	0
715	128	3	0
727	128	4	0
738	128	4	0
746	128	3	0
757	128	3	0
758	128	4	0
771	128	2	0
804	128	5	0
805	128	5	0
806	128	3	0
823	128	2	0
833	128	3	0
838	128	4	0
851	128	4	0
864	128	4	0
868	128	5	0
880	128	3	0
886	128	4	0
887	128	5	0
889	128	5	0
896	128	4	0
921	128	1	0
1	140	1	0
7	140	5	0
38	140	5	0
43	140	4	0
59	140	1	0
82	140	3	0
95	140	3	0
128	140	4	0
148	140	1	0
174	140	4	0
200	140	4	0
222	140	1	0
230	140	3	0
234	140	2	0
250	140	3	0
254	140	4	0
262	140	2	0
280	140	4	0
291	140	4	0
318	140	4	0
399	140	4	0
405	140	3	0
416	140	4	0
429	140	1	0
450	140	3	0
454	140	3	0
471	140	5	0
472	140	3	0
487	140	3	0
495	140	5	0
505	140	4	0
506	140	3	0
537	140	2	0
541	140	5	0
577	140	4	0
592	140	3	0
593	140	4	0
601	140	1	0
620	140	4	0
642	140	3	0
650	140	2	0
661	140	3	0
707	140	2	0
712	140	4	0
731	140	2	0
749	140	3	0
764	140	3	0
798	140	4	0
805	140	3	0
807	140	3	0
823	140	3	0
846	140	4	0
864	140	3	0
878	140	2	0
880	140	4	0
881	140	2	0
882	140	3	0
887	140	5	0
897	140	3	0
901	140	4	0
919	140	5	0
1	141	3	0
7	141	5	0
13	141	2	0
25	141	4	0
42	141	3	0
59	141	4	0
60	141	3	0
64	141	4	0
85	141	3	0
90	141	5	0
95	141	4	0
200	141	4	0
230	141	4	0
234	141	3	0
254	141	3	0
263	141	5	0
267	141	4	0
268	141	3	0
271	141	4	0
276	141	4	0
290	141	4	0
303	141	3	0
308	141	3	0
311	141	4	0
313	141	4	0
326	141	3	0
346	141	4	0
378	141	3	0
379	141	4	0
393	141	2	0
394	141	3	0
405	141	2	0
417	141	3	0
429	141	3	0
435	141	2	0
450	141	3	0
472	141	4	0
474	141	4	0
484	141	4	0
496	141	3	0
497	141	3	0
504	141	3	0
536	141	4	0
537	141	3	0
561	141	2	0
562	141	4	0
601	141	4	0
642	141	4	0
650	141	4	0
694	141	5	0
712	141	3	0
716	141	4	0
738	141	3	0
749	141	4	0
756	141	3	0
758	141	4	0
767	141	4	0
788	141	3	0
804	141	3	0
805	141	2	0
807	141	3	0
815	141	4	0
823	141	4	0
843	141	4	0
846	141	4	0
847	141	3	0
848	141	4	0
862	141	4	0
881	141	3	0
896	141	3	0
897	141	4	0
932	141	4	0
1	160	4	0
10	160	4	0
13	160	4	0
16	160	4	0
60	160	4	0
64	160	4	0
85	160	3	0
92	160	4	0
94	160	4	0
144	160	2	0
151	160	4	0
160	160	5	0
174	160	5	0
177	160	4	0
184	160	3	0
185	160	1	0
194	160	2	0
201	160	5	0
207	160	2	0
210	160	4	0
222	160	1	0
234	160	2	0
269	160	2	0
276	160	4	0
293	160	4	0
297	160	1	0
301	160	2	0
303	160	4	0
305	160	4	0
308	160	4	0
318	160	3	0
327	160	4	0
331	160	5	0
334	160	4	0
339	160	5	0
342	160	3	0
378	160	2	0
385	160	4	0
389	160	4	0
435	160	5	0
457	160	4	0
468	160	3	0
478	160	2	0
487	160	4	0
498	160	5	0
543	160	3	0
561	160	3	0
586	160	4	0
615	160	3	0
629	160	4	0
650	160	3	0
653	160	3	0
655	160	3	0
664	160	3	0
707	160	5	0
716	160	2	0
737	160	4	0
749	160	3	0
804	160	4	0
823	160	4	0
833	160	5	0
835	160	3	0
851	160	5	0
868	160	4	0
886	160	1	0
889	160	4	0
896	160	3	0
916	160	3	0
933	160	3	0
1	162	4	0
5	162	1	0
7	162	5	0
10	162	4	0
18	162	4	0
23	162	3	0
38	162	5	0
60	162	4	0
62	162	4	0
64	162	3	0
85	162	2	0
90	162	5	0
106	162	5	0
109	162	2	0
151	162	5	0
152	162	5	0
161	162	2	0
174	162	5	0
188	162	4	0
189	162	3	0
194	162	3	0
222	162	2	0
224	162	4	0
230	162	4	0
234	162	3	0
239	162	5	0
243	162	4	0
244	162	4	0
254	162	3	0
263	162	5	0
269	162	3	0
275	162	3	0
280	162	3	0
290	162	3	0
293	162	3	0
295	162	4	0
301	162	3	0
308	162	4	0
313	162	3	0
316	162	3	0
318	162	5	0
328	162	4	0
354	162	3	0
373	162	3	0
374	162	2	0
378	162	4	0
398	162	5	0
401	162	5	0
407	162	4	0
409	162	4	0
417	162	3	0
429	162	4	0
435	162	1	0
437	162	4	0
450	162	5	0
452	162	3	0
454	162	3	0
457	162	5	0
488	162	3	0
495	162	3	0
504	162	4	0
535	162	3	0
538	162	3	0
551	162	5	0
561	162	3	0
568	162	2	0
573	162	4	0
588	162	5	0
593	162	5	0
608	162	3	0
610	162	5	0
622	162	3	0
627	162	3	0
629	162	5	0
639	162	3	0
643	162	3	0
650	162	3	0
655	162	3	0
659	162	3	0
664	162	4	0
666	162	4	0
693	162	3	0
707	162	5	0
711	162	5	0
716	162	4	0
719	162	4	0
721	162	2	0
734	162	3	0
747	162	5	0
749	162	3	0
760	162	3	0
763	162	4	0
788	162	3	0
798	162	3	0
804	162	2	0
805	162	2	0
806	162	3	0
835	162	5	0
843	162	2	0
848	162	2	0
850	162	3	0
868	162	3	0
890	162	4	0
892	162	4	0
932	162	4	0
934	162	3	0
1	163	4	0
5	163	5	0
7	163	4	0
13	163	3	0
22	163	1	0
44	163	4	0
60	163	4	0
85	163	3	0
87	163	4	0
98	163	3	0
102	163	2	0
125	163	5	0
148	163	4	0
151	163	4	0
158	163	4	0
210	163	3	0
234	163	3	0
254	163	2	0
263	163	5	0
268	163	2	0
269	163	2	0
279	163	5	0
293	163	4	0
301	163	3	0
305	163	3	0
307	163	3	0
308	163	4	0
313	163	2	0
315	163	3	0
334	163	4	0
339	163	4	0
343	163	5	0
347	163	4	0
363	163	3	0
373	163	4	0
379	163	4	0
380	163	2	0
395	163	5	0
398	163	3	0
406	163	3	0
407	163	3	0
417	163	4	0
429	163	4	0
435	163	3	0
450	163	4	0
452	163	4	0
481	163	4	0
495	163	5	0
497	163	2	0
504	163	4	0
508	163	3	0
521	163	3	0
523	163	5	0
530	163	3	0
536	163	5	0
539	163	4	0
543	163	4	0
559	163	4	0
561	163	3	0
566	163	5	0
593	163	4	0
601	163	4	0
608	163	1	0
623	163	3	0
643	163	4	0
650	163	3	0
653	163	4	0
660	163	2	0
666	163	3	0
682	163	3	0
690	163	3	0
694	163	4	0
707	163	2	0
716	163	4	0
727	163	4	0
747	163	4	0
758	163	5	0
767	163	4	0
798	163	3	0
804	163	3	0
815	163	4	0
833	163	3	0
836	163	5	0
840	163	4	0
848	163	5	0
864	163	4	0
890	163	3	0
911	163	4	0
916	163	3	0
932	163	4	0
933	163	2	0
934	163	4	0
1	201	3	0
7	201	2	0
9	201	5	0
13	201	1	0
19	201	3	0
21	201	5	0
22	201	4	0
28	201	3	0
44	201	2	0
56	201	4	0
59	201	4	0
77	201	4	0
87	201	2	0
92	201	3	0
94	201	4	0
99	201	3	0
102	201	2	0
118	201	5	0
125	201	3	0
160	201	5	0
180	201	2	0
198	201	3	0
201	201	4	0
216	201	3	0
246	201	5	0
264	201	5	0
268	201	3	0
272	201	3	0
276	201	5	0
279	201	5	0
287	201	5	0
297	201	4	0
301	201	4	0
303	201	5	0
305	201	3	0
308	201	5	0
327	201	5	0
363	201	2	0
366	201	5	0
367	201	5	0
368	201	5	0
372	201	2	0
385	201	4	0
387	201	5	0
405	201	1	0
407	201	4	0
409	201	1	0
417	201	4	0
422	201	4	0
425	201	3	0
429	201	3	0
435	201	4	0
447	201	2	0
452	201	1	0
476	201	4	0
479	201	4	0
493	201	5	0
495	201	2	0
527	201	3	0
537	201	3	0
560	201	3	0
561	201	3	0
592	201	5	0
601	201	5	0
604	201	3	0
606	201	4	0
617	201	1	0
632	201	4	0
640	201	4	0
658	201	3	0
660	201	3	0
671	201	3	0
682	201	4	0
727	201	4	0
761	201	2	0
774	201	2	0
795	201	4	0
802	201	4	0
814	201	2	0
833	201	4	0
862	201	3	0
864	201	5	0
868	201	2	0
880	201	4	0
886	201	3	0
896	201	3	0
897	201	5	0
919	201	4	0
943	201	5	0
1	241	4	0
5	241	1	0
7	241	4	0
8	241	4	0
11	241	4	0
13	241	3	0
18	241	3	0
22	241	3	0
43	241	4	0
59	241	4	0
62	241	1	0
64	241	3	0
72	241	4	0
82	241	3	0
85	241	3	0
90	241	5	0
92	241	3	0
94	241	4	0
95	241	3	0
102	241	3	0
151	241	3	0
152	241	4	0
158	241	4	0
167	241	5	0
178	241	5	0
183	241	4	0
184	241	3	0
187	241	3	0
189	241	3	0
194	241	2	0
197	241	3	0
198	241	3	0
200	241	4	0
201	241	2	0
207	241	3	0
222	241	3	0
234	241	2	0
244	241	4	0
249	241	5	0
254	241	4	0
268	241	3	0
269	241	1	0
270	241	5	0
271	241	3	0
276	241	4	0
280	241	2	0
295	241	5	0
299	241	3	0
301	241	3	0
303	241	4	0
308	241	4	0
311	241	3	0
312	241	3	0
320	241	4	0
326	241	3	0
328	241	5	0
339	241	4	0
343	241	3	0
345	241	4	0
346	241	4	0
347	241	3	0
354	241	3	0
373	241	5	0
374	241	5	0
378	241	4	0
380	241	2	0
387	241	1	0
393	241	4	0
399	241	4	0
405	241	1	0
416	241	5	0
425	241	2	0
429	241	3	0
450	241	4	0
455	241	4	0
457	241	3	0
466	241	5	0
479	241	3	0
484	241	3	0
503	241	5	0
506	241	2	0
521	241	4	0
524	241	5	0
532	241	5	0
537	241	3	0
551	241	4	0
561	241	2	0
577	241	5	0
586	241	4	0
593	241	5	0
600	241	5	0
601	241	4	0
606	241	3	0
618	241	4	0
619	241	5	0
621	241	4	0
627	241	4	0
629	241	5	0
638	241	3	0
659	241	3	0
671	241	5	0
679	241	3	0
682	241	4	0
694	241	3	0
705	241	4	0
711	241	4	0
716	241	3	0
741	241	4	0
757	241	3	0
758	241	3	0
771	241	1	0
774	241	4	0
776	241	1	0
788	241	5	0
790	241	5	0
805	241	2	0
826	241	4	0
830	241	4	0
844	241	4	0
846	241	4	0
848	241	5	0
871	241	3	0
877	241	4	0
883	241	4	0
886	241	4	0
896	241	5	0
916	241	4	0
933	241	2	0
4	356	3	0
7	356	4	0
11	356	4	0
38	356	2	0
64	356	3	0
65	356	5	0
72	356	4	0
83	356	4	0
90	356	4	0
92	356	3	0
94	356	4	0
95	356	4	0
109	356	4	0
130	356	4	0
145	356	4	0
151	356	2	0
180	356	3	0
183	356	3	0
186	356	5	0
188	356	4	0
194	356	2	0
198	356	3	0
216	356	3	0
222	356	4	0
224	356	4	0
246	356	2	0
256	356	3	0
270	356	3	0
271	356	4	0
276	356	3	0
291	356	4	0
293	356	3	0
298	356	3	0
308	356	3	0
311	356	4	0
318	356	4	0
328	356	3	0
332	356	3	0
345	356	3	0
347	356	5	0
374	356	3	0
375	356	4	0
378	356	4	0
380	356	2	0
393	356	3	0
399	356	3	0
401	356	4	0
405	356	5	0
416	356	5	0
429	356	3	0
450	356	4	0
453	356	2	0
454	356	1	0
457	356	4	0
472	356	3	0
474	356	5	0
479	356	3	0
487	356	4	0
496	356	2	0
503	356	4	0
504	356	4	0
506	356	3	0
533	356	4	0
551	356	4	0
561	356	1	0
577	356	4	0
586	356	4	0
588	356	4	0
618	356	2	0
632	356	4	0
639	356	2	0
642	356	4	0
643	356	4	0
653	356	1	0
655	356	3	0
659	356	3	0
664	356	3	0
671	356	3	0
682	356	3	0
694	356	4	0
727	356	3	0
749	356	4	0
758	356	2	0
764	356	4	0
788	356	4	0
796	356	4	0
798	356	3	0
823	356	3	0
864	356	4	0
880	356	4	0
881	356	3	0
885	356	3	0
896	356	3	0
899	356	2	0
907	356	4	0
916	356	3	0
943	356	4	0
5	365	1	0
7	365	4	0
11	365	3	0
62	365	2	0
65	365	3	0
94	365	3	0
109	365	4	0
200	365	5	0
222	365	4	0
224	365	3	0
244	365	2	0
262	365	4	0
269	365	2	0
276	365	3	0
291	365	3	0
308	365	3	0
311	365	4	0
314	365	3	0
345	365	2	0
346	365	1	0
378	365	2	0
393	365	3	0
395	365	5	0
401	365	4	0
405	365	1	0
417	365	4	0
429	365	2	0
472	365	4	0
483	365	2	0
551	365	5	0
577	365	5	0
588	365	5	0
601	365	3	0
642	365	4	0
682	365	3	0
684	365	4	0
711	365	3	0
712	365	3	0
749	365	3	0
760	365	5	0
774	365	2	0
790	365	4	0
798	365	3	0
804	365	4	0
846	365	2	0
880	365	2	0
885	365	3	0
887	365	5	0
5	366	3	0
60	366	4	0
94	366	3	0
95	366	4	0
110	366	3	0
130	366	5	0
193	366	4	0
194	366	2	0
195	366	3	0
201	366	2	0
222	366	4	0
224	366	3	0
276	366	3	0
291	366	3	0
293	366	2	0
303	366	3	0
311	366	5	0
314	366	4	0
346	366	2	0
363	366	2	0
373	366	4	0
393	366	4	0
399	366	3	0
405	366	3	0
416	366	4	0
429	366	3	0
435	366	2	0
450	366	3	0
456	366	2	0
457	366	4	0
472	366	4	0
487	366	3	0
551	366	5	0
588	366	5	0
593	366	4	0
642	366	4	0
653	366	2	0
660	366	1	0
682	366	4	0
712	366	5	0
727	366	3	0
749	366	4	0
766	366	3	0
804	366	4	0
880	366	2	0
907	366	5	0
916	366	3	0
5	371	1	0
9	371	5	0
10	371	4	0
13	371	3	0
42	371	4	0
43	371	4	0
59	371	4	0
83	371	3	0
95	371	2	0
128	371	1	0
151	371	4	0
152	371	4	0
174	371	5	0
184	371	5	0
194	371	3	0
208	371	5	0
230	371	4	0
233	371	5	0
234	371	3	0
269	371	5	0
271	371	5	0
293	371	2	0
295	371	4	0
308	371	3	0
311	371	5	0
328	371	4	0
334	371	2	0
337	371	4	0
343	371	2	0
347	371	1	0
389	371	4	0
401	371	3	0
405	371	1	0
407	371	2	0
429	371	2	0
450	371	3	0
452	371	3	0
454	371	3	0
457	371	4	0
500	371	4	0
504	371	3	0
533	371	3	0
537	371	3	0
543	371	5	0
561	371	1	0
593	371	3	0
605	371	5	0
618	371	3	0
639	371	1	0
650	371	2	0
653	371	1	0
655	371	3	0
684	371	2	0
707	371	3	0
727	371	2	0
764	371	3	0
788	371	3	0
796	371	5	0
805	371	1	0
835	371	5	0
877	371	5	0
878	371	3	0
886	371	1	0
896	371	2	0
897	371	2	0
914	371	4	0
922	371	3	0
5	378	1	0
7	378	5	0
18	378	3	0
20	378	3	0
44	378	3	0
60	378	4	0
65	378	5	0
85	378	4	0
95	378	4	0
122	378	4	0
128	378	5	0
151	378	4	0
184	378	4	0
189	378	4	0
200	378	5	0
222	378	1	0
224	378	4	0
230	378	5	0
233	378	4	0
234	378	4	0
250	378	4	0
254	378	3	0
263	378	5	0
269	378	3	0
271	378	4	0
290	378	3	0
295	378	4	0
299	378	3	0
308	378	3	0
311	378	5	0
314	378	5	0
318	378	4	0
326	378	4	0
340	378	5	0
342	378	4	0
345	378	4	0
373	378	5	0
381	378	4	0
385	378	1	0
389	378	5	0
391	378	3	0
393	378	4	0
395	378	5	0
399	378	3	0
405	378	4	0
416	378	5	0
429	378	3	0
437	378	4	0
450	378	5	0
454	378	3	0
457	378	4	0
472	378	4	0
474	378	4	0
487	378	5	0
495	378	5	0
496	378	1	0
505	378	5	0
508	378	5	0
533	378	4	0
536	378	5	0
537	378	2	0
541	378	5	0
545	378	3	0
553	378	3	0
554	378	4	0
566	378	4	0
588	378	3	0
601	378	2	0
610	378	5	0
618	378	4	0
642	378	3	0
650	378	3	0
653	378	3	0
655	378	1	0
665	378	3	0
682	378	3	0
693	378	2	0
694	378	3	0
707	378	3	0
711	378	4	0
712	378	4	0
719	378	4	0
727	378	3	0
731	378	1	0
749	378	5	0
766	378	4	0
790	378	3	0
796	378	4	0
798	378	4	0
804	378	4	0
833	378	3	0
835	378	4	0
843	378	2	0
846	378	4	0
868	378	2	0
870	378	3	0
882	378	5	0
887	378	5	0
892	378	4	0
897	378	5	0
901	378	5	0
5	387	3	0
7	387	3	0
13	387	3	0
18	387	4	0
23	387	3	0
42	387	3	0
59	387	3	0
62	387	2	0
89	387	5	0
90	387	5	0
122	387	5	0
128	387	2	0
151	387	5	0
184	387	4	0
194	387	2	0
195	387	4	0
201	387	2	0
224	387	4	0
243	387	4	0
256	387	4	0
269	387	3	0
270	387	5	0
276	387	3	0
280	387	4	0
299	387	2	0
301	387	3	0
303	387	5	0
311	387	4	0
334	387	4	0
343	387	4	0
345	387	4	0
354	387	4	0
361	387	3	0
363	387	1	0
378	387	4	0
405	387	1	0
416	387	3	0
429	387	4	0
437	387	2	0
450	387	5	0
454	387	2	0
458	387	4	0
500	387	2	0
503	387	4	0
536	387	3	0
537	387	4	0
566	387	4	0
567	387	4	0
601	387	3	0
615	387	3	0
627	387	2	0
639	387	3	0
655	387	3	0
659	387	4	0
707	387	4	0
711	387	4	0
716	387	4	0
758	387	2	0
796	387	3	0
805	387	3	0
846	387	3	0
883	387	5	0
896	387	2	0
914	387	3	0
916	387	4	0
5	392	2	0
12	392	4	0
18	392	3	0
38	392	5	0
56	392	4	0
59	392	2	0
64	392	3	0
65	392	5	0
94	392	3	0
95	392	3	0
109	392	3	0
119	392	4	0
128	392	3	0
130	392	4	0
167	392	1	0
188	392	5	0
200	392	5	0
210	392	3	0
222	392	4	0
224	392	4	0
271	392	3	0
276	392	3	0
280	392	5	0
308	392	4	0
311	392	5	0
337	392	5	0
346	392	3	0
347	392	2	0
373	392	4	0
378	392	3	0
393	392	4	0
405	392	5	0
416	392	5	0
417	392	3	0
429	392	3	0
435	392	3	0
436	392	4	0
450	392	4	0
454	392	2	0
472	392	4	0
478	392	2	0
484	392	4	0
487	392	4	0
495	392	5	0
504	392	5	0
514	392	4	0
521	392	3	0
537	392	2	0
566	392	4	0
593	392	3	0
618	392	3	0
629	392	4	0
642	392	4	0
660	392	2	0
712	392	5	0
716	392	2	0
719	392	4	0
727	392	4	0
747	392	3	0
763	392	4	0
815	392	4	0
843	392	2	0
846	392	2	0
880	392	3	0
881	392	5	0
896	392	3	0
921	392	4	0
933	392	3	0
5	404	2	0
7	404	5	0
10	404	4	0
13	404	5	0
16	404	5	0
18	404	4	0
23	404	4	0
25	404	3	0
38	404	5	0
42	404	5	0
49	404	3	0
59	404	3	0
60	404	3	0
70	404	4	0
85	404	3	0
94	404	4	0
95	404	5	0
128	404	3	0
130	404	5	0
167	404	3	0
194	404	3	0
210	404	5	0
234	404	4	0
246	404	3	0
250	404	4	0
268	404	4	0
276	404	4	0
280	404	3	0
286	404	5	0
290	404	3	0
291	404	4	0
293	404	4	0
295	404	4	0
301	404	3	0
303	404	4	0
308	404	3	0
311	404	3	0
313	404	4	0
318	404	3	0
339	404	4	0
347	404	4	0
373	404	4	0
378	404	4	0
389	404	5	0
393	404	3	0
399	404	3	0
401	404	2	0
405	404	4	0
406	404	5	0
409	404	2	0
416	404	3	0
417	404	3	0
426	404	3	0
429	404	4	0
435	404	2	0
437	404	5	0
452	404	4	0
454	404	3	0
465	404	2	0
471	404	2	0
472	404	3	0
487	404	4	0
493	404	4	0
495	404	4	0
504	404	4	0
506	404	5	0
532	404	5	0
536	404	4	0
537	404	3	0
541	404	4	0
545	404	4	0
588	404	3	0
606	404	4	0
618	404	5	0
620	404	4	0
621	404	3	0
622	404	3	0
632	404	5	0
642	404	3	0
643	404	4	0
650	404	3	0
660	404	2	0
698	404	1	0
711	404	3	0
712	404	3	0
716	404	4	0
747	404	5	0
749	404	5	0
756	404	3	0
786	404	4	0
807	404	3	0
815	404	4	0
823	404	4	0
846	404	4	0
847	404	3	0
864	404	4	0
887	404	4	0
890	404	4	0
897	404	4	0
911	404	3	0
927	404	4	0
5	416	1	0
7	416	5	0
12	416	3	0
13	416	3	0
18	416	5	0
59	416	3	0
60	416	4	0
85	416	3	0
95	416	4	0
128	416	3	0
216	416	3	0
234	416	4	0
246	416	3	0
254	416	4	0
263	416	5	0
275	416	3	0
280	416	5	0
291	416	4	0
293	416	4	0
295	416	4	0
303	416	3	0
311	416	4	0
345	416	4	0
347	416	3	0
380	416	2	0
389	416	4	0
394	416	5	0
405	416	2	0
407	416	3	0
416	416	4	0
450	416	5	0
453	416	2	0
472	416	3	0
474	416	4	0
495	416	5	0
496	416	1	0
497	416	2	0
503	416	2	0
504	416	4	0
524	416	4	0
536	416	4	0
562	416	5	0
601	416	3	0
618	416	4	0
620	416	4	0
629	416	4	0
642	416	5	0
650	416	3	0
653	416	1	0
679	416	3	0
705	416	3	0
711	416	3	0
712	416	3	0
716	416	3	0
747	416	5	0
786	416	4	0
807	416	3	0
843	416	2	0
862	416	3	0
878	416	5	0
882	416	4	0
887	416	2	0
897	416	5	0
932	416	3	0
5	418	3	0
7	418	4	0
10	418	4	0
13	418	2	0
16	418	5	0
18	418	3	0
23	418	4	0
38	418	5	0
42	418	5	0
43	418	4	0
49	418	3	0
59	418	2	0
60	418	3	0
70	418	3	0
82	418	4	0
85	418	3	0
91	418	2	0
92	418	3	0
94	418	3	0
102	418	3	0
128	418	4	0
130	418	5	0
148	418	3	0
151	418	3	0
189	418	3	0
222	418	2	0
225	418	5	0
230	418	5	0
233	418	4	0
234	418	3	0
246	418	3	0
250	418	5	0
251	418	4	0
254	418	3	0
262	418	3	0
275	418	3	0
276	418	4	0
279	418	3	0
290	418	3	0
291	418	4	0
298	418	4	0
299	418	4	0
301	418	3	0
303	418	4	0
311	418	4	0
313	418	3	0
314	418	5	0
327	418	3	0
330	418	5	0
340	418	5	0
347	418	4	0
373	418	5	0
378	418	3	0
381	418	3	0
387	418	3	0
389	418	4	0
393	418	3	0
394	418	4	0
399	418	3	0
405	418	5	0
406	418	5	0
407	418	4	0
416	418	4	0
417	418	4	0
426	418	3	0
429	418	3	0
437	418	3	0
450	418	4	0
452	418	4	0
454	418	3	0
471	418	3	0
472	418	3	0
474	418	3	0
488	418	3	0
495	418	4	0
496	418	3	0
497	418	3	0
504	418	3	0
506	418	4	0
524	418	1	0
541	418	5	0
542	418	4	0
562	418	5	0
592	418	4	0
601	418	2	0
606	418	5	0
608	418	1	0
618	418	3	0
620	418	3	0
621	418	3	0
622	418	3	0
642	418	5	0
643	418	4	0
654	418	4	0
661	418	4	0
665	418	4	0
710	418	3	0
712	418	3	0
716	418	4	0
738	418	3	0
747	418	5	0
749	418	5	0
751	418	5	0
756	418	3	0
763	418	4	0
764	418	4	0
774	418	2	0
786	418	4	0
796	418	4	0
798	418	4	0
805	418	2	0
807	418	4	0
815	418	4	0
823	418	4	0
830	418	3	0
844	418	3	0
864	418	3	0
865	418	1	0
875	418	4	0
878	418	3	0
880	418	4	0
885	418	4	0
887	418	4	0
892	418	4	0
897	418	4	0
912	418	4	0
913	418	3	0
919	418	4	0
922	418	4	0
5	420	3	0
7	420	5	0
10	420	4	0
13	420	4	0
38	420	5	0
49	420	4	0
60	420	4	0
64	420	3	0
85	420	4	0
94	420	4	0
95	420	4	0
130	420	5	0
151	420	5	0
200	420	5	0
210	420	4	0
230	420	5	0
236	420	4	0
246	420	3	0
262	420	3	0
275	420	2	0
276	420	4	0
280	420	3	0
291	420	4	0
293	420	4	0
295	420	4	0
301	420	3	0
303	420	4	0
308	420	4	0
311	420	1	0
313	420	5	0
373	420	4	0
378	420	4	0
389	420	3	0
393	420	3	0
399	420	3	0
405	420	5	0
406	420	4	0
416	420	3	0
417	420	4	0
435	420	4	0
437	420	3	0
452	420	3	0
471	420	1	0
472	420	3	0
496	420	3	0
497	420	3	0
504	420	3	0
532	420	4	0
541	420	4	0
542	420	3	0
618	420	3	0
620	420	3	0
621	420	4	0
642	420	4	0
643	420	4	0
650	420	3	0
682	420	3	0
707	420	3	0
710	420	4	0
711	420	5	0
712	420	3	0
716	420	4	0
749	420	4	0
756	420	4	0
758	420	3	0
794	420	4	0
798	420	3	0
805	420	4	0
807	420	3	0
826	420	3	0
843	420	3	0
881	420	3	0
882	420	5	0
885	420	4	0
887	420	5	0
892	420	2	0
896	420	4	0
911	420	4	0
927	420	5	0
934	420	4	0
940	420	4	0
5	421	1	0
7	421	3	0
13	421	2	0
23	421	5	0
24	421	5	0
43	421	3	0
56	421	4	0
59	421	5	0
62	421	5	0
76	421	3	0
90	421	4	0
92	421	4	0
94	421	4	0
99	421	3	0
110	421	4	0
116	421	3	0
117	421	5	0
118	421	4	0
177	421	3	0
180	421	5	0
195	421	4	0
201	421	2	0
215	421	4	0
216	421	5	0
234	421	1	0
239	421	5	0
249	421	5	0
262	421	4	0
268	421	3	0
270	421	5	0
276	421	4	0
279	421	3	0
286	421	1	0
291	421	4	0
293	421	3	0
295	421	4	0
303	421	4	0
320	421	4	0
327	421	2	0
334	421	4	0
342	421	3	0
344	421	2	0
347	421	2	0
354	421	2	0
361	421	3	0
373	421	4	0
385	421	2	0
391	421	2	0
393	421	2	0
405	421	1	0
406	421	4	0
416	421	5	0
417	421	4	0
437	421	4	0
450	421	4	0
453	421	4	0
456	421	3	0
472	421	5	0
474	421	3	0
479	421	4	0
495	421	1	0
496	421	3	0
500	421	4	0
514	421	4	0
521	421	4	0
532	421	5	0
535	421	4	0
537	421	2	0
551	421	4	0
588	421	5	0
592	421	5	0
601	421	1	0
606	421	4	0
608	421	5	0
618	421	3	0
665	421	4	0
698	421	2	0
711	421	4	0
712	421	4	0
727	421	5	0
748	421	4	0
756	421	4	0
758	421	4	0
762	421	4	0
774	421	1	0
806	421	4	0
807	421	3	0
835	421	4	0
844	421	4	0
846	421	4	0
848	421	5	0
849	421	5	0
854	421	3	0
859	421	5	0
870	421	2	0
875	421	4	0
880	421	2	0
883	421	5	0
887	421	5	0
903	421	3	0
904	421	5	0
916	421	5	0
922	421	4	0
924	421	4	0
927	421	4	0
943	421	2	0
5	436	5	0
7	436	5	0
13	436	2	0
21	436	4	0
28	436	5	0
59	436	5	0
62	436	3	0
64	436	5	0
92	436	4	0
94	436	5	0
95	436	5	0
102	436	2	0
118	436	5	0
130	436	3	0
145	436	5	0
151	436	3	0
201	436	3	0
222	436	4	0
234	436	3	0
254	436	2	0
255	436	4	0
264	436	3	0
268	436	3	0
269	436	3	0
276	436	4	0
279	436	4	0
290	436	2	0
293	436	3	0
303	436	4	0
308	436	4	0
311	436	3	0
313	436	4	0
326	436	3	0
334	436	3	0
339	436	4	0
366	436	5	0
367	436	4	0
368	436	3	0
372	436	5	0
378	436	4	0
379	436	3	0
387	436	4	0
399	436	2	0
405	436	1	0
406	436	4	0
407	436	3	0
412	436	4	0
417	436	3	0
422	436	3	0
429	436	4	0
430	436	4	0
435	436	4	0
437	436	4	0
442	436	3	0
457	436	4	0
474	436	3	0
479	436	4	0
508	436	4	0
524	436	4	0
536	436	3	0
546	436	5	0
561	436	4	0
577	436	4	0
586	436	2	0
601	436	4	0
617	436	3	0
643	436	4	0
648	436	5	0
653	436	1	0
661	436	4	0
666	436	3	0
751	436	4	0
758	436	3	0
766	436	4	0
774	436	2	0
776	436	4	0
788	436	3	0
790	436	4	0
795	436	3	0
802	436	4	0
804	436	5	0
805	436	3	0
814	436	3	0
815	436	3	0
833	436	2	0
843	436	2	0
846	436	4	0
862	436	4	0
868	436	3	0
889	436	3	0
890	436	3	0
892	436	3	0
896	436	3	0
897	436	4	0
901	436	4	0
913	436	3	0
932	436	3	0
934	436	3	0
940	436	4	0
5	447	3	0
7	447	5	0
10	447	4	0
13	447	2	0
16	447	5	0
21	447	5	0
28	447	3	0
38	447	5	0
44	447	4	0
56	447	4	0
59	447	5	0
64	447	4	0
85	447	3	0
90	447	5	0
94	447	4	0
95	447	2	0
102	447	4	0
145	447	5	0
160	447	4	0
184	447	3	0
185	447	4	0
198	447	4	0
200	447	4	0
201	447	5	0
210	447	5	0
213	447	4	0
230	447	1	0
234	447	3	0
246	447	3	0
255	447	3	0
262	447	3	0
264	447	5	0
269	447	3	0
270	447	4	0
276	447	4	0
293	447	4	0
297	447	4	0
301	447	4	0
308	447	4	0
326	447	4	0
327	447	4	0
328	447	2	0
330	447	4	0
339	447	4	0
366	447	5	0
368	447	1	0
372	447	5	0
378	447	4	0
379	447	4	0
385	447	3	0
387	447	4	0
398	447	2	0
405	447	4	0
406	447	4	0
407	447	3	0
416	447	4	0
417	447	3	0
422	447	4	0
425	447	3	0
435	447	3	0
436	447	1	0
437	447	4	0
442	447	3	0
447	447	3	0
455	447	4	0
456	447	3	0
478	447	4	0
495	447	4	0
498	447	3	0
504	447	4	0
506	447	4	0
524	447	5	0
532	447	4	0
535	447	5	0
537	447	3	0
545	447	3	0
546	447	3	0
551	447	5	0
561	447	3	0
577	447	3	0
588	447	3	0
604	447	4	0
617	447	4	0
642	447	4	0
643	447	4	0
645	447	3	0
648	447	5	0
650	447	3	0
653	447	2	0
655	447	4	0
659	447	3	0
682	447	2	0
709	447	2	0
711	447	4	0
715	447	3	0
727	447	3	0
758	447	4	0
766	447	3	0
774	447	1	0
779	447	4	0
788	447	3	0
796	447	3	0
802	447	2	0
804	447	3	0
805	447	4	0
814	447	3	0
833	447	5	0
843	447	2	0
847	447	3	0
868	447	2	0
870	447	4	0
881	447	4	0
890	447	3	0
892	447	3	0
901	447	3	0
908	447	3	0
919	447	4	0
922	447	1	0
925	447	4	0
932	447	3	0
933	447	2	0
5	448	2	0
7	448	3	0
13	448	1	0
16	448	5	0
21	448	4	0
28	448	4	0
44	448	2	0
59	448	4	0
62	448	2	0
94	448	5	0
95	448	3	0
102	448	3	0
145	448	5	0
151	448	2	0
201	448	3	0
213	448	4	0
222	448	3	0
234	448	3	0
253	448	2	0
254	448	3	0
255	448	3	0
264	448	2	0
269	448	2	0
275	448	3	0
276	448	4	0
280	448	3	0
291	448	5	0
297	448	3	0
308	448	3	0
311	448	5	0
313	448	3	0
326	448	3	0
328	448	3	0
363	448	5	0
366	448	5	0
367	448	4	0
368	448	3	0
372	448	4	0
379	448	4	0
385	448	3	0
387	448	3	0
405	448	4	0
407	448	4	0
416	448	3	0
421	448	3	0
422	448	4	0
425	448	2	0
429	448	3	0
435	448	3	0
450	448	4	0
456	448	3	0
457	448	4	0
474	448	5	0
495	448	5	0
498	448	4	0
500	448	3	0
504	448	5	0
532	448	4	0
537	448	3	0
551	448	4	0
604	448	5	0
608	448	5	0
617	448	3	0
643	448	3	0
648	448	3	0
653	448	4	0
655	448	4	0
659	448	4	0
694	448	3	0
749	448	2	0
758	448	4	0
766	448	3	0
774	448	2	0
788	448	2	0
796	448	4	0
802	448	3	0
804	448	3	0
814	448	3	0
833	448	3	0
843	448	4	0
846	448	5	0
847	448	4	0
868	448	2	0
890	448	2	0
932	448	2	0
6	465	1	0
7	465	4	0
38	465	5	0
49	465	3	0
59	465	2	0
83	465	4	0
85	465	4	0
94	465	5	0
95	465	3	0
128	465	4	0
130	465	5	0
167	465	5	0
178	465	3	0
193	465	3	0
194	465	3	0
200	465	4	0
210	465	4	0
222	465	2	0
234	465	2	0
253	465	5	0
254	465	3	0
263	465	4	0
279	465	5	0
280	465	3	0
286	465	5	0
290	465	3	0
295	465	4	0
297	465	3	0
298	465	4	0
301	465	4	0
311	465	4	0
313	465	3	0
330	465	5	0
347	465	3	0
373	465	4	0
374	465	5	0
378	465	3	0
380	465	4	0
393	465	4	0
399	465	3	0
405	465	1	0
417	465	4	0
435	465	2	0
450	465	4	0
452	465	5	0
454	465	3	0
455	465	3	0
471	465	5	0
472	465	3	0
495	465	5	0
497	465	3	0
504	465	3	0
506	465	4	0
541	465	4	0
566	465	2	0
577	465	4	0
620	465	4	0
630	465	1	0
642	465	4	0
682	465	3	0
698	465	3	0
712	465	4	0
716	465	5	0
727	465	2	0
734	465	4	0
739	465	1	0
749	465	4	0
766	465	3	0
786	465	4	0
795	465	3	0
798	465	4	0
807	465	4	0
815	465	5	0
835	465	3	0
840	465	4	0
843	465	2	0
864	465	3	0
881	465	3	0
882	465	3	0
887	465	5	0
892	465	4	0
897	465	5	0
901	465	4	0
911	465	5	0
913	465	2	0
6	468	3	0
42	468	4	0
59	468	3	0
83	468	4	0
110	468	3	0
128	468	1	0
188	468	4	0
201	468	4	0
207	468	4	0
221	468	3	0
222	468	2	0
224	468	4	0
243	468	3	0
244	468	1	0
251	468	2	0
280	468	4	0
293	468	2	0
311	468	4	0
314	468	4	0
326	468	3	0
330	468	5	0
347	468	2	0
374	468	4	0
378	468	5	0
399	468	3	0
405	468	3	0
406	468	1	0
416	468	5	0
429	468	3	0
436	468	4	0
450	468	4	0
454	468	3	0
474	468	4	0
484	468	5	0
488	468	5	0
505	468	4	0
532	468	5	0
537	468	2	0
541	468	4	0
551	468	5	0
561	468	1	0
577	468	3	0
586	468	3	0
588	468	3	0
593	468	3	0
606	468	4	0
618	468	3	0
627	468	2	0
632	468	3	0
642	468	3	0
643	468	4	0
654	468	4	0
655	468	3	0
682	468	5	0
694	468	4	0
716	468	3	0
719	468	3	0
749	468	3	0
774	468	2	0
804	468	4	0
846	468	4	0
880	468	3	0
896	468	2	0
943	468	2	0
6	470	3	0
7	470	3	0
10	470	4	0
44	470	3	0
59	470	3	0
94	470	4	0
115	470	2	0
122	470	3	0
130	470	2	0
135	470	4	0
144	470	2	0
145	470	5	0
151	470	3	0
177	470	5	0
186	470	5	0
188	470	5	0
194	470	3	0
198	470	3	0
200	470	4	0
207	470	3	0
221	470	3	0
222	470	3	0
223	470	4	0
224	470	4	0
234	470	2	0
246	470	4	0
267	470	4	0
268	470	3	0
271	470	3	0
275	470	3	0
276	470	3	0
279	470	3	0
291	470	3	0
295	470	3	0
301	470	4	0
303	470	4	0
311	470	3	0
314	470	3	0
320	470	5	0
328	470	4	0
330	470	5	0
332	470	5	0
345	470	4	0
346	470	3	0
347	470	5	0
378	470	3	0
387	470	3	0
393	470	4	0
399	470	4	0
405	470	1	0
416	470	4	0
429	470	5	0
435	470	2	0
436	470	4	0
442	470	4	0
447	470	4	0
450	470	5	0
457	470	5	0
474	470	3	0
479	470	5	0
487	470	5	0
495	470	5	0
506	470	4	0
514	470	3	0
530	470	3	0
532	470	5	0
536	470	5	0
537	470	2	0
551	470	5	0
561	470	3	0
577	470	5	0
586	470	4	0
593	470	2	0
618	470	3	0
627	470	3	0
632	470	4	0
642	470	4	0
643	470	4	0
660	470	2	0
682	470	5	0
694	470	4	0
709	470	3	0
715	470	4	0
716	470	4	0
727	470	5	0
738	470	4	0
749	470	5	0
757	470	3	0
788	470	3	0
790	470	4	0
805	470	5	0
807	470	5	0
846	470	5	0
864	470	4	0
868	470	1	0
870	470	3	0
880	470	4	0
882	470	4	0
887	470	3	0
889	470	4	0
892	470	4	0
896	470	2	0
897	470	4	0
899	470	4	0
916	470	3	0
932	470	3	0
933	470	4	0
943	470	4	0
6	501	5	0
7	501	5	0
13	501	5	0
25	501	3	0
38	501	5	0
42	501	5	0
43	501	4	0
49	501	3	0
56	501	3	0
58	501	2	0
59	501	1	0
60	501	3	0
70	501	4	0
85	501	3	0
90	501	5	0
91	501	2	0
92	501	2	0
94	501	4	0
102	501	2	0
128	501	3	0
130	501	5	0
148	501	4	0
189	501	4	0
194	501	3	0
198	501	4	0
200	501	4	0
210	501	4	0
222	501	2	0
230	501	3	0
233	501	3	0
234	501	4	0
250	501	5	0
254	501	3	0
275	501	3	0
276	501	4	0
279	501	3	0
291	501	4	0
293	501	4	0
299	501	3	0
301	501	3	0
303	501	4	0
308	501	4	0
311	501	5	0
313	501	5	0
314	501	4	0
318	501	4	0
320	501	3	0
326	501	3	0
330	501	5	0
347	501	4	0
378	501	4	0
381	501	4	0
387	501	4	0
389	501	5	0
393	501	3	0
398	501	3	0
399	501	2	0
401	501	2	0
405	501	3	0
406	501	5	0
416	501	5	0
417	501	3	0
435	501	3	0
437	501	4	0
450	501	4	0
452	501	3	0
471	501	3	0
472	501	3	0
487	501	4	0
495	501	3	0
497	501	2	0
505	501	2	0
524	501	2	0
532	501	5	0
536	501	3	0
537	501	3	0
541	501	4	0
542	501	4	0
561	501	3	0
562	501	5	0
592	501	4	0
593	501	2	0
606	501	4	0
618	501	4	0
620	501	4	0
621	501	3	0
622	501	3	0
642	501	2	0
643	501	4	0
650	501	3	0
661	501	4	0
710	501	3	0
712	501	3	0
716	501	5	0
737	501	1	0
747	501	5	0
749	501	4	0
756	501	3	0
774	501	1	0
786	501	4	0
805	501	5	0
807	501	3	0
815	501	3	0
826	501	3	0
830	501	3	0
840	501	4	0
843	501	2	0
847	501	3	0
848	501	3	0
864	501	3	0
865	501	1	0
868	501	3	0
875	501	4	0
882	501	5	0
885	501	3	0
887	501	4	0
890	501	4	0
892	501	3	0
897	501	5	0
911	501	3	0
912	501	4	0
927	501	4	0
934	501	4	0
7	549	4	0
11	549	4	0
13	549	4	0
18	549	4	0
23	549	3	0
59	549	4	0
94	549	5	0
145	549	5	0
148	549	3	0
151	549	4	0
152	549	4	0
178	549	4	0
194	549	3	0
198	549	3	0
200	549	4	0
201	549	3	0
222	549	4	0
224	549	3	0
230	549	5	0
234	549	3	0
236	549	4	0
271	549	4	0
276	549	3	0
293	549	3	0
298	549	4	0
303	549	3	0
311	549	2	0
316	549	5	0
328	549	4	0
330	549	5	0
334	549	4	0
339	549	4	0
346	549	4	0
363	549	4	0
378	549	3	0
380	549	3	0
387	549	5	0
394	549	4	0
399	549	4	0
405	549	1	0
416	549	4	0
417	549	3	0
429	549	4	0
435	549	3	0
450	549	3	0
455	549	4	0
457	549	4	0
472	549	5	0
474	549	5	0
487	549	4	0
497	549	4	0
523	549	4	0
524	549	4	0
532	549	5	0
533	549	4	0
536	549	3	0
537	549	2	0
545	549	4	0
561	549	2	0
577	549	5	0
606	549	4	0
608	549	4	0
618	549	2	0
627	549	3	0
632	549	3	0
639	549	2	0
682	549	3	0
711	549	4	0
715	549	3	0
716	549	4	0
727	549	3	0
749	549	3	0
757	549	5	0
776	549	5	0
788	549	4	0
796	549	3	0
805	549	3	0
844	549	3	0
846	549	4	0
864	549	3	0
870	549	2	0
871	549	3	0
877	549	4	0
878	549	4	0
880	549	4	0
883	549	4	0
885	549	3	0
886	549	3	0
896	549	2	0
916	549	3	0
940	549	2	0
943	549	1	0
7	553	3	0
13	553	2	0
43	553	4	0
44	553	3	0
72	553	5	0
90	553	2	0
94	553	3	0
122	553	3	0
128	553	3	0
145	553	3	0
174	553	5	0
184	553	3	0
188	553	4	0
193	553	4	0
224	553	4	0
244	553	5	0
262	553	4	0
270	553	1	0
293	553	3	0
299	553	3	0
311	553	3	0
328	553	3	0
334	553	1	0
373	553	4	0
389	553	2	0
393	553	3	0
401	553	5	0
405	553	1	0
416	553	4	0
436	553	3	0
450	553	2	0
455	553	3	0
457	553	5	0
474	553	2	0
477	553	5	0
497	553	2	0
500	553	2	0
505	553	4	0
537	553	2	0
541	553	4	0
588	553	4	0
593	553	2	0
622	553	3	0
627	553	3	0
639	553	3	0
642	553	5	0
655	553	2	0
671	553	5	0
682	553	3	0
684	553	4	0
712	553	5	0
727	553	2	0
774	553	2	0
788	553	3	0
796	553	4	0
806	553	3	0
844	553	4	0
851	553	4	0
877	553	4	0
878	553	3	0
883	553	4	0
904	553	3	0
907	553	5	0
7	581	5	0
43	581	3	0
49	581	3	0
59	581	5	0
72	581	4	0
92	581	4	0
94	581	4	0
135	581	4	0
198	581	3	0
201	581	3	0
224	581	1	0
244	581	4	0
262	581	3	0
270	581	5	0
276	581	4	0
291	581	5	0
308	581	4	0
311	581	3	0
342	581	3	0
343	581	4	0
372	581	5	0
374	581	4	0
387	581	4	0
405	581	3	0
429	581	2	0
436	581	4	0
437	581	1	0
455	581	3	0
456	581	3	0
472	581	4	0
495	581	5	0
504	581	4	0
506	581	2	0
537	581	3	0
548	581	4	0
551	581	5	0
586	581	2	0
622	581	4	0
627	581	3	0
633	581	3	0
642	581	2	0
650	581	2	0
653	581	1	0
655	581	2	0
671	581	2	0
682	581	2	0
690	581	2	0
693	581	3	0
721	581	2	0
795	581	4	0
805	581	2	0
833	581	1	0
843	581	3	0
846	581	4	0
868	581	2	0
886	581	4	0
916	581	4	0
934	581	2	0
943	581	4	0
7	584	4	0
58	584	5	0
59	584	4	0
70	584	3	0
83	584	4	0
94	584	4	0
106	584	4	0
109	584	2	0
151	584	3	0
184	584	3	0
200	584	4	0
233	584	4	0
234	584	3	0
244	584	5	0
254	584	3	0
270	584	5	0
280	584	4	0
308	584	4	0
311	584	3	0
312	584	5	0
330	584	3	0
340	584	3	0
342	584	4	0
354	584	5	0
358	584	4	0
389	584	4	0
401	584	3	0
405	584	1	0
429	584	4	0
435	584	3	0
437	584	3	0
450	584	5	0
455	584	4	0
457	584	4	0
465	584	3	0
468	584	4	0
472	584	1	0
474	584	5	0
479	584	3	0
497	584	4	0
500	584	1	0
505	584	4	0
524	584	1	0
536	584	5	0
537	584	2	0
541	584	3	0
561	584	3	0
585	584	3	0
588	584	3	0
593	584	3	0
601	584	4	0
621	584	5	0
625	584	3	0
639	584	2	0
642	584	4	0
655	584	3	0
694	584	4	0
712	584	4	0
747	584	5	0
749	584	3	0
766	584	3	0
790	584	4	0
798	584	3	0
804	584	4	0
807	584	4	0
815	584	3	0
838	584	4	0
848	584	3	0
850	584	4	0
861	584	5	0
877	584	4	0
878	584	4	0
880	584	3	0
883	584	3	0
885	584	3	0
886	584	4	0
911	584	3	0
934	584	4	0
942	584	4	0
7	609	3	0
18	609	4	0
28	609	3	0
48	609	4	0
59	609	2	0
60	609	3	0
83	609	4	0
90	609	5	0
128	609	4	0
151	609	4	0
200	609	3	0
207	609	4	0
213	609	4	0
230	609	3	0
234	609	3	0
244	609	3	0
262	609	3	0
280	609	4	0
308	609	4	0
312	609	3	0
313	609	3	0
314	609	4	0
326	609	3	0
347	609	4	0
401	609	3	0
409	609	3	0
426	609	3	0
435	609	4	0
450	609	5	0
452	609	4	0
472	609	5	0
474	609	4	0
479	609	5	0
514	609	4	0
533	609	4	0
535	609	4	0
537	609	3	0
553	609	4	0
593	609	3	0
608	609	5	0
618	609	4	0
632	609	3	0
642	609	3	0
659	609	4	0
683	609	3	0
716	609	3	0
727	609	3	0
749	609	4	0
763	609	4	0
766	609	3	0
790	609	2	0
804	609	3	0
835	609	4	0
840	609	4	0
846	609	5	0
847	609	2	0
864	609	3	0
887	609	4	0
897	609	5	0
943	609	2	0
7	616	4	0
38	616	3	0
59	616	5	0
60	616	3	0
91	616	4	0
94	616	4	0
119	616	2	0
124	616	4	0
194	616	3	0
219	616	5	0
234	616	2	0
246	616	5	0
254	616	1	0
269	616	4	0
279	616	3	0
293	616	3	0
303	616	4	0
308	616	2	0
313	616	5	0
325	616	4	0
326	616	5	0
346	616	1	0
350	616	4	0
363	616	3	0
379	616	2	0
385	616	4	0
389	616	4	0
399	616	1	0
407	616	3	0
417	616	2	0
426	616	4	0
429	616	3	0
435	616	2	0
450	616	4	0
456	616	3	0
474	616	4	0
478	616	4	0
479	616	4	0
495	616	4	0
504	616	4	0
537	616	2	0
551	616	5	0
561	616	3	0
645	616	3	0
659	616	4	0
666	616	3	0
727	616	2	0
749	616	3	0
758	616	4	0
766	616	3	0
778	616	4	0
804	616	3	0
815	616	1	0
833	616	5	0
835	616	4	0
840	616	5	0
843	616	3	0
846	616	3	0
854	616	4	0
882	616	4	0
896	616	3	0
897	616	5	0
912	616	3	0
932	616	5	0
7	622	4	0
59	622	4	0
85	622	3	0
94	622	3	0
95	622	4	0
128	622	4	0
130	622	3	0
200	622	3	0
230	622	3	0
234	622	2	0
254	622	4	0
263	622	4	0
267	622	3	0
268	622	3	0
290	622	3	0
311	622	3	0
379	622	5	0
393	622	4	0
399	622	4	0
405	622	1	0
450	622	5	0
495	622	2	0
497	622	2	0
504	622	4	0
541	622	3	0
632	622	4	0
642	622	4	0
650	622	3	0
653	622	3	0
705	622	4	0
711	622	4	0
712	622	4	0
716	622	3	0
749	622	3	0
756	622	3	0
807	622	3	0
846	622	4	0
897	622	3	0
911	622	3	0
7	625	3	0
13	625	2	0
42	625	3	0
43	625	4	0
44	625	3	0
49	625	3	0
59	625	3	0
64	625	3	0
70	625	3	0
94	625	4	0
95	625	4	0
102	625	3	0
130	625	5	0
178	625	3	0
194	625	3	0
234	625	3	0
254	625	3	0
262	625	3	0
271	625	3	0
275	625	2	0
279	625	3	0
283	625	3	0
290	625	4	0
297	625	3	0
298	625	4	0
312	625	3	0
313	625	4	0
320	625	4	0
363	625	4	0
373	625	4	0
387	625	2	0
393	625	4	0
405	625	3	0
416	625	5	0
417	625	4	0
429	625	3	0
435	625	2	0
452	625	3	0
472	625	4	0
484	625	4	0
496	625	4	0
497	625	3	0
521	625	3	0
537	625	3	0
541	625	4	0
542	625	3	0
588	625	3	0
618	625	4	0
620	625	3	0
621	625	4	0
622	625	3	0
642	625	3	0
650	625	3	0
660	625	3	0
682	625	3	0
684	625	3	0
698	625	3	0
705	625	5	0
712	625	3	0
747	625	3	0
749	625	3	0
763	625	4	0
804	625	3	0
805	625	3	0
807	625	3	0
815	625	4	0
823	625	4	0
826	625	3	0
830	625	3	0
843	625	2	0
844	625	3	0
849	625	5	0
864	625	4	0
865	625	1	0
880	625	4	0
881	625	5	0
885	625	3	0
890	625	3	0
892	625	3	0
911	625	5	0
927	625	3	0
943	625	3	0
7	629	3	0
10	629	4	0
13	629	1	0
16	629	4	0
18	629	3	0
23	629	4	0
60	629	3	0
85	629	3	0
87	629	4	0
94	629	4	0
98	629	5	0
102	629	3	0
151	629	4	0
175	629	3	0
184	629	3	0
188	629	4	0
194	629	3	0
198	629	4	0
210	629	3	0
234	629	4	0
244	629	4	0
250	629	4	0
254	629	2	0
269	629	2	0
274	629	5	0
280	629	4	0
286	629	5	0
290	629	3	0
293	629	3	0
295	629	5	0
297	629	3	0
308	629	4	0
313	629	3	0
318	629	4	0
334	629	4	0
354	629	3	0
378	629	5	0
380	629	2	0
385	629	2	0
389	629	2	0
406	629	3	0
407	629	3	0
429	629	3	0
437	629	3	0
447	629	3	0
450	629	4	0
455	629	3	0
457	629	4	0
479	629	3	0
495	629	3	0
497	629	2	0
504	629	4	0
508	629	4	0
523	629	5	0
535	629	4	0
561	629	3	0
615	629	4	0
623	629	3	0
643	629	3	0
648	629	4	0
650	629	3	0
655	629	3	0
659	629	4	0
690	629	1	0
715	629	2	0
758	629	4	0
763	629	5	0
778	629	2	0
788	629	1	0
804	629	3	0
805	629	3	0
806	629	3	0
815	629	4	0
860	629	3	0
864	629	3	0
934	629	4	0
940	629	3	0
7	642	3	0
16	642	5	0
23	642	3	0
59	642	5	0
72	642	4	0
85	642	4	0
92	642	3	0
94	642	4	0
110	642	2	0
115	642	5	0
130	642	4	0
135	642	4	0
145	642	3	0
151	642	3	0
154	642	3	0
172	642	4	0
177	642	4	0
184	642	4	0
194	642	2	0
201	642	4	0
207	642	3	0
218	642	3	0
222	642	3	0
234	642	3	0
256	642	4	0
267	642	4	0
269	642	3	0
271	642	5	0
286	642	3	0
293	642	3	0
295	642	4	0
299	642	4	0
308	642	5	0
311	642	4	0
315	642	5	0
334	642	5	0
339	642	5	0
343	642	4	0
346	642	3	0
374	642	1	0
387	642	4	0
389	642	4	0
405	642	1	0
406	642	3	0
407	642	2	0
417	642	5	0
429	642	4	0
436	642	4	0
437	642	1	0
447	642	4	0
450	642	4	0
454	642	2	0
468	642	3	0
474	642	4	0
480	642	4	0
495	642	4	0
497	642	3	0
506	642	4	0
524	642	4	0
537	642	4	0
538	642	3	0
543	642	3	0
548	642	4	0
561	642	3	0
623	642	3	0
650	642	3	0
653	642	1	0
655	642	3	0
659	642	2	0
664	642	4	0
666	642	5	0
690	642	3	0
749	642	2	0
756	642	2	0
804	642	3	0
805	642	4	0
823	642	4	0
833	642	3	0
840	642	4	0
846	642	5	0
848	642	5	0
864	642	3	0
870	642	4	0
878	642	3	0
881	642	4	0
889	642	3	0
896	642	2	0
903	642	4	0
916	642	3	0
7	649	5	0
18	649	3	0
59	649	4	0
72	649	4	0
95	649	4	0
183	649	4	0
201	649	3	0
234	649	3	0
254	649	1	0
269	649	2	0
271	649	3	0
276	649	4	0
279	649	3	0
293	649	4	0
308	649	4	0
313	649	3	0
328	649	3	0
339	649	5	0
372	649	3	0
373	649	4	0
379	649	4	0
389	649	4	0
405	649	1	0
435	649	3	0
436	649	5	0
454	649	2	0
474	649	4	0
498	649	3	0
524	649	4	0
537	649	3	0
548	649	4	0
627	649	4	0
655	649	3	0
659	649	3	0
664	649	4	0
666	649	3	0
669	649	4	0
690	649	4	0
693	649	2	0
747	649	3	0
774	649	3	0
788	649	3	0
796	649	3	0
833	649	3	0
870	649	4	0
889	649	2	0
892	649	5	0
897	649	3	0
903	649	4	0
932	649	4	0
7	658	3	0
42	658	2	0
59	658	4	0
85	658	3	0
92	658	3	0
94	658	3	0
110	658	3	0
119	658	5	0
130	658	5	0
178	658	5	0
180	658	5	0
198	658	3	0
201	658	3	0
216	658	3	0
222	658	3	0
224	658	1	0
246	658	4	0
249	658	4	0
268	658	3	0
269	658	2	0
276	658	4	0
286	658	5	0
293	658	1	0
301	658	3	0
303	658	5	0
327	658	2	0
334	658	3	0
346	658	3	0
363	658	3	0
373	658	4	0
385	658	2	0
394	658	3	0
399	658	3	0
405	658	4	0
416	658	5	0
417	658	2	0
429	658	3	0
435	658	3	0
436	658	5	0
437	658	4	0
456	658	3	0
457	658	4	0
472	658	5	0
478	658	3	0
487	658	4	0
495	658	3	0
514	658	4	0
532	658	5	0
535	658	4	0
551	658	5	0
588	658	5	0
608	658	3	0
627	658	3	0
629	658	4	0
645	658	4	0
650	658	3	0
653	658	2	0
655	658	3	0
660	658	1	0
663	658	4	0
682	658	4	0
711	658	4	0
715	658	4	0
727	658	5	0
749	658	4	0
751	658	3	0
757	658	2	0
763	658	3	0
788	658	3	0
795	658	2	0
847	658	3	0
862	658	5	0
864	658	2	0
868	658	3	0
870	658	4	0
889	658	4	0
896	658	4	0
899	658	2	0
918	658	3	0
7	660	5	0
11	660	3	0
18	660	5	0
42	660	3	0
43	660	4	0
44	660	5	0
59	660	4	0
60	660	4	0
62	660	4	0
65	660	5	0
73	660	4	0
82	660	5	0
83	660	4	0
85	660	4	0
90	660	4	0
92	660	4	0
95	660	5	0
106	660	4	0
122	660	3	0
128	660	2	0
151	660	4	0
152	660	5	0
174	660	5	0
175	660	3	0
180	660	5	0
184	660	3	0
187	660	5	0
194	660	3	0
198	660	4	0
200	660	3	0
201	660	3	0
207	660	4	0
224	660	4	0
233	660	5	0
234	660	4	0
243	660	4	0
244	660	4	0
262	660	4	0
269	660	1	0
271	660	5	0
279	660	4	0
280	660	5	0
293	660	2	0
295	660	5	0
298	660	3	0
301	660	4	0
305	660	4	0
307	660	3	0
308	660	3	0
311	660	4	0
312	660	4	0
318	660	3	0
330	660	5	0
332	660	3	0
339	660	4	0
343	660	3	0
344	660	3	0
345	660	5	0
346	660	2	0
347	660	2	0
354	660	3	0
363	660	4	0
373	660	4	0
378	660	4	0
381	660	2	0
383	660	4	0
399	660	3	0
405	660	2	0
406	660	3	0
407	660	3	0
416	660	5	0
436	660	4	0
437	660	4	0
450	660	4	0
452	660	4	0
454	660	3	0
455	660	4	0
456	660	5	0
457	660	5	0
472	660	5	0
474	660	5	0
495	660	3	0
496	660	3	0
500	660	2	0
504	660	4	0
505	660	3	0
506	660	3	0
516	660	5	0
524	660	5	0
530	660	3	0
532	660	4	0
533	660	5	0
537	660	3	0
539	660	5	0
541	660	5	0
543	660	3	0
551	660	3	0
559	660	1	0
561	660	3	0
566	660	4	0
577	660	3	0
588	660	4	0
593	660	5	0
601	660	3	0
606	660	5	0
608	660	5	0
615	660	4	0
618	660	3	0
627	660	4	0
629	660	5	0
639	660	2	0
642	660	3	0
645	660	3	0
654	660	5	0
655	660	2	0
659	660	3	0
664	660	3	0
665	660	4	0
666	660	4	0
667	660	4	0
682	660	2	0
693	660	3	0
694	660	3	0
707	660	5	0
711	660	5	0
712	660	4	0
716	660	4	0
719	660	5	0
721	660	5	0
741	660	3	0
751	660	4	0
780	660	3	0
790	660	3	0
796	660	5	0
798	660	3	0
805	660	3	0
815	660	4	0
823	660	5	0
835	660	4	0
843	660	2	0
846	660	3	0
864	660	4	0
867	660	4	0
882	660	3	0
885	660	5	0
890	660	2	0
896	660	5	0
897	660	4	0
899	660	4	0
918	660	4	0
919	660	4	0
922	660	3	0
934	660	5	0
7	662	3	0
11	662	3	0
13	662	5	0
23	662	3	0
24	662	5	0
59	662	3	0
64	662	4	0
90	662	5	0
91	662	4	0
138	662	4	0
151	662	4	0
174	662	5	0
208	662	4	0
210	662	2	0
222	662	3	0
224	662	5	0
234	662	3	0
244	662	3	0
254	662	4	0
256	662	2	0
263	662	4	0
275	662	3	0
279	662	2	0
299	662	4	0
311	662	4	0
313	662	3	0
328	662	3	0
340	662	2	0
389	662	3	0
398	662	2	0
405	662	1	0
406	662	3	0
416	662	4	0
429	662	3	0
450	662	4	0
455	662	4	0
456	662	4	0
468	662	4	0
488	662	4	0
495	662	5	0
500	662	2	0
503	662	3	0
506	662	5	0
523	662	4	0
535	662	3	0
536	662	5	0
577	662	4	0
591	662	3	0
606	662	4	0
639	662	2	0
648	662	3	0
650	662	3	0
655	662	2	0
666	662	3	0
693	662	4	0
698	662	2	0
704	662	3	0
711	662	3	0
712	662	5	0
716	662	3	0
731	662	3	0
734	662	3	0
738	662	4	0
766	662	3	0
780	662	5	0
788	662	4	0
796	662	5	0
798	662	3	0
804	662	4	0
846	662	3	0
868	662	2	0
871	662	3	0
877	662	5	0
878	662	1	0
882	662	3	0
885	662	3	0
890	662	3	0
896	662	3	0
901	662	4	0
921	662	4	0
922	662	3	0
942	662	4	0
7	673	3	0
13	673	3	0
38	673	5	0
59	673	5	0
60	673	4	0
62	673	2	0
92	673	4	0
94	673	3	0
96	673	4	0
115	673	3	0
122	673	3	0
145	673	4	0
167	673	4	0
188	673	4	0
193	673	4	0
198	673	3	0
200	673	5	0
201	673	3	0
216	673	4	0
230	673	3	0
234	673	4	0
236	673	4	0
244	673	3	0
269	673	4	0
280	673	4	0
301	673	4	0
303	673	4	0
308	673	4	0
312	673	5	0
313	673	4	0
315	673	4	0
316	673	2	0
332	673	5	0
339	673	5	0
346	673	3	0
361	673	4	0
363	673	2	0
381	673	3	0
385	673	2	0
399	673	3	0
405	673	5	0
426	673	4	0
429	673	3	0
435	673	3	0
450	673	3	0
456	673	3	0
457	673	4	0
478	673	3	0
498	673	3	0
527	673	4	0
533	673	3	0
537	673	3	0
551	673	4	0
561	673	3	0
566	673	4	0
567	673	3	0
577	673	3	0
601	673	1	0
608	673	4	0
610	673	4	0
618	673	3	0
627	673	2	0
639	673	4	0
642	673	2	0
643	673	4	0
645	673	3	0
650	673	3	0
655	673	3	0
659	673	4	0
664	673	3	0
682	673	3	0
693	673	4	0
694	673	4	0
716	673	4	0
719	673	3	0
741	673	4	0
753	673	1	0
764	673	4	0
774	673	2	0
833	673	4	0
835	673	4	0
846	673	4	0
864	673	3	0
870	673	5	0
887	673	5	0
897	673	5	0
10	692	4	0
11	692	4	0
13	692	4	0
16	692	4	0
18	692	3	0
19	692	3	0
22	692	4	0
25	692	4	0
42	692	4	0
43	692	5	0
44	692	3	0
49	692	1	0
51	692	3	0
56	692	4	0
58	692	2	0
59	692	3	0
83	692	4	0
85	692	3	0
87	692	5	0
90	692	4	0
92	692	4	0
94	692	4	0
95	692	4	0
106	692	3	0
110	692	4	0
125	692	3	0
128	692	4	0
130	692	5	0
145	692	2	0
151	692	3	0
152	692	5	0
184	692	4	0
188	692	5	0
194	692	2	0
196	692	5	0
198	692	2	0
200	692	3	0
201	692	3	0
207	692	3	0
210	692	4	0
213	692	4	0
215	692	3	0
222	692	4	0
234	692	3	0
235	692	4	0
236	692	4	0
256	692	5	0
271	692	4	0
276	692	4	0
280	692	3	0
290	692	5	0
297	692	3	0
299	692	4	0
301	692	3	0
303	692	4	0
308	692	3	0
311	692	4	0
312	692	4	0
314	692	5	0
318	692	4	0
320	692	4	0
328	692	4	0
330	692	5	0
336	692	3	0
342	692	1	0
347	692	4	0
352	692	3	0
354	692	2	0
361	692	4	0
374	692	5	0
378	692	4	0
387	692	1	0
393	692	3	0
398	692	4	0
405	692	5	0
406	692	3	0
416	692	5	0
417	692	4	0
429	692	3	0
437	692	4	0
450	692	4	0
454	692	5	0
455	692	3	0
457	692	4	0
468	692	4	0
474	692	4	0
476	692	3	0
479	692	3	0
481	692	4	0
484	692	5	0
487	692	5	0
488	692	4	0
497	692	3	0
499	692	4	0
503	692	3	0
505	692	3	0
506	692	4	0
530	692	4	0
532	692	5	0
533	692	4	0
535	692	4	0
538	692	3	0
543	692	4	0
545	692	3	0
551	692	4	0
554	692	4	0
561	692	1	0
563	692	5	0
579	692	4	0
588	692	4	0
593	692	3	0
606	692	5	0
618	692	4	0
621	692	4	0
623	692	3	0
625	692	3	0
639	692	3	0
648	692	4	0
650	692	3	0
653	692	2	0
655	692	3	0
664	692	3	0
666	692	3	0
682	692	3	0
684	692	4	0
691	692	5	0
692	692	3	0
694	692	4	0
707	692	4	0
711	692	3	0
712	692	5	0
715	692	3	0
716	692	5	0
727	692	4	0
741	692	1	0
748	692	3	0
763	692	2	0
764	692	4	0
774	692	1	0
777	692	5	0
786	692	4	0
788	692	3	0
796	692	5	0
798	692	4	0
804	692	5	0
823	692	4	0
830	692	4	0
846	692	3	0
860	692	5	0
864	692	2	0
870	692	2	0
875	692	2	0
877	692	4	0
878	692	4	0
880	692	3	0
882	692	4	0
883	692	3	0
886	692	3	0
887	692	5	0
892	692	4	0
896	692	4	0
914	692	3	0
921	692	4	0
940	692	4	0
10	693	4	0
16	693	4	0
64	693	3	0
90	693	3	0
94	693	4	0
160	693	5	0
177	693	4	0
184	693	3	0
193	693	4	0
194	693	4	0
198	693	3	0
201	693	4	0
214	693	3	0
216	693	3	0
222	693	4	0
230	693	2	0
234	693	2	0
267	693	4	0
276	693	4	0
280	693	3	0
293	693	4	0
301	693	5	0
303	693	4	0
308	693	3	0
314	693	3	0
328	693	2	0
332	693	5	0
334	693	3	0
339	693	5	0
346	693	4	0
347	693	5	0
374	693	5	0
378	693	4	0
381	693	4	0
385	693	4	0
387	693	5	0
389	693	4	0
393	693	3	0
397	693	4	0
399	693	3	0
405	693	2	0
406	693	3	0
416	693	3	0
429	693	4	0
435	693	3	0
436	693	5	0
450	693	3	0
453	693	5	0
454	693	2	0
456	693	3	0
493	693	4	0
498	693	3	0
504	693	4	0
506	693	4	0
524	693	5	0
535	693	3	0
537	693	4	0
542	693	4	0
551	693	5	0
561	693	3	0
566	693	5	0
577	693	1	0
586	693	3	0
608	693	3	0
618	693	3	0
622	693	4	0
627	693	2	0
629	693	5	0
632	693	2	0
640	693	5	0
653	693	1	0
655	693	3	0
659	693	4	0
663	693	4	0
682	693	3	0
693	693	3	0
709	693	4	0
747	693	5	0
757	693	4	0
764	693	3	0
788	693	2	0
796	693	3	0
846	693	5	0
851	693	5	0
864	693	4	0
870	693	4	0
880	693	5	0
883	693	4	0
886	693	4	0
903	693	5	0
916	693	3	0
10	699	4	0
11	699	4	0
18	699	5	0
24	699	3	0
43	699	4	0
59	699	4	0
60	699	4	0
62	699	4	0
72	699	3	0
80	699	3	0
90	699	4	0
95	699	2	0
106	699	4	0
122	699	5	0
144	699	4	0
151	699	4	0
152	699	5	0
174	699	5	0
184	699	5	0
201	699	3	0
224	699	4	0
230	699	4	0
234	699	3	0
236	699	4	0
243	699	4	0
253	699	4	0
254	699	3	0
262	699	5	0
263	699	4	0
268	699	3	0
271	699	4	0
280	699	4	0
290	699	3	0
297	699	4	0
308	699	4	0
311	699	4	0
314	699	5	0
328	699	4	0
330	699	5	0
342	699	4	0
347	699	1	0
354	699	3	0
363	699	2	0
373	699	4	0
378	699	4	0
380	699	3	0
389	699	5	0
405	699	2	0
406	699	4	0
416	699	5	0
437	699	4	0
450	699	4	0
457	699	4	0
468	699	3	0
474	699	4	0
484	699	4	0
492	699	3	0
496	699	3	0
500	699	3	0
504	699	4	0
506	699	4	0
535	699	4	0
536	699	3	0
537	699	4	0
541	699	4	0
588	699	4	0
593	699	4	0
601	699	3	0
608	699	5	0
610	699	2	0
615	699	3	0
618	699	3	0
620	699	5	0
627	699	1	0
629	699	3	0
642	699	5	0
652	699	5	0
655	699	2	0
659	699	3	0
665	699	4	0
666	699	3	0
682	699	3	0
694	699	4	0
705	699	5	0
711	699	5	0
712	699	5	0
721	699	3	0
734	699	4	0
741	699	4	0
748	699	3	0
786	699	4	0
788	699	3	0
796	699	4	0
798	699	3	0
807	699	4	0
846	699	3	0
870	699	3	0
878	699	1	0
887	699	1	0
897	699	4	0
907	699	5	0
922	699	3	0
10	710	4	0
11	710	2	0
23	710	4	0
57	710	3	0
59	710	3	0
62	710	3	0
85	710	2	0
94	710	3	0
119	710	4	0
125	710	5	0
162	710	4	0
187	710	4	0
194	710	3	0
222	710	4	0
244	710	3	0
267	710	4	0
268	710	3	0
269	710	1	0
276	710	4	0
279	710	4	0
286	710	4	0
287	710	4	0
293	710	3	0
299	710	4	0
301	710	3	0
314	710	3	0
327	710	4	0
334	710	3	0
336	710	4	0
354	710	4	0
363	710	5	0
379	710	4	0
393	710	4	0
398	710	2	0
399	710	2	0
402	710	2	0
405	710	4	0
407	710	4	0
416	710	4	0
417	710	4	0
429	710	4	0
435	710	4	0
436	710	4	0
437	710	4	0
442	710	5	0
450	710	3	0
456	710	3	0
476	710	5	0
478	710	5	0
487	710	4	0
506	710	5	0
508	710	4	0
514	710	5	0
538	710	3	0
545	710	3	0
551	710	5	0
561	710	4	0
591	710	3	0
660	710	3	0
663	710	3	0
679	710	4	0
682	710	3	0
684	710	5	0
711	710	4	0
748	710	3	0
751	710	3	0
773	710	3	0
795	710	3	0
823	710	4	0
864	710	2	0
868	710	3	0
870	710	3	0
886	710	4	0
887	710	5	0
896	710	4	0
899	710	3	0
907	710	4	0
916	710	3	0
933	710	2	0
11	715	3	0
49	715	3	0
56	715	1	0
59	715	5	0
62	715	2	0
85	715	4	0
87	715	3	0
92	715	4	0
94	715	4	0
95	715	1	0
109	715	2	0
110	715	2	0
122	715	5	0
128	715	4	0
174	715	3	0
184	715	4	0
193	715	3	0
194	715	3	0
201	715	4	0
213	715	5	0
222	715	2	0
224	715	1	0
267	715	4	0
268	715	1	0
269	715	4	0
276	715	3	0
280	715	2	0
291	715	5	0
293	715	3	0
299	715	4	0
303	715	4	0
308	715	5	0
311	715	2	0
327	715	4	0
328	715	2	0
343	715	5	0
344	715	4	0
345	715	4	0
373	715	2	0
378	715	4	0
385	715	3	0
387	715	5	0
389	715	3	0
391	715	2	0
393	715	1	0
394	715	4	0
398	715	2	0
405	715	1	0
406	715	4	0
407	715	4	0
417	715	2	0
435	715	3	0
436	715	4	0
450	715	3	0
456	715	3	0
472	715	4	0
476	715	4	0
506	715	2	0
514	715	4	0
524	715	4	0
537	715	4	0
543	715	3	0
551	715	1	0
561	715	3	0
643	715	5	0
650	715	3	0
655	715	3	0
664	715	3	0
707	715	3	0
711	715	4	0
721	715	2	0
747	715	5	0
758	715	4	0
788	715	3	0
805	715	4	0
823	715	5	0
833	715	2	0
846	715	4	0
860	715	4	0
864	715	4	0
870	715	3	0
883	715	5	0
886	715	1	0
896	715	3	0
916	715	4	0
919	715	5	0
922	715	3	0
11	716	3	0
13	716	4	0
14	716	5	0
18	716	5	0
62	716	4	0
89	716	3	0
94	716	3	0
95	716	3	0
119	716	5	0
151	716	2	0
152	716	5	0
174	716	5	0
180	716	1	0
184	716	3	0
207	716	3	0
222	716	2	0
244	716	3	0
256	716	5	0
269	716	4	0
270	716	4	0
297	716	3	0
303	716	2	0
311	716	4	0
316	716	5	0
320	716	1	0
334	716	3	0
336	716	2	0
342	716	2	0
344	716	3	0
345	716	3	0
354	716	3	0
378	716	3	0
405	716	1	0
437	716	5	0
447	716	2	0
450	716	4	0
455	716	3	0
497	716	4	0
504	716	4	0
588	716	5	0
639	716	1	0
643	716	3	0
655	716	2	0
682	716	2	0
684	716	2	0
690	716	1	0
707	716	2	0
711	716	5	0
712	716	5	0
758	716	2	0
790	716	4	0
795	716	3	0
796	716	3	0
805	716	4	0
846	716	3	0
847	716	3	0
860	716	2	0
864	716	2	0
11	721	3	0
49	721	2	0
90	721	3	0
94	721	2	0
130	721	3	0
174	721	2	0
214	721	3	0
216	721	4	0
221	721	5	0
244	721	5	0
246	721	4	0
264	721	5	0
268	721	3	0
276	721	3	0
279	721	5	0
286	721	3	0
301	721	3	0
303	721	4	0
314	721	5	0
347	721	5	0
393	721	2	0
405	721	1	0
416	721	3	0
435	721	4	0
436	721	3	0
437	721	2	0
453	721	4	0
456	721	4	0
496	721	5	0
497	721	3	0
500	721	1	0
521	721	4	0
532	721	4	0
535	721	3	0
537	721	2	0
542	721	2	0
551	721	5	0
588	721	5	0
621	721	4	0
622	721	4	0
643	721	2	0
665	721	3	0
679	721	3	0
682	721	4	0
790	721	3	0
823	721	4	0
846	721	4	0
880	721	1	0
886	721	5	0
889	721	3	0
896	721	4	0
903	721	4	0
916	721	4	0
943	721	5	0
11	724	3	0
18	724	4	0
43	724	4	0
59	724	5	0
89	724	4	0
122	724	4	0
151	724	4	0
152	724	5	0
174	724	5	0
178	724	4	0
184	724	4	0
222	724	3	0
224	724	3	0
234	724	4	0
243	724	3	0
244	724	4	0
246	724	4	0
256	724	4	0
286	724	3	0
293	724	3	0
297	724	3	0
299	724	3	0
311	724	4	0
314	724	2	0
342	724	1	0
343	724	4	0
345	724	5	0
354	724	2	0
373	724	5	0
378	724	3	0
381	724	3	0
393	724	3	0
401	724	4	0
405	724	1	0
406	724	3	0
412	724	4	0
416	724	4	0
450	724	5	0
454	724	3	0
455	724	3	0
468	724	4	0
477	724	4	0
488	724	3	0
497	724	5	0
505	724	4	0
524	724	3	0
533	724	4	0
536	724	4	0
537	724	3	0
561	724	3	0
588	724	2	0
593	724	3	0
618	724	3	0
627	724	2	0
639	724	3	0
655	724	3	0
658	724	3	0
664	724	3	0
682	724	4	0
711	724	5	0
712	724	3	0
716	724	4	0
734	724	3	0
741	724	4	0
767	724	4	0
786	724	4	0
796	724	2	0
805	724	2	0
870	724	4	0
883	724	4	0
893	724	3	0
899	724	5	0
904	724	4	0
907	724	5	0
914	724	3	0
943	724	1	0
11	727	3	0
24	727	3	0
59	727	2	0
92	727	4	0
94	727	5	0
119	727	5	0
122	727	4	0
144	727	3	0
145	727	2	0
198	727	4	0
224	727	4	0
234	727	3	0
262	727	3	0
267	727	4	0
268	727	2	0
270	727	5	0
276	727	3	0
279	727	3	0
295	727	5	0
299	727	4	0
342	727	3	0
343	727	4	0
346	727	1	0
361	727	3	0
373	727	4	0
378	727	4	0
385	727	1	0
387	727	5	0
393	727	3	0
399	727	4	0
405	727	1	0
406	727	3	0
416	727	5	0
417	727	5	0
437	727	3	0
450	727	4	0
455	727	3	0
457	727	4	0
479	727	5	0
487	727	3	0
496	727	5	0
500	727	2	0
523	727	4	0
535	727	4	0
536	727	3	0
537	727	2	0
551	727	5	0
562	727	5	0
566	727	4	0
577	727	5	0
639	727	2	0
655	727	2	0
661	727	4	0
679	727	4	0
709	727	2	0
711	727	4	0
795	727	3	0
846	727	4	0
868	727	2	0
877	727	4	0
883	727	3	0
911	727	2	0
916	727	4	0
11	729	4	0
18	729	3	0
24	729	5	0
25	729	4	0
42	729	3	0
43	729	4	0
59	729	4	0
60	729	4	0
62	729	3	0
92	729	4	0
128	729	2	0
130	729	4	0
144	729	4	0
151	729	4	0
158	729	3	0
178	729	4	0
180	729	5	0
184	729	3	0
201	729	2	0
222	729	4	0
224	729	3	0
236	729	5	0
268	729	3	0
269	729	2	0
271	729	4	0
280	729	2	0
291	729	4	0
293	729	2	0
295	729	4	0
303	729	3	0
305	729	3	0
308	729	3	0
311	729	4	0
328	729	4	0
330	729	5	0
343	729	3	0
373	729	4	0
378	729	4	0
379	729	4	0
380	729	3	0
393	729	4	0
405	729	4	0
407	729	4	0
416	729	5	0
429	729	2	0
435	729	2	0
450	729	4	0
452	729	1	0
457	729	4	0
474	729	4	0
500	729	4	0
503	729	3	0
504	729	5	0
514	729	4	0
545	729	3	0
588	729	3	0
606	729	4	0
608	729	4	0
618	729	3	0
627	729	1	0
629	729	4	0
642	729	3	0
655	729	2	0
666	729	4	0
682	729	3	0
693	729	4	0
711	729	3	0
712	729	5	0
716	729	2	0
721	729	3	0
727	729	2	0
749	729	4	0
766	729	3	0
788	729	4	0
805	729	3	0
846	729	4	0
864	729	4	0
889	729	3	0
892	729	4	0
907	729	5	0
913	729	3	0
11	735	3	0
12	735	5	0
13	735	3	0
16	735	3	0
18	735	4	0
42	735	4	0
43	735	4	0
56	735	2	0
59	735	5	0
60	735	5	0
65	735	4	0
85	735	3	0
91	735	4	0
92	735	3	0
94	735	5	0
109	735	5	0
123	735	2	0
151	735	5	0
167	735	4	0
178	735	5	0
180	735	4	0
184	735	3	0
187	735	4	0
194	735	4	0
201	735	3	0
207	735	4	0
210	735	4	0
212	735	4	0
213	735	5	0
216	735	5	0
222	735	5	0
233	735	5	0
234	735	3	0
236	735	5	0
244	735	5	0
246	735	4	0
262	735	4	0
268	735	3	0
269	735	2	0
271	735	4	0
276	735	4	0
280	735	2	0
291	735	4	0
295	735	5	0
301	735	2	0
303	735	4	0
305	735	4	0
311	735	4	0
313	735	3	0
314	735	5	0
316	735	4	0
318	735	5	0
327	735	2	0
331	735	4	0
339	735	4	0
343	735	5	0
347	735	2	0
354	735	3	0
360	735	5	0
363	735	3	0
373	735	5	0
374	735	5	0
378	735	4	0
379	735	4	0
387	735	2	0
398	735	4	0
399	735	3	0
401	735	5	0
405	735	5	0
406	735	3	0
416	735	5	0
429	735	4	0
450	735	4	0
454	735	2	0
458	735	2	0
474	735	4	0
487	735	4	0
500	735	4	0
504	735	5	0
508	735	4	0
514	735	4	0
535	735	5	0
537	735	3	0
538	735	3	0
543	735	4	0
551	735	5	0
554	735	3	0
561	735	3	0
568	735	2	0
577	735	5	0
586	735	3	0
588	735	5	0
592	735	5	0
593	735	4	0
606	735	5	0
608	735	4	0
610	735	3	0
615	735	3	0
618	735	3	0
621	735	4	0
627	735	4	0
630	735	2	0
632	735	4	0
650	735	3	0
654	735	4	0
655	735	3	0
658	735	3	0
659	735	3	0
664	735	4	0
682	735	4	0
691	735	5	0
693	735	4	0
704	735	4	0
707	735	4	0
711	735	5	0
715	735	4	0
716	735	5	0
719	735	5	0
721	735	4	0
747	735	4	0
749	735	5	0
751	735	4	0
758	735	5	0
796	735	2	0
805	735	4	0
815	735	5	0
823	735	4	0
835	735	5	0
846	735	2	0
847	735	4	0
854	735	3	0
864	735	5	0
870	735	3	0
885	735	3	0
896	735	3	0
916	735	4	0
933	735	3	0
11	746	4	0
13	746	3	0
41	746	3	0
42	746	3	0
56	746	4	0
59	746	5	0
64	746	5	0
70	746	3	0
94	746	4	0
102	746	2	0
125	746	3	0
130	746	5	0
178	746	3	0
198	746	4	0
207	746	4	0
222	746	5	0
234	746	2	0
244	746	3	0
246	746	4	0
249	746	5	0
253	746	3	0
264	746	3	0
268	746	3	0
272	746	3	0
275	746	4	0
276	746	4	0
279	746	5	0
280	746	4	0
286	746	4	0
293	746	3	0
297	746	3	0
299	746	4	0
301	746	3	0
303	746	4	0
307	746	4	0
308	746	4	0
315	746	3	0
327	746	3	0
332	746	5	0
334	746	3	0
336	746	3	0
342	746	4	0
346	746	3	0
352	746	4	0
363	746	4	0
371	746	4	0
373	746	4	0
379	746	3	0
387	746	1	0
394	746	2	0
399	746	5	0
405	746	1	0
406	746	3	0
407	746	4	0
416	746	5	0
417	746	5	0
429	746	3	0
435	746	4	0
436	746	5	0
437	746	4	0
442	746	3	0
454	746	2	0
472	746	5	0
476	746	3	0
484	746	4	0
487	746	4	0
488	746	4	0
493	746	4	0
496	746	3	0
497	746	5	0
506	746	5	0
514	746	5	0
521	746	4	0
532	746	5	0
536	746	5	0
537	746	3	0
542	746	4	0
545	746	4	0
551	746	5	0
561	746	3	0
606	746	5	0
618	746	2	0
621	746	4	0
632	746	3	0
642	746	3	0
645	746	4	0
648	746	4	0
653	746	5	0
654	746	3	0
655	746	3	0
660	746	4	0
682	746	3	0
690	746	2	0
712	746	4	0
715	746	5	0
727	746	4	0
749	746	5	0
751	746	4	0
757	746	3	0
758	746	4	0
795	746	3	0
796	746	3	0
798	746	4	0
804	746	4	0
825	746	5	0
846	746	3	0
868	746	2	0
870	746	3	0
880	746	4	0
882	746	4	0
886	746	3	0
889	746	4	0
896	746	3	0
899	746	4	0
903	746	2	0
916	746	3	0
922	746	4	0
933	746	4	0
940	746	3	0
11	747	3	0
13	747	4	0
18	747	3	0
23	747	3	0
43	747	4	0
56	747	4	0
59	747	4	0
62	747	3	0
92	747	4	0
95	747	5	0
128	747	3	0
136	747	4	0
144	747	5	0
151	747	3	0
174	747	5	0
180	747	4	0
184	747	3	0
187	747	4	0
201	747	2	0
216	747	4	0
222	747	2	0
232	747	3	0
234	747	3	0
235	747	2	0
244	747	4	0
253	747	3	0
262	747	4	0
268	747	3	0
269	747	4	0
270	747	5	0
271	747	3	0
276	747	4	0
286	747	4	0
291	747	4	0
293	747	2	0
295	747	4	0
299	747	4	0
308	747	3	0
311	747	3	0
314	747	1	0
330	747	3	0
343	747	4	0
345	747	3	0
354	747	2	0
363	747	5	0
373	747	4	0
378	747	3	0
393	747	4	0
399	747	5	0
405	747	1	0
406	747	2	0
407	747	3	0
416	747	5	0
417	747	3	0
429	747	3	0
436	747	5	0
437	747	4	0
450	747	4	0
455	747	4	0
456	747	4	0
457	747	4	0
472	747	5	0
487	747	4	0
503	747	3	0
506	747	2	0
514	747	4	0
533	747	5	0
551	747	3	0
588	747	4	0
592	747	4	0
593	747	4	0
603	747	3	0
606	747	4	0
639	747	3	0
650	747	3	0
660	747	4	0
690	747	3	0
707	747	3	0
709	747	2	0
711	747	4	0
712	747	3	0
727	747	2	0
738	747	4	0
764	747	3	0
766	747	5	0
795	747	3	0
796	747	4	0
804	747	3	0
805	747	3	0
823	747	4	0
840	747	4	0
846	747	3	0
848	747	5	0
864	747	3	0
868	747	2	0
871	747	3	0
889	747	4	0
899	747	1	0
904	747	4	0
913	747	3	0
918	747	3	0
922	747	3	0
13	770	4	0
16	770	3	0
59	770	4	0
72	770	4	0
82	770	4	0
128	770	3	0
145	770	1	0
151	770	4	0
158	770	5	0
160	770	4	0
186	770	2	0
194	770	4	0
197	770	3	0
201	770	3	0
222	770	3	0
234	770	4	0
276	770	4	0
291	770	4	0
293	770	3	0
305	770	3	0
308	770	4	0
313	770	4	0
315	770	3	0
332	770	3	0
339	770	4	0
361	770	3	0
363	770	4	0
374	770	5	0
375	770	3	0
380	770	3	0
405	770	1	0
411	770	4	0
416	770	4	0
437	770	3	0
447	770	3	0
455	770	3	0
457	770	4	0
495	770	3	0
506	770	3	0
537	770	3	0
543	770	4	0
551	770	2	0
554	770	1	0
577	770	4	0
618	770	2	0
640	770	4	0
655	770	2	0
664	770	4	0
671	770	2	0
707	770	3	0
823	770	4	0
846	770	5	0
864	770	3	0
870	770	4	0
880	770	4	0
883	770	4	0
896	770	5	0
13	778	3	0
18	778	2	0
43	778	5	0
56	778	4	0
64	778	5	0
65	778	4	0
77	778	2	0
92	778	4	0
102	778	3	0
106	778	4	0
144	778	4	0
152	778	3	0
180	778	2	0
213	778	5	0
224	778	1	0
243	778	4	0
256	778	4	0
262	778	4	0
269	778	3	0
270	778	5	0
279	778	4	0
286	778	5	0
299	778	4	0
303	778	4	0
305	778	4	0
308	778	3	0
311	778	4	0
313	778	2	0
327	778	3	0
328	778	3	0
343	778	5	0
363	778	4	0
373	778	5	0
378	778	3	0
381	778	4	0
389	778	4	0
393	778	3	0
405	778	1	0
416	778	3	0
417	778	4	0
429	778	3	0
435	778	4	0
437	778	3	0
450	778	3	0
455	778	4	0
477	778	4	0
484	778	5	0
503	778	5	0
514	778	4	0
533	778	4	0
535	778	2	0
536	778	4	0
537	778	3	0
543	778	4	0
588	778	3	0
618	778	3	0
633	778	2	0
639	778	5	0
640	778	4	0
655	778	2	0
664	778	3	0
707	778	3	0
711	778	4	0
715	778	2	0
719	778	3	0
751	778	3	0
774	778	5	0
796	778	4	0
844	778	4	0
846	778	4	0
868	778	2	0
883	778	4	0
904	778	3	0
914	778	5	0
921	778	3	0
932	778	4	0
13	781	3	0
18	781	3	0
42	781	4	0
43	781	3	0
56	781	4	0
59	781	4	0
83	781	4	0
87	781	5	0
92	781	3	0
95	781	2	0
125	781	3	0
151	781	3	0
152	781	5	0
174	781	4	0
178	781	4	0
193	781	3	0
208	781	3	0
222	781	3	0
234	781	2	0
256	781	5	0
259	781	3	0
262	781	3	0
268	781	3	0
270	781	5	0
279	781	3	0
280	781	4	0
286	781	4	0
293	781	2	0
311	781	2	0
314	781	3	0
336	781	3	0
345	781	3	0
361	781	2	0
393	781	4	0
399	781	2	0
405	781	5	0
416	781	4	0
417	781	3	0
435	781	3	0
437	781	4	0
450	781	4	0
452	781	3	0
453	781	3	0
476	781	4	0
477	781	4	0
487	781	3	0
497	781	3	0
500	781	3	0
524	781	1	0
532	781	5	0
541	781	5	0
563	781	4	0
588	781	2	0
593	781	3	0
618	781	3	0
622	781	3	0
648	781	4	0
655	781	1	0
682	781	2	0
684	781	3	0
690	781	2	0
709	781	3	0
712	781	4	0
741	781	4	0
749	781	4	0
788	781	3	0
790	781	4	0
796	781	4	0
797	781	5	0
798	781	2	0
860	781	2	0
864	781	3	0
870	781	3	0
871	781	4	0
878	781	1	0
880	781	3	0
883	781	3	0
886	781	4	0
892	781	4	0
893	781	3	0
904	781	4	0
907	781	5	0
914	781	5	0
916	781	3	0
13	794	4	0
18	794	3	0
42	794	3	0
56	794	3	0
92	794	3	0
110	794	3	0
130	794	5	0
152	794	5	0
256	794	4	0
270	794	4	0
276	794	2	0
291	794	4	0
295	794	4	0
311	794	4	0
314	794	4	0
361	794	3	0
385	794	2	0
393	794	4	0
399	794	3	0
405	794	5	0
416	794	5	0
429	794	3	0
436	794	4	0
437	794	4	0
450	794	5	0
477	794	4	0
487	794	5	0
523	794	4	0
561	794	2	0
642	794	4	0
643	794	3	0
655	794	1	0
659	794	3	0
690	794	3	0
712	794	4	0
796	794	4	0
846	794	5	0
864	794	3	0
871	794	3	0
878	794	4	0
880	794	4	0
883	794	4	0
904	794	4	0
919	794	4	0
934	794	4	0
943	794	3	0
16	939	4	0
42	939	4	0
43	939	3	0
94	939	4	0
110	939	4	0
130	939	4	0
135	939	4	0
145	939	4	0
151	939	4	0
180	939	4	0
185	939	3	0
186	939	5	0
194	939	3	0
198	939	3	0
222	939	3	0
234	939	2	0
256	939	5	0
269	939	2	0
276	939	3	0
291	939	4	0
293	939	2	0
303	939	3	0
311	939	2	0
314	939	4	0
328	939	4	0
339	939	4	0
375	939	3	0
378	939	4	0
393	939	4	0
405	939	5	0
412	939	4	0
429	939	4	0
450	939	4	0
454	939	2	0
455	939	4	0
458	939	4	0
474	939	4	0
487	939	3	0
504	939	4	0
554	939	4	0
577	939	5	0
586	939	4	0
592	939	3	0
606	939	4	0
608	939	4	0
618	939	2	0
627	939	3	0
633	939	4	0
655	939	3	0
693	939	4	0
709	939	4	0
715	939	4	0
747	939	3	0
757	939	4	0
764	939	4	0
796	939	3	0
864	939	4	0
870	939	3	0
886	939	4	0
916	939	3	0
16	942	4	0
90	942	4	0
94	942	4	0
116	942	3	0
128	942	5	0
144	942	4	0
184	942	3	0
198	942	4	0
213	942	4	0
234	942	3	0
276	942	4	0
280	942	5	0
293	942	4	0
308	942	3	0
311	942	5	0
314	942	3	0
321	942	3	0
339	942	4	0
378	942	3	0
385	942	2	0
387	942	4	0
389	942	3	0
405	942	1	0
406	942	4	0
416	942	4	0
450	942	5	0
454	942	2	0
455	942	4	0
504	942	4	0
524	942	4	0
535	942	4	0
537	942	3	0
561	942	3	0
606	942	4	0
618	942	2	0
627	942	2	0
642	942	4	0
655	942	4	0
659	942	3	0
682	942	2	0
693	942	2	0
721	942	4	0
805	942	3	0
846	942	4	0
896	942	4	0
18	949	3	0
62	949	4	0
89	949	3	0
92	949	3	0
94	949	5	0
109	949	3	0
125	949	3	0
128	949	4	0
130	949	3	0
145	949	4	0
167	949	1	0
174	949	5	0
184	949	3	0
222	949	3	0
224	949	3	0
244	949	4	0
257	949	3	0
262	949	4	0
268	949	2	0
276	949	3	0
286	949	4	0
307	949	4	0
314	949	4	0
327	949	4	0
336	949	4	0
345	949	3	0
361	949	4	0
373	949	4	0
378	949	3	0
393	949	3	0
405	949	5	0
407	949	3	0
457	949	3	0
503	949	3	0
514	949	3	0
523	949	5	0
533	949	4	0
577	949	2	0
593	949	2	0
601	949	2	0
605	949	5	0
615	949	3	0
622	949	3	0
627	949	2	0
639	949	3	0
642	949	1	0
670	949	2	0
707	949	3	0
711	949	4	0
712	949	4	0
716	949	3	0
727	949	3	0
747	949	5	0
771	949	5	0
790	949	4	0
796	949	4	0
798	949	3	0
804	949	3	0
840	949	4	0
846	949	2	0
860	949	3	0
861	949	4	0
870	949	3	0
877	949	3	0
878	949	3	0
884	949	2	0
885	949	4	0
889	949	3	0
901	949	3	0
922	949	5	0
934	949	3	0
18	959	3	0
49	959	2	0
59	959	4	0
62	959	4	0
64	959	4	0
94	959	5	0
130	959	4	0
198	959	3	0
234	959	2	0
244	959	4	0
259	959	4	0
262	959	2	0
267	959	3	0
269	959	5	0
276	959	4	0
299	959	2	0
301	959	4	0
308	959	3	0
314	959	3	0
327	959	5	0
336	959	3	0
346	959	2	0
347	959	5	0
363	959	1	0
378	959	3	0
380	959	2	0
385	959	3	0
399	959	3	0
405	959	1	0
416	959	5	0
445	959	5	0
453	959	4	0
456	959	4	0
457	959	4	0
476	959	3	0
478	959	4	0
493	959	2	0
537	959	3	0
542	959	3	0
551	959	5	0
561	959	3	0
566	959	4	0
588	959	5	0
606	959	5	0
618	959	4	0
642	959	5	0
643	959	3	0
645	959	4	0
655	959	3	0
666	959	4	0
682	959	4	0
709	959	4	0
711	959	5	0
747	959	5	0
758	959	3	0
773	959	4	0
790	959	3	0
805	959	2	0
843	959	2	0
870	959	4	0
886	959	3	0
889	959	3	0
916	959	4	0
933	959	1	0
18	969	3	0
25	969	3	0
41	969	4	0
42	969	5	0
43	969	5	0
56	969	3	0
59	969	3	0
64	969	3	0
94	969	4	0
115	969	1	0
148	969	4	0
151	969	5	0
160	969	1	0
210	969	4	0
223	969	5	0
230	969	4	0
250	969	5	0
275	969	2	0
276	969	4	0
279	969	3	0
286	969	5	0
313	969	4	0
326	969	4	0
330	969	5	0
334	969	4	0
340	969	5	0
378	969	4	0
387	969	3	0
389	969	4	0
398	969	4	0
399	969	3	0
405	969	3	0
407	969	4	0
412	969	3	0
424	969	1	0
437	969	4	0
450	969	4	0
452	969	2	0
458	969	4	0
459	969	3	0
471	969	2	0
495	969	4	0
504	969	4	0
588	969	5	0
592	969	4	0
606	969	5	0
608	969	5	0
618	969	3	0
620	969	4	0
641	969	4	0
642	969	2	0
643	969	4	0
650	969	3	0
654	969	5	0
670	969	2	0
686	969	5	0
711	969	5	0
712	969	4	0
716	969	4	0
738	969	4	0
739	969	1	0
749	969	4	0
757	969	3	0
804	969	4	0
807	969	4	0
815	969	5	0
850	969	5	0
852	969	5	0
862	969	5	0
864	969	4	0
882	969	5	0
887	969	5	0
892	969	4	0
911	969	5	0
942	969	4	0
42	1041	4	0
65	1041	3	0
83	1041	4	0
87	1041	4	0
92	1041	3	0
145	1041	5	0
151	1041	3	0
152	1041	5	0
174	1041	5	0
188	1041	3	0
194	1041	2	0
222	1041	3	0
244	1041	4	0
256	1041	4	0
268	1041	1	0
280	1041	5	0
293	1041	2	0
303	1041	2	0
311	1041	3	0
314	1041	4	0
320	1041	3	0
328	1041	3	0
334	1041	3	0
336	1041	2	0
361	1041	2	0
389	1041	3	0
398	1041	3	0
405	1041	5	0
407	1041	3	0
416	1041	3	0
417	1041	3	0
450	1041	4	0
477	1041	5	0
478	1041	3	0
496	1041	1	0
497	1041	3	0
504	1041	3	0
523	1041	4	0
524	1041	2	0
533	1041	2	0
541	1041	3	0
554	1041	3	0
588	1041	2	0
591	1041	2	0
648	1041	3	0
655	1041	3	0
690	1041	3	0
741	1041	4	0
747	1041	4	0
749	1041	4	0
795	1041	3	0
796	1041	5	0
804	1041	3	0
846	1041	4	0
860	1041	2	0
870	1041	2	0
878	1041	1	0
880	1041	4	0
883	1041	3	0
901	1041	5	0
904	1041	2	0
912	1041	4	0
42	1044	4	0
65	1044	3	0
94	1044	4	0
122	1044	5	0
151	1044	2	0
194	1044	2	0
222	1044	4	0
224	1044	3	0
234	1044	2	0
246	1044	1	0
276	1044	3	0
293	1044	2	0
303	1044	3	0
318	1044	4	0
330	1044	5	0
378	1044	3	0
393	1044	4	0
405	1044	4	0
407	1044	3	0
417	1044	3	0
435	1044	4	0
450	1044	4	0
487	1044	3	0
524	1044	4	0
551	1044	3	0
561	1044	2	0
566	1044	3	0
577	1044	4	0
588	1044	4	0
627	1044	2	0
653	1044	1	0
655	1044	3	0
659	1044	4	0
786	1044	4	0
790	1044	4	0
846	1044	4	0
864	1044	3	0
870	1044	2	0
880	1044	4	0
943	1044	3	0
59	1118	2	0
62	1118	3	0
87	1118	3	0
94	1118	4	0
196	1118	4	0
207	1118	3	0
210	1118	4	0
244	1118	4	0
264	1118	4	0
268	1118	3	0
276	1118	4	0
279	1118	3	0
286	1118	1	0
303	1118	3	0
308	1118	4	0
325	1118	3	0
326	1118	2	0
336	1118	4	0
385	1118	3	0
387	1118	3	0
405	1118	1	0
406	1118	3	0
407	1118	4	0
429	1118	4	0
476	1118	3	0
495	1118	5	0
504	1118	3	0
536	1118	2	0
551	1118	5	0
621	1118	3	0
650	1118	3	0
655	1118	3	0
682	1118	3	0
690	1118	1	0
711	1118	4	0
774	1118	3	0
790	1118	3	0
805	1118	5	0
823	1118	3	0
833	1118	3	0
843	1118	2	0
846	1118	5	0
848	1118	5	0
870	1118	3	0
881	1118	3	0
883	1118	4	0
892	1118	3	0
59	1119	4	0
89	1119	3	0
94	1119	4	0
99	1119	4	0
122	1119	3	0
165	1119	3	0
178	1119	4	0
180	1119	3	0
187	1119	3	0
224	1119	3	0
235	1119	3	0
244	1119	5	0
256	1119	3	0
270	1119	5	0
286	1119	3	0
293	1119	1	0
299	1119	4	0
311	1119	4	0
354	1119	4	0
361	1119	3	0
373	1119	5	0
381	1119	4	0
389	1119	3	0
398	1119	4	0
405	1119	3	0
416	1119	5	0
417	1119	3	0
429	1119	3	0
436	1119	4	0
450	1119	4	0
457	1119	4	0
472	1119	5	0
495	1119	4	0
532	1119	5	0
561	1119	3	0
593	1119	5	0
608	1119	5	0
629	1119	5	0
650	1119	3	0
659	1119	4	0
663	1119	3	0
711	1119	4	0
712	1119	4	0
721	1119	4	0
727	1119	3	0
756	1119	4	0
790	1119	4	0
796	1119	4	0
798	1119	3	0
805	1119	3	0
831	1119	3	0
864	1119	3	0
871	1119	3	0
880	1119	3	0
886	1119	4	0
896	1119	3	0
907	1119	5	0
916	1119	3	0
919	1119	3	0
94	1220	3	0
116	1220	2	0
130	1220	5	0
194	1220	3	0
201	1220	2	0
222	1220	4	0
246	1220	3	0
262	1220	4	0
276	1220	4	0
291	1220	5	0
293	1220	2	0
303	1220	2	0
314	1220	5	0
378	1220	3	0
399	1220	2	0
405	1220	3	0
406	1220	3	0
416	1220	3	0
429	1220	3	0
450	1220	5	0
456	1220	3	0
487	1220	4	0
551	1220	5	0
561	1220	2	0
682	1220	4	0
712	1220	5	0
846	1220	2	0
896	1220	1	0
907	1220	5	0
916	1220	3	0
94	1221	3	0
95	1221	4	0
128	1221	3	0
159	1221	5	0
174	1221	5	0
224	1221	3	0
234	1221	4	0
276	1221	3	0
280	1221	5	0
295	1221	5	0
311	1221	4	0
314	1221	3	0
345	1221	3	0
378	1221	3	0
393	1221	3	0
405	1221	1	0
416	1221	5	0
450	1221	5	0
457	1221	4	0
474	1221	4	0
478	1221	2	0
532	1221	5	0
593	1221	3	0
608	1221	2	0
618	1221	2	0
643	1221	3	0
655	1221	3	0
682	1221	3	0
694	1221	3	0
711	1221	4	0
712	1221	4	0
721	1221	3	0
764	1221	4	0
846	1221	3	0
870	1221	3	0
885	1221	3	0
896	1221	2	0
907	1221	5	0
942	1221	4	0
