1	18	4	0
14	18	3	0
15	18	1	0
59	18	4	0
90	18	3	0
181	18	1	0
207	18	2	0
385	18	5	0
585	18	2	0
655	18	3	0
1	34	2	0
94	34	1	0
184	34	2	0
276	34	2	0
286	34	5	0
297	34	3	0
551	34	4	0
1	40	3	0
5	40	4	0
10	40	4	0
11	40	3	0
13	40	2	0
43	40	3	0
49	40	1	0
87	40	3	0
92	40	3	0
119	40	4	0
174	40	4	0
180	40	4	0
184	40	4	0
210	40	3	0
222	40	1	0
234	40	2	0
244	40	2	0
262	40	4	0
268	40	3	0
271	40	1	0
276	40	3	0
279	40	4	0
280	40	5	0
286	40	4	0
318	40	4	0
345	40	3	0
378	40	3	0
389	40	3	0
393	40	1	0
405	40	2	0
406	40	3	0
407	40	1	0
417	40	3	0
435	40	3	0
455	40	3	0
478	40	1	0
504	40	4	0
551	40	1	0
561	40	2	0
577	40	4	0
584	40	4	0
588	40	4	0
593	40	1	0
621	40	3	0
642	40	4	0
648	40	4	0
660	40	2	0
711	40	4	0
712	40	5	0
715	40	1	0
747	40	2	0
766	40	3	0
804	40	3	0
805	40	3	0
846	40	2	0
880	40	2	0
897	40	3	0
1	108	5	0
45	108	4	0
49	108	2	0
63	108	2	0
75	108	4	0
85	108	2	0
92	108	2	0
181	108	1	0
192	108	4	0
196	108	4	0
198	108	3	0
216	108	4	0
221	108	3	0
249	108	3	0
259	108	4	0
267	108	4	0
268	108	3	0
269	108	5	0
276	108	3	0
279	108	4	0
287	108	4	0
297	108	4	0
327	108	3	0
336	108	3	0
342	108	4	0
365	108	2	0
393	108	2	0
397	108	4	0
432	108	3	0
435	108	1	0
459	108	1	0
467	108	4	0
479	108	4	0
486	108	4	0
497	108	3	0
501	108	4	0
521	108	3	0
560	108	1	0
566	108	2	0
584	108	3	0
595	108	2	0
606	108	1	0
621	108	3	0
624	108	3	0
663	108	2	0
666	108	3	0
682	108	3	0
715	108	4	0
716	108	2	0
727	108	3	0
747	108	4	0
758	108	5	0
790	108	3	0
795	108	3	0
804	108	3	0
805	108	3	0
833	108	2	0
847	108	2	0
848	108	5	0
864	108	3	0
865	108	1	0
881	108	3	0
886	108	5	0
896	108	3	0
936	108	4	0
1	139	3	0
5	139	3	0
7	139	3	0
38	139	2	0
70	139	3	0
83	139	3	0
95	139	4	0
174	139	3	0
200	139	3	0
268	139	2	0
269	139	1	0
276	139	4	0
279	139	3	0
286	139	3	0
290	139	2	0
293	139	3	0
303	139	3	0
308	139	3	0
313	139	3	0
339	139	3	0
373	139	3	0
380	139	1	0
381	139	3	0
393	139	4	0
399	139	3	0
405	139	3	0
417	139	3	0
435	139	2	0
437	139	3	0
450	139	5	0
495	139	2	0
497	139	3	0
504	139	3	0
532	139	5	0
536	139	4	0
541	139	3	0
545	139	3	0
642	139	1	0
653	139	2	0
660	139	2	0
749	139	4	0
758	139	4	0
790	139	2	0
804	139	3	0
807	139	2	0
846	139	2	0
868	139	1	0
881	139	3	0
896	139	2	0
943	139	1	0
1	266	1	0
7	266	4	0
35	266	3	0
48	266	3	0
100	266	2	0
126	266	5	0
137	266	5	0
145	266	3	0
181	266	1	0
230	266	4	0
302	266	2	0
388	266	5	0
409	266	1	0
416	266	3	0
451	266	2	0
479	266	3	0
489	266	5	0
502	266	3	0
509	266	1	0
519	266	5	0
532	266	4	0
545	266	2	0
587	266	1	0
592	266	1	0
626	266	1	0
660	266	2	0
721	266	3	0
724	266	1	0
782	266	1	0
802	266	3	0
813	266	2	0
831	266	3	0
851	266	3	0
928	266	5	0
939	266	2	0
2	299	4	0
3	299	3	0
13	299	3	0
21	299	1	0
31	299	4	0
34	299	5	0
49	299	2	0
104	299	3	0
113	299	5	0
116	299	3	0
119	299	4	0
130	299	3	0
145	299	4	0
159	299	3	0
164	299	4	0
170	299	3	0
173	299	4	0
177	299	4	0
181	299	1	0
186	299	3	0
294	299	3	0
301	299	3	0
302	299	2	0
317	299	4	0
328	299	2	0
341	299	5	0
372	299	4	0
422	299	1	0
423	299	3	0
435	299	4	0
446	299	2	0
450	299	2	0
451	299	1	0
464	299	4	0
486	299	1	0
488	299	3	0
489	299	2	0
510	299	3	0
511	299	2	0
519	299	5	0
537	299	2	0
557	299	4	0
567	299	4	0
592	299	1	0
611	299	1	0
616	299	3	0
621	299	1	0
663	299	2	0
682	299	4	0
683	299	3	0
685	299	2	0
686	299	5	0
708	299	1	0
710	299	3	0
717	299	4	0
721	299	3	0
724	299	1	0
755	299	2	0
782	299	3	0
783	299	5	0
784	299	3	0
791	299	2	0
801	299	2	0
802	299	4	0
809	299	4	0
851	299	4	0
853	299	4	0
863	299	2	0
880	299	4	0
894	299	3	0
896	299	1	0
920	299	2	0
925	299	3	0
2	309	1	0
6	309	2	0
7	309	3	0
48	309	3	0
161	309	2	0
206	309	2	0
223	309	4	0
249	309	3	0
286	309	5	0
296	309	1	0
302	309	2	0
308	309	1	0
313	309	4	0
360	309	2	0
365	309	1	0
443	309	5	0
509	309	2	0
529	309	3	0
629	309	3	0
650	309	3	0
651	309	1	0
688	309	5	0
699	309	3	0
707	309	2	0
797	309	3	0
816	309	5	0
826	309	4	0
898	309	5	0
3	319	2	0
10	319	3	0
13	319	4	0
14	319	1	0
18	319	4	0
19	319	4	0
21	319	2	0
30	319	4	0
31	319	4	0
36	319	2	0
39	319	4	0
50	319	5	0
79	319	4	0
83	319	1	0
85	319	4	0
86	319	3	0
88	319	3	0
102	319	4	0
108	319	5	0
113	319	2	0
123	319	4	0
126	319	2	0
128	319	5	0
140	319	4	0
144	319	3	0
146	319	4	0
147	319	4	0
149	319	2	0
150	319	4	0
152	319	2	0
155	319	3	0
159	319	1	0
173	319	4	0
176	319	3	0
178	319	1	0
181	319	3	0
201	319	2	0
207	319	3	0
214	319	3	0
220	319	4	0
227	319	4	0
234	319	3	0
235	319	4	0
256	319	2	0
260	319	2	0
266	319	2	0
270	319	5	0
273	319	4	0
274	319	5	0
279	319	4	0
282	319	4	0
284	319	3	0
285	319	3	0
299	319	3	0
303	319	5	0
306	319	4	0
308	319	4	0
309	319	4	0
323	319	2	0
325	319	3	0
334	319	3	0
342	319	4	0
344	319	1	0
354	319	3	0
355	319	5	0
361	319	5	0
364	319	3	0
365	319	4	0
378	319	3	0
383	319	2	0
387	319	1	0
390	319	5	0
392	319	5	0
408	319	5	0
416	319	5	0
420	319	4	0
425	319	1	0
427	319	3	0
429	319	3	0
437	319	5	0
440	319	2	0
448	319	5	0
451	319	2	0
458	319	4	0
461	319	3	0
463	319	1	0
465	319	3	0
470	319	3	0
473	319	3	0
476	319	1	0
480	319	3	0
485	319	3	0
486	319	3	0
489	319	3	0
491	319	1	0
500	319	4	0
503	319	3	0
507	319	3	0
509	319	2	0
524	319	4	0
529	319	4	0
530	319	3	0
533	319	3	0
535	319	5	0
537	319	4	0
539	319	5	0
542	319	3	0
547	319	4	0
555	319	5	0
556	319	3	0
560	319	4	0
561	319	2	0
568	319	2	0
572	319	4	0
574	319	5	0
576	319	3	0
587	319	3	0
592	319	4	0
594	319	3	0
599	319	2	0
608	319	4	0
609	319	1	0
615	319	4	0
624	319	3	0
629	319	4	0
645	319	3	0
646	319	3	0
655	319	3	0
659	319	3	0
662	319	3	0
663	319	1	0
664	319	4	0
665	319	4	0
666	319	4	0
685	319	2	0
687	319	4	0
695	319	5	0
699	319	3	0
707	319	5	0
708	319	5	0
720	319	3	0
721	319	3	0
728	319	3	0
735	319	4	0
740	319	3	0
748	319	3	0
755	319	3	0
758	319	4	0
787	319	3	0
791	319	2	0
795	319	4	0
799	319	4	0
805	319	2	0
809	319	3	0
819	319	4	0
824	319	2	0
829	319	4	0
839	319	1	0
861	319	5	0
863	319	2	0
866	319	4	0
883	319	3	0
894	319	4	0
898	319	5	0
905	319	2	0
919	319	3	0
936	319	4	0
940	319	2	0
3	321	5	0
6	321	3	0
10	321	4	0
13	321	2	0
16	321	3	0
21	321	3	0
26	321	3	0
30	321	4	0
31	321	4	0
35	321	3	0
40	321	4	0
43	321	3	0
47	321	4	0
57	321	4	0
59	321	4	0
63	321	3	0
69	321	4	0
87	321	2	0
88	321	1	0
89	321	4	0
98	321	3	0
100	321	1	0
107	321	2	0
111	321	3	0
112	321	3	0
113	321	3	0
123	321	4	0
130	321	5	0
135	321	4	0
140	321	4	0
149	321	2	0
151	321	4	0
153	321	3	0
155	321	4	0
169	321	3	0
173	321	4	0
176	321	4	0
177	321	2	0
179	321	1	0
181	321	2	0
184	321	5	0
185	321	5	0
194	321	3	0
197	321	3	0
201	321	3	0
203	321	3	0
204	321	1	0
209	321	4	0
223	321	1	0
224	321	2	0
227	321	3	0
234	321	2	0
250	321	5	0
261	321	3	0
266	321	3	0
273	321	4	0
279	321	5	0
303	321	3	0
306	321	3	0
308	321	3	0
311	321	3	0
318	321	4	0
324	321	3	0
327	321	3	0
354	321	2	0
360	321	3	0
362	321	2	0
364	321	2	0
365	321	5	0
370	321	2	0
376	321	3	0
378	321	3	0
383	321	5	0
387	321	3	0
392	321	5	0
393	321	3	0
400	321	4	0
401	321	2	0
409	321	2	0
413	321	3	0
429	321	3	0
435	321	3	0
438	321	5	0
446	321	4	0
448	321	4	0
451	321	3	0
455	321	2	0
458	321	3	0
460	321	3	0
461	321	3	0
462	321	5	0
464	321	4	0
466	321	2	0
468	321	3	0
473	321	2	0
482	321	3	0
485	321	3	0
486	321	3	0
488	321	3	0
489	321	3	0
503	321	2	0
524	321	3	0
529	321	4	0
537	321	3	0
542	321	4	0
547	321	4	0
556	321	4	0
560	321	3	0
563	321	5	0
569	321	4	0
570	321	1	0
574	321	1	0
575	321	3	0
582	321	3	0
587	321	2	0
608	321	2	0
624	321	4	0
655	321	3	0
663	321	5	0
664	321	3	0
672	321	4	0
673	321	3	0
675	321	2	0
683	321	5	0
687	321	4	0
692	321	3	0
699	321	3	0
720	321	4	0
721	321	3	0
725	321	2	0
732	321	3	0
735	321	3	0
742	321	3	0
743	321	2	0
752	321	3	0
764	321	1	0
772	321	5	0
782	321	2	0
784	321	3	0
796	321	2	0
798	321	3	0
799	321	4	0
803	321	4	0
805	321	3	0
810	321	5	0
811	321	3	0
819	321	4	0
824	321	2	0
825	321	3	0
839	321	1	0
854	321	3	0
857	321	4	0
860	321	3	0
861	321	1	0
863	321	4	0
866	321	3	0
873	321	1	0
874	321	3	0
875	321	3	0
878	321	2	0
892	321	5	0
901	321	1	0
905	321	4	0
906	321	4	0
915	321	3	0
919	321	2	0
926	321	3	0
936	321	3	0
940	321	4	0
3	324	2	0
4	324	5	0
7	324	1	0
11	324	1	0
21	324	4	0
24	324	5	0
34	324	5	0
47	324	3	0
49	324	4	0
50	324	5	0
74	324	3	0
76	324	4	0
104	324	1	0
105	324	4	0
113	324	2	0
116	324	2	0
118	324	4	0
135	324	3	0
150	324	4	0
154	324	2	0
155	324	2	0
173	324	5	0
176	324	5	0
177	324	4	0
181	324	1	0
199	324	1	0
201	324	5	0
214	324	5	0
227	324	4	0
244	324	4	0
248	324	4	0
250	324	2	0
255	324	5	0
257	324	5	0
267	324	3	0
268	324	4	0
270	324	2	0
276	324	4	0
280	324	5	0
284	324	3	0
291	324	1	0
292	324	3	0
294	324	4	0
303	324	3	0
309	324	3	0
315	324	3	0
327	324	3	0
334	324	4	0
335	324	1	0
342	324	1	0
343	324	5	0
347	324	1	0
350	324	4	0
355	324	4	0
358	324	4	0
367	324	5	0
387	324	4	0
392	324	1	0
397	324	2	0
408	324	5	0
414	324	4	0
417	324	1	0
422	324	5	0
425	324	3	0
440	324	5	0
445	324	1	0
451	324	4	0
456	324	4	0
466	324	1	0
479	324	1	0
486	324	4	0
489	324	3	0
501	324	4	0
506	324	1	0
510	324	1	0
519	324	1	0
521	324	2	0
527	324	3	0
529	324	2	0
543	324	3	0
551	324	3	0
556	324	4	0
570	324	2	0
576	324	2	0
578	324	1	0
589	324	1	0
592	324	4	0
595	324	3	0
601	324	4	0
611	324	3	0
626	324	4	0
629	324	2	0
655	324	3	0
663	324	2	0
669	324	3	0
685	324	3	0
687	324	2	0
695	324	2	0
697	324	5	0
699	324	4	0
717	324	3	0
721	324	3	0
732	324	2	0
733	324	4	0
736	324	3	0
758	324	5	0
773	324	3	0
781	324	4	0
782	324	2	0
787	324	2	0
806	324	2	0
817	324	2	0
820	324	3	0
833	324	3	0
836	324	4	0
842	324	4	0
854	324	3	0
863	324	5	0
871	324	3	0
890	324	4	0
894	324	3	0
898	324	4	0
903	324	4	0
925	324	4	0
936	324	5	0
3	335	1	0
130	335	3	0
141	335	1	0
181	335	1	0
221	335	4	0
241	335	3	0
255	335	4	0
270	335	3	0
341	335	4	0
369	335	2	0
451	335	4	0
479	335	3	0
517	335	3	0
519	335	5	0
532	335	3	0
710	335	1	0
721	335	3	0
782	335	2	0
783	335	3	0
813	335	2	0
871	335	3	0
3	342	4	0
13	342	4	0
61	342	2	0
99	342	1	0
100	342	3	0
104	342	3	0
130	342	3	0
145	342	4	0
146	342	1	0
164	342	2	0
178	342	4	0
261	342	3	0
279	342	4	0
281	342	1	0
294	342	3	0
332	342	4	0
335	342	2	0
365	342	2	0
393	342	5	0
395	342	4	0
401	342	1	0
404	342	3	0
441	342	4	0
442	342	2	0
489	342	3	0
501	342	4	0
502	342	4	0
506	342	3	0
514	342	1	0
515	342	3	0
526	342	2	0
587	342	1	0
592	342	2	0
611	342	3	0
624	342	3	0
640	342	5	0
713	342	3	0
724	342	3	0
758	342	4	0
782	342	2	0
787	342	2	0
796	342	5	0
810	342	5	0
813	342	1	0
816	342	4	0
834	342	2	0
851	342	2	0
863	342	1	0
871	342	4	0
873	342	4	0
880	342	3	0
883	342	4	0
3	349	3	0
13	349	1	0
100	349	3	0
116	349	2	0
119	349	3	0
209	349	2	0
224	349	4	0
229	349	4	0
240	349	1	0
328	349	2	0
393	349	3	0
466	349	2	0
487	349	3	0
489	349	4	0
519	349	5	0
537	349	1	0
546	349	4	0
587	349	3	0
598	349	4	0
616	349	4	0
646	349	2	0
660	349	3	0
688	349	5	0
724	349	2	0
782	349	3	0
816	349	4	0
842	349	3	0
851	349	3	0
863	349	1	0
864	349	4	0
883	349	2	0
3	351	3	0
13	351	1	0
74	351	3	0
91	351	4	0
209	351	2	0
317	351	3	0
363	351	2	0
405	351	1	0
435	351	2	0
489	351	5	0
519	351	5	0
551	351	3	0
587	351	2	0
663	351	2	0
677	351	2	0
682	351	4	0
724	351	1	0
752	351	3	0
782	351	3	0
787	351	3	0
3	355	3	0
13	355	3	0
94	355	2	0
100	355	4	0
116	355	2	0
130	355	4	0
133	355	2	0
145	355	3	0
276	355	3	0
294	355	4	0
317	355	4	0
335	355	3	0
384	355	4	0
393	355	3	0
423	355	3	0
425	355	3	0
472	355	3	0
489	355	5	0
511	355	2	0
551	355	4	0
578	355	1	0
587	355	3	0
611	355	1	0
616	355	4	0
650	355	2	0
668	355	2	0
669	355	2	0
726	355	3	0
752	355	2	0
758	355	4	0
776	355	3	0
782	355	3	0
801	355	3	0
816	355	2	0
828	355	2	0
851	355	4	0
863	355	4	0
883	355	5	0
894	355	3	0
931	355	2	0
940	355	1	0
4	362	5	0
13	362	4	0
142	362	3	0
179	362	1	0
193	362	3	0
197	362	4	0
206	362	1	0
260	362	5	0
393	362	3	0
418	362	1	0
425	362	3	0
463	362	1	0
472	362	5	0
515	362	4	0
561	362	2	0
588	362	3	0
616	362	3	0
660	362	2	0
682	362	2	0
708	362	1	0
713	362	1	0
729	362	4	0
758	362	5	0
787	362	3	0
842	362	3	0
863	362	1	0
931	362	3	0
942	362	3	0
5	363	3	0
13	363	3	0
37	363	3	0
92	363	3	0
99	363	4	0
102	363	2	0
130	363	3	0
145	363	4	0
178	363	3	0
181	363	1	0
190	363	2	0
200	363	3	0
217	363	1	0
222	363	2	0
256	363	3	0
268	363	1	0
279	363	5	0
289	363	3	0
294	363	1	0
301	363	4	0
303	363	1	0
346	363	3	0
347	363	1	0
374	363	3	0
393	363	3	0
425	363	1	0
497	363	2	0
506	363	3	0
551	363	4	0
619	363	2	0
622	363	4	0
637	363	2	0
650	363	2	0
655	363	3	0
663	363	2	0
682	363	2	0
705	363	2	0
709	363	3	0
727	363	3	0
788	363	2	0
792	363	3	0
804	363	4	0
817	363	3	0
825	363	4	0
851	363	4	0
872	363	4	0
880	363	4	0
5	364	1	0
83	364	1	0
92	364	3	0
110	364	3	0
125	364	3	0
152	364	4	0
159	364	1	0
167	364	3	0
174	364	1	0
216	364	2	0
222	364	1	0
267	364	2	0
268	364	3	0
276	364	3	0
279	364	4	0
280	364	3	0
291	364	3	0
303	364	2	0
393	364	2	0
394	364	3	0
399	364	4	0
405	364	1	0
416	364	2	0
417	364	3	0
453	364	3	0
497	364	3	0
504	364	2	0
532	364	3	0
621	364	3	0
622	364	1	0
642	364	5	0
648	364	5	0
690	364	3	0
758	364	4	0
773	364	4	0
790	364	2	0
886	364	3	0
5	370	1	0
11	370	3	0
13	370	1	0
21	370	1	0
27	370	4	0
79	370	2	0
92	370	1	0
101	370	2	0
164	370	5	0
181	370	2	0
201	370	1	0
226	370	3	0
236	370	3	0
256	370	3	0
268	370	2	0
270	370	5	0
328	370	3	0
330	370	4	0
332	370	2	0
348	370	4	0
349	370	2	0
363	370	3	0
378	370	2	0
403	370	3	0
422	370	2	0
457	370	3	0
472	370	4	0
500	370	3	0
504	370	3	0
518	370	4	0
534	370	4	0
548	370	3	0
588	370	5	0
654	370	2	0
666	370	2	0
699	370	3	0
788	370	2	0
825	370	3	0
938	370	5	0
5	373	3	0
56	373	4	0
102	373	2	0
109	373	5	0
130	373	4	0
158	373	2	0
195	373	3	0
197	373	1	0
200	373	4	0
217	373	2	0
222	373	3	0
276	373	2	0
279	373	4	0
301	373	4	0
303	373	2	0
393	373	4	0
405	373	2	0
417	373	3	0
450	373	3	0
457	373	2	0
472	373	4	0
497	373	4	0
532	373	3	0
545	373	3	0
600	373	3	0
622	373	1	0
640	373	3	0
648	373	3	0
650	373	1	0
705	373	3	0
758	373	4	0
774	373	2	0
790	373	3	0
804	373	2	0
807	373	4	0
826	373	3	0
846	373	3	0
864	373	2	0
943	373	3	0
5	376	2	0
22	376	3	0
56	376	3	0
92	376	3	0
110	376	2	0
125	376	3	0
194	376	2	0
291	376	3	0
303	376	2	0
318	376	3	0
330	376	4	0
393	376	4	0
405	376	5	0
435	376	2	0
541	376	3	0
642	376	3	0
684	376	3	0
690	376	3	0
712	376	3	0
715	376	2	0
786	376	3	0
790	376	2	0
846	376	2	0
880	376	3	0
5	379	3	0
7	379	4	0
13	379	1	0
21	379	3	0
130	379	4	0
135	379	2	0
145	379	3	0
201	379	3	0
222	379	1	0
254	379	1	0
268	379	1	0
270	379	5	0
276	379	3	0
279	379	3	0
280	379	5	0
286	379	5	0
291	379	3	0
303	379	4	0
314	379	3	0
367	379	4	0
368	379	4	0
399	379	3	0
405	379	1	0
422	379	2	0
425	379	2	0
495	379	5	0
545	379	4	0
546	379	4	0
561	379	2	0
586	379	4	0
620	379	4	0
648	379	1	0
671	379	3	0
682	379	4	0
709	379	3	0
727	379	2	0
802	379	4	0
804	379	3	0
833	379	2	0
843	379	2	0
880	379	4	0
896	379	2	0
932	379	2	0
5	396	5	0
7	396	4	0
13	396	3	0
21	396	2	0
49	396	4	0
87	396	1	0
92	396	3	0
102	396	2	0
118	396	5	0
174	396	1	0
184	396	3	0
201	396	3	0
216	396	3	0
222	396	1	0
269	396	4	0
276	396	4	0
279	396	3	0
286	396	4	0
291	396	4	0
299	396	4	0
303	396	4	0
308	396	4	0
318	396	1	0
327	396	3	0
334	396	4	0
339	396	4	0
368	396	2	0
378	396	4	0
389	396	3	0
393	396	1	0
405	396	1	0
406	396	3	0
416	396	2	0
417	396	2	0
422	396	4	0
450	396	2	0
500	396	3	0
504	396	2	0
542	396	4	0
617	396	1	0
622	396	1	0
655	396	2	0
690	396	2	0
766	396	2	0
796	396	2	0
802	396	2	0
804	396	3	0
805	396	4	0
833	396	3	0
846	396	5	0
870	396	3	0
880	396	2	0
883	396	2	0
886	396	2	0
5	397	2	0
110	397	3	0
268	397	2	0
276	397	1	0
279	397	4	0
303	397	1	0
326	397	3	0
405	397	4	0
543	397	3	0
586	397	3	0
727	397	2	0
826	397	3	0
5	400	1	0
13	400	4	0
38	400	1	0
254	400	3	0
399	400	3	0
405	400	1	0
407	400	1	0
436	400	3	0
450	400	3	0
472	400	5	0
504	400	3	0
642	400	4	0
705	400	4	0
712	400	3	0
798	400	3	0
846	400	1	0
881	400	2	0
921	400	4	0
5	415	1	0
7	415	2	0
95	415	3	0
174	415	3	0
254	415	3	0
276	415	3	0
279	415	3	0
311	415	3	0
313	415	2	0
339	415	3	0
346	415	2	0
393	415	4	0
405	415	2	0
416	415	4	0
429	415	3	0
437	415	4	0
450	415	3	0
484	415	3	0
551	415	4	0
712	415	4	0
798	415	3	0
804	415	3	0
807	415	3	0
846	415	2	0
943	415	1	0
5	422	4	0
95	422	2	0
128	422	4	0
222	422	2	0
230	422	3	0
330	422	4	0
405	422	1	0
417	422	3	0
450	422	3	0
471	422	5	0
479	422	3	0
484	422	3	0
505	422	3	0
528	422	2	0
620	422	1	0
642	422	3	0
776	422	2	0
805	422	4	0
807	422	4	0
826	422	2	0
843	422	2	0
864	422	3	0
892	422	1	0
896	422	3	0
921	422	3	0
927	422	4	0
5	426	3	0
56	426	4	0
130	426	4	0
222	426	1	0
246	426	3	0
276	426	3	0
287	426	3	0
293	426	1	0
301	426	4	0
303	426	3	0
363	426	2	0
399	426	3	0
405	426	1	0
472	426	4	0
487	426	3	0
496	426	3	0
532	426	5	0
537	426	1	0
545	426	3	0
561	426	1	0
715	426	5	0
757	426	3	0
761	426	1	0
823	426	4	0
826	426	2	0
846	426	1	0
847	426	2	0
868	426	4	0
893	426	4	0
896	426	2	0
927	426	4	0
943	426	4	0
5	444	2	0
7	444	5	0
13	444	4	0
21	444	3	0
28	444	3	0
38	444	1	0
102	444	1	0
130	444	4	0
246	444	4	0
255	444	3	0
269	444	3	0
279	444	3	0
311	444	2	0
326	444	4	0
363	444	4	0
385	444	1	0
387	444	4	0
399	444	1	0
405	444	3	0
406	444	3	0
417	444	4	0
435	444	3	0
495	444	3	0
545	444	3	0
604	444	2	0
617	444	4	0
620	444	3	0
642	444	1	0
648	444	3	0
650	444	2	0
653	444	1	0
660	444	2	0
727	444	2	0
749	444	2	0
774	444	1	0
776	444	2	0
788	444	3	0
798	444	2	0
802	444	4	0
804	444	4	0
814	444	2	0
815	444	2	0
833	444	3	0
843	444	2	0
847	444	3	0
890	444	4	0
5	454	1	0
90	454	2	0
144	454	3	0
145	454	1	0
178	454	4	0
201	454	2	0
331	454	3	0
374	454	4	0
389	454	2	0
399	454	3	0
436	454	4	0
454	454	3	0
504	454	5	0
535	454	3	0
648	454	3	0
655	454	3	0
7	560	3	0
95	560	1	0
200	560	4	0
393	560	3	0
399	560	3	0
405	560	1	0
416	560	3	0
484	560	4	0
506	560	3	0
541	560	3	0
577	560	3	0
620	560	4	0
642	560	4	0
705	560	2	0
712	560	3	0
798	560	3	0
821	560	3	0
846	560	1	0
901	560	3	0
921	560	2	0
927	560	2	0
932	560	2	0
7	565	4	0
13	565	1	0
21	565	3	0
102	565	2	0
130	565	3	0
255	565	1	0
291	565	2	0
313	565	1	0
326	565	3	0
367	565	2	0
405	565	2	0
406	565	3	0
407	565	3	0
617	565	4	0
620	565	4	0
642	565	4	0
648	565	3	0
650	565	3	0
796	565	3	0
802	565	3	0
814	565	3	0
846	565	2	0
7	567	1	0
13	567	1	0
21	567	2	0
28	567	4	0
59	567	4	0
130	567	2	0
201	567	3	0
246	567	5	0
262	567	1	0
276	567	3	0
291	567	5	0
308	567	4	0
367	567	4	0
368	567	3	0
387	567	2	0
405	567	2	0
422	567	3	0
435	567	3	0
472	567	4	0
504	567	2	0
546	567	4	0
604	567	5	0
617	567	2	0
621	567	3	0
709	567	2	0
727	567	2	0
758	567	4	0
773	567	2	0
774	567	1	0
776	567	2	0
795	567	2	0
802	567	4	0
847	567	3	0
868	567	1	0
925	567	3	0
7	572	3	0
13	572	2	0
94	572	3	0
109	572	3	0
130	572	3	0
145	572	5	0
246	572	3	0
276	572	3	0
291	572	3	0
293	572	2	0
320	572	3	0
328	572	3	0
346	572	5	0
363	572	2	0
374	572	2	0
378	572	3	0
393	572	4	0
435	572	2	0
442	572	3	0
487	572	1	0
551	572	1	0
643	572	3	0
653	572	2	0
655	572	2	0
682	572	4	0
693	572	2	0
788	572	3	0
790	572	3	0
896	572	2	0
7	573	5	0
11	573	3	0
13	573	3	0
21	573	2	0
28	573	4	0
38	573	1	0
95	573	1	0
254	573	2	0
291	573	4	0
312	573	5	0
339	573	3	0
366	573	5	0
368	573	3	0
375	573	4	0
380	573	1	0
405	573	3	0
406	573	3	0
425	573	3	0
435	573	1	0
495	573	4	0
524	573	4	0
537	573	2	0
617	573	4	0
653	573	1	0
661	573	3	0
682	573	4	0
774	573	2	0
796	573	4	0
802	573	4	0
804	573	3	0
833	573	1	0
881	573	3	0
934	573	2	0
7	579	4	0
267	579	3	0
268	579	1	0
308	579	3	0
328	579	3	0
336	579	3	0
389	579	1	0
405	579	1	0
417	579	2	0
476	579	2	0
504	579	4	0
577	579	4	0
642	579	4	0
650	579	3	0
788	579	3	0
868	579	1	0
870	579	2	0
880	579	3	0
922	579	3	0
7	586	3	0
13	586	3	0
94	586	1	0
95	586	2	0
110	586	3	0
197	586	3	0
200	586	4	0
217	586	2	0
276	586	3	0
279	586	4	0
280	586	4	0
303	586	2	0
313	586	2	0
320	586	3	0
328	586	1	0
393	586	3	0
405	586	4	0
453	586	2	0
487	586	2	0
506	586	2	0
532	586	4	0
543	586	3	0
586	586	2	0
600	586	2	0
622	586	3	0
627	586	3	0
648	586	3	0
682	586	1	0
749	586	4	0
788	586	2	0
796	586	3	0
798	586	2	0
826	586	4	0
846	586	2	0
7	623	3	0
56	623	3	0
83	623	4	0
95	623	3	0
174	623	3	0
194	623	1	0
221	623	3	0
222	623	2	0
233	623	3	0
234	623	2	0
311	623	2	0
314	623	5	0
328	623	3	0
378	623	3	0
393	623	3	0
405	623	1	0
457	623	3	0
504	623	3	0
505	623	3	0
541	623	3	0
577	623	5	0
588	623	3	0
601	623	1	0
620	623	4	0
642	623	4	0
682	623	3	0
705	623	5	0
712	623	4	0
778	623	1	0
788	623	3	0
796	623	3	0
798	623	3	0
815	623	3	0
846	623	1	0
864	623	3	0
880	623	4	0
886	623	1	0
901	623	4	0
927	623	3	0
7	635	3	0
13	635	1	0
21	635	4	0
102	635	2	0
145	635	4	0
188	635	2	0
234	635	2	0
334	635	2	0
372	635	5	0
378	635	2	0
407	635	3	0
429	635	3	0
435	635	3	0
436	635	3	0
442	635	4	0
617	635	4	0
648	635	2	0
650	635	3	0
727	635	2	0
749	635	1	0
776	635	4	0
814	635	2	0
843	635	2	0
7	640	3	0
49	640	1	0
58	640	5	0
59	640	5	0
82	640	3	0
83	640	2	0
92	640	5	0
95	640	3	0
114	640	2	0
116	640	3	0
154	640	5	0
160	640	3	0
161	640	2	0
184	640	4	0
194	640	1	0
198	640	3	0
201	640	4	0
233	640	2	0
269	640	5	0
276	640	4	0
286	640	5	0
299	640	3	0
308	640	4	0
312	640	2	0
325	640	3	0
334	640	4	0
339	640	5	0
346	640	3	0
363	640	2	0
381	640	5	0
405	640	1	0
406	640	3	0
417	640	5	0
429	640	3	0
435	640	4	0
437	640	1	0
449	640	5	0
456	640	4	0
457	640	4	0
479	640	4	0
500	640	4	0
503	640	1	0
524	640	1	0
527	640	4	0
535	640	3	0
536	640	4	0
537	640	3	0
539	640	2	0
551	640	4	0
561	640	5	0
565	640	4	0
567	640	4	0
585	640	2	0
615	640	3	0
625	640	3	0
630	640	1	0
645	640	4	0
655	640	2	0
660	640	1	0
666	640	4	0
698	640	2	0
707	640	2	0
758	640	5	0
795	640	4	0
823	640	1	0
828	640	2	0
829	640	3	0
833	640	3	0
840	640	3	0
846	640	1	0
848	640	1	0
862	640	3	0
868	640	5	0
870	640	3	0
877	640	2	0
878	640	1	0
884	640	1	0
896	640	2	0
899	640	1	0
916	640	4	0
918	640	3	0
932	640	2	0
7	672	1	0
13	672	1	0
21	672	3	0
28	672	3	0
38	672	3	0
59	672	5	0
92	672	3	0
102	672	1	0
109	672	2	0
118	672	4	0
130	672	5	0
145	672	3	0
201	672	2	0
222	672	1	0
246	672	4	0
255	672	2	0
264	672	3	0
268	672	2	0
270	672	5	0
276	672	3	0
291	672	3	0
314	672	5	0
327	672	2	0
366	672	5	0
367	672	4	0
368	672	2	0
372	672	5	0
387	672	2	0
388	672	4	0
393	672	3	0
394	672	3	0
405	672	1	0
406	672	2	0
421	672	3	0
422	672	3	0
425	672	2	0
429	672	2	0
435	672	1	0
437	672	1	0
442	672	3	0
456	672	1	0
472	672	4	0
487	672	4	0
546	672	3	0
551	672	1	0
586	672	2	0
604	672	1	0
617	672	3	0
655	672	2	0
682	672	2	0
691	672	1	0
709	672	2	0
747	672	4	0
766	672	3	0
774	672	1	0
776	672	3	0
796	672	3	0
802	672	3	0
814	672	3	0
843	672	3	0
846	672	4	0
864	672	2	0
896	672	2	0
925	672	3	0
943	672	5	0
7	674	2	0
13	674	3	0
21	674	2	0
92	674	4	0
94	674	3	0
95	674	2	0
145	674	4	0
167	674	2	0
194	674	2	0
200	674	4	0
269	674	2	0
313	674	2	0
326	674	3	0
372	674	5	0
378	674	3	0
379	674	3	0
385	674	3	0
387	674	2	0
389	674	2	0
405	674	1	0
406	674	4	0
417	674	2	0
421	674	5	0
430	674	4	0
435	674	2	0
437	674	3	0
495	674	3	0
617	674	3	0
620	674	3	0
622	674	2	0
643	674	3	0
645	674	3	0
648	674	3	0
650	674	4	0
653	674	3	0
655	674	3	0
766	674	3	0
774	674	2	0
776	674	3	0
802	674	2	0
804	674	4	0
814	674	3	0
843	674	2	0
846	674	4	0
890	674	3	0
896	674	2	0
916	674	3	0
934	674	4	0
7	682	2	0
13	682	1	0
31	682	2	0
33	682	4	0
36	682	1	0
57	682	3	0
91	682	2	0
99	682	2	0
110	682	4	0
126	682	1	0
130	682	4	0
143	682	3	0
145	682	3	0
178	682	3	0
179	682	5	0
181	682	4	0
193	682	1	0
198	682	3	0
201	682	3	0
206	682	3	0
220	682	4	0
223	682	4	0
241	682	2	0
255	682	5	0
260	682	4	0
276	682	3	0
281	682	3	0
284	682	3	0
285	682	4	0
287	682	4	0
294	682	3	0
304	682	3	0
314	682	5	0
319	682	3	0
327	682	3	0
331	682	5	0
332	682	4	0
341	682	3	0
355	682	4	0
363	682	1	0
377	682	3	0
381	682	2	0
388	682	4	0
416	682	3	0
422	682	2	0
427	682	5	0
433	682	2	0
451	682	4	0
461	682	1	0
462	682	5	0
466	682	1	0
472	682	4	0
482	682	3	0
489	682	4	0
502	682	5	0
507	682	5	0
511	682	4	0
514	682	4	0
515	682	4	0
519	682	1	0
529	682	4	0
532	682	4	0
537	682	1	0
546	682	3	0
550	682	4	0
557	682	2	0
587	682	3	0
589	682	4	0
592	682	4	0
596	682	4	0
599	682	4	0
620	682	2	0
626	682	3	0
631	682	2	0
635	682	2	0
646	682	3	0
663	682	3	0
676	682	1	0
681	682	1	0
683	682	1	0
688	682	5	0
695	682	1	0
697	682	2	0
706	682	2	0
721	682	3	0
724	682	1	0
741	682	3	0
760	682	3	0
768	682	3	0
782	682	4	0
801	682	5	0
812	682	4	0
851	682	1	0
853	682	4	0
863	682	3	0
872	682	3	0
904	682	4	0
909	682	3	0
920	682	3	0
925	682	4	0
10	700	4	0
94	700	2	0
222	700	3	0
303	700	3	0
311	700	3	0
389	700	2	0
398	700	2	0
405	700	1	0
429	700	3	0
450	700	1	0
524	700	5	0
543	700	2	0
655	700	3	0
846	700	2	0
889	700	3	0
10	706	4	0
13	706	1	0
21	706	2	0
291	706	3	0
620	706	3	0
776	706	3	0
11	725	3	0
49	725	2	0
92	725	3	0
276	725	2	0
279	725	4	0
280	725	3	0
303	725	1	0
393	725	2	0
405	725	1	0
417	725	4	0
450	725	3	0
497	725	3	0
504	725	3	0
622	725	3	0
642	725	4	0
805	725	3	0
11	737	4	0
13	737	4	0
18	737	3	0
44	737	1	0
49	737	1	0
89	737	1	0
92	737	4	0
94	737	4	0
95	737	3	0
122	737	4	0
145	737	2	0
180	737	3	0
194	737	4	0
201	737	2	0
221	737	4	0
243	737	3	0
276	737	4	0
286	737	4	0
295	737	5	0
301	737	2	0
325	737	4	0
339	737	3	0
345	737	3	0
354	737	4	0
361	737	4	0
363	737	1	0
387	737	3	0
393	737	2	0
398	737	2	0
405	737	1	0
406	737	3	0
407	737	4	0
416	737	3	0
429	737	4	0
437	737	1	0
447	737	4	0
456	737	3	0
474	737	4	0
543	737	3	0
561	737	3	0
622	737	5	0
650	737	2	0
653	737	1	0
682	737	3	0
751	737	4	0
758	737	3	0
763	737	2	0
773	737	3	0
804	737	3	0
828	737	1	0
840	737	4	0
846	737	4	0
861	737	3	0
862	737	4	0
877	737	1	0
889	737	3	0
890	737	3	0
916	737	3	0
918	737	3	0
11	738	3	0
49	738	3	0
56	738	3	0
94	738	2	0
145	738	3	0
184	738	3	0
222	738	3	0
244	738	4	0
268	738	2	0
286	738	5	0
295	738	4	0
303	738	2	0
336	738	1	0
345	738	3	0
399	738	4	0
405	738	1	0
416	738	2	0
442	738	3	0
455	738	3	0
476	738	3	0
682	738	3	0
709	738	1	0
712	738	4	0
751	738	4	0
763	738	2	0
778	738	1	0
790	738	3	0
846	738	4	0
868	738	2	0
877	738	4	0
927	738	3	0
13	757	3	0
405	757	1	0
807	757	4	0
854	757	3	0
13	764	2	0
45	764	4	0
59	764	4	0
145	764	2	0
174	764	4	0
178	764	3	0
181	764	1	0
188	764	4	0
216	764	2	0
244	764	5	0
279	764	3	0
280	764	4	0
314	764	3	0
323	764	3	0
342	764	1	0
344	764	1	0
402	764	3	0
417	764	3	0
463	764	2	0
490	764	1	0
655	764	1	0
664	764	4	0
699	764	3	0
703	764	2	0
708	764	4	0
735	764	3	0
758	764	1	0
907	764	4	0
916	764	3	0
13	765	2	0
87	765	3	0
94	765	3	0
110	765	3	0
130	765	4	0
234	765	3	0
246	765	2	0
256	765	4	0
268	765	2	0
276	765	3	0
280	765	4	0
293	765	3	0
303	765	3	0
314	765	3	0
336	765	4	0
405	765	1	0
416	765	4	0
417	765	3	0
450	765	3	0
476	765	4	0
497	765	3	0
551	765	1	0
642	765	3	0
653	765	1	0
682	765	4	0
727	765	2	0
758	765	2	0
796	765	3	0
892	765	2	0
896	765	4	0
933	765	1	0
943	765	3	0
13	774	1	0
21	774	2	0
49	774	2	0
59	774	2	0
62	774	1	0
118	774	5	0
201	774	1	0
264	774	2	0
267	774	3	0
276	774	2	0
291	774	3	0
320	774	4	0
363	774	4	0
367	774	4	0
368	774	4	0
387	774	3	0
391	774	2	0
393	774	4	0
399	774	3	0
405	774	1	0
417	774	4	0
450	774	4	0
496	774	5	0
497	774	4	0
551	774	5	0
617	774	1	0
660	774	3	0
682	774	4	0
727	774	3	0
774	774	1	0
790	774	4	0
896	774	3	0
13	775	4	0
18	775	3	0
87	775	2	0
151	775	2	0
152	775	4	0
256	775	5	0
269	775	1	0
311	775	3	0
314	775	3	0
378	775	3	0
393	775	4	0
405	775	1	0
416	775	4	0
450	775	4	0
457	775	3	0
500	775	1	0
542	775	2	0
593	775	3	0
642	775	4	0
655	775	2	0
682	775	1	0
727	775	4	0
796	775	2	0
864	775	1	0
914	775	3	0
927	775	3	0
13	782	3	0
85	782	2	0
151	782	4	0
234	782	3	0
405	782	1	0
537	782	3	0
592	782	2	0
655	782	3	0
707	782	3	0
889	782	2	0
13	783	3	0
83	783	4	0
87	783	4	0
92	783	3	0
94	783	2	0
110	783	3	0
152	783	4	0
178	783	4	0
194	783	2	0
222	783	2	0
256	783	4	0
269	783	1	0
276	783	1	0
291	783	2	0
303	783	2	0
311	783	3	0
314	783	3	0
393	783	3	0
405	783	2	0
416	783	3	0
417	783	3	0
450	783	3	0
457	783	3	0
487	783	4	0
497	783	3	0
588	783	4	0
621	783	3	0
642	783	4	0
682	783	2	0
712	783	3	0
727	783	3	0
741	783	3	0
747	783	1	0
796	783	4	0
868	783	1	0
880	783	1	0
886	783	1	0
13	786	3	0
94	786	3	0
262	786	3	0
276	786	3	0
343	786	4	0
405	786	1	0
429	786	2	0
435	786	4	0
639	786	3	0
655	786	2	0
660	786	1	0
790	786	3	0
846	786	4	0
934	786	1	0
13	800	1	0
21	800	1	0
28	800	4	0
92	800	3	0
94	800	3	0
118	800	4	0
130	800	4	0
145	800	2	0
201	800	2	0
268	800	1	0
270	800	5	0
276	800	3	0
286	800	5	0
291	800	2	0
303	800	3	0
320	800	4	0
367	800	4	0
417	800	2	0
435	800	4	0
442	800	3	0
586	800	3	0
655	800	2	0
660	800	2	0
843	800	4	0
864	800	1	0
896	800	3	0
13	801	3	0
87	801	3	0
125	801	3	0
276	801	3	0
291	801	3	0
303	801	1	0
314	801	3	0
450	801	4	0
642	801	3	0
682	801	3	0
727	801	2	0
798	801	3	0
864	801	3	0
880	801	3	0
886	801	3	0
896	801	2	0
13	802	2	0
87	802	4	0
92	802	2	0
110	802	3	0
130	802	5	0
135	802	2	0
197	802	4	0
200	802	4	0
246	802	1	0
256	802	3	0
268	802	3	0
276	802	3	0
279	802	4	0
301	802	2	0
308	802	3	0
346	802	4	0
363	802	2	0
393	802	3	0
394	802	1	0
405	802	1	0
487	802	4	0
497	802	2	0
506	802	4	0
551	802	4	0
561	802	1	0
600	802	2	0
627	802	2	0
640	802	3	0
653	802	2	0
671	802	3	0
682	802	2	0
727	802	2	0
749	802	3	0
758	802	3	0
826	802	4	0
833	802	1	0
846	802	2	0
870	802	3	0
880	802	3	0
896	802	2	0
13	804	2	0
87	804	3	0
279	804	4	0
293	804	1	0
417	804	3	0
429	804	3	0
621	804	4	0
682	804	3	0
13	807	1	0
276	807	2	0
378	807	3	0
405	807	1	0
416	807	4	0
450	807	4	0
504	807	4	0
593	807	4	0
796	807	2	0
13	808	2	0
87	808	3	0
94	808	2	0
110	808	2	0
130	808	5	0
194	808	2	0
197	808	3	0
217	808	2	0
222	808	3	0
234	808	2	0
256	808	4	0
303	808	2	0
314	808	4	0
320	808	4	0
393	808	4	0
405	808	1	0
429	808	3	0
497	808	2	0
551	808	3	0
577	808	3	0
586	808	3	0
619	808	3	0
622	808	3	0
627	808	2	0
682	808	4	0
709	808	4	0
727	808	2	0
749	808	3	0
774	808	1	0
896	808	3	0
943	808	4	0
13	809	4	0
94	809	2	0
102	809	3	0
109	809	4	0
158	809	3	0
178	809	4	0
195	809	3	0
221	809	3	0
246	809	2	0
269	809	1	0
276	809	2	0
279	809	3	0
290	809	4	0
293	809	2	0
295	809	4	0
303	809	2	0
318	809	4	0
328	809	4	0
346	809	3	0
363	809	4	0
399	809	3	0
417	809	3	0
487	809	2	0
497	809	3	0
551	809	5	0
586	809	3	0
619	809	1	0
621	809	4	0
622	809	2	0
648	809	3	0
650	809	3	0
653	809	3	0
660	809	2	0
682	809	2	0
721	809	1	0
727	809	4	0
749	809	3	0
751	809	3	0
757	809	4	0
773	809	1	0
788	809	3	0
796	809	4	0
896	809	2	0
13	810	5	0
60	810	4	0
87	810	3	0
94	810	3	0
102	810	2	0
109	810	3	0
158	810	4	0
207	810	2	0
217	810	3	0
222	810	2	0
267	810	3	0
268	810	2	0
279	810	2	0
293	810	1	0
328	810	3	0
334	810	3	0
393	810	4	0
405	810	1	0
417	810	3	0
442	810	2	0
472	810	5	0
497	810	3	0
541	810	3	0
543	810	3	0
545	810	4	0
588	810	4	0
600	810	3	0
621	810	3	0
627	810	3	0
648	810	4	0
660	810	3	0
671	810	2	0
727	810	2	0
758	810	3	0
766	810	2	0
788	810	3	0
796	810	3	0
798	810	3	0
805	810	2	0
826	810	3	0
846	810	3	0
870	810	3	0
880	810	3	0
896	810	1	0
922	810	4	0
13	817	1	0
21	817	3	0
399	817	4	0
13	818	3	0
181	818	1	0
244	818	2	0
269	818	3	0
286	818	2	0
290	818	3	0
342	818	4	0
374	818	3	0
417	818	2	0
435	818	2	0
445	818	1	0
456	818	3	0
486	818	3	0
524	818	3	0
532	818	2	0
542	818	4	0
697	818	4	0
777	818	5	0
851	818	2	0
880	818	2	0
889	818	4	0
894	818	3	0
934	818	1	0
936	818	4	0
939	818	3	0
13	819	1	0
101	819	1	0
130	819	3	0
168	819	4	0
178	819	2	0
181	819	3	0
222	819	2	0
223	819	3	0
256	819	4	0
286	819	3	0
314	819	4	0
347	819	1	0
348	819	4	0
357	819	4	0
374	819	3	0
393	819	3	0
416	819	3	0
434	819	3	0
457	819	2	0
463	819	1	0
554	819	3	0
577	819	3	0
630	819	3	0
634	819	2	0
653	819	3	0
703	819	2	0
708	819	3	0
726	819	3	0
754	819	3	0
760	819	1	0
763	819	2	0
764	819	3	0
798	819	3	0
833	819	1	0
886	819	4	0
889	819	2	0
893	819	3	0
907	819	4	0
919	819	3	0
927	819	3	0
13	824	3	0
75	824	1	0
81	824	3	0
87	824	3	0
94	824	4	0
130	824	3	0
181	824	1	0
198	824	2	0
216	824	3	0
221	824	3	0
267	824	4	0
268	824	2	0
279	824	4	0
286	824	1	0
291	824	4	0
293	824	3	0
301	824	3	0
303	824	3	0
308	824	3	0
332	824	3	0
336	824	3	0
374	824	4	0
389	824	3	0
393	824	3	0
399	824	2	0
416	824	2	0
435	824	1	0
456	824	3	0
470	824	4	0
532	824	4	0
533	824	1	0
534	824	4	0
551	824	1	0
595	824	3	0
597	824	3	0
624	824	2	0
643	824	3	0
682	824	1	0
769	824	2	0
793	824	3	0
804	824	3	0
833	824	1	0
851	824	4	0
880	824	4	0
886	824	4	0
896	824	1	0
903	824	3	0
916	824	3	0
943	824	4	0
13	827	3	0
37	827	3	0
54	827	3	0
62	827	2	0
67	827	3	0
99	827	3	0
102	827	2	0
104	827	2	0
119	827	3	0
120	827	2	0
130	827	4	0
145	827	2	0
181	827	2	0
193	827	2	0
207	827	3	0
217	827	2	0
246	827	1	0
255	827	2	0
256	827	3	0
279	827	1	0
294	827	1	0
314	827	4	0
320	827	4	0
324	827	4	0
332	827	4	0
347	827	1	0
348	827	4	0
416	827	4	0
417	827	2	0
425	827	1	0
432	827	3	0
459	827	3	0
500	827	2	0
507	827	5	0
521	827	1	0
551	827	5	0
564	827	3	0
605	827	3	0
606	827	3	0
619	827	3	0
640	827	3	0
642	827	1	0
648	827	3	0
663	827	2	0
674	827	4	0
705	827	4	0
727	827	3	0
757	827	3	0
758	827	3	0
798	827	4	0
805	827	4	0
825	827	4	0
852	827	2	0
894	827	3	0
899	827	2	0
923	827	3	0
936	827	2	0
13	828	1	0
63	828	1	0
83	828	3	0
106	828	2	0
181	828	1	0
233	828	4	0
373	828	3	0
699	828	3	0
788	828	3	0
798	828	4	0
851	828	2	0
887	828	3	0
907	828	5	0
13	829	3	0
54	829	2	0
94	829	2	0
99	829	4	0
101	829	3	0
117	829	3	0
119	829	5	0
159	829	4	0
181	829	1	0
186	829	4	0
222	829	3	0
255	829	1	0
256	829	4	0
291	829	2	0
294	829	3	0
303	829	2	0
347	829	4	0
374	829	2	0
396	829	3	0
445	829	1	0
484	829	2	0
501	829	3	0
518	829	3	0
521	829	2	0
525	829	2	0
532	829	3	0
552	829	3	0
577	829	3	0
580	829	2	0
637	829	2	0
711	829	2	0
854	829	2	0
923	829	4	0
938	829	1	0
13	838	1	0
38	838	2	0
128	838	5	0
671	838	3	0
13	841	1	0
26	841	2	0
37	841	3	0
63	841	1	0
92	841	3	0
101	841	2	0
102	841	2	0
181	841	1	0
195	841	2	0
200	841	3	0
207	841	3	0
213	841	4	0
246	841	1	0
255	841	1	0
256	841	2	0
279	841	4	0
332	841	4	0
347	841	3	0
357	841	3	0
393	841	3	0
396	841	4	0
425	841	1	0
435	841	2	0
457	841	4	0
487	841	2	0
507	841	5	0
513	841	4	0
582	841	2	0
586	841	3	0
606	841	3	0
614	841	2	0
671	841	2	0
709	841	4	0
718	841	4	0
727	841	3	0
749	841	3	0
758	841	3	0
760	841	3	0
804	841	4	0
825	841	4	0
851	841	3	0
852	841	4	0
870	841	2	0
880	841	3	0
882	841	1	0
932	841	2	0
938	841	3	0
939	841	4	0
13	849	1	0
56	849	2	0
87	849	5	0
109	849	2	0
110	849	3	0
178	849	3	0
197	849	3	0
207	849	3	0
222	849	4	0
246	849	1	0
256	849	2	0
289	849	4	0
293	849	2	0
301	849	4	0
303	849	3	0
311	849	3	0
313	849	3	0
320	849	4	0
326	849	1	0
327	849	2	0
328	849	3	0
363	849	2	0
373	849	3	0
405	849	1	0
416	849	3	0
417	849	1	0
484	849	3	0
497	849	2	0
551	849	5	0
561	849	2	0
586	849	3	0
619	849	2	0
627	849	4	0
650	849	2	0
671	849	3	0
682	849	2	0
705	849	3	0
709	849	4	0
727	849	2	0
751	849	2	0
774	849	1	0
786	849	2	0
790	849	4	0
796	849	4	0
826	849	4	0
846	849	3	0
880	849	3	0
881	849	2	0
892	849	2	0
893	849	3	0
896	849	2	0
897	849	4	0
924	849	3	0
13	859	1	0
21	859	2	0
28	859	3	0
145	859	3	0
255	859	3	0
336	859	2	0
363	859	4	0
405	859	1	0
407	859	3	0
422	859	3	0
442	859	3	0
617	859	3	0
620	859	4	0
709	859	3	0
796	859	2	0
13	870	3	0
181	870	2	0
334	870	3	0
393	870	3	0
460	870	2	0
463	870	2	0
624	870	4	0
699	870	3	0
825	870	3	0
13	873	1	0
21	873	2	0
30	873	1	0
36	873	3	0
99	873	1	0
110	873	2	0
128	873	1	0
129	873	1	0
140	873	2	0
159	873	2	0
178	873	3	0
181	873	1	0
206	873	3	0
223	873	3	0
224	873	2	0
234	873	3	0
240	873	2	0
258	873	5	0
264	873	3	0
274	873	3	0
303	873	3	0
314	873	4	0
323	873	3	0
324	873	5	0
333	873	3	0
342	873	3	0
351	873	3	0
392	873	3	0
410	873	4	0
416	873	5	0
442	873	2	0
450	873	3	0
451	873	5	0
454	873	2	0
459	873	4	0
462	873	4	0
466	873	2	0
488	873	3	0
489	873	3	0
506	873	4	0
510	873	3	0
517	873	3	0
529	873	4	0
537	873	2	0
552	873	3	0
587	873	3	0
588	873	3	0
589	873	5	0
599	873	5	0
605	873	3	0
611	873	3	0
616	873	3	0
631	873	2	0
635	873	3	0
637	873	1	0
644	873	4	0
657	873	3	0
685	873	2	0
708	873	5	0
721	873	3	0
724	873	3	0
725	873	4	0
730	873	2	0
732	873	5	0
740	873	2	0
750	873	3	0
760	873	4	0
771	873	3	0
782	873	4	0
796	873	3	0
810	873	3	0
812	873	4	0
832	873	2	0
841	873	4	0
853	873	3	0
863	873	2	0
870	873	2	0
883	873	3	0
905	873	3	0
938	873	3	0
940	873	3	0
13	875	1	0
21	875	4	0
31	875	4	0
36	875	3	0
62	875	4	0
89	875	3	0
90	875	1	0
176	875	4	0
181	875	3	0
205	875	2	0
207	875	2	0
229	875	1	0
261	875	5	0
303	875	4	0
323	875	3	0
324	875	3	0
327	875	4	0
342	875	1	0
364	875	3	0
372	875	4	0
378	875	3	0
392	875	3	0
416	875	2	0
428	875	4	0
451	875	2	0
454	875	1	0
489	875	2	0
526	875	3	0
529	875	4	0
537	875	1	0
551	875	4	0
557	875	4	0
587	875	1	0
592	875	4	0
635	875	2	0
655	875	3	0
656	875	2	0
685	875	3	0
721	875	3	0
730	875	2	0
732	875	1	0
747	875	3	0
755	875	1	0
762	875	5	0
770	875	4	0
806	875	3	0
808	875	4	0
818	875	1	0
836	875	1	0
851	875	5	0
873	875	1	0
894	875	3	0
919	875	1	0
13	876	2	0
21	876	2	0
35	876	2	0
40	876	3	0
130	876	4	0
159	876	2	0
170	876	3	0
176	876	3	0
178	876	2	0
181	876	1	0
211	876	2	0
276	876	3	0
294	876	3	0
300	876	5	0
323	876	2	0
341	876	4	0
367	876	3	0
393	876	3	0
404	876	2	0
409	876	2	0
451	876	4	0
482	876	3	0
489	876	2	0
493	876	1	0
510	876	2	0
529	876	3	0
587	876	2	0
592	876	1	0
621	876	2	0
624	876	3	0
629	876	3	0
663	876	3	0
682	876	3	0
697	876	3	0
721	876	3	0
724	876	1	0
750	876	2	0
782	876	2	0
783	876	4	0
810	876	3	0
817	876	4	0
832	876	3	0
863	876	2	0
871	876	3	0
880	876	4	0
925	876	3	0
928	876	5	0
13	881	2	0
35	881	2	0
86	881	2	0
88	881	5	0
100	881	1	0
126	881	5	0
130	881	4	0
159	881	1	0
170	881	3	0
173	881	3	0
176	881	3	0
178	881	2	0
181	881	1	0
260	881	4	0
276	881	3	0
286	881	5	0
294	881	3	0
300	881	5	0
341	881	5	0
427	881	5	0
445	881	1	0
451	881	4	0
482	881	3	0
489	881	2	0
493	881	1	0
510	881	2	0
587	881	2	0
592	881	1	0
621	881	2	0
624	881	3	0
629	881	3	0
682	881	3	0
697	881	2	0
721	881	3	0
725	881	5	0
750	881	2	0
755	881	1	0
782	881	3	0
783	881	4	0
801	881	3	0
810	881	4	0
812	881	4	0
851	881	3	0
880	881	4	0
889	881	3	0
13	891	1	0
112	891	3	0
191	891	3	0
206	891	2	0
260	891	5	0
675	891	2	0
13	892	3	0
30	892	4	0
43	892	3	0
83	892	2	0
95	892	3	0
100	892	2	0
102	892	2	0
130	892	3	0
134	892	2	0
137	892	3	0
145	892	2	0
199	892	1	0
200	892	4	0
254	892	3	0
261	892	5	0
263	892	3	0
313	892	4	0
318	892	3	0
320	892	3	0
329	892	2	0
356	892	1	0
393	892	3	0
395	892	3	0
401	892	1	0
404	892	2	0
428	892	4	0
463	892	2	0
489	892	3	0
502	892	2	0
506	892	1	0
507	892	5	0
509	892	1	0
531	892	3	0
546	892	4	0
550	892	2	0
557	892	3	0
587	892	3	0
589	892	4	0
592	892	1	0
646	892	2	0
676	892	4	0
758	892	2	0
771	892	5	0
811	892	4	0
813	892	1	0
841	892	3	0
851	892	2	0
857	892	3	0
864	892	3	0
872	892	3	0
919	892	3	0
921	892	3	0
942	892	3	0
13	914	2	0
116	914	2	0
125	914	1	0
179	914	5	0
189	914	2	0
381	914	1	0
421	914	3	0
532	914	5	0
587	914	4	0
655	914	3	0
683	914	2	0
15	929	1	0
25	929	4	0
59	929	2	0
63	929	3	0
83	929	3	0
130	929	4	0
145	929	2	0
151	929	3	0
161	929	1	0
181	929	1	0
200	929	4	0
222	929	1	0
223	929	3	0
234	929	1	0
262	929	3	0
286	929	4	0
314	929	3	0
354	929	4	0
393	929	3	0
416	929	4	0
435	929	2	0
465	929	3	0
474	929	3	0
532	929	3	0
595	929	2	0
630	929	4	0
634	929	3	0
648	929	4	0
674	929	3	0
699	929	3	0
747	929	3	0
770	929	4	0
798	929	3	0
804	929	3	0
865	929	2	0
882	929	1	0
887	929	1	0
901	929	4	0
921	929	1	0
938	929	2	0
15	932	1	0
22	932	1	0
57	932	3	0
83	932	4	0
94	932	2	0
130	932	3	0
141	932	3	0
159	932	3	0
181	932	1	0
246	932	1	0
256	932	3	0
279	932	3	0
314	932	4	0
346	932	2	0
357	932	4	0
374	932	1	0
378	932	2	0
393	932	3	0
459	932	4	0
471	932	5	0
487	932	3	0
552	932	3	0
577	932	3	0
582	932	2	0
630	932	2	0
634	932	3	0
642	932	5	0
682	932	1	0
705	932	5	0
749	932	3	0
796	932	4	0
798	932	4	0
804	932	3	0
825	932	3	0
851	932	3	0
872	932	4	0
882	932	4	0
887	932	2	0
901	932	4	0
921	932	3	0
15	938	3	0
98	938	3	0
173	938	3	0
181	938	1	0
228	938	1	0
281	938	2	0
284	938	3	0
309	938	4	0
314	938	3	0
404	938	4	0
416	938	3	0
427	938	5	0
451	938	4	0
532	938	3	0
587	938	2	0
628	938	5	0
708	938	3	0
721	938	3	0
724	938	3	0
732	938	1	0
740	938	1	0
755	938	3	0
782	938	3	0
787	938	3	0
827	938	3	0
16	944	1	0
43	944	2	0
83	944	3	0
87	944	5	0
94	944	1	0
109	944	3	0
110	944	3	0
130	944	4	0
152	944	4	0
194	944	2	0
222	944	3	0
267	944	3	0
311	944	4	0
318	944	2	0
326	944	2	0
346	944	3	0
393	944	4	0
405	944	3	0
417	944	4	0
429	944	3	0
435	944	2	0
476	944	2	0
495	944	5	0
497	944	3	0
523	944	4	0
543	944	3	0
545	944	4	0
551	944	2	0
618	944	2	0
621	944	5	0
642	944	5	0
653	944	2	0
655	944	3	0
682	944	3	0
712	944	4	0
715	944	2	0
749	944	4	0
790	944	1	0
798	944	4	0
815	944	3	0
846	944	2	0
889	944	3	0
916	944	2	0
18	950	3	0
43	950	3	0
58	950	1	0
174	950	3	0
181	950	1	0
184	950	4	0
201	950	3	0
234	950	2	0
244	950	1	0
296	950	4	0
299	950	2	0
334	950	3	0
342	950	2	0
343	950	3	0
463	950	3	0
470	950	3	0
486	950	4	0
524	950	4	0
535	950	3	0
537	950	3	0
548	950	4	0
551	950	2	0
607	950	3	0
634	950	5	0
655	950	3	0
707	950	2	0
733	950	4	0
805	950	3	0
837	950	2	0
839	950	4	0
18	951	3	0
43	951	3	0
59	951	3	0
94	951	3	0
174	951	1	0
194	951	3	0
200	951	5	0
230	951	5	0
234	951	1	0
254	951	4	0
271	951	2	0
276	951	3	0
295	951	5	0
298	951	4	0
311	951	3	0
343	951	1	0
346	951	2	0
378	951	3	0
393	951	3	0
405	951	1	0
450	951	4	0
472	951	1	0
484	951	1	0
497	951	2	0
505	951	3	0
506	951	3	0
554	951	3	0
606	951	2	0
620	951	3	0
642	951	3	0
738	951	2	0
747	951	2	0
749	951	4	0
766	951	3	0
798	951	3	0
804	951	3	0
864	951	3	0
892	951	4	0
897	951	3	0
21	977	2	0
42	977	2	0
83	977	3	0
92	977	2	0
117	977	3	0
119	977	3	0
145	977	3	0
181	977	1	0
186	977	3	0
190	977	2	0
223	977	2	0
224	977	2	0
256	977	4	0
276	977	2	0
279	977	4	0
280	977	3	0
291	977	2	0
293	977	2	0
346	977	3	0
347	977	5	0
357	977	5	0
374	977	1	0
378	977	3	0
393	977	4	0
396	977	3	0
399	977	3	0
423	977	1	0
435	977	2	0
472	977	3	0
546	977	5	0
552	977	3	0
593	977	3	0
622	977	2	0
634	977	3	0
644	977	4	0
682	977	3	0
693	977	3	0
699	977	2	0
715	977	2	0
727	977	2	0
749	977	4	0
758	977	2	0
790	977	1	0
796	977	2	0
833	977	2	0
851	977	3	0
862	977	4	0
872	977	3	0
903	977	1	0
21	982	1	0
119	982	4	0
130	982	1	0
181	982	1	0
195	982	2	0
200	982	2	0
255	982	2	0
256	982	3	0
279	982	3	0
332	982	3	0
347	982	1	0
386	982	3	0
393	982	3	0
532	982	3	0
543	982	3	0
718	982	4	0
727	982	4	0
804	982	4	0
825	982	5	0
862	982	4	0
21	984	1	0
85	984	2	0
92	984	2	0
104	984	1	0
112	984	3	0
141	984	4	0
164	984	4	0
166	984	5	0
170	984	5	0
173	984	4	0
178	984	2	0
181	984	1	0
200	984	3	0
205	984	1	0
223	984	3	0
234	984	2	0
250	984	3	0
255	984	1	0
256	984	3	0
297	984	1	0
328	984	3	0
332	984	2	0
351	984	5	0
357	984	3	0
387	984	1	0
451	984	4	0
454	984	3	0
464	984	2	0
489	984	5	0
529	984	4	0
592	984	1	0
628	984	5	0
629	984	3	0
652	984	2	0
653	984	4	0
663	984	3	0
721	984	3	0
749	984	3	0
759	984	2	0
782	984	2	0
788	984	3	0
804	984	4	0
825	984	5	0
851	984	3	0
21	985	2	0
141	985	4	0
158	985	4	0
181	985	1	0
213	985	3	0
269	985	3	0
291	985	3	0
349	985	3	0
416	985	3	0
456	985	3	0
463	985	1	0
498	985	1	0
534	985	4	0
592	985	4	0
634	985	4	0
637	985	2	0
662	985	4	0
663	985	3	0
699	985	3	0
733	985	3	0
747	985	2	0
828	985	3	0
21	989	3	0
181	989	1	0
190	989	3	0
199	989	1	0
234	989	2	0
256	989	5	0
281	989	2	0
309	989	3	0
330	989	5	0
351	989	4	0
384	989	4	0
390	989	5	0
397	989	1	0
424	989	2	0
427	989	5	0
451	989	1	0
459	989	5	0
489	989	3	0
505	989	1	0
587	989	2	0
695	989	3	0
697	989	2	0
699	989	4	0
721	989	3	0
724	989	1	0
747	989	3	0
782	989	3	0
824	989	2	0
871	989	3	0
883	989	5	0
902	989	2	0
919	989	2	0
22	999	4	0
42	999	4	0
125	999	4	0
336	999	2	0
393	999	4	0
405	999	1	0
417	999	3	0
429	999	2	0
476	999	2	0
682	999	2	0
23	1006	3	0
58	1006	2	0
76	1006	3	0
85	1006	3	0
151	1006	1	0
184	1006	3	0
201	1006	2	0
269	1006	3	0
276	1006	3	0
299	1006	4	0
308	1006	4	0
334	1006	3	0
358	1006	5	0
373	1006	2	0
405	1006	1	0
437	1006	3	0
449	1006	4	0
461	1006	5	0
537	1006	2	0
763	1006	2	0
833	1006	1	0
870	1006	2	0
889	1006	4	0
26	1015	3	0
181	1015	1	0
234	1015	2	0
280	1015	3	0
305	1015	1	0
328	1015	3	0
561	1015	2	0
747	1015	4	0
792	1015	5	0
825	1015	2	0
882	1015	3	0
887	1015	5	0
35	1025	3	0
102	1025	2	0
145	1025	4	0
159	1025	2	0
164	1025	4	0
181	1025	1	0
205	1025	1	0
211	1025	3	0
253	1025	3	0
260	1025	5	0
261	1025	5	0
279	1025	2	0
309	1025	5	0
341	1025	5	0
346	1025	3	0
362	1025	2	0
396	1025	4	0
451	1025	3	0
464	1025	2	0
488	1025	2	0
489	1025	5	0
510	1025	3	0
537	1025	1	0
548	1025	4	0
564	1025	2	0
592	1025	1	0
628	1025	5	0
635	1025	2	0
644	1025	4	0
697	1025	2	0
721	1025	3	0
727	1025	2	0
758	1025	3	0
772	1025	3	0
782	1025	2	0
790	1025	1	0
802	1025	3	0
804	1025	4	0
809	1025	1	0
816	1025	4	0
851	1025	2	0
853	1025	4	0
910	1025	2	0
928	1025	5	0
37	1027	3	0
279	1027	4	0
405	1027	1	0
38	1032	4	0
94	1032	2	0
174	1032	3	0
279	1032	3	0
314	1032	4	0
318	1032	3	0
379	1032	2	0
393	1032	3	0
405	1032	1	0
453	1032	1	0
577	1032	3	0
618	1032	2	0
642	1032	4	0
796	1032	3	0
798	1032	3	0
921	1032	5	0
38	1033	5	0
82	1033	1	0
84	1033	4	0
92	1033	2	0
145	1033	1	0
174	1033	1	0
178	1033	2	0
181	1033	1	0
186	1033	3	0
200	1033	2	0
245	1033	5	0
254	1033	3	0
256	1033	4	0
324	1033	4	0
374	1033	4	0
394	1033	3	0
429	1033	1	0
450	1033	3	0
463	1033	2	0
533	1033	4	0
577	1033	4	0
582	1033	2	0
637	1033	3	0
642	1033	3	0
648	1033	2	0
699	1033	4	0
805	1033	3	0
864	1033	2	0
881	1033	1	0
887	1033	4	0
897	1033	4	0
938	1033	2	0
38	1036	4	0
49	1036	2	0
56	1036	2	0
125	1036	2	0
276	1036	2	0
299	1036	2	0
389	1036	2	0
405	1036	1	0
417	1036	3	0
437	1036	5	0
450	1036	2	0
472	1036	4	0
476	1036	2	0
523	1036	4	0
541	1036	2	0
620	1036	4	0
621	1036	1	0
642	1036	4	0
712	1036	5	0
773	1036	3	0
795	1036	2	0
796	1036	4	0
880	1036	2	0
924	1036	2	0
40	1038	1	0
143	1038	3	0
178	1038	2	0
181	1038	1	0
286	1038	5	0
440	1038	5	0
451	1038	1	0
459	1038	4	0
529	1038	4	0
629	1038	3	0
726	1038	2	0
740	1038	4	0
782	1038	4	0
784	1038	3	0
863	1038	1	0
894	1038	3	0
915	1038	2	0
45	1059	2	0
57	1059	3	0
75	1059	1	0
81	1059	3	0
82	1059	1	0
117	1059	3	0
141	1059	1	0
181	1059	1	0
221	1059	4	0
222	1059	1	0
268	1059	3	0
279	1059	4	0
291	1059	4	0
320	1059	4	0
336	1059	3	0
347	1059	3	0
374	1059	2	0
456	1059	4	0
467	1059	4	0
521	1059	1	0
534	1059	4	0
542	1059	4	0
551	1059	3	0
561	1059	1	0
592	1059	3	0
595	1059	4	0
624	1059	1	0
663	1059	2	0
697	1059	2	0
709	1059	5	0
726	1059	5	0
806	1059	3	0
851	1059	3	0
860	1059	1	0
880	1059	4	0
45	1061	2	0
181	1061	2	0
184	1061	3	0
192	1061	4	0
256	1061	4	0
348	1061	5	0
378	1061	2	0
435	1061	3	0
436	1061	3	0
450	1061	4	0
542	1061	2	0
588	1061	5	0
590	1061	2	0
595	1061	3	0
630	1061	2	0
655	1061	2	0
665	1061	4	0
672	1061	4	0
699	1061	3	0
707	1061	3	0
708	1061	3	0
768	1061	1	0
854	1061	1	0
859	1061	4	0
860	1061	3	0
869	1061	1	0
872	1061	4	0
885	1061	2	0
938	1061	4	0
49	1071	3	0
57	1071	3	0
76	1071	3	0
269	1071	2	0
303	1071	2	0
342	1071	4	0
385	1071	4	0
429	1071	2	0
592	1071	4	0
618	1071	1	0
655	1071	2	0
666	1071	3	0
773	1071	2	0
805	1071	4	0
806	1071	4	0
833	1071	3	0
49	1078	1	0
82	1078	3	0
193	1078	4	0
222	1078	2	0
234	1078	2	0
291	1078	4	0
373	1078	3	0
387	1078	1	0
405	1078	1	0
465	1078	2	0
541	1078	4	0
588	1078	4	0
622	1078	3	0
642	1078	5	0
660	1078	2	0
751	1078	3	0
807	1078	4	0
815	1078	2	0
846	1078	2	0
881	1078	3	0
892	1078	3	0
896	1078	3	0
49	1081	3	0
181	1081	1	0
276	1081	3	0
294	1081	3	0
320	1081	4	0
445	1081	1	0
456	1081	4	0
501	1081	3	0
49	1082	3	0
116	1082	3	0
344	1082	2	0
345	1082	2	0
486	1082	2	0
592	1082	3	0
655	1082	3	0
782	1082	3	0
56	1091	2	0
62	1091	3	0
94	1091	3	0
95	1091	3	0
174	1091	3	0
194	1091	3	0
200	1091	4	0
254	1091	3	0
268	1091	2	0
269	1091	2	0
271	1091	4	0
275	1091	2	0
276	1091	3	0
286	1091	4	0
290	1091	2	0
301	1091	3	0
313	1091	2	0
320	1091	4	0
378	1091	2	0
387	1091	1	0
393	1091	2	0
405	1091	1	0
416	1091	3	0
417	1091	3	0
437	1091	3	0
450	1091	4	0
472	1091	4	0
495	1091	4	0
496	1091	1	0
541	1091	3	0
545	1091	3	0
588	1091	4	0
620	1091	4	0
642	1091	4	0
682	1091	3	0
712	1091	3	0
774	1091	1	0
790	1091	1	0
805	1091	2	0
807	1091	3	0
822	1091	1	0
826	1091	3	0
892	1091	2	0
57	1096	3	0
345	1096	3	0
782	1096	2	0
58	1100	2	0
201	1100	4	0
234	1100	2	0
327	1100	4	0
331	1100	2	0
405	1100	1	0
655	1100	3	0
878	1100	3	0
58	1105	2	0
209	1105	2	0
235	1105	2	0
260	1105	5	0
286	1105	5	0
351	1105	4	0
377	1105	3	0
440	1105	5	0
454	1105	3	0
537	1105	1	0
681	1105	3	0
724	1105	1	0
752	1105	3	0
782	1105	3	0
805	1105	2	0
818	1105	1	0
842	1105	2	0
851	1105	4	0
59	1110	4	0
72	1110	3	0
94	1110	4	0
177	1110	3	0
267	1110	3	0
268	1110	3	0
269	1110	2	0
276	1110	3	0
279	1110	3	0
303	1110	1	0
307	1110	4	0
339	1110	4	0
346	1110	1	0
373	1110	4	0
385	1110	2	0
387	1110	2	0
405	1110	1	0
425	1110	1	0
429	1110	2	0
472	1110	5	0
495	1110	4	0
504	1110	2	0
506	1110	1	0
561	1110	2	0
579	1110	1	0
600	1110	3	0
606	1110	2	0
648	1110	3	0
650	1110	4	0
660	1110	2	0
666	1110	3	0
774	1110	1	0
795	1110	3	0
805	1110	5	0
822	1110	4	0
826	1110	4	0
846	1110	3	0
862	1110	5	0
889	1110	3	0
922	1110	4	0
933	1110	3	0
59	1112	3	0
194	1112	3	0
280	1112	4	0
301	1112	4	0
328	1112	4	0
343	1112	3	0
405	1112	2	0
429	1112	3	0
450	1112	3	0
655	1112	2	0
788	1112	3	0
864	1112	2	0
870	1112	2	0
896	1112	3	0
913	1112	1	0
62	1128	2	0
82	1128	1	0
181	1128	1	0
201	1128	4	0
232	1128	2	0
342	1128	5	0
349	1128	3	0
385	1128	3	0
387	1128	4	0
435	1128	2	0
490	1128	4	0
615	1128	1	0
655	1128	3	0
62	1135	2	0
94	1135	4	0
109	1135	4	0
201	1135	5	0
246	1135	1	0
259	1135	5	0
262	1135	3	0
269	1135	2	0
276	1135	4	0
293	1135	3	0
295	1135	4	0
301	1135	3	0
303	1135	2	0
308	1135	4	0
328	1135	1	0
339	1135	2	0
346	1135	4	0
373	1135	3	0
378	1135	2	0
385	1135	1	0
399	1135	2	0
416	1135	2	0
417	1135	4	0
436	1135	4	0
450	1135	4	0
495	1135	5	0
500	1135	3	0
504	1135	4	0
508	1135	3	0
551	1135	5	0
601	1135	2	0
627	1135	3	0
650	1135	2	0
653	1135	2	0
655	1135	3	0
660	1135	2	0
682	1135	2	0
693	1135	3	0
758	1135	2	0
760	1135	4	0
788	1135	2	0
823	1135	3	0
843	1135	3	0
864	1135	3	0
916	1135	3	0
934	1135	3	0
70	1145	3	0
222	1145	3	0
267	1145	3	0
276	1145	2	0
303	1145	2	0
314	1145	4	0
378	1145	3	0
453	1145	2	0
693	1145	2	0
76	1157	1	0
92	1157	2	0
109	1157	4	0
130	1157	3	0
178	1157	3	0
268	1157	1	0
276	1157	2	0
291	1157	3	0
303	1157	2	0
320	1157	4	0
332	1157	4	0
363	1157	2	0
417	1157	4	0
453	1157	2	0
495	1157	4	0
496	1157	1	0
497	1157	2	0
613	1157	2	0
761	1157	5	0
805	1157	5	0
815	1157	2	0
843	1157	3	0
880	1157	4	0
907	1157	5	0
922	1157	2	0
82	1163	2	0
181	1163	2	0
201	1163	1	0
224	1163	2	0
274	1163	2	0
334	1163	4	0
342	1163	3	0
391	1163	2	0
450	1163	3	0
463	1163	4	0
500	1163	1	0
537	1163	1	0
560	1163	3	0
618	1163	2	0
639	1163	1	0
699	1163	5	0
707	1163	4	0
711	1163	4	0
733	1163	2	0
761	1163	2	0
796	1163	3	0
825	1163	3	0
869	1163	2	0
907	1163	4	0
936	1163	5	0
85	1173	4	0
181	1173	1	0
533	1173	4	0
655	1173	2	0
733	1173	2	0
782	1173	2	0
919	1173	3	0
87	1188	2	0
94	1188	3	0
95	1188	2	0
110	1188	4	0
222	1188	3	0
244	1188	4	0
246	1188	3	0
268	1188	3	0
269	1188	1	0
291	1188	4	0
295	1188	3	0
303	1188	4	0
320	1188	4	0
332	1188	5	0
336	1188	3	0
346	1188	1	0
373	1188	3	0
405	1188	3	0
407	1188	2	0
416	1188	3	0
425	1188	3	0
442	1188	3	0
476	1188	2	0
487	1188	3	0
495	1188	5	0
532	1188	4	0
545	1188	3	0
600	1188	3	0
653	1188	1	0
682	1188	3	0
709	1188	4	0
715	1188	2	0
727	1188	2	0
749	1188	3	0
757	1188	3	0
773	1188	2	0
790	1188	3	0
804	1188	2	0
846	1188	2	0
868	1188	1	0
880	1188	2	0
889	1188	2	0
933	1188	1	0
943	1188	3	0
90	1199	5	0
94	1199	3	0
181	1199	1	0
250	1199	3	0
276	1199	4	0
294	1199	2	0
303	1199	3	0
331	1199	1	0
387	1199	5	0
403	1199	2	0
422	1199	3	0
445	1199	1	0
463	1199	1	0
532	1199	3	0
534	1199	5	0
543	1199	2	0
592	1199	5	0
606	1199	3	0
634	1199	1	0
795	1199	3	0
825	1199	4	0
862	1199	2	0
936	1199	4	0
90	1206	2	0
94	1206	3	0
95	1206	4	0
110	1206	3	0
194	1206	1	0
222	1206	2	0
279	1206	5	0
291	1206	3	0
374	1206	2	0
379	1206	2	0
393	1206	3	0
405	1206	1	0
436	1206	3	0
437	1206	4	0
653	1206	3	0
727	1206	2	0
846	1206	3	0
868	1206	3	0
916	1206	2	0
92	1208	4	0
130	1208	4	0
135	1208	3	0
145	1208	4	0
201	1208	4	0
221	1208	3	0
224	1208	1	0
256	1208	3	0
268	1208	2	0
276	1208	3	0
293	1208	3	0
405	1208	1	0
450	1208	3	0
495	1208	4	0
655	1208	3	0
864	1208	2	0
870	1208	2	0
886	1208	3	0
896	1208	3	0
916	1208	2	0
92	1210	1	0
94	1210	3	0
109	1210	3	0
110	1210	3	0
130	1210	2	0
145	1210	1	0
221	1210	3	0
256	1210	5	0
270	1210	5	0
276	1210	2	0
291	1210	4	0
303	1210	1	0
313	1210	4	0
314	1210	4	0
320	1210	4	0
332	1210	3	0
346	1210	3	0
374	1210	4	0
393	1210	3	0
394	1210	3	0
399	1210	2	0
405	1210	1	0
417	1210	2	0
457	1210	4	0
472	1210	3	0
497	1210	4	0
504	1210	3	0
532	1210	4	0
561	1210	1	0
653	1210	2	0
690	1210	3	0
757	1210	2	0
804	1210	2	0
833	1210	1	0
846	1210	2	0
864	1210	2	0
870	1210	1	0
880	1210	4	0
92	1212	3	0
145	1212	2	0
224	1212	2	0
372	1212	4	0
450	1212	4	0
618	1212	2	0
94	1217	3	0
95	1217	3	0
130	1217	4	0
135	1217	2	0
145	1217	2	0
183	1217	3	0
200	1217	4	0
221	1217	4	0
280	1217	5	0
291	1217	3	0
293	1217	1	0
297	1217	1	0
303	1217	1	0
311	1217	3	0
314	1217	2	0
328	1217	3	0
346	1217	4	0
374	1217	2	0
375	1217	4	0
399	1217	4	0
405	1217	3	0
416	1217	4	0
429	1217	2	0
435	1217	3	0
487	1217	3	0
532	1217	4	0
551	1217	1	0
671	1217	4	0
682	1217	3	0
715	1217	2	0
727	1217	3	0
796	1217	3	0
823	1217	1	0
864	1217	3	0
880	1217	3	0
881	1217	5	0
886	1217	4	0
896	1217	2	0
916	1217	1	0
94	1219	4	0
95	1219	1	0
200	1219	3	0
275	1219	2	0
279	1219	3	0
291	1219	4	0
379	1219	2	0
393	1219	4	0
399	1219	3	0
405	1219	1	0
471	1219	4	0
506	1219	2	0
577	1219	3	0
588	1219	2	0
620	1219	3	0
642	1219	4	0
776	1219	3	0
826	1219	4	0
892	1219	2	0
897	1219	4	0
94	1222	3	0
95	1222	2	0
109	1222	4	0
110	1222	2	0
197	1222	3	0
217	1222	1	0
246	1222	3	0
268	1222	2	0
303	1222	3	0
311	1222	3	0
346	1222	4	0
405	1222	1	0
425	1222	2	0
429	1222	3	0
450	1222	3	0
456	1222	2	0
671	1222	3	0
682	1222	3	0
715	1222	2	0
727	1222	1	0
804	1222	3	0
826	1222	3	0
880	1222	4	0
883	1222	5	0
896	1222	2	0
94	1224	3	0
201	1224	2	0
279	1224	3	0
303	1224	2	0
393	1224	3	0
405	1224	1	0
429	1224	2	0
642	1224	4	0
727	1224	3	0
798	1224	2	0
880	1224	3	0
892	1224	4	0
94	1225	3	0
167	1225	3	0
207	1225	3	0
244	1225	2	0
264	1225	3	0
314	1225	3	0
393	1225	3	0
405	1225	1	0
435	1225	3	0
618	1225	2	0
665	1225	2	0
682	1225	4	0
747	1225	3	0
880	1225	2	0
104	1241	1	0
196	1241	3	0
334	1241	2	0
354	1241	4	0
782	1241	2	0
936	1241	4	0
106	1242	4	0
181	1242	1	0
207	1242	5	0
279	1242	1	0
409	1242	2	0
109	1244	3	0
116	1244	2	0
119	1244	3	0
130	1244	4	0
141	1244	3	0
157	1244	3	0
198	1244	2	0
276	1244	3	0
279	1244	3	0
291	1244	4	0
332	1244	4	0
339	1244	4	0
347	1244	3	0
393	1244	3	0
399	1244	3	0
463	1244	1	0
479	1244	3	0
487	1244	2	0
506	1244	2	0
521	1244	3	0
548	1244	4	0
557	1244	2	0
637	1244	1	0
640	1244	3	0
648	1244	3	0
649	1244	3	0
653	1244	3	0
727	1244	3	0
749	1244	3	0
758	1244	3	0
782	1244	3	0
790	1244	1	0
804	1244	2	0
825	1244	5	0
880	1244	3	0
907	1244	5	0
110	1249	3	0
125	1249	3	0
268	1249	2	0
336	1249	3	0
393	1249	4	0
405	1249	1	0
450	1249	3	0
586	1249	3	0
727	1249	3	0
798	1249	4	0
846	1249	3	0
896	1249	2	0
119	1260	5	0
257	1260	2	0
405	1260	1	0
804	1260	3	0
125	1271	2	0
279	1271	4	0
405	1271	2	0
450	1271	2	0
476	1271	2	0
577	1271	3	0
648	1271	4	0
130	1273	2	0
145	1273	5	0
268	1273	2	0
276	1273	2	0
291	1273	2	0
303	1273	2	0
372	1273	4	0
453	1273	2	0
586	1273	4	0
655	1273	2	0
690	1273	3	0
727	1273	3	0
757	1273	2	0
778	1273	3	0
788	1273	3	0
130	1280	4	0
141	1280	1	0
181	1280	1	0
286	1280	5	0
341	1280	2	0
428	1280	3	0
451	1280	1	0
489	1280	3	0
519	1280	5	0
544	1280	3	0
606	1280	2	0
683	1280	3	0
708	1280	1	0
750	1280	1	0
851	1280	4	0
853	1280	4	0
141	1283	3	0
145	1283	1	0
157	1283	2	0
178	1283	3	0
207	1283	4	0
277	1283	2	0
301	1283	4	0
344	1283	2	0
347	1283	1	0
649	1283	2	0
654	1283	1	0
665	1283	3	0
684	1283	3	0
758	1283	4	0
782	1283	2	0
798	1283	4	0
854	1283	2	0
887	1283	5	0
938	1283	3	0
144	1284	3	0
181	1284	1	0
222	1284	4	0
223	1284	1	0
296	1284	4	0
378	1284	2	0
402	1284	3	0
450	1284	3	0
463	1284	4	0
554	1284	3	0
569	1284	2	0
634	1284	3	0
637	1284	1	0
655	1284	2	0
699	1284	3	0
764	1284	3	0
798	1284	3	0
854	1284	2	0
864	1284	3	0
872	1284	3	0
879	1284	3	0
880	1284	4	0
896	1284	2	0
907	1284	5	0
919	1284	3	0
927	1284	4	0
149	1295	3	0
181	1295	1	0
409	1295	1	0
451	1295	2	0
519	1295	5	0
721	1295	3	0
894	1295	3	0
151	1297	1	0
184	1297	2	0
280	1297	4	0
295	1297	4	0
311	1297	4	0
314	1297	4	0
405	1297	1	0
450	1297	4	0
659	1297	2	0
796	1297	2	0
798	1297	3	0
846	1297	3	0
179	1316	3	0
286	1316	5	0
351	1316	4	0
405	1316	1	0
503	1316	1	0
531	1316	4	0
617	1316	1	0
181	1323	1	0
585	1323	3	0
936	1323	4	0
181	1333	1	0
207	1333	3	0
293	1333	4	0
527	1333	3	0
560	1333	3	0
181	1335	1	0
303	1335	3	0
458	1335	1	0
518	1335	3	0
537	1335	3	0
634	1335	2	0
792	1335	4	0
833	1335	2	0
854	1335	2	0
916	1335	4	0
936	1335	4	0
181	1347	1	0
420	1347	3	0
430	1347	5	0
585	1347	2	0
181	1353	1	0
385	1353	4	0
405	1353	1	0
581	1353	4	0
833	1353	3	0
181	1355	1	0
201	1355	1	0
242	1355	5	0
264	1355	4	0
728	1355	4	0
914	1355	1	0
181	1356	1	0
592	1356	4	0
655	1356	3	0
181	1357	1	0
242	1357	5	0
599	1357	2	0
181	1361	1	0
269	1361	4	0
279	1361	3	0
181	1369	1	0
234	1369	3	0
409	1369	4	0
486	1369	3	0
181	1370	1	0
655	1370	3	0
936	1370	4	0
181	1379	1	0
299	1379	3	0
409	1379	3	0
486	1379	3	0
655	1379	3	0
782	1379	3	0
894	1379	4	0
181	1385	1	0
186	1385	2	0
500	1385	4	0
782	1385	4	0
871	1385	3	0
181	1386	1	0
310	1386	1	0
490	1386	4	0
782	1386	3	0
833	1386	4	0
871	1386	3	0
189	1402	4	0
279	1402	1	0
450	1402	2	0
877	1402	4	0
189	1403	4	0
452	1403	1	0
655	1403	3	0
894	1403	3	0
194	1409	2	0
393	1409	4	0
405	1409	1	0
505	1409	3	0
541	1409	4	0
807	1409	4	0
826	1409	2	0
194	1410	2	0
452	1410	1	0
487	1410	5	0
682	1410	3	0
195	1413	2	0
268	1413	2	0
276	1413	1	0
279	1413	5	0
642	1413	3	0
795	1413	3	0
807	1413	2	0
887	1413	4	0
201	1425	3	0
378	1425	2	0
405	1425	1	0
429	1425	3	0
450	1425	4	0
487	1425	4	0
642	1425	2	0
798	1425	4	0
864	1425	2	0
934	1425	1	0
201	1427	2	0
269	1427	2	0
452	1427	5	0
747	1427	2	0
833	1427	3	0
206	1429	1	0
355	1429	4	0
405	1429	1	0
739	1429	5	0
207	1435	2	0
279	1435	3	0
393	1435	3	0
405	1435	1	0
450	1435	4	0
798	1435	2	0
886	1435	3	0
224	1441	3	0
393	1441	3	0
405	1441	1	0
416	1441	3	0
450	1441	3	0
500	1441	2	0
543	1441	3	0
234	1445	4	0
405	1445	1	0
537	1445	3	0
655	1445	3	0
254	1470	2	0
313	1470	1	0
405	1470	2	0
411	1470	3	0
532	1470	5	0
264	1474	2	0
405	1474	1	0
535	1474	4	0
650	1474	3	0
666	1474	3	0
844	1474	4	0
269	1478	1	0
276	1478	3	0
280	1478	4	0
291	1478	2	0
328	1478	3	0
363	1478	1	0
378	1478	3	0
405	1478	1	0
416	1478	2	0
456	1478	4	0
561	1478	3	0
627	1478	3	0
653	1478	2	0
682	1478	3	0
788	1478	3	0
846	1478	4	0
880	1478	3	0
924	1478	4	0
269	1479	2	0
280	1479	3	0
311	1479	3	0
405	1479	1	0
450	1479	3	0
655	1479	2	0
707	1479	5	0
846	1479	3	0
279	1484	3	0
394	1484	4	0
405	1484	1	0
279	1496	3	0
336	1496	1	0
532	1496	2	0
880	1496	4	0
887	1496	4	0
314	1517	4	0
405	1517	1	0
416	1517	2	0
577	1517	3	0
798	1517	4	0
358	1529	3	0
405	1529	1	0
561	1529	3	0
655	1529	2	0
773	1529	5	0
399	1540	3	0
405	1540	2	0
416	1540	4	0
524	1540	2	0
601	1540	2	0
798	1540	4	0
846	1540	3	0
851	1540	2	0
881	1540	1	0
887	1540	5	0
405	1544	1	0
705	1544	4	0
798	1544	3	0
405	1553	1	0
524	1553	3	0
655	1553	4	0
889	1553	3	0
405	1555	1	0
497	1555	2	0
543	1555	3	0
773	1555	4	0
795	1555	3	0
405	1560	1	0
524	1560	4	0
655	1560	2	0
894	1560	4	0
