1	10	3	0
2	10	2	0
7	10	4	0
49	10	3	0
59	10	4	0
63	10	4	0
64	10	5	0
79	10	5	0
85	10	4	0
90	10	5	0
104	10	2	0
108	10	5	0
151	10	5	0
158	10	4	0
181	10	2	0
189	10	5	0
201	10	3	0
230	10	3	0
234	10	3	0
239	10	5	0
243	10	4	0
268	10	4	0
279	10	4	0
292	10	5	0
294	10	3	0
296	10	2	0
299	10	5	0
312	10	5	0
327	10	4	0
328	10	4	0
334	10	4	0
343	10	4	0
349	10	5	0
354	10	5	0
357	10	5	0
360	10	5	0
378	10	3	0
387	10	4	0
402	10	2	0
406	10	3	0
416	10	3	0
423	10	4	0
430	10	4	0
435	10	5	0
450	10	4	0
460	10	3	0
463	10	1	0
467	10	4	0
469	10	5	0
473	10	3	0
486	10	4	0
496	10	5	0
498	10	5	0
500	10	3	0
503	10	5	0
506	10	2	0
514	10	4	0
518	10	3	0
533	10	2	0
536	10	4	0
537	10	4	0
561	10	3	0
565	10	5	0
567	10	4	0
573	10	4	0
585	10	3	0
636	10	5	0
662	10	4	0
698	10	4	0
699	10	4	0
707	10	5	0
711	10	5	0
733	10	3	0
745	10	5	0
765	10	4	0
788	10	4	0
790	10	1	0
795	10	4	0
804	10	4	0
828	10	3	0
829	10	3	0
851	10	3	0
861	10	3	0
862	10	5	0
870	10	4	0
883	10	5	0
886	10	3	0
894	10	4	0
906	10	4	0
1	19	5	0
2	19	3	0
6	19	4	0
14	19	5	0
18	19	3	0
23	19	4	0
52	19	5	0
79	19	5	0
90	19	3	0
131	19	4	0
136	19	4	0
144	19	4	0
181	19	1	0
227	19	4	0
264	19	5	0
296	19	5	0
299	19	1	0
306	19	5	0
308	19	3	0
316	19	5	0
321	19	4	0
334	19	4	0
344	19	4	0
354	19	5	0
383	19	4	0
402	19	4	0
420	19	3	0
430	19	5	0
459	19	3	0
460	19	5	0
463	19	5	0
468	19	4	0
470	19	4	0
491	19	4	0
497	19	4	0
503	19	5	0
514	19	4	0
527	19	3	0
533	19	3	0
537	19	4	0
539	19	5	0
558	19	5	0
561	19	3	0
569	19	5	0
585	19	3	0
590	19	5	0
594	19	3	0
607	19	3	0
639	19	4	0
655	19	2	0
699	19	4	0
701	19	5	0
725	19	5	0
733	19	5	0
794	19	4	0
828	19	5	0
837	19	4	0
854	19	3	0
857	19	4	0
876	19	5	0
878	19	4	0
883	19	2	0
894	19	4	0
896	19	2	0
907	19	5	0
913	19	5	0
919	19	4	0
936	19	5	0
937	19	1	0
1	45	5	0
13	45	3	0
18	45	5	0
58	45	5	0
59	45	5	0
72	45	5	0
80	45	4	0
85	45	3	0
90	45	3	0
94	45	5	0
106	45	3	0
138	45	5	0
189	45	3	0
200	45	3	0
201	45	2	0
204	45	5	0
207	45	3	0
214	45	4	0
234	45	4	0
239	45	5	0
251	45	5	0
293	45	5	0
296	45	5	0
299	45	3	0
305	45	5	0
308	45	4	0
321	45	4	0
339	45	5	0
344	45	5	0
354	45	5	0
358	45	3	0
360	45	4	0
405	45	1	0
407	45	4	0
409	45	4	0
429	45	3	0
435	45	5	0
452	45	4	0
457	45	5	0
474	45	5	0
487	45	5	0
491	45	5	0
492	45	3	0
500	45	4	0
503	45	5	0
514	45	4	0
535	45	3	0
537	45	3	0
539	45	4	0
553	45	4	0
561	45	3	0
571	45	4	0
585	45	5	0
591	45	5	0
607	45	4	0
633	45	3	0
655	45	3	0
658	45	5	0
664	45	4	0
707	45	4	0
773	45	4	0
796	45	3	0
799	45	4	0
805	45	4	0
806	45	4	0
828	45	4	0
838	45	4	0
840	45	4	0
844	45	4	0
855	45	3	0
861	45	5	0
862	45	4	0
870	45	5	0
875	45	3	0
878	45	3	0
883	45	5	0
894	45	4	0
918	45	4	0
930	45	4	0
932	45	5	0
1	57	5	0
11	57	2	0
18	57	4	0
49	57	4	0
85	57	5	0
90	57	5	0
121	57	5	0
122	57	2	0
184	57	5	0
201	57	4	0
233	57	5	0
236	57	5	0
257	57	5	0
276	57	3	0
286	57	5	0
297	57	5	0
312	57	5	0
342	57	3	0
343	57	5	0
354	57	5	0
370	57	5	0
399	57	4	0
405	57	1	0
406	57	4	0
440	57	5	0
455	57	4	0
456	57	4	0
457	57	4	0
458	57	1	0
639	57	3	0
655	57	3	0
664	57	4	0
707	57	4	0
815	57	5	0
828	57	3	0
846	57	2	0
878	57	4	0
894	57	4	0
913	57	4	0
919	57	5	0
1	59	5	0
6	59	5	0
10	59	4	0
13	59	4	0
18	59	4	0
23	59	4	0
59	59	5	0
60	59	5	0
62	59	4	0
73	59	5	0
76	59	4	0
90	59	5	0
106	59	4	0
144	59	4	0
145	59	1	0
160	59	4	0
177	59	4	0
189	59	3	0
195	59	3	0
201	59	4	0
207	59	4	0
221	59	2	0
257	59	5	0
268	59	5	0
269	59	4	0
279	59	4	0
299	59	5	0
305	59	3	0
308	59	4	0
321	59	4	0
331	59	5	0
334	59	5	0
354	59	5	0
358	59	4	0
361	59	4	0
378	59	4	0
380	59	4	0
381	59	3	0
382	59	5	0
385	59	2	0
389	59	5	0
391	59	5	0
392	59	4	0
405	59	1	0
409	59	5	0
433	59	5	0
449	59	5	0
450	59	4	0
453	59	2	0
456	59	4	0
457	59	5	0
474	59	3	0
493	59	5	0
498	59	4	0
500	59	4	0
527	59	5	0
535	59	3	0
537	59	3	0
539	59	5	0
543	59	4	0
567	59	5	0
568	59	1	0
585	59	4	0
592	59	4	0
608	59	5	0
639	59	3	0
641	59	4	0
645	59	5	0
655	59	4	0
712	59	2	0
763	59	5	0
773	59	5	0
828	59	5	0
846	59	4	0
855	59	3	0
862	59	5	0
868	59	4	0
877	59	5	0
878	59	3	0
883	59	5	0
889	59	4	0
894	59	5	0
903	59	4	0
1	60	5	0
10	60	3	0
13	60	4	0
18	60	4	0
59	60	5	0
60	60	5	0
76	60	4	0
90	60	4	0
177	60	4	0
189	60	3	0
195	60	3	0
207	60	3	0
251	60	4	0
257	60	5	0
268	60	5	0
270	60	5	0
279	60	4	0
295	60	5	0
299	60	5	0
305	60	3	0
308	60	3	0
321	60	4	0
354	60	5	0
361	60	4	0
380	60	4	0
391	60	5	0
405	60	1	0
409	60	5	0
433	60	5	0
449	60	5	0
450	60	3	0
452	60	1	0
456	60	4	0
474	60	3	0
493	60	2	0
500	60	5	0
524	60	5	0
527	60	4	0
530	60	5	0
535	60	5	0
537	60	3	0
543	60	5	0
567	60	5	0
585	60	4	0
592	60	4	0
639	60	3	0
645	60	5	0
655	60	3	0
712	60	1	0
763	60	5	0
773	60	5	0
828	60	4	0
838	60	4	0
846	60	4	0
855	60	3	0
862	60	5	0
877	60	5	0
878	60	4	0
883	60	5	0
889	60	3	0
894	60	5	0
903	60	4	0
913	60	3	0
916	60	4	0
1	61	4	0
13	61	4	0
18	61	4	0
58	61	5	0
59	61	4	0
60	61	4	0
76	61	4	0
94	61	5	0
144	61	3	0
154	61	4	0
160	61	4	0
189	61	3	0
195	61	3	0
201	61	2	0
257	61	5	0
268	61	4	0
279	61	4	0
296	61	3	0
299	61	4	0
305	61	4	0
308	61	3	0
321	61	5	0
334	61	3	0
354	61	5	0
380	61	4	0
385	61	2	0
387	61	3	0
391	61	5	0
405	61	1	0
409	61	4	0
449	61	5	0
450	61	4	0
452	61	1	0
456	61	4	0
474	61	3	0
493	61	4	0
498	61	4	0
500	61	4	0
535	61	3	0
537	61	4	0
543	61	4	0
585	61	4	0
592	61	4	0
608	61	5	0
639	61	3	0
645	61	5	0
655	61	3	0
712	61	3	0
758	61	3	0
763	61	5	0
773	61	5	0
828	61	5	0
846	61	3	0
862	61	5	0
868	61	5	0
877	61	5	0
883	61	5	0
894	61	4	0
903	61	4	0
1	165	5	0
6	165	5	0
13	165	3	0
18	165	4	0
106	165	5	0
121	165	4	0
123	165	5	0
144	165	4	0
184	165	4	0
189	165	5	0
194	165	4	0
232	165	4	0
234	165	5	0
239	165	5	0
257	165	4	0
279	165	4	0
292	165	4	0
293	165	3	0
299	165	4	0
305	165	4	0
308	165	3	0
312	165	5	0
342	165	3	0
354	165	4	0
360	165	4	0
361	165	5	0
373	165	5	0
392	165	5	0
409	165	4	0
429	165	5	0
430	165	4	0
437	165	4	0
480	165	5	0
499	165	5	0
535	165	4	0
543	165	4	0
557	165	5	0
565	165	4	0
566	165	5	0
568	165	4	0
584	165	1	0
585	165	4	0
588	165	2	0
622	165	5	0
625	165	3	0
639	165	3	0
642	165	4	0
655	165	3	0
661	165	5	0
707	165	3	0
734	165	3	0
836	165	4	0
840	165	5	0
848	165	5	0
855	165	4	0
878	165	4	0
884	165	3	0
889	165	3	0
894	165	4	0
909	165	5	0
918	165	4	0
928	165	5	0
930	165	5	0
932	165	4	0
1	166	5	0
6	166	4	0
7	166	3	0
13	166	5	0
18	166	4	0
60	166	4	0
90	166	4	0
124	166	5	0
184	166	3	0
189	166	4	0
214	166	4	0
232	166	4	0
234	166	5	0
257	166	4	0
279	166	4	0
293	166	3	0
299	166	4	0
305	166	4	0
308	166	3	0
312	166	5	0
354	166	4	0
360	166	5	0
361	166	4	0
369	166	4	0
373	166	5	0
383	166	4	0
392	166	5	0
409	166	4	0
429	166	5	0
437	166	4	0
450	166	5	0
480	166	5	0
499	166	5	0
503	166	5	0
523	166	4	0
535	166	4	0
557	166	4	0
565	166	4	0
566	166	4	0
585	166	4	0
608	166	3	0
622	166	5	0
625	166	3	0
639	166	3	0
642	166	5	0
655	166	3	0
661	166	5	0
707	166	3	0
734	166	3	0
840	166	5	0
848	166	5	0
855	166	4	0
878	166	4	0
884	166	3	0
894	166	4	0
909	166	5	0
918	166	4	0
933	166	3	0
1	169	5	0
5	169	5	0
6	169	4	0
18	169	5	0
25	169	5	0
43	169	5	0
56	169	4	0
58	169	4	0
59	169	4	0
70	169	4	0
81	169	4	0
82	169	4	0
92	169	5	0
97	169	5	0
142	169	5	0
148	169	5	0
151	169	5	0
160	169	4	0
165	169	5	0
167	169	1	0
200	169	5	0
214	169	4	0
216	169	3	0
226	169	5	0
237	169	5	0
244	169	5	0
249	169	5	0
262	169	3	0
267	169	5	0
268	169	5	0
271	169	5	0
275	169	3	0
276	169	5	0
279	169	5	0
286	169	3	0
292	169	5	0
299	169	4	0
305	169	5	0
307	169	5	0
308	169	5	0
312	169	5	0
327	169	2	0
329	169	4	0
334	169	4	0
338	169	5	0
342	169	5	0
343	169	5	0
344	169	5	0
354	169	3	0
363	169	5	0
373	169	5	0
385	169	5	0
387	169	5	0
392	169	4	0
393	169	3	0
405	169	1	0
407	169	5	0
412	169	4	0
417	169	3	0
435	169	5	0
450	169	5	0
454	169	4	0
457	169	5	0
458	169	5	0
465	169	4	0
479	169	5	0
480	169	5	0
497	169	4	0
514	169	5	0
516	169	5	0
523	169	5	0
527	169	4	0
533	169	4	0
536	169	5	0
543	169	4	0
555	169	5	0
579	169	4	0
592	169	5	0
622	169	5	0
625	169	5	0
640	169	5	0
643	169	4	0
648	169	5	0
654	169	5	0
658	169	5	0
661	169	5	0
664	169	5	0
666	169	4	0
669	169	3	0
676	169	5	0
679	169	3	0
680	169	5	0
700	169	3	0
711	169	5	0
723	169	4	0
727	169	5	0
737	169	4	0
738	169	5	0
745	169	4	0
747	169	5	0
748	169	4	0
771	169	5	0
773	169	5	0
795	169	5	0
805	169	4	0
806	169	5	0
822	169	4	0
838	169	4	0
840	169	5	0
864	169	5	0
865	169	5	0
868	169	5	0
870	169	4	0
875	169	5	0
885	169	5	0
889	169	5	0
913	169	4	0
932	169	5	0
1	171	5	0
7	171	3	0
23	171	5	0
49	171	4	0
58	171	5	0
62	171	4	0
73	171	5	0
90	171	2	0
92	171	4	0
114	171	4	0
118	171	5	0
151	171	5	0
201	171	3	0
207	171	3	0
214	171	4	0
239	171	5	0
244	171	5	0
269	171	5	0
276	171	4	0
286	171	4	0
299	171	4	0
303	171	4	0
305	171	5	0
308	171	4	0
334	171	4	0
354	171	4	0
363	171	5	0
382	171	3	0
385	171	3	0
397	171	5	0
405	171	1	0
409	171	4	0
417	171	3	0
425	171	3	0
435	171	5	0
440	171	5	0
449	171	4	0
452	171	4	0
474	171	4	0
493	171	5	0
498	171	3	0
535	171	3	0
537	171	3	0
561	171	5	0
565	171	5	0
585	171	3	0
655	171	2	0
658	171	4	0
737	171	4	0
756	171	4	0
758	171	5	0
763	171	3	0
773	171	5	0
828	171	3	0
854	171	4	0
855	171	3	0
870	171	4	0
875	171	5	0
886	171	4	0
889	171	4	0
894	171	3	0
913	171	3	0
916	171	4	0
930	171	1	0
940	171	2	0
1	189	3	0
5	189	5	0
6	189	3	0
18	189	5	0
23	189	5	0
25	189	5	0
29	189	4	0
43	189	5	0
56	189	4	0
58	189	3	0
70	189	4	0
92	189	4	0
97	189	4	0
142	189	4	0
148	189	4	0
151	189	5	0
216	189	3	0
267	189	4	0
268	189	4	0
276	189	4	0
279	189	5	0
286	189	3	0
305	189	5	0
307	189	4	0
312	189	5	0
338	189	4	0
342	189	5	0
343	189	4	0
354	189	3	0
363	189	5	0
373	189	5	0
385	189	5	0
387	189	5	0
392	189	4	0
393	189	4	0
405	189	1	0
407	189	4	0
437	189	2	0
458	189	4	0
479	189	2	0
497	189	4	0
514	189	5	0
523	189	5	0
536	189	5	0
592	189	5	0
640	189	5	0
643	189	4	0
654	189	4	0
661	189	4	0
711	189	5	0
723	189	3	0
738	189	4	0
747	189	4	0
748	189	4	0
771	189	5	0
773	189	5	0
774	189	2	0
795	189	3	0
822	189	4	0
829	189	4	0
864	189	4	0
865	189	4	0
868	189	5	0
885	189	5	0
913	189	3	0
932	189	5	0
1	207	5	0
7	207	4	0
60	207	3	0
62	207	3	0
95	207	5	0
184	207	4	0
189	207	5	0
201	207	3	0
234	207	2	0
235	207	4	0
236	207	3	0
239	207	5	0
276	207	4	0
279	207	5	0
292	207	5	0
299	207	3	0
305	207	5	0
312	207	5	0
321	207	3	0
334	207	4	0
360	207	4	0
361	207	4	0
378	207	4	0
385	207	4	0
405	207	1	0
406	207	2	0
409	207	3	0
417	207	4	0
425	207	2	0
429	207	4	0
437	207	4	0
450	207	4	0
452	207	4	0
474	207	4	0
481	207	3	0
488	207	3	0
499	207	5	0
505	207	3	0
527	207	4	0
535	207	4	0
537	207	4	0
543	207	5	0
561	207	3	0
565	207	4	0
566	207	5	0
585	207	5	0
588	207	2	0
608	207	5	0
622	207	5	0
629	207	4	0
655	207	3	0
660	207	4	0
727	207	5	0
731	207	4	0
745	207	2	0
757	207	2	0
767	207	5	0
828	207	4	0
844	207	4	0
848	207	5	0
849	207	5	0
867	207	5	0
868	207	3	0
877	207	3	0
883	207	3	0
889	207	3	0
1	224	5	0
13	224	4	0
18	224	5	0
23	224	5	0
63	224	4	0
114	224	3	0
151	224	5	0
181	224	1	0
207	224	3	0
226	224	4	0
234	224	4	0
252	224	4	0
257	224	4	0
271	224	4	0
279	224	4	0
286	224	5	0
321	224	3	0
334	224	2	0
363	224	4	0
385	224	2	0
387	224	5	0
449	224	4	0
460	224	4	0
463	224	3	0
490	224	2	0
503	224	3	0
506	224	1	0
537	224	3	0
568	224	4	0
581	224	4	0
585	224	2	0
592	224	5	0
655	224	3	0
699	224	3	0
707	224	4	0
733	224	4	0
743	224	5	0
758	224	4	0
763	224	5	0
794	224	4	0
828	224	3	0
883	224	4	0
909	224	5	0
937	224	4	0
1	242	5	0
2	242	5	0
6	242	4	0
9	242	4	0
12	242	5	0
13	242	2	0
14	242	4	0
18	242	5	0
21	242	3	0
30	242	5	0
34	242	5	0
35	242	2	0
40	242	4	0
63	242	3	0
86	242	4	0
90	242	4	0
111	242	4	0
113	242	2	0
123	242	5	0
129	242	4	0
131	242	5	0
139	242	3	0
144	242	4	0
145	242	5	0
154	242	3	0
173	242	5	0
181	242	1	0
195	242	4	0
196	242	3	0
199	242	5	0
201	242	4	0
202	242	3	0
204	242	5	0
205	242	4	0
206	242	3	0
207	242	4	0
209	242	4	0
226	242	5	0
234	242	4	0
239	242	5	0
240	242	5	0
249	242	5	0
270	242	5	0
271	242	4	0
279	242	3	0
296	242	4	0
305	242	5	0
306	242	5	0
309	242	4	0
331	242	4	0
354	242	5	0
355	242	4	0
360	242	4	0
408	242	4	0
416	242	4	0
417	242	3	0
428	242	4	0
439	242	5	0
440	242	5	0
451	242	1	0
460	242	4	0
461	242	3	0
463	242	2	0
473	242	3	0
485	242	5	0
486	242	4	0
492	242	5	0
497	242	1	0
500	242	3	0
520	242	5	0
523	242	5	0
532	242	4	0
533	242	4	0
537	242	3	0
539	242	5	0
566	242	5	0
568	242	4	0
574	242	5	0
592	242	5	0
594	242	4	0
597	242	4	0
617	242	3	0
624	242	4	0
628	242	5	0
639	242	4	0
641	242	5	0
651	242	5	0
655	242	4	0
673	242	4	0
675	242	4	0
680	242	4	0
695	242	5	0
697	242	5	0
707	242	4	0
720	242	4	0
721	242	3	0
724	242	1	0
733	242	4	0
735	242	5	0
740	242	4	0
743	242	4	0
753	242	4	0
758	242	3	0
765	242	5	0
767	242	4	0
771	242	4	0
794	242	5	0
803	242	5	0
845	242	4	0
861	242	5	0
863	242	4	0
866	242	3	0
869	242	2	0
871	242	3	0
894	242	4	0
898	242	4	0
937	242	3	0
2	297	4	0
6	297	3	0
15	297	3	0
87	297	3	0
116	297	3	0
131	297	4	0
139	297	5	0
144	297	4	0
176	297	3	0
189	297	3	0
204	297	5	0
293	297	4	0
296	297	4	0
299	297	3	0
329	297	4	0
334	297	5	0
342	297	3	0
343	297	5	0
344	297	4	0
345	297	4	0
354	297	4	0
360	297	4	0
392	297	4	0
413	297	5	0
416	297	4	0
430	297	4	0
460	297	3	0
468	297	4	0
486	297	4	0
503	297	5	0
533	297	4	0
567	297	3	0
592	297	5	0
613	297	5	0
655	297	4	0
701	297	4	0
707	297	3	0
733	297	3	0
743	297	5	0
758	297	4	0
770	297	5	0
782	297	3	0
840	297	5	0
854	297	4	0
889	297	3	0
894	297	4	0
919	297	4	0
931	297	4	0
934	297	5	0
937	297	4	0
2	306	4	0
6	306	4	0
13	306	3	0
15	306	5	0
29	306	4	0
31	306	3	0
39	306	3	0
47	306	4	0
48	306	4	0
62	306	4	0
63	306	3	0
79	306	5	0
90	306	4	0
112	306	5	0
116	306	3	0
133	306	4	0
155	306	5	0
171	306	3	0
173	306	5	0
181	306	1	0
186	306	4	0
196	306	4	0
197	306	2	0
220	306	4	0
242	306	5	0
243	306	4	0
270	306	5	0
278	306	5	0
284	306	4	0
306	306	5	0
309	306	2	0
311	306	4	0
316	306	4	0
319	306	4	0
331	306	5	0
334	306	4	0
338	306	4	0
343	306	4	0
344	306	5	0
354	306	5	0
355	306	4	0
360	306	4	0
379	306	3	0
380	306	4	0
400	306	3	0
413	306	4	0
419	306	5	0
444	306	5	0
446	306	3	0
451	306	2	0
460	306	4	0
463	306	4	0
466	306	5	0
469	306	4	0
475	306	5	0
486	306	1	0
503	306	5	0
507	306	5	0
514	306	4	0
523	306	5	0
537	306	3	0
539	306	4	0
567	306	3	0
591	306	5	0
592	306	5	0
608	306	4	0
611	306	5	0
615	306	4	0
639	306	4	0
651	306	5	0
655	306	3	0
664	306	4	0
675	306	5	0
683	306	3	0
711	306	5	0
720	306	4	0
721	306	3	0
750	306	4	0
752	306	5	0
787	306	3	0
791	306	5	0
798	306	3	0
799	306	4	0
803	306	4	0
828	306	3	0
841	306	4	0
842	306	4	0
845	306	2	0
863	306	5	0
866	306	4	0
874	306	4	0
877	306	3	0
883	306	3	0
894	306	4	0
902	306	4	0
931	306	4	0
5	408	5	0
6	408	4	0
14	408	5	0
18	408	5	0
21	408	5	0
23	408	5	0
25	408	5	0
32	408	3	0
43	408	5	0
56	408	4	0
58	408	5	0
63	408	4	0
70	408	4	0
75	408	4	0
84	408	5	0
92	408	4	0
97	408	5	0
142	408	4	0
148	408	5	0
151	408	5	0
158	408	5	0
160	408	4	0
181	408	1	0
199	408	5	0
201	408	4	0
209	408	4	0
214	408	4	0
216	408	3	0
226	408	5	0
237	408	5	0
249	408	5	0
267	408	5	0
268	408	5	0
275	408	3	0
276	408	5	0
279	408	5	0
286	408	4	0
292	408	4	0
299	408	4	0
303	408	4	0
305	408	5	0
307	408	5	0
308	408	5	0
312	408	4	0
325	408	5	0
327	408	2	0
334	408	4	0
338	408	5	0
342	408	5	0
343	408	5	0
344	408	5	0
359	408	5	0
363	408	5	0
385	408	5	0
387	408	4	0
402	408	5	0
407	408	4	0
412	408	4	0
420	408	4	0
445	408	3	0
458	408	5	0
465	408	5	0
479	408	5	0
486	408	3	0
491	408	5	0
497	408	4	0
514	408	5	0
523	408	5	0
526	408	5	0
533	408	4	0
536	408	5	0
579	408	3	0
592	408	5	0
605	408	5	0
609	408	5	0
622	408	5	0
625	408	4	0
634	408	3	0
637	408	5	0
643	408	4	0
654	408	5	0
658	408	5	0
661	408	5	0
664	408	5	0
669	408	5	0
680	408	5	0
684	408	5	0
711	408	5	0
727	408	4	0
738	408	5	0
743	408	4	0
747	408	5	0
748	408	5	0
771	408	5	0
773	408	5	0
806	408	5	0
807	408	3	0
822	408	5	0
823	408	5	0
829	408	4	0
838	408	4	0
852	408	5	0
864	408	5	0
865	408	5	0
868	408	5	0
883	408	5	0
889	408	3	0
906	408	4	0
913	408	5	0
924	408	3	0
937	408	5	0
941	408	5	0
6	463	4	0
7	463	4	0
10	463	4	0
13	463	5	0
18	463	4	0
23	463	4	0
25	463	4	0
52	463	5	0
58	463	3	0
62	463	4	0
64	463	4	0
92	463	4	0
95	463	5	0
106	463	3	0
142	463	3	0
151	463	5	0
160	463	4	0
172	463	4	0
213	463	5	0
234	463	4	0
235	463	4	0
239	463	5	0
276	463	4	0
293	463	4	0
307	463	5	0
308	463	4	0
312	463	5	0
316	463	5	0
321	463	3	0
343	463	4	0
344	463	4	0
354	463	4	0
374	463	1	0
380	463	4	0
387	463	4	0
392	463	3	0
393	463	4	0
405	463	1	0
406	463	5	0
416	463	4	0
437	463	5	0
454	463	2	0
455	463	4	0
474	463	5	0
479	463	4	0
484	463	4	0
499	463	5	0
503	463	1	0
506	463	3	0
537	463	3	0
543	463	3	0
585	463	5	0
588	463	4	0
592	463	4	0
629	463	4	0
642	463	3	0
675	463	5	0
711	463	5	0
747	463	3	0
798	463	3	0
828	463	2	0
840	463	5	0
846	463	5	0
854	463	3	0
861	463	3	0
877	463	4	0
878	463	2	0
883	463	3	0
884	463	5	0
894	463	4	0
899	463	4	0
6	464	2	0
62	464	4	0
85	464	5	0
90	464	5	0
94	464	5	0
122	464	5	0
151	464	4	0
201	464	1	0
234	464	4	0
267	464	5	0
269	464	3	0
279	464	4	0
293	464	3	0
305	464	3	0
327	464	4	0
345	464	3	0
354	464	4	0
383	464	4	0
405	464	1	0
429	464	3	0
498	464	4	0
500	464	4	0
537	464	4	0
655	464	3	0
763	464	3	0
846	464	2	0
883	464	5	0
6	512	4	0
18	512	5	0
23	512	5	0
58	512	3	0
62	512	4	0
85	512	3	0
90	512	4	0
151	512	5	0
167	512	5	0
184	512	4	0
189	512	4	0
214	512	5	0
235	512	5	0
239	512	5	0
269	512	5	0
286	512	2	0
299	512	4	0
305	512	4	0
308	512	5	0
312	512	3	0
329	512	4	0
334	512	4	0
354	512	3	0
358	512	5	0
380	512	3	0
381	512	4	0
385	512	5	0
405	512	1	0
437	512	4	0
440	512	3	0
498	512	5	0
537	512	3	0
561	512	4	0
565	512	3	0
566	512	4	0
568	512	1	0
592	512	5	0
639	512	2	0
645	512	5	0
655	512	3	0
659	512	3	0
698	512	4	0
758	512	5	0
828	512	5	0
829	512	4	0
833	512	4	0
840	512	5	0
848	512	5	0
854	512	3	0
855	512	4	0
875	512	5	0
878	512	5	0
883	512	5	0
886	512	1	0
889	512	5	0
894	512	5	0
916	512	5	0
7	638	4	0
13	638	3	0
60	638	5	0
151	638	5	0
185	638	4	0
189	638	5	0
232	638	5	0
234	638	4	0
279	638	4	0
293	638	4	0
305	638	5	0
312	638	5	0
354	638	4	0
358	638	3	0
401	638	4	0
405	638	1	0
406	638	4	0
417	638	4	0
465	638	3	0
523	638	4	0
524	638	2	0
535	638	4	0
537	638	3	0
553	638	3	0
565	638	4	0
568	638	3	0
585	638	4	0
588	638	4	0
615	638	5	0
639	638	4	0
653	638	1	0
654	638	4	0
655	638	4	0
666	638	3	0
707	638	4	0
757	638	3	0
840	638	3	0
846	638	4	0
848	638	5	0
855	638	4	0
884	638	4	0
894	638	3	0
911	638	4	0
918	638	4	0
7	652	3	0
10	652	3	0
11	652	4	0
13	652	5	0
23	652	4	0
49	652	5	0
58	652	5	0
62	652	4	0
64	652	2	0
90	652	4	0
94	652	4	0
102	652	2	0
128	652	3	0
145	652	5	0
151	652	5	0
158	652	4	0
189	652	5	0
198	652	3	0
200	652	2	0
214	652	4	0
216	652	4	0
226	652	3	0
235	652	4	0
239	652	5	0
244	652	5	0
246	652	5	0
268	652	4	0
276	652	4	0
279	652	4	0
286	652	4	0
287	652	4	0
296	652	4	0
297	652	3	0
298	652	3	0
299	652	3	0
327	652	4	0
334	652	5	0
354	652	4	0
361	652	4	0
363	652	4	0
380	652	3	0
381	652	5	0
385	652	5	0
391	652	4	0
393	652	3	0
397	652	3	0
405	652	1	0
406	652	2	0
416	652	4	0
429	652	4	0
435	652	4	0
437	652	4	0
453	652	3	0
474	652	4	0
487	652	5	0
493	652	5	0
496	652	5	0
497	652	5	0
498	652	5	0
514	652	4	0
523	652	2	0
527	652	4	0
537	652	3	0
559	652	4	0
561	652	5	0
565	652	5	0
585	652	4	0
588	652	2	0
592	652	4	0
606	652	3	0
625	652	4	0
660	652	4	0
661	652	2	0
663	652	4	0
711	652	4	0
712	652	3	0
751	652	4	0
758	652	5	0
771	652	4	0
773	652	3	0
777	652	5	0
828	652	5	0
847	652	5	0
854	652	3	0
867	652	5	0
875	652	5	0
889	652	5	0
916	652	4	0
932	652	3	0
933	652	3	0
10	694	5	0
13	694	4	0
23	694	4	0
89	694	5	0
99	694	1	0
158	694	5	0
180	694	5	0
184	694	5	0
187	694	5	0
189	694	4	0
234	694	3	0
243	694	4	0
270	694	5	0
330	694	5	0
331	694	4	0
344	694	5	0
354	694	5	0
361	694	4	0
373	694	5	0
378	694	3	0
381	694	4	0
405	694	1	0
454	694	2	0
455	694	4	0
458	694	4	0
503	694	5	0
523	694	5	0
536	694	5	0
537	694	4	0
543	694	4	0
608	694	3	0
639	694	5	0
655	694	3	0
667	694	4	0
707	694	4	0
711	694	5	0
731	694	5	0
771	694	3	0
798	694	3	0
828	694	2	0
883	694	5	0
899	694	5	0
904	694	3	0
908	694	4	0
10	707	5	0
11	707	5	0
18	707	3	0
59	707	3	0
85	707	4	0
89	707	5	0
90	707	5	0
92	707	4	0
95	707	3	0
123	707	5	0
144	707	3	0
151	707	4	0
184	707	4	0
187	707	5	0
198	707	2	0
244	707	4	0
269	707	2	0
270	707	5	0
271	707	4	0
286	707	5	0
316	707	4	0
334	707	4	0
344	707	4	0
354	707	4	0
361	707	4	0
363	707	3	0
373	707	4	0
376	707	4	0
378	707	3	0
379	707	5	0
401	707	2	0
405	707	1	0
416	707	4	0
437	707	3	0
450	707	5	0
454	707	3	0
474	707	5	0
488	707	2	0
494	707	4	0
503	707	5	0
523	707	5	0
524	707	4	0
535	707	4	0
536	707	5	0
537	707	4	0
556	707	3	0
565	707	5	0
566	707	4	0
585	707	5	0
607	707	4	0
615	707	3	0
639	707	5	0
655	707	3	0
661	707	5	0
666	707	5	0
698	707	2	0
707	707	5	0
711	707	5	0
716	707	4	0
771	707	4	0
796	707	3	0
798	707	2	0
821	707	5	0
840	707	5	0
875	707	4	0
878	707	2	0
883	707	3	0
894	707	4	0
909	707	5	0
918	707	5	0
11	736	4	0
13	736	4	0
18	736	4	0
42	736	5	0
59	736	5	0
60	736	5	0
64	736	4	0
65	736	4	0
89	736	3	0
94	736	5	0
95	736	4	0
121	736	5	0
122	736	4	0
128	736	5	0
151	736	4	0
184	736	3	0
187	736	4	0
194	736	2	0
224	736	3	0
239	736	5	0
243	736	4	0
247	736	5	0
262	736	3	0
270	736	5	0
280	736	2	0
295	736	5	0
297	736	4	0
307	736	3	0
308	736	3	0
321	736	4	0
328	736	3	0
334	736	3	0
339	736	3	0
345	736	3	0
354	736	5	0
378	736	4	0
379	736	4	0
380	736	4	0
383	736	5	0
389	736	5	0
405	736	5	0
437	736	5	0
440	736	5	0
450	736	5	0
452	736	3	0
454	736	3	0
455	736	3	0
458	736	4	0
474	736	3	0
503	736	4	0
536	736	5	0
537	736	3	0
566	736	4	0
585	736	4	0
608	736	4	0
615	736	5	0
654	736	5	0
655	736	3	0
707	736	4	0
711	736	5	0
747	736	5	0
749	736	3	0
751	736	5	0
788	736	3	0
796	736	3	0
798	736	5	0
846	736	4	0
861	736	4	0
864	736	5	0
870	736	1	0
878	736	5	0
883	736	3	0
884	736	3	0
894	736	4	0
897	736	3	0
904	736	4	0
914	736	3	0
932	736	3	0
13	813	1	0
14	813	2	0
49	813	3	0
58	813	5	0
63	813	5	0
78	813	2	0
79	813	5	0
85	813	4	0
89	813	5	0
90	813	4	0
94	813	5	0
119	813	4	0
125	813	1	0
131	813	3	0
151	813	4	0
181	813	2	0
184	813	4	0
192	813	4	0
199	813	3	0
209	813	5	0
226	813	4	0
243	813	4	0
250	813	5	0
251	813	3	0
264	813	4	0
299	813	4	0
303	813	4	0
312	813	5	0
342	813	5	0
361	813	4	0
365	813	5	0
392	813	3	0
399	813	3	0
406	813	4	0
463	813	4	0
470	813	3	0
473	813	3	0
486	813	5	0
535	813	5	0
560	813	4	0
572	813	4	0
581	813	5	0
592	813	4	0
636	813	5	0
655	813	3	0
662	813	3	0
735	813	4	0
748	813	4	0
770	813	5	0
839	813	4	0
870	813	4	0
871	813	3	0
886	813	4	0
907	813	5	0
919	813	4	0
936	813	5	0
13	847	4	0
43	847	5	0
64	847	3	0
90	847	5	0
104	847	2	0
115	847	4	0
123	847	4	0
136	847	4	0
144	847	4	0
151	847	5	0
181	847	1	0
189	847	4	0
201	847	2	0
207	847	3	0
221	847	4	0
234	847	4	0
252	847	4	0
271	847	4	0
299	847	4	0
303	847	4	0
312	847	3	0
323	847	3	0
349	847	4	0
354	847	3	0
381	847	4	0
387	847	3	0
389	847	4	0
392	847	4	0
429	847	3	0
450	847	4	0
458	847	5	0
460	847	3	0
470	847	3	0
490	847	3	0
518	847	5	0
533	847	3	0
558	847	4	0
560	847	4	0
567	847	4	0
581	847	3	0
592	847	5	0
607	847	4	0
637	847	3	0
655	847	2	0
707	847	5	0
708	847	3	0
733	847	3	0
748	847	4	0
765	847	4	0
794	847	5	0
865	847	5	0
883	847	4	0
889	847	4	0
894	847	4	0
937	847	4	0
13	855	4	0
59	855	4	0
85	855	3	0
90	855	5	0
92	855	5	0
95	855	3	0
114	855	3	0
144	855	4	0
184	855	4	0
189	855	3	0
201	855	4	0
219	855	5	0
234	855	3	0
239	855	5	0
292	855	5	0
296	855	5	0
299	855	4	0
312	855	5	0
321	855	3	0
329	855	4	0
334	855	3	0
354	855	4	0
358	855	3	0
379	855	4	0
381	855	3	0
385	855	5	0
397	855	4	0
405	855	1	0
409	855	4	0
417	855	2	0
420	855	5	0
465	855	4	0
469	855	4	0
506	855	4	0
524	855	4	0
527	855	2	0
537	855	3	0
543	855	4	0
565	855	5	0
568	855	1	0
585	855	3	0
607	855	4	0
615	855	4	0
617	855	3	0
622	855	3	0
625	855	4	0
655	855	3	0
659	855	2	0
666	855	4	0
693	855	2	0
698	855	2	0
773	855	2	0
796	855	3	0
829	855	4	0
840	855	4	0
848	855	5	0
854	855	4	0
855	855	4	0
867	855	5	0
878	855	3	0
894	855	4	0
911	855	5	0
918	855	5	0
932	855	5	0
934	855	4	0
940	855	5	0
13	856	5	0
18	856	5	0
23	856	4	0
62	856	4	0
102	856	2	0
201	856	3	0
214	856	4	0
244	856	5	0
264	856	3	0
269	856	5	0
286	856	2	0
293	856	3	0
299	856	3	0
305	856	5	0
308	856	4	0
327	856	4	0
334	856	4	0
339	856	5	0
370	856	3	0
373	856	3	0
380	856	3	0
387	856	5	0
405	856	1	0
436	856	4	0
452	856	4	0
468	856	4	0
566	856	5	0
591	856	4	0
666	856	5	0
751	856	2	0
805	856	4	0
806	856	5	0
870	856	3	0
883	856	5	0
889	856	4	0
918	856	4	0
14	919	4	0
17	919	4	0
23	919	5	0
24	919	3	0
49	919	5	0
52	919	5	0
59	919	4	0
64	919	4	0
76	919	3	0
82	919	3	0
97	919	5	0
118	919	5	0
151	919	5	0
154	919	4	0
176	919	2	0
177	919	4	0
181	919	1	0
201	919	3	0
232	919	3	0
246	919	4	0
249	919	5	0
269	919	4	0
276	919	4	0
279	919	3	0
292	919	5	0
297	919	1	0
299	919	3	0
303	919	4	0
312	919	3	0
327	919	5	0
343	919	5	0
345	919	2	0
363	919	5	0
367	919	5	0
369	919	5	0
385	919	4	0
387	919	5	0
399	919	2	0
406	919	2	0
422	919	5	0
433	919	5	0
435	919	5	0
445	919	1	0
456	919	4	0
467	919	2	0
470	919	3	0
486	919	3	0
490	919	4	0
498	919	4	0
500	919	3	0
518	919	5	0
526	919	3	0
533	919	2	0
534	919	5	0
535	919	4	0
537	919	4	0
543	919	2	0
567	919	4	0
581	919	5	0
582	919	5	0
585	919	2	0
592	919	5	0
606	919	2	0
624	919	4	0
634	919	2	0
640	919	5	0
655	919	2	0
658	919	2	0
663	919	3	0
738	919	4	0
756	919	5	0
758	919	5	0
770	919	5	0
773	919	5	0
795	919	4	0
815	919	5	0
823	919	4	0
825	919	1	0
833	919	2	0
838	919	5	0
844	919	3	0
854	919	4	0
855	919	3	0
862	919	4	0
865	919	5	0
868	919	4	0
883	919	4	0
886	919	4	0
889	919	5	0
894	919	4	0
913	919	4	0
916	919	5	0
919	919	2	0
922	919	5	0
936	919	5	0
941	919	5	0
14	921	5	0
18	921	5	0
62	921	2	0
85	921	3	0
94	921	5	0
195	921	3	0
232	921	4	0
234	921	4	0
239	921	5	0
257	921	5	0
263	921	3	0
299	921	3	0
305	921	5	0
308	921	4	0
311	921	4	0
312	921	5	0
327	921	4	0
343	921	4	0
378	921	4	0
405	921	1	0
406	921	4	0
429	921	2	0
440	921	5	0
450	921	4	0
474	921	3	0
487	921	5	0
496	921	5	0
533	921	2	0
535	921	4	0
537	921	3	0
561	921	3	0
591	921	4	0
601	921	5	0
633	921	3	0
642	921	5	0
655	921	3	0
707	921	4	0
711	921	5	0
767	921	5	0
828	921	4	0
844	921	5	0
875	921	5	0
877	921	4	0
878	921	4	0
884	921	5	0
918	921	4	0
14	923	5	0
18	923	5	0
58	923	5	0
71	923	5	0
73	923	3	0
85	923	4	0
90	923	5	0
94	923	5	0
106	923	4	0
198	923	3	0
201	923	3	0
233	923	4	0
234	923	4	0
235	923	4	0
239	923	5	0
262	923	4	0
269	923	4	0
278	923	5	0
296	923	5	0
305	923	5	0
316	923	5	0
370	923	4	0
380	923	3	0
389	923	5	0
405	923	2	0
406	923	3	0
409	923	5	0
417	923	3	0
440	923	5	0
450	923	5	0
469	923	5	0
474	923	4	0
492	923	5	0
535	923	4	0
537	923	3	0
565	923	4	0
568	923	3	0
585	923	5	0
591	923	4	0
603	923	4	0
626	923	5	0
639	923	4	0
655	923	3	0
658	923	3	0
707	923	5	0
711	923	5	0
745	923	3	0
747	923	5	0
806	923	3	0
828	923	3	0
833	923	5	0
875	923	5	0
878	923	3	0
884	923	3	0
894	923	5	0
911	923	4	0
918	923	4	0
924	923	5	0
18	961	3	0
23	961	5	0
92	961	4	0
94	961	4	0
144	961	3	0
180	961	5	0
239	961	5	0
269	961	5	0
295	961	5	0
296	961	5	0
305	961	3	0
325	961	4	0
334	961	4	0
339	961	3	0
343	961	4	0
378	961	3	0
381	961	3	0
385	961	4	0
429	961	3	0
435	961	1	0
437	961	5	0
454	961	1	0
496	961	2	0
504	961	4	0
608	961	4	0
625	961	4	0
655	961	3	0
711	961	5	0
763	961	5	0
798	961	1	0
828	961	2	0
894	961	4	0
916	961	3	0
934	961	4	0
18	971	4	0
85	971	3	0
90	971	4	0
95	971	3	0
151	971	5	0
194	971	3	0
235	971	4	0
279	971	4	0
299	971	2	0
305	971	4	0
354	971	3	0
405	971	1	0
406	971	3	0
440	971	5	0
449	971	4	0
452	971	4	0
474	971	4	0
500	971	5	0
535	971	2	0
537	971	4	0
561	971	3	0
565	971	5	0
585	971	3	0
592	971	4	0
639	971	4	0
765	971	4	0
828	971	4	0
840	971	4	0
848	971	5	0
877	971	4	0
883	971	3	0
894	971	3	0
916	971	4	0
918	971	4	0
24	1007	5	0
30	1007	5	0
63	1007	5	0
76	1007	4	0
94	1007	4	0
196	1007	4	0
227	1007	4	0
270	1007	5	0
279	1007	4	0
294	1007	4	0
296	1007	4	0
297	1007	4	0
303	1007	5	0
327	1007	4	0
342	1007	4	0
344	1007	4	0
345	1007	5	0
354	1007	4	0
363	1007	5	0
385	1007	3	0
387	1007	5	0
389	1007	4	0
392	1007	5	0
416	1007	5	0
422	1007	4	0
430	1007	3	0
437	1007	5	0
463	1007	3	0
473	1007	4	0
479	1007	4	0
480	1007	4	0
498	1007	3	0
501	1007	4	0
526	1007	3	0
655	1007	3	0
675	1007	4	0
707	1007	4	0
751	1007	4	0
758	1007	5	0
782	1007	3	0
789	1007	4	0
847	1007	4	0
894	1007	3	0
928	1007	5	0
936	1007	5	0
937	1007	4	0
941	1007	4	0
41	1039	3	0
85	1039	4	0
90	1039	5	0
109	1039	2	0
116	1039	4	0
128	1039	4	0
130	1039	4	0
144	1039	4	0
148	1039	2	0
151	1039	4	0
177	1039	3	0
201	1039	3	0
214	1039	4	0
215	1039	5	0
224	1039	5	0
234	1039	3	0
236	1039	2	0
243	1039	4	0
244	1039	4	0
246	1039	4	0
249	1039	5	0
253	1039	4	0
279	1039	4	0
286	1039	5	0
288	1039	2	0
292	1039	4	0
295	1039	4	0
299	1039	4	0
303	1039	5	0
312	1039	5	0
316	1039	5	0
339	1039	4	0
343	1039	5	0
346	1039	2	0
347	1039	5	0
350	1039	4	0
354	1039	4	0
360	1039	5	0
373	1039	4	0
380	1039	3	0
393	1039	3	0
417	1039	3	0
429	1039	5	0
435	1039	4	0
437	1039	2	0
450	1039	5	0
457	1039	5	0
458	1039	5	0
459	1039	3	0
479	1039	4	0
481	1039	4	0
488	1039	4	0
495	1039	5	0
505	1039	4	0
514	1039	5	0
532	1039	4	0
535	1039	4	0
536	1039	5	0
551	1039	4	0
561	1039	3	0
562	1039	4	0
571	1039	3	0
588	1039	4	0
592	1039	4	0
601	1039	4	0
606	1039	4	0
608	1039	5	0
618	1039	4	0
622	1039	5	0
641	1039	4	0
642	1039	5	0
650	1039	3	0
682	1039	4	0
710	1039	4	0
716	1039	5	0
721	1039	5	0
731	1039	4	0
758	1039	5	0
763	1039	4	0
790	1039	3	0
796	1039	4	0
807	1039	4	0
815	1039	5	0
838	1039	5	0
843	1039	3	0
844	1039	4	0
867	1039	5	0
878	1039	3	0
890	1039	4	0
911	1039	4	0
49	1073	5	0
57	1073	3	0
62	1073	4	0
73	1073	4	0
92	1073	5	0
94	1073	5	0
115	1073	5	0
145	1073	5	0
160	1073	4	0
200	1073	3	0
201	1073	2	0
214	1073	5	0
218	1073	5	0
221	1073	4	0
246	1073	4	0
249	1073	4	0
250	1073	5	0
267	1073	5	0
268	1073	4	0
269	1073	3	0
270	1073	5	0
276	1073	3	0
291	1073	5	0
292	1073	5	0
296	1073	5	0
297	1073	3	0
299	1073	4	0
303	1073	4	0
305	1073	1	0
308	1073	3	0
323	1073	4	0
327	1073	2	0
334	1073	4	0
342	1073	1	0
343	1073	4	0
363	1073	4	0
375	1073	2	0
405	1073	1	0
406	1073	3	0
409	1073	4	0
440	1073	4	0
449	1073	5	0
498	1073	3	0
506	1073	4	0
524	1073	5	0
537	1073	3	0
543	1073	3	0
548	1073	4	0
560	1073	3	0
592	1073	5	0
601	1073	2	0
617	1073	3	0
640	1073	5	0
663	1073	3	0
671	1073	3	0
757	1073	4	0
828	1073	4	0
870	1073	5	0
875	1073	5	0
884	1073	4	0
886	1073	4	0
889	1073	5	0
894	1073	4	0
903	1073	3	0
916	1073	4	0
919	1073	4	0
