1	30	3	0
59	30	5	0
60	30	5	0
85	30	3	0
90	30	5	0
189	30	4	0
194	30	3	0
234	30	4	0
279	30	2	0
308	30	4	0
321	30	4	0
339	30	3	0
381	30	4	0
385	30	5	0
405	30	1	0
406	30	4	0
409	30	4	0
437	30	4	0
500	30	4	0
535	30	4	0
537	30	3	0
565	30	5	0
568	30	4	0
585	30	4	0
607	30	4	0
622	30	4	0
641	30	4	0
645	30	4	0
655	30	5	0
747	30	5	0
756	30	4	0
833	30	4	0
883	30	4	0
894	30	4	0
903	30	5	0
916	30	4	0
932	30	4	0
1	115	5	0
92	115	3	0
97	115	5	0
292	115	4	0
295	115	5	0
299	115	3	0
325	115	3	0
334	115	5	0
406	115	4	0
409	115	2	0
424	115	1	0
435	115	4	0
493	115	4	0
508	115	3	0
887	115	5	0
1	253	5	0
50	253	5	0
116	253	3	0
189	253	4	0
214	253	5	0
270	253	5	0
385	253	3	0
416	253	3	0
430	253	1	0
437	253	1	0
460	253	3	0
463	253	5	0
557	253	3	0
558	253	5	0
581	253	5	0
592	253	1	0
622	253	3	0
733	253	3	0
736	253	5	0
758	253	5	0
770	253	5	0
782	253	2	0
869	253	4	0
870	253	4	0
919	253	3	0
936	253	5	0
2	316	5	0
13	316	5	0
26	316	3	0
40	316	3	0
43	316	5	0
85	316	3	0
90	316	5	0
100	316	5	0
102	316	3	0
104	316	4	0
112	316	5	0
119	316	4	0
126	316	4	0
130	316	4	0
133	316	4	0
134	316	4	0
144	316	5	0
145	316	5	0
161	316	5	0
163	316	5	0
178	316	4	0
179	316	5	0
191	316	5	0
197	316	4	0
204	316	4	0
205	316	4	0
207	316	5	0
229	316	1	0
234	316	4	0
263	316	5	0
269	316	4	0
273	316	4	0
276	316	4	0
280	316	5	0
286	316	5	0
293	316	3	0
328	316	5	0
333	316	5	0
334	316	4	0
344	316	4	0
353	316	5	0
356	316	4	0
363	316	3	0
365	316	4	0
369	316	5	0
377	316	4	0
383	316	5	0
384	316	5	0
392	316	5	0
393	316	5	0
401	316	5	0
407	316	4	0
410	316	4	0
416	316	3	0
423	316	4	0
425	316	4	0
428	316	4	0
448	316	1	0
450	316	4	0
454	316	4	0
474	316	5	0
475	316	5	0
489	316	5	0
500	316	3	0
507	316	5	0
532	316	4	0
547	316	5	0
548	316	4	0
551	316	5	0
574	316	4	0
587	316	4	0
588	316	5	0
616	316	4	0
624	316	4	0
650	316	3	0
655	316	4	0
656	316	3	0
659	316	4	0
660	316	4	0
663	316	4	0
667	316	4	0
676	316	4	0
683	316	4	0
701	316	5	0
704	316	4	0
711	316	4	0
720	316	4	0
747	316	4	0
751	316	4	0
752	316	3	0
753	316	4	0
758	316	5	0
782	316	4	0
796	316	5	0
818	316	4	0
820	316	3	0
827	316	3	0
828	316	5	0
831	316	3	0
834	316	5	0
841	316	4	0
856	316	5	0
860	316	3	0
863	316	5	0
880	316	5	0
883	316	5	0
894	316	4	0
898	316	5	0
931	316	5	0
934	316	4	0
940	316	4	0
942	316	4	0
3	320	5	0
13	320	1	0
21	320	3	0
49	320	5	0
118	320	5	0
264	320	4	0
292	320	5	0
342	320	5	0
368	320	5	0
385	320	3	0
387	320	4	0
399	320	3	0
592	320	5	0
617	320	5	0
655	320	5	0
731	320	1	0
747	320	5	0
758	320	5	0
833	320	4	0
896	320	3	0
6	459	2	0
15	459	5	0
119	459	4	0
181	459	1	0
189	459	4	0
312	459	4	0
344	459	4	0
349	459	4	0
373	459	4	0
381	459	4	0
393	459	4	0
399	459	4	0
449	459	4	0
486	459	2	0
537	459	3	0
541	459	5	0
655	459	2	0
733	459	4	0
754	459	4	0
821	459	5	0
823	459	4	0
891	459	5	0
931	459	4	0
932	459	4	0
6	467	4	0
10	467	4	0
13	467	5	0
16	467	5	0
42	467	3	0
94	467	4	0
194	467	5	0
201	467	2	0
221	467	4	0
249	467	4	0
293	467	4	0
308	467	4	0
323	467	5	0
331	467	3	0
374	467	4	0
389	467	3	0
405	467	4	0
429	467	4	0
450	467	4	0
452	467	3	0
458	467	4	0
474	467	4	0
478	467	5	0
524	467	4	0
527	467	3	0
537	467	3	0
566	467	3	0
586	467	4	0
592	467	5	0
627	467	5	0
629	467	5	0
655	467	3	0
658	467	4	0
659	467	3	0
666	467	4	0
682	467	3	0
686	467	5	0
707	467	4	0
747	467	4	0
780	467	3	0
796	467	3	0
833	467	2	0
862	467	4	0
880	467	4	0
886	467	4	0
903	467	3	0
916	467	3	0
933	467	3	0
6	500	4	0
90	500	4	0
92	500	4	0
144	500	4	0
165	500	3	0
178	500	4	0
189	500	5	0
195	500	4	0
234	500	3	0
326	500	3	0
334	500	3	0
378	500	4	0
385	500	4	0
393	500	4	0
416	500	5	0
429	500	1	0
450	500	4	0
457	500	5	0
479	500	4	0
481	500	4	0
488	500	4	0
532	500	5	0
536	500	4	0
541	500	4	0
648	500	5	0
655	500	2	0
691	500	3	0
747	500	4	0
796	500	4	0
892	500	5	0
942	500	5	0
6	522	5	0
13	522	5	0
23	522	4	0
48	522	2	0
102	522	3	0
114	522	5	0
151	522	5	0
184	522	3	0
187	522	3	0
214	522	4	0
235	522	5	0
269	522	5	0
299	522	3	0
308	522	3	0
339	522	5	0
379	522	5	0
385	522	4	0
397	522	5	0
405	522	1	0
425	522	3	0
498	522	3	0
500	522	4	0
592	522	5	0
625	522	3	0
655	522	3	0
664	522	3	0
669	522	4	0
765	522	5	0
773	522	4	0
777	522	5	0
804	522	3	0
805	522	5	0
806	522	3	0
833	522	2	0
854	522	2	0
6	524	3	0
11	524	4	0
13	524	4	0
14	524	5	0
18	524	4	0
48	524	3	0
59	524	3	0
60	524	4	0
102	524	3	0
144	524	5	0
207	524	4	0
208	524	4	0
234	524	3	0
235	524	5	0
264	524	3	0
312	524	5	0
318	524	3	0
361	524	4	0
379	524	4	0
385	524	5	0
389	524	5	0
405	524	1	0
406	524	4	0
426	524	4	0
481	524	5	0
499	524	4	0
508	524	5	0
545	524	4	0
553	524	5	0
559	524	3	0
561	524	4	0
568	524	2	0
583	524	5	0
659	524	4	0
691	524	5	0
747	524	5	0
767	524	5	0
776	524	5	0
815	524	4	0
846	524	3	0
867	524	5	0
868	524	3	0
881	524	4	0
889	524	4	0
890	524	4	0
932	524	5	0
6	533	4	0
144	533	4	0
327	533	4	0
354	533	5	0
385	533	4	0
523	533	4	0
592	533	4	0
655	533	2	0
707	533	5	0
736	533	3	0
758	533	4	0
782	533	2	0
819	533	4	0
889	533	3	0
934	533	3	0
6	537	4	0
7	537	3	0
94	537	4	0
119	537	5	0
201	537	3	0
222	537	4	0
244	537	5	0
269	537	5	0
286	537	4	0
308	537	4	0
312	537	5	0
327	537	4	0
334	537	4	0
344	537	4	0
363	537	1	0
401	537	4	0
405	537	1	0
417	537	4	0
429	537	4	0
436	537	4	0
504	537	3	0
561	537	4	0
606	537	2	0
655	537	3	0
669	537	3	0
751	537	4	0
774	537	2	0
805	537	5	0
854	537	3	0
916	537	4	0
7	543	3	0
83	543	2	0
84	543	5	0
90	543	3	0
115	543	2	0
263	543	5	0
299	543	5	0
312	543	5	0
378	543	4	0
399	543	3	0
405	543	1	0
406	543	4	0
504	543	4	0
522	543	4	0
527	543	4	0
537	543	5	0
541	543	4	0
585	543	3	0
655	543	3	0
807	543	2	0
835	543	5	0
7	587	4	0
92	587	3	0
94	587	4	0
201	587	4	0
312	587	3	0
380	587	4	0
399	587	3	0
429	587	3	0
435	587	3	0
514	587	4	0
551	587	4	0
559	587	4	0
758	587	4	0
896	587	3	0
7	589	5	0
10	589	5	0
13	589	3	0
85	589	3	0
94	589	5	0
130	589	4	0
160	589	3	0
201	589	3	0
232	589	3	0
234	589	3	0
239	589	3	0
248	589	4	0
292	589	4	0
293	589	4	0
308	589	4	0
312	589	5	0
327	589	3	0
328	589	4	0
339	589	5	0
350	589	5	0
363	589	3	0
392	589	4	0
398	589	3	0
406	589	5	0
450	589	3	0
454	589	2	0
458	589	4	0
488	589	3	0
553	589	5	0
561	589	3	0
567	589	5	0
592	589	5	0
752	589	4	0
788	589	5	0
833	589	5	0
868	589	4	0
870	589	4	0
883	589	5	0
886	589	3	0
890	589	5	0
900	589	5	0
929	589	5	0
932	589	5	0
7	601	5	0
13	601	4	0
60	601	4	0
91	601	4	0
234	601	3	0
312	601	5	0
328	601	4	0
406	601	3	0
426	601	3	0
450	601	3	0
474	601	5	0
532	601	3	0
605	601	5	0
650	601	3	0
659	601	3	0
716	601	4	0
788	601	4	0
846	601	5	0
881	601	5	0
892	601	5	0
7	612	5	0
13	612	4	0
18	612	4	0
25	612	4	0
59	612	3	0
91	612	4	0
102	612	4	0
172	612	3	0
234	612	3	0
239	612	5	0
251	612	5	0
254	612	3	0
312	612	5	0
326	612	2	0
389	612	4	0
406	612	5	0
450	612	4	0
454	612	3	0
468	612	4	0
483	612	3	0
488	612	4	0
504	612	4	0
524	612	3	0
535	612	4	0
567	612	4	0
568	612	3	0
650	612	4	0
655	612	3	0
807	612	5	0
830	612	4	0
835	612	4	0
846	612	5	0
892	612	5	0
932	612	5	0
7	613	4	0
13	613	4	0
18	613	5	0
60	613	4	0
90	613	4	0
234	613	4	0
308	613	4	0
312	613	5	0
326	613	5	0
338	613	3	0
370	613	2	0
389	613	5	0
393	613	4	0
426	613	3	0
450	613	4	0
524	613	4	0
537	613	3	0
567	613	4	0
666	613	5	0
698	613	5	0
731	613	2	0
766	613	3	0
815	613	5	0
830	613	4	0
892	613	5	0
913	613	5	0
932	613	4	0
7	617	5	0
10	617	5	0
13	617	3	0
60	617	4	0
90	617	4	0
138	617	4	0
234	617	3	0
262	617	3	0
419	617	4	0
426	617	3	0
474	617	3	0
553	617	4	0
560	617	3	0
561	617	4	0
567	617	4	0
694	617	4	0
932	617	4	0
934	617	4	0
7	618	4	0
59	618	4	0
60	618	3	0
90	618	5	0
91	618	3	0
189	618	2	0
234	618	3	0
308	618	4	0
312	618	5	0
318	618	3	0
389	618	4	0
409	618	4	0
450	618	4	0
474	618	4	0
524	618	3	0
707	618	3	0
776	618	3	0
900	618	4	0
7	634	5	0
54	634	1	0
189	634	3	0
234	634	4	0
239	634	4	0
249	634	5	0
276	634	4	0
299	634	2	0
303	634	3	0
307	634	3	0
308	634	4	0
327	634	5	0
331	634	3	0
334	634	4	0
381	634	3	0
401	634	1	0
406	634	4	0
412	634	5	0
523	634	5	0
527	634	5	0
585	634	4	0
747	634	5	0
758	634	5	0
883	634	3	0
7	639	5	0
13	639	3	0
18	639	4	0
85	639	3	0
90	639	5	0
184	639	3	0
189	639	4	0
269	639	4	0
311	639	4	0
312	639	5	0
328	639	2	0
339	639	4	0
345	639	4	0
358	639	4	0
361	639	4	0
382	639	3	0
383	639	4	0
405	639	1	0
406	639	4	0
449	639	5	0
500	639	4	0
535	639	4	0
537	639	2	0
561	639	3	0
565	639	5	0
585	639	4	0
643	639	4	0
650	639	3	0
655	639	3	0
704	639	2	0
747	639	5	0
766	639	3	0
773	639	4	0
788	639	3	0
804	639	4	0
815	639	2	0
829	639	4	0
840	639	4	0
894	639	5	0
932	639	5	0
7	644	5	0
44	644	3	0
59	644	4	0
72	644	4	0
90	644	5	0
94	644	5	0
115	644	3	0
121	644	4	0
184	644	4	0
201	644	3	0
233	644	5	0
269	644	5	0
271	644	3	0
279	644	1	0
312	644	5	0
327	644	3	0
339	644	5	0
379	644	5	0
393	644	3	0
405	644	3	0
443	644	3	0
445	644	3	0
458	644	4	0
537	644	5	0
561	644	3	0
615	644	4	0
617	644	4	0
650	644	3	0
655	644	3	0
666	644	3	0
747	644	5	0
774	644	4	0
840	644	4	0
870	644	2	0
888	644	4	0
7	645	4	0
58	645	5	0
96	645	5	0
184	645	3	0
212	645	3	0
264	645	4	0
269	645	4	0
299	645	4	0
311	645	5	0
315	645	4	0
327	645	4	0
328	645	4	0
373	645	5	0
405	645	1	0
406	645	5	0
497	645	3	0
535	645	4	0
561	645	3	0
588	645	5	0
655	645	3	0
694	645	4	0
788	645	3	0
805	645	5	0
833	645	3	0
840	645	3	0
847	645	3	0
918	645	4	0
7	646	5	0
11	646	3	0
13	646	4	0
28	646	4	0
94	646	5	0
114	646	4	0
156	646	4	0
234	646	3	0
263	646	5	0
293	646	3	0
308	646	5	0
326	646	2	0
328	646	3	0
391	646	4	0
405	646	2	0
426	646	3	0
474	646	4	0
506	646	4	0
524	646	5	0
527	646	5	0
537	646	2	0
553	646	4	0
567	646	5	0
617	646	4	0
659	646	4	0
666	646	3	0
745	646	4	0
766	646	4	0
788	646	3	0
802	646	4	0
804	646	4	0
833	646	5	0
868	646	5	0
870	646	4	0
889	646	3	0
897	646	5	0
912	646	3	0
932	646	4	0
7	653	4	0
135	653	4	0
234	653	3	0
276	653	5	0
292	653	4	0
293	653	5	0
303	653	4	0
308	653	5	0
312	653	5	0
322	653	4	0
331	653	3	0
352	653	3	0
363	653	3	0
385	653	4	0
405	653	1	0
421	653	3	0
426	653	4	0
474	653	4	0
527	653	4	0
537	653	4	0
560	653	4	0
567	653	5	0
568	653	4	0
617	653	4	0
645	653	5	0
655	653	3	0
666	653	4	0
747	653	5	0
753	653	4	0
758	653	3	0
833	653	4	0
840	653	5	0
870	653	4	0
912	653	3	0
7	656	3	0
10	656	5	0
13	656	5	0
21	656	5	0
48	656	4	0
60	656	4	0
90	656	5	0
189	656	4	0
201	656	4	0
234	656	4	0
237	656	4	0
264	656	4	0
308	656	3	0
312	656	5	0
322	656	5	0
325	656	4	0
342	656	5	0
381	656	4	0
385	656	5	0
389	656	5	0
405	656	1	0
407	656	4	0
430	656	4	0
465	656	3	0
469	656	5	0
498	656	3	0
543	656	4	0
561	656	4	0
568	656	3	0
617	656	4	0
643	656	4	0
645	656	4	0
655	656	3	0
666	656	4	0
698	656	1	0
710	656	5	0
758	656	5	0
776	656	5	0
814	656	3	0
833	656	4	0
840	656	4	0
883	656	5	0
913	656	3	0
918	656	4	0
10	701	4	0
185	701	3	0
235	701	4	0
239	701	5	0
326	701	4	0
379	701	4	0
406	701	5	0
561	701	3	0
908	701	4	0
924	701	4	0
10	703	5	0
90	703	3	0
94	703	3	0
106	703	4	0
151	703	4	0
185	703	4	0
270	703	4	0
271	703	3	0
286	703	2	0
343	703	4	0
378	703	4	0
405	703	2	0
537	703	3	0
707	703	4	0
763	703	5	0
786	703	3	0
798	703	4	0
883	703	3	0
934	703	4	0
11	718	5	0
64	718	4	0
108	718	4	0
119	718	5	0
181	718	1	0
268	718	4	0
327	718	4	0
387	718	4	0
486	718	3	0
537	718	4	0
658	718	3	0
707	718	5	0
838	718	5	0
887	718	1	0
889	718	4	0
894	718	3	0
11	745	5	0
60	745	5	0
85	745	3	0
98	745	3	0
158	745	4	0
234	745	4	0
239	745	5	0
264	745	5	0
313	745	3	0
385	745	4	0
405	745	1	0
406	745	4	0
537	745	2	0
833	745	4	0
883	745	5	0
932	745	5	0
12	753	5	0
18	753	4	0
90	753	4	0
195	753	3	0
239	753	5	0
279	753	2	0
299	753	5	0
327	753	4	0
334	753	4	0
354	753	5	0
380	753	4	0
405	753	1	0
420	753	5	0
437	753	4	0
449	753	5	0
458	753	4	0
503	753	1	0
537	753	2	0
608	753	5	0
655	753	3	0
756	753	2	0
828	753	4	0
875	753	3	0
894	753	5	0
13	805	4	0
18	805	4	0
151	805	4	0
184	805	3	0
207	805	3	0
269	805	2	0
279	805	3	0
286	805	3	0
303	805	4	0
308	805	4	0
327	805	4	0
363	805	4	0
393	805	2	0
429	805	3	0
452	805	4	0
497	805	3	0
561	805	3	0
655	805	2	0
659	805	5	0
664	805	5	0
666	805	4	0
798	805	4	0
848	805	5	0
864	805	4	0
883	805	4	0
932	805	4	0
934	805	4	0
13	811	5	0
31	811	4	0
76	811	4	0
90	811	4	0
299	811	4	0
308	811	4	0
327	811	4	0
331	811	4	0
354	811	5	0
385	811	4	0
561	811	3	0
567	811	4	0
666	811	4	0
707	811	4	0
747	811	3	0
854	811	3	0
932	811	4	0
934	811	4	0
13	835	3	0
60	835	4	0
151	835	5	0
234	835	3	0
312	835	5	0
325	835	5	0
370	835	5	0
389	835	5	0
426	835	3	0
465	835	3	0
568	835	4	0
639	835	4	0
747	835	3	0
815	835	3	0
911	835	3	0
13	836	2	0
90	836	5	0
151	836	4	0
184	836	4	0
234	836	4	0
239	836	5	0
312	836	5	0
389	836	4	0
393	836	4	0
426	836	3	0
454	836	2	0
465	836	3	0
474	836	3	0
500	836	5	0
506	836	4	0
524	836	2	0
535	836	5	0
567	836	3	0
573	836	3	0
659	836	4	0
694	836	4	0
716	836	4	0
846	836	5	0
896	836	3	0
924	836	3	0
932	836	5	0
13	837	4	0
25	837	4	0
90	837	5	0
151	837	4	0
184	837	3	0
194	837	4	0
234	837	3	0
312	837	4	0
313	837	4	0
326	837	4	0
392	837	5	0
398	837	4	0
450	837	4	0
454	837	2	0
524	837	2	0
537	837	3	0
659	837	3	0
716	837	4	0
749	837	5	0
758	837	4	0
766	837	3	0
815	837	5	0
830	837	5	0
846	837	5	0
892	837	5	0
13	848	5	0
234	848	3	0
308	848	4	0
426	848	4	0
474	848	4	0
535	848	3	0
537	848	3	0
608	848	4	0
776	848	2	0
13	851	5	0
76	851	4	0
385	851	5	0
405	851	1	0
13	853	1	0
21	853	5	0
118	853	5	0
201	853	4	0
246	853	5	0
249	853	4	0
276	853	5	0
279	853	1	0
308	853	5	0
366	853	5	0
397	853	4	0
405	853	1	0
425	853	4	0
592	853	5	0
13	863	4	0
18	863	3	0
90	863	4	0
189	863	4	0
212	863	2	0
234	863	5	0
305	863	4	0
308	863	3	0
312	863	5	0
321	863	3	0
354	863	3	0
358	863	5	0
452	863	5	0
480	863	4	0
523	863	4	0
559	863	5	0
585	863	5	0
639	863	4	0
655	863	3	0
707	863	4	0
883	863	3	0
894	863	5	0
916	863	3	0
932	863	4	0
13	868	5	0
331	868	4	0
465	868	2	0
527	868	4	0
617	868	4	0
13	896	5	0
40	896	4	0
90	896	3	0
111	896	2	0
116	896	2	0
145	896	2	0
149	896	4	0
191	896	3	0
201	896	3	0
206	896	4	0
214	896	4	0
229	896	4	0
273	896	4	0
327	896	5	0
334	896	5	0
344	896	4	0
354	896	4	0
358	896	4	0
378	896	4	0
385	896	5	0
397	896	4	0
428	896	4	0
448	896	5	0
458	896	5	0
537	896	3	0
574	896	2	0
611	896	3	0
655	896	4	0
656	896	5	0
668	896	4	0
673	896	5	0
675	896	5	0
720	896	5	0
752	896	3	0
758	896	5	0
828	896	4	0
836	896	3	0
845	896	3	0
866	896	2	0
871	896	3	0
883	896	5	0
915	896	2	0
924	896	4	0
931	896	3	0
13	900	5	0
39	900	3	0
59	900	4	0
79	900	4	0
90	900	4	0
100	900	4	0
116	900	4	0
144	900	4	0
191	900	4	0
206	900	1	0
232	900	5	0
273	900	3	0
284	900	4	0
288	900	5	0
354	900	4	0
369	900	4	0
385	900	4	0
448	900	3	0
450	900	5	0
483	900	3	0
491	900	5	0
503	900	5	0
515	900	4	0
574	900	4	0
592	900	4	0
655	900	3	0
675	900	4	0
683	900	1	0
707	900	4	0
747	900	5	0
752	900	4	0
775	900	3	0
782	900	3	0
828	900	2	0
836	900	2	0
845	900	3	0
860	900	3	0
863	900	3	0
866	900	4	0
883	900	5	0
894	900	3	0
931	900	4	0
13	902	3	0
79	902	3	0
107	902	5	0
116	902	2	0
133	902	3	0
174	902	3	0
179	902	1	0
269	902	5	0
273	902	5	0
276	902	4	0
285	902	4	0
294	902	4	0
334	902	4	0
335	902	5	0
445	902	4	0
448	902	4	0
450	902	4	0
466	902	5	0
475	902	5	0
489	902	4	0
499	902	5	0
516	902	5	0
559	902	4	0
587	902	2	0
655	902	2	0
668	902	2	0
669	902	2	0
676	902	4	0
707	902	5	0
720	902	4	0
752	902	5	0
758	902	4	0
782	902	2	0
810	902	5	0
822	902	4	0
828	902	4	0
842	902	5	0
863	902	5	0
880	902	4	0
883	902	4	0
894	902	3	0
934	902	4	0
13	909	5	0
46	909	5	0
466	909	5	0
519	909	5	0
655	909	3	0
711	909	4	0
724	909	1	0
752	909	3	0
845	909	4	0
863	909	3	0
871	909	3	0
894	909	3	0
931	909	5	0
13	915	5	0
276	915	4	0
299	915	4	0
328	915	3	0
416	915	5	0
421	915	4	0
479	915	4	0
499	915	4	0
532	915	4	0
655	915	4	0
669	915	3	0
683	915	2	0
851	915	5	0
14	922	4	0
92	922	1	0
115	922	3	0
132	922	5	0
151	922	4	0
160	922	5	0
181	922	1	0
269	922	5	0
276	922	4	0
279	922	3	0
334	922	4	0
354	922	4	0
385	922	4	0
393	922	4	0
422	922	4	0
456	922	4	0
498	922	5	0
501	922	4	0
537	922	3	0
581	922	5	0
592	922	3	0
595	922	4	0
634	922	4	0
637	922	1	0
657	922	4	0
682	922	3	0
733	922	3	0
754	922	3	0
758	922	5	0
805	922	5	0
854	922	5	0
868	922	5	0
883	922	5	0
894	922	4	0
15	936	5	0
26	936	4	0
89	936	5	0
219	936	4	0
257	936	4	0
299	936	4	0
334	936	3	0
354	936	4	0
360	936	4	0
413	936	4	0
416	936	5	0
429	936	4	0
449	936	5	0
450	936	5	0
463	936	2	0
486	936	3	0
526	936	5	0
533	936	4	0
543	936	4	0
558	936	5	0
581	936	3	0
592	936	4	0
597	936	3	0
637	936	4	0
655	936	3	0
707	936	4	0
745	936	1	0
770	936	5	0
782	936	3	0
794	936	5	0
840	936	4	0
894	936	4	0
16	945	4	0
90	945	5	0
125	945	5	0
151	945	5	0
154	945	3	0
184	945	4	0
234	945	3	0
279	945	5	0
308	945	4	0
312	945	5	0
334	945	4	0
338	945	4	0
385	945	5	0
389	945	4	0
406	945	3	0
409	945	3	0
452	945	4	0
454	945	3	0
474	945	4	0
479	945	5	0
506	945	4	0
625	945	3	0
655	945	2	0
666	945	4	0
670	945	4	0
698	945	2	0
731	945	4	0
741	945	5	0
747	945	4	0
751	945	3	0
796	945	5	0
798	945	3	0
815	945	4	0
838	945	4	0
840	945	3	0
848	945	5	0
854	945	3	0
870	945	4	0
883	945	4	0
942	945	5	0
18	954	3	0
90	954	4	0
239	954	5	0
299	954	3	0
385	954	4	0
389	954	4	0
405	954	4	0
523	954	5	0
568	954	2	0
591	954	3	0
655	954	2	0
18	958	5	0
90	958	4	0
233	958	5	0
331	958	5	0
354	958	4	0
405	958	1	0
537	958	2	0
633	958	3	0
639	958	4	0
655	958	3	0
711	958	5	0
773	958	4	0
828	958	5	0
918	958	3	0
18	965	4	0
90	965	5	0
128	965	3	0
151	965	5	0
234	965	3	0
295	965	4	0
299	965	4	0
308	965	4	0
311	965	3	0
342	965	4	0
385	965	4	0
389	965	5	0
409	965	2	0
450	965	4	0
524	965	4	0
537	965	2	0
694	965	4	0
716	965	2	0
766	965	3	0
918	965	4	0
934	965	4	0
18	968	3	0
25	968	4	0
95	968	5	0
308	968	4	0
312	968	5	0
318	968	3	0
426	968	3	0
450	968	4	0
454	968	2	0
545	968	5	0
650	968	4	0
698	968	1	0
749	968	3	0
758	968	5	0
766	968	4	0
807	968	4	0
830	968	4	0
932	968	4	0
23	1005	3	0
59	1005	5	0
90	1005	2	0
189	1005	4	0
269	1005	4	0
299	1005	5	0
358	1005	4	0
383	1005	3	0
405	1005	1	0
433	1005	5	0
449	1005	5	0
537	1005	3	0
566	1005	5	0
568	1005	1	0
585	1005	4	0
639	1005	2	0
655	1005	4	0
828	1005	3	0
838	1005	4	0
883	1005	5	0
894	1005	5	0
916	1005	4	0
29	1019	4	0
31	1019	5	0
58	1019	4	0
76	1019	3	0
130	1019	4	0
132	1019	3	0
160	1019	5	0
162	1019	4	0
276	1019	5	0
308	1019	4	0
322	1019	4	0
327	1019	3	0
363	1019	5	0
387	1019	4	0
397	1019	3	0
405	1019	1	0
456	1019	4	0
487	1019	5	0
506	1019	5	0
537	1019	1	0
560	1019	4	0
567	1019	5	0
617	1019	4	0
633	1019	4	0
682	1019	5	0
710	1019	4	0
758	1019	4	0
833	1019	5	0
870	1019	3	0
883	1019	5	0
886	1019	4	0
31	1020	3	0
60	1020	4	0
90	1020	5	0
116	1020	3	0
184	1020	4	0
185	1020	4	0
189	1020	4	0
234	1020	4	0
239	1020	3	0
263	1020	3	0
269	1020	4	0
299	1020	4	0
312	1020	5	0
334	1020	4	0
344	1020	5	0
398	1020	3	0
409	1020	5	0
416	1020	5	0
426	1020	4	0
429	1020	4	0
450	1020	4	0
456	1020	4	0
474	1020	3	0
506	1020	4	0
567	1020	3	0
625	1020	3	0
639	1020	4	0
654	1020	4	0
660	1020	4	0
694	1020	4	0
698	1020	2	0
716	1020	5	0
747	1020	4	0
870	1020	3	0
932	1020	5	0
31	1021	3	0
49	1021	5	0
59	1021	4	0
60	1021	5	0
85	1021	3	0
189	1021	5	0
234	1021	4	0
235	1021	5	0
299	1021	3	0
303	1021	4	0
308	1021	4	0
312	1021	3	0
328	1021	3	0
358	1021	5	0
385	1021	5	0
405	1021	1	0
406	1021	5	0
409	1021	4	0
492	1021	3	0
553	1021	2	0
560	1021	4	0
561	1021	4	0
567	1021	4	0
585	1021	3	0
615	1021	5	0
617	1021	4	0
659	1021	5	0
666	1021	5	0
698	1021	1	0
707	1021	3	0
747	1021	5	0
766	1021	2	0
773	1021	5	0
848	1021	5	0
855	1021	3	0
870	1021	2	0
883	1021	5	0
932	1021	4	0
34	1024	5	0
46	1024	5	0
111	1024	3	0
206	1024	1	0
351	1024	4	0
428	1024	4	0
561	1024	3	0
655	1024	3	0
695	1024	5	0
707	1024	5	0
711	1024	5	0
752	1024	3	0
787	1024	2	0
863	1024	3	0
871	1024	3	0
46	1062	5	0
206	1062	3	0
405	1062	1	0
448	1062	5	0
519	1062	5	0
574	1062	5	0
655	1062	3	0
696	1062	4	0
720	1062	5	0
724	1062	1	0
828	1062	4	0
863	1062	4	0
49	1070	3	0
58	1070	4	0
85	1070	4	0
151	1070	4	0
201	1070	5	0
239	1070	5	0
264	1070	4	0
279	1070	3	0
327	1070	4	0
342	1070	3	0
385	1070	5	0
405	1070	1	0
409	1070	4	0
458	1070	4	0
468	1070	5	0
498	1070	3	0
537	1070	3	0
557	1070	2	0
561	1070	4	0
592	1070	5	0
655	1070	4	0
823	1070	4	0
833	1070	5	0
889	1070	3	0
903	1070	4	0
916	1070	4	0
933	1070	2	0
50	1084	5	0
58	1084	4	0
74	1084	3	0
181	1084	2	0
195	1084	4	0
315	1084	4	0
316	1084	4	0
330	1084	5	0
424	1084	5	0
470	1084	3	0
504	1084	4	0
526	1084	5	0
537	1084	3	0
541	1084	4	0
601	1084	5	0
634	1084	2	0
655	1084	3	0
682	1084	2	0
807	1084	4	0
821	1084	5	0
887	1084	5	0
58	1098	4	0
85	1098	4	0
151	1098	1	0
158	1098	4	0
189	1098	4	0
201	1098	2	0
207	1098	4	0
221	1098	4	0
239	1098	5	0
244	1098	5	0
251	1098	3	0
268	1098	3	0
276	1098	4	0
291	1098	4	0
293	1098	2	0
303	1098	4	0
327	1098	4	0
336	1098	3	0
381	1098	4	0
389	1098	4	0
416	1098	3	0
437	1098	3	0
442	1098	4	0
492	1098	4	0
535	1098	5	0
542	1098	4	0
578	1098	2	0
588	1098	4	0
643	1098	4	0
655	1098	3	0
664	1098	3	0
666	1098	4	0
747	1098	4	0
758	1098	5	0
763	1098	3	0
805	1098	3	0
806	1098	4	0
868	1098	5	0
870	1098	4	0
896	1098	3	0
903	1098	5	0
916	1098	4	0
58	1103	5	0
85	1103	3	0
201	1103	3	0
249	1103	5	0
264	1103	5	0
269	1103	5	0
299	1103	4	0
327	1103	4	0
342	1103	3	0
361	1103	4	0
385	1103	3	0
405	1103	2	0
435	1103	4	0
498	1103	4	0
537	1103	4	0
561	1103	4	0
655	1103	3	0
875	1103	5	0
889	1103	2	0
59	1116	3	0
95	1116	4	0
254	1116	3	0
311	1116	3	0
312	1116	3	0
380	1116	4	0
426	1116	4	0
450	1116	3	0
495	1116	3	0
601	1116	4	0
882	1116	4	0
887	1116	5	0
932	1116	4	0
60	1121	3	0
85	1121	3	0
184	1121	4	0
234	1121	5	0
279	1121	4	0
308	1121	3	0
385	1121	4	0
389	1121	4	0
437	1121	5	0
480	1121	4	0
492	1121	2	0
523	1121	5	0
585	1121	4	0
639	1121	2	0
655	1121	3	0
767	1121	5	0
829	1121	4	0
878	1121	2	0
883	1121	3	0
909	1121	5	0
932	1121	5	0
60	1123	4	0
234	1123	3	0
474	1123	4	0
60	1124	4	0
312	1124	4	0
338	1124	4	0
474	1124	4	0
524	1124	3	0
535	1124	4	0
553	1124	4	0
608	1124	4	0
716	1124	3	0
846	1124	4	0
881	1124	4	0
892	1124	4	0
62	1131	3	0
85	1131	4	0
180	1131	5	0
201	1131	5	0
276	1131	3	0
327	1131	4	0
385	1131	3	0
498	1131	3	0
561	1131	4	0
567	1131	4	0
655	1131	5	0
883	1131	5	0
894	1131	4	0
63	1137	5	0
85	1137	4	0
90	1137	2	0
119	1137	5	0
181	1137	1	0
184	1137	5	0
192	1137	4	0
201	1137	4	0
209	1137	4	0
242	1137	5	0
250	1137	5	0
257	1137	5	0
334	1137	4	0
344	1137	3	0
354	1137	4	0
365	1137	5	0
399	1137	4	0
455	1137	3	0
460	1137	3	0
486	1137	5	0
568	1137	4	0
572	1137	3	0
655	1137	3	0
717	1137	5	0
847	1137	5	0
871	1137	3	0
918	1137	5	0
919	1137	4	0
940	1137	3	0
65	1142	4	0
69	1142	4	0
92	1142	4	0
116	1142	4	0
130	1142	4	0
136	1142	4	0
141	1142	1	0
144	1142	5	0
160	1142	5	0
198	1142	5	0
279	1142	1	0
292	1142	4	0
296	1142	5	0
298	1142	4	0
303	1142	4	0
310	1142	5	0
344	1142	5	0
360	1142	4	0
382	1142	3	0
392	1142	5	0
437	1142	4	0
447	1142	5	0
449	1142	4	0
460	1142	4	0
467	1142	5	0
473	1142	5	0
479	1142	5	0
486	1142	5	0
498	1142	4	0
533	1142	4	0
592	1142	5	0
595	1142	5	0
614	1142	3	0
634	1142	3	0
655	1142	2	0
707	1142	1	0
733	1142	4	0
747	1142	4	0
758	1142	5	0
782	1142	3	0
793	1142	5	0
889	1142	4	0
894	1142	4	0
903	1142	5	0
69	1143	5	0
227	1143	4	0
385	1143	4	0
387	1143	5	0
392	1143	4	0
445	1143	4	0
473	1143	4	0
486	1143	3	0
592	1143	5	0
655	1143	3	0
699	1143	3	0
758	1143	5	0
782	1143	2	0
833	1143	4	0
851	1143	5	0
69	1144	5	0
655	1144	3	0
782	1144	3	0
72	1147	5	0
94	1147	4	0
144	1147	4	0
167	1147	4	0
207	1147	4	0
262	1147	4	0
293	1147	4	0
308	1147	4	0
373	1147	4	0
378	1147	4	0
389	1147	4	0
405	1147	2	0
406	1147	4	0
416	1147	4	0
450	1147	4	0
492	1147	1	0
504	1147	4	0
533	1147	3	0
537	1147	3	0
577	1147	4	0
655	1147	3	0
73	1149	4	0
85	1149	3	0
148	1149	5	0
232	1149	5	0
234	1149	3	0
235	1149	4	0
325	1149	4	0
358	1149	3	0
360	1149	4	0
527	1149	4	0
535	1149	4	0
561	1149	4	0
585	1149	4	0
606	1149	4	0
622	1149	3	0
643	1149	3	0
650	1149	4	0
655	1149	3	0
698	1149	3	0
756	1149	5	0
805	1149	4	0
833	1149	4	0
878	1149	4	0
890	1149	5	0
924	1149	3	0
932	1149	4	0
85	1172	4	0
172	1172	3	0
234	1172	3	0
276	1172	4	0
312	1172	5	0
334	1172	3	0
344	1172	4	0
450	1172	5	0
474	1172	4	0
608	1172	5	0
659	1172	4	0
691	1172	5	0
776	1172	2	0
847	1172	1	0
918	1172	3	0
90	1193	4	0
195	1193	4	0
201	1193	4	0
235	1193	4	0
405	1193	1	0
566	1193	5	0
585	1193	5	0
639	1193	4	0
655	1193	3	0
829	1193	4	0
90	1194	4	0
92	1194	4	0
121	1194	4	0
201	1194	4	0
204	1194	4	0
233	1194	5	0
276	1194	3	0
286	1194	4	0
321	1194	5	0
331	1194	3	0
343	1194	4	0
354	1194	4	0
374	1194	4	0
405	1194	1	0
406	1194	4	0
409	1194	5	0
440	1194	5	0
449	1194	4	0
503	1194	5	0
537	1194	3	0
543	1194	4	0
553	1194	5	0
627	1194	4	0
639	1194	5	0
641	1194	3	0
655	1194	5	0
747	1194	5	0
889	1194	4	0
894	1194	5	0
896	1194	3	0
916	1194	4	0
90	1203	5	0
151	1203	5	0
225	1203	5	0
234	1203	4	0
239	1203	5	0
312	1203	5	0
325	1203	5	0
389	1203	5	0
406	1203	2	0
429	1203	4	0
450	1203	3	0
454	1203	2	0
568	1203	5	0
622	1203	3	0
659	1203	4	0
694	1203	4	0
716	1203	2	0
747	1203	5	0
766	1203	3	0
911	1203	4	0
934	1203	5	0
90	1204	4	0
125	1204	3	0
234	1204	3	0
239	1204	4	0
318	1204	2	0
389	1204	4	0
426	1204	4	0
435	1204	3	0
452	1204	4	0
524	1204	3	0
567	1204	5	0
608	1204	2	0
707	1204	3	0
747	1204	4	0
815	1204	5	0
847	1204	3	0
932	1204	5	0
942	1204	4	0
102	1240	2	0
267	1240	5	0
276	1240	4	0
279	1240	1	0
339	1240	5	0
387	1240	5	0
405	1240	1	0
430	1240	3	0
435	1240	4	0
456	1240	3	0
497	1240	5	0
521	1240	3	0
532	1240	2	0
588	1240	5	0
603	1240	5	0
660	1240	3	0
677	1240	5	0
756	1240	4	0
757	1240	3	0
773	1240	3	0
822	1240	3	0
826	1240	5	0
865	1240	5	0
868	1240	5	0
896	1240	4	0
913	1240	2	0
107	1243	3	0
260	1243	5	0
489	1243	4	0
611	1243	3	0
752	1243	4	0
782	1243	3	0
863	1243	4	0
119	1262	3	0
174	1262	5	0
416	1262	5	0
437	1262	3	0
543	1262	2	0
608	1262	5	0
655	1262	3	0
889	1262	3	0
123	1269	2	0
151	1269	5	0
234	1269	3	0
450	1269	4	0
454	1269	3	0
694	1269	5	0
716	1269	4	0
731	1269	3	0
796	1269	5	0
892	1269	5	0
130	1278	5	0
159	1278	3	0
168	1278	3	0
262	1278	4	0
493	1278	5	0
501	1278	3	0
548	1278	4	0
552	1278	3	0
599	1278	5	0
655	1278	2	0
736	1278	1	0
782	1278	4	0
835	1278	5	0
887	1278	2	0
891	1278	5	0
919	1278	4	0
144	1286	4	0
151	1286	5	0
286	1286	5	0
293	1286	4	0
303	1286	4	0
305	1286	5	0
308	1286	3	0
385	1286	3	0
389	1286	5	0
416	1286	5	0
450	1286	3	0
474	1286	2	0
496	1286	2	0
498	1286	3	0
568	1286	4	0
716	1286	2	0
846	1286	4	0
151	1298	4	0
234	1298	3	0
293	1298	3	0
312	1298	5	0
389	1298	5	0
397	1298	3	0
567	1298	5	0
766	1298	3	0
900	1298	2	0
152	1301	5	0
276	1301	4	0
339	1301	3	0
429	1301	4	0
684	1301	3	0
181	1368	1	0
243	1368	2	0
342	1368	5	0
655	1368	5	0
858	1368	4	0
936	1368	5	0
181	1375	1	0
286	1375	5	0
430	1375	4	0
486	1375	3	0
581	1375	5	0
655	1375	3	0
699	1375	3	0
733	1375	3	0
747	1375	4	0
936	1375	5	0
195	1418	4	0
429	1418	3	0
655	1418	4	0
201	1428	4	0
244	1428	4	0
269	1428	5	0
279	1428	3	0
385	1428	4	0
416	1428	3	0
532	1428	4	0
588	1428	5	0
682	1428	3	0
833	1428	3	0
889	1428	3	0
916	1428	3	0
225	1443	4	0
254	1443	4	0
429	1443	2	0
551	1443	5	0
234	1448	3	0
655	1448	3	0
883	1448	5	0
234	1451	3	0
235	1451	4	0
263	1451	4	0
312	1451	4	0
389	1451	5	0
419	1451	4	0
426	1451	4	0
537	1451	3	0
553	1451	4	0
567	1451	3	0
666	1451	3	0
840	1451	5	0
846	1451	4	0
870	1451	3	0
932	1451	5	0
234	1456	4	0
305	1456	4	0
308	1456	4	0
385	1456	4	0
524	1456	3	0
747	1456	3	0
932	1456	4	0
234	1459	3	0
280	1459	4	0
295	1459	5	0
399	1459	3	0
496	1459	4	0
512	1459	4	0
788	1459	2	0
234	1462	3	0
257	1462	5	0
385	1462	4	0
655	1462	3	0
828	1462	3	0
883	1462	5	0
894	1462	3	0
263	1473	5	0
280	1473	3	0
295	1473	4	0
314	1473	4	0
496	1473	3	0
642	1473	4	0
655	1473	3	0
846	1473	5	0
887	1473	1	0
279	1495	4	0
363	1495	5	0
385	1495	3	0
416	1495	3	0
498	1495	3	0
286	1504	4	0
334	1504	3	0
440	1504	4	0
299	1506	4	0
385	1506	4	0
655	1506	3	0
405	1558	1	0
409	1558	5	0
469	1558	5	0
585	1558	5	0
610	1558	3	0
761	1558	1	0
932	1558	5	0
405	1592	1	0
519	1592	5	0
845	1592	3	0
883	1592	5	0
894	1592	4	0
439	1600	5	0
514	1600	4	0
655	1600	3	0
782	1600	3	0
489	1612	5	0
519	1612	5	0
617	1612	1	0
920	1612	4	0
655	1628	2	0
675	1628	5	0
707	1628	5	0
833	1628	3	0
655	1643	5	0
699	1643	3	0
782	1643	2	0
901	1643	5	0
