1	32	5	0
6	32	4	0
7	32	4	0
10	32	4	0
13	32	4	0
14	32	5	0
18	32	2	0
23	32	3	0
31	32	5	0
58	32	5	0
59	32	4	0
64	32	1	0
73	32	4	0
92	32	3	0
94	32	5	0
95	32	1	0
97	32	5	0
115	32	5	0
118	32	5	0
144	32	4	0
160	32	5	0
201	32	3	0
214	32	4	0
221	32	4	0
232	32	4	0
234	32	3	0
244	32	2	0
272	32	4	0
279	32	3	0
296	32	4	0
297	32	4	0
299	32	3	0
308	32	5	0
321	32	3	0
322	32	5	0
325	32	3	0
327	32	4	0
331	32	4	0
339	32	5	0
342	32	5	0
354	32	3	0
363	32	2	0
385	32	5	0
387	32	5	0
402	32	3	0
405	32	1	0
406	32	5	0
416	32	2	0
417	32	2	0
425	32	3	0
429	32	4	0
456	32	4	0
458	32	4	0
465	32	3	0
478	32	3	0
479	32	3	0
498	32	4	0
524	32	4	0
535	32	3	0
537	32	3	0
561	32	4	0
567	32	5	0
571	32	2	0
592	32	5	0
643	32	4	0
645	32	5	0
655	32	4	0
658	32	3	0
666	32	4	0
737	32	4	0
747	32	5	0
773	32	4	0
804	32	3	0
805	32	4	0
833	32	5	0
848	32	5	0
854	32	4	0
875	32	5	0
889	32	4	0
894	32	4	0
929	32	3	0
1	47	4	0
6	47	3	0
7	47	5	0
11	47	4	0
18	47	3	0
43	47	1	0
49	47	5	0
59	47	5	0
60	47	4	0
62	47	4	0
65	47	2	0
87	47	3	0
92	47	4	0
94	47	5	0
98	47	4	0
102	47	2	0
116	47	3	0
130	47	3	0
151	47	3	0
177	47	3	0
184	47	4	0
185	47	4	0
195	47	5	0
201	47	4	0
216	47	4	0
218	47	4	0
233	47	5	0
234	47	2	0
239	47	2	0
262	47	2	0
264	47	5	0
267	47	5	0
268	47	1	0
269	47	4	0
271	47	3	0
276	47	4	0
279	47	4	0
286	47	4	0
293	47	3	0
295	47	5	0
297	47	2	0
299	47	4	0
301	47	4	0
303	47	5	0
308	47	4	0
311	47	2	0
313	47	3	0
318	47	2	0
325	47	3	0
327	47	4	0
330	47	5	0
331	47	5	0
334	47	4	0
339	47	4	0
342	47	5	0
343	47	4	0
354	47	4	0
361	47	4	0
363	47	5	0
378	47	4	0
379	47	5	0
385	47	4	0
387	47	4	0
389	47	4	0
391	47	4	0
398	47	3	0
399	47	3	0
405	47	5	0
406	47	4	0
417	47	3	0
429	47	4	0
436	47	4	0
437	47	4	0
450	47	3	0
455	47	2	0
457	47	4	0
468	47	5	0
474	47	4	0
476	47	3	0
503	47	5	0
506	47	4	0
508	47	3	0
514	47	4	0
524	47	2	0
533	47	1	0
535	47	5	0
537	47	4	0
542	47	5	0
543	47	3	0
555	47	2	0
561	47	4	0
567	47	4	0
571	47	3	0
591	47	3	0
592	47	5	0
601	47	3	0
622	47	3	0
627	47	2	0
640	47	4	0
643	47	4	0
645	47	4	0
648	47	2	0
655	47	3	0
660	47	2	0
663	47	4	0
664	47	4	0
682	47	1	0
690	47	1	0
716	47	3	0
737	47	3	0
738	47	3	0
747	47	5	0
749	47	4	0
763	47	3	0
773	47	4	0
790	47	2	0
795	47	3	0
805	47	5	0
806	47	4	0
833	47	5	0
846	47	5	0
847	47	2	0
864	47	5	0
868	47	2	0
870	47	3	0
880	47	4	0
883	47	3	0
886	47	4	0
887	47	5	0
903	47	5	0
908	47	3	0
932	47	4	0
940	47	3	0
1	48	5	0
10	48	4	0
13	48	5	0
18	48	4	0
42	48	5	0
59	48	5	0
64	48	5	0
65	48	5	0
69	48	5	0
70	48	4	0
72	48	4	0
73	48	2	0
87	48	4	0
92	48	4	0
95	48	4	0
106	48	3	0
115	48	5	0
128	48	4	0
144	48	5	0
156	48	4	0
161	48	1	0
167	48	1	0
182	48	3	0
200	48	2	0
201	48	3	0
213	48	5	0
221	48	5	0
222	48	5	0
232	48	5	0
233	48	5	0
234	48	2	0
269	48	5	0
271	48	4	0
272	48	4	0
291	48	5	0
292	48	5	0
293	48	5	0
296	48	5	0
299	48	4	0
305	48	5	0
308	48	4	0
315	48	4	0
321	48	4	0
322	48	4	0
326	48	3	0
327	48	4	0
343	48	3	0
345	48	5	0
373	48	5	0
374	48	5	0
378	48	5	0
385	48	5	0
387	48	4	0
391	48	4	0
393	48	2	0
399	48	3	0
402	48	5	0
405	48	1	0
406	48	5	0
409	48	2	0
429	48	3	0
452	48	5	0
453	48	4	0
454	48	4	0
457	48	5	0
458	48	4	0
465	48	3	0
474	48	4	0
478	48	4	0
487	48	2	0
493	48	4	0
506	48	2	0
514	48	4	0
522	48	4	0
533	48	4	0
537	48	4	0
542	48	5	0
556	48	5	0
561	48	4	0
577	48	5	0
591	48	4	0
592	48	5	0
604	48	5	0
606	48	4	0
615	48	5	0
639	48	4	0
645	48	4	0
655	48	4	0
661	48	4	0
666	48	4	0
682	48	4	0
684	48	4	0
686	48	5	0
693	48	5	0
694	48	4	0
700	48	4	0
711	48	4	0
716	48	5	0
741	48	4	0
747	48	5	0
748	48	4	0
749	48	3	0
796	48	3	0
823	48	5	0
840	48	3	0
846	48	5	0
851	48	4	0
864	48	5	0
870	48	4	0
876	48	5	0
883	48	4	0
886	48	4	0
896	48	4	0
899	48	4	0
903	48	4	0
916	48	5	0
928	48	5	0
1	52	4	0
7	52	4	0
11	52	3	0
18	52	5	0
43	52	4	0
49	52	2	0
59	52	4	0
64	52	3	0
71	52	4	0
77	52	5	0
85	52	3	0
90	52	5	0
94	52	5	0
95	52	4	0
119	52	3	0
151	52	5	0
184	52	4	0
187	52	4	0
194	52	4	0
232	52	5	0
234	52	4	0
235	52	4	0
244	52	4	0
262	52	3	0
268	52	3	0
269	52	4	0
271	52	4	0
279	52	3	0
295	52	5	0
299	52	4	0
305	52	2	0
312	52	5	0
321	52	3	0
334	52	4	0
338	52	5	0
343	52	5	0
354	52	5	0
370	52	4	0
378	52	5	0
379	52	4	0
387	52	5	0
405	52	1	0
406	52	5	0
429	52	4	0
435	52	5	0
437	52	3	0
452	52	3	0
455	52	3	0
457	52	4	0
458	52	4	0
474	52	4	0
508	52	4	0
524	52	4	0
532	52	4	0
535	52	4	0
536	52	3	0
537	52	3	0
561	52	4	0
565	52	5	0
585	52	3	0
618	52	3	0
627	52	3	0
639	52	3	0
655	52	3	0
661	52	4	0
664	52	5	0
694	52	4	0
707	52	3	0
711	52	5	0
716	52	5	0
751	52	2	0
766	52	4	0
773	52	3	0
774	52	3	0
790	52	4	0
798	52	3	0
823	52	3	0
828	52	3	0
833	52	3	0
840	52	3	0
843	52	2	0
846	52	4	0
861	52	5	0
864	52	4	0
870	52	2	0
877	52	4	0
883	52	3	0
894	52	4	0
903	52	3	0
916	52	5	0
933	52	3	0
1	81	5	0
6	81	4	0
7	81	5	0
14	81	5	0
18	81	3	0
44	81	4	0
59	81	4	0
62	81	4	0
64	81	4	0
72	81	3	0
73	81	5	0
82	81	3	0
92	81	3	0
94	81	4	0
109	81	2	0
151	81	5	0
194	81	2	0
198	81	5	0
201	81	1	0
216	81	4	0
222	81	1	0
232	81	5	0
234	81	3	0
239	81	3	0
246	81	5	0
250	81	4	0
253	81	4	0
267	81	4	0
269	81	3	0
271	81	3	0
276	81	4	0
279	81	4	0
286	81	3	0
293	81	4	0
299	81	4	0
301	81	3	0
303	81	4	0
305	81	3	0
307	81	5	0
308	81	5	0
311	81	3	0
327	81	4	0
329	81	2	0
331	81	5	0
334	81	4	0
339	81	5	0
343	81	5	0
345	81	4	0
354	81	3	0
363	81	4	0
373	81	2	0
380	81	3	0
383	81	4	0
385	81	3	0
387	81	3	0
389	81	3	0
393	81	2	0
405	81	3	0
412	81	2	0
416	81	5	0
417	81	5	0
429	81	3	0
435	81	3	0
436	81	3	0
450	81	4	0
454	81	1	0
478	81	4	0
487	81	3	0
506	81	1	0
514	81	4	0
521	81	1	0
524	81	1	0
537	81	3	0
553	81	3	0
561	81	2	0
592	81	4	0
606	81	3	0
629	81	3	0
632	81	5	0
640	81	5	0
645	81	4	0
653	81	1	0
654	81	2	0
655	81	3	0
664	81	5	0
666	81	4	0
682	81	3	0
707	81	2	0
715	81	4	0
716	81	4	0
721	81	2	0
738	81	4	0
758	81	5	0
795	81	4	0
798	81	3	0
804	81	4	0
806	81	5	0
823	81	4	0
840	81	4	0
862	81	5	0
864	81	3	0
868	81	4	0
880	81	4	0
881	81	3	0
883	81	5	0
886	81	4	0
889	81	4	0
892	81	3	0
903	81	5	0
916	81	5	0
1	83	3	0
11	83	5	0
13	83	2	0
18	83	5	0
23	83	4	0
42	83	4	0
51	83	5	0
59	83	4	0
62	83	5	0
64	83	3	0
70	83	4	0
85	83	4	0
89	83	4	0
90	83	5	0
94	83	4	0
95	83	5	0
96	83	3	0
97	83	1	0
102	83	3	0
115	83	3	0
119	83	4	0
121	83	4	0
122	83	5	0
125	83	4	0
128	83	5	0
151	83	5	0
156	83	3	0
158	83	5	0
167	83	5	0
178	83	4	0
180	83	5	0
187	83	5	0
189	83	4	0
194	83	3	0
235	83	4	0
237	83	4	0
243	83	4	0
246	83	4	0
249	83	5	0
253	83	4	0
268	83	4	0
270	83	4	0
271	83	4	0
274	83	5	0
279	83	5	0
283	83	4	0
286	83	5	0
292	83	5	0
295	83	5	0
296	83	5	0
297	83	4	0
299	83	5	0
303	83	5	0
305	83	3	0
307	83	5	0
311	83	5	0
312	83	4	0
316	83	4	0
321	83	4	0
327	83	2	0
334	83	4	0
338	83	2	0
343	83	4	0
344	83	4	0
346	83	4	0
354	83	4	0
360	83	4	0
361	83	3	0
373	83	5	0
378	83	4	0
379	83	4	0
381	83	4	0
387	83	4	0
393	83	4	0
401	83	4	0
405	83	1	0
409	83	3	0
416	83	5	0
417	83	5	0
425	83	2	0
429	83	4	0
435	83	4	0
436	83	5	0
437	83	4	0
447	83	5	0
450	83	4	0
452	83	3	0
457	83	5	0
458	83	4	0
474	83	3	0
476	83	3	0
488	83	4	0
492	83	4	0
497	83	2	0
498	83	3	0
500	83	4	0
503	83	5	0
514	83	5	0
523	83	5	0
528	83	5	0
533	83	2	0
535	83	4	0
536	83	5	0
537	83	4	0
541	83	5	0
543	83	4	0
565	83	5	0
566	83	4	0
567	83	4	0
579	83	5	0
583	83	4	0
585	83	3	0
586	83	2	0
588	83	5	0
593	83	5	0
606	83	5	0
608	83	5	0
615	83	4	0
622	83	5	0
627	83	3	0
639	83	4	0
641	83	4	0
642	83	5	0
648	83	4	0
653	83	5	0
654	83	5	0
660	83	3	0
664	83	4	0
670	83	3	0
679	83	5	0
682	83	3	0
684	83	5	0
698	83	5	0
705	83	4	0
707	83	3	0
711	83	5	0
712	83	4	0
715	83	4	0
716	83	4	0
727	83	5	0
734	83	4	0
741	83	4	0
746	83	4	0
747	83	4	0
748	83	3	0
751	83	5	0
763	83	3	0
771	83	5	0
790	83	3	0
798	83	4	0
805	83	4	0
815	83	4	0
823	83	3	0
828	83	3	0
831	83	4	0
838	83	5	0
840	83	5	0
843	83	3	0
844	83	5	0
846	83	4	0
854	83	4	0
861	83	5	0
870	83	4	0
877	83	3	0
883	83	3	0
889	83	4	0
894	83	4	0
896	83	5	0
899	83	4	0
907	83	5	0
911	83	4	0
913	83	4	0
916	83	4	0
918	83	4	0
922	83	4	0
934	83	4	0
1	86	5	0
6	86	3	0
7	86	4	0
11	86	4	0
13	86	1	0
18	86	4	0
25	86	4	0
42	86	3	0
43	86	4	0
59	86	3	0
62	86	2	0
80	86	5	0
85	86	4	0
89	86	5	0
90	86	5	0
94	86	5	0
106	86	3	0
119	86	4	0
121	86	5	0
122	86	5	0
128	86	5	0
151	86	5	0
156	86	4	0
167	86	4	0
184	86	5	0
185	86	5	0
187	86	4	0
191	86	5	0
194	86	3	0
201	86	4	0
208	86	2	0
212	86	4	0
224	86	3	0
234	86	2	0
235	86	4	0
243	86	5	0
244	86	4	0
249	86	4	0
256	86	5	0
257	86	4	0
262	86	3	0
263	86	4	0
270	86	4	0
276	86	3	0
280	86	4	0
292	86	4	0
295	86	5	0
297	86	5	0
299	86	4	0
305	86	4	0
311	86	5	0
321	86	4	0
325	86	3	0
326	86	2	0
327	86	4	0
334	86	4	0
338	86	4	0
339	86	4	0
343	86	5	0
344	86	4	0
345	86	4	0
352	86	4	0
354	86	5	0
361	86	4	0
378	86	4	0
380	86	4	0
383	86	5	0
393	86	2	0
398	86	3	0
405	86	1	0
406	86	4	0
416	86	1	0
420	86	5	0
429	86	5	0
435	86	4	0
437	86	4	0
440	86	5	0
449	86	4	0
450	86	4	0
452	86	4	0
454	86	2	0
456	86	2	0
457	86	3	0
458	86	5	0
474	86	4	0
481	86	5	0
492	86	3	0
494	86	3	0
495	86	5	0
503	86	5	0
506	86	3	0
527	86	4	0
535	86	4	0
536	86	3	0
537	86	4	0
543	86	4	0
553	86	3	0
554	86	4	0
561	86	4	0
565	86	5	0
566	86	4	0
585	86	5	0
591	86	5	0
607	86	4	0
608	86	5	0
615	86	5	0
622	86	4	0
627	86	3	0
629	86	5	0
639	86	4	0
655	86	4	0
658	86	4	0
659	86	5	0
661	86	4	0
667	86	5	0
675	86	4	0
682	86	2	0
698	86	2	0
707	86	4	0
711	86	5	0
716	86	5	0
747	86	5	0
748	86	4	0
749	86	4	0
764	86	3	0
771	86	5	0
786	86	4	0
796	86	5	0
805	86	4	0
815	86	5	0
828	86	3	0
829	86	4	0
846	86	5	0
854	86	3	0
855	86	2	0
861	86	5	0
864	86	4	0
877	86	4	0
882	86	5	0
883	86	3	0
884	86	3	0
889	86	4	0
894	86	4	0
896	86	1	0
907	86	5	0
909	86	5	0
916	86	4	0
918	86	4	0
932	86	4	0
934	86	3	0
1	152	5	0
7	152	4	0
13	152	5	0
16	152	4	0
18	152	3	0
41	152	4	0
60	152	4	0
70	152	4	0
73	152	3	0
85	152	5	0
87	152	4	0
98	152	3	0
125	152	1	0
151	152	3	0
154	152	4	0
194	152	3	0
195	152	3	0
210	152	5	0
234	152	4	0
239	152	3	0
269	152	4	0
279	152	5	0
293	152	4	0
298	152	3	0
299	152	4	0
301	152	3	0
303	152	4	0
308	152	5	0
312	152	2	0
313	152	3	0
325	152	4	0
327	152	3	0
342	152	4	0
343	152	4	0
354	152	3	0
363	152	5	0
379	152	5	0
380	152	2	0
385	152	3	0
387	152	1	0
389	152	4	0
398	152	4	0
406	152	2	0
407	152	4	0
430	152	4	0
435	152	4	0
437	152	4	0
450	152	5	0
452	152	2	0
458	152	5	0
469	152	4	0
480	152	4	0
497	152	2	0
514	152	4	0
527	152	2	0
535	152	4	0
567	152	4	0
643	152	4	0
648	152	5	0
650	152	3	0
653	152	2	0
655	152	3	0
664	152	3	0
704	152	2	0
738	152	4	0
747	152	3	0
758	152	5	0
773	152	5	0
785	152	4	0
795	152	4	0
796	152	3	0
804	152	4	0
823	152	5	0
833	152	2	0
840	152	4	0
843	152	2	0
848	152	5	0
878	152	4	0
890	152	4	0
896	152	3	0
912	152	4	0
934	152	4	0
1	170	5	0
6	170	4	0
10	170	4	0
12	170	4	0
13	170	5	0
18	170	5	0
23	170	4	0
41	170	4	0
48	170	4	0
59	170	4	0
62	170	3	0
72	170	3	0
82	170	4	0
85	170	4	0
90	170	5	0
94	170	5	0
95	170	5	0
96	170	5	0
144	170	4	0
151	170	5	0
184	170	5	0
189	170	4	0
204	170	5	0
207	170	4	0
213	170	5	0
232	170	5	0
234	170	5	0
235	170	4	0
236	170	5	0
269	170	2	0
271	170	5	0
279	170	3	0
299	170	5	0
303	170	5	0
305	170	4	0
308	170	3	0
311	170	5	0
312	170	5	0
316	170	4	0
321	170	4	0
326	170	2	0
334	170	3	0
338	170	5	0
339	170	5	0
345	170	5	0
354	170	4	0
360	170	5	0
361	170	5	0
370	170	4	0
373	170	5	0
380	170	4	0
392	170	5	0
405	170	1	0
406	170	3	0
409	170	4	0
429	170	5	0
437	170	5	0
449	170	4	0
450	170	5	0
452	170	4	0
455	170	3	0
456	170	5	0
468	170	4	0
474	170	4	0
493	170	3	0
500	170	5	0
514	170	3	0
524	170	4	0
527	170	3	0
535	170	4	0
537	170	3	0
539	170	5	0
543	170	4	0
553	170	4	0
556	170	4	0
561	170	4	0
565	170	5	0
566	170	5	0
567	170	3	0
585	170	5	0
592	170	5	0
615	170	4	0
617	170	1	0
639	170	4	0
640	170	5	0
655	170	3	0
659	170	3	0
661	170	4	0
686	170	5	0
691	170	5	0
704	170	3	0
707	170	5	0
711	170	5	0
731	170	5	0
758	170	5	0
765	170	5	0
767	170	5	0
773	170	5	0
806	170	5	0
823	170	4	0
828	170	3	0
829	170	4	0
836	170	5	0
840	170	4	0
843	170	1	0
848	170	5	0
854	170	4	0
855	170	2	0
861	170	5	0
870	170	5	0
877	170	5	0
878	170	4	0
883	170	3	0
889	170	4	0
894	170	4	0
909	170	5	0
916	170	4	0
918	170	4	0
932	170	4	0
934	170	4	0
940	170	4	0
1	190	5	0
7	190	5	0
8	190	4	0
11	190	3	0
13	190	4	0
18	190	4	0
44	190	5	0
59	190	5	0
62	190	5	0
64	190	4	0
75	190	5	0
85	190	4	0
90	190	5	0
92	190	4	0
94	190	5	0
95	190	4	0
96	190	4	0
122	190	4	0
125	190	5	0
128	190	4	0
144	190	5	0
148	190	2	0
151	190	4	0
158	190	5	0
197	190	3	0
201	190	4	0
234	190	3	0
235	190	4	0
237	190	4	0
239	190	1	0
253	190	5	0
271	190	4	0
279	190	3	0
288	190	1	0
292	190	5	0
295	190	4	0
299	190	5	0
305	190	3	0
312	190	5	0
316	190	5	0
321	190	4	0
325	190	4	0
327	190	4	0
331	190	3	0
334	190	4	0
339	190	4	0
344	190	5	0
350	190	4	0
354	190	4	0
361	190	5	0
373	190	5	0
380	190	5	0
387	190	5	0
405	190	2	0
406	190	5	0
417	190	5	0
420	190	5	0
425	190	3	0
429	190	5	0
435	190	4	0
437	190	3	0
450	190	4	0
457	190	5	0
458	190	4	0
465	190	4	0
474	190	3	0
479	190	4	0
480	190	5	0
481	190	5	0
488	190	5	0
491	190	4	0
496	190	5	0
498	190	4	0
503	190	5	0
505	190	4	0
514	190	5	0
527	190	4	0
533	190	2	0
535	190	4	0
536	190	5	0
537	190	4	0
543	190	5	0
553	190	5	0
562	190	4	0
565	190	5	0
567	190	4	0
585	190	4	0
608	190	4	0
615	190	3	0
618	190	4	0
622	190	4	0
625	190	3	0
655	190	3	0
669	190	3	0
682	190	4	0
698	190	5	0
707	190	5	0
716	190	5	0
731	190	5	0
745	190	5	0
747	190	4	0
763	190	4	0
805	190	5	0
815	190	5	0
826	190	3	0
828	190	3	0
829	190	4	0
838	190	4	0
840	190	5	0
846	190	5	0
864	190	4	0
871	190	2	0
883	190	4	0
889	190	3	0
890	190	4	0
894	190	5	0
896	190	5	0
899	190	4	0
911	190	5	0
916	190	4	0
918	190	5	0
921	190	2	0
930	190	4	0
934	190	4	0
1	198	5	0
7	198	3	0
10	198	3	0
13	198	3	0
18	198	3	0
44	198	4	0
58	198	3	0
59	198	5	0
72	198	5	0
90	198	5	0
92	198	5	0
95	198	5	0
96	198	5	0
125	198	3	0
144	198	4	0
151	198	4	0
177	198	4	0
189	198	4	0
194	198	3	0
195	198	3	0
198	198	4	0
201	198	4	0
222	198	4	0
234	198	3	0
235	198	3	0
239	198	5	0
246	198	4	0
248	198	5	0
249	198	5	0
253	198	5	0
257	198	3	0
267	198	5	0
268	198	4	0
269	198	4	0
271	198	4	0
276	198	5	0
279	198	3	0
285	198	5	0
286	198	4	0
293	198	4	0
296	198	5	0
297	198	3	0
299	198	4	0
303	198	4	0
305	198	4	0
308	198	3	0
311	198	3	0
321	198	4	0
327	198	4	0
328	198	3	0
329	198	4	0
331	198	4	0
339	198	5	0
343	198	4	0
344	198	5	0
376	198	5	0
385	198	3	0
387	198	4	0
401	198	4	0
405	198	2	0
406	198	2	0
417	198	4	0
425	198	4	0
440	198	4	0
449	198	4	0
465	198	2	0
474	198	3	0
479	198	5	0
481	198	4	0
488	198	4	0
499	198	5	0
506	198	2	0
512	198	5	0
524	198	4	0
535	198	4	0
537	198	2	0
543	198	4	0
551	198	5	0
557	198	5	0
561	198	3	0
567	198	5	0
583	198	4	0
585	198	5	0
592	198	5	0
601	198	4	0
606	198	4	0
622	198	4	0
625	198	4	0
639	198	2	0
641	198	5	0
645	198	3	0
650	198	4	0
653	198	4	0
655	198	4	0
658	198	5	0
686	198	5	0
698	198	2	0
710	198	4	0
727	198	4	0
734	198	1	0
757	198	4	0
763	198	5	0
766	198	4	0
773	198	4	0
786	198	5	0
796	198	4	0
804	198	5	0
823	198	4	0
828	198	4	0
829	198	4	0
833	198	4	0
840	198	3	0
846	198	5	0
847	198	4	0
855	198	4	0
862	198	5	0
867	198	5	0
868	198	5	0
870	198	4	0
883	198	5	0
884	198	5	0
894	198	4	0
896	198	4	0
903	198	4	0
907	198	5	0
916	198	4	0
932	198	4	0
1	212	4	0
7	212	1	0
13	212	5	0
18	212	5	0
59	212	4	0
60	212	5	0
64	212	3	0
72	212	5	0
82	212	4	0
85	212	2	0
89	212	3	0
90	212	4	0
92	212	4	0
110	212	1	0
122	212	5	0
144	212	5	0
145	212	2	0
183	212	4	0
184	212	4	0
194	212	1	0
201	212	4	0
213	212	4	0
215	212	2	0
224	212	1	0
233	212	5	0
234	212	2	0
249	212	4	0
269	212	4	0
286	212	1	0
291	212	4	0
299	212	4	0
305	212	3	0
311	212	3	0
321	212	3	0
338	212	4	0
339	212	4	0
342	212	5	0
361	212	5	0
363	212	1	0
381	212	5	0
405	212	1	0
406	212	2	0
417	212	1	0
419	212	1	0
437	212	3	0
449	212	5	0
452	212	2	0
474	212	4	0
492	212	3	0
498	212	3	0
504	212	4	0
516	212	4	0
524	212	5	0
535	212	4	0
537	212	3	0
543	212	4	0
561	212	3	0
565	212	5	0
567	212	2	0
585	212	5	0
607	212	3	0
622	212	3	0
625	212	3	0
639	212	4	0
645	212	4	0
650	212	3	0
655	212	3	0
658	212	3	0
659	212	4	0
664	212	4	0
707	212	4	0
758	212	4	0
763	212	4	0
766	212	5	0
773	212	2	0
777	212	5	0
804	212	3	0
805	212	3	0
829	212	4	0
840	212	4	0
846	212	5	0
878	212	3	0
883	212	5	0
884	212	4	0
886	212	2	0
889	212	2	0
894	212	5	0
896	212	2	0
916	212	5	0
922	212	2	0
932	212	4	0
934	212	4	0
1	213	2	0
6	213	4	0
7	213	3	0
11	213	4	0
14	213	5	0
18	213	5	0
23	213	3	0
49	213	3	0
58	213	5	0
62	213	4	0
73	213	4	0
80	213	3	0
85	213	4	0
89	213	4	0
90	213	5	0
106	213	4	0
119	213	5	0
128	213	3	0
144	213	4	0
151	213	5	0
160	213	4	0
161	213	2	0
169	213	5	0
180	213	5	0
184	213	5	0
187	213	4	0
194	213	2	0
195	213	4	0
201	213	4	0
213	213	5	0
214	213	4	0
234	213	3	0
235	213	4	0
269	213	5	0
270	213	5	0
293	213	3	0
295	213	5	0
297	213	3	0
298	213	3	0
299	213	5	0
308	213	4	0
311	213	4	0
312	213	5	0
316	213	5	0
318	213	4	0
321	213	4	0
330	213	5	0
334	213	4	0
338	213	5	0
339	213	4	0
344	213	4	0
346	213	3	0
354	213	5	0
358	213	5	0
361	213	5	0
373	213	4	0
378	213	5	0
380	213	2	0
383	213	5	0
391	213	4	0
405	213	2	0
406	213	2	0
409	213	4	0
416	213	5	0
421	213	3	0
437	213	4	0
440	213	4	0
449	213	3	0
450	213	4	0
452	213	4	0
455	213	4	0
474	213	4	0
479	213	4	0
480	213	5	0
499	213	3	0
503	213	5	0
523	213	5	0
524	213	4	0
527	213	4	0
528	213	4	0
535	213	5	0
536	213	5	0
537	213	4	0
538	213	3	0
553	213	5	0
565	213	4	0
566	213	5	0
568	213	4	0
574	213	4	0
585	213	5	0
607	213	4	0
608	213	4	0
615	213	5	0
622	213	5	0
625	213	4	0
630	213	2	0
639	213	5	0
647	213	3	0
653	213	2	0
655	213	4	0
666	213	4	0
711	213	5	0
712	213	3	0
716	213	5	0
731	213	5	0
734	213	5	0
748	213	3	0
751	213	5	0
758	213	5	0
763	213	4	0
790	213	3	0
796	213	4	0
804	213	3	0
805	213	3	0
821	213	5	0
828	213	2	0
829	213	4	0
840	213	4	0
846	213	3	0
861	213	5	0
871	213	3	0
875	213	4	0
878	213	3	0
883	213	2	0
884	213	4	0
885	213	3	0
892	213	3	0
894	213	4	0
899	213	4	0
916	213	4	0
918	213	5	0
932	213	3	0
934	213	4	0
940	213	4	0
1	223	5	0
6	223	4	0
7	223	5	0
10	223	5	0
13	223	5	0
18	223	5	0
24	223	5	0
28	223	5	0
58	223	5	0
76	223	2	0
90	223	4	0
92	223	5	0
94	223	5	0
106	223	4	0
109	223	4	0
118	223	5	0
128	223	5	0
136	223	4	0
144	223	4	0
151	223	5	0
165	223	4	0
177	223	4	0
178	223	4	0
184	223	4	0
185	223	4	0
194	223	4	0
201	223	4	0
207	223	3	0
214	223	3	0
219	223	5	0
222	223	4	0
224	223	3	0
230	223	5	0
233	223	4	0
234	223	3	0
236	223	5	0
243	223	4	0
246	223	5	0
249	223	4	0
250	223	4	0
262	223	3	0
268	223	3	0
276	223	5	0
288	223	3	0
291	223	5	0
292	223	5	0
293	223	4	0
297	223	5	0
303	223	4	0
305	223	4	0
308	223	4	0
312	223	5	0
315	223	5	0
316	223	4	0
323	223	4	0
328	223	4	0
331	223	4	0
334	223	5	0
342	223	4	0
343	223	5	0
345	223	5	0
347	223	4	0
360	223	5	0
363	223	5	0
374	223	5	0
376	223	4	0
378	223	4	0
383	223	3	0
387	223	5	0
393	223	4	0
397	223	4	0
399	223	3	0
407	223	4	0
409	223	4	0
416	223	5	0
417	223	5	0
419	223	4	0
429	223	4	0
447	223	5	0
450	223	3	0
452	223	5	0
453	223	4	0
455	223	4	0
457	223	5	0
488	223	4	0
500	223	4	0
503	223	5	0
504	223	5	0
508	223	4	0
535	223	5	0
538	223	4	0
551	223	4	0
554	223	3	0
561	223	4	0
567	223	4	0
592	223	5	0
593	223	5	0
605	223	5	0
629	223	5	0
643	223	4	0
650	223	3	0
653	223	3	0
654	223	4	0
655	223	3	0
664	223	4	0
666	223	3	0
667	223	5	0
675	223	1	0
679	223	5	0
682	223	1	0
690	223	4	0
710	223	4	0
719	223	5	0
747	223	5	0
749	223	4	0
758	223	5	0
764	223	3	0
777	223	4	0
781	223	4	0
788	223	4	0
800	223	5	0
805	223	5	0
833	223	4	0
838	223	3	0
851	223	4	0
854	223	4	0
864	223	5	0
870	223	4	0
889	223	4	0
894	223	4	0
896	223	4	0
903	223	5	0
908	223	4	0
916	223	4	0
919	223	4	0
934	223	5	0
3	317	2	0
6	317	3	0
7	317	4	0
11	317	4	0
13	317	5	0
18	317	5	0
43	317	2	0
44	317	4	0
84	317	3	0
85	317	3	0
90	317	4	0
94	317	5	0
109	317	2	0
115	317	5	0
118	317	5	0
128	317	4	0
151	317	5	0
156	317	4	0
178	317	4	0
184	317	3	0
189	317	4	0
194	317	4	0
201	317	3	0
207	317	4	0
212	317	5	0
234	317	2	0
239	317	5	0
243	317	5	0
244	317	5	0
249	317	5	0
259	317	5	0
271	317	3	0
272	317	4	0
276	317	4	0
288	317	4	0
293	317	4	0
298	317	4	0
305	317	4	0
326	317	3	0
328	317	4	0
334	317	3	0
339	317	4	0
343	317	5	0
345	317	4	0
347	317	1	0
363	317	5	0
373	317	4	0
378	317	5	0
379	317	5	0
387	317	4	0
393	317	4	0
405	317	4	0
406	317	4	0
416	317	5	0
435	317	2	0
454	317	4	0
455	317	3	0
458	317	5	0
474	317	4	0
493	317	3	0
498	317	3	0
508	317	4	0
527	317	4	0
537	317	3	0
538	317	4	0
551	317	5	0
561	317	3	0
577	317	5	0
608	317	5	0
610	317	3	0
627	317	5	0
629	317	4	0
633	317	3	0
654	317	4	0
655	317	3	0
659	317	4	0
664	317	3	0
682	317	4	0
683	317	4	0
686	317	5	0
707	317	3	0
711	317	4	0
721	317	4	0
763	317	3	0
788	317	4	0
790	317	4	0
805	317	4	0
831	317	4	0
846	317	3	0
847	317	3	0
864	317	4	0
868	317	5	0
870	317	4	0
878	317	4	0
889	317	4	0
896	317	4	0
903	317	4	0
907	317	5	0
913	317	4	0
916	317	4	0
933	317	4	0
940	317	4	0
5	381	1	0
12	381	4	0
18	381	4	0
23	381	4	0
58	381	4	0
59	381	5	0
64	381	4	0
89	381	4	0
94	381	4	0
95	381	4	0
128	381	3	0
151	381	5	0
167	381	5	0
174	381	5	0
184	381	4	0
189	381	3	0
196	381	4	0
198	381	3	0
201	381	3	0
208	381	3	0
233	381	4	0
234	381	3	0
244	381	4	0
256	381	5	0
257	381	5	0
264	381	4	0
268	381	3	0
271	381	3	0
280	381	3	0
286	381	5	0
295	381	5	0
299	381	3	0
303	381	4	0
318	381	1	0
327	381	4	0
342	381	5	0
345	381	4	0
354	381	5	0
378	381	4	0
379	381	5	0
387	381	4	0
405	381	1	0
406	381	3	0
409	381	2	0
429	381	3	0
435	381	4	0
436	381	4	0
437	381	5	0
449	381	4	0
450	381	2	0
474	381	4	0
475	381	4	0
478	381	5	0
497	381	3	0
498	381	3	0
500	381	4	0
503	381	5	0
535	381	3	0
537	381	3	0
538	381	3	0
543	381	4	0
565	381	2	0
576	381	3	0
579	381	3	0
591	381	4	0
629	381	4	0
639	381	2	0
653	381	2	0
654	381	3	0
655	381	3	0
666	381	3	0
684	381	2	0
704	381	3	0
707	381	3	0
711	381	5	0
716	381	4	0
751	381	1	0
771	381	3	0
786	381	3	0
795	381	2	0
796	381	3	0
807	381	2	0
819	381	4	0
828	381	3	0
833	381	4	0
846	381	4	0
859	381	4	0
860	381	3	0
861	381	4	0
870	381	3	0
877	381	4	0
880	381	4	0
884	381	5	0
886	381	2	0
889	381	4	0
894	381	3	0
911	381	5	0
914	381	3	0
916	381	3	0
918	381	5	0
5	382	5	0
7	382	4	0
11	382	3	0
13	382	1	0
14	382	5	0
18	382	3	0
19	382	3	0
43	382	5	0
49	382	2	0
59	382	4	0
62	382	3	0
72	382	4	0
73	382	4	0
85	382	4	0
87	382	3	0
90	382	5	0
92	382	4	0
119	382	5	0
122	382	3	0
125	382	1	0
151	382	4	0
184	382	5	0
196	382	4	0
198	382	4	0
212	382	5	0
219	382	5	0
239	382	3	0
264	382	4	0
268	382	3	0
276	382	4	0
279	382	4	0
286	382	5	0
295	382	5	0
303	382	3	0
305	382	5	0
308	382	4	0
312	382	4	0
315	382	4	0
321	382	3	0
327	382	3	0
338	382	5	0
342	382	3	0
343	382	3	0
345	382	4	0
354	382	5	0
358	382	2	0
373	382	4	0
378	382	4	0
380	382	3	0
399	382	3	0
405	382	1	0
406	382	5	0
407	382	3	0
409	382	4	0
417	382	2	0
429	382	3	0
435	382	3	0
450	382	3	0
455	382	3	0
456	382	1	0
474	382	3	0
497	382	4	0
503	382	4	0
504	382	4	0
523	382	5	0
524	382	3	0
533	382	1	0
535	382	5	0
537	382	3	0
539	382	5	0
542	382	3	0
561	382	4	0
565	382	5	0
579	382	3	0
588	382	3	0
591	382	4	0
592	382	4	0
601	382	4	0
607	382	3	0
618	382	2	0
639	382	2	0
640	382	4	0
655	382	3	0
693	382	4	0
704	382	4	0
707	382	3	0
719	382	2	0
721	382	4	0
751	382	3	0
763	382	5	0
766	382	3	0
773	382	3	0
795	382	4	0
805	382	4	0
828	382	3	0
846	382	3	0
854	382	4	0
861	382	5	0
864	382	3	0
868	382	4	0
870	382	3	0
877	382	3	0
883	382	3	0
884	382	5	0
889	382	2	0
909	382	5	0
916	382	4	0
918	382	4	0
919	382	5	0
922	382	4	0
940	382	3	0
5	425	2	0
6	425	3	0
11	425	4	0
18	425	3	0
48	425	3	0
58	425	5	0
59	425	4	0
64	425	4	0
85	425	4	0
90	425	4	0
92	425	4	0
94	425	5	0
109	425	2	0
128	425	5	0
142	425	4	0
151	425	4	0
172	425	1	0
194	425	2	0
201	425	3	0
232	425	4	0
246	425	5	0
268	425	4	0
269	425	5	0
271	425	2	0
276	425	4	0
279	425	4	0
286	425	2	0
293	425	4	0
301	425	4	0
303	425	4	0
305	425	4	0
308	425	4	0
311	425	2	0
327	425	3	0
334	425	4	0
343	425	5	0
370	425	3	0
380	425	4	0
383	425	4	0
385	425	3	0
405	425	2	0
406	425	3	0
416	425	4	0
417	425	4	0
429	425	3	0
436	425	4	0
437	425	4	0
457	425	4	0
458	425	3	0
498	425	2	0
499	425	3	0
500	425	4	0
506	425	4	0
514	425	5	0
527	425	4	0
532	425	4	0
535	425	5	0
537	425	3	0
561	425	4	0
577	425	2	0
583	425	5	0
592	425	5	0
629	425	3	0
653	425	2	0
655	425	3	0
661	425	4	0
664	425	3	0
686	425	5	0
707	425	5	0
711	425	4	0
715	425	4	0
716	425	5	0
745	425	4	0
748	425	4	0
758	425	5	0
795	425	3	0
804	425	4	0
805	425	5	0
823	425	5	0
846	425	5	0
870	425	4	0
886	425	4	0
892	425	5	0
896	425	2	0
916	425	5	0
5	428	5	0
7	428	5	0
11	428	4	0
13	428	5	0
14	428	4	0
18	428	3	0
42	428	3	0
48	428	4	0
49	428	5	0
59	428	5	0
85	428	5	0
92	428	4	0
94	428	5	0
97	428	4	0
98	428	5	0
121	428	5	0
151	428	5	0
161	428	3	0
172	428	4	0
184	428	4	0
187	428	4	0
196	428	4	0
198	428	4	0
207	428	4	0
208	428	4	0
234	428	4	0
239	428	5	0
244	428	4	0
269	428	5	0
271	428	4	0
276	428	4	0
279	428	1	0
286	428	5	0
291	428	5	0
305	428	3	0
307	428	4	0
308	428	5	0
311	428	4	0
312	428	3	0
313	428	3	0
315	428	4	0
321	428	4	0
326	428	5	0
327	428	4	0
334	428	4	0
339	428	5	0
340	428	1	0
342	428	5	0
354	428	4	0
363	428	5	0
378	428	3	0
379	428	4	0
380	428	3	0
385	428	3	0
387	428	4	0
389	428	3	0
401	428	4	0
405	428	1	0
406	428	5	0
407	428	3	0
409	428	4	0
417	428	3	0
426	428	2	0
429	428	4	0
437	428	5	0
450	428	4	0
455	428	4	0
457	428	5	0
465	428	3	0
468	428	4	0
504	428	3	0
537	428	4	0
561	428	4	0
579	428	4	0
588	428	4	0
591	428	4	0
606	428	3	0
615	428	5	0
625	428	5	0
640	428	5	0
643	428	4	0
645	428	4	0
648	428	2	0
653	428	1	0
655	428	3	0
660	428	4	0
661	428	4	0
666	428	3	0
690	428	1	0
693	428	3	0
698	428	1	0
716	428	3	0
737	428	4	0
744	428	4	0
747	428	3	0
749	428	3	0
751	428	4	0
758	428	4	0
766	428	5	0
773	428	4	0
774	428	1	0
804	428	3	0
805	428	5	0
807	428	4	0
823	428	5	0
833	428	2	0
840	428	4	0
846	428	3	0
847	428	3	0
848	428	5	0
870	428	4	0
875	428	4	0
885	428	4	0
889	428	4	0
899	428	4	0
911	428	4	0
913	428	3	0
916	428	4	0
918	428	5	0
932	428	4	0
934	428	4	0
6	461	4	0
7	461	4	0
10	461	3	0
18	461	4	0
72	461	3	0
144	461	4	0
151	461	4	0
160	461	5	0
201	461	4	0
207	461	3	0
214	461	4	0
221	461	4	0
232	461	5	0
243	461	3	0
271	461	5	0
276	461	4	0
279	461	3	0
286	461	2	0
287	461	5	0
293	461	2	0
295	461	5	0
299	461	3	0
303	461	4	0
308	461	4	0
313	461	3	0
315	461	4	0
327	461	3	0
334	461	3	0
339	461	5	0
342	461	3	0
343	461	2	0
345	461	3	0
363	461	3	0
379	461	4	0
385	461	4	0
387	461	5	0
405	461	3	0
406	461	3	0
409	461	3	0
417	461	3	0
452	461	4	0
456	461	4	0
458	461	4	0
468	461	4	0
474	461	5	0
506	461	2	0
524	461	3	0
535	461	3	0
537	461	3	0
543	461	3	0
551	461	3	0
561	461	3	0
566	461	4	0
592	461	4	0
608	461	4	0
627	461	3	0
640	461	4	0
655	461	2	0
667	461	4	0
704	461	3	0
747	461	5	0
763	461	4	0
806	461	4	0
854	461	3	0
870	461	4	0
875	461	4	0
880	461	4	0
883	461	5	0
889	461	3	0
896	461	3	0
903	461	3	0
913	461	4	0
916	461	4	0
934	461	4	0
6	462	5	0
10	462	3	0
13	462	5	0
18	462	3	0
42	462	2	0
49	462	2	0
58	462	4	0
59	462	5	0
62	462	2	0
71	462	5	0
82	462	4	0
85	462	4	0
90	462	5	0
95	462	4	0
115	462	4	0
123	462	4	0
128	462	4	0
151	462	4	0
154	462	3	0
160	462	4	0
172	462	3	0
180	462	5	0
184	462	4	0
187	462	5	0
188	462	4	0
189	462	5	0
198	462	3	0
200	462	4	0
201	462	1	0
207	462	3	0
211	462	4	0
214	462	4	0
232	462	4	0
233	462	5	0
234	462	4	0
235	462	3	0
236	462	4	0
239	462	5	0
249	462	5	0
257	462	4	0
269	462	3	0
271	462	4	0
276	462	4	0
279	462	3	0
286	462	5	0
292	462	3	0
293	462	4	0
296	462	4	0
299	462	5	0
301	462	2	0
303	462	3	0
305	462	5	0
307	462	4	0
316	462	3	0
321	462	4	0
334	462	4	0
338	462	4	0
343	462	4	0
344	462	2	0
345	462	5	0
347	462	2	0
354	462	3	0
380	462	4	0
381	462	4	0
385	462	2	0
391	462	4	0
399	462	3	0
401	462	4	0
405	462	2	0
406	462	5	0
416	462	5	0
429	462	4	0
430	462	3	0
435	462	5	0
437	462	5	0
440	462	5	0
449	462	5	0
450	462	4	0
452	462	4	0
455	462	3	0
456	462	3	0
457	462	5	0
468	462	4	0
474	462	4	0
480	462	4	0
483	462	3	0
487	462	2	0
492	462	3	0
493	462	2	0
498	462	3	0
500	462	4	0
504	462	4	0
514	462	4	0
527	462	3	0
533	462	2	0
537	462	3	0
543	462	4	0
561	462	3	0
562	462	5	0
565	462	4	0
566	462	4	0
568	462	4	0
571	462	4	0
585	462	3	0
605	462	5	0
607	462	4	0
608	462	4	0
615	462	4	0
618	462	2	0
639	462	5	0
642	462	4	0
654	462	4	0
655	462	3	0
660	462	2	0
664	462	4	0
669	462	5	0
707	462	4	0
712	462	3	0
715	462	4	0
731	462	5	0
747	462	5	0
753	462	4	0
758	462	4	0
763	462	5	0
771	462	3	0
773	462	5	0
828	462	3	0
829	462	4	0
840	462	3	0
848	462	5	0
855	462	4	0
861	462	4	0
862	462	4	0
870	462	4	0
875	462	4	0
878	462	4	0
883	462	5	0
884	462	4	0
889	462	5	0
894	462	4	0
896	462	3	0
907	462	4	0
913	462	3	0
916	462	4	0
918	462	3	0
919	462	3	0
932	462	4	0
934	462	4	0
6	469	5	0
16	469	3	0
42	469	4	0
94	469	4	0
122	469	5	0
130	469	5	0
151	469	1	0
177	469	4	0
178	469	3	0
180	469	5	0
195	469	3	0
201	469	4	0
221	469	3	0
224	469	1	0
246	469	3	0
249	469	4	0
250	469	4	0
269	469	4	0
272	469	5	0
276	469	4	0
279	469	4	0
291	469	5	0
293	469	4	0
296	469	5	0
305	469	2	0
308	469	5	0
311	469	5	0
325	469	4	0
327	469	4	0
339	469	5	0
345	469	5	0
358	469	4	0
363	469	2	0
378	469	5	0
405	469	1	0
406	469	4	0
416	469	4	0
429	469	4	0
436	469	3	0
447	469	4	0
450	469	4	0
457	469	4	0
458	469	4	0
468	469	4	0
474	469	4	0
478	469	3	0
496	469	3	0
500	469	4	0
524	469	4	0
535	469	3	0
537	469	3	0
543	469	4	0
561	469	4	0
567	469	4	0
592	469	4	0
608	469	3	0
645	469	5	0
655	469	3	0
659	469	4	0
664	469	3	0
763	469	4	0
805	469	4	0
846	469	2	0
854	469	5	0
870	469	4	0
889	469	4	0
913	469	3	0
6	509	4	0
7	509	5	0
10	509	4	0
13	509	5	0
14	509	5	0
16	509	2	0
18	509	4	0
62	509	4	0
64	509	3	0
72	509	4	0
85	509	4	0
90	509	5	0
94	509	5	0
95	509	4	0
121	509	5	0
122	509	4	0
138	509	4	0
148	509	5	0
151	509	4	0
184	509	4	0
194	509	3	0
198	509	4	0
200	509	4	0
201	509	3	0
207	509	4	0
213	509	4	0
214	509	4	0
226	509	4	0
233	509	4	0
239	509	5	0
243	509	4	0
244	509	5	0
262	509	3	0
269	509	4	0
270	509	3	0
271	509	4	0
279	509	3	0
293	509	3	0
299	509	4	0
307	509	3	0
308	509	4	0
311	509	3	0
312	509	5	0
318	509	5	0
339	509	4	0
344	509	4	0
354	509	5	0
378	509	4	0
381	509	5	0
389	509	4	0
401	509	4	0
405	509	1	0
406	509	3	0
416	509	5	0
421	509	2	0
450	509	4	0
452	509	4	0
453	509	4	0
454	509	2	0
457	509	4	0
458	509	4	0
474	509	5	0
479	509	4	0
488	509	2	0
496	509	3	0
498	509	3	0
500	509	4	0
503	509	5	0
523	509	4	0
537	509	4	0
542	509	4	0
543	509	3	0
551	509	4	0
565	509	4	0
568	509	4	0
585	509	4	0
608	509	1	0
613	509	4	0
615	509	4	0
629	509	5	0
639	509	3	0
643	509	3	0
650	509	3	0
653	509	4	0
655	509	3	0
663	509	4	0
664	509	4	0
675	509	5	0
682	509	2	0
693	509	3	0
711	509	4	0
719	509	2	0
747	509	5	0
758	509	5	0
763	509	5	0
773	509	4	0
776	509	5	0
777	509	4	0
779	509	2	0
805	509	5	0
821	509	5	0
828	509	2	0
829	509	5	0
835	509	4	0
840	509	3	0
846	509	4	0
848	509	4	0
854	509	4	0
855	509	3	0
861	509	5	0
864	509	5	0
868	509	3	0
878	509	4	0
884	509	4	0
889	509	2	0
894	509	4	0
901	509	4	0
903	509	4	0
909	509	5	0
916	509	4	0
932	509	3	0
6	517	4	0
11	517	2	0
13	517	5	0
14	517	4	0
18	517	2	0
59	517	5	0
60	517	4	0
76	517	5	0
85	517	5	0
89	517	5	0
90	517	3	0
98	517	5	0
138	517	4	0
151	517	2	0
184	517	4	0
189	517	4	0
194	517	3	0
207	517	3	0
208	517	3	0
210	517	4	0
215	517	5	0
218	517	3	0
234	517	3	0
264	517	5	0
269	517	4	0
271	517	3	0
279	517	4	0
299	517	4	0
303	517	5	0
308	517	4	0
318	517	3	0
325	517	4	0
327	517	2	0
338	517	5	0
342	517	5	0
361	517	5	0
378	517	3	0
379	517	4	0
381	517	4	0
383	517	5	0
389	517	4	0
392	517	5	0
405	517	3	0
406	517	2	0
421	517	2	0
437	517	4	0
452	517	2	0
458	517	4	0
474	517	4	0
480	517	4	0
498	517	4	0
500	517	4	0
504	517	4	0
506	517	2	0
524	517	4	0
527	517	5	0
535	517	4	0
537	517	4	0
567	517	5	0
591	517	4	0
608	517	4	0
615	517	5	0
625	517	3	0
639	517	2	0
650	517	3	0
653	517	1	0
655	517	4	0
659	517	5	0
666	517	4	0
669	517	3	0
680	517	4	0
694	517	4	0
707	517	3	0
716	517	5	0
738	517	3	0
747	517	5	0
748	517	3	0
758	517	3	0
796	517	2	0
823	517	5	0
833	517	2	0
840	517	4	0
848	517	5	0
860	517	4	0
870	517	2	0
878	517	4	0
883	517	4	0
912	517	4	0
918	517	3	0
929	517	5	0
932	517	5	0
6	518	3	0
8	518	4	0
10	518	4	0
13	518	4	0
23	518	5	0
24	518	4	0
41	518	3	0
49	518	4	0
72	518	4	0
73	518	5	0
76	518	3	0
77	518	4	0
82	518	4	0
90	518	2	0
92	518	5	0
94	518	5	0
95	518	4	0
138	518	4	0
144	518	3	0
158	518	4	0
194	518	4	0
197	518	1	0
198	518	3	0
201	518	4	0
214	518	3	0
224	518	1	0
239	518	3	0
253	518	5	0
267	518	5	0
269	518	4	0
271	518	4	0
276	518	4	0
293	518	5	0
303	518	4	0
311	518	3	0
328	518	2	0
334	518	4	0
339	518	5	0
342	518	3	0
345	518	4	0
346	518	4	0
354	518	3	0
363	518	4	0
380	518	3	0
387	518	4	0
389	518	4	0
405	518	1	0
409	518	1	0
417	518	5	0
437	518	2	0
450	518	4	0
452	518	5	0
455	518	4	0
466	518	4	0
474	518	4	0
478	518	4	0
506	518	4	0
524	518	3	0
535	518	5	0
537	518	4	0
543	518	3	0
551	518	4	0
561	518	4	0
592	518	5	0
600	518	5	0
615	518	4	0
627	518	4	0
645	518	5	0
653	518	2	0
655	518	2	0
658	518	4	0
664	518	4	0
666	518	4	0
682	518	4	0
686	518	5	0
721	518	2	0
763	518	4	0
766	518	3	0
774	518	1	0
788	518	3	0
806	518	3	0
815	518	3	0
833	518	3	0
846	518	4	0
875	518	4	0
886	518	4	0
896	518	3	0
899	518	4	0
913	518	4	0
6	531	4	0
10	531	5	0
13	531	3	0
16	531	5	0
30	531	5	0
43	531	4	0
49	531	3	0
52	531	5	0
64	531	3	0
65	531	4	0
76	531	4	0
80	531	4	0
85	531	4	0
90	531	4	0
92	531	4	0
109	531	4	0
116	531	2	0
123	531	3	0
128	531	4	0
130	531	5	0
144	531	5	0
151	531	3	0
160	531	5	0
178	531	4	0
184	531	4	0
189	531	3	0
198	531	5	0
201	531	2	0
207	531	4	0
214	531	4	0
216	531	4	0
232	531	4	0
234	531	3	0
239	531	5	0
243	531	4	0
257	531	5	0
269	531	5	0
270	531	4	0
276	531	4	0
293	531	4	0
299	531	3	0
303	531	4	0
308	531	4	0
312	531	5	0
313	531	3	0
315	531	5	0
316	531	5	0
318	531	4	0
321	531	4	0
328	531	4	0
334	531	5	0
342	531	3	0
343	531	5	0
354	531	4	0
360	531	4	0
361	531	5	0
363	531	4	0
378	531	4	0
382	531	4	0
383	531	3	0
387	531	3	0
389	531	4	0
399	531	3	0
406	531	3	0
415	531	5	0
416	531	5	0
429	531	5	0
452	531	4	0
454	531	2	0
455	531	3	0
457	531	5	0
458	531	5	0
468	531	4	0
492	531	4	0
498	531	3	0
500	531	3	0
514	531	3	0
523	531	5	0
527	531	3	0
532	531	5	0
539	531	4	0
542	531	4	0
543	531	4	0
551	531	5	0
554	531	4	0
561	531	1	0
575	531	1	0
577	531	4	0
588	531	3	0
592	531	5	0
605	531	4	0
606	531	5	0
617	531	2	0
618	531	4	0
653	531	5	0
655	531	4	0
661	531	4	0
664	531	2	0
669	531	3	0
675	531	5	0
679	531	4	0
700	531	4	0
707	531	5	0
745	531	3	0
747	531	4	0
749	531	5	0
758	531	5	0
764	531	5	0
773	531	5	0
788	531	4	0
823	531	4	0
828	531	4	0
836	531	4	0
840	531	5	0
851	531	3	0
855	531	3	0
861	531	4	0
864	531	5	0
876	531	4	0
877	531	5	0
878	531	2	0
883	531	3	0
891	531	4	0
893	531	4	0
894	531	3	0
909	531	4	0
913	531	2	0
916	531	4	0
919	531	3	0
7	558	4	0
10	558	4	0
11	558	3	0
13	558	1	0
21	558	5	0
58	558	5	0
60	558	4	0
92	558	3	0
115	558	5	0
118	558	5	0
145	558	2	0
195	558	3	0
201	558	2	0
234	558	4	0
239	558	5	0
250	558	4	0
264	558	5	0
268	558	3	0
270	558	5	0
276	558	4	0
279	558	4	0
291	558	4	0
293	558	3	0
303	558	4	0
308	558	4	0
327	558	4	0
334	558	4	0
342	558	5	0
354	558	4	0
358	558	4	0
374	558	1	0
385	558	2	0
387	558	4	0
389	558	4	0
405	558	1	0
406	558	3	0
422	558	4	0
437	558	3	0
449	558	4	0
450	558	3	0
498	558	4	0
503	558	5	0
514	558	4	0
524	558	4	0
527	558	4	0
535	558	5	0
537	558	4	0
592	558	5	0
604	558	4	0
617	558	3	0
622	558	2	0
641	558	5	0
645	558	4	0
654	558	3	0
655	558	4	0
682	558	1	0
747	558	4	0
751	558	3	0
804	558	3	0
805	558	5	0
828	558	3	0
833	558	4	0
846	558	4	0
870	558	4	0
886	558	3	0
894	558	5	0
908	558	4	0
916	558	3	0
919	558	5	0
925	558	1	0
7	582	5	0
10	582	4	0
18	582	5	0
24	582	4	0
42	582	3	0
59	582	4	0
60	582	4	0
62	582	4	0
64	582	4	0
65	582	3	0
72	582	4	0
76	582	3	0
79	582	5	0
80	582	3	0
82	582	4	0
85	582	4	0
92	582	5	0
106	582	4	0
116	582	3	0
121	582	2	0
122	582	5	0
151	582	5	0
161	582	1	0
172	582	4	0
174	582	4	0
184	582	4	0
187	582	1	0
189	582	5	0
194	582	1	0
195	582	4	0
200	582	4	0
201	582	5	0
213	582	4	0
214	582	3	0
224	582	4	0
230	582	4	0
232	582	5	0
234	582	4	0
243	582	5	0
250	582	4	0
257	582	5	0
262	582	4	0
268	582	5	0
269	582	4	0
270	582	3	0
271	582	3	0
276	582	3	0
291	582	4	0
293	582	4	0
295	582	5	0
297	582	4	0
299	582	2	0
301	582	2	0
303	582	4	0
305	582	4	0
308	582	3	0
313	582	2	0
316	582	5	0
327	582	4	0
328	582	5	0
334	582	5	0
338	582	5	0
339	582	4	0
343	582	3	0
345	582	5	0
346	582	3	0
354	582	4	0
358	582	5	0
360	582	4	0
363	582	2	0
378	582	5	0
380	582	4	0
381	582	5	0
387	582	3	0
398	582	2	0
399	582	3	0
401	582	4	0
405	582	3	0
406	582	4	0
417	582	3	0
429	582	3	0
437	582	5	0
440	582	3	0
447	582	4	0
450	582	4	0
455	582	2	0
456	582	5	0
457	582	5	0
458	582	1	0
468	582	3	0
469	582	5	0
474	582	5	0
483	582	3	0
495	582	4	0
500	582	4	0
503	582	5	0
506	582	3	0
514	582	4	0
516	582	5	0
523	582	4	0
524	582	3	0
527	582	2	0
530	582	4	0
533	582	3	0
536	582	2	0
537	582	3	0
543	582	3	0
551	582	5	0
554	582	3	0
561	582	4	0
562	582	4	0
566	582	5	0
567	582	3	0
577	582	4	0
579	582	4	0
585	582	3	0
605	582	4	0
610	582	4	0
615	582	3	0
617	582	4	0
618	582	4	0
627	582	3	0
639	582	3	0
655	582	2	0
664	582	1	0
666	582	4	0
682	582	1	0
693	582	2	0
694	582	4	0
707	582	5	0
711	582	5	0
719	582	3	0
721	582	3	0
734	582	2	0
741	582	3	0
747	582	5	0
758	582	3	0
778	582	1	0
788	582	4	0
790	582	3	0
804	582	3	0
805	582	3	0
815	582	1	0
828	582	3	0
829	582	4	0
840	582	5	0
843	582	2	0
848	582	4	0
855	582	3	0
861	582	2	0
870	582	5	0
875	582	5	0
877	582	2	0
878	582	4	0
881	582	1	0
882	582	5	0
883	582	3	0
884	582	5	0
885	582	2	0
886	582	1	0
892	582	3	0
894	582	4	0
896	582	2	0
903	582	3	0
909	582	5	0
916	582	4	0
918	582	4	0
919	582	5	0
7	631	4	0
13	631	3	0
18	631	5	0
43	631	2	0
44	631	1	0
83	631	2	0
85	631	4	0
90	631	5	0
92	631	4	0
94	631	5	0
95	631	4	0
109	631	3	0
121	631	4	0
145	631	4	0
151	631	3	0
180	631	5	0
184	631	4	0
194	631	2	0
198	631	3	0
201	631	2	0
207	631	2	0
210	631	5	0
212	631	5	0
219	631	5	0
234	631	3	0
243	631	4	0
244	631	4	0
262	631	4	0
269	631	4	0
276	631	3	0
280	631	5	0
291	631	5	0
292	631	5	0
295	631	5	0
301	631	1	0
303	631	4	0
305	631	3	0
307	631	3	0
312	631	5	0
313	631	2	0
318	631	4	0
321	631	4	0
327	631	3	0
334	631	4	0
337	631	4	0
339	631	5	0
343	631	4	0
354	631	4	0
363	631	1	0
370	631	4	0
378	631	4	0
379	631	5	0
380	631	4	0
381	631	4	0
385	631	3	0
389	631	5	0
406	631	5	0
409	631	3	0
416	631	3	0
417	631	3	0
426	631	3	0
429	631	4	0
435	631	2	0
450	631	4	0
452	631	4	0
454	631	2	0
457	631	4	0
458	631	4	0
495	631	2	0
498	631	3	0
504	631	4	0
514	631	4	0
527	631	4	0
535	631	5	0
536	631	2	0
553	631	5	0
561	631	3	0
566	631	4	0
567	631	3	0
568	631	5	0
592	631	3	0
593	631	3	0
615	631	4	0
617	631	2	0
627	631	3	0
643	631	3	0
647	631	4	0
650	631	3	0
653	631	2	0
655	631	4	0
661	631	3	0
664	631	4	0
665	631	2	0
682	631	3	0
691	631	4	0
693	631	3	0
704	631	3	0
707	631	4	0
716	631	5	0
721	631	5	0
747	631	5	0
751	631	5	0
760	631	3	0
804	631	3	0
805	631	5	0
815	631	4	0
823	631	4	0
840	631	4	0
868	631	4	0
870	631	2	0
886	631	4	0
888	631	4	0
889	631	3	0
892	631	4	0
896	631	2	0
908	631	4	0
916	631	4	0
918	631	4	0
922	631	3	0
7	650	3	0
13	650	2	0
48	650	3	0
59	650	5	0
60	650	4	0
64	650	3	0
73	650	3	0
90	650	5	0
94	650	5	0
95	650	4	0
102	650	3	0
116	650	2	0
145	650	4	0
214	650	5	0
228	650	3	0
230	650	4	0
234	650	3	0
239	650	5	0
244	650	3	0
262	650	4	0
290	650	2	0
303	650	5	0
305	650	4	0
311	650	3	0
313	650	4	0
325	650	3	0
327	650	4	0
338	650	5	0
339	650	4	0
354	650	3	0
363	650	2	0
370	650	5	0
385	650	5	0
387	650	2	0
392	650	5	0
405	650	1	0
407	650	2	0
450	650	4	0
474	650	4	0
481	650	3	0
492	650	2	0
495	650	5	0
524	650	2	0
567	650	4	0
645	650	5	0
650	650	2	0
655	650	3	0
666	650	5	0
670	650	2	0
675	650	5	0
691	650	5	0
693	650	3	0
716	650	3	0
738	650	3	0
747	650	4	0
748	650	1	0
749	650	3	0
758	650	5	0
774	650	1	0
815	650	2	0
835	650	5	0
840	650	4	0
843	650	3	0
846	650	5	0
848	650	4	0
862	650	4	0
867	650	5	0
878	650	2	0
889	650	2	0
916	650	4	0
932	650	5	0
934	650	4	0
10	708	4	0
12	708	3	0
18	708	3	0
59	708	4	0
60	708	4	0
62	708	3	0
72	708	4	0
85	708	4	0
90	708	5	0
92	708	4	0
95	708	2	0
122	708	5	0
154	708	4	0
174	708	5	0
184	708	4	0
194	708	3	0
201	708	4	0
210	708	5	0
214	708	4	0
224	708	2	0
232	708	4	0
243	708	3	0
244	708	4	0
249	708	4	0
269	708	4	0
293	708	3	0
305	708	3	0
307	708	4	0
308	708	4	0
311	708	5	0
318	708	4	0
327	708	4	0
328	708	2	0
330	708	3	0
334	708	4	0
338	708	5	0
343	708	4	0
344	708	4	0
345	708	3	0
346	708	3	0
378	708	4	0
380	708	3	0
398	708	3	0
405	708	1	0
407	708	3	0
409	708	4	0
416	708	4	0
417	708	2	0
429	708	3	0
436	708	3	0
437	708	4	0
450	708	4	0
456	708	4	0
457	708	4	0
474	708	4	0
478	708	3	0
500	708	5	0
524	708	4	0
532	708	4	0
533	708	2	0
535	708	5	0
536	708	3	0
537	708	3	0
551	708	1	0
561	708	3	0
577	708	3	0
583	708	5	0
615	708	2	0
645	708	3	0
650	708	3	0
653	708	2	0
655	708	3	0
659	708	3	0
664	708	4	0
682	708	3	0
693	708	3	0
707	708	3	0
716	708	4	0
751	708	4	0
774	708	2	0
776	708	5	0
786	708	4	0
788	708	2	0
790	708	3	0
804	708	3	0
805	708	3	0
823	708	4	0
835	708	5	0
840	708	4	0
843	708	2	0
846	708	3	0
848	708	4	0
864	708	3	0
892	708	4	0
896	708	2	0
897	708	2	0
903	708	4	0
916	708	4	0
932	708	4	0
934	708	3	0
940	708	3	0
10	709	4	0
13	709	4	0
14	709	5	0
18	709	5	0
58	709	5	0
59	709	5	0
85	709	5	0
87	709	3	0
89	709	3	0
90	709	5	0
92	709	2	0
125	709	3	0
144	709	4	0
151	709	5	0
158	709	5	0
174	709	4	0
234	709	4	0
262	709	5	0
264	709	5	0
271	709	3	0
276	709	4	0
279	709	4	0
283	709	5	0
286	709	4	0
303	709	5	0
305	709	5	0
308	709	3	0
315	709	4	0
321	709	4	0
327	709	4	0
334	709	4	0
339	709	5	0
344	709	5	0
345	709	4	0
354	709	5	0
361	709	5	0
363	709	4	0
373	709	5	0
378	709	4	0
379	709	5	0
380	709	4	0
389	709	4	0
405	709	1	0
406	709	5	0
409	709	4	0
411	709	5	0
417	709	3	0
421	709	4	0
429	709	4	0
435	709	4	0
437	709	5	0
450	709	3	0
455	709	3	0
457	709	5	0
458	709	4	0
464	709	5	0
474	709	5	0
477	709	5	0
500	709	4	0
514	709	3	0
524	709	5	0
527	709	5	0
535	709	5	0
537	709	4	0
541	709	5	0
543	709	3	0
561	709	3	0
579	709	5	0
591	709	4	0
606	709	5	0
618	709	2	0
629	709	3	0
639	709	3	0
645	709	3	0
655	709	3	0
661	709	4	0
666	709	4	0
698	709	4	0
748	709	4	0
751	709	4	0
762	709	3	0
771	709	5	0
786	709	2	0
790	709	3	0
796	709	3	0
798	709	5	0
805	709	4	0
823	709	3	0
854	709	4	0
868	709	4	0
883	709	5	0
886	709	3	0
896	709	3	0
903	709	4	0
904	709	3	0
908	709	4	0
911	709	5	0
916	709	3	0
918	709	4	0
919	709	3	0
930	709	4	0
932	709	4	0
934	709	3	0
940	709	5	0
13	792	5	0
14	792	5	0
18	792	5	0
22	792	4	0
43	792	1	0
59	792	4	0
72	792	3	0
85	792	4	0
94	792	4	0
102	792	3	0
121	792	3	0
122	792	3	0
151	792	4	0
178	792	5	0
184	792	4	0
187	792	5	0
188	792	2	0
189	792	5	0
194	792	4	0
201	792	4	0
207	792	2	0
210	792	3	0
234	792	4	0
235	792	4	0
264	792	5	0
269	792	4	0
271	792	4	0
279	792	3	0
286	792	3	0
299	792	4	0
303	792	5	0
305	792	4	0
308	792	3	0
315	792	5	0
318	792	2	0
327	792	4	0
334	792	4	0
338	792	4	0
342	792	3	0
343	792	5	0
354	792	4	0
363	792	4	0
378	792	4	0
389	792	4	0
393	792	1	0
405	792	5	0
416	792	4	0
417	792	4	0
435	792	4	0
450	792	4	0
452	792	5	0
457	792	4	0
458	792	4	0
474	792	4	0
476	792	4	0
497	792	3	0
506	792	2	0
514	792	4	0
523	792	4	0
524	792	4	0
533	792	3	0
535	792	4	0
537	792	3	0
543	792	4	0
591	792	4	0
615	792	4	0
627	792	4	0
639	792	2	0
655	792	3	0
659	792	4	0
664	792	4	0
666	792	4	0
707	792	4	0
716	792	4	0
747	792	5	0
773	792	4	0
790	792	2	0
823	792	3	0
846	792	4	0
870	792	3	0
883	792	4	0
888	792	5	0
916	792	3	0
918	792	3	0
934	792	3	0
940	792	2	0
58	1101	5	0
59	1101	5	0
82	1101	4	0
83	1101	2	0
85	1101	4	0
90	1101	4	0
94	1101	3	0
95	1101	2	0
119	1101	5	0
144	1101	4	0
151	1101	4	0
178	1101	4	0
184	1101	4	0
216	1101	4	0
234	1101	3	0
246	1101	5	0
269	1101	4	0
271	1101	4	0
272	1101	5	0
286	1101	5	0
293	1101	3	0
305	1101	4	0
321	1101	3	0
327	1101	4	0
331	1101	4	0
345	1101	4	0
354	1101	3	0
363	1101	3	0
374	1101	4	0
378	1101	3	0
380	1101	4	0
391	1101	4	0
402	1101	4	0
405	1101	3	0
406	1101	4	0
429	1101	5	0
456	1101	3	0
458	1101	4	0
478	1101	4	0
499	1101	5	0
514	1101	4	0
524	1101	4	0
527	1101	4	0
535	1101	4	0
537	1101	3	0
559	1101	4	0
561	1101	3	0
608	1101	4	0
639	1101	3	0
643	1101	3	0
653	1101	2	0
655	1101	2	0
658	1101	4	0
664	1101	3	0
667	1101	3	0
675	1101	4	0
707	1101	4	0
710	1101	4	0
716	1101	5	0
751	1101	1	0
763	1101	3	0
795	1101	4	0
796	1101	5	0
804	1101	3	0
805	1101	5	0
846	1101	3	0
848	1101	5	0
864	1101	4	0
896	1101	2	0
899	1101	5	0
903	1101	4	0
916	1101	4	0
918	1101	4	0
919	1101	5	0
