1	8	1	0
6	8	4	0
7	8	5	0
11	8	4	0
13	8	4	0
16	8	5	0
18	8	5	0
19	8	5	0
23	8	4	0
24	8	5	0
25	8	4	0
43	8	4	0
49	8	3	0
57	8	4	0
58	8	4	0
60	8	3	0
62	8	5	0
64	8	4	0
70	8	4	0
82	8	4	0
85	8	4	0
87	8	5	0
90	8	5	0
92	8	5	0
94	8	5	0
95	8	5	0
96	8	5	0
106	8	4	0
109	8	3	0
115	8	5	0
125	8	4	0
144	8	4	0
148	8	4	0
152	8	5	0
158	8	5	0
167	8	5	0
178	8	4	0
187	8	5	0
189	8	5	0
194	8	3	0
196	8	5	0
200	8	4	0
201	8	3	0
207	8	3	0
213	8	3	0
214	8	4	0
215	8	2	0
218	8	3	0
222	8	1	0
223	8	2	0
230	8	5	0
232	8	2	0
233	8	3	0
234	8	5	0
239	8	5	0
243	8	5	0
246	8	3	0
253	8	4	0
254	8	5	0
269	8	2	0
271	8	4	0
272	8	4	0
276	8	4	0
280	8	5	0
291	8	4	0
293	8	3	0
297	8	5	0
298	8	5	0
301	8	4	0
303	8	5	0
308	8	5	0
311	8	4	0
312	8	5	0
313	8	3	0
314	8	4	0
315	8	3	0
318	8	4	0
321	8	4	0
326	8	4	0
327	8	4	0
328	8	3	0
329	8	2	0
330	8	5	0
331	8	3	0
332	8	5	0
334	8	4	0
342	8	4	0
343	8	5	0
344	8	5	0
354	8	5	0
358	8	5	0
363	8	5	0
378	8	4	0
379	8	5	0
385	8	5	0
387	8	4	0
389	8	4	0
391	8	3	0
392	8	5	0
393	8	3	0
397	8	4	0
398	8	3	0
399	8	3	0
405	8	4	0
406	8	4	0
407	8	5	0
409	8	3	0
411	8	3	0
416	8	5	0
429	8	3	0
435	8	3	0
437	8	4	0
452	8	4	0
454	8	5	0
455	8	4	0
457	8	5	0
458	8	4	0
459	8	5	0
465	8	4	0
468	8	4	0
471	8	5	0
474	8	5	0
479	8	5	0
480	8	5	0
481	8	3	0
488	8	3	0
499	8	5	0
500	8	4	0
503	8	5	0
506	8	5	0
521	8	3	0
523	8	5	0
532	8	5	0
533	8	3	0
535	8	4	0
536	8	5	0
541	8	5	0
542	8	3	0
543	8	4	0
553	8	3	0
554	8	4	0
557	8	5	0
561	8	3	0
566	8	4	0
577	8	4	0
588	8	5	0
591	8	3	0
592	8	5	0
593	8	3	0
601	8	3	0
606	8	2	0
608	8	2	0
610	8	4	0
618	8	3	0
620	8	3	0
621	8	5	0
622	8	4	0
628	8	2	0
642	8	5	0
654	8	5	0
655	8	3	0
658	8	5	0
660	8	2	0
661	8	5	0
670	8	4	0
679	8	2	0
682	8	3	0
684	8	5	0
690	8	4	0
691	8	2	0
705	8	3	0
707	8	5	0
711	8	5	0
721	8	4	0
731	8	2	0
745	8	4	0
746	8	4	0
747	8	5	0
748	8	4	0
756	8	4	0
758	8	5	0
766	8	5	0
771	8	5	0
774	8	1	0
778	8	1	0
795	8	5	0
796	8	5	0
805	8	3	0
807	8	4	0
823	8	5	0
838	8	4	0
840	8	5	0
846	8	4	0
847	8	4	0
850	8	5	0
851	8	4	0
854	8	5	0
864	8	5	0
875	8	3	0
878	8	3	0
880	8	4	0
881	8	4	0
882	8	5	0
883	8	4	0
887	8	4	0
889	8	3	0
892	8	5	0
896	8	5	0
897	8	3	0
899	8	4	0
901	8	3	0
902	8	5	0
907	8	3	0
913	8	2	0
921	8	3	0
927	8	4	0
928	8	5	0
930	8	3	0
940	8	5	0
1	58	4	0
11	58	3	0
13	58	4	0
16	58	4	0
18	58	4	0
24	58	3	0
41	58	3	0
42	58	5	0
43	58	3	0
59	58	4	0
64	58	3	0
72	58	4	0
80	58	4	0
85	58	4	0
92	58	4	0
94	58	5	0
95	58	3	0
109	58	4	0
128	58	3	0
130	58	2	0
144	58	3	0
151	58	4	0
156	58	4	0
178	58	5	0
184	58	4	0
194	58	4	0
198	58	3	0
200	58	4	0
201	58	4	0
207	58	3	0
210	58	4	0
216	58	4	0
222	58	3	0
233	58	3	0
236	58	2	0
237	58	4	0
239	58	5	0
244	58	3	0
247	58	4	0
249	58	5	0
262	58	3	0
263	58	4	0
269	58	2	0
271	58	3	0
276	58	4	0
280	58	4	0
292	58	5	0
298	58	4	0
299	58	3	0
301	58	4	0
308	58	3	0
311	58	3	0
313	58	3	0
316	58	3	0
318	58	4	0
325	58	3	0
328	58	4	0
330	58	5	0
331	58	3	0
334	58	4	0
339	58	3	0
342	58	5	0
343	58	4	0
344	58	3	0
345	58	4	0
346	58	3	0
354	58	3	0
363	58	3	0
373	58	4	0
378	58	4	0
380	58	2	0
383	58	4	0
385	58	4	0
387	58	4	0
389	58	4	0
391	58	4	0
392	58	4	0
393	58	3	0
397	58	5	0
398	58	4	0
399	58	3	0
405	58	1	0
406	58	4	0
409	58	4	0
411	58	3	0
416	58	5	0
417	58	3	0
429	58	4	0
435	58	3	0
437	58	4	0
450	58	3	0
452	58	3	0
454	58	4	0
455	58	3	0
457	58	4	0
458	58	5	0
468	58	4	0
474	58	4	0
479	58	4	0
487	58	5	0
488	58	3	0
500	58	3	0
503	58	4	0
504	58	3	0
506	58	4	0
514	58	4	0
524	58	4	0
528	58	5	0
532	58	4	0
533	58	4	0
535	58	5	0
537	58	4	0
538	58	4	0
539	58	3	0
542	58	4	0
551	58	5	0
554	58	4	0
557	58	4	0
560	58	3	0
561	58	3	0
577	58	4	0
592	58	5	0
593	58	4	0
601	58	1	0
606	58	3	0
608	58	2	0
627	58	5	0
629	58	4	0
632	58	3	0
639	58	3	0
642	58	3	0
643	58	4	0
655	58	3	0
659	58	4	0
661	58	4	0
664	58	4	0
682	58	3	0
693	58	3	0
704	58	3	0
705	58	2	0
707	58	3	0
711	58	4	0
715	58	4	0
716	58	5	0
719	58	3	0
721	58	2	0
737	58	4	0
747	58	3	0
748	58	4	0
749	58	3	0
757	58	3	0
758	58	4	0
774	58	1	0
788	58	4	0
795	58	4	0
796	58	3	0
805	58	4	0
823	58	5	0
833	58	2	0
846	58	4	0
854	58	3	0
864	58	5	0
870	58	5	0
881	58	3	0
883	58	3	0
886	58	4	0
889	58	3	0
892	58	4	0
896	58	3	0
901	58	4	0
913	58	5	0
916	58	5	0
919	58	5	0
933	58	3	0
943	58	4	0
1	66	4	0
5	66	1	0
13	66	3	0
16	66	4	0
18	66	3	0
42	66	4	0
43	66	4	0
56	66	3	0
65	66	3	0
83	66	4	0
87	66	5	0
89	66	3	0
92	66	3	0
94	66	2	0
99	66	3	0
102	66	3	0
125	66	5	0
128	66	3	0
130	66	5	0
144	66	4	0
145	66	4	0
151	66	4	0
152	66	5	0
174	66	5	0
178	66	4	0
184	66	4	0
188	66	3	0
194	66	3	0
196	66	3	0
208	66	4	0
216	66	2	0
222	66	4	0
234	66	3	0
235	66	2	0
236	66	2	0
244	66	4	0
246	66	3	0
256	66	4	0
262	66	3	0
269	66	1	0
270	66	4	0
276	66	3	0
279	66	2	0
280	66	5	0
286	66	4	0
290	66	4	0
291	66	4	0
293	66	2	0
301	66	4	0
305	66	3	0
308	66	4	0
311	66	4	0
313	66	1	0
314	66	5	0
318	66	4	0
320	66	4	0
327	66	3	0
330	66	5	0
333	66	5	0
336	66	3	0
340	66	5	0
343	66	3	0
345	66	3	0
354	66	2	0
361	66	4	0
363	66	4	0
371	66	4	0
373	66	4	0
374	66	3	0
378	66	3	0
389	66	3	0
393	66	3	0
398	66	4	0
399	66	3	0
404	66	4	0
405	66	5	0
416	66	5	0
417	66	3	0
429	66	2	0
436	66	5	0
437	66	3	0
450	66	4	0
452	66	4	0
454	66	4	0
457	66	4	0
472	66	5	0
474	66	4	0
476	66	3	0
477	66	5	0
479	66	3	0
481	66	3	0
487	66	5	0
497	66	3	0
503	66	3	0
504	66	4	0
505	66	4	0
506	66	4	0
523	66	4	0
524	66	3	0
532	66	5	0
533	66	4	0
541	66	4	0
543	66	3	0
551	66	2	0
554	66	3	0
562	66	1	0
579	66	4	0
588	66	3	0
591	66	2	0
593	66	5	0
610	66	3	0
618	66	4	0
622	66	3	0
623	66	4	0
639	66	3	0
640	66	4	0
642	66	5	0
643	66	3	0
648	66	5	0
650	66	3	0
654	66	4	0
655	66	2	0
659	66	4	0
666	66	4	0
671	66	5	0
682	66	3	0
684	66	4	0
690	66	3	0
692	66	2	0
698	66	3	0
711	66	4	0
712	66	5	0
719	66	3	0
727	66	3	0
731	66	4	0
741	66	3	0
749	66	3	0
756	66	4	0
758	66	3	0
760	66	2	0
786	66	4	0
790	66	3	0
796	66	5	0
798	66	3	0
823	66	4	0
840	66	3	0
846	66	4	0
847	66	3	0
864	66	3	0
870	66	4	0
878	66	3	0
882	66	4	0
883	66	3	0
886	66	3	0
897	66	3	0
899	66	4	0
901	66	5	0
904	66	4	0
916	66	3	0
921	66	5	0
934	66	4	0
940	66	4	0
1	70	3	0
5	70	4	0
6	70	3	0
7	70	1	0
10	70	4	0
11	70	4	0
13	70	3	0
14	70	1	0
16	70	4	0
18	70	4	0
23	70	2	0
28	70	4	0
38	70	5	0
42	70	3	0
43	70	4	0
49	70	2	0
56	70	4	0
58	70	4	0
59	70	3	0
60	70	4	0
62	70	3	0
64	70	5	0
65	70	1	0
72	70	4	0
76	70	4	0
82	70	4	0
83	70	4	0
84	70	5	0
85	70	4	0
87	70	5	0
90	70	5	0
94	70	4	0
95	70	4	0
98	70	3	0
102	70	3	0
106	70	3	0
109	70	4	0
119	70	3	0
122	70	5	0
125	70	3	0
128	70	3	0
144	70	4	0
148	70	5	0
151	70	4	0
158	70	4	0
161	70	3	0
174	70	5	0
178	70	4	0
184	70	4	0
187	70	4	0
194	70	3	0
196	70	3	0
198	70	3	0
201	70	3	0
207	70	3	0
208	70	3	0
210	70	4	0
213	70	3	0
215	70	3	0
221	70	3	0
222	70	3	0
224	70	2	0
230	70	4	0
233	70	5	0
234	70	3	0
235	70	5	0
244	70	4	0
247	70	5	0
257	70	4	0
262	70	4	0
264	70	4	0
268	70	3	0
269	70	1	0
270	70	5	0
271	70	5	0
276	70	4	0
279	70	1	0
280	70	4	0
283	70	4	0
286	70	5	0
291	70	4	0
293	70	3	0
295	70	5	0
297	70	5	0
299	70	3	0
303	70	4	0
305	70	4	0
307	70	4	0
308	70	4	0
311	70	4	0
312	70	5	0
314	70	1	0
318	70	5	0
327	70	4	0
328	70	4	0
330	70	4	0
332	70	2	0
334	70	3	0
336	70	5	0
344	70	3	0
345	70	5	0
347	70	2	0
354	70	3	0
361	70	4	0
363	70	2	0
373	70	4	0
374	70	4	0
378	70	4	0
393	70	3	0
398	70	4	0
401	70	4	0
405	70	3	0
406	70	3	0
407	70	4	0
412	70	4	0
416	70	5	0
417	70	4	0
425	70	3	0
429	70	4	0
437	70	3	0
440	70	4	0
447	70	3	0
449	70	4	0
450	70	4	0
452	70	5	0
454	70	4	0
455	70	3	0
457	70	4	0
468	70	3	0
474	70	4	0
475	70	4	0
476	70	3	0
479	70	4	0
481	70	5	0
484	70	5	0
487	70	3	0
488	70	3	0
497	70	4	0
500	70	4	0
503	70	4	0
504	70	3	0
506	70	4	0
508	70	4	0
514	70	5	0
523	70	5	0
524	70	4	0
527	70	4	0
530	70	4	0
532	70	4	0
533	70	4	0
535	70	4	0
536	70	2	0
537	70	4	0
542	70	4	0
543	70	4	0
551	70	4	0
554	70	4	0
559	70	3	0
561	70	4	0
563	70	4	0
565	70	5	0
566	70	4	0
576	70	5	0
579	70	3	0
585	70	5	0
591	70	4	0
592	70	4	0
593	70	5	0
605	70	3	0
608	70	4	0
610	70	4	0
615	70	4	0
618	70	3	0
622	70	3	0
623	70	4	0
625	70	3	0
627	70	4	0
630	70	2	0
639	70	3	0
640	70	4	0
642	70	2	0
643	70	3	0
645	70	4	0
647	70	3	0
648	70	2	0
653	70	2	0
654	70	4	0
655	70	2	0
658	70	3	0
659	70	4	0
661	70	4	0
664	70	3	0
666	70	4	0
679	70	4	0
682	70	4	0
684	70	4	0
690	70	2	0
699	70	4	0
707	70	3	0
711	70	5	0
715	70	3	0
716	70	4	0
721	70	3	0
727	70	5	0
741	70	4	0
747	70	4	0
751	70	4	0
763	70	5	0
764	70	4	0
768	70	4	0
773	70	3	0
780	70	2	0
786	70	4	0
788	70	4	0
790	70	3	0
795	70	3	0
804	70	4	0
806	70	2	0
819	70	4	0
821	70	4	0
828	70	3	0
829	70	4	0
838	70	4	0
840	70	3	0
844	70	4	0
846	70	4	0
847	70	3	0
860	70	5	0
861	70	4	0
862	70	4	0
864	70	4	0
870	70	4	0
877	70	5	0
878	70	3	0
880	70	4	0
881	70	2	0
882	70	3	0
883	70	3	0
884	70	4	0
885	70	5	0
889	70	3	0
892	70	4	0
894	70	3	0
896	70	4	0
916	70	4	0
918	70	3	0
919	70	4	0
932	70	4	0
933	70	2	0
934	70	4	0
940	70	3	0
1	83	3	0
11	83	5	0
13	83	2	0
18	83	5	0
23	83	4	0
42	83	4	0
51	83	5	0
59	83	4	0
62	83	5	0
64	83	3	0
70	83	4	0
85	83	4	0
89	83	4	0
90	83	5	0
94	83	4	0
95	83	5	0
96	83	3	0
97	83	1	0
102	83	3	0
115	83	3	0
119	83	4	0
121	83	4	0
122	83	5	0
125	83	4	0
128	83	5	0
151	83	5	0
156	83	3	0
158	83	5	0
167	83	5	0
178	83	4	0
180	83	5	0
187	83	5	0
189	83	4	0
194	83	3	0
235	83	4	0
237	83	4	0
243	83	4	0
246	83	4	0
249	83	5	0
253	83	4	0
268	83	4	0
270	83	4	0
271	83	4	0
274	83	5	0
279	83	5	0
283	83	4	0
286	83	5	0
292	83	5	0
295	83	5	0
296	83	5	0
297	83	4	0
299	83	5	0
303	83	5	0
305	83	3	0
307	83	5	0
311	83	5	0
312	83	4	0
316	83	4	0
321	83	4	0
327	83	2	0
334	83	4	0
338	83	2	0
343	83	4	0
344	83	4	0
346	83	4	0
354	83	4	0
360	83	4	0
361	83	3	0
373	83	5	0
378	83	4	0
379	83	4	0
381	83	4	0
387	83	4	0
393	83	4	0
401	83	4	0
405	83	1	0
409	83	3	0
416	83	5	0
417	83	5	0
425	83	2	0
429	83	4	0
435	83	4	0
436	83	5	0
437	83	4	0
447	83	5	0
450	83	4	0
452	83	3	0
457	83	5	0
458	83	4	0
474	83	3	0
476	83	3	0
488	83	4	0
492	83	4	0
497	83	2	0
498	83	3	0
500	83	4	0
503	83	5	0
514	83	5	0
523	83	5	0
528	83	5	0
533	83	2	0
535	83	4	0
536	83	5	0
537	83	4	0
541	83	5	0
543	83	4	0
565	83	5	0
566	83	4	0
567	83	4	0
579	83	5	0
583	83	4	0
585	83	3	0
586	83	2	0
588	83	5	0
593	83	5	0
606	83	5	0
608	83	5	0
615	83	4	0
622	83	5	0
627	83	3	0
639	83	4	0
641	83	4	0
642	83	5	0
648	83	4	0
653	83	5	0
654	83	5	0
660	83	3	0
664	83	4	0
670	83	3	0
679	83	5	0
682	83	3	0
684	83	5	0
698	83	5	0
705	83	4	0
707	83	3	0
711	83	5	0
712	83	4	0
715	83	4	0
716	83	4	0
727	83	5	0
734	83	4	0
741	83	4	0
746	83	4	0
747	83	4	0
748	83	3	0
751	83	5	0
763	83	3	0
771	83	5	0
790	83	3	0
798	83	4	0
805	83	4	0
815	83	4	0
823	83	3	0
828	83	3	0
831	83	4	0
838	83	5	0
840	83	5	0
843	83	3	0
844	83	5	0
846	83	4	0
854	83	4	0
861	83	5	0
870	83	4	0
877	83	3	0
883	83	3	0
889	83	4	0
894	83	4	0
896	83	5	0
899	83	4	0
907	83	5	0
911	83	4	0
913	83	4	0
916	83	4	0
918	83	4	0
922	83	4	0
934	83	4	0
1	88	4	0
11	88	3	0
12	88	5	0
13	88	4	0
18	88	3	0
23	88	3	0
38	88	5	0
42	88	5	0
43	88	5	0
44	88	2	0
56	88	1	0
60	88	4	0
65	88	4	0
70	88	4	0
83	88	5	0
87	88	5	0
89	88	4	0
92	88	3	0
94	88	3	0
95	88	4	0
98	88	3	0
102	88	3	0
106	88	3	0
109	88	4	0
110	88	4	0
125	88	5	0
128	88	4	0
130	88	2	0
145	88	5	0
151	88	5	0
152	88	5	0
174	88	5	0
175	88	4	0
183	88	3	0
184	88	3	0
188	88	4	0
194	88	3	0
200	88	4	0
207	88	2	0
208	88	5	0
210	88	4	0
215	88	3	0
222	88	4	0
234	88	3	0
236	88	2	0
244	88	4	0
249	88	4	0
256	88	5	0
264	88	3	0
267	88	4	0
268	88	2	0
269	88	1	0
270	88	5	0
271	88	4	0
274	88	4	0
276	88	3	0
279	88	1	0
280	88	3	0
286	88	4	0
290	88	4	0
293	88	3	0
295	88	4	0
298	88	5	0
299	88	3	0
301	88	4	0
303	88	4	0
305	88	2	0
308	88	4	0
311	88	4	0
313	88	2	0
314	88	5	0
318	88	4	0
326	88	2	0
327	88	2	0
330	88	5	0
333	88	5	0
336	88	2	0
339	88	4	0
340	88	5	0
342	88	1	0
343	88	4	0
344	88	3	0
345	88	4	0
346	88	4	0
354	88	2	0
361	88	4	0
363	88	2	0
373	88	4	0
374	88	3	0
378	88	4	0
379	88	4	0
389	88	3	0
393	88	3	0
394	88	3	0
398	88	4	0
401	88	4	0
405	88	3	0
406	88	2	0
407	88	3	0
411	88	3	0
416	88	3	0
429	88	3	0
437	88	3	0
450	88	5	0
452	88	2	0
454	88	4	0
457	88	4	0
472	88	2	0
474	88	4	0
476	88	4	0
477	88	5	0
479	88	4	0
481	88	4	0
484	88	4	0
487	88	4	0
495	88	4	0
496	88	1	0
500	88	4	0
503	88	4	0
504	88	3	0
505	88	4	0
506	88	4	0
508	88	3	0
514	88	4	0
530	88	4	0
533	88	4	0
536	88	4	0
537	88	2	0
538	88	2	0
541	88	3	0
542	88	3	0
543	88	4	0
545	88	3	0
551	88	4	0
561	88	2	0
562	88	5	0
566	88	3	0
577	88	3	0
579	88	4	0
588	88	5	0
591	88	3	0
593	88	4	0
606	88	4	0
618	88	4	0
621	88	2	0
622	88	3	0
623	88	4	0
639	88	3	0
642	88	5	0
643	88	2	0
647	88	4	0
648	88	4	0
650	88	3	0
653	88	3	0
655	88	2	0
659	88	2	0
665	88	3	0
671	88	4	0
682	88	4	0
684	88	4	0
690	88	4	0
693	88	3	0
694	88	4	0
707	88	3	0
711	88	5	0
712	88	4	0
715	88	3	0
716	88	4	0
719	88	3	0
727	88	5	0
738	88	3	0
741	88	4	0
747	88	2	0
749	88	4	0
751	88	4	0
756	88	1	0
758	88	4	0
763	88	4	0
771	88	4	0
774	88	1	0
786	88	4	0
796	88	5	0
798	88	4	0
805	88	2	0
806	88	4	0
815	88	4	0
823	88	5	0
830	88	4	0
840	88	4	0
846	88	4	0
847	88	2	0
848	88	4	0
850	88	5	0
864	88	4	0
870	88	2	0
877	88	4	0
878	88	4	0
880	88	3	0
881	88	3	0
883	88	4	0
885	88	4	0
892	88	4	0
896	88	5	0
897	88	4	0
901	88	5	0
904	88	3	0
907	88	5	0
914	88	2	0
916	88	4	0
918	88	2	0
919	88	2	0
933	88	3	0
934	88	4	0
1	97	3	0
7	97	5	0
11	97	4	0
12	97	5	0
13	97	4	0
18	97	4	0
24	97	4	0
38	97	5	0
41	97	3	0
42	97	3	0
43	97	5	0
44	97	2	0
56	97	3	0
59	97	5	0
60	97	3	0
62	97	2	0
64	97	3	0
65	97	5	0
72	97	4	0
77	97	2	0
82	97	4	0
83	97	4	0
85	97	2	0
87	97	5	0
90	97	5	0
91	97	5	0
94	97	4	0
95	97	4	0
97	97	5	0
106	97	5	0
109	97	3	0
125	97	3	0
128	97	3	0
145	97	5	0
151	97	5	0
152	97	5	0
163	97	4	0
178	97	5	0
184	97	2	0
187	97	3	0
188	97	5	0
189	97	4	0
194	97	3	0
198	97	3	0
201	97	2	0
208	97	4	0
210	97	5	0
213	97	5	0
216	97	4	0
222	97	4	0
224	97	5	0
226	97	3	0
230	97	5	0
233	97	5	0
234	97	2	0
236	97	5	0
244	97	2	0
246	97	3	0
253	97	4	0
254	97	5	0
256	97	4	0
259	97	4	0
263	97	4	0
268	97	4	0
270	97	4	0
271	97	5	0
276	97	3	0
286	97	4	0
288	97	4	0
290	97	3	0
291	97	4	0
293	97	4	0
295	97	5	0
297	97	5	0
298	97	4	0
299	97	4	0
301	97	4	0
303	97	5	0
305	97	4	0
308	97	1	0
311	97	4	0
312	97	5	0
313	97	4	0
316	97	5	0
320	97	5	0
326	97	4	0
328	97	3	0
330	97	5	0
332	97	5	0
339	97	4	0
343	97	4	0
344	97	3	0
346	97	4	0
347	97	4	0
354	97	3	0
361	97	4	0
363	97	2	0
371	97	5	0
373	97	3	0
374	97	5	0
378	97	5	0
379	97	3	0
380	97	3	0
381	97	4	0
387	97	2	0
391	97	4	0
393	97	4	0
394	97	4	0
395	97	5	0
398	97	4	0
399	97	4	0
401	97	4	0
405	97	2	0
406	97	5	0
407	97	4	0
409	97	5	0
416	97	5	0
417	97	4	0
425	97	2	0
429	97	4	0
437	97	3	0
450	97	4	0
452	97	4	0
453	97	3	0
454	97	4	0
455	97	5	0
456	97	4	0
457	97	5	0
458	97	1	0
465	97	2	0
468	97	5	0
472	97	3	0
474	97	5	0
479	97	3	0
484	97	5	0
487	97	5	0
488	97	4	0
492	97	3	0
496	97	1	0
497	97	4	0
499	97	4	0
500	97	4	0
503	97	4	0
504	97	4	0
505	97	4	0
506	97	4	0
512	97	5	0
514	97	5	0
521	97	3	0
523	97	4	0
524	97	5	0
532	97	5	0
533	97	2	0
535	97	4	0
536	97	3	0
537	97	2	0
538	97	5	0
542	97	4	0
543	97	3	0
545	97	3	0
551	97	5	0
561	97	3	0
566	97	3	0
577	97	5	0
588	97	2	0
592	97	4	0
593	97	4	0
606	97	5	0
608	97	3	0
610	97	3	0
615	97	4	0
618	97	5	0
625	97	4	0
627	97	2	0
632	97	4	0
633	97	3	0
639	97	1	0
642	97	4	0
650	97	3	0
653	97	3	0
654	97	3	0
655	97	3	0
659	97	5	0
660	97	3	0
661	97	4	0
664	97	3	0
665	97	2	0
666	97	4	0
668	97	2	0
669	97	4	0
679	97	3	0
682	97	4	0
686	97	2	0
693	97	5	0
694	97	5	0
705	97	3	0
707	97	4	0
709	97	5	0
711	97	4	0
712	97	5	0
715	97	3	0
716	97	4	0
719	97	3	0
721	97	4	0
731	97	5	0
734	97	4	0
738	97	4	0
739	97	5	0
747	97	5	0
748	97	4	0
756	97	3	0
757	97	4	0
763	97	3	0
771	97	1	0
774	97	2	0
780	97	5	0
781	97	4	0
786	97	4	0
788	97	3	0
790	97	2	0
795	97	2	0
796	97	3	0
798	97	1	0
804	97	4	0
815	97	5	0
821	97	5	0
823	97	5	0
830	97	4	0
835	97	5	0
840	97	3	0
843	97	3	0
844	97	3	0
846	97	4	0
848	97	5	0
850	97	5	0
862	97	4	0
864	97	4	0
871	97	3	0
878	97	3	0
880	97	4	0
881	97	3	0
885	97	5	0
889	97	3	0
890	97	4	0
892	97	5	0
896	97	4	0
897	97	5	0
904	97	4	0
907	97	5	0
912	97	4	0
916	97	4	0
921	97	2	0
933	97	2	0
934	97	4	0
942	97	5	0
943	97	2	0
1	132	4	0
6	132	5	0
7	132	5	0
10	132	5	0
12	132	5	0
13	132	4	0
18	132	5	0
23	132	4	0
24	132	3	0
42	132	5	0
44	132	4	0
48	132	5	0
51	132	4	0
59	132	5	0
60	132	4	0
62	132	5	0
64	132	4	0
70	132	4	0
77	132	3	0
85	132	5	0
87	132	5	0
90	132	5	0
91	132	3	0
92	132	3	0
94	132	4	0
95	132	3	0
97	132	5	0
117	132	4	0
118	132	4	0
119	132	5	0
123	132	3	0
128	132	3	0
130	132	5	0
148	132	4	0
151	132	5	0
152	132	5	0
161	132	1	0
174	132	2	0
175	132	3	0
184	132	5	0
189	132	5	0
194	132	3	0
195	132	5	0
198	132	4	0
200	132	5	0
210	132	4	0
213	132	5	0
214	132	5	0
215	132	5	0
219	132	5	0
222	132	2	0
230	132	5	0
232	132	5	0
234	132	4	0
236	132	4	0
239	132	5	0
246	132	4	0
251	132	5	0
253	132	5	0
254	132	4	0
262	132	3	0
263	132	5	0
269	132	5	0
271	132	5	0
275	132	3	0
279	132	3	0
280	132	4	0
286	132	5	0
288	132	3	0
290	132	3	0
292	132	4	0
293	132	4	0
295	132	5	0
298	132	5	0
301	132	4	0
303	132	5	0
307	132	4	0
308	132	3	0
311	132	4	0
312	132	5	0
313	132	5	0
314	132	4	0
316	132	4	0
318	132	4	0
321	132	5	0
325	132	3	0
326	132	4	0
327	132	5	0
328	132	5	0
330	132	5	0
331	132	3	0
334	132	3	0
338	132	2	0
339	132	5	0
342	132	5	0
343	132	5	0
344	132	4	0
345	132	5	0
346	132	4	0
347	132	5	0
350	132	5	0
358	132	5	0
373	132	3	0
378	132	4	0
380	132	4	0
381	132	5	0
383	132	5	0
385	132	4	0
389	132	5	0
391	132	4	0
393	132	2	0
394	132	4	0
398	132	5	0
399	132	3	0
405	132	5	0
406	132	5	0
407	132	4	0
416	132	4	0
417	132	4	0
426	132	4	0
429	132	3	0
435	132	3	0
436	132	1	0
437	132	5	0
447	132	4	0
450	132	5	0
452	132	2	0
453	132	3	0
454	132	2	0
457	132	5	0
465	132	4	0
468	132	5	0
472	132	5	0
474	132	4	0
488	132	3	0
495	132	4	0
496	132	3	0
499	132	4	0
503	132	5	0
504	132	5	0
505	132	5	0
506	132	4	0
508	132	5	0
514	132	4	0
521	132	3	0
524	132	4	0
532	132	5	0
533	132	5	0
535	132	5	0
536	132	4	0
537	132	3	0
539	132	5	0
542	132	3	0
545	132	4	0
551	132	5	0
553	132	4	0
554	132	4	0
556	132	5	0
560	132	3	0
561	132	2	0
562	132	4	0
567	132	3	0
568	132	2	0
577	132	4	0
588	132	5	0
592	132	5	0
601	132	5	0
605	132	5	0
606	132	5	0
608	132	2	0
617	132	1	0
618	132	4	0
622	132	4	0
629	132	5	0
632	132	5	0
642	132	3	0
643	132	5	0
650	132	4	0
653	132	3	0
655	132	3	0
660	132	3	0
661	132	5	0
664	132	4	0
666	132	4	0
669	132	4	0
676	132	5	0
679	132	4	0
683	132	5	0
693	132	4	0
694	132	5	0
698	132	4	0
711	132	5	0
716	132	5	0
727	132	2	0
731	132	3	0
734	132	3	0
739	132	4	0
746	132	4	0
747	132	4	0
748	132	3	0
749	132	4	0
763	132	3	0
764	132	5	0
766	132	4	0
776	132	3	0
778	132	2	0
786	132	5	0
788	132	5	0
795	132	3	0
796	132	4	0
798	132	4	0
804	132	4	0
807	132	4	0
815	132	5	0
821	132	5	0
835	132	5	0
840	132	4	0
843	132	3	0
846	132	5	0
848	132	5	0
850	132	5	0
851	132	4	0
854	132	5	0
862	132	5	0
864	132	5	0
867	132	3	0
868	132	4	0
870	132	4	0
881	132	3	0
882	132	5	0
886	132	3	0
887	132	4	0
889	132	4	0
890	132	5	0
892	132	5	0
896	132	3	0
897	132	5	0
912	132	5	0
913	132	3	0
916	132	3	0
918	132	4	0
921	132	3	0
927	132	2	0
933	132	3	0
934	132	4	0
943	132	3	0
1	143	1	0
5	143	3	0
6	143	2	0
7	143	3	0
12	143	5	0
13	143	1	0
16	143	5	0
18	143	4	0
20	143	3	0
23	143	3	0
25	143	3	0
28	143	4	0
42	143	4	0
43	143	4	0
44	143	4	0
49	143	3	0
56	143	3	0
59	143	1	0
60	143	3	0
64	143	4	0
70	143	5	0
85	143	4	0
90	143	5	0
91	143	4	0
92	143	3	0
94	143	4	0
95	143	4	0
117	143	1	0
123	143	5	0
125	143	5	0
128	143	5	0
130	143	5	0
151	143	5	0
152	143	5	0
154	143	3	0
174	143	5	0
178	143	4	0
184	143	3	0
188	143	5	0
189	143	5	0
194	143	3	0
195	143	5	0
198	143	3	0
200	143	5	0
207	143	4	0
213	143	5	0
216	143	2	0
223	143	4	0
225	143	2	0
230	143	5	0
233	143	4	0
234	143	3	0
236	143	4	0
254	143	4	0
262	143	3	0
263	143	5	0
267	143	4	0
268	143	2	0
269	143	3	0
276	143	5	0
286	143	4	0
290	143	5	0
291	143	3	0
293	143	4	0
295	143	4	0
297	143	5	0
298	143	5	0
299	143	3	0
301	143	4	0
303	143	4	0
305	143	3	0
307	143	3	0
308	143	4	0
311	143	3	0
312	143	4	0
313	143	3	0
314	143	5	0
318	143	5	0
321	143	3	0
325	143	1	0
327	143	4	0
330	143	5	0
334	143	2	0
338	143	2	0
339	143	5	0
340	143	5	0
342	143	5	0
343	143	4	0
345	143	5	0
346	143	3	0
354	143	4	0
363	143	2	0
373	143	3	0
374	143	2	0
378	143	4	0
379	143	4	0
385	143	3	0
389	143	3	0
393	143	5	0
399	143	5	0
401	143	4	0
405	143	5	0
406	143	1	0
407	143	4	0
416	143	5	0
426	143	3	0
429	143	3	0
436	143	2	0
437	143	5	0
450	143	5	0
452	143	3	0
453	143	2	0
454	143	4	0
456	143	3	0
457	143	5	0
458	143	4	0
465	143	4	0
468	143	5	0
472	143	4	0
474	143	4	0
478	143	5	0
479	143	1	0
484	143	4	0
487	143	3	0
494	143	5	0
495	143	1	0
496	143	3	0
499	143	3	0
500	143	3	0
504	143	4	0
524	143	3	0
527	143	2	0
532	143	4	0
533	143	4	0
536	143	5	0
537	143	1	0
538	143	3	0
541	143	4	0
551	143	4	0
561	143	1	0
562	143	5	0
566	143	3	0
573	143	2	0
577	143	3	0
588	143	5	0
593	143	4	0
601	143	3	0
605	143	1	0
610	143	5	0
618	143	4	0
621	143	2	0
622	143	4	0
632	143	5	0
633	143	4	0
642	143	5	0
643	143	4	0
648	143	4	0
650	143	5	0
653	143	3	0
654	143	5	0
655	143	4	0
659	143	5	0
665	143	4	0
666	143	2	0
679	143	2	0
680	143	4	0
682	143	3	0
693	143	4	0
694	143	4	0
698	143	3	0
705	143	3	0
711	143	5	0
712	143	5	0
715	143	3	0
716	143	5	0
731	143	5	0
734	143	5	0
748	143	3	0
749	143	4	0
751	143	5	0
756	143	5	0
757	143	3	0
758	143	5	0
763	143	3	0
764	143	5	0
778	143	1	0
786	143	4	0
790	143	3	0
795	143	3	0
796	143	5	0
798	143	5	0
804	143	3	0
805	143	3	0
806	143	5	0
807	143	4	0
815	143	5	0
823	143	4	0
835	143	5	0
838	143	5	0
840	143	4	0
843	143	2	0
846	143	5	0
849	143	5	0
862	143	5	0
864	143	4	0
881	143	5	0
882	143	4	0
885	143	4	0
887	143	5	0
892	143	2	0
896	143	4	0
897	143	5	0
907	143	5	0
911	143	5	0
912	143	5	0
913	143	5	0
916	143	3	0
918	143	4	0
921	143	5	0
922	143	4	0
927	143	3	0
930	143	2	0
1	153	3	0
5	153	5	0
6	153	4	0
7	153	5	0
10	153	4	0
13	153	4	0
18	153	4	0
19	153	4	0
22	153	5	0
23	153	4	0
24	153	4	0
28	153	3	0
31	153	4	0
38	153	5	0
41	153	4	0
43	153	5	0
44	153	4	0
56	153	4	0
58	153	5	0
60	153	3	0
62	153	4	0
64	153	3	0
71	153	4	0
73	153	3	0
77	153	5	0
85	153	3	0
87	153	5	0
90	153	5	0
92	153	4	0
94	153	5	0
95	153	5	0
96	153	4	0
97	153	5	0
102	153	2	0
114	153	3	0
125	153	2	0
144	153	5	0
151	153	3	0
152	153	4	0
160	153	3	0
177	153	4	0
178	153	4	0
180	153	1	0
184	153	3	0
188	153	5	0
193	153	4	0
194	153	3	0
196	153	5	0
198	153	4	0
207	153	5	0
210	153	5	0
216	153	4	0
218	153	4	0
222	153	4	0
230	153	5	0
234	153	3	0
235	153	4	0
236	153	2	0
237	153	3	0
244	153	4	0
248	153	3	0
250	153	2	0
253	153	3	0
262	153	3	0
263	153	3	0
264	153	5	0
267	153	5	0
268	153	5	0
269	153	3	0
276	153	4	0
279	153	5	0
280	153	5	0
286	153	5	0
290	153	3	0
291	153	4	0
292	153	4	0
293	153	4	0
295	153	5	0
296	153	4	0
297	153	5	0
298	153	3	0
299	153	3	0
301	153	3	0
303	153	5	0
305	153	3	0
307	153	5	0
308	153	5	0
312	153	2	0
313	153	3	0
321	153	4	0
326	153	4	0
327	153	4	0
328	153	2	0
330	153	5	0
333	153	4	0
334	153	4	0
336	153	5	0
339	153	4	0
342	153	4	0
343	153	5	0
346	153	3	0
350	153	3	0
354	153	3	0
363	153	3	0
370	153	2	0
373	153	5	0
374	153	5	0
378	153	4	0
379	153	4	0
385	153	4	0
387	153	4	0
389	153	3	0
393	153	3	0
398	153	4	0
399	153	2	0
401	153	2	0
406	153	3	0
407	153	4	0
409	153	4	0
416	153	4	0
417	153	5	0
429	153	4	0
435	153	3	0
437	153	5	0
442	153	3	0
447	153	4	0
450	153	5	0
452	153	4	0
454	153	3	0
468	153	5	0
469	153	4	0
478	153	3	0
479	153	4	0
481	153	5	0
484	153	5	0
488	153	2	0
492	153	4	0
495	153	5	0
497	153	4	0
499	153	4	0
503	153	2	0
504	153	3	0
508	153	3	0
514	153	4	0
521	153	4	0
523	153	4	0
527	153	5	0
532	153	4	0
535	153	4	0
536	153	4	0
538	153	4	0
539	153	5	0
543	153	3	0
551	153	3	0
553	153	5	0
559	153	3	0
561	153	3	0
562	153	4	0
563	153	4	0
566	153	2	0
579	153	4	0
586	153	2	0
593	153	5	0
601	153	4	0
605	153	4	0
606	153	3	0
610	153	5	0
615	153	4	0
622	153	4	0
623	153	3	0
629	153	5	0
630	153	3	0
638	153	3	0
639	153	3	0
642	153	3	0
643	153	4	0
648	153	4	0
650	153	4	0
653	153	2	0
654	153	4	0
655	153	2	0
659	153	4	0
660	153	4	0
664	153	4	0
666	153	4	0
679	153	2	0
682	153	3	0
690	153	5	0
694	153	4	0
698	153	2	0
707	153	3	0
716	153	4	0
721	153	4	0
727	153	4	0
731	153	3	0
738	153	4	0
747	153	4	0
748	153	4	0
749	153	4	0
751	153	4	0
757	153	3	0
758	153	5	0
763	153	4	0
773	153	5	0
777	153	1	0
788	153	3	0
790	153	3	0
795	153	3	0
796	153	5	0
804	153	4	0
805	153	4	0
806	153	4	0
815	153	4	0
823	153	4	0
829	153	4	0
833	153	3	0
838	153	4	0
840	153	3	0
843	153	3	0
847	153	4	0
848	153	5	0
850	153	4	0
851	153	3	0
854	153	4	0
860	153	4	0
864	153	5	0
868	153	2	0
878	153	5	0
883	153	5	0
885	153	2	0
886	153	3	0
888	153	4	0
889	153	5	0
890	153	3	0
892	153	5	0
896	153	4	0
899	153	5	0
911	153	5	0
916	153	3	0
918	153	1	0
922	153	4	0
924	153	4	0
930	153	2	0
932	153	4	0
933	153	3	0
934	153	5	0
940	153	2	0
1	191	5	0
6	191	4	0
7	191	5	0
10	191	5	0
11	191	4	0
12	191	5	0
13	191	3	0
14	191	4	0
16	191	5	0
18	191	4	0
23	191	3	0
24	191	5	0
41	191	4	0
43	191	5	0
44	191	4	0
48	191	5	0
52	191	5	0
56	191	4	0
58	191	5	0
59	191	4	0
62	191	5	0
64	191	4	0
65	191	4	0
70	191	3	0
72	191	5	0
77	191	3	0
82	191	4	0
83	191	4	0
85	191	4	0
90	191	5	0
92	191	4	0
94	191	5	0
95	191	5	0
97	191	5	0
106	191	5	0
109	191	4	0
114	191	3	0
116	191	4	0
122	191	5	0
125	191	5	0
128	191	4	0
144	191	4	0
148	191	1	0
151	191	3	0
152	191	5	0
154	191	4	0
161	191	2	0
180	191	4	0
182	191	4	0
184	191	4	0
187	191	5	0
188	191	3	0
189	191	5	0
194	191	4	0
198	191	4	0
200	191	5	0
201	191	4	0
202	191	2	0
204	191	4	0
207	191	4	0
212	191	3	0
214	191	4	0
215	191	4	0
222	191	2	0
224	191	4	0
226	191	4	0
232	191	4	0
233	191	4	0
234	191	4	0
235	191	4	0
236	191	4	0
237	191	4	0
243	191	5	0
244	191	5	0
249	191	4	0
250	191	5	0
262	191	4	0
268	191	4	0
269	191	5	0
271	191	5	0
275	191	4	0
279	191	3	0
285	191	4	0
286	191	4	0
290	191	3	0
295	191	5	0
296	191	5	0
297	191	3	0
299	191	4	0
301	191	3	0
303	191	5	0
305	191	3	0
308	191	4	0
311	191	4	0
312	191	5	0
313	191	5	0
316	191	5	0
318	191	5	0
321	191	3	0
325	191	3	0
327	191	4	0
334	191	4	0
339	191	5	0
342	191	5	0
343	191	5	0
344	191	5	0
345	191	5	0
354	191	4	0
360	191	4	0
373	191	4	0
378	191	5	0
379	191	5	0
381	191	5	0
385	191	2	0
387	191	4	0
389	191	5	0
391	191	3	0
392	191	5	0
393	191	3	0
398	191	4	0
401	191	4	0
405	191	4	0
406	191	5	0
407	191	5	0
409	191	5	0
416	191	5	0
417	191	5	0
419	191	4	0
425	191	3	0
426	191	4	0
429	191	5	0
435	191	4	0
437	191	4	0
450	191	5	0
452	191	5	0
454	191	4	0
455	191	5	0
456	191	3	0
457	191	5	0
458	191	5	0
465	191	4	0
468	191	4	0
472	191	5	0
474	191	5	0
480	191	4	0
481	191	5	0
487	191	4	0
488	191	3	0
493	191	4	0
494	191	4	0
495	191	3	0
496	191	5	0
498	191	4	0
499	191	5	0
505	191	3	0
506	191	4	0
508	191	5	0
512	191	4	0
514	191	5	0
516	191	4	0
521	191	4	0
524	191	4	0
527	191	5	0
530	191	5	0
532	191	5	0
533	191	4	0
536	191	4	0
537	191	4	0
538	191	5	0
542	191	5	0
543	191	4	0
553	191	4	0
554	191	5	0
559	191	5	0
561	191	3	0
562	191	5	0
566	191	4	0
567	191	3	0
568	191	4	0
571	191	4	0
577	191	4	0
591	191	5	0
592	191	5	0
601	191	4	0
605	191	5	0
606	191	5	0
615	191	5	0
618	191	4	0
625	191	3	0
627	191	4	0
629	191	3	0
630	191	3	0
632	191	5	0
639	191	3	0
642	191	4	0
645	191	5	0
648	191	5	0
650	191	4	0
653	191	5	0
655	191	4	0
659	191	5	0
660	191	4	0
661	191	4	0
664	191	3	0
665	191	3	0
666	191	4	0
669	191	3	0
670	191	4	0
682	191	3	0
686	191	5	0
693	191	2	0
694	191	5	0
698	191	2	0
699	191	3	0
704	191	3	0
705	191	1	0
707	191	5	0
711	191	5	0
712	191	3	0
716	191	5	0
721	191	3	0
723	191	3	0
727	191	4	0
734	191	4	0
738	191	4	0
749	191	4	0
758	191	5	0
763	191	4	0
764	191	3	0
766	191	4	0
773	191	4	0
776	191	5	0
781	191	4	0
786	191	4	0
790	191	3	0
795	191	4	0
796	191	4	0
798	191	4	0
799	191	3	0
804	191	4	0
805	191	4	0
815	191	5	0
823	191	5	0
833	191	4	0
835	191	4	0
838	191	5	0
840	191	4	0
843	191	3	0
846	191	5	0
847	191	4	0
848	191	5	0
854	191	4	0
864	191	4	0
867	191	5	0
868	191	3	0
870	191	3	0
874	191	4	0
878	191	4	0
880	191	5	0
881	191	5	0
882	191	5	0
886	191	5	0
888	191	5	0
889	191	4	0
892	191	5	0
896	191	4	0
902	191	5	0
903	191	5	0
911	191	5	0
913	191	5	0
919	191	5	0
922	191	3	0
928	191	5	0
932	191	4	0
934	191	5	0
940	191	4	0
1	196	5	0
7	196	5	0
11	196	5	0
12	196	5	0
13	196	4	0
18	196	3	0
23	196	2	0
28	196	4	0
41	196	3	0
42	196	5	0
43	196	4	0
44	196	4	0
56	196	2	0
59	196	5	0
62	196	4	0
64	196	4	0
65	196	5	0
72	196	4	0
73	196	4	0
75	196	4	0
83	196	5	0
85	196	4	0
87	196	5	0
90	196	4	0
92	196	4	0
94	196	4	0
95	196	4	0
96	196	4	0
99	196	4	0
106	196	5	0
109	196	4	0
110	196	4	0
119	196	5	0
128	196	5	0
130	196	5	0
144	196	4	0
151	196	4	0
174	196	5	0
177	196	3	0
178	196	4	0
180	196	5	0
184	196	4	0
185	196	4	0
187	196	4	0
189	196	5	0
194	196	3	0
198	196	3	0
200	196	4	0
201	196	4	0
207	196	4	0
214	196	4	0
215	196	4	0
216	196	5	0
222	196	5	0
224	196	4	0
230	196	5	0
232	196	5	0
233	196	5	0
234	196	3	0
235	196	3	0
236	196	1	0
243	196	4	0
244	196	5	0
246	196	3	0
248	196	2	0
250	196	4	0
254	196	4	0
263	196	4	0
269	196	1	0
271	196	4	0
275	196	3	0
276	196	4	0
286	196	4	0
288	196	5	0
290	196	4	0
293	196	4	0
295	196	5	0
297	196	4	0
298	196	4	0
301	196	4	0
305	196	4	0
307	196	3	0
308	196	3	0
311	196	5	0
314	196	3	0
318	196	3	0
322	196	4	0
326	196	4	0
327	196	4	0
334	196	4	0
338	196	2	0
339	196	4	0
340	196	4	0
342	196	3	0
343	196	4	0
344	196	4	0
345	196	5	0
346	196	3	0
354	196	3	0
363	196	4	0
369	196	5	0
373	196	5	0
374	196	1	0
378	196	4	0
379	196	4	0
380	196	4	0
381	196	5	0
387	196	2	0
389	196	3	0
393	196	4	0
395	196	4	0
398	196	4	0
399	196	5	0
401	196	5	0
405	196	1	0
406	196	2	0
407	196	4	0
411	196	4	0
416	196	5	0
417	196	5	0
426	196	4	0
429	196	4	0
435	196	4	0
437	196	4	0
450	196	5	0
452	196	4	0
453	196	4	0
454	196	2	0
455	196	4	0
456	196	4	0
457	196	5	0
472	196	4	0
474	196	5	0
478	196	3	0
479	196	4	0
487	196	5	0
488	196	3	0
493	196	4	0
495	196	3	0
496	196	3	0
500	196	4	0
504	196	4	0
506	196	4	0
508	196	3	0
514	196	5	0
530	196	5	0
533	196	4	0
535	196	4	0
537	196	3	0
538	196	4	0
541	196	4	0
542	196	4	0
545	196	4	0
551	196	5	0
559	196	5	0
561	196	4	0
566	196	4	0
577	196	5	0
591	196	4	0
592	196	5	0
593	196	5	0
601	196	3	0
606	196	4	0
608	196	5	0
618	196	4	0
622	196	3	0
627	196	5	0
629	196	4	0
632	196	3	0
639	196	3	0
647	196	4	0
650	196	4	0
653	196	2	0
654	196	5	0
655	196	3	0
659	196	4	0
660	196	4	0
661	196	3	0
664	196	4	0
665	196	4	0
666	196	3	0
667	196	5	0
669	196	3	0
679	196	4	0
682	196	5	0
693	196	2	0
694	196	5	0
705	196	4	0
711	196	5	0
712	196	4	0
715	196	4	0
716	196	5	0
721	196	5	0
727	196	4	0
731	196	5	0
737	196	3	0
738	196	4	0
741	196	5	0
746	196	4	0
747	196	2	0
748	196	3	0
749	196	4	0
751	196	4	0
757	196	4	0
758	196	4	0
763	196	4	0
766	196	3	0
773	196	4	0
774	196	3	0
776	196	3	0
777	196	5	0
778	196	2	0
786	196	4	0
790	196	3	0
796	196	5	0
798	196	3	0
802	196	3	0
804	196	4	0
805	196	2	0
806	196	5	0
815	196	4	0
823	196	5	0
835	196	5	0
840	196	4	0
843	196	2	0
846	196	4	0
847	196	3	0
848	196	5	0
850	196	3	0
862	196	5	0
864	196	4	0
867	196	3	0
870	196	3	0
881	196	3	0
882	196	4	0
885	196	3	0
886	196	3	0
889	196	5	0
892	196	4	0
896	196	3	0
897	196	3	0
901	196	4	0
903	196	4	0
916	196	4	0
918	196	3	0
921	196	5	0
924	196	4	0
932	196	4	0
933	196	4	0
934	196	5	0
943	196	5	0
1	215	3	0
7	215	4	0
11	215	3	0
12	215	4	0
13	215	5	0
18	215	3	0
23	215	2	0
42	215	5	0
43	215	5	0
48	215	4	0
56	215	5	0
59	215	5	0
60	215	4	0
62	215	3	0
64	215	5	0
65	215	5	0
72	215	4	0
77	215	2	0
80	215	5	0
83	215	4	0
85	215	4	0
90	215	2	0
92	215	4	0
94	215	4	0
95	215	4	0
109	215	3	0
110	215	3	0
122	215	4	0
128	215	3	0
130	215	5	0
144	215	4	0
151	215	3	0
152	215	5	0
161	215	2	0
174	215	5	0
175	215	5	0
178	215	5	0
184	215	4	0
187	215	3	0
194	215	3	0
198	215	4	0
200	215	4	0
201	215	2	0
211	215	5	0
215	215	3	0
216	215	5	0
219	215	5	0
221	215	4	0
222	215	4	0
224	215	4	0
225	215	5	0
232	215	3	0
233	215	5	0
234	215	3	0
243	215	3	0
244	215	4	0
246	215	2	0
263	215	4	0
271	215	4	0
276	215	4	0
280	215	3	0
286	215	3	0
291	215	4	0
293	215	4	0
295	215	5	0
297	215	2	0
298	215	5	0
301	215	5	0
303	215	5	0
305	215	2	0
307	215	4	0
308	215	3	0
311	215	4	0
313	215	4	0
314	215	4	0
318	215	2	0
321	215	3	0
323	215	5	0
327	215	4	0
328	215	3	0
330	215	5	0
331	215	3	0
338	215	3	0
340	215	5	0
343	215	5	0
344	215	3	0
345	215	4	0
346	215	3	0
347	215	4	0
363	215	3	0
373	215	4	0
378	215	4	0
380	215	3	0
385	215	2	0
387	215	2	0
391	215	4	0
393	215	4	0
395	215	5	0
399	215	2	0
405	215	5	0
406	215	3	0
407	215	3	0
416	215	5	0
435	215	2	0
436	215	4	0
437	215	3	0
450	215	5	0
453	215	3	0
454	215	4	0
457	215	4	0
469	215	4	0
472	215	4	0
474	215	5	0
479	215	3	0
487	215	4	0
488	215	5	0
499	215	4	0
500	215	1	0
504	215	4	0
506	215	5	0
508	215	3	0
514	215	4	0
521	215	1	0
524	215	2	0
532	215	5	0
533	215	4	0
535	215	4	0
536	215	4	0
537	215	3	0
538	215	5	0
539	215	4	0
541	215	4	0
545	215	3	0
551	215	4	0
554	215	5	0
561	215	3	0
566	215	3	0
575	215	3	0
577	215	5	0
586	215	4	0
588	215	5	0
592	215	5	0
605	215	3	0
606	215	4	0
608	215	3	0
615	215	4	0
618	215	4	0
622	215	3	0
627	215	1	0
632	215	4	0
639	215	1	0
643	215	3	0
648	215	2	0
650	215	2	0
653	215	2	0
654	215	4	0
655	215	2	0
659	215	4	0
660	215	3	0
661	215	3	0
664	215	4	0
665	215	2	0
679	215	3	0
682	215	4	0
684	215	5	0
693	215	4	0
694	215	3	0
705	215	2	0
709	215	3	0
711	215	3	0
712	215	3	0
716	215	5	0
719	215	4	0
721	215	4	0
731	215	5	0
741	215	4	0
745	215	3	0
747	215	5	0
749	215	4	0
751	215	4	0
753	215	5	0
766	215	3	0
774	215	3	0
781	215	3	0
788	215	3	0
790	215	2	0
796	215	5	0
804	215	5	0
815	215	5	0
823	215	4	0
835	215	4	0
840	215	4	0
843	215	2	0
846	215	5	0
848	215	5	0
862	215	4	0
864	215	4	0
878	215	2	0
881	215	3	0
882	215	5	0
890	215	4	0
892	215	4	0
896	215	5	0
897	215	4	0
911	215	3	0
916	215	3	0
921	215	4	0
922	215	3	0
933	215	3	0
940	215	2	0
942	215	5	0
943	215	5	0
1	216	5	0
5	216	1	0
6	216	5	0
7	216	4	0
10	216	4	0
11	216	3	0
12	216	5	0
13	216	3	0
16	216	5	0
18	216	4	0
22	216	4	0
23	216	4	0
24	216	4	0
38	216	5	0
41	216	3	0
42	216	5	0
43	216	5	0
44	216	1	0
56	216	4	0
58	216	3	0
59	216	4	0
60	216	4	0
62	216	4	0
64	216	4	0
65	216	4	0
76	216	4	0
82	216	4	0
83	216	4	0
85	216	3	0
87	216	5	0
89	216	5	0
90	216	5	0
92	216	3	0
94	216	3	0
95	216	5	0
96	216	4	0
106	216	5	0
109	216	3	0
125	216	3	0
128	216	5	0
130	216	4	0
144	216	4	0
145	216	5	0
151	216	4	0
153	216	2	0
158	216	3	0
163	216	3	0
165	216	4	0
167	216	4	0
174	216	5	0
177	216	4	0
178	216	4	0
180	216	5	0
183	216	4	0
184	216	4	0
185	216	4	0
187	216	5	0
188	216	5	0
189	216	5	0
194	216	3	0
198	216	4	0
201	216	4	0
204	216	4	0
207	216	5	0
208	216	5	0
210	216	4	0
214	216	4	0
215	216	4	0
216	216	4	0
222	216	4	0
223	216	5	0
230	216	4	0
233	216	5	0
234	216	3	0
236	216	5	0
244	216	4	0
246	216	3	0
249	216	4	0
253	216	4	0
256	216	5	0
262	216	3	0
264	216	5	0
267	216	4	0
269	216	1	0
271	216	5	0
279	216	3	0
280	216	5	0
283	216	4	0
285	216	3	0
286	216	4	0
288	216	4	0
290	216	4	0
293	216	4	0
295	216	5	0
297	216	4	0
299	216	5	0
301	216	4	0
303	216	5	0
305	216	5	0
308	216	3	0
311	216	5	0
313	216	4	0
314	216	3	0
315	216	4	0
318	216	4	0
321	216	4	0
322	216	3	0
326	216	2	0
327	216	3	0
328	216	3	0
330	216	5	0
334	216	3	0
336	216	5	0
338	216	4	0
339	216	3	0
342	216	5	0
344	216	4	0
345	216	5	0
346	216	3	0
347	216	3	0
352	216	4	0
354	216	3	0
361	216	5	0
363	216	3	0
373	216	4	0
374	216	5	0
378	216	4	0
379	216	4	0
381	216	5	0
385	216	2	0
389	216	2	0
394	216	3	0
395	216	3	0
398	216	5	0
401	216	4	0
405	216	2	0
406	216	3	0
407	216	4	0
409	216	4	0
416	216	5	0
417	216	3	0
429	216	4	0
435	216	3	0
436	216	4	0
437	216	5	0
450	216	5	0
452	216	3	0
456	216	4	0
457	216	5	0
459	216	3	0
465	216	3	0
468	216	5	0
472	216	4	0
474	216	4	0
476	216	4	0
478	216	5	0
479	216	3	0
481	216	5	0
484	216	4	0
487	216	4	0
488	216	2	0
495	216	4	0
497	216	3	0
500	216	4	0
503	216	5	0
504	216	4	0
506	216	4	0
508	216	5	0
514	216	5	0
521	216	2	0
524	216	5	0
532	216	5	0
533	216	4	0
537	216	3	0
538	216	4	0
543	216	4	0
551	216	5	0
554	216	3	0
559	216	5	0
561	216	3	0
573	216	4	0
577	216	4	0
579	216	5	0
588	216	5	0
591	216	4	0
592	216	4	0
593	216	5	0
603	216	4	0
606	216	5	0
608	216	5	0
610	216	4	0
615	216	4	0
618	216	3	0
623	216	4	0
625	216	4	0
630	216	5	0
639	216	3	0
642	216	3	0
643	216	4	0
645	216	4	0
648	216	4	0
650	216	4	0
653	216	3	0
654	216	4	0
655	216	4	0
659	216	4	0
660	216	2	0
661	216	5	0
665	216	4	0
666	216	3	0
667	216	4	0
669	216	3	0
682	216	4	0
684	216	3	0
690	216	4	0
693	216	4	0
694	216	4	0
707	216	3	0
711	216	4	0
715	216	4	0
716	216	5	0
719	216	4	0
721	216	5	0
731	216	5	0
738	216	3	0
739	216	4	0
741	216	4	0
747	216	2	0
748	216	4	0
749	216	4	0
751	216	4	0
758	216	4	0
760	216	2	0
764	216	4	0
766	216	3	0
771	216	5	0
773	216	4	0
777	216	4	0
778	216	3	0
780	216	4	0
786	216	4	0
790	216	5	0
796	216	5	0
804	216	4	0
805	216	2	0
806	216	4	0
815	216	3	0
823	216	5	0
835	216	4	0
836	216	4	0
840	216	4	0
843	216	2	0
844	216	5	0
846	216	4	0
847	216	3	0
848	216	5	0
854	216	3	0
860	216	4	0
862	216	5	0
864	216	4	0
867	216	3	0
868	216	2	0
870	216	4	0
871	216	3	0
877	216	4	0
878	216	4	0
881	216	4	0
882	216	4	0
883	216	4	0
885	216	3	0
886	216	5	0
889	216	4	0
892	216	5	0
896	216	5	0
899	216	5	0
901	216	4	0
904	216	4	0
908	216	3	0
911	216	4	0
913	216	4	0
914	216	3	0
916	216	4	0
918	216	2	0
922	216	3	0
924	216	4	0
933	216	3	0
934	216	1	0
940	216	4	0
942	216	4	0
943	216	4	0
2	275	5	0
6	275	4	0
7	275	4	0
10	275	4	0
13	275	3	0
14	275	4	0
15	275	4	0
18	275	5	0
23	275	5	0
24	275	5	0
25	275	4	0
43	275	4	0
52	275	4	0
58	275	5	0
60	275	4	0
62	275	4	0
64	275	4	0
68	275	5	0
79	275	4	0
81	275	4	0
82	275	2	0
85	275	3	0
89	275	5	0
90	275	5	0
93	275	4	0
95	275	3	0
99	275	1	0
106	275	4	0
108	275	5	0
116	275	2	0
119	275	5	0
121	275	4	0
123	275	4	0
125	275	5	0
128	275	5	0
131	275	2	0
132	275	3	0
136	275	4	0
145	275	2	0
151	275	5	0
152	275	4	0
158	275	5	0
168	275	3	0
178	275	5	0
181	275	3	0
184	275	5	0
185	275	4	0
187	275	5	0
189	275	5	0
201	275	4	0
211	275	2	0
214	275	3	0
226	275	3	0
228	275	3	0
232	275	2	0
233	275	5	0
235	275	5	0
236	275	3	0
242	275	5	0
243	275	3	0
249	275	4	0
251	275	4	0
252	275	5	0
257	275	4	0
262	275	4	0
264	275	5	0
266	275	5	0
270	275	5	0
271	275	4	0
274	275	5	0
279	275	3	0
286	275	4	0
293	275	3	0
296	275	4	0
297	275	5	0
298	275	3	0
299	275	4	0
304	275	4	0
305	275	2	0
306	275	4	0
308	275	4	0
310	275	5	0
311	275	4	0
312	275	5	0
316	275	5	0
318	275	4	0
321	275	4	0
324	275	4	0
327	275	4	0
328	275	4	0
330	275	5	0
334	275	4	0
336	275	4	0
338	275	5	0
343	275	5	0
344	275	4	0
354	275	4	0
357	275	5	0
360	275	4	0
361	275	4	0
365	275	4	0
373	275	5	0
376	275	5	0
378	275	5	0
389	275	5	0
390	275	5	0
393	275	4	0
401	275	4	0
402	275	5	0
406	275	3	0
409	275	4	0
413	275	5	0
416	275	5	0
419	275	5	0
420	275	5	0
422	275	5	0
424	275	5	0
429	275	4	0
434	275	3	0
437	275	5	0
444	275	4	0
450	275	4	0
452	275	4	0
454	275	2	0
455	275	4	0
457	275	5	0
458	275	5	0
459	275	4	0
460	275	3	0
463	275	5	0
465	275	4	0
468	275	4	0
473	275	5	0
474	275	3	0
477	275	5	0
483	275	4	0
484	275	3	0
486	275	4	0
492	275	2	0
493	275	1	0
498	275	3	0
499	275	3	0
500	275	1	0
503	275	5	0
514	275	5	0
517	275	5	0
524	275	3	0
527	275	3	0
530	275	5	0
533	275	4	0
535	275	4	0
536	275	5	0
537	275	4	0
538	275	4	0
539	275	4	0
548	275	3	0
550	275	4	0
553	275	5	0
554	275	4	0
558	275	4	0
560	275	4	0
573	275	4	0
576	275	3	0
581	275	3	0
585	275	4	0
588	275	3	0
590	275	4	0
591	275	4	0
593	275	3	0
595	275	4	0
597	275	4	0
605	275	4	0
607	275	4	0
608	275	5	0
610	275	4	0
612	275	5	0
615	275	4	0
618	275	3	0
623	275	5	0
624	275	4	0
629	275	5	0
632	275	3	0
634	275	3	0
636	275	3	0
637	275	3	0
639	275	4	0
648	275	5	0
649	275	2	0
652	275	4	0
654	275	5	0
655	275	4	0
662	275	4	0
667	275	4	0
672	275	5	0
678	275	2	0
694	275	4	0
698	275	4	0
699	275	3	0
701	275	5	0
703	275	4	0
705	275	5	0
707	275	4	0
711	275	5	0
716	275	5	0
727	275	3	0
733	275	3	0
734	275	4	0
735	275	4	0
741	275	4	0
745	275	1	0
756	275	3	0
759	275	4	0
761	275	4	0
763	275	5	0
764	275	4	0
765	275	4	0
768	275	4	0
770	275	5	0
771	275	5	0
779	275	4	0
780	275	4	0
786	275	4	0
790	275	4	0
791	275	5	0
794	275	4	0
796	275	4	0
798	275	4	0
800	275	4	0
821	275	5	0
825	275	3	0
828	275	3	0
829	275	4	0
834	275	3	0
837	275	4	0
838	275	5	0
843	275	3	0
854	275	4	0
857	275	5	0
859	275	3	0
861	275	5	0
864	275	4	0
869	275	4	0
871	275	3	0
874	275	4	0
877	275	4	0
878	275	4	0
882	275	5	0
883	275	4	0
884	275	4	0
894	275	4	0
895	275	5	0
896	275	4	0
899	275	4	0
901	275	3	0
902	275	4	0
904	275	5	0
907	275	5	0
909	275	5	0
918	275	4	0
919	275	5	0
921	275	1	0
924	275	4	0
930	275	4	0
931	275	5	0
936	275	4	0
937	275	4	0
938	275	4	0
939	275	4	0
5	367	3	0
6	367	2	0
7	367	5	0
10	367	4	0
11	367	3	0
13	367	3	0
16	367	3	0
18	367	4	0
22	367	1	0
23	367	4	0
24	367	2	0
42	367	2	0
43	367	4	0
49	367	3	0
58	367	5	0
59	367	4	0
64	367	4	0
82	367	4	0
87	367	4	0
90	367	4	0
92	367	3	0
94	367	4	0
99	367	4	0
109	367	3	0
110	367	3	0
125	367	4	0
128	367	4	0
130	367	4	0
152	367	3	0
158	367	4	0
178	367	4	0
180	367	1	0
194	367	3	0
198	367	3	0
207	367	3	0
208	367	2	0
216	367	3	0
222	367	2	0
234	367	4	0
243	367	3	0
244	367	1	0
250	367	4	0
262	367	4	0
264	367	4	0
267	367	4	0
269	367	3	0
276	367	3	0
279	367	3	0
280	367	5	0
286	367	5	0
291	367	4	0
293	367	2	0
297	367	2	0
299	367	4	0
301	367	4	0
303	367	4	0
308	367	4	0
311	367	3	0
314	367	4	0
326	367	3	0
327	367	4	0
332	367	4	0
336	367	3	0
342	367	5	0
343	367	4	0
344	367	5	0
345	367	4	0
361	367	3	0
373	367	3	0
378	367	3	0
385	367	4	0
387	367	3	0
389	367	4	0
393	367	3	0
398	367	3	0
405	367	1	0
406	367	4	0
409	367	3	0
416	367	5	0
417	367	2	0
429	367	3	0
435	367	3	0
436	367	4	0
442	367	2	0
447	367	3	0
450	367	3	0
453	367	2	0
454	367	4	0
456	367	3	0
457	367	4	0
468	367	4	0
472	367	5	0
476	367	3	0
478	367	4	0
481	367	3	0
487	367	3	0
497	367	4	0
500	367	3	0
506	367	3	0
514	367	5	0
524	367	5	0
532	367	5	0
533	367	2	0
539	367	3	0
542	367	4	0
543	367	4	0
553	367	4	0
561	367	3	0
563	367	4	0
588	367	5	0
591	367	3	0
592	367	4	0
618	367	3	0
621	367	3	0
622	367	4	0
632	367	2	0
642	367	5	0
643	367	4	0
645	367	3	0
648	367	3	0
650	367	2	0
653	367	3	0
654	367	4	0
655	367	3	0
659	367	3	0
664	367	3	0
668	367	5	0
682	367	3	0
707	367	4	0
712	367	4	0
715	367	3	0
716	367	4	0
727	367	3	0
738	367	3	0
741	367	2	0
747	367	3	0
751	367	4	0
756	367	4	0
763	367	3	0
766	367	2	0
773	367	2	0
774	367	2	0
778	367	5	0
790	367	4	0
795	367	3	0
796	367	5	0
798	367	3	0
804	367	3	0
805	367	4	0
833	367	3	0
840	367	4	0
846	367	4	0
847	367	3	0
851	367	2	0
864	367	5	0
868	367	2	0
870	367	4	0
880	367	4	0
883	367	5	0
886	367	4	0
892	367	4	0
896	367	4	0
899	367	4	0
916	367	3	0
919	367	4	0
921	367	4	0
922	367	3	0
927	367	5	0
933	367	4	0
943	367	4	0
5	402	1	0
7	402	5	0
9	402	4	0
11	402	4	0
12	402	5	0
13	402	4	0
18	402	3	0
24	402	4	0
38	402	5	0
42	402	5	0
43	402	4	0
56	402	5	0
59	402	4	0
62	402	3	0
65	402	4	0
72	402	4	0
89	402	4	0
90	402	5	0
92	402	3	0
94	402	4	0
95	402	3	0
99	402	4	0
109	402	4	0
110	402	4	0
128	402	1	0
151	402	3	0
152	402	5	0
174	402	5	0
184	402	3	0
193	402	3	0
194	402	3	0
198	402	3	0
200	402	4	0
201	402	2	0
208	402	4	0
210	402	5	0
216	402	2	0
221	402	2	0
222	402	4	0
224	402	5	0
230	402	5	0
246	402	3	0
256	402	4	0
262	402	4	0
268	402	1	0
269	402	2	0
270	402	5	0
271	402	4	0
276	402	3	0
280	402	4	0
286	402	3	0
290	402	4	0
291	402	4	0
293	402	2	0
295	402	5	0
298	402	3	0
299	402	3	0
301	402	2	0
303	402	4	0
307	402	2	0
308	402	4	0
311	402	4	0
313	402	3	0
314	402	4	0
325	402	2	0
328	402	3	0
339	402	3	0
340	402	4	0
345	402	4	0
361	402	3	0
363	402	2	0
373	402	4	0
378	402	4	0
379	402	3	0
389	402	3	0
393	402	3	0
394	402	4	0
399	402	3	0
405	402	3	0
407	402	2	0
416	402	5	0
417	402	4	0
435	402	3	0
437	402	2	0
450	402	4	0
453	402	3	0
454	402	3	0
455	402	4	0
456	402	2	0
457	402	4	0
472	402	5	0
487	402	4	0
495	402	3	0
497	402	4	0
500	402	3	0
503	402	3	0
504	402	4	0
505	402	5	0
506	402	4	0
514	402	4	0
521	402	3	0
524	402	2	0
528	402	4	0
532	402	5	0
533	402	4	0
536	402	4	0
537	402	1	0
541	402	3	0
551	402	4	0
562	402	5	0
577	402	4	0
588	402	5	0
593	402	4	0
610	402	5	0
622	402	3	0
627	402	3	0
632	402	3	0
642	402	4	0
647	402	4	0
650	402	3	0
653	402	1	0
655	402	2	0
659	402	3	0
660	402	3	0
684	402	3	0
690	402	3	0
693	402	3	0
709	402	3	0
711	402	4	0
712	402	4	0
719	402	4	0
721	402	4	0
727	402	3	0
748	402	2	0
749	402	4	0
751	402	3	0
756	402	4	0
761	402	3	0
766	402	3	0
774	402	2	0
788	402	3	0
790	402	2	0
795	402	2	0
796	402	5	0
798	402	3	0
804	402	3	0
805	402	2	0
807	402	5	0
815	402	5	0
830	402	4	0
843	402	2	0
864	402	3	0
868	402	1	0
871	402	3	0
877	402	3	0
878	402	4	0
880	402	3	0
885	402	3	0
889	402	3	0
896	402	4	0
897	402	5	0
901	402	4	0
904	402	4	0
907	402	5	0
914	402	5	0
916	402	3	0
922	402	3	0
924	402	3	0
927	402	4	0
943	402	2	0
5	451	1	0
7	451	5	0
11	451	2	0
13	451	1	0
18	451	3	0
22	451	4	0
23	451	2	0
38	451	5	0
42	451	2	0
56	451	3	0
59	451	5	0
62	451	3	0
64	451	2	0
70	451	4	0
85	451	4	0
87	451	4	0
89	451	3	0
92	451	3	0
94	451	4	0
95	451	3	0
109	451	5	0
110	451	4	0
119	451	5	0
125	451	4	0
128	451	4	0
151	451	5	0
152	451	5	0
159	451	5	0
174	451	5	0
184	451	4	0
194	451	2	0
195	451	5	0
200	451	4	0
210	451	3	0
215	451	3	0
222	451	3	0
230	451	4	0
234	451	3	0
244	451	4	0
246	451	2	0
254	451	2	0
256	451	4	0
262	451	4	0
264	451	4	0
269	451	1	0
271	451	3	0
275	451	3	0
276	451	3	0
279	451	1	0
280	451	5	0
286	451	5	0
293	451	3	0
295	451	4	0
301	451	4	0
303	451	5	0
305	451	3	0
311	451	3	0
318	451	4	0
326	451	2	0
327	451	4	0
328	451	4	0
330	451	5	0
332	451	5	0
336	451	2	0
339	451	3	0
344	451	4	0
345	451	5	0
354	451	3	0
361	451	3	0
363	451	2	0
373	451	5	0
378	451	4	0
379	451	4	0
385	451	1	0
389	451	2	0
393	451	3	0
399	451	3	0
401	451	2	0
405	451	5	0
406	451	2	0
411	451	4	0
416	451	5	0
417	451	4	0
435	451	4	0
437	451	5	0
450	451	4	0
453	451	2	0
454	451	4	0
457	451	4	0
476	451	3	0
477	451	5	0
478	451	5	0
484	451	4	0
495	451	4	0
497	451	2	0
503	451	4	0
504	451	1	0
508	451	3	0
523	451	5	0
524	451	3	0
532	451	4	0
533	451	2	0
542	451	3	0
545	451	3	0
551	451	1	0
561	451	2	0
586	451	4	0
588	451	5	0
591	451	3	0
593	451	3	0
606	451	3	0
621	451	1	0
622	451	4	0
623	451	4	0
632	451	4	0
639	451	4	0
642	451	5	0
643	451	2	0
650	451	2	0
653	451	2	0
655	451	3	0
659	451	5	0
671	451	4	0
682	451	3	0
686	451	4	0
690	451	4	0
694	451	4	0
709	451	1	0
711	451	5	0
712	451	5	0
716	451	4	0
727	451	5	0
741	451	3	0
748	451	1	0
760	451	5	0
766	451	2	0
774	451	1	0
778	451	1	0
786	451	2	0
788	451	4	0
790	451	3	0
796	451	5	0
798	451	2	0
804	451	2	0
805	451	5	0
807	451	5	0
815	451	3	0
830	451	4	0
833	451	1	0
846	451	4	0
848	451	4	0
864	451	4	0
868	451	2	0
877	451	4	0
878	451	2	0
880	451	2	0
881	451	1	0
885	451	2	0
886	451	3	0
889	451	3	0
890	451	2	0
897	451	4	0
901	451	4	0
904	451	4	0
911	451	2	0
914	451	2	0
916	451	3	0
922	451	4	0
933	451	1	0
934	451	4	0
7	582	5	0
10	582	4	0
18	582	5	0
24	582	4	0
42	582	3	0
59	582	4	0
60	582	4	0
62	582	4	0
64	582	4	0
65	582	3	0
72	582	4	0
76	582	3	0
79	582	5	0
80	582	3	0
82	582	4	0
85	582	4	0
92	582	5	0
106	582	4	0
116	582	3	0
121	582	2	0
122	582	5	0
151	582	5	0
161	582	1	0
172	582	4	0
174	582	4	0
184	582	4	0
187	582	1	0
189	582	5	0
194	582	1	0
195	582	4	0
200	582	4	0
201	582	5	0
213	582	4	0
214	582	3	0
224	582	4	0
230	582	4	0
232	582	5	0
234	582	4	0
243	582	5	0
250	582	4	0
257	582	5	0
262	582	4	0
268	582	5	0
269	582	4	0
270	582	3	0
271	582	3	0
276	582	3	0
291	582	4	0
293	582	4	0
295	582	5	0
297	582	4	0
299	582	2	0
301	582	2	0
303	582	4	0
305	582	4	0
308	582	3	0
313	582	2	0
316	582	5	0
327	582	4	0
328	582	5	0
334	582	5	0
338	582	5	0
339	582	4	0
343	582	3	0
345	582	5	0
346	582	3	0
354	582	4	0
358	582	5	0
360	582	4	0
363	582	2	0
378	582	5	0
380	582	4	0
381	582	5	0
387	582	3	0
398	582	2	0
399	582	3	0
401	582	4	0
405	582	3	0
406	582	4	0
417	582	3	0
429	582	3	0
437	582	5	0
440	582	3	0
447	582	4	0
450	582	4	0
455	582	2	0
456	582	5	0
457	582	5	0
458	582	1	0
468	582	3	0
469	582	5	0
474	582	5	0
483	582	3	0
495	582	4	0
500	582	4	0
503	582	5	0
506	582	3	0
514	582	4	0
516	582	5	0
523	582	4	0
524	582	3	0
527	582	2	0
530	582	4	0
533	582	3	0
536	582	2	0
537	582	3	0
543	582	3	0
551	582	5	0
554	582	3	0
561	582	4	0
562	582	4	0
566	582	5	0
567	582	3	0
577	582	4	0
579	582	4	0
585	582	3	0
605	582	4	0
610	582	4	0
615	582	3	0
617	582	4	0
618	582	4	0
627	582	3	0
639	582	3	0
655	582	2	0
664	582	1	0
666	582	4	0
682	582	1	0
693	582	2	0
694	582	4	0
707	582	5	0
711	582	5	0
719	582	3	0
721	582	3	0
734	582	2	0
741	582	3	0
747	582	5	0
758	582	3	0
778	582	1	0
788	582	4	0
790	582	3	0
804	582	3	0
805	582	3	0
815	582	1	0
828	582	3	0
829	582	4	0
840	582	5	0
843	582	2	0
848	582	4	0
855	582	3	0
861	582	2	0
870	582	5	0
875	582	5	0
877	582	2	0
878	582	4	0
881	582	1	0
882	582	5	0
883	582	3	0
884	582	5	0
885	582	2	0
886	582	1	0
892	582	3	0
894	582	4	0
896	582	2	0
903	582	3	0
909	582	5	0
916	582	4	0
918	582	4	0
919	582	5	0
7	655	5	0
10	655	5	0
13	655	5	0
14	655	5	0
16	655	5	0
19	655	3	0
23	655	3	0
24	655	5	0
25	655	4	0
42	655	3	0
44	655	3	0
51	655	3	0
56	655	4	0
58	655	5	0
59	655	5	0
62	655	3	0
64	655	4	0
65	655	4	0
70	655	4	0
72	655	5	0
85	655	3	0
92	655	4	0
94	655	4	0
95	655	4	0
97	655	5	0
98	655	3	0
102	655	3	0
109	655	3	0
114	655	3	0
116	655	4	0
118	655	5	0
119	655	5	0
128	655	3	0
144	655	5	0
151	655	4	0
156	655	3	0
167	655	4	0
174	655	5	0
178	655	4	0
180	655	5	0
184	655	3	0
194	655	5	0
196	655	5	0
198	655	4	0
201	655	4	0
207	655	4	0
210	655	5	0
213	655	4	0
216	655	5	0
222	655	4	0
224	655	4	0
228	655	4	0
232	655	4	0
234	655	3	0
235	655	4	0
236	655	3	0
243	655	4	0
244	655	5	0
253	655	4	0
254	655	4	0
262	655	4	0
264	655	4	0
267	655	4	0
268	655	4	0
269	655	4	0
276	655	4	0
280	655	3	0
286	655	3	0
291	655	4	0
293	655	3	0
295	655	5	0
299	655	3	0
301	655	1	0
303	655	5	0
305	655	4	0
307	655	4	0
308	655	4	0
311	655	4	0
313	655	4	0
314	655	4	0
318	655	4	0
322	655	5	0
325	655	4	0
326	655	5	0
327	655	4	0
328	655	4	0
329	655	4	0
332	655	5	0
334	655	4	0
336	655	3	0
339	655	4	0
342	655	4	0
343	655	5	0
345	655	4	0
347	655	5	0
354	655	3	0
361	655	3	0
371	655	4	0
373	655	5	0
378	655	4	0
379	655	5	0
387	655	3	0
393	655	3	0
394	655	5	0
398	655	4	0
399	655	3	0
401	655	3	0
405	655	5	0
406	655	3	0
407	655	4	0
411	655	4	0
416	655	5	0
417	655	4	0
426	655	4	0
429	655	3	0
435	655	2	0
436	655	5	0
437	655	4	0
450	655	4	0
453	655	3	0
454	655	3	0
456	655	3	0
457	655	5	0
462	655	5	0
468	655	5	0
472	655	5	0
474	655	5	0
476	655	4	0
478	655	3	0
479	655	4	0
484	655	5	0
488	655	3	0
495	655	5	0
497	655	4	0
504	655	4	0
506	655	4	0
508	655	4	0
514	655	4	0
521	655	4	0
527	655	3	0
532	655	5	0
535	655	4	0
537	655	3	0
538	655	3	0
541	655	4	0
542	655	4	0
551	655	5	0
553	655	4	0
561	655	3	0
577	655	4	0
579	655	3	0
583	655	5	0
586	655	4	0
588	655	3	0
591	655	4	0
592	655	5	0
593	655	3	0
606	655	4	0
608	655	5	0
618	655	4	0
625	655	3	0
627	655	4	0
629	655	5	0
632	655	3	0
639	655	3	0
643	655	4	0
655	655	3	0
659	655	4	0
663	655	4	0
664	655	3	0
666	655	4	0
682	655	5	0
690	655	4	0
693	655	3	0
704	655	3	0
705	655	3	0
711	655	4	0
712	655	5	0
715	655	4	0
716	655	4	0
719	655	4	0
721	655	2	0
731	655	5	0
738	655	3	0
747	655	3	0
748	655	3	0
749	655	5	0
751	655	3	0
773	655	3	0
774	655	1	0
786	655	4	0
788	655	3	0
795	655	3	0
796	655	3	0
804	655	4	0
805	655	3	0
806	655	3	0
815	655	3	0
823	655	5	0
833	655	2	0
840	655	5	0
843	655	3	0
846	655	3	0
848	655	4	0
862	655	5	0
864	655	4	0
867	655	4	0
868	655	4	0
870	655	4	0
878	655	3	0
880	655	4	0
881	655	4	0
885	655	3	0
886	655	4	0
887	655	1	0
889	655	4	0
890	655	3	0
896	655	4	0
899	655	4	0
903	655	5	0
911	655	5	0
912	655	5	0
913	655	4	0
916	655	3	0
922	655	2	0
940	655	4	0
943	655	4	0
7	660	5	0
11	660	3	0
18	660	5	0
42	660	3	0
43	660	4	0
44	660	5	0
59	660	4	0
60	660	4	0
62	660	4	0
65	660	5	0
73	660	4	0
82	660	5	0
83	660	4	0
85	660	4	0
90	660	4	0
92	660	4	0
95	660	5	0
106	660	4	0
122	660	3	0
128	660	2	0
151	660	4	0
152	660	5	0
174	660	5	0
175	660	3	0
180	660	5	0
184	660	3	0
187	660	5	0
194	660	3	0
198	660	4	0
200	660	3	0
201	660	3	0
207	660	4	0
224	660	4	0
233	660	5	0
234	660	4	0
243	660	4	0
244	660	4	0
262	660	4	0
269	660	1	0
271	660	5	0
279	660	4	0
280	660	5	0
293	660	2	0
295	660	5	0
298	660	3	0
301	660	4	0
305	660	4	0
307	660	3	0
308	660	3	0
311	660	4	0
312	660	4	0
318	660	3	0
330	660	5	0
332	660	3	0
339	660	4	0
343	660	3	0
344	660	3	0
345	660	5	0
346	660	2	0
347	660	2	0
354	660	3	0
363	660	4	0
373	660	4	0
378	660	4	0
381	660	2	0
383	660	4	0
399	660	3	0
405	660	2	0
406	660	3	0
407	660	3	0
416	660	5	0
436	660	4	0
437	660	4	0
450	660	4	0
452	660	4	0
454	660	3	0
455	660	4	0
456	660	5	0
457	660	5	0
472	660	5	0
474	660	5	0
495	660	3	0
496	660	3	0
500	660	2	0
504	660	4	0
505	660	3	0
506	660	3	0
516	660	5	0
524	660	5	0
530	660	3	0
532	660	4	0
533	660	5	0
537	660	3	0
539	660	5	0
541	660	5	0
543	660	3	0
551	660	3	0
559	660	1	0
561	660	3	0
566	660	4	0
577	660	3	0
588	660	4	0
593	660	5	0
601	660	3	0
606	660	5	0
608	660	5	0
615	660	4	0
618	660	3	0
627	660	4	0
629	660	5	0
639	660	2	0
642	660	3	0
645	660	3	0
654	660	5	0
655	660	2	0
659	660	3	0
664	660	3	0
665	660	4	0
666	660	4	0
667	660	4	0
682	660	2	0
693	660	3	0
694	660	3	0
707	660	5	0
711	660	5	0
712	660	4	0
716	660	4	0
719	660	5	0
721	660	5	0
741	660	3	0
751	660	4	0
780	660	3	0
790	660	3	0
796	660	5	0
798	660	3	0
805	660	3	0
815	660	4	0
823	660	5	0
835	660	4	0
843	660	2	0
846	660	3	0
864	660	4	0
867	660	4	0
882	660	3	0
885	660	5	0
890	660	2	0
896	660	5	0
897	660	4	0
899	660	4	0
918	660	4	0
919	660	4	0
922	660	3	0
934	660	5	0
10	692	4	0
11	692	4	0
13	692	4	0
16	692	4	0
18	692	3	0
19	692	3	0
22	692	4	0
25	692	4	0
42	692	4	0
43	692	5	0
44	692	3	0
49	692	1	0
51	692	3	0
56	692	4	0
58	692	2	0
59	692	3	0
83	692	4	0
85	692	3	0
87	692	5	0
90	692	4	0
92	692	4	0
94	692	4	0
95	692	4	0
106	692	3	0
110	692	4	0
125	692	3	0
128	692	4	0
130	692	5	0
145	692	2	0
151	692	3	0
152	692	5	0
184	692	4	0
188	692	5	0
194	692	2	0
196	692	5	0
198	692	2	0
200	692	3	0
201	692	3	0
207	692	3	0
210	692	4	0
213	692	4	0
215	692	3	0
222	692	4	0
234	692	3	0
235	692	4	0
236	692	4	0
256	692	5	0
271	692	4	0
276	692	4	0
280	692	3	0
290	692	5	0
297	692	3	0
299	692	4	0
301	692	3	0
303	692	4	0
308	692	3	0
311	692	4	0
312	692	4	0
314	692	5	0
318	692	4	0
320	692	4	0
328	692	4	0
330	692	5	0
336	692	3	0
342	692	1	0
347	692	4	0
352	692	3	0
354	692	2	0
361	692	4	0
374	692	5	0
378	692	4	0
387	692	1	0
393	692	3	0
398	692	4	0
405	692	5	0
406	692	3	0
416	692	5	0
417	692	4	0
429	692	3	0
437	692	4	0
450	692	4	0
454	692	5	0
455	692	3	0
457	692	4	0
468	692	4	0
474	692	4	0
476	692	3	0
479	692	3	0
481	692	4	0
484	692	5	0
487	692	5	0
488	692	4	0
497	692	3	0
499	692	4	0
503	692	3	0
505	692	3	0
506	692	4	0
530	692	4	0
532	692	5	0
533	692	4	0
535	692	4	0
538	692	3	0
543	692	4	0
545	692	3	0
551	692	4	0
554	692	4	0
561	692	1	0
563	692	5	0
579	692	4	0
588	692	4	0
593	692	3	0
606	692	5	0
618	692	4	0
621	692	4	0
623	692	3	0
625	692	3	0
639	692	3	0
648	692	4	0
650	692	3	0
653	692	2	0
655	692	3	0
664	692	3	0
666	692	3	0
682	692	3	0
684	692	4	0
691	692	5	0
692	692	3	0
694	692	4	0
707	692	4	0
711	692	3	0
712	692	5	0
715	692	3	0
716	692	5	0
727	692	4	0
741	692	1	0
748	692	3	0
763	692	2	0
764	692	4	0
774	692	1	0
777	692	5	0
786	692	4	0
788	692	3	0
796	692	5	0
798	692	4	0
804	692	5	0
823	692	4	0
830	692	4	0
846	692	3	0
860	692	5	0
864	692	2	0
870	692	2	0
875	692	2	0
877	692	4	0
878	692	4	0
880	692	3	0
882	692	4	0
883	692	3	0
886	692	3	0
887	692	5	0
892	692	4	0
896	692	4	0
914	692	3	0
921	692	4	0
940	692	4	0
11	732	3	0
13	732	5	0
16	732	5	0
18	732	3	0
22	732	4	0
42	732	5	0
43	732	4	0
49	732	3	0
56	732	4	0
58	732	3	0
59	732	3	0
64	732	4	0
83	732	4	0
85	732	3	0
87	732	4	0
89	732	5	0
90	732	5	0
92	732	3	0
94	732	3	0
102	732	3	0
109	732	3	0
110	732	3	0
125	732	4	0
128	732	4	0
145	732	4	0
151	732	4	0
180	732	3	0
187	732	3	0
188	732	3	0
189	732	2	0
194	732	3	0
210	732	4	0
221	732	4	0
222	732	4	0
234	732	2	0
243	732	4	0
244	732	1	0
253	732	4	0
256	732	5	0
263	732	5	0
267	732	4	0
268	732	3	0
271	732	4	0
276	732	4	0
279	732	3	0
283	732	4	0
286	732	5	0
290	732	4	0
291	732	4	0
293	732	3	0
299	732	4	0
301	732	4	0
308	732	4	0
311	732	4	0
315	732	3	0
318	732	5	0
320	732	3	0
326	732	5	0
327	732	1	0
330	732	5	0
336	732	3	0
342	732	3	0
345	732	4	0
346	732	3	0
354	732	2	0
373	732	3	0
374	732	4	0
378	732	4	0
379	732	5	0
380	732	4	0
385	732	3	0
387	732	1	0
389	732	4	0
393	732	4	0
398	732	4	0
399	732	2	0
405	732	5	0
406	732	4	0
407	732	4	0
411	732	4	0
416	732	5	0
417	732	4	0
429	732	4	0
435	732	4	0
437	732	4	0
450	732	3	0
453	732	3	0
454	732	4	0
457	732	4	0
476	732	3	0
477	732	4	0
479	732	4	0
484	732	5	0
487	732	5	0
488	732	4	0
495	732	4	0
503	732	3	0
506	732	4	0
514	732	5	0
521	732	3	0
523	732	4	0
537	732	3	0
541	732	3	0
542	732	3	0
543	732	3	0
545	732	4	0
551	732	4	0
554	732	4	0
561	732	3	0
577	732	4	0
579	732	4	0
588	732	4	0
591	732	3	0
593	732	3	0
615	732	4	0
625	732	3	0
627	732	3	0
629	732	5	0
630	732	4	0
640	732	4	0
642	732	4	0
643	732	3	0
650	732	3	0
653	732	2	0
655	732	3	0
664	732	3	0
682	732	3	0
684	732	4	0
707	732	4	0
711	732	4	0
712	732	5	0
715	732	3	0
716	732	5	0
721	732	4	0
738	732	3	0
741	732	4	0
747	732	3	0
748	732	4	0
749	732	4	0
757	732	3	0
758	732	4	0
763	732	3	0
764	732	3	0
773	732	3	0
774	732	1	0
786	732	4	0
796	732	5	0
798	732	2	0
804	732	4	0
815	732	5	0
823	732	5	0
830	732	5	0
838	732	4	0
840	732	3	0
846	732	4	0
847	732	4	0
848	732	5	0
860	732	4	0
864	732	4	0
868	732	3	0
870	732	2	0
877	732	4	0
878	732	4	0
880	732	4	0
881	732	5	0
883	732	3	0
886	732	3	0
889	732	2	0
892	732	4	0
896	732	4	0
899	732	3	0
901	732	5	0
904	732	3	0
908	732	3	0
914	732	2	0
916	732	3	0
919	732	3	0
933	732	3	0
934	732	5	0
943	732	4	0
11	735	3	0
12	735	5	0
13	735	3	0
16	735	3	0
18	735	4	0
42	735	4	0
43	735	4	0
56	735	2	0
59	735	5	0
60	735	5	0
65	735	4	0
85	735	3	0
91	735	4	0
92	735	3	0
94	735	5	0
109	735	5	0
123	735	2	0
151	735	5	0
167	735	4	0
178	735	5	0
180	735	4	0
184	735	3	0
187	735	4	0
194	735	4	0
201	735	3	0
207	735	4	0
210	735	4	0
212	735	4	0
213	735	5	0
216	735	5	0
222	735	5	0
233	735	5	0
234	735	3	0
236	735	5	0
244	735	5	0
246	735	4	0
262	735	4	0
268	735	3	0
269	735	2	0
271	735	4	0
276	735	4	0
280	735	2	0
291	735	4	0
295	735	5	0
301	735	2	0
303	735	4	0
305	735	4	0
311	735	4	0
313	735	3	0
314	735	5	0
316	735	4	0
318	735	5	0
327	735	2	0
331	735	4	0
339	735	4	0
343	735	5	0
347	735	2	0
354	735	3	0
360	735	5	0
363	735	3	0
373	735	5	0
374	735	5	0
378	735	4	0
379	735	4	0
387	735	2	0
398	735	4	0
399	735	3	0
401	735	5	0
405	735	5	0
406	735	3	0
416	735	5	0
429	735	4	0
450	735	4	0
454	735	2	0
458	735	2	0
474	735	4	0
487	735	4	0
500	735	4	0
504	735	5	0
508	735	4	0
514	735	4	0
535	735	5	0
537	735	3	0
538	735	3	0
543	735	4	0
551	735	5	0
554	735	3	0
561	735	3	0
568	735	2	0
577	735	5	0
586	735	3	0
588	735	5	0
592	735	5	0
593	735	4	0
606	735	5	0
608	735	4	0
610	735	3	0
615	735	3	0
618	735	3	0
621	735	4	0
627	735	4	0
630	735	2	0
632	735	4	0
650	735	3	0
654	735	4	0
655	735	3	0
658	735	3	0
659	735	3	0
664	735	4	0
682	735	4	0
691	735	5	0
693	735	4	0
704	735	4	0
707	735	4	0
711	735	5	0
715	735	4	0
716	735	5	0
719	735	5	0
721	735	4	0
747	735	4	0
749	735	5	0
751	735	4	0
758	735	5	0
796	735	2	0
805	735	4	0
815	735	5	0
823	735	4	0
835	735	5	0
846	735	2	0
847	735	4	0
854	735	3	0
864	735	5	0
870	735	3	0
885	735	3	0
896	735	3	0
916	735	4	0
933	735	3	0
