1	3	4	0
43	3	2	0
49	3	3	0
59	3	4	0
62	3	3	0
63	3	2	0
81	3	4	0
82	3	2	0
95	3	1	0
99	3	3	0
104	3	3	0
130	3	5	0
145	3	3	0
157	3	3	0
160	3	3	0
181	3	2	0
207	3	2	0
216	3	4	0
221	3	4	0
244	3	5	0
246	3	2	0
267	3	4	0
268	3	1	0
269	3	3	0
276	3	3	0
280	3	2	0
286	3	2	0
291	3	3	0
293	3	2	0
301	3	2	0
303	3	3	0
320	3	4	0
336	3	1	0
342	3	2	0
343	3	4	0
346	3	3	0
393	3	3	0
406	3	3	0
417	3	4	0
429	3	2	0
432	3	3	0
435	3	3	0
450	3	4	0
453	3	4	0
456	3	4	0
459	3	2	0
463	3	2	0
472	3	5	0
486	3	2	0
487	3	5	0
497	3	4	0
500	3	4	0
523	3	4	0
534	3	4	0
537	3	2	0
548	3	1	0
551	3	5	0
561	3	3	0
569	3	1	0
580	3	5	0
582	3	3	0
586	3	5	0
592	3	4	0
595	3	4	0
606	3	5	0
621	3	5	0
622	3	1	0
624	3	3	0
654	3	3	0
660	3	1	0
663	3	4	0
682	3	3	0
699	3	3	0
714	3	5	0
747	3	2	0
751	3	3	0
756	3	1	0
793	3	4	0
795	3	2	0
806	3	2	0
854	3	1	0
859	3	5	0
880	3	1	0
886	3	3	0
889	3	4	0
910	3	2	0
916	3	3	0
917	3	1	0
923	3	4	0
936	3	4	0
1	13	5	0
2	13	4	0
6	13	2	0
10	13	3	0
13	13	5	0
14	13	4	0
15	13	1	0
17	13	3	0
18	13	5	0
23	13	4	0
25	13	4	0
26	13	3	0
45	13	5	0
49	13	3	0
52	13	5	0
58	13	3	0
59	13	5	0
60	13	4	0
62	13	4	0
63	13	4	0
74	13	4	0
75	13	5	0
79	13	3	0
82	13	2	0
85	13	3	0
87	13	3	0
89	13	2	0
92	13	4	0
102	13	3	0
104	13	3	0
108	13	3	0
115	13	5	0
123	13	3	0
138	13	4	0
145	13	5	0
150	13	4	0
151	13	3	0
160	13	4	0
174	13	3	0
176	13	4	0
181	13	2	0
184	13	3	0
188	13	4	0
189	13	4	0
194	13	4	0
196	13	2	0
207	13	3	0
213	13	4	0
214	13	3	0
219	13	1	0
227	13	5	0
234	13	3	0
243	13	4	0
244	13	4	0
249	13	4	0
268	13	3	0
269	13	4	0
270	13	4	0
271	13	4	0
279	13	3	0
280	13	5	0
286	13	2	0
288	13	5	0
296	13	3	0
297	13	3	0
299	13	4	0
303	13	4	0
305	13	3	0
306	13	4	0
315	13	4	0
327	13	2	0
334	13	3	0
336	13	3	0
342	13	3	0
343	13	5	0
344	13	3	0
345	13	4	0
354	13	3	0
360	13	3	0
365	13	3	0
378	13	3	0
381	13	4	0
387	13	4	0
390	13	2	0
398	13	3	0
401	13	2	0
402	13	3	0
406	13	2	0
416	13	5	0
417	13	2	0
437	13	4	0
439	13	3	0
447	13	5	0
450	13	3	0
456	13	4	0
457	13	3	0
458	13	4	0
460	13	3	0
463	13	3	0
468	13	4	0
470	13	4	0
474	13	5	0
486	13	4	0
497	13	2	0
500	13	5	0
501	13	4	0
503	13	3	0
508	13	4	0
514	13	3	0
518	13	4	0
521	13	2	0
524	13	4	0
533	13	3	0
537	13	4	0
540	13	4	0
542	13	4	0
543	13	3	0
548	13	1	0
551	13	1	0
552	13	3	0
554	13	2	0
555	13	5	0
560	13	3	0
561	13	3	0
569	13	3	0
572	13	4	0
590	13	4	0
591	13	4	0
592	13	5	0
596	13	2	0
615	13	4	0
634	13	4	0
635	13	2	0
637	13	1	0
642	13	4	0
648	13	3	0
654	13	1	0
655	13	3	0
659	13	4	0
662	13	4	0
663	13	3	0
666	13	4	0
668	13	4	0
676	13	1	0
689	13	1	0
699	13	4	0
707	13	4	0
716	13	2	0
722	13	2	0
733	13	3	0
735	13	4	0
742	13	4	0
747	13	3	0
758	13	5	0
763	13	3	0
764	13	2	0
769	13	4	0
773	13	4	0
790	13	3	0
792	13	4	0
794	13	4	0
805	13	3	0
823	13	5	0
829	13	4	0
833	13	2	0
834	13	2	0
837	13	4	0
844	13	3	0
847	13	3	0
854	13	3	0
864	13	4	0
869	13	3	0
870	13	4	0
881	13	4	0
883	13	4	0
887	13	1	0
889	13	4	0
894	13	4	0
895	13	5	0
901	13	1	0
903	13	5	0
924	13	3	0
934	13	5	0
936	13	4	0
1	24	3	0
5	24	4	0
11	24	3	0
13	24	1	0
22	24	5	0
26	24	3	0
37	24	4	0
44	24	3	0
45	24	3	0
53	24	3	0
54	24	1	0
57	24	3	0
59	24	4	0
62	24	4	0
66	24	3	0
67	24	4	0
70	24	4	0
76	24	2	0
92	24	3	0
94	24	4	0
95	24	3	0
101	24	4	0
103	24	4	0
119	24	4	0
130	24	5	0
144	24	4	0
158	24	4	0
159	24	5	0
160	24	5	0
178	24	3	0
181	24	1	0
189	24	4	0
190	24	3	0
193	24	2	0
198	24	2	0
200	24	2	0
203	24	4	0
213	24	5	0
214	24	3	0
221	24	5	0
222	24	3	0
226	24	4	0
246	24	4	0
249	24	4	0
251	24	3	0
267	24	5	0
268	24	2	0
276	24	4	0
277	24	4	0
279	24	5	0
283	24	4	0
289	24	4	0
291	24	5	0
292	24	4	0
294	24	4	0
296	24	2	0
297	24	4	0
299	24	3	0
301	24	4	0
303	24	3	0
307	24	4	0
308	24	4	0
310	24	4	0
314	24	1	0
318	24	4	0
320	24	3	0
327	24	2	0
347	24	3	0
357	24	4	0
359	24	3	0
363	24	3	0
371	24	4	0
373	24	4	0
374	24	3	0
385	24	3	0
386	24	4	0
387	24	5	0
393	24	3	0
394	24	5	0
399	24	4	0
406	24	3	0
412	24	3	0
416	24	5	0
417	24	3	0
425	24	2	0
429	24	3	0
432	24	1	0
435	24	4	0
447	24	3	0
453	24	4	0
455	24	3	0
463	24	3	0
466	24	4	0
467	24	4	0
468	24	3	0
472	24	5	0
479	24	3	0
484	24	1	0
487	24	4	0
490	24	4	0
493	24	4	0
497	24	4	0
501	24	3	0
514	24	3	0
524	24	3	0
532	24	5	0
534	24	5	0
537	24	1	0
543	24	3	0
549	24	3	0
551	24	5	0
560	24	2	0
561	24	3	0
588	24	2	0
592	24	4	0
597	24	3	0
606	24	5	0
618	24	2	0
621	24	4	0
622	24	4	0
624	24	3	0
637	24	2	0
643	24	4	0
648	24	3	0
649	24	4	0
654	24	4	0
655	24	3	0
658	24	3	0
660	24	3	0
665	24	3	0
680	24	4	0
682	24	4	0
699	24	3	0
706	24	3	0
715	24	3	0
717	24	2	0
727	24	3	0
742	24	3	0
746	24	4	0
749	24	2	0
757	24	4	0
758	24	4	0
759	24	3	0
773	24	3	0
792	24	3	0
794	24	5	0
804	24	5	0
805	24	4	0
806	24	3	0
817	24	4	0
828	24	4	0
833	24	4	0
838	24	4	0
844	24	5	0
854	24	4	0
857	24	1	0
862	24	4	0
864	24	5	0
865	24	4	0
868	24	2	0
880	24	3	0
883	24	4	0
886	24	4	0
887	24	5	0
889	24	4	0
893	24	4	0
896	24	4	0
910	24	3	0
916	24	2	0
921	24	3	0
927	24	3	0
930	24	1	0
936	24	4	0
943	24	4	0
1	108	5	0
45	108	4	0
49	108	2	0
63	108	2	0
75	108	4	0
85	108	2	0
92	108	2	0
181	108	1	0
192	108	4	0
196	108	4	0
198	108	3	0
216	108	4	0
221	108	3	0
249	108	3	0
259	108	4	0
267	108	4	0
268	108	3	0
269	108	5	0
276	108	3	0
279	108	4	0
287	108	4	0
297	108	4	0
327	108	3	0
336	108	3	0
342	108	4	0
365	108	2	0
393	108	2	0
397	108	4	0
432	108	3	0
435	108	1	0
459	108	1	0
467	108	4	0
479	108	4	0
486	108	4	0
497	108	3	0
501	108	4	0
521	108	3	0
560	108	1	0
566	108	2	0
584	108	3	0
595	108	2	0
606	108	1	0
621	108	3	0
624	108	3	0
663	108	2	0
666	108	3	0
682	108	3	0
715	108	4	0
716	108	2	0
727	108	3	0
747	108	4	0
758	108	5	0
790	108	3	0
795	108	3	0
804	108	3	0
805	108	3	0
833	108	2	0
847	108	2	0
848	108	5	0
864	108	3	0
865	108	1	0
881	108	3	0
886	108	5	0
896	108	3	0
936	108	4	0
1	109	5	0
5	109	5	0
11	109	3	0
13	109	4	0
16	109	4	0
22	109	4	0
23	109	3	0
24	109	3	0
26	109	3	0
44	109	3	0
45	109	5	0
57	109	4	0
58	109	4	0
59	109	4	0
63	109	4	0
69	109	3	0
70	109	3	0
82	109	1	0
92	109	3	0
94	109	4	0
101	109	2	0
117	109	4	0
119	109	5	0
125	109	3	0
130	109	3	0
145	109	4	0
160	109	2	0
181	109	1	0
195	109	3	0
221	109	2	0
222	109	3	0
226	109	4	0
244	109	4	0
246	109	5	0
251	109	4	0
276	109	4	0
279	109	5	0
283	109	4	0
289	109	3	0
290	109	3	0
294	109	4	0
295	109	4	0
297	109	4	0
301	109	5	0
303	109	4	0
307	109	5	0
308	109	3	0
325	109	2	0
354	109	3	0
365	109	2	0
380	109	2	0
387	109	4	0
389	109	3	0
393	109	3	0
394	109	4	0
397	109	4	0
417	109	2	0
422	109	2	0
429	109	3	0
432	109	2	0
435	109	4	0
456	109	3	0
465	109	3	0
467	109	5	0
472	109	4	0
483	109	5	0
486	109	3	0
490	109	5	0
493	109	4	0
495	109	5	0
496	109	3	0
497	109	4	0
498	109	3	0
508	109	3	0
514	109	3	0
521	109	5	0
528	109	4	0
533	109	2	0
534	109	4	0
537	109	1	0
540	109	4	0
542	109	4	0
546	109	5	0
560	109	3	0
561	109	1	0
567	109	2	0
584	109	4	0
592	109	4	0
595	109	2	0
601	109	4	0
618	109	2	0
621	109	4	0
622	109	5	0
634	109	4	0
648	109	5	0
650	109	3	0
654	109	3	0
657	109	1	0
665	109	4	0
672	109	4	0
677	109	1	0
679	109	3	0
682	109	3	0
689	109	5	0
699	109	3	0
727	109	2	0
730	109	4	0
738	109	4	0
742	109	1	0
747	109	5	0
758	109	3	0
773	109	4	0
776	109	4	0
779	109	3	0
790	109	3	0
793	109	4	0
794	109	4	0
795	109	3	0
844	109	2	0
847	109	5	0
848	109	4	0
851	109	4	0
852	109	3	0
864	109	5	0
868	109	3	0
880	109	4	0
887	109	5	0
894	109	1	0
916	109	3	0
932	109	2	0
1	123	4	0
11	123	3	0
21	123	4	0
27	123	5	0
43	123	1	0
44	123	4	0
49	123	1	0
50	123	4	0
58	123	4	0
59	123	3	0
67	123	4	0
69	123	4	0
75	123	3	0
92	123	2	0
99	123	3	0
101	123	2	0
130	123	4	0
145	123	4	0
150	123	4	0
158	123	3	0
160	123	4	0
168	123	3	0
178	123	4	0
181	123	2	0
182	123	4	0
200	123	4	0
201	123	2	0
249	123	3	0
250	123	3	0
256	123	2	0
264	123	4	0
268	123	3	0
270	123	5	0
276	123	4	0
286	123	5	0
291	123	4	0
294	123	4	0
301	123	4	0
303	123	4	0
308	123	3	0
320	123	4	0
324	123	4	0
332	123	4	0
342	123	5	0
347	123	3	0
348	123	5	0
357	123	4	0
374	123	2	0
378	123	3	0
387	123	3	0
393	123	4	0
394	123	5	0
399	123	2	0
403	123	3	0
406	123	4	0
407	123	3	0
416	123	4	0
417	123	2	0
429	123	4	0
430	123	2	0
432	123	3	0
435	123	2	0
445	123	1	0
447	123	3	0
450	123	2	0
455	123	3	0
459	123	3	0
472	123	4	0
486	123	3	0
490	123	2	0
497	123	3	0
505	123	3	0
518	123	2	0
525	123	3	0
526	123	3	0
537	123	2	0
552	123	3	0
560	123	2	0
580	123	4	0
586	123	3	0
592	123	4	0
596	123	2	0
601	123	1	0
606	123	3	0
618	123	2	0
620	123	3	0
621	123	4	0
624	123	3	0
627	123	3	0
630	123	4	0
648	123	4	0
660	123	2	0
663	123	3	0
671	123	5	0
697	123	5	0
703	123	4	0
727	123	3	0
735	123	3	0
756	123	2	0
758	123	1	0
761	123	3	0
770	123	3	0
790	123	3	0
795	123	4	0
804	123	4	0
805	123	4	0
839	123	3	0
851	123	4	0
854	123	1	0
864	123	4	0
880	123	4	0
896	123	3	0
907	123	4	0
908	123	3	0
916	123	3	0
1	129	5	0
10	129	4	0
21	129	4	0
24	129	3	0
26	129	4	0
49	129	2	0
59	129	5	0
62	129	3	0
69	129	3	0
72	129	4	0
73	129	4	0
74	129	3	0
75	129	3	0
76	129	3	0
92	129	4	0
144	129	4	0
150	129	4	0
158	129	5	0
160	129	4	0
176	129	3	0
177	129	3	0
181	129	2	0
189	129	3	0
201	129	4	0
207	129	3	0
209	129	2	0
216	129	4	0
221	129	5	0
227	129	5	0
233	129	3	0
243	129	2	0
249	129	5	0
250	129	4	0
252	129	4	0
257	129	4	0
268	129	2	0
277	129	4	0
279	129	1	0
291	129	5	0
293	129	3	0
297	129	4	0
299	129	4	0
303	129	5	0
305	129	3	0
308	129	5	0
320	129	4	0
327	129	4	0
329	129	3	0
334	129	4	0
342	129	5	0
344	129	4	0
352	129	5	0
361	129	4	0
372	129	4	0
374	129	5	0
381	129	4	0
385	129	3	0
387	129	5	0
392	129	4	0
403	129	4	0
406	129	5	0
421	129	5	0
422	129	4	0
429	129	4	0
430	129	5	0
437	129	1	0
442	129	4	0
456	129	3	0
458	129	4	0
460	129	3	0
463	129	2	0
470	129	3	0
473	129	4	0
486	129	4	0
491	129	4	0
500	129	4	0
501	129	4	0
518	129	5	0
524	129	5	0
527	129	2	0
534	129	4	0
535	129	5	0
537	129	3	0
543	129	4	0
555	129	4	0
592	129	5	0
595	129	3	0
606	129	3	0
634	129	4	0
643	129	5	0
655	129	3	0
658	129	3	0
663	129	3	0
666	129	4	0
677	129	5	0
697	129	5	0
699	129	4	0
709	129	2	0
733	129	2	0
747	129	5	0
757	129	3	0
758	129	4	0
770	129	5	0
789	129	5	0
792	129	4	0
793	129	4	0
817	129	4	0
829	129	4	0
831	129	2	0
833	129	3	0
839	129	4	0
851	129	4	0
854	129	3	0
881	129	4	0
883	129	5	0
886	129	5	0
889	129	5	0
892	129	3	0
894	129	4	0
896	129	4	0
900	129	4	0
903	129	3	0
905	129	4	0
906	129	4	0
907	129	5	0
919	129	5	0
923	129	5	0
924	129	4	0
936	129	4	0
1	147	3	0
13	147	3	0
37	147	3	0
44	147	4	0
49	147	1	0
54	147	5	0
59	147	5	0
62	147	3	0
67	147	3	0
69	147	3	0
72	147	5	0
75	147	3	0
81	147	4	0
82	147	3	0
92	147	2	0
99	147	5	0
101	147	4	0
104	147	3	0
109	147	4	0
119	147	4	0
130	147	4	0
138	147	4	0
141	147	4	0
142	147	1	0
144	147	3	0
150	147	4	0
151	147	2	0
152	147	3	0
157	147	5	0
162	147	4	0
174	147	4	0
175	147	3	0
178	147	4	0
181	147	1	0
186	147	4	0
190	147	4	0
193	147	2	0
200	147	5	0
216	147	4	0
217	147	3	0
222	147	4	0
224	147	3	0
226	147	3	0
234	147	3	0
249	147	5	0
251	147	3	0
255	147	4	0
256	147	4	0
259	147	4	0
262	147	3	0
267	147	3	0
268	147	4	0
276	147	4	0
277	147	4	0
279	147	4	0
286	147	5	0
289	147	3	0
291	147	4	0
293	147	2	0
294	147	4	0
297	147	3	0
303	147	4	0
308	147	3	0
313	147	4	0
314	147	4	0
320	147	4	0
327	147	2	0
329	147	3	0
332	147	4	0
343	147	4	0
346	147	4	0
347	147	4	0
348	147	5	0
357	147	5	0
374	147	3	0
387	147	2	0
388	147	4	0
393	147	5	0
399	147	5	0
401	147	2	0
403	147	5	0
407	147	4	0
413	147	2	0
416	147	5	0
417	147	4	0
425	147	3	0
429	147	2	0
434	147	3	0
439	147	4	0
445	147	2	0
447	147	4	0
454	147	3	0
455	147	4	0
457	147	5	0
458	147	2	0
459	147	3	0
463	147	3	0
479	147	3	0
486	147	2	0
495	147	5	0
496	147	3	0
500	147	3	0
501	147	3	0
506	147	3	0
507	147	5	0
518	147	4	0
521	147	4	0
525	147	3	0
526	147	4	0
532	147	4	0
533	147	1	0
534	147	5	0
537	147	2	0
540	147	3	0
543	147	4	0
548	147	5	0
551	147	4	0
552	147	3	0
555	147	4	0
577	147	4	0
580	147	3	0
592	147	4	0
606	147	5	0
609	147	1	0
612	147	4	0
614	147	5	0
620	147	3	0
621	147	3	0
624	147	4	0
629	147	5	0
633	147	4	0
634	147	2	0
637	147	1	0
642	147	4	0
643	147	3	0
647	147	4	0
649	147	4	0
654	147	3	0
663	147	3	0
665	147	4	0
666	147	3	0
671	147	1	0
678	147	4	0
682	147	1	0
684	147	2	0
699	147	2	0
703	147	3	0
708	147	4	0
717	147	4	0
722	147	3	0
727	147	3	0
728	147	4	0
733	147	1	0
735	147	1	0
738	147	3	0
756	147	4	0
758	147	4	0
761	147	4	0
792	147	4	0
796	147	5	0
805	147	5	0
817	147	3	0
819	147	5	0
825	147	5	0
851	147	4	0
854	147	3	0
862	147	5	0
871	147	5	0
880	147	4	0
882	147	4	0
883	147	2	0
886	147	5	0
889	147	3	0
893	147	3	0
894	147	3	0
896	147	2	0
899	147	2	0
903	147	3	0
907	147	5	0
908	147	2	0
916	147	1	0
919	147	4	0
921	147	3	0
940	147	4	0
941	147	4	0
1	150	5	0
13	150	5	0
17	150	5	0
26	150	3	0
58	150	4	0
63	150	4	0
69	150	5	0
70	150	3	0
74	150	3	0
76	150	5	0
79	150	3	0
81	150	3	0
85	150	3	0
89	150	5	0
90	150	3	0
104	150	5	0
117	150	4	0
125	150	1	0
130	150	5	0
138	150	3	0
139	150	4	0
145	150	5	0
150	150	3	0
157	150	5	0
160	150	4	0
176	150	4	0
177	150	4	0
181	150	1	0
182	150	3	0
189	150	4	0
201	150	4	0
203	150	5	0
207	150	3	0
216	150	5	0
221	150	5	0
222	150	3	0
226	150	4	0
227	150	3	0
232	150	3	0
239	150	5	0
264	150	5	0
274	150	5	0
276	150	4	0
279	150	3	0
285	150	5	0
292	150	4	0
293	150	3	0
296	150	1	0
299	150	5	0
301	150	4	0
303	150	5	0
306	150	5	0
314	150	4	0
322	150	4	0
323	150	4	0
324	150	4	0
327	150	4	0
334	150	4	0
339	150	4	0
342	150	3	0
343	150	4	0
345	150	5	0
357	150	4	0
361	150	2	0
363	150	5	0
365	150	5	0
373	150	4	0
374	150	4	0
381	150	4	0
382	150	2	0
406	150	4	0
412	150	4	0
416	150	5	0
429	150	5	0
432	150	5	0
442	150	4	0
445	150	2	0
447	150	4	0
456	150	4	0
463	150	2	0
467	150	4	0
468	150	5	0
470	150	5	0
472	150	3	0
473	150	5	0
474	150	5	0
478	150	4	0
484	150	4	0
486	150	3	0
487	150	5	0
490	150	5	0
493	150	5	0
496	150	2	0
498	150	3	0
501	150	5	0
508	150	5	0
514	150	3	0
524	150	2	0
526	150	2	0
533	150	3	0
534	150	3	0
537	150	3	0
540	150	3	0
542	150	2	0
551	150	3	0
555	150	4	0
557	150	3	0
590	150	5	0
592	150	5	0
606	150	4	0
608	150	3	0
618	150	2	0
624	150	4	0
632	150	2	0
634	150	3	0
635	150	3	0
637	150	1	0
640	150	4	0
643	150	5	0
655	150	3	0
663	150	5	0
669	150	3	0
677	150	3	0
680	150	5	0
682	150	4	0
689	150	4	0
697	150	5	0
708	150	4	0
715	150	4	0
717	150	4	0
723	150	3	0
733	150	2	0
758	150	5	0
774	150	1	0
778	150	3	0
789	150	5	0
793	150	4	0
794	150	4	0
795	150	3	0
805	150	5	0
806	150	4	0
823	150	4	0
831	150	3	0
833	150	3	0
834	150	5	0
854	150	3	0
867	150	5	0
868	150	5	0
874	150	4	0
880	150	4	0
886	150	4	0
889	150	5	0
892	150	5	0
905	150	4	0
916	150	4	0
917	150	5	0
940	150	3	0
1	240	3	0
14	240	5	0
16	240	4	0
21	240	4	0
26	240	3	0
32	240	2	0
44	240	4	0
49	240	3	0
54	240	4	0
57	240	2	0
58	240	4	0
59	240	2	0
64	240	1	0
67	240	5	0
69	240	3	0
75	240	1	0
82	240	1	0
83	240	1	0
89	240	4	0
92	240	2	0
99	240	4	0
115	240	5	0
117	240	3	0
130	240	4	0
145	240	5	0
160	240	4	0
167	240	1	0
174	240	1	0
176	240	4	0
181	240	1	0
188	240	1	0
201	240	3	0
221	240	4	0
222	240	2	0
227	240	1	0
230	240	1	0
244	240	3	0
245	240	1	0
246	240	3	0
249	240	4	0
250	240	4	0
254	240	1	0
264	240	4	0
265	240	3	0
267	240	4	0
268	240	2	0
276	240	4	0
279	240	4	0
286	240	3	0
287	240	2	0
291	240	4	0
293	240	2	0
294	240	3	0
296	240	1	0
299	240	2	0
301	240	4	0
303	240	3	0
320	240	3	0
325	240	1	0
332	240	4	0
339	240	4	0
342	240	3	0
346	240	1	0
347	240	5	0
348	240	3	0
374	240	1	0
385	240	4	0
389	240	3	0
393	240	2	0
395	240	1	0
403	240	1	0
406	240	4	0
416	240	1	0
435	240	3	0
439	240	3	0
442	240	2	0
457	240	3	0
467	240	3	0
472	240	4	0
495	240	4	0
497	240	4	0
504	240	1	0
518	240	1	0
520	240	1	0
521	240	3	0
532	240	3	0
533	240	1	0
534	240	5	0
538	240	2	0
540	240	3	0
542	240	3	0
551	240	3	0
552	240	2	0
560	240	3	0
561	240	1	0
566	240	3	0
577	240	3	0
582	240	4	0
586	240	3	0
595	240	3	0
620	240	5	0
621	240	4	0
622	240	3	0
624	240	2	0
630	240	3	0
634	240	3	0
642	240	3	0
643	240	5	0
648	240	2	0
655	240	3	0
663	240	3	0
665	240	5	0
677	240	5	0
682	240	4	0
690	240	1	0
711	240	1	0
717	240	2	0
718	240	1	0
719	240	1	0
727	240	3	0
738	240	3	0
749	240	1	0
758	240	3	0
770	240	2	0
773	240	2	0
774	240	1	0
786	240	1	0
790	240	3	0
793	240	4	0
795	240	2	0
804	240	4	0
805	240	3	0
806	240	2	0
815	240	2	0
823	240	3	0
833	240	4	0
847	240	1	0
851	240	4	0
865	240	2	0
868	240	5	0
869	240	4	0
880	240	4	0
881	240	1	0
886	240	3	0
887	240	5	0
889	240	3	0
893	240	4	0
897	240	4	0
903	240	4	0
906	240	3	0
911	240	1	0
919	240	3	0
921	240	1	0
927	240	3	0
930	240	1	0
938	240	2	0
1	248	4	0
6	248	3	0
15	248	1	0
26	248	3	0
32	248	4	0
43	248	4	0
57	248	5	0
58	248	4	0
66	248	4	0
71	248	3	0
83	248	3	0
92	248	4	0
94	248	4	0
102	248	3	0
104	248	2	0
109	248	2	0
116	248	3	0
130	248	3	0
131	248	3	0
141	248	3	0
144	248	4	0
160	248	5	0
164	248	4	0
174	248	5	0
178	248	4	0
189	248	4	0
198	248	3	0
203	248	5	0
207	248	3	0
214	248	4	0
222	248	4	0
223	248	1	0
249	248	5	0
250	248	2	0
251	248	4	0
268	248	3	0
271	248	4	0
276	248	4	0
279	248	4	0
286	248	5	0
287	248	5	0
292	248	4	0
293	248	3	0
294	248	5	0
296	248	5	0
297	248	3	0
299	248	5	0
303	248	2	0
308	248	4	0
318	248	3	0
320	248	5	0
323	248	3	0
324	248	5	0
329	248	3	0
334	248	4	0
339	248	4	0
342	248	3	0
344	248	4	0
345	248	5	0
354	248	4	0
360	248	4	0
363	248	5	0
374	248	1	0
378	248	3	0
387	248	4	0
392	248	4	0
393	248	4	0
401	248	3	0
407	248	4	0
416	248	5	0
417	248	4	0
422	248	3	0
429	248	5	0
430	248	3	0
432	248	4	0
437	248	2	0
445	248	1	0
447	248	5	0
449	248	4	0
453	248	4	0
454	248	3	0
457	248	4	0
460	248	4	0
463	248	3	0
464	248	5	0
467	248	3	0
468	248	4	0
470	248	3	0
474	248	4	0
479	248	4	0
484	248	4	0
486	248	4	0
487	248	1	0
497	248	4	0
501	248	4	0
503	248	4	0
504	248	4	0
506	248	2	0
521	248	3	0
525	248	4	0
526	248	4	0
532	248	4	0
548	248	4	0
552	248	4	0
555	248	4	0
567	248	4	0
569	248	4	0
576	248	4	0
590	248	4	0
592	248	4	0
606	248	5	0
622	248	4	0
624	248	4	0
625	248	4	0
634	248	4	0
653	248	3	0
654	248	2	0
655	248	2	0
665	248	4	0
666	248	3	0
669	248	4	0
680	248	4	0
682	248	3	0
683	248	4	0
684	248	3	0
707	248	4	0
711	248	5	0
715	248	4	0
716	248	4	0
726	248	2	0
727	248	5	0
730	248	3	0
733	248	3	0
736	248	4	0
751	248	5	0
757	248	4	0
758	248	4	0
765	248	2	0
768	248	3	0
782	248	4	0
789	248	3	0
790	248	4	0
793	248	4	0
794	248	4	0
796	248	3	0
805	248	4	0
819	248	5	0
825	248	4	0
851	248	4	0
870	248	4	0
880	248	4	0
889	248	4	0
894	248	4	0
896	248	4	0
903	248	2	0
907	248	5	0
917	248	4	0
923	248	4	0
936	248	4	0
938	248	1	0
1	249	4	0
15	249	1	0
24	249	4	0
26	249	2	0
32	249	4	0
44	249	4	0
57	249	5	0
58	249	4	0
62	249	2	0
66	249	4	0
83	249	2	0
92	249	3	0
104	249	3	0
116	249	2	0
117	249	4	0
121	249	1	0
130	249	5	0
137	249	4	0
141	249	2	0
145	249	4	0
159	249	4	0
178	249	3	0
198	249	2	0
209	249	2	0
214	249	3	0
216	249	3	0
222	249	1	0
223	249	2	0
227	249	2	0
233	249	5	0
244	249	4	0
248	249	4	0
249	249	4	0
251	249	5	0
255	249	5	0
268	249	4	0
276	249	4	0
279	249	3	0
287	249	5	0
291	249	4	0
292	249	3	0
293	249	3	0
294	249	5	0
297	249	3	0
299	249	3	0
301	249	3	0
303	249	4	0
305	249	3	0
323	249	3	0
327	249	2	0
332	249	3	0
342	249	3	0
347	249	5	0
385	249	2	0
389	249	3	0
392	249	1	0
393	249	3	0
407	249	2	0
416	249	3	0
429	249	4	0
432	249	5	0
435	249	4	0
437	249	5	0
445	249	2	0
459	249	2	0
463	249	2	0
464	249	2	0
467	249	3	0
468	249	3	0
479	249	2	0
480	249	1	0
482	249	2	0
483	249	2	0
487	249	1	0
493	249	4	0
497	249	5	0
500	249	3	0
501	249	3	0
521	249	4	0
540	249	3	0
542	249	4	0
543	249	2	0
550	249	4	0
552	249	3	0
555	249	4	0
560	249	5	0
580	249	5	0
584	249	4	0
586	249	2	0
592	249	4	0
606	249	3	0
621	249	5	0
622	249	5	0
624	249	3	0
640	249	4	0
642	249	5	0
643	249	3	0
648	249	3	0
654	249	5	0
655	249	3	0
660	249	2	0
661	249	3	0
665	249	5	0
679	249	3	0
682	249	3	0
692	249	3	0
715	249	4	0
726	249	1	0
727	249	2	0
758	249	4	0
778	249	3	0
782	249	2	0
789	249	3	0
790	249	3	0
794	249	3	0
796	249	1	0
806	249	4	0
825	249	3	0
833	249	1	0
838	249	4	0
854	249	3	0
859	249	5	0
869	249	4	0
880	249	4	0
889	249	3	0
894	249	3	0
916	249	3	0
922	249	3	0
923	249	4	0
936	249	5	0
1	250	4	0
5	250	3	0
22	250	5	0
23	250	4	0
26	250	3	0
32	250	4	0
43	250	2	0
44	250	5	0
52	250	3	0
53	250	2	0
54	250	4	0
57	250	3	0
62	250	5	0
63	250	5	0
77	250	3	0
85	250	3	0
92	250	4	0
94	250	4	0
95	250	4	0
103	250	4	0
104	250	3	0
109	250	2	0
116	250	4	0
119	250	2	0
121	250	2	0
130	250	3	0
137	250	5	0
141	250	4	0
145	250	5	0
157	250	1	0
158	250	4	0
159	250	3	0
160	250	4	0
176	250	4	0
178	250	4	0
183	250	2	0
184	250	4	0
186	250	1	0
203	250	4	0
214	250	2	0
221	250	5	0
222	250	2	0
226	250	4	0
227	250	2	0
232	250	4	0
246	250	4	0
248	250	3	0
249	250	4	0
251	250	3	0
263	250	2	0
267	250	5	0
268	250	4	0
270	250	2	0
276	250	4	0
279	250	3	0
286	250	4	0
287	250	3	0
291	250	4	0
292	250	3	0
293	250	3	0
294	250	5	0
296	250	2	0
297	250	1	0
301	250	4	0
303	250	4	0
320	250	4	0
324	250	4	0
327	250	2	0
329	250	3	0
334	250	3	0
337	250	3	0
339	250	5	0
343	250	5	0
346	250	3	0
359	250	4	0
363	250	1	0
367	250	5	0
385	250	3	0
387	250	4	0
392	250	3	0
393	250	4	0
394	250	4	0
407	250	4	0
413	250	3	0
416	250	4	0
417	250	4	0
422	250	5	0
425	250	4	0
429	250	2	0
432	250	1	0
435	250	4	0
454	250	4	0
455	250	3	0
458	250	1	0
459	250	5	0
460	250	2	0
463	250	4	0
472	250	5	0
479	250	4	0
483	250	3	0
484	250	4	0
486	250	1	0
493	250	4	0
497	250	3	0
500	250	4	0
506	250	2	0
507	250	5	0
513	250	3	0
516	250	4	0
521	250	3	0
525	250	3	0
526	250	2	0
528	250	3	0
532	250	3	0
540	250	4	0
546	250	4	0
548	250	5	0
552	250	3	0
560	250	4	0
578	250	2	0
580	250	5	0
582	250	3	0
586	250	3	0
592	250	4	0
597	250	4	0
601	250	4	0
603	250	5	0
606	250	4	0
621	250	4	0
622	250	4	0
624	250	4	0
625	250	4	0
630	250	1	0
642	250	5	0
644	250	4	0
647	250	3	0
648	250	4	0
649	250	3	0
654	250	1	0
655	250	3	0
660	250	4	0
671	250	5	0
676	250	4	0
682	250	4	0
689	250	5	0
697	250	4	0
699	250	4	0
709	250	4	0
711	250	2	0
714	250	5	0
715	250	2	0
717	250	1	0
727	250	5	0
733	250	1	0
738	250	4	0
742	250	3	0
748	250	5	0
749	250	3	0
751	250	3	0
757	250	4	0
758	250	4	0
770	250	5	0
774	250	3	0
782	250	4	0
790	250	5	0
793	250	4	0
796	250	5	0
804	250	4	0
807	250	4	0
815	250	1	0
825	250	5	0
829	250	3	0
831	250	5	0
833	250	3	0
837	250	2	0
843	250	4	0
851	250	5	0
852	250	4	0
854	250	4	0
862	250	5	0
864	250	3	0
867	250	4	0
880	250	3	0
883	250	3	0
889	250	4	0
894	250	4	0
896	250	3	0
899	250	2	0
901	250	3	0
902	250	4	0
910	250	1	0
916	250	4	0
919	250	3	0
922	250	2	0
931	250	2	0
936	250	5	0
938	250	3	0
2	273	4	0
7	273	3	0
8	273	3	0
10	273	4	0
13	273	3	0
16	273	5	0
21	273	4	0
37	273	3	0
42	273	3	0
54	273	4	0
55	273	5	0
59	273	2	0
62	273	4	0
64	273	2	0
67	273	4	0
69	273	3	0
75	273	5	0
81	273	4	0
84	273	4	0
87	273	3	0
90	273	3	0
92	273	4	0
94	273	4	0
99	273	5	0
102	273	3	0
104	273	3	0
106	273	3	0
113	273	4	0
115	273	4	0
144	273	4	0
145	273	5	0
150	273	4	0
157	273	5	0
158	273	3	0
159	273	5	0
160	273	5	0
168	273	4	0
175	273	2	0
176	273	4	0
178	273	3	0
181	273	1	0
183	273	4	0
190	273	4	0
195	273	4	0
201	273	2	0
207	273	4	0
213	273	5	0
218	273	4	0
221	273	5	0
227	273	3	0
234	273	3	0
236	273	1	0
249	273	4	0
253	273	3	0
255	273	2	0
265	273	5	0
267	273	4	0
268	273	3	0
276	273	4	0
277	273	5	0
279	273	2	0
291	273	3	0
293	273	4	0
294	273	3	0
297	273	4	0
301	273	1	0
303	273	3	0
308	273	2	0
315	273	3	0
323	273	4	0
324	273	5	0
327	273	2	0
328	273	3	0
332	273	5	0
336	273	5	0
344	273	4	0
346	273	4	0
347	273	5	0
352	273	2	0
357	273	5	0
359	273	4	0
361	273	3	0
363	273	3	0
372	273	5	0
374	273	2	0
378	273	4	0
385	273	2	0
386	273	3	0
387	273	4	0
393	273	3	0
395	273	2	0
397	273	4	0
399	273	3	0
401	273	2	0
402	273	4	0
413	273	2	0
416	273	4	0
417	273	3	0
422	273	5	0
425	273	4	0
429	273	4	0
430	273	4	0
433	273	3	0
435	273	5	0
436	273	4	0
439	273	2	0
442	273	4	0
445	273	2	0
449	273	4	0
450	273	3	0
453	273	4	0
456	273	3	0
458	273	4	0
460	273	4	0
466	273	4	0
467	273	4	0
468	273	2	0
470	273	3	0
473	273	5	0
479	273	4	0
486	273	3	0
487	273	5	0
490	273	1	0
491	273	5	0
493	273	4	0
497	273	4	0
501	273	4	0
512	273	5	0
518	273	5	0
521	273	3	0
524	273	3	0
526	273	2	0
534	273	5	0
537	273	3	0
538	273	3	0
542	273	3	0
548	273	5	0
551	273	4	0
554	273	3	0
561	273	5	0
566	273	5	0
567	273	5	0
569	273	3	0
586	273	5	0
592	273	5	0
595	273	3	0
603	273	1	0
606	273	4	0
618	273	4	0
619	273	4	0
621	273	4	0
624	273	4	0
627	273	4	0
629	273	2	0
630	273	5	0
634	273	3	0
637	273	3	0
643	273	3	0
655	273	4	0
657	273	3	0
658	273	4	0
663	273	4	0
666	273	3	0
671	273	4	0
680	273	3	0
682	273	4	0
689	273	3	0
693	273	3	0
697	273	5	0
699	273	3	0
706	273	3	0
709	273	4	0
715	273	5	0
718	273	3	0
730	273	2	0
733	273	4	0
741	273	3	0
743	273	3	0
749	273	4	0
754	273	3	0
758	273	4	0
764	273	3	0
774	273	1	0
777	273	4	0
785	273	3	0
790	273	5	0
793	273	3	0
794	273	4	0
796	273	2	0
805	273	2	0
806	273	4	0
817	273	5	0
823	273	3	0
825	273	5	0
831	273	3	0
833	273	3	0
851	273	5	0
854	273	4	0
864	273	5	0
867	273	3	0
868	273	3	0
870	273	3	0
872	273	3	0
880	273	5	0
883	273	4	0
886	273	2	0
889	273	4	0
892	273	4	0
894	273	3	0
896	273	5	0
897	273	3	0
903	273	3	0
905	273	3	0
906	273	4	0
910	273	3	0
913	273	3	0
916	273	3	0
923	273	5	0
924	273	3	0
933	273	3	0
936	273	3	0
938	273	5	0
941	273	3	0
2	290	3	0
11	290	3	0
13	290	4	0
22	290	5	0
32	290	3	0
42	290	3	0
43	290	4	0
49	290	2	0
59	290	3	0
62	290	3	0
75	290	4	0
79	290	3	0
95	290	3	0
99	290	4	0
104	290	4	0
108	290	4	0
125	290	4	0
130	290	3	0
141	290	1	0
151	290	1	0
157	290	4	0
158	290	4	0
167	290	3	0
181	290	2	0
207	290	2	0
210	290	4	0
234	290	3	0
244	290	3	0
248	290	3	0
249	290	2	0
252	290	3	0
268	290	3	0
276	290	4	0
279	290	4	0
286	290	3	0
291	290	4	0
293	290	2	0
295	290	4	0
303	290	4	0
334	290	3	0
336	290	3	0
344	290	2	0
347	290	3	0
363	290	3	0
373	290	5	0
382	290	4	0
385	290	3	0
393	290	3	0
407	290	3	0
417	290	4	0
429	290	3	0
435	290	3	0
439	290	4	0
447	290	4	0
450	290	4	0
452	290	2	0
483	290	3	0
521	290	3	0
524	290	2	0
534	290	4	0
537	290	2	0
595	290	4	0
601	290	3	0
634	290	3	0
648	290	3	0
650	290	2	0
653	290	3	0
660	290	4	0
669	290	2	0
677	290	1	0
679	290	2	0
682	290	1	0
717	290	3	0
733	290	4	0
741	290	3	0
747	290	3	0
758	290	5	0
804	290	4	0
825	290	4	0
847	290	4	0
851	290	4	0
852	290	4	0
854	290	1	0
864	290	3	0
872	290	2	0
882	290	4	0
885	290	1	0
889	290	2	0
893	290	3	0
894	290	2	0
897	290	4	0
907	290	4	0
916	290	3	0
922	290	4	0
931	290	2	0
938	290	3	0
2	291	3	0
11	291	4	0
15	291	3	0
21	291	3	0
26	291	3	0
43	291	3	0
54	291	1	0
75	291	1	0
84	291	3	0
85	291	3	0
92	291	4	0
109	291	3	0
121	291	3	0
130	291	4	0
141	291	5	0
150	291	4	0
159	291	4	0
164	291	5	0
168	291	4	0
181	291	3	0
186	291	4	0
190	291	3	0
198	291	2	0
200	291	3	0
207	291	3	0
230	291	4	0
234	291	3	0
242	291	3	0
244	291	2	0
256	291	5	0
276	291	3	0
279	291	3	0
283	291	2	0
287	291	5	0
291	291	5	0
293	291	2	0
294	291	2	0
303	291	3	0
308	291	3	0
320	291	4	0
328	291	4	0
332	291	4	0
344	291	3	0
345	291	3	0
346	291	5	0
347	291	5	0
348	291	4	0
349	291	3	0
357	291	4	0
374	291	3	0
391	291	3	0
393	291	4	0
396	291	4	0
399	291	3	0
403	291	4	0
407	291	4	0
416	291	4	0
429	291	4	0
435	291	4	0
445	291	2	0
449	291	2	0
455	291	3	0
459	291	4	0
470	291	2	0
474	291	4	0
487	291	3	0
492	291	4	0
497	291	3	0
504	291	4	0
518	291	3	0
521	291	1	0
524	291	4	0
525	291	2	0
533	291	3	0
534	291	4	0
537	291	2	0
548	291	5	0
551	291	4	0
552	291	2	0
569	291	4	0
592	291	3	0
595	291	3	0
623	291	3	0
637	291	4	0
644	291	4	0
647	291	3	0
648	291	3	0
649	291	5	0
653	291	4	0
654	291	4	0
655	291	3	0
662	291	2	0
666	291	3	0
679	291	4	0
682	291	1	0
693	291	3	0
697	291	5	0
699	291	3	0
714	291	3	0
717	291	4	0
719	291	3	0
722	291	4	0
727	291	4	0
733	291	2	0
749	291	4	0
751	291	3	0
754	291	4	0
758	291	4	0
761	291	3	0
788	291	4	0
792	291	2	0
796	291	4	0
804	291	4	0
825	291	5	0
833	291	3	0
851	291	4	0
854	291	2	0
881	291	3	0
882	291	4	0
889	291	3	0
892	291	4	0
896	291	3	0
899	291	4	0
907	291	5	0
910	291	1	0
923	291	4	0
938	291	4	0
2	293	4	0
6	293	3	0
26	293	3	0
76	293	4	0
94	293	4	0
104	293	3	0
130	293	5	0
131	293	3	0
141	293	2	0
144	293	4	0
145	293	4	0
150	293	4	0
157	293	5	0
158	293	4	0
159	293	4	0
160	293	5	0
164	293	4	0
174	293	5	0
176	293	5	0
178	293	4	0
182	293	3	0
207	293	2	0
209	293	4	0
222	293	3	0
227	293	5	0
233	293	4	0
250	293	4	0
259	293	4	0
262	293	2	0
265	293	4	0
267	293	4	0
269	293	3	0
276	293	4	0
277	293	4	0
291	293	5	0
293	293	4	0
294	293	4	0
296	293	5	0
297	293	3	0
303	293	4	0
308	293	4	0
323	293	4	0
324	293	4	0
327	293	3	0
330	293	3	0
332	293	4	0
334	293	3	0
339	293	5	0
342	293	4	0
345	293	4	0
346	293	3	0
347	293	5	0
363	293	4	0
385	293	3	0
387	293	4	0
392	293	4	0
416	293	5	0
417	293	4	0
422	293	3	0
423	293	4	0
425	293	4	0
429	293	4	0
430	293	3	0
432	293	5	0
433	293	3	0
439	293	3	0
445	293	3	0
447	293	4	0
449	293	4	0
454	293	4	0
455	293	4	0
458	293	5	0
460	293	4	0
464	293	5	0
467	293	4	0
468	293	5	0
470	293	4	0
473	293	4	0
474	293	4	0
484	293	5	0
486	293	3	0
487	293	5	0
490	293	2	0
498	293	4	0
501	293	4	0
503	293	4	0
514	293	3	0
525	293	3	0
526	293	5	0
533	293	3	0
540	293	4	0
542	293	3	0
548	293	4	0
567	293	5	0
582	293	5	0
590	293	3	0
592	293	5	0
593	293	1	0
595	293	4	0
597	293	5	0
605	293	3	0
606	293	5	0
614	293	3	0
619	293	3	0
621	293	3	0
624	293	4	0
634	293	3	0
637	293	3	0
644	293	4	0
653	293	3	0
655	293	4	0
665	293	4	0
666	293	3	0
682	293	4	0
703	293	4	0
707	293	4	0
709	293	4	0
716	293	4	0
717	293	5	0
719	293	3	0
733	293	4	0
735	293	3	0
736	293	4	0
749	293	4	0
754	293	4	0
758	293	3	0
761	293	4	0
774	293	1	0
782	293	2	0
789	293	4	0
793	293	4	0
796	293	5	0
825	293	3	0
833	293	4	0
834	293	3	0
854	293	5	0
858	293	3	0
859	293	4	0
880	293	4	0
894	293	4	0
903	293	4	0
910	293	4	0
919	293	4	0
923	293	4	0
931	293	4	0
937	293	4	0
938	293	3	0
2	298	3	0
6	298	3	0
9	298	5	0
21	298	5	0
26	298	3	0
27	298	4	0
32	298	5	0
43	298	4	0
44	298	2	0
54	298	4	0
56	298	4	0
57	298	3	0
62	298	4	0
66	298	4	0
69	298	4	0
70	298	5	0
78	298	3	0
83	298	4	0
85	298	4	0
102	298	3	0
116	298	3	0
117	298	5	0
119	298	4	0
121	298	2	0
130	298	5	0
136	298	4	0
141	298	5	0
144	298	3	0
145	298	1	0
157	298	4	0
158	298	3	0
159	298	5	0
162	298	4	0
164	298	3	0
176	298	4	0
178	298	2	0
186	298	3	0
195	298	4	0
198	298	1	0
207	298	3	0
214	298	3	0
216	298	5	0
220	298	4	0
221	298	4	0
222	298	4	0
223	298	5	0
236	298	4	0
238	298	5	0
249	298	4	0
251	298	5	0
253	298	3	0
259	298	4	0
265	298	5	0
268	298	3	0
276	298	5	0
286	298	4	0
287	298	4	0
292	298	4	0
293	298	4	0
294	298	5	0
296	298	1	0
297	298	5	0
299	298	4	0
303	298	4	0
304	298	5	0
305	298	4	0
308	298	5	0
323	298	4	0
324	298	5	0
327	298	3	0
332	298	4	0
339	298	2	0
342	298	3	0
344	298	4	0
345	298	5	0
347	298	5	0
359	298	5	0
363	298	5	0
378	298	3	0
387	298	3	0
388	298	5	0
392	298	1	0
393	298	4	0
397	298	4	0
416	298	4	0
417	298	3	0
425	298	4	0
429	298	5	0
430	298	3	0
432	298	3	0
435	298	4	0
445	298	2	0
447	298	4	0
453	298	4	0
455	298	4	0
458	298	5	0
459	298	3	0
460	298	2	0
464	298	4	0
467	298	4	0
474	298	3	0
479	298	3	0
480	298	2	0
482	298	4	0
486	298	3	0
487	298	5	0
490	298	3	0
493	298	3	0
497	298	3	0
500	298	4	0
501	298	4	0
504	298	4	0
507	298	5	0
521	298	3	0
526	298	4	0
528	298	4	0
532	298	4	0
533	298	4	0
548	298	4	0
557	298	5	0
564	298	3	0
567	298	4	0
569	298	3	0
577	298	4	0
578	298	4	0
590	298	2	0
592	298	5	0
595	298	4	0
597	298	5	0
606	298	4	0
619	298	5	0
621	298	4	0
622	298	4	0
623	298	2	0
624	298	4	0
630	298	5	0
644	298	4	0
647	298	3	0
648	298	2	0
649	298	4	0
655	298	4	0
660	298	2	0
661	298	3	0
665	298	3	0
671	298	4	0
678	298	3	0
682	298	4	0
689	298	4	0
693	298	3	0
697	298	4	0
699	298	4	0
705	298	5	0
715	298	4	0
716	298	5	0
717	298	3	0
719	298	2	0
730	298	4	0
733	298	2	0
735	298	4	0
738	298	3	0
743	298	4	0
749	298	4	0
757	298	4	0
758	298	4	0
759	298	4	0
770	298	4	0
782	298	4	0
790	298	5	0
793	298	4	0
796	298	5	0
797	298	3	0
807	298	4	0
825	298	5	0
831	298	5	0
833	298	5	0
834	298	4	0
838	298	3	0
843	298	2	0
849	298	5	0
851	298	5	0
869	298	3	0
880	298	4	0
889	298	4	0
893	298	4	0
894	298	3	0
902	298	2	0
910	298	2	0
916	298	3	0
919	298	3	0
931	298	4	0
936	298	4	0
938	298	4	0
939	298	5	0
941	298	5	0
5	410	1	0
6	410	4	0
13	410	1	0
16	410	5	0
26	410	2	0
38	410	3	0
42	410	3	0
56	410	4	0
57	410	3	0
59	410	3	0
75	410	5	0
81	410	4	0
87	410	4	0
92	410	3	0
94	410	4	0
99	410	5	0
109	410	1	0
117	410	3	0
119	410	1	0
130	410	5	0
141	410	4	0
144	410	3	0
145	410	4	0
150	410	4	0
152	410	4	0
157	410	4	0
158	410	3	0
160	410	4	0
178	410	4	0
181	410	1	0
184	410	3	0
193	410	3	0
194	410	3	0
198	410	1	0
200	410	3	0
207	410	3	0
218	410	3	0
222	410	2	0
244	410	4	0
246	410	1	0
252	410	5	0
261	410	5	0
265	410	4	0
267	410	4	0
269	410	4	0
271	410	2	0
276	410	4	0
279	410	5	0
289	410	2	0
291	410	5	0
293	410	2	0
294	410	4	0
301	410	4	0
303	410	4	0
308	410	4	0
314	410	5	0
320	410	4	0
324	410	5	0
327	410	2	0
332	410	4	0
336	410	3	0
339	410	2	0
342	410	3	0
343	410	3	0
347	410	5	0
378	410	3	0
387	410	3	0
389	410	3	0
393	410	4	0
402	410	1	0
403	410	2	0
406	410	4	0
422	410	5	0
429	410	4	0
432	410	4	0
435	410	5	0
442	410	4	0
445	410	1	0
447	410	2	0
449	410	3	0
453	410	4	0
456	410	4	0
457	410	4	0
458	410	1	0
463	410	1	0
474	410	2	0
478	410	3	0
490	410	4	0
493	410	4	0
498	410	3	0
501	410	4	0
506	410	2	0
518	410	3	0
524	410	2	0
528	410	4	0
534	410	5	0
542	410	4	0
543	410	3	0
551	410	5	0
552	410	3	0
555	410	4	0
561	410	1	0
577	410	3	0
582	410	3	0
586	410	3	0
592	410	5	0
595	410	4	0
601	410	4	0
606	410	3	0
614	410	3	0
621	410	4	0
624	410	4	0
633	410	2	0
634	410	4	0
637	410	2	0
638	410	4	0
642	410	1	0
643	410	4	0
648	410	2	0
653	410	1	0
655	410	2	0
663	410	3	0
665	410	3	0
666	410	2	0
674	410	3	0
682	410	3	0
689	410	1	0
692	410	5	0
703	410	4	0
706	410	4	0
714	410	3	0
715	410	4	0
719	410	1	0
727	410	2	0
730	410	1	0
770	410	4	0
774	410	1	0
795	410	2	0
822	410	1	0
823	410	4	0
829	410	3	0
833	410	3	0
839	410	1	0
847	410	1	0
851	410	4	0
859	410	4	0
868	410	3	0
880	410	4	0
886	410	4	0
887	410	4	0
893	410	4	0
897	410	3	0
899	410	1	0
900	410	2	0
903	410	4	0
921	410	2	0
923	410	3	0
927	410	1	0
930	410	3	0
933	410	3	0
936	410	3	0
938	410	1	0
5	455	4	0
7	455	4	0
11	455	3	0
13	455	3	0
14	455	4	0
15	455	1	0
22	455	5	0
25	455	4	0
26	455	3	0
32	455	2	0
49	455	1	0
62	455	3	0
77	455	3	0
82	455	4	0
92	455	2	0
94	455	3	0
119	455	4	0
125	455	5	0
130	455	4	0
144	455	3	0
158	455	4	0
160	455	4	0
178	455	3	0
181	455	1	0
188	455	4	0
198	455	3	0
200	455	3	0
201	455	3	0
211	455	3	0
213	455	4	0
222	455	3	0
244	455	2	0
249	455	4	0
255	455	2	0
267	455	3	0
268	455	3	0
276	455	4	0
279	455	5	0
283	455	4	0
285	455	4	0
286	455	1	0
289	455	4	0
291	455	5	0
293	455	2	0
294	455	3	0
296	455	1	0
297	455	4	0
301	455	5	0
303	455	3	0
308	455	4	0
327	455	2	0
346	455	3	0
347	455	2	0
349	455	2	0
357	455	5	0
359	455	4	0
363	455	5	0
385	455	4	0
386	455	3	0
387	455	4	0
394	455	4	0
396	455	2	0
399	455	4	0
402	455	3	0
407	455	3	0
425	455	2	0
429	455	3	0
435	455	3	0
450	455	4	0
452	455	1	0
455	455	3	0
457	455	4	0
459	455	2	0
463	455	3	0
466	455	3	0
467	455	3	0
472	455	4	0
479	455	4	0
487	455	2	0
490	455	4	0
493	455	5	0
497	455	4	0
506	455	3	0
534	455	5	0
537	455	1	0
540	455	4	0
551	455	1	0
552	455	3	0
561	455	3	0
569	455	3	0
580	455	4	0
582	455	1	0
592	455	4	0
601	455	4	0
606	455	2	0
621	455	4	0
624	455	3	0
638	455	3	0
648	455	3	0
653	455	3	0
654	455	3	0
657	455	1	0
663	455	2	0
671	455	4	0
677	455	5	0
682	455	4	0
697	455	4	0
699	455	3	0
715	455	3	0
717	455	2	0
721	455	5	0
727	455	3	0
738	455	4	0
746	455	4	0
757	455	3	0
758	455	4	0
761	455	2	0
773	455	4	0
786	455	1	0
794	455	4	0
804	455	5	0
805	455	4	0
806	455	3	0
817	455	3	0
825	455	4	0
833	455	3	0
838	455	4	0
839	455	4	0
847	455	2	0
851	455	3	0
854	455	2	0
865	455	4	0
868	455	5	0
882	455	3	0
883	455	4	0
887	455	5	0
889	455	4	0
896	455	2	0
897	455	3	0
899	455	3	0
922	455	4	0
923	455	4	0
930	455	1	0
936	455	3	0
941	455	4	0
6	458	1	0
15	458	5	0
26	458	3	0
59	458	4	0
68	458	1	0
82	458	1	0
85	458	3	0
94	458	4	0
119	458	5	0
121	458	1	0
128	458	4	0
139	458	4	0
150	458	4	0
160	458	5	0
164	458	4	0
168	458	1	0
174	458	4	0
176	458	4	0
178	458	3	0
181	458	3	0
184	458	3	0
201	458	4	0
203	458	3	0
207	458	3	0
213	458	4	0
238	458	4	0
243	458	4	0
244	458	3	0
250	458	5	0
276	458	4	0
303	458	3	0
318	458	4	0
320	458	4	0
324	458	4	0
325	458	3	0
343	458	5	0
349	458	4	0
374	458	5	0
378	458	4	0
385	458	3	0
387	458	1	0
391	458	4	0
395	458	3	0
422	458	3	0
445	458	2	0
452	458	1	0
457	458	3	0
460	458	2	0
470	458	4	0
486	458	3	0
490	458	3	0
518	458	3	0
537	458	3	0
546	458	1	0
548	458	3	0
551	458	2	0
560	458	3	0
561	458	4	0
562	458	2	0
569	458	2	0
582	458	4	0
592	458	3	0
614	458	4	0
618	458	3	0
627	458	3	0
634	458	4	0
648	458	2	0
653	458	2	0
655	458	3	0
658	458	3	0
664	458	3	0
699	458	4	0
703	458	3	0
707	458	3	0
722	458	4	0
733	458	2	0
761	458	1	0
786	458	3	0
793	458	3	0
829	458	3	0
835	458	4	0
839	458	5	0
854	458	3	0
859	458	3	0
870	458	1	0
896	458	1	0
900	458	2	0
905	458	4	0
919	458	2	0
938	458	4	0
6	473	2	0
13	473	4	0
14	473	5	0
15	473	1	0
21	473	3	0
43	473	3	0
45	473	3	0
49	473	3	0
52	473	4	0
56	473	2	0
57	473	3	0
59	473	3	0
62	473	4	0
63	473	2	0
70	473	3	0
75	473	3	0
82	473	2	0
95	473	4	0
99	473	4	0
119	473	3	0
148	473	5	0
151	473	4	0
161	473	1	0
168	473	2	0
181	473	2	0
184	473	4	0
189	473	5	0
199	473	4	0
200	473	4	0
201	473	3	0
222	473	1	0
234	473	5	0
245	473	2	0
256	473	5	0
262	473	2	0
275	473	3	0
276	473	4	0
277	473	2	0
286	473	3	0
289	473	1	0
290	473	1	0
298	473	3	0
299	473	3	0
303	473	4	0
308	473	3	0
313	473	3	0
330	473	4	0
343	473	3	0
344	473	4	0
345	473	2	0
348	473	3	0
354	473	3	0
357	473	3	0
363	473	4	0
365	473	4	0
378	473	3	0
381	473	5	0
385	473	3	0
387	473	4	0
393	473	3	0
401	473	1	0
416	473	2	0
417	473	2	0
429	473	3	0
435	473	3	0
437	473	5	0
449	473	3	0
457	473	4	0
458	473	4	0
459	473	4	0
463	473	4	0
472	473	4	0
483	473	3	0
486	473	3	0
490	473	2	0
514	473	3	0
540	473	3	0
561	473	3	0
569	473	4	0
582	473	3	0
601	473	3	0
606	473	4	0
624	473	3	0
634	473	2	0
642	473	1	0
648	473	3	0
654	473	2	0
660	473	2	0
663	473	3	0
665	473	4	0
697	473	5	0
699	473	3	0
707	473	4	0
708	473	1	0
716	473	4	0
747	473	3	0
756	473	3	0
769	473	3	0
770	473	5	0
794	473	4	0
795	473	2	0
798	473	2	0
804	473	4	0
805	473	4	0
807	473	3	0
821	473	3	0
823	473	3	0
840	473	5	0
843	473	2	0
847	473	2	0
851	473	4	0
852	473	3	0
864	473	4	0
865	473	3	0
880	473	3	0
881	473	2	0
882	473	3	0
887	473	4	0
889	473	4	0
892	473	3	0
896	473	2	0
897	473	3	0
906	473	4	0
911	473	3	0
917	473	3	0
938	473	3	0
6	475	5	0
10	475	4	0
13	475	3	0
14	475	3	0
17	475	4	0
24	475	4	0
26	475	3	0
27	475	2	0
32	475	5	0
49	475	4	0
50	475	5	0
52	475	4	0
54	475	5	0
57	475	2	0
58	475	5	0
62	475	4	0
63	475	4	0
64	475	5	0
66	475	2	0
68	475	5	0
69	475	3	0
71	475	5	0
73	475	4	0
75	475	5	0
81	475	5	0
82	475	1	0
89	475	5	0
90	475	3	0
92	475	5	0
94	475	5	0
99	475	5	0
104	475	4	0
109	475	1	0
115	475	5	0
117	475	5	0
118	475	5	0
119	475	4	0
125	475	1	0
130	475	3	0
135	475	4	0
136	475	4	0
139	475	5	0
144	475	1	0
150	475	5	0
154	475	4	0
157	475	3	0
160	475	5	0
176	475	5	0
177	475	4	0
181	475	2	0
198	475	4	0
199	475	5	0
201	475	4	0
203	475	3	0
207	475	2	0
213	475	4	0
214	475	5	0
216	475	5	0
221	475	4	0
222	475	4	0
227	475	4	0
228	475	3	0
232	475	5	0
239	475	5	0
242	475	3	0
244	475	4	0
246	475	4	0
248	475	5	0
250	475	4	0
252	475	5	0
257	475	5	0
259	475	5	0
264	475	5	0
267	475	5	0
268	475	4	0
269	475	5	0
270	475	5	0
276	475	5	0
286	475	4	0
291	475	5	0
292	475	5	0
294	475	5	0
296	475	4	0
297	475	5	0
299	475	4	0
303	475	4	0
305	475	4	0
308	475	4	0
315	475	4	0
323	475	3	0
324	475	5	0
325	475	4	0
327	475	4	0
331	475	3	0
334	475	4	0
336	475	4	0
339	475	5	0
342	475	5	0
343	475	5	0
347	475	4	0
349	475	4	0
361	475	4	0
374	475	1	0
382	475	3	0
383	475	2	0
387	475	3	0
389	475	5	0
390	475	1	0
397	475	4	0
399	475	5	0
402	475	3	0
409	475	4	0
416	475	2	0
417	475	4	0
420	475	4	0
422	475	4	0
425	475	5	0
429	475	4	0
432	475	4	0
437	475	3	0
439	475	3	0
445	475	5	0
449	475	5	0
452	475	2	0
453	475	5	0
455	475	4	0
456	475	5	0
458	475	4	0
463	475	3	0
465	475	3	0
467	475	4	0
468	475	4	0
470	475	4	0
472	475	5	0
473	475	5	0
474	475	4	0
479	475	1	0
486	475	4	0
490	475	4	0
491	475	4	0
493	475	3	0
497	475	4	0
498	475	3	0
500	475	5	0
501	475	5	0
503	475	2	0
506	475	1	0
518	475	4	0
521	475	3	0
525	475	3	0
526	475	5	0
527	475	3	0
533	475	1	0
534	475	4	0
537	475	4	0
540	475	4	0
542	475	3	0
548	475	4	0
551	475	5	0
561	475	3	0
567	475	4	0
568	475	4	0
569	475	3	0
576	475	1	0
581	475	4	0
582	475	5	0
588	475	2	0
590	475	4	0
592	475	5	0
595	475	5	0
601	475	4	0
605	475	3	0
606	475	4	0
607	475	4	0
608	475	3	0
609	475	2	0
615	475	4	0
617	475	1	0
624	475	4	0
629	475	4	0
632	475	3	0
634	475	5	0
637	475	1	0
648	475	1	0
655	475	3	0
657	475	4	0
658	475	4	0
663	475	4	0
665	475	3	0
667	475	5	0
668	475	4	0
669	475	3	0
677	475	4	0
682	475	3	0
689	475	4	0
699	475	4	0
711	475	5	0
715	475	4	0
717	475	5	0
735	475	4	0
737	475	4	0
741	475	3	0
742	475	4	0
747	475	5	0
758	475	5	0
762	475	5	0
763	475	4	0
768	475	2	0
770	475	5	0
773	475	3	0
789	475	5	0
790	475	3	0
794	475	5	0
805	475	5	0
806	475	4	0
823	475	5	0
828	475	4	0
829	475	4	0
833	475	3	0
834	475	5	0
839	475	5	0
851	475	4	0
854	475	4	0
855	475	4	0
857	475	5	0
859	475	4	0
861	475	3	0
865	475	4	0
867	475	5	0
868	475	4	0
870	475	5	0
877	475	4	0
880	475	4	0
884	475	4	0
886	475	5	0
889	475	4	0
894	475	3	0
903	475	4	0
905	475	3	0
906	475	3	0
907	475	3	0
913	475	4	0
916	475	4	0
919	475	3	0
923	475	5	0
932	475	4	0
933	475	2	0
936	475	5	0
941	475	4	0
943	475	5	0
6	477	1	0
13	477	4	0
14	477	4	0
24	477	5	0
25	477	4	0
49	477	2	0
57	477	4	0
59	477	3	0
75	477	4	0
82	477	3	0
83	477	2	0
84	477	4	0
87	477	3	0
93	477	5	0
94	477	2	0
130	477	4	0
145	477	2	0
181	477	1	0
186	477	4	0
195	477	2	0
203	477	4	0
222	477	2	0
223	477	3	0
234	477	1	0
243	477	4	0
246	477	4	0
250	477	3	0
265	477	3	0
268	477	3	0
271	477	3	0
286	477	3	0
289	477	2	0
298	477	4	0
303	477	3	0
308	477	4	0
314	477	3	0
344	477	3	0
348	477	3	0
374	477	1	0
387	477	1	0
389	477	4	0
393	477	3	0
401	477	1	0
403	477	4	0
416	477	4	0
422	477	4	0
434	477	5	0
450	477	4	0
459	477	1	0
463	477	2	0
465	477	4	0
471	477	5	0
472	477	5	0
523	477	3	0
532	477	4	0
533	477	4	0
534	477	3	0
541	477	4	0
548	477	1	0
562	477	4	0
582	477	4	0
597	477	5	0
606	477	4	0
610	477	2	0
612	477	2	0
618	477	2	0
624	477	3	0
630	477	4	0
634	477	3	0
642	477	5	0
648	477	3	0
658	477	3	0
684	477	5	0
699	477	3	0
714	477	2	0
749	477	3	0
754	477	5	0
761	477	1	0
770	477	4	0
771	477	5	0
795	477	3	0
796	477	2	0
805	477	4	0
807	477	4	0
870	477	4	0
880	477	3	0
881	477	4	0
883	477	5	0
887	477	1	0
892	477	4	0
897	477	3	0
901	477	3	0
919	477	4	0
927	477	3	0
938	477	1	0
6	508	3	0
11	508	4	0
13	508	3	0
15	508	2	0
17	508	3	0
24	508	4	0
26	508	3	0
27	508	3	0
32	508	4	0
38	508	2	0
49	508	3	0
50	508	5	0
59	508	5	0
60	508	4	0
62	508	4	0
63	508	4	0
66	508	4	0
69	508	4	0
74	508	4	0
75	508	4	0
79	508	3	0
82	508	2	0
83	508	2	0
85	508	2	0
92	508	5	0
94	508	5	0
99	508	4	0
104	508	2	0
109	508	4	0
113	508	4	0
115	508	5	0
118	508	4	0
120	508	2	0
121	508	4	0
125	508	1	0
128	508	4	0
130	508	4	0
134	508	3	0
139	508	4	0
144	508	4	0
157	508	5	0
160	508	5	0
161	508	2	0
162	508	5	0
175	508	1	0
176	508	3	0
177	508	4	0
178	508	3	0
181	508	3	0
184	508	4	0
190	508	3	0
193	508	4	0
195	508	3	0
199	508	4	0
201	508	4	0
207	508	4	0
213	508	4	0
214	508	4	0
216	508	4	0
221	508	4	0
222	508	3	0
226	508	4	0
232	508	1	0
239	508	5	0
244	508	4	0
266	508	4	0
269	508	4	0
276	508	5	0
277	508	4	0
280	508	3	0
291	508	5	0
294	508	4	0
296	508	5	0
297	508	4	0
299	508	4	0
303	508	4	0
314	508	3	0
315	508	4	0
318	508	4	0
322	508	4	0
323	508	4	0
324	508	5	0
326	508	3	0
327	508	2	0
334	508	3	0
339	508	4	0
342	508	3	0
343	508	5	0
344	508	4	0
345	508	4	0
347	508	3	0
354	508	3	0
357	508	5	0
377	508	4	0
378	508	4	0
382	508	3	0
385	508	2	0
387	508	4	0
388	508	3	0
391	508	2	0
394	508	4	0
399	508	3	0
401	508	3	0
406	508	4	0
407	508	4	0
412	508	4	0
413	508	4	0
417	508	3	0
420	508	3	0
423	508	4	0
424	508	3	0
429	508	4	0
432	508	5	0
442	508	3	0
445	508	2	0
447	508	3	0
453	508	4	0
455	508	4	0
456	508	4	0
463	508	4	0
468	508	4	0
470	508	5	0
473	508	2	0
474	508	3	0
486	508	4	0
497	508	3	0
501	508	4	0
518	508	3	0
523	508	3	0
524	508	5	0
526	508	4	0
527	508	3	0
532	508	4	0
533	508	4	0
534	508	4	0
535	508	5	0
537	508	4	0
540	508	4	0
542	508	3	0
543	508	4	0
551	508	4	0
557	508	4	0
558	508	5	0
559	508	3	0
560	508	3	0
566	508	4	0
569	508	3	0
582	508	4	0
591	508	4	0
592	508	5	0
595	508	5	0
599	508	3	0
601	508	4	0
602	508	3	0
605	508	5	0
606	508	4	0
608	508	4	0
610	508	3	0
614	508	4	0
624	508	4	0
632	508	2	0
634	508	4	0
637	508	2	0
643	508	4	0
653	508	3	0
654	508	1	0
655	508	3	0
657	508	4	0
663	508	4	0
665	508	2	0
669	508	3	0
676	508	1	0
677	508	5	0
692	508	3	0
693	508	2	0
703	508	3	0
708	508	4	0
709	508	4	0
722	508	4	0
728	508	4	0
731	508	1	0
742	508	4	0
744	508	5	0
747	508	5	0
758	508	4	0
761	508	1	0
770	508	5	0
774	508	3	0
780	508	3	0
789	508	4	0
792	508	2	0
793	508	4	0
825	508	4	0
831	508	3	0
833	508	5	0
839	508	3	0
854	508	4	0
860	508	4	0
870	508	3	0
880	508	4	0
894	508	3	0
896	508	2	0
900	508	3	0
905	508	4	0
910	508	4	0
913	508	3	0
919	508	5	0
931	508	4	0
933	508	3	0
936	508	3	0
937	508	1	0
938	508	4	0
939	508	5	0
940	508	5	0
943	508	5	0
7	544	3	0
11	544	4	0
50	544	4	0
81	544	2	0
94	544	3	0
99	544	4	0
104	544	3	0
119	544	2	0
145	544	4	0
158	544	2	0
160	544	4	0
162	544	4	0
181	544	1	0
190	544	4	0
201	544	2	0
221	544	4	0
224	544	1	0
268	544	3	0
276	544	3	0
279	544	1	0
280	544	4	0
288	544	5	0
293	544	3	0
294	544	4	0
296	544	4	0
303	544	4	0
323	544	4	0
342	544	1	0
347	544	4	0
349	544	4	0
374	544	1	0
391	544	4	0
393	544	3	0
399	544	2	0
416	544	2	0
417	544	3	0
445	544	2	0
447	544	4	0
449	544	3	0
456	544	3	0
463	544	4	0
468	544	3	0
470	544	3	0
486	544	4	0
501	544	4	0
518	544	3	0
526	544	1	0
551	544	4	0
561	544	2	0
592	544	4	0
595	544	3	0
624	544	4	0
634	544	3	0
637	544	3	0
663	544	4	0
666	544	4	0
699	544	4	0
727	544	3	0
733	544	1	0
792	544	4	0
825	544	3	0
833	544	1	0
834	544	4	0
851	544	4	0
854	544	3	0
862	544	5	0
886	544	4	0
889	544	3	0
903	544	2	0
906	544	4	0
923	544	4	0
7	595	2	0
21	595	3	0
42	595	1	0
54	595	3	0
59	595	3	0
81	595	4	0
92	595	3	0
99	595	4	0
101	595	2	0
109	595	3	0
113	595	5	0
119	595	3	0
121	595	2	0
145	595	3	0
159	595	5	0
181	595	2	0
186	595	3	0
236	595	3	0
251	595	3	0
256	595	4	0
276	595	2	0
280	595	3	0
303	595	2	0
314	595	3	0
328	595	3	0
332	595	4	0
347	595	2	0
357	595	4	0
372	595	4	0
374	595	3	0
396	595	3	0
436	595	5	0
445	595	2	0
486	595	2	0
504	595	4	0
518	595	3	0
525	595	2	0
533	595	2	0
534	595	4	0
548	595	4	0
551	595	2	0
554	595	3	0
577	595	4	0
599	595	5	0
620	595	5	0
624	595	3	0
630	595	5	0
634	595	4	0
637	595	3	0
697	595	4	0
715	595	3	0
749	595	4	0
754	595	2	0
764	595	4	0
792	595	3	0
805	595	3	0
825	595	3	0
851	595	3	0
880	595	1	0
891	595	3	0
894	595	3	0
903	595	2	0
938	595	2	0
943	595	2	0
7	596	5	0
13	596	3	0
14	596	3	0
21	596	3	0
27	596	2	0
43	596	3	0
45	596	3	0
56	596	4	0
63	596	2	0
68	596	2	0
70	596	3	0
81	596	3	0
82	596	3	0
85	596	3	0
92	596	2	0
95	596	2	0
101	596	3	0
102	596	2	0
115	596	1	0
116	596	5	0
117	596	3	0
130	596	4	0
148	596	5	0
152	596	2	0
168	596	4	0
178	596	3	0
181	596	4	0
182	596	5	0
184	596	4	0
186	596	4	0
189	596	3	0
200	596	4	0
201	596	4	0
211	596	3	0
222	596	3	0
223	596	3	0
226	596	3	0
234	596	2	0
236	596	4	0
244	596	4	0
245	596	4	0
246	596	3	0
250	596	5	0
251	596	3	0
254	596	4	0
261	596	2	0
262	596	4	0
270	596	5	0
274	596	3	0
286	596	3	0
290	596	4	0
297	596	3	0
298	596	3	0
303	596	4	0
312	596	5	0
330	596	5	0
348	596	4	0
349	596	2	0
373	596	3	0
378	596	5	0
381	596	3	0
388	596	4	0
393	596	4	0
395	596	2	0
406	596	3	0
417	596	3	0
429	596	3	0
435	596	4	0
458	596	4	0
459	596	3	0
463	596	3	0
471	596	1	0
481	596	4	0
487	596	5	0
490	596	1	0
525	596	4	0
533	596	2	0
536	596	3	0
540	596	4	0
541	596	4	0
550	596	2	0
551	596	5	0
554	596	3	0
561	596	2	0
606	596	4	0
618	596	4	0
620	596	2	0
634	596	3	0
636	596	5	0
637	596	2	0
642	596	5	0
648	596	3	0
654	596	3	0
668	596	3	0
684	596	3	0
689	596	3	0
697	596	4	0
699	596	3	0
703	596	3	0
708	596	4	0
727	596	4	0
747	596	5	0
751	596	4	0
764	596	3	0
770	596	4	0
771	596	4	0
779	596	4	0
792	596	3	0
807	596	4	0
815	596	5	0
837	596	3	0
838	596	5	0
843	596	3	0
847	596	3	0
864	596	4	0
869	596	3	0
879	596	2	0
881	596	3	0
885	596	4	0
887	596	5	0
892	596	3	0
896	596	2	0
907	596	4	0
913	596	1	0
919	596	3	0
922	596	4	0
938	596	5	0
7	619	3	0
13	619	3	0
21	619	2	0
81	619	3	0
92	619	4	0
99	619	4	0
130	619	4	0
141	619	4	0
164	619	4	0
168	619	3	0
178	619	3	0
181	619	3	0
203	619	3	0
222	619	4	0
223	619	2	0
234	619	2	0
277	619	4	0
280	619	4	0
291	619	3	0
293	619	1	0
294	619	3	0
303	619	3	0
323	619	3	0
332	619	3	0
336	619	3	0
344	619	4	0
349	619	4	0
374	619	3	0
378	619	3	0
387	619	1	0
396	619	3	0
416	619	4	0
438	619	4	0
450	619	3	0
458	619	2	0
459	619	4	0
500	619	3	0
518	619	4	0
532	619	5	0
534	619	4	0
548	619	3	0
552	619	3	0
580	619	3	0
592	619	1	0
593	619	3	0
605	619	4	0
606	619	4	0
624	619	3	0
637	619	2	0
648	619	3	0
653	619	3	0
655	619	3	0
663	619	4	0
682	619	3	0
699	619	2	0
733	619	3	0
754	619	4	0
758	619	4	0
825	619	4	0
851	619	4	0
854	619	2	0
864	619	3	0
880	619	4	0
907	619	2	0
7	628	3	0
14	628	5	0
17	628	1	0
21	628	3	0
26	628	3	0
32	628	4	0
43	628	3	0
49	628	4	0
53	628	5	0
69	628	3	0
72	628	4	0
76	628	2	0
84	628	3	0
87	628	4	0
92	628	4	0
99	628	4	0
104	628	4	0
109	628	2	0
115	628	5	0
117	628	5	0
119	628	4	0
121	628	3	0
145	628	2	0
150	628	4	0
151	628	5	0
159	628	3	0
160	628	3	0
162	628	4	0
177	628	2	0
178	628	4	0
181	628	3	0
188	628	5	0
190	628	4	0
194	628	3	0
203	628	4	0
207	628	3	0
213	628	5	0
216	628	4	0
222	628	5	0
230	628	3	0
234	628	2	0
244	628	4	0
246	628	1	0
249	628	3	0
250	628	4	0
256	628	5	0
262	628	2	0
265	628	4	0
274	628	4	0
276	628	4	0
277	628	4	0
285	628	2	0
286	628	4	0
292	628	3	0
293	628	3	0
296	628	5	0
297	628	4	0
305	628	4	0
308	628	3	0
313	628	4	0
314	628	5	0
318	628	4	0
325	628	3	0
327	628	2	0
328	628	3	0
332	628	4	0
334	628	4	0
336	628	3	0
344	628	4	0
345	628	3	0
348	628	4	0
372	628	4	0
374	628	3	0
388	628	4	0
391	628	4	0
393	628	4	0
399	628	3	0
402	628	3	0
413	628	4	0
416	628	4	0
417	628	3	0
423	628	4	0
429	628	3	0
430	628	3	0
432	628	5	0
434	628	1	0
435	628	5	0
436	628	5	0
442	628	4	0
445	628	1	0
450	628	4	0
453	628	3	0
455	628	4	0
457	628	4	0
474	628	4	0
486	628	3	0
487	628	4	0
498	628	4	0
501	628	4	0
504	628	4	0
516	628	4	0
518	628	5	0
527	628	3	0
534	628	5	0
535	628	4	0
537	628	2	0
540	628	3	0
548	628	2	0
551	628	5	0
552	628	3	0
586	628	3	0
592	628	3	0
606	628	4	0
618	628	2	0
624	628	4	0
627	628	4	0
634	628	4	0
642	628	3	0
650	628	3	0
653	628	4	0
655	628	3	0
657	628	3	0
658	628	3	0
663	628	4	0
671	628	3	0
682	628	4	0
693	628	4	0
697	628	4	0
703	628	4	0
706	628	4	0
708	628	3	0
709	628	3	0
716	628	3	0
717	628	5	0
722	628	4	0
727	628	3	0
735	628	3	0
744	628	2	0
749	628	4	0
758	628	4	0
761	628	4	0
768	628	3	0
789	628	3	0
793	628	3	0
796	628	4	0
806	628	3	0
825	628	4	0
833	628	4	0
834	628	5	0
835	628	3	0
837	628	3	0
840	628	4	0
843	628	2	0
854	628	2	0
864	628	4	0
872	628	4	0
880	628	2	0
886	628	3	0
894	628	3	0
903	628	3	0
904	628	3	0
906	628	5	0
907	628	5	0
910	628	1	0
917	628	5	0
919	628	3	0
923	628	4	0
936	628	1	0
940	628	4	0
10	696	4	0
15	696	2	0
21	696	2	0
75	696	4	0
94	696	4	0
115	696	4	0
141	696	4	0
145	696	3	0
174	696	4	0
178	696	4	0
181	696	2	0
190	696	3	0
207	696	3	0
236	696	2	0
276	696	2	0
293	696	2	0
296	696	4	0
313	696	3	0
328	696	3	0
332	696	3	0
344	696	3	0
345	696	3	0
347	696	4	0
349	696	3	0
372	696	4	0
374	696	3	0
378	696	3	0
391	696	4	0
393	696	4	0
402	696	4	0
416	696	3	0
423	696	3	0
435	696	3	0
437	696	3	0
450	696	4	0
456	696	3	0
458	696	3	0
459	696	4	0
474	696	3	0
486	696	3	0
491	696	3	0
501	696	4	0
518	696	5	0
533	696	3	0
548	696	4	0
551	696	2	0
554	696	3	0
586	696	3	0
624	696	4	0
634	696	4	0
653	696	1	0
663	696	3	0
666	696	3	0
682	696	4	0
707	696	4	0
716	696	2	0
722	696	4	0
733	696	3	0
741	696	3	0
764	696	3	0
786	696	3	0
788	696	3	0
792	696	3	0
793	696	3	0
825	696	3	0
830	696	2	0
833	696	3	0
839	696	2	0
851	696	3	0
854	696	2	0
869	696	2	0
889	696	3	0
896	696	1	0
900	696	2	0
903	696	3	0
906	696	4	0
907	696	5	0
917	696	5	0
936	696	2	0
13	762	5	0
14	762	3	0
18	762	3	0
45	762	4	0
52	762	3	0
59	762	4	0
63	762	3	0
70	762	3	0
89	762	3	0
90	762	3	0
99	762	2	0
109	762	3	0
115	762	4	0
119	762	4	0
144	762	3	0
145	762	3	0
160	762	3	0
174	762	5	0
178	762	3	0
180	762	4	0
181	762	2	0
194	762	3	0
196	762	3	0
218	762	4	0
221	762	4	0
222	762	3	0
244	762	3	0
259	762	2	0
262	762	2	0
264	762	3	0
268	762	2	0
269	762	1	0
274	762	5	0
277	762	3	0
279	762	3	0
286	762	2	0
303	762	4	0
314	762	4	0
323	762	4	0
334	762	3	0
336	762	5	0
342	762	2	0
344	762	3	0
345	762	5	0
361	762	2	0
365	762	4	0
374	762	5	0
376	762	4	0
378	762	3	0
401	762	2	0
416	762	3	0
417	762	3	0
429	762	4	0
435	762	4	0
436	762	4	0
445	762	1	0
447	762	3	0
450	762	3	0
458	762	3	0
467	762	3	0
478	762	4	0
486	762	4	0
493	762	4	0
500	762	4	0
506	762	3	0
525	762	4	0
537	762	3	0
540	762	4	0
548	762	4	0
551	762	5	0
555	762	4	0
561	762	3	0
569	762	3	0
588	762	4	0
592	762	5	0
593	762	4	0
595	762	4	0
618	762	3	0
624	762	4	0
634	762	3	0
655	762	2	0
659	762	3	0
661	762	2	0
663	762	4	0
665	762	4	0
682	762	3	0
692	762	4	0
699	762	3	0
708	762	5	0
709	762	3	0
711	762	3	0
712	762	4	0
733	762	4	0
768	762	1	0
771	762	2	0
789	762	3	0
790	762	5	0
792	762	4	0
796	762	3	0
823	762	4	0
834	762	4	0
837	762	2	0
854	762	2	0
859	762	5	0
868	762	4	0
880	762	4	0
886	762	5	0
888	762	5	0
889	762	3	0
904	762	2	0
907	762	5	0
916	762	3	0
921	762	2	0
923	762	4	0
938	762	4	0
13	763	1	0
20	763	1	0
24	763	5	0
45	763	2	0
57	763	5	0
62	763	1	0
66	763	4	0
68	763	1	0
69	763	3	0
79	763	5	0
92	763	3	0
94	763	3	0
99	763	5	0
101	763	3	0
109	763	2	0
115	763	2	0
117	763	5	0
125	763	3	0
128	763	4	0
130	763	5	0
145	763	4	0
152	763	5	0
160	763	4	0
168	763	2	0
174	763	1	0
178	763	4	0
181	763	1	0
182	763	3	0
193	763	3	0
198	763	3	0
207	763	3	0
210	763	2	0
216	763	4	0
221	763	4	0
222	763	3	0
223	763	3	0
244	763	4	0
255	763	5	0
269	763	1	0
271	763	3	0
276	763	3	0
279	763	3	0
286	763	2	0
291	763	4	0
301	763	4	0
303	763	4	0
304	763	4	0
314	763	5	0
318	763	3	0
320	763	4	0
323	763	4	0
324	763	5	0
330	763	5	0
332	763	5	0
336	763	3	0
342	763	3	0
347	763	5	0
374	763	3	0
389	763	1	0
393	763	5	0
394	763	3	0
399	763	2	0
416	763	5	0
429	763	4	0
432	763	5	0
434	763	5	0
435	763	5	0
436	763	4	0
445	763	2	0
449	763	2	0
453	763	4	0
456	763	4	0
472	763	4	0
478	763	5	0
493	763	4	0
497	763	3	0
500	763	3	0
513	763	3	0
518	763	1	0
521	763	4	0
532	763	5	0
534	763	4	0
541	763	3	0
542	763	4	0
551	763	5	0
566	763	4	0
576	763	3	0
577	763	3	0
582	763	2	0
586	763	4	0
592	763	5	0
593	763	3	0
595	763	3	0
597	763	4	0
599	763	5	0
601	763	5	0
606	763	5	0
618	763	2	0
621	763	4	0
622	763	4	0
624	763	3	0
632	763	3	0
634	763	3	0
648	763	2	0
653	763	1	0
663	763	5	0
665	763	4	0
674	763	5	0
682	763	4	0
684	763	2	0
689	763	4	0
690	763	4	0
692	763	3	0
697	763	4	0
708	763	4	0
711	763	1	0
714	763	4	0
726	763	2	0
749	763	1	0
768	763	2	0
790	763	3	0
804	763	4	0
821	763	3	0
837	763	1	0
847	763	1	0
859	763	4	0
865	763	1	0
870	763	4	0
872	763	3	0
879	763	5	0
880	763	3	0
881	763	3	0
887	763	5	0
889	763	4	0
892	763	2	0
896	763	2	0
897	763	3	0
903	763	5	0
907	763	5	0
916	763	3	0
917	763	3	0
921	763	3	0
923	763	4	0
927	763	4	0
930	763	3	0
933	763	3	0
938	763	4	0
941	763	3	0
943	763	4	0
13	825	1	0
37	825	2	0
57	825	1	0
59	825	4	0
66	825	3	0
75	825	1	0
92	825	4	0
104	825	1	0
119	825	3	0
141	825	4	0
145	825	4	0
158	825	4	0
160	825	2	0
164	825	4	0
181	825	1	0
201	825	1	0
217	825	3	0
222	825	3	0
255	825	1	0
268	825	3	0
269	825	1	0
275	825	2	0
276	825	3	0
290	825	3	0
291	825	4	0
294	825	3	0
303	825	3	0
308	825	4	0
320	825	4	0
357	825	3	0
363	825	4	0
374	825	3	0
386	825	4	0
393	825	4	0
399	825	2	0
406	825	4	0
417	825	4	0
425	825	2	0
435	825	3	0
452	825	5	0
457	825	5	0
459	825	3	0
472	825	5	0
486	825	2	0
487	825	3	0
496	825	3	0
534	825	4	0
540	825	4	0
551	825	5	0
576	825	4	0
580	825	4	0
592	825	1	0
595	825	2	0
597	825	5	0
606	825	5	0
619	825	2	0
621	825	3	0
648	825	4	0
654	825	3	0
655	825	2	0
660	825	2	0
699	825	3	0
709	825	2	0
717	825	2	0
757	825	3	0
790	825	3	0
795	825	2	0
798	825	3	0
825	825	4	0
839	825	4	0
851	825	4	0
852	825	3	0
854	825	3	0
862	825	5	0
865	825	1	0
868	825	1	0
880	825	4	0
892	825	4	0
907	825	3	0
916	825	1	0
923	825	4	0
936	825	4	0
943	825	3	0
13	864	4	0
15	864	4	0
26	864	2	0
52	864	3	0
57	864	3	0
75	864	4	0
83	864	4	0
94	864	2	0
125	864	3	0
130	864	2	0
141	864	3	0
160	864	1	0
178	864	2	0
181	864	2	0
182	864	4	0
188	864	2	0
194	864	2	0
207	864	3	0
210	864	3	0
223	864	3	0
236	864	2	0
256	864	4	0
271	864	3	0
279	864	5	0
297	864	3	0
298	864	3	0
301	864	4	0
306	864	3	0
318	864	2	0
330	864	4	0
336	864	1	0
344	864	3	0
357	864	5	0
393	864	3	0
402	864	3	0
403	864	4	0
416	864	3	0
432	864	2	0
438	864	3	0
456	864	4	0
459	864	4	0
463	864	3	0
486	864	3	0
497	864	3	0
518	864	3	0
532	864	4	0
542	864	3	0
551	864	5	0
552	864	3	0
554	864	4	0
560	864	3	0
590	864	1	0
595	864	4	0
601	864	1	0
612	864	4	0
624	864	3	0
630	864	4	0
634	864	3	0
642	864	3	0
648	864	3	0
663	864	3	0
666	864	3	0
671	864	3	0
672	864	3	0
703	864	2	0
707	864	4	0
708	864	3	0
758	864	4	0
761	864	4	0
764	864	4	0
790	864	4	0
800	864	4	0
825	864	3	0
839	864	3	0
844	864	3	0
872	864	3	0
880	864	3	0
881	864	3	0
897	864	4	0
900	864	2	0
901	864	5	0
919	864	2	0
935	864	5	0
936	864	4	0
937	864	3	0
938	864	4	0
15	928	1	0
21	928	3	0
49	928	2	0
59	928	4	0
81	928	4	0
92	928	3	0
94	928	3	0
101	928	2	0
109	928	3	0
117	928	3	0
130	928	4	0
145	928	3	0
181	928	3	0
188	928	3	0
193	928	2	0
216	928	3	0
234	928	2	0
248	928	3	0
259	928	4	0
268	928	1	0
269	928	1	0
270	928	4	0
276	928	3	0
280	928	5	0
291	928	2	0
294	928	3	0
303	928	3	0
308	928	4	0
332	928	5	0
342	928	3	0
344	928	2	0
347	928	3	0
348	928	5	0
357	928	4	0
374	928	1	0
378	928	2	0
394	928	4	0
399	928	2	0
403	928	3	0
416	928	3	0
417	928	3	0
429	928	2	0
434	928	5	0
435	928	3	0
436	928	4	0
442	928	3	0
450	928	3	0
472	928	4	0
497	928	3	0
501	928	3	0
504	928	4	0
524	928	4	0
525	928	3	0
537	928	1	0
546	928	4	0
548	928	3	0
560	928	3	0
561	928	2	0
586	928	3	0
588	928	4	0
595	928	3	0
599	928	4	0
601	928	1	0
606	928	4	0
620	928	5	0
624	928	3	0
642	928	5	0
643	928	4	0
648	928	4	0
650	928	2	0
663	928	3	0
697	928	3	0
722	928	3	0
727	928	3	0
760	928	1	0
790	928	3	0
793	928	3	0
795	928	1	0
796	928	2	0
804	928	4	0
805	928	3	0
817	928	3	0
825	928	3	0
833	928	2	0
835	928	3	0
847	928	3	0
849	928	5	0
854	928	3	0
859	928	3	0
862	928	4	0
865	928	1	0
872	928	2	0
880	928	2	0
887	928	5	0
893	928	3	0
896	928	3	0
897	928	5	0
903	928	2	0
907	928	5	0
923	928	4	0
927	928	4	0
936	928	3	0
938	928	5	0
943	928	5	0
26	1011	3	0
52	1011	4	0
57	1011	3	0
63	1011	1	0
92	1011	3	0
94	1011	4	0
104	1011	3	0
109	1011	3	0
145	1011	5	0
158	1011	4	0
162	1011	4	0
178	1011	3	0
181	1011	1	0
194	1011	3	0
201	1011	3	0
221	1011	4	0
222	1011	4	0
227	1011	4	0
234	1011	3	0
242	1011	3	0
249	1011	5	0
269	1011	4	0
276	1011	3	0
277	1011	3	0
279	1011	3	0
293	1011	3	0
294	1011	2	0
303	1011	2	0
320	1011	3	0
329	1011	3	0
332	1011	3	0
334	1011	4	0
336	1011	2	0
342	1011	3	0
345	1011	3	0
346	1011	1	0
347	1011	3	0
365	1011	3	0
374	1011	4	0
387	1011	3	0
401	1011	3	0
416	1011	4	0
417	1011	3	0
423	1011	3	0
429	1011	4	0
445	1011	1	0
449	1011	4	0
458	1011	3	0
460	1011	4	0
467	1011	2	0
472	1011	4	0
474	1011	4	0
486	1011	4	0
487	1011	3	0
501	1011	4	0
518	1011	4	0
525	1011	3	0
532	1011	5	0
537	1011	3	0
540	1011	4	0
548	1011	2	0
551	1011	5	0
592	1011	4	0
606	1011	3	0
634	1011	4	0
637	1011	1	0
642	1011	3	0
655	1011	3	0
663	1011	3	0
666	1011	4	0
677	1011	3	0
682	1011	4	0
699	1011	4	0
715	1011	4	0
717	1011	4	0
733	1011	4	0
751	1011	4	0
769	1011	3	0
792	1011	3	0
825	1011	3	0
854	1011	2	0
862	1011	5	0
865	1011	1	0
872	1011	1	0
889	1011	3	0
896	1011	2	0
905	1011	3	0
906	1011	4	0
916	1011	4	0
923	1011	4	0
924	1011	3	0
936	1011	4	0
943	1011	2	0
26	1012	4	0
32	1012	4	0
54	1012	2	0
58	1012	4	0
62	1012	3	0
63	1012	3	0
92	1012	4	0
94	1012	4	0
104	1012	4	0
109	1012	4	0
117	1012	4	0
144	1012	4	0
145	1012	4	0
148	1012	4	0
159	1012	5	0
160	1012	5	0
162	1012	4	0
168	1012	5	0
176	1012	4	0
178	1012	4	0
184	1012	3	0
207	1012	3	0
210	1012	4	0
213	1012	3	0
221	1012	4	0
244	1012	2	0
249	1012	3	0
251	1012	4	0
277	1012	3	0
279	1012	5	0
291	1012	4	0
294	1012	4	0
300	1012	4	0
301	1012	4	0
303	1012	4	0
314	1012	4	0
318	1012	4	0
323	1012	4	0
327	1012	2	0
336	1012	5	0
342	1012	4	0
345	1012	3	0
347	1012	4	0
363	1012	4	0
367	1012	4	0
385	1012	3	0
387	1012	4	0
392	1012	4	0
403	1012	1	0
407	1012	3	0
416	1012	4	0
429	1012	3	0
432	1012	5	0
445	1012	1	0
457	1012	4	0
463	1012	2	0
467	1012	3	0
468	1012	4	0
490	1012	3	0
500	1012	4	0
521	1012	3	0
525	1012	3	0
554	1012	3	0
567	1012	3	0
573	1012	2	0
592	1012	5	0
593	1012	3	0
609	1012	1	0
621	1012	5	0
624	1012	4	0
643	1012	4	0
653	1012	4	0
655	1012	3	0
680	1012	3	0
682	1012	4	0
692	1012	1	0
697	1012	1	0
703	1012	4	0
730	1012	5	0
735	1012	2	0
742	1012	4	0
758	1012	4	0
761	1012	1	0
764	1012	4	0
770	1012	5	0
782	1012	2	0
789	1012	4	0
796	1012	3	0
806	1012	4	0
831	1012	4	0
833	1012	4	0
847	1012	1	0
880	1012	4	0
883	1012	5	0
887	1012	1	0
893	1012	3	0
910	1012	4	0
919	1012	4	0
923	1012	5	0
938	1012	5	0
26	1014	3	0
38	1014	5	0
92	1014	3	0
94	1014	4	0
109	1014	4	0
117	1014	3	0
130	1014	3	0
141	1014	3	0
152	1014	2	0
159	1014	4	0
174	1014	3	0
184	1014	2	0
195	1014	4	0
198	1014	2	0
219	1014	3	0
223	1014	4	0
250	1014	4	0
251	1014	5	0
262	1014	5	0
269	1014	3	0
270	1014	4	0
286	1014	5	0
292	1014	3	0
294	1014	2	0
297	1014	3	0
303	1014	3	0
314	1014	3	0
318	1014	2	0
334	1014	2	0
342	1014	1	0
344	1014	4	0
345	1014	3	0
363	1014	1	0
374	1014	1	0
385	1014	2	0
387	1014	3	0
392	1014	3	0
393	1014	3	0
416	1014	3	0
417	1014	4	0
429	1014	3	0
435	1014	2	0
445	1014	1	0
459	1014	1	0
463	1014	2	0
468	1014	3	0
472	1014	4	0
474	1014	3	0
486	1014	3	0
500	1014	2	0
501	1014	4	0
506	1014	3	0
514	1014	2	0
521	1014	3	0
523	1014	5	0
525	1014	3	0
540	1014	4	0
543	1014	4	0
548	1014	4	0
552	1014	4	0
560	1014	4	0
569	1014	3	0
580	1014	3	0
582	1014	4	0
590	1014	3	0
592	1014	4	0
593	1014	1	0
599	1014	4	0
642	1014	5	0
647	1014	3	0
653	1014	2	0
654	1014	3	0
655	1014	3	0
711	1014	4	0
714	1014	3	0
726	1014	1	0
757	1014	3	0
761	1014	1	0
768	1014	2	0
782	1014	2	0
790	1014	2	0
793	1014	3	0
805	1014	4	0
851	1014	3	0
854	1014	3	0
859	1014	4	0
869	1014	4	0
870	1014	2	0
880	1014	4	0
886	1014	5	0
889	1014	2	0
895	1014	3	0
916	1014	3	0
917	1014	2	0
919	1014	4	0
927	1014	3	0
936	1014	3	0
938	1014	4	0
26	1016	3	0
32	1016	1	0
38	1016	5	0
54	1016	4	0
55	1016	1	0
57	1016	4	0
62	1016	4	0
66	1016	3	0
69	1016	3	0
83	1016	4	0
87	1016	4	0
92	1016	2	0
99	1016	5	0
104	1016	1	0
109	1016	5	0
116	1016	2	0
117	1016	5	0
119	1016	5	0
130	1016	4	0
144	1016	3	0
157	1016	5	0
158	1016	3	0
160	1016	4	0
164	1016	3	0
168	1016	5	0
178	1016	4	0
186	1016	5	0
221	1016	3	0
222	1016	3	0
223	1016	5	0
249	1016	3	0
251	1016	3	0
253	1016	3	0
265	1016	3	0
268	1016	3	0
276	1016	3	0
287	1016	5	0
289	1016	5	0
291	1016	4	0
293	1016	2	0
294	1016	4	0
297	1016	3	0
301	1016	4	0
303	1016	3	0
314	1016	4	0
330	1016	3	0
332	1016	5	0
334	1016	3	0
337	1016	4	0
342	1016	1	0
345	1016	3	0
347	1016	3	0
363	1016	4	0
386	1016	4	0
393	1016	5	0
401	1016	3	0
416	1016	5	0
417	1016	4	0
425	1016	3	0
429	1016	4	0
432	1016	3	0
435	1016	4	0
445	1016	1	0
447	1016	3	0
453	1016	4	0
459	1016	4	0
467	1016	4	0
468	1016	3	0
474	1016	3	0
479	1016	3	0
484	1016	4	0
486	1016	2	0
487	1016	5	0
493	1016	4	0
497	1016	4	0
506	1016	4	0
507	1016	5	0
517	1016	1	0
521	1016	3	0
532	1016	4	0
533	1016	3	0
540	1016	4	0
548	1016	4	0
560	1016	3	0
564	1016	2	0
578	1016	4	0
592	1016	4	0
593	1016	4	0
597	1016	4	0
606	1016	3	0
619	1016	4	0
621	1016	4	0
622	1016	3	0
624	1016	3	0
625	1016	2	0
640	1016	3	0
643	1016	3	0
647	1016	4	0
649	1016	4	0
653	1016	3	0
654	1016	4	0
655	1016	3	0
682	1016	2	0
714	1016	5	0
715	1016	4	0
716	1016	3	0
727	1016	3	0
738	1016	3	0
741	1016	3	0
749	1016	5	0
754	1016	4	0
757	1016	3	0
758	1016	4	0
759	1016	5	0
768	1016	2	0
774	1016	3	0
782	1016	3	0
790	1016	2	0
804	1016	4	0
806	1016	1	0
807	1016	4	0
825	1016	3	0
833	1016	1	0
851	1016	5	0
854	1016	2	0
864	1016	4	0
880	1016	4	0
889	1016	3	0
894	1016	3	0
899	1016	3	0
902	1016	2	0
907	1016	5	0
921	1016	4	0
927	1016	5	0
935	1016	4	0
936	1016	3	0
938	1016	3	0
42	1048	1	0
43	1048	3	0
58	1048	1	0
59	1048	4	0
75	1048	4	0
76	1048	2	0
89	1048	3	0
90	1048	4	0
94	1048	4	0
99	1048	4	0
128	1048	2	0
159	1048	3	0
178	1048	2	0
181	1048	2	0
234	1048	3	0
244	1048	4	0
262	1048	2	0
279	1048	1	0
280	1048	4	0
293	1048	3	0
303	1048	4	0
314	1048	4	0
318	1048	4	0
323	1048	3	0
334	1048	4	0
336	1048	4	0
342	1048	1	0
344	1048	3	0
345	1048	2	0
357	1048	2	0
364	1048	5	0
365	1048	3	0
374	1048	3	0
378	1048	2	0
393	1048	3	0
402	1048	2	0
416	1048	3	0
429	1048	2	0
436	1048	2	0
439	1048	4	0
447	1048	2	0
450	1048	3	0
458	1048	4	0
478	1048	4	0
500	1048	3	0
524	1048	4	0
533	1048	3	0
537	1048	2	0
540	1048	4	0
552	1048	3	0
592	1048	3	0
599	1048	2	0
618	1048	3	0
624	1048	4	0
634	1048	3	0
654	1048	3	0
663	1048	4	0
665	1048	4	0
682	1048	3	0
718	1048	2	0
790	1048	4	0
796	1048	2	0
806	1048	3	0
839	1048	1	0
859	1048	3	0
886	1048	4	0
889	1048	3	0
894	1048	4	0
903	1048	4	0
907	1048	5	0
919	1048	3	0
930	1048	2	0
935	1048	3	0
