1	6	5	0
9	6	5	0
18	6	5	0
63	6	3	0
71	6	3	0
76	6	5	0
79	6	4	0
90	6	4	0
181	6	1	0
198	6	2	0
409	6	4	0
486	6	4	0
524	6	5	0
537	6	2	0
568	6	3	0
590	6	5	0
655	6	4	0
662	6	5	0
707	6	3	0
758	6	2	0
773	6	3	0
806	6	2	0
828	6	1	0
870	6	4	0
924	6	4	0
936	6	5	0
1	19	5	0
2	19	3	0
6	19	4	0
14	19	5	0
18	19	3	0
23	19	4	0
52	19	5	0
79	19	5	0
90	19	3	0
131	19	4	0
136	19	4	0
144	19	4	0
181	19	1	0
227	19	4	0
264	19	5	0
296	19	5	0
299	19	1	0
306	19	5	0
308	19	3	0
316	19	5	0
321	19	4	0
334	19	4	0
344	19	4	0
354	19	5	0
383	19	4	0
402	19	4	0
420	19	3	0
430	19	5	0
459	19	3	0
460	19	5	0
463	19	5	0
468	19	4	0
470	19	4	0
491	19	4	0
497	19	4	0
503	19	5	0
514	19	4	0
527	19	3	0
533	19	3	0
537	19	4	0
539	19	5	0
558	19	5	0
561	19	3	0
569	19	5	0
585	19	3	0
590	19	5	0
594	19	3	0
607	19	3	0
639	19	4	0
655	19	2	0
699	19	4	0
701	19	5	0
725	19	5	0
733	19	5	0
794	19	4	0
828	19	5	0
837	19	4	0
854	19	3	0
857	19	4	0
876	19	5	0
878	19	4	0
883	19	2	0
894	19	4	0
896	19	2	0
907	19	5	0
913	19	5	0
919	19	4	0
936	19	5	0
937	19	1	0
1	46	4	0
92	46	4	0
122	46	5	0
195	46	3	0
201	46	4	0
239	46	4	0
276	46	3	0
291	46	4	0
303	46	3	0
315	46	4	0
328	46	2	0
385	46	5	0
387	46	3	0
405	46	1	0
456	46	3	0
506	46	3	0
537	46	3	0
561	46	4	0
622	46	4	0
645	46	5	0
655	46	4	0
666	46	4	0
788	46	3	0
846	46	4	0
896	46	2	0
903	46	4	0
916	46	4	0
1	107	4	0
11	107	4	0
52	107	4	0
89	107	5	0
99	107	3	0
106	107	4	0
158	107	3	0
174	107	5	0
181	107	1	0
200	107	3	0
207	107	3	0
224	107	3	0
265	107	1	0
271	107	1	0
286	107	1	0
308	107	4	0
325	107	2	0
348	107	4	0
370	107	4	0
387	107	3	0
416	107	5	0
454	107	3	0
463	107	3	0
474	107	3	0
483	107	3	0
494	107	4	0
524	107	3	0
532	107	5	0
533	107	3	0
537	107	3	0
588	107	5	0
601	107	4	0
607	107	4	0
621	107	4	0
648	107	4	0
697	107	5	0
721	107	4	0
733	107	4	0
891	107	5	0
894	107	3	0
907	107	5	0
930	107	3	0
1	115	5	0
92	115	3	0
97	115	5	0
292	115	4	0
295	115	5	0
299	115	3	0
325	115	3	0
334	115	5	0
406	115	4	0
409	115	2	0
424	115	1	0
435	115	4	0
493	115	4	0
508	115	3	0
887	115	5	0
1	126	2	0
7	126	3	0
17	126	4	0
18	126	5	0
26	126	4	0
52	126	5	0
57	126	3	0
59	126	5	0
63	126	3	0
74	126	3	0
90	126	2	0
103	126	5	0
104	126	4	0
113	126	5	0
121	126	3	0
131	126	4	0
141	126	5	0
144	126	4	0
159	126	5	0
160	126	3	0
167	126	3	0
168	126	5	0
174	126	5	0
181	126	2	0
182	126	5	0
184	126	3	0
224	126	3	0
227	126	4	0
231	126	5	0
244	126	4	0
254	126	3	0
271	126	3	0
280	126	3	0
314	126	2	0
330	126	5	0
339	126	4	0
345	126	5	0
348	126	5	0
349	126	2	0
357	126	5	0
374	126	3	0
378	126	4	0
390	126	5	0
393	126	4	0
398	126	4	0
402	126	4	0
416	126	5	0
422	126	4	0
450	126	5	0
455	126	5	0
458	126	4	0
463	126	4	0
468	126	3	0
474	126	4	0
490	126	2	0
494	126	4	0
518	126	4	0
524	126	4	0
533	126	4	0
540	126	3	0
552	126	4	0
569	126	5	0
590	126	5	0
593	126	5	0
594	126	3	0
605	126	5	0
608	126	1	0
613	126	5	0
614	126	4	0
624	126	4	0
630	126	4	0
634	126	3	0
640	126	4	0
655	126	2	0
665	126	4	0
677	126	1	0
697	126	5	0
708	126	4	0
717	126	5	0
719	126	2	0
733	126	2	0
735	126	3	0
786	126	4	0
796	126	3	0
821	126	5	0
825	126	3	0
830	126	5	0
854	126	3	0
869	126	2	0
878	126	3	0
891	126	5	0
894	126	3	0
919	126	4	0
930	126	5	0
931	126	4	0
937	126	4	0
938	126	4	0
1	171	5	0
7	171	3	0
23	171	5	0
49	171	4	0
58	171	5	0
62	171	4	0
73	171	5	0
90	171	2	0
92	171	4	0
114	171	4	0
118	171	5	0
151	171	5	0
201	171	3	0
207	171	3	0
214	171	4	0
239	171	5	0
244	171	5	0
269	171	5	0
276	171	4	0
286	171	4	0
299	171	4	0
303	171	4	0
305	171	5	0
308	171	4	0
334	171	4	0
354	171	4	0
363	171	5	0
382	171	3	0
385	171	3	0
397	171	5	0
405	171	1	0
409	171	4	0
417	171	3	0
425	171	3	0
435	171	5	0
440	171	5	0
449	171	4	0
452	171	4	0
474	171	4	0
493	171	5	0
498	171	3	0
535	171	3	0
537	171	3	0
561	171	5	0
565	171	5	0
585	171	3	0
655	171	2	0
658	171	4	0
737	171	4	0
756	171	4	0
758	171	5	0
763	171	3	0
773	171	5	0
828	171	3	0
854	171	4	0
855	171	3	0
870	171	4	0
875	171	5	0
886	171	4	0
889	171	4	0
894	171	3	0
913	171	3	0
916	171	4	0
930	171	1	0
940	171	2	0
1	221	5	0
6	221	4	0
10	221	4	0
17	221	2	0
18	221	5	0
85	221	2	0
89	221	1	0
90	221	4	0
116	221	4	0
131	221	3	0
144	221	3	0
150	221	4	0
158	221	2	0
174	221	4	0
177	221	3	0
181	221	1	0
184	221	5	0
199	221	4	0
201	221	3	0
214	221	5	0
216	221	4	0
224	221	2	0
227	221	4	0
234	221	2	0
239	221	5	0
243	221	5	0
257	221	3	0
271	221	3	0
277	221	4	0
296	221	5	0
303	221	5	0
321	221	5	0
331	221	4	0
334	221	5	0
345	221	5	0
354	221	4	0
358	221	5	0
385	221	5	0
397	221	4	0
430	221	5	0
437	221	5	0
445	221	1	0
450	221	4	0
460	221	4	0
463	221	5	0
470	221	4	0
474	221	4	0
486	221	4	0
492	221	3	0
501	221	3	0
503	221	5	0
524	221	4	0
533	221	3	0
535	221	3	0
537	221	3	0
567	221	5	0
581	221	2	0
590	221	4	0
592	221	5	0
594	221	4	0
634	221	1	0
655	221	3	0
699	221	4	0
707	221	4	0
733	221	4	0
758	221	3	0
773	221	2	0
794	221	4	0
840	221	4	0
894	221	4	0
906	221	4	0
916	221	4	0
919	221	4	0
936	221	4	0
1	224	5	0
13	224	4	0
18	224	5	0
23	224	5	0
63	224	4	0
114	224	3	0
151	224	5	0
181	224	1	0
207	224	3	0
226	224	4	0
234	224	4	0
252	224	4	0
257	224	4	0
271	224	4	0
279	224	4	0
286	224	5	0
321	224	3	0
334	224	2	0
363	224	4	0
385	224	2	0
387	224	5	0
449	224	4	0
460	224	4	0
463	224	3	0
490	224	2	0
503	224	3	0
506	224	1	0
537	224	3	0
568	224	4	0
581	224	4	0
585	224	2	0
592	224	5	0
655	224	3	0
699	224	3	0
707	224	4	0
733	224	4	0
743	224	5	0
758	224	4	0
763	224	5	0
794	224	4	0
828	224	3	0
883	224	4	0
909	224	5	0
937	224	4	0
1	236	4	0
18	236	3	0
69	236	4	0
79	236	5	0
89	236	5	0
125	236	1	0
130	236	5	0
145	236	1	0
176	236	4	0
181	236	1	0
214	236	5	0
226	236	3	0
234	236	3	0
246	236	4	0
279	236	5	0
291	236	4	0
303	236	4	0
325	236	3	0
334	236	4	0
342	236	3	0
343	236	5	0
385	236	2	0
413	236	4	0
486	236	3	0
491	236	4	0
518	236	3	0
533	236	4	0
537	236	3	0
539	236	3	0
546	236	4	0
555	236	5	0
569	236	4	0
592	236	3	0
606	236	3	0
624	236	3	0
655	236	3	0
666	236	4	0
758	236	4	0
796	236	4	0
878	236	2	0
894	236	4	0
916	236	4	0
919	236	5	0
936	236	5	0
937	236	4	0
1	242	5	0
2	242	5	0
6	242	4	0
9	242	4	0
12	242	5	0
13	242	2	0
14	242	4	0
18	242	5	0
21	242	3	0
30	242	5	0
34	242	5	0
35	242	2	0
40	242	4	0
63	242	3	0
86	242	4	0
90	242	4	0
111	242	4	0
113	242	2	0
123	242	5	0
129	242	4	0
131	242	5	0
139	242	3	0
144	242	4	0
145	242	5	0
154	242	3	0
173	242	5	0
181	242	1	0
195	242	4	0
196	242	3	0
199	242	5	0
201	242	4	0
202	242	3	0
204	242	5	0
205	242	4	0
206	242	3	0
207	242	4	0
209	242	4	0
226	242	5	0
234	242	4	0
239	242	5	0
240	242	5	0
249	242	5	0
270	242	5	0
271	242	4	0
279	242	3	0
296	242	4	0
305	242	5	0
306	242	5	0
309	242	4	0
331	242	4	0
354	242	5	0
355	242	4	0
360	242	4	0
408	242	4	0
416	242	4	0
417	242	3	0
428	242	4	0
439	242	5	0
440	242	5	0
451	242	1	0
460	242	4	0
461	242	3	0
463	242	2	0
473	242	3	0
485	242	5	0
486	242	4	0
492	242	5	0
497	242	1	0
500	242	3	0
520	242	5	0
523	242	5	0
532	242	4	0
533	242	4	0
537	242	3	0
539	242	5	0
566	242	5	0
568	242	4	0
574	242	5	0
592	242	5	0
594	242	4	0
597	242	4	0
617	242	3	0
624	242	4	0
628	242	5	0
639	242	4	0
641	242	5	0
651	242	5	0
655	242	4	0
673	242	4	0
675	242	4	0
680	242	4	0
695	242	5	0
697	242	5	0
707	242	4	0
720	242	4	0
721	242	3	0
724	242	1	0
733	242	4	0
735	242	5	0
740	242	4	0
743	242	4	0
753	242	4	0
758	242	3	0
765	242	5	0
767	242	4	0
771	242	4	0
794	242	5	0
803	242	5	0
845	242	4	0
861	242	5	0
863	242	4	0
866	242	3	0
869	242	2	0
871	242	3	0
894	242	4	0
898	242	4	0
937	242	3	0
1	253	5	0
50	253	5	0
116	253	3	0
189	253	4	0
214	253	5	0
270	253	5	0
385	253	3	0
416	253	3	0
430	253	1	0
437	253	1	0
460	253	3	0
463	253	5	0
557	253	3	0
558	253	5	0
581	253	5	0
592	253	1	0
622	253	3	0
733	253	3	0
736	253	5	0
758	253	5	0
770	253	5	0
782	253	2	0
869	253	4	0
870	253	4	0
919	253	3	0
936	253	5	0
1	256	4	0
49	256	4	0
69	256	5	0
181	256	1	0
296	256	5	0
363	256	3	0
385	256	4	0
473	256	4	0
655	256	3	0
707	256	4	0
756	256	4	0
762	256	3	0
782	256	2	0
883	256	5	0
894	256	3	0
916	256	3	0
1	262	3	0
13	262	4	0
21	262	4	0
31	262	5	0
46	262	5	0
47	262	5	0
49	262	5	0
63	262	4	0
79	262	5	0
113	262	2	0
116	262	3	0
126	262	4	0
130	262	3	0
144	262	3	0
146	262	4	0
149	262	1	0
171	262	4	0
173	262	4	0
176	262	4	0
181	262	2	0
184	262	5	0
204	262	4	0
206	262	1	0
276	262	4	0
282	262	4	0
284	262	4	0
291	262	4	0
303	262	5	0
342	262	2	0
345	262	5	0
364	262	3	0
372	262	4	0
385	262	4	0
448	262	4	0
451	262	1	0
486	262	1	0
493	262	3	0
498	262	2	0
537	262	5	0
557	262	2	0
574	262	5	0
587	262	4	0
592	262	5	0
608	262	3	0
611	262	4	0
615	262	4	0
624	262	4	0
635	262	5	0
643	262	3	0
655	262	5	0
717	262	4	0
720	262	4	0
721	262	3	0
747	262	5	0
758	262	5	0
778	262	4	0
808	262	5	0
833	262	2	0
847	262	5	0
851	262	4	0
860	262	4	0
863	262	3	0
871	262	3	0
889	262	4	0
894	262	4	0
926	262	3	0
1	267	4	0
5	267	4	0
130	267	5	0
268	267	3	0
297	267	3	0
319	267	4	0
422	267	4	0
532	267	3	0
833	267	1	0
1	272	3	0
2	272	5	0
3	272	2	0
6	272	4	0
13	272	4	0
39	272	2	0
40	272	2	0
43	272	5	0
54	272	5	0
58	272	5	0
60	272	4	0
73	272	4	0
74	272	5	0
85	272	4	0
90	272	5	0
100	272	4	0
102	272	3	0
104	272	4	0
105	272	4	0
110	272	4	0
111	272	3	0
112	272	5	0
116	272	3	0
119	272	5	0
126	272	3	0
129	272	4	0
130	272	5	0
133	272	5	0
143	272	4	0
146	272	5	0
149	272	3	0
152	272	5	0
159	272	5	0
161	272	5	0
163	272	4	0
171	272	5	0
174	272	5	0
176	272	5	0
179	272	5	0
184	272	4	0
190	272	5	0
191	272	4	0
197	272	4	0
201	272	3	0
206	272	5	0
215	272	3	0
221	272	5	0
228	272	5	0
229	272	3	0
232	272	4	0
239	272	5	0
240	272	5	0
247	272	4	0
258	272	5	0
260	272	3	0
263	272	5	0
266	272	4	0
269	272	3	0
271	272	3	0
273	272	4	0
276	272	5	0
284	272	5	0
286	272	5	0
288	272	5	0
293	272	4	0
296	272	5	0
297	272	5	0
305	272	3	0
322	272	4	0
325	272	3	0
328	272	5	0
329	272	5	0
334	272	4	0
344	272	5	0
345	272	5	0
353	272	5	0
354	272	3	0
356	272	5	0
365	272	4	0
377	272	5	0
378	272	4	0
380	272	4	0
383	272	3	0
384	272	5	0
392	272	5	0
393	272	4	0
401	272	3	0
404	272	4	0
408	272	4	0
410	272	4	0
414	272	5	0
416	272	5	0
423	272	5	0
425	272	4	0
428	272	5	0
440	272	5	0
444	272	5	0
445	272	3	0
450	272	5	0
453	272	5	0
454	272	5	0
462	272	5	0
479	272	4	0
480	272	4	0
487	272	5	0
489	272	5	0
499	272	5	0
514	272	4	0
526	272	5	0
532	272	5	0
537	272	4	0
543	272	3	0
548	272	2	0
551	272	5	0
564	272	3	0
574	272	4	0
578	272	2	0
587	272	5	0
588	272	5	0
589	272	5	0
592	272	5	0
593	272	5	0
610	272	4	0
611	272	5	0
613	272	5	0
616	272	5	0
624	272	5	0
626	272	5	0
630	272	5	0
631	272	4	0
634	272	5	0
636	272	5	0
646	272	4	0
650	272	4	0
653	272	4	0
655	272	3	0
656	272	3	0
659	272	4	0
660	272	4	0
661	272	4	0
663	272	5	0
667	272	5	0
668	272	5	0
673	272	5	0
675	272	3	0
676	272	4	0
682	272	5	0
683	272	4	0
693	272	4	0
701	272	5	0
704	272	5	0
711	272	5	0
713	272	4	0
720	272	4	0
724	272	5	0
729	272	4	0
751	272	4	0
752	272	4	0
753	272	4	0
758	272	4	0
766	272	4	0
768	272	5	0
772	272	5	0
775	272	4	0
782	272	5	0
784	272	4	0
796	272	4	0
809	272	5	0
822	272	3	0
827	272	4	0
831	272	5	0
834	272	4	0
835	272	4	0
840	272	4	0
841	272	4	0
842	272	4	0
845	272	3	0
851	272	5	0
856	272	5	0
860	272	3	0
863	272	5	0
866	272	2	0
870	272	4	0
871	272	2	0
872	272	4	0
880	272	5	0
894	272	4	0
898	272	4	0
903	272	4	0
907	272	5	0
911	272	4	0
919	272	5	0
920	272	3	0
926	272	5	0
931	272	5	0
936	272	4	0
940	272	4	0
942	272	5	0
2	296	3	0
139	296	4	0
655	296	4	0
733	296	2	0
736	296	4	0
782	296	3	0
2	297	4	0
6	297	3	0
15	297	3	0
87	297	3	0
116	297	3	0
131	297	4	0
139	297	5	0
144	297	4	0
176	297	3	0
189	297	3	0
204	297	5	0
293	297	4	0
296	297	4	0
299	297	3	0
329	297	4	0
334	297	5	0
342	297	3	0
343	297	5	0
344	297	4	0
345	297	4	0
354	297	4	0
360	297	4	0
392	297	4	0
413	297	5	0
416	297	4	0
430	297	4	0
460	297	3	0
468	297	4	0
486	297	4	0
503	297	5	0
533	297	4	0
567	297	3	0
592	297	5	0
613	297	5	0
655	297	4	0
701	297	4	0
707	297	3	0
733	297	3	0
743	297	5	0
758	297	4	0
770	297	5	0
782	297	3	0
840	297	5	0
854	297	4	0
889	297	3	0
894	297	4	0
919	297	4	0
931	297	4	0
934	297	5	0
937	297	4	0
2	305	3	0
13	305	4	0
40	305	4	0
46	305	5	0
47	305	5	0
107	305	4	0
111	305	2	0
130	305	4	0
147	305	4	0
149	305	4	0
163	305	2	0
171	305	2	0
173	305	5	0
176	305	5	0
179	305	4	0
181	305	2	0
220	305	4	0
239	305	4	0
242	305	5	0
257	305	4	0
273	305	4	0
282	305	4	0
284	305	4	0
288	305	4	0
299	305	3	0
305	305	3	0
315	305	5	0
318	305	2	0
325	305	2	0
327	305	5	0
331	305	5	0
334	305	2	0
335	305	4	0
345	305	4	0
354	305	4	0
385	305	4	0
416	305	3	0
425	305	3	0
428	305	3	0
448	305	4	0
450	305	4	0
451	305	3	0
461	305	2	0
470	305	4	0
486	305	3	0
532	305	3	0
537	305	4	0
548	305	1	0
557	305	3	0
570	305	5	0
574	305	3	0
587	305	4	0
592	305	4	0
608	305	3	0
611	305	4	0
624	305	4	0
628	305	5	0
639	305	1	0
641	305	5	0
655	305	4	0
675	305	4	0
683	305	4	0
695	305	3	0
696	305	4	0
697	305	5	0
707	305	5	0
721	305	3	0
724	305	3	0
732	305	2	0
747	305	5	0
750	305	4	0
751	305	2	0
752	305	4	0
758	305	4	0
775	305	4	0
787	305	3	0
803	305	5	0
860	305	4	0
861	305	4	0
863	305	4	0
866	305	2	0
871	305	3	0
874	305	4	0
887	305	5	0
894	305	4	0
915	305	2	0
919	305	4	0
2	306	4	0
6	306	4	0
13	306	3	0
15	306	5	0
29	306	4	0
31	306	3	0
39	306	3	0
47	306	4	0
48	306	4	0
62	306	4	0
63	306	3	0
79	306	5	0
90	306	4	0
112	306	5	0
116	306	3	0
133	306	4	0
155	306	5	0
171	306	3	0
173	306	5	0
181	306	1	0
186	306	4	0
196	306	4	0
197	306	2	0
220	306	4	0
242	306	5	0
243	306	4	0
270	306	5	0
278	306	5	0
284	306	4	0
306	306	5	0
309	306	2	0
311	306	4	0
316	306	4	0
319	306	4	0
331	306	5	0
334	306	4	0
338	306	4	0
343	306	4	0
344	306	5	0
354	306	5	0
355	306	4	0
360	306	4	0
379	306	3	0
380	306	4	0
400	306	3	0
413	306	4	0
419	306	5	0
444	306	5	0
446	306	3	0
451	306	2	0
460	306	4	0
463	306	4	0
466	306	5	0
469	306	4	0
475	306	5	0
486	306	1	0
503	306	5	0
507	306	5	0
514	306	4	0
523	306	5	0
537	306	3	0
539	306	4	0
567	306	3	0
591	306	5	0
592	306	5	0
608	306	4	0
611	306	5	0
615	306	4	0
639	306	4	0
651	306	5	0
655	306	3	0
664	306	4	0
675	306	5	0
683	306	3	0
711	306	5	0
720	306	4	0
721	306	3	0
750	306	4	0
752	306	5	0
787	306	3	0
791	306	5	0
798	306	3	0
799	306	4	0
803	306	4	0
828	306	3	0
841	306	4	0
842	306	4	0
845	306	2	0
863	306	5	0
866	306	4	0
874	306	4	0
877	306	3	0
883	306	3	0
894	306	4	0
902	306	4	0
931	306	4	0
2	311	5	0
13	311	3	0
58	311	4	0
64	311	2	0
79	311	4	0
88	311	5	0
90	311	4	0
104	311	1	0
111	311	4	0
116	311	3	0
126	311	4	0
129	311	3	0
146	311	4	0
149	311	3	0
197	311	4	0
229	311	5	0
258	311	4	0
271	311	3	0
273	311	4	0
278	311	4	0
298	311	3	0
299	311	4	0
305	311	5	0
327	311	3	0
334	311	4	0
344	311	4	0
345	311	5	0
351	311	4	0
354	311	5	0
410	311	3	0
416	311	3	0
446	311	2	0
450	311	4	0
460	311	5	0
463	311	4	0
482	311	4	0
485	311	3	0
517	311	3	0
520	311	3	0
524	311	4	0
531	311	4	0
532	311	2	0
537	311	3	0
547	311	2	0
548	311	3	0
559	311	3	0
574	311	4	0
607	311	4	0
611	311	4	0
639	311	3	0
655	311	3	0
668	311	4	0
673	311	4	0
675	311	3	0
683	311	3	0
695	311	4	0
696	311	5	0
701	311	5	0
707	311	4	0
713	311	3	0
720	311	5	0
724	311	1	0
743	311	5	0
752	311	3	0
755	311	4	0
758	311	4	0
787	311	4	0
803	311	5	0
838	311	4	0
845	311	4	0
860	311	4	0
874	311	4	0
883	311	4	0
894	311	4	0
920	311	3	0
2	315	1	0
13	315	5	0
23	315	3	0
26	315	3	0
30	315	4	0
39	315	4	0
43	315	4	0
74	315	5	0
88	315	4	0
99	315	4	0
100	315	5	0
110	315	4	0
111	315	5	0
112	315	5	0
116	315	3	0
119	315	5	0
121	315	4	0
126	315	4	0
130	315	4	0
133	315	4	0
134	315	3	0
142	315	3	0
143	315	4	0
145	315	5	0
146	315	5	0
161	315	5	0
166	315	3	0
171	315	4	0
174	315	5	0
179	315	5	0
191	315	5	0
201	315	3	0
204	315	4	0
205	315	4	0
206	315	5	0
210	315	5	0
216	315	5	0
229	315	1	0
232	315	5	0
258	315	3	0
263	315	4	0
269	315	4	0
271	315	4	0
273	315	4	0
276	315	4	0
278	315	4	0
280	315	5	0
284	315	5	0
286	315	5	0
293	315	3	0
296	315	5	0
305	315	5	0
311	315	5	0
318	315	5	0
328	315	4	0
333	315	5	0
334	315	4	0
344	315	5	0
345	315	5	0
353	315	4	0
356	315	4	0
363	315	3	0
365	315	4	0
380	315	4	0
383	315	5	0
388	315	3	0
393	315	5	0
395	315	5	0
401	315	4	0
407	315	4	0
408	315	5	0
410	315	4	0
416	315	3	0
418	315	2	0
423	315	4	0
428	315	5	0
432	315	5	0
450	315	4	0
454	315	4	0
462	315	4	0
466	315	5	0
474	315	5	0
475	315	4	0
482	315	3	0
484	315	3	0
489	315	5	0
507	315	5	0
515	315	4	0
520	315	4	0
526	315	5	0
532	315	3	0
537	315	4	0
542	315	4	0
547	315	4	0
548	315	3	0
551	315	5	0
559	315	5	0
574	315	3	0
587	315	4	0
588	315	4	0
592	315	5	0
610	315	4	0
611	315	5	0
616	315	4	0
631	315	4	0
634	315	5	0
640	315	5	0
646	315	4	0
650	315	3	0
655	315	4	0
659	315	3	0
660	315	4	0
663	315	4	0
665	315	4	0
667	315	4	0
673	315	5	0
674	315	3	0
676	315	4	0
683	315	4	0
696	315	5	0
701	315	5	0
711	315	4	0
713	315	4	0
720	315	4	0
747	315	4	0
751	315	3	0
752	315	2	0
758	315	5	0
768	315	3	0
772	315	5	0
775	315	5	0
782	315	4	0
784	315	4	0
796	315	5	0
809	315	5	0
811	315	4	0
819	315	5	0
820	315	3	0
831	315	3	0
834	315	5	0
841	315	4	0
842	315	3	0
856	315	5	0
860	315	3	0
863	315	5	0
866	315	4	0
869	315	3	0
870	315	2	0
871	315	3	0
880	315	5	0
883	315	3	0
894	315	4	0
898	315	5	0
915	315	4	0
919	315	3	0
926	315	4	0
931	315	5	0
934	315	4	0
940	315	4	0
942	315	4	0
2	316	5	0
13	316	5	0
26	316	3	0
40	316	3	0
43	316	5	0
85	316	3	0
90	316	5	0
100	316	5	0
102	316	3	0
104	316	4	0
112	316	5	0
119	316	4	0
126	316	4	0
130	316	4	0
133	316	4	0
134	316	4	0
144	316	5	0
145	316	5	0
161	316	5	0
163	316	5	0
178	316	4	0
179	316	5	0
191	316	5	0
197	316	4	0
204	316	4	0
205	316	4	0
207	316	5	0
229	316	1	0
234	316	4	0
263	316	5	0
269	316	4	0
273	316	4	0
276	316	4	0
280	316	5	0
286	316	5	0
293	316	3	0
328	316	5	0
333	316	5	0
334	316	4	0
344	316	4	0
353	316	5	0
356	316	4	0
363	316	3	0
365	316	4	0
369	316	5	0
377	316	4	0
383	316	5	0
384	316	5	0
392	316	5	0
393	316	5	0
401	316	5	0
407	316	4	0
410	316	4	0
416	316	3	0
423	316	4	0
425	316	4	0
428	316	4	0
448	316	1	0
450	316	4	0
454	316	4	0
474	316	5	0
475	316	5	0
489	316	5	0
500	316	3	0
507	316	5	0
532	316	4	0
547	316	5	0
548	316	4	0
551	316	5	0
574	316	4	0
587	316	4	0
588	316	5	0
616	316	4	0
624	316	4	0
650	316	3	0
655	316	4	0
656	316	3	0
659	316	4	0
660	316	4	0
663	316	4	0
667	316	4	0
676	316	4	0
683	316	4	0
701	316	5	0
704	316	4	0
711	316	4	0
720	316	4	0
747	316	4	0
751	316	4	0
752	316	3	0
753	316	4	0
758	316	5	0
782	316	4	0
796	316	5	0
818	316	4	0
820	316	3	0
827	316	3	0
828	316	5	0
831	316	3	0
834	316	5	0
841	316	4	0
856	316	5	0
860	316	3	0
863	316	5	0
880	316	5	0
883	316	5	0
894	316	4	0
898	316	5	0
931	316	5	0
934	316	4	0
940	316	4	0
942	316	4	0
3	344	4	0
13	344	2	0
100	344	4	0
111	344	2	0
116	344	5	0
126	344	4	0
171	344	3	0
197	344	4	0
229	344	5	0
235	344	5	0
284	344	4	0
327	344	4	0
328	344	4	0
354	344	5	0
381	344	3	0
392	344	4	0
393	344	3	0
418	344	1	0
423	344	4	0
428	344	3	0
448	344	4	0
466	344	5	0
514	344	3	0
515	344	2	0
548	344	1	0
564	344	4	0
574	344	5	0
592	344	4	0
611	344	5	0
655	344	4	0
656	344	4	0
673	344	5	0
675	344	4	0
676	344	5	0
683	344	3	0
696	344	5	0
701	344	3	0
704	344	4	0
713	344	5	0
724	344	1	0
752	344	4	0
758	344	3	0
767	344	4	0
772	344	4	0
775	344	5	0
782	344	3	0
784	344	4	0
833	344	4	0
841	344	3	0
842	344	1	0
860	344	3	0
863	344	4	0
866	344	2	0
894	344	4	0
931	344	4	0
4	359	5	0
181	359	1	0
206	359	1	0
261	359	5	0
351	359	4	0
427	359	5	0
446	359	3	0
451	359	2	0
489	359	5	0
655	359	3	0
688	359	5	0
721	359	3	0
739	359	5	0
753	359	4	0
754	359	3	0
787	359	3	0
863	359	3	0
871	359	3	0
4	361	5	0
206	361	1	0
242	361	5	0
405	361	2	0
440	361	5	0
628	361	5	0
724	361	1	0
782	361	3	0
787	361	3	0
863	361	5	0
5	372	3	0
11	372	4	0
24	372	4	0
49	372	4	0
56	372	3	0
85	372	4	0
87	372	3	0
94	372	4	0
125	372	1	0
151	372	5	0
165	372	5	0
180	372	5	0
184	372	3	0
279	372	4	0
286	372	4	0
312	372	3	0
344	372	4	0
363	372	4	0
379	372	4	0
399	372	3	0
405	372	1	0
406	372	4	0
450	372	4	0
455	372	4	0
457	372	4	0
468	372	2	0
497	372	4	0
504	372	4	0
539	372	2	0
655	372	3	0
751	372	3	0
847	372	5	0
883	372	3	0
919	372	3	0
5	389	1	0
7	389	4	0
38	389	5	0
64	389	4	0
85	389	3	0
91	389	2	0
95	389	4	0
130	389	3	0
234	389	3	0
254	389	3	0
280	389	5	0
295	389	4	0
373	389	3	0
399	389	3	0
405	389	2	0
450	389	4	0
495	389	5	0
535	389	4	0
536	389	5	0
601	389	2	0
650	389	3	0
749	389	3	0
796	389	4	0
821	389	5	0
897	389	3	0
932	389	3	0
934	389	3	0
5	394	2	0
13	394	2	0
145	394	1	0
286	394	5	0
346	394	4	0
393	394	5	0
435	394	4	0
497	394	3	0
751	394	4	0
798	394	4	0
864	394	3	0
880	394	3	0
5	445	3	0
13	445	4	0
21	445	3	0
38	445	2	0
60	445	5	0
95	445	4	0
96	445	4	0
102	445	2	0
234	445	2	0
269	445	3	0
293	445	4	0
326	445	4	0
366	445	5	0
405	445	4	0
425	445	3	0
537	445	3	0
650	445	4	0
716	445	3	0
788	445	4	0
802	445	3	0
804	445	4	0
833	445	4	0
6	459	2	0
15	459	5	0
119	459	4	0
181	459	1	0
189	459	4	0
312	459	4	0
344	459	4	0
349	459	4	0
373	459	4	0
381	459	4	0
393	459	4	0
399	459	4	0
449	459	4	0
486	459	2	0
537	459	3	0
541	459	5	0
655	459	2	0
733	459	4	0
754	459	4	0
821	459	5	0
823	459	4	0
891	459	5	0
931	459	4	0
932	459	4	0
6	464	2	0
62	464	4	0
85	464	5	0
90	464	5	0
94	464	5	0
122	464	5	0
151	464	4	0
201	464	1	0
234	464	4	0
267	464	5	0
269	464	3	0
279	464	4	0
293	464	3	0
305	464	3	0
327	464	4	0
345	464	3	0
354	464	4	0
383	464	4	0
405	464	1	0
429	464	3	0
498	464	4	0
500	464	4	0
537	464	4	0
655	464	3	0
763	464	3	0
846	464	2	0
883	464	5	0
6	467	4	0
10	467	4	0
13	467	5	0
16	467	5	0
42	467	3	0
94	467	4	0
194	467	5	0
201	467	2	0
221	467	4	0
249	467	4	0
293	467	4	0
308	467	4	0
323	467	5	0
331	467	3	0
374	467	4	0
389	467	3	0
405	467	4	0
429	467	4	0
450	467	4	0
452	467	3	0
458	467	4	0
474	467	4	0
478	467	5	0
524	467	4	0
527	467	3	0
537	467	3	0
566	467	3	0
586	467	4	0
592	467	5	0
627	467	5	0
629	467	5	0
655	467	3	0
658	467	4	0
659	467	3	0
666	467	4	0
682	467	3	0
686	467	5	0
707	467	4	0
747	467	4	0
780	467	3	0
796	467	3	0
833	467	2	0
862	467	4	0
880	467	4	0
886	467	4	0
903	467	3	0
916	467	3	0
933	467	3	0
6	500	4	0
90	500	4	0
92	500	4	0
144	500	4	0
165	500	3	0
178	500	4	0
189	500	5	0
195	500	4	0
234	500	3	0
326	500	3	0
334	500	3	0
378	500	4	0
385	500	4	0
393	500	4	0
416	500	5	0
429	500	1	0
450	500	4	0
457	500	5	0
479	500	4	0
481	500	4	0
488	500	4	0
532	500	5	0
536	500	4	0
541	500	4	0
648	500	5	0
655	500	2	0
691	500	3	0
747	500	4	0
796	500	4	0
892	500	5	0
942	500	5	0
6	522	5	0
13	522	5	0
23	522	4	0
48	522	2	0
102	522	3	0
114	522	5	0
151	522	5	0
184	522	3	0
187	522	3	0
214	522	4	0
235	522	5	0
269	522	5	0
299	522	3	0
308	522	3	0
339	522	5	0
379	522	5	0
385	522	4	0
397	522	5	0
405	522	1	0
425	522	3	0
498	522	3	0
500	522	4	0
592	522	5	0
625	522	3	0
655	522	3	0
664	522	3	0
669	522	4	0
765	522	5	0
773	522	4	0
777	522	5	0
804	522	3	0
805	522	5	0
806	522	3	0
833	522	2	0
854	522	2	0
6	533	4	0
144	533	4	0
327	533	4	0
354	533	5	0
385	533	4	0
523	533	4	0
592	533	4	0
655	533	2	0
707	533	5	0
736	533	3	0
758	533	4	0
782	533	2	0
819	533	4	0
889	533	3	0
934	533	3	0
6	534	4	0
104	534	2	0
130	534	5	0
279	534	1	0
329	534	3	0
345	534	4	0
392	534	4	0
592	534	5	0
624	534	3	0
655	534	2	0
733	534	3	0
782	534	3	0
894	534	4	0
6	536	4	0
131	536	5	0
310	536	4	0
343	536	4	0
405	536	1	0
655	536	3	0
707	536	3	0
758	536	2	0
782	536	2	0
894	536	5	0
6	537	4	0
7	537	3	0
94	537	4	0
119	537	5	0
201	537	3	0
222	537	4	0
244	537	5	0
269	537	5	0
286	537	4	0
308	537	4	0
312	537	5	0
327	537	4	0
334	537	4	0
344	537	4	0
363	537	1	0
401	537	4	0
405	537	1	0
417	537	4	0
429	537	4	0
436	537	4	0
504	537	3	0
561	537	4	0
606	537	2	0
655	537	3	0
669	537	3	0
751	537	4	0
774	537	2	0
805	537	5	0
854	537	3	0
916	537	4	0
7	543	3	0
83	543	2	0
84	543	5	0
90	543	3	0
115	543	2	0
263	543	5	0
299	543	5	0
312	543	5	0
378	543	4	0
399	543	3	0
405	543	1	0
406	543	4	0
504	543	4	0
522	543	4	0
527	543	4	0
537	543	5	0
541	543	4	0
585	543	3	0
655	543	3	0
807	543	2	0
835	543	5	0
7	580	3	0
11	580	5	0
43	580	3	0
83	580	4	0
158	580	4	0
172	580	4	0
193	580	4	0
194	580	4	0
196	580	2	0
200	580	2	0
207	580	3	0
222	580	3	0
268	580	3	0
271	580	2	0
307	580	4	0
387	580	5	0
405	580	1	0
456	580	4	0
481	580	4	0
503	580	3	0
506	580	3	0
533	580	3	0
591	580	2	0
593	580	1	0
639	580	2	0
640	580	5	0
747	580	5	0
758	580	4	0
840	580	3	0
846	580	5	0
881	580	5	0
883	580	3	0
7	587	4	0
92	587	3	0
94	587	4	0
201	587	4	0
312	587	3	0
380	587	4	0
399	587	3	0
429	587	3	0
435	587	3	0
514	587	4	0
551	587	4	0
559	587	4	0
758	587	4	0
896	587	3	0
7	592	5	0
60	592	4	0
145	592	3	0
291	592	3	0
311	592	5	0
405	592	1	0
416	592	3	0
436	592	3	0
532	592	3	0
7	605	4	0
60	605	3	0
62	605	3	0
128	605	3	0
151	605	4	0
234	605	3	0
239	605	4	0
271	605	4	0
293	605	3	0
308	605	4	0
318	605	4	0
354	605	3	0
389	605	5	0
406	605	5	0
426	605	4	0
454	605	2	0
469	605	4	0
474	605	3	0
488	605	3	0
499	605	1	0
524	605	1	0
553	605	4	0
655	605	3	0
694	605	4	0
716	605	3	0
734	605	4	0
758	605	3	0
766	605	3	0
807	605	3	0
924	605	3	0
934	605	4	0
7	618	4	0
59	618	4	0
60	618	3	0
90	618	5	0
91	618	3	0
189	618	2	0
234	618	3	0
308	618	4	0
312	618	5	0
318	618	3	0
389	618	4	0
409	618	4	0
450	618	4	0
474	618	4	0
524	618	3	0
707	618	3	0
776	618	3	0
900	618	4	0
7	634	5	0
54	634	1	0
189	634	3	0
234	634	4	0
239	634	4	0
249	634	5	0
276	634	4	0
299	634	2	0
303	634	3	0
307	634	3	0
308	634	4	0
327	634	5	0
331	634	3	0
334	634	4	0
381	634	3	0
401	634	1	0
406	634	4	0
412	634	5	0
523	634	5	0
527	634	5	0
585	634	4	0
747	634	5	0
758	634	5	0
883	634	3	0
7	645	4	0
58	645	5	0
96	645	5	0
184	645	3	0
212	645	3	0
264	645	4	0
269	645	4	0
299	645	4	0
311	645	5	0
315	645	4	0
327	645	4	0
328	645	4	0
373	645	5	0
405	645	1	0
406	645	5	0
497	645	3	0
535	645	4	0
561	645	3	0
588	645	5	0
655	645	3	0
694	645	4	0
788	645	3	0
805	645	5	0
833	645	3	0
840	645	3	0
847	645	3	0
918	645	4	0
8	686	3	0
10	686	4	0
13	686	5	0
43	686	3	0
94	686	4	0
102	686	3	0
128	686	4	0
151	686	3	0
158	686	5	0
201	686	2	0
224	686	4	0
234	686	3	0
236	686	3	0
249	686	5	0
276	686	3	0
291	686	5	0
293	686	3	0
301	686	4	0
305	686	3	0
308	686	4	0
327	686	4	0
347	686	5	0
378	686	4	0
379	686	4	0
389	686	3	0
393	686	4	0
416	686	5	0
425	686	3	0
429	686	2	0
450	686	4	0
454	686	2	0
487	686	4	0
506	686	3	0
535	686	5	0
551	686	3	0
592	686	5	0
621	686	5	0
642	686	5	0
653	686	2	0
655	686	2	0
671	686	3	0
682	686	4	0
749	686	4	0
758	686	3	0
815	686	5	0
823	686	4	0
886	686	4	0
889	686	3	0
896	686	3	0
907	686	4	0
9	691	5	0
13	691	4	0
100	691	4	0
179	691	3	0
206	691	1	0
276	691	4	0
363	691	3	0
507	691	5	0
587	691	4	0
598	691	2	0
640	691	4	0
782	691	3	0
787	691	4	0
863	691	3	0
894	691	3	0
915	691	4	0
10	703	5	0
90	703	3	0
94	703	3	0
106	703	4	0
151	703	4	0
185	703	4	0
270	703	4	0
271	703	3	0
286	703	2	0
343	703	4	0
378	703	4	0
405	703	2	0
537	703	3	0
707	703	4	0
763	703	5	0
786	703	3	0
798	703	4	0
883	703	3	0
934	703	4	0
11	713	5	0
23	713	4	0
49	713	3	0
59	713	5	0
63	713	3	0
68	713	2	0
90	713	4	0
104	713	3	0
144	713	4	0
145	713	4	0
148	713	3	0
181	713	2	0
226	713	5	0
243	713	3	0
268	713	4	0
270	713	5	0
271	713	4	0
274	713	5	0
279	713	3	0
305	713	4	0
312	713	5	0
323	713	4	0
344	713	3	0
347	713	3	0
349	713	3	0
357	713	5	0
374	713	1	0
390	713	4	0
406	713	4	0
416	713	4	0
417	713	2	0
435	713	5	0
450	713	3	0
460	713	4	0
486	713	3	0
487	713	4	0
505	713	3	0
514	713	3	0
518	713	5	0
525	713	4	0
533	713	2	0
536	713	4	0
537	713	3	0
565	713	5	0
573	713	4	0
585	713	4	0
588	713	3	0
597	713	2	0
606	713	4	0
618	713	4	0
627	713	2	0
648	713	2	0
682	713	3	0
697	713	5	0
708	713	4	0
711	713	3	0
715	713	4	0
733	713	4	0
758	713	3	0
815	713	4	0
831	713	5	0
838	713	4	0
839	713	2	0
854	713	4	0
870	713	4	0
883	713	3	0
884	713	3	0
894	713	4	0
896	713	2	0
907	713	5	0
916	713	3	0
923	713	5	0
11	718	5	0
64	718	4	0
108	718	4	0
119	718	5	0
181	718	1	0
268	718	4	0
327	718	4	0
387	718	4	0
486	718	3	0
537	718	4	0
658	718	3	0
707	718	5	0
838	718	5	0
887	718	1	0
889	718	4	0
894	718	3	0
11	730	3	0
58	730	5	0
90	730	5	0
116	730	4	0
299	730	4	0
312	730	3	0
316	730	4	0
321	730	3	0
405	730	1	0
437	730	3	0
537	730	3	0
543	730	3	0
565	730	5	0
585	730	3	0
592	730	4	0
622	730	4	0
655	730	2	0
658	730	3	0
707	730	3	0
763	730	5	0
773	730	3	0
828	730	3	0
833	730	4	0
896	730	4	0
11	740	4	0
13	740	1	0
79	740	4	0
82	740	2	0
108	740	3	0
121	740	3	0
139	740	2	0
145	740	2	0
152	740	4	0
157	740	2	0
181	740	2	0
185	740	4	0
195	740	3	0
242	740	5	0
252	740	3	0
270	740	5	0
279	740	3	0
295	740	4	0
310	740	4	0
312	740	4	0
313	740	2	0
334	740	3	0
354	740	4	0
390	740	4	0
424	740	5	0
454	740	2	0
463	740	4	0
500	740	3	0
503	740	5	0
517	740	4	0
533	740	4	0
536	740	4	0
585	740	4	0
590	740	4	0
591	740	4	0
601	740	4	0
620	740	5	0
627	740	1	0
634	740	2	0
636	740	4	0
637	740	2	0
639	740	4	0
648	740	4	0
655	740	3	0
677	740	1	0
708	740	5	0
716	740	4	0
733	740	3	0
749	740	3	0
798	740	2	0
825	740	2	0
837	740	5	0
847	740	4	0
861	740	4	0
878	740	2	0
883	740	4	0
891	740	5	0
894	740	4	0
899	740	5	0
906	740	4	0
907	740	5	0
917	740	5	0
919	740	3	0
11	750	5	0
13	750	5	0
14	750	3	0
26	750	4	0
40	750	3	0
88	750	2	0
90	750	4	0
91	750	5	0
94	750	4	0
100	750	4	0
104	750	5	0
112	750	4	0
116	750	4	0
127	750	1	0
131	750	5	0
133	750	4	0
141	750	1	0
144	750	4	0
145	750	4	0
147	750	5	0
176	750	4	0
179	750	1	0
191	750	4	0
193	750	4	0
197	750	5	0
201	750	3	0
206	750	3	0
222	750	5	0
228	750	3	0
229	750	2	0
232	750	3	0
236	750	5	0
241	750	5	0
247	750	4	0
259	750	4	0
271	750	4	0
276	750	4	0
280	750	5	0
284	750	3	0
296	750	5	0
297	750	5	0
311	750	5	0
318	750	4	0
319	750	3	0
328	750	4	0
351	750	5	0
353	750	4	0
380	750	4	0
395	750	5	0
404	750	3	0
416	750	5	0
418	750	2	0
420	750	4	0
423	750	5	0
425	750	2	0
428	750	5	0
440	750	5	0
448	750	5	0
450	750	3	0
453	750	4	0
458	750	5	0
489	750	5	0
499	750	5	0
507	750	5	0
514	750	4	0
515	750	2	0
526	750	4	0
532	750	5	0
537	750	3	0
544	750	3	0
548	750	4	0
557	750	4	0
564	750	3	0
574	750	3	0
582	750	5	0
587	750	3	0
592	750	5	0
598	750	5	0
609	750	4	0
610	750	4	0
611	750	5	0
616	750	5	0
619	750	3	0
624	750	4	0
639	750	2	0
640	750	5	0
646	750	3	0
655	750	2	0
656	750	2	0
673	750	5	0
675	750	4	0
676	750	4	0
681	750	5	0
701	750	5	0
713	750	3	0
718	750	3	0
724	750	2	0
752	750	2	0
753	750	2	0
758	750	2	0
775	750	5	0
782	750	4	0
783	750	4	0
784	750	5	0
787	750	5	0
808	750	5	0
813	750	4	0
827	750	3	0
831	750	4	0
836	750	3	0
838	750	4	0
840	750	4	0
845	750	3	0
856	750	5	0
863	750	4	0
871	750	3	0
873	750	3	0
883	750	3	0
894	750	4	0
913	750	4	0
915	750	4	0
919	750	3	0
931	750	5	0
942	750	4	0
12	753	5	0
18	753	4	0
90	753	4	0
195	753	3	0
239	753	5	0
279	753	2	0
299	753	5	0
327	753	4	0
334	753	4	0
354	753	5	0
380	753	4	0
405	753	1	0
420	753	5	0
437	753	4	0
449	753	5	0
458	753	4	0
503	753	1	0
537	753	2	0
608	753	5	0
655	753	3	0
756	753	2	0
828	753	4	0
875	753	3	0
894	753	5	0
13	793	5	0
269	793	4	0
305	793	5	0
378	793	3	0
405	793	1	0
456	793	3	0
655	793	3	0
836	793	2	0
870	793	5	0
880	793	4	0
13	794	4	0
18	794	3	0
42	794	3	0
56	794	3	0
92	794	3	0
110	794	3	0
130	794	5	0
152	794	5	0
256	794	4	0
270	794	4	0
276	794	2	0
291	794	4	0
295	794	4	0
311	794	4	0
314	794	4	0
361	794	3	0
385	794	2	0
393	794	4	0
399	794	3	0
405	794	5	0
416	794	5	0
429	794	3	0
436	794	4	0
437	794	4	0
450	794	5	0
477	794	4	0
487	794	5	0
523	794	4	0
561	794	2	0
642	794	4	0
643	794	3	0
655	794	1	0
659	794	3	0
690	794	3	0
712	794	4	0
796	794	4	0
846	794	5	0
864	794	3	0
871	794	3	0
878	794	4	0
880	794	4	0
883	794	4	0
904	794	4	0
919	794	4	0
934	794	4	0
943	794	3	0
13	805	4	0
18	805	4	0
151	805	4	0
184	805	3	0
207	805	3	0
269	805	2	0
279	805	3	0
286	805	3	0
303	805	4	0
308	805	4	0
327	805	4	0
363	805	4	0
393	805	2	0
429	805	3	0
452	805	4	0
497	805	3	0
561	805	3	0
655	805	2	0
659	805	5	0
664	805	5	0
666	805	4	0
798	805	4	0
848	805	5	0
864	805	4	0
883	805	4	0
932	805	4	0
934	805	4	0
13	813	1	0
14	813	2	0
49	813	3	0
58	813	5	0
63	813	5	0
78	813	2	0
79	813	5	0
85	813	4	0
89	813	5	0
90	813	4	0
94	813	5	0
119	813	4	0
125	813	1	0
131	813	3	0
151	813	4	0
181	813	2	0
184	813	4	0
192	813	4	0
199	813	3	0
209	813	5	0
226	813	4	0
243	813	4	0
250	813	5	0
251	813	3	0
264	813	4	0
299	813	4	0
303	813	4	0
312	813	5	0
342	813	5	0
361	813	4	0
365	813	5	0
392	813	3	0
399	813	3	0
406	813	4	0
463	813	4	0
470	813	3	0
473	813	3	0
486	813	5	0
535	813	5	0
560	813	4	0
572	813	4	0
581	813	5	0
592	813	4	0
636	813	5	0
655	813	3	0
662	813	3	0
735	813	4	0
748	813	4	0
770	813	5	0
839	813	4	0
870	813	4	0
871	813	3	0
886	813	4	0
907	813	5	0
919	813	4	0
936	813	5	0
13	847	4	0
43	847	5	0
64	847	3	0
90	847	5	0
104	847	2	0
115	847	4	0
123	847	4	0
136	847	4	0
144	847	4	0
151	847	5	0
181	847	1	0
189	847	4	0
201	847	2	0
207	847	3	0
221	847	4	0
234	847	4	0
252	847	4	0
271	847	4	0
299	847	4	0
303	847	4	0
312	847	3	0
323	847	3	0
349	847	4	0
354	847	3	0
381	847	4	0
387	847	3	0
389	847	4	0
392	847	4	0
429	847	3	0
450	847	4	0
458	847	5	0
460	847	3	0
470	847	3	0
490	847	3	0
518	847	5	0
533	847	3	0
558	847	4	0
560	847	4	0
567	847	4	0
581	847	3	0
592	847	5	0
607	847	4	0
637	847	3	0
655	847	2	0
707	847	5	0
708	847	3	0
733	847	3	0
748	847	4	0
765	847	4	0
794	847	5	0
865	847	5	0
883	847	4	0
889	847	4	0
894	847	4	0
937	847	4	0
13	848	5	0
234	848	3	0
308	848	4	0
426	848	4	0
474	848	4	0
535	848	3	0
537	848	3	0
608	848	4	0
776	848	2	0
13	851	5	0
76	851	4	0
385	851	5	0
405	851	1	0
13	853	1	0
21	853	5	0
118	853	5	0
201	853	4	0
246	853	5	0
249	853	4	0
276	853	5	0
279	853	1	0
308	853	5	0
366	853	5	0
397	853	4	0
405	853	1	0
425	853	4	0
592	853	5	0
13	854	1	0
21	854	5	0
248	854	5	0
276	854	4	0
279	854	1	0
363	854	1	0
366	854	5	0
387	854	5	0
405	854	1	0
409	854	4	0
422	854	4	0
425	854	4	0
592	854	5	0
617	854	1	0
833	854	4	0
868	854	4	0
13	856	5	0
18	856	5	0
23	856	4	0
62	856	4	0
102	856	2	0
201	856	3	0
214	856	4	0
244	856	5	0
264	856	3	0
269	856	5	0
286	856	2	0
293	856	3	0
299	856	3	0
305	856	5	0
308	856	4	0
327	856	4	0
334	856	4	0
339	856	5	0
370	856	3	0
373	856	3	0
380	856	3	0
387	856	5	0
405	856	1	0
436	856	4	0
452	856	4	0
468	856	4	0
566	856	5	0
591	856	4	0
666	856	5	0
751	856	2	0
805	856	4	0
806	856	5	0
870	856	3	0
883	856	5	0
889	856	4	0
918	856	4	0
13	865	5	0
305	865	3	0
318	865	2	0
325	865	3	0
327	865	5	0
334	865	2	0
354	865	3	0
385	865	4	0
416	865	3	0
450	865	4	0
532	865	2	0
557	865	3	0
608	865	4	0
639	865	1	0
641	865	5	0
655	865	4	0
707	865	5	0
747	865	5	0
751	865	2	0
758	865	4	0
860	865	4	0
13	868	5	0
331	868	4	0
465	868	2	0
527	868	4	0
617	868	4	0
13	884	2	0
126	884	5	0
181	884	1	0
286	884	5	0
448	884	4	0
451	884	1	0
840	884	5	0
13	887	5	0
19	887	4	0
80	887	4	0
100	887	2	0
111	887	3	0
112	887	5	0
116	887	3	0
171	887	4	0
181	887	1	0
186	887	4	0
195	887	4	0
234	887	3	0
241	887	4	0
284	887	4	0
288	887	5	0
334	887	5	0
341	887	5	0
354	887	4	0
381	887	3	0
423	887	5	0
446	887	4	0
448	887	2	0
451	887	1	0
463	887	5	0
486	887	5	0
489	887	2	0
498	887	3	0
499	887	5	0
511	887	5	0
519	887	5	0
548	887	4	0
557	887	3	0
574	887	4	0
587	887	2	0
592	887	5	0
607	887	3	0
611	887	2	0
655	887	3	0
683	887	4	0
695	887	3	0
708	887	2	0
710	887	2	0
717	887	5	0
720	887	5	0
724	887	3	0
747	887	5	0
752	887	1	0
755	887	3	0
758	887	5	0
773	887	2	0
775	887	4	0
780	887	4	0
782	887	4	0
783	887	5	0
794	887	4	0
803	887	5	0
818	887	4	0
828	887	4	0
853	887	2	0
863	887	3	0
866	887	3	0
894	887	4	0
896	887	2	0
919	887	3	0
13	888	2	0
86	888	4	0
112	888	4	0
116	888	2	0
130	888	3	0
286	888	5	0
334	888	2	0
351	888	4	0
446	888	1	0
587	888	3	0
599	888	5	0
717	888	5	0
782	888	3	0
841	888	5	0
894	888	4	0
13	889	3	0
15	889	3	0
86	889	5	0
90	889	3	0
206	889	2	0
299	889	3	0
354	889	5	0
485	889	5	0
486	889	4	0
655	889	3	0
704	889	3	0
758	889	3	0
866	889	2	0
13	896	5	0
40	896	4	0
90	896	3	0
111	896	2	0
116	896	2	0
145	896	2	0
149	896	4	0
191	896	3	0
201	896	3	0
206	896	4	0
214	896	4	0
229	896	4	0
273	896	4	0
327	896	5	0
334	896	5	0
344	896	4	0
354	896	4	0
358	896	4	0
378	896	4	0
385	896	5	0
397	896	4	0
428	896	4	0
448	896	5	0
458	896	5	0
537	896	3	0
574	896	2	0
611	896	3	0
655	896	4	0
656	896	5	0
668	896	4	0
673	896	5	0
675	896	5	0
720	896	5	0
752	896	3	0
758	896	5	0
828	896	4	0
836	896	3	0
845	896	3	0
866	896	2	0
871	896	3	0
883	896	5	0
915	896	2	0
924	896	4	0
931	896	3	0
13	899	1	0
34	899	5	0
334	899	4	0
418	899	5	0
466	899	5	0
655	899	2	0
696	899	3	0
787	899	3	0
848	899	3	0
13	900	5	0
39	900	3	0
59	900	4	0
79	900	4	0
90	900	4	0
100	900	4	0
116	900	4	0
144	900	4	0
191	900	4	0
206	900	1	0
232	900	5	0
273	900	3	0
284	900	4	0
288	900	5	0
354	900	4	0
369	900	4	0
385	900	4	0
448	900	3	0
450	900	5	0
483	900	3	0
491	900	5	0
503	900	5	0
515	900	4	0
574	900	4	0
592	900	4	0
655	900	3	0
675	900	4	0
683	900	1	0
707	900	4	0
747	900	5	0
752	900	4	0
775	900	3	0
782	900	3	0
828	900	2	0
836	900	2	0
845	900	3	0
860	900	3	0
863	900	3	0
866	900	4	0
883	900	5	0
894	900	3	0
931	900	4	0
13	902	3	0
79	902	3	0
107	902	5	0
116	902	2	0
133	902	3	0
174	902	3	0
179	902	1	0
269	902	5	0
273	902	5	0
276	902	4	0
285	902	4	0
294	902	4	0
334	902	4	0
335	902	5	0
445	902	4	0
448	902	4	0
450	902	4	0
466	902	5	0
475	902	5	0
489	902	4	0
499	902	5	0
516	902	5	0
559	902	4	0
587	902	2	0
655	902	2	0
668	902	2	0
669	902	2	0
676	902	4	0
707	902	5	0
720	902	4	0
752	902	5	0
758	902	4	0
782	902	2	0
810	902	5	0
822	902	4	0
828	902	4	0
842	902	5	0
863	902	5	0
880	902	4	0
883	902	4	0
894	902	3	0
934	902	4	0
13	904	1	0
49	904	2	0
88	904	5	0
90	904	3	0
147	904	5	0
206	904	1	0
305	904	4	0
354	904	5	0
405	904	1	0
440	904	5	0
450	904	5	0
648	904	2	0
655	904	5	0
752	904	4	0
787	904	3	0
828	904	3	0
845	904	3	0
871	904	3	0
894	904	4	0
936	904	5	0
13	909	5	0
46	909	5	0
466	909	5	0
519	909	5	0
655	909	3	0
711	909	4	0
724	909	1	0
752	909	3	0
845	909	4	0
863	909	3	0
871	909	3	0
894	909	3	0
931	909	5	0
13	917	4	0
119	917	4	0
179	917	3	0
416	917	4	0
532	917	4	0
551	917	3	0
751	917	2	0
14	922	4	0
92	922	1	0
115	922	3	0
132	922	5	0
151	922	4	0
160	922	5	0
181	922	1	0
269	922	5	0
276	922	4	0
279	922	3	0
334	922	4	0
354	922	4	0
385	922	4	0
393	922	4	0
422	922	4	0
456	922	4	0
498	922	5	0
501	922	4	0
537	922	3	0
581	922	5	0
592	922	3	0
595	922	4	0
634	922	4	0
637	922	1	0
657	922	4	0
682	922	3	0
733	922	3	0
754	922	3	0
758	922	5	0
805	922	5	0
854	922	5	0
868	922	5	0
883	922	5	0
894	922	4	0
15	935	3	0
219	935	3	0
486	935	4	0
523	935	5	0
655	935	3	0
782	935	2	0
894	935	3	0
15	936	5	0
26	936	4	0
89	936	5	0
219	936	4	0
257	936	4	0
299	936	4	0
334	936	3	0
354	936	4	0
360	936	4	0
413	936	4	0
416	936	5	0
429	936	4	0
449	936	5	0
450	936	5	0
463	936	2	0
486	936	3	0
526	936	5	0
533	936	4	0
543	936	4	0
558	936	5	0
581	936	3	0
592	936	4	0
597	936	3	0
637	936	4	0
655	936	3	0
707	936	4	0
745	936	1	0
770	936	5	0
782	936	3	0
794	936	5	0
840	936	4	0
894	936	4	0
15	937	4	0
35	937	4	0
39	937	5	0
79	937	2	0
112	937	4	0
121	937	4	0
147	937	3	0
173	937	4	0
174	937	5	0
181	937	3	0
229	937	2	0
334	937	3	0
356	937	2	0
409	937	2	0
416	937	2	0
427	937	5	0
440	937	5	0
451	937	4	0
537	937	3	0
587	937	4	0
615	937	2	0
616	937	4	0
675	937	1	0
721	937	3	0
724	937	3	0
732	937	4	0
754	937	4	0
755	937	4	0
759	937	4	0
770	937	4	0
782	937	1	0
787	937	3	0
861	937	4	0
871	937	3	0
875	937	4	0
894	937	4	0
919	937	4	0
16	943	3	0
94	943	3	0
135	943	3	0
145	943	3	0
162	943	4	0
201	943	3	0
216	943	5	0
221	943	4	0
250	943	4	0
267	943	4	0
270	943	5	0
276	943	4	0
291	943	4	0
293	943	2	0
303	943	2	0
305	943	2	0
343	943	4	0
347	943	4	0
387	943	4	0
405	943	1	0
417	943	3	0
425	943	4	0
435	943	3	0
442	943	4	0
456	943	4	0
468	943	3	0
474	943	4	0
497	943	4	0
524	943	3	0
551	943	5	0
561	943	3	0
658	943	3	0
682	943	3	0
833	943	4	0
870	943	2	0
881	943	4	0
886	943	3	0
889	943	3	0
916	943	4	0
943	943	5	0
18	954	3	0
90	954	4	0
239	954	5	0
299	954	3	0
385	954	4	0
389	954	4	0
405	954	4	0
523	954	5	0
568	954	2	0
591	954	3	0
655	954	2	0
18	956	5	0
43	956	1	0
65	956	4	0
106	956	3	0
122	956	4	0
144	956	4	0
151	956	4	0
184	956	3	0
201	956	4	0
210	956	3	0
234	956	3	0
269	956	3	0
271	956	4	0
293	956	3	0
303	956	4	0
328	956	4	0
345	956	4	0
354	956	4	0
378	956	3	0
380	956	4	0
405	956	2	0
450	956	4	0
454	956	2	0
457	956	4	0
458	956	5	0
474	956	4	0
487	956	4	0
527	956	4	0
537	956	4	0
538	956	3	0
539	956	5	0
561	956	4	0
591	956	4	0
608	956	3	0
627	956	2	0
643	956	4	0
645	956	4	0
655	956	3	0
663	956	4	0
666	956	4	0
707	956	5	0
716	956	4	0
867	956	4	0
878	956	2	0
880	956	3	0
883	956	4	0
18	958	5	0
90	958	4	0
233	958	5	0
331	958	5	0
354	958	4	0
405	958	1	0
537	958	2	0
633	958	3	0
639	958	4	0
655	958	3	0
711	958	5	0
773	958	4	0
828	958	5	0
918	958	3	0
18	961	3	0
23	961	5	0
92	961	4	0
94	961	4	0
144	961	3	0
180	961	5	0
239	961	5	0
269	961	5	0
295	961	5	0
296	961	5	0
305	961	3	0
325	961	4	0
334	961	4	0
339	961	3	0
343	961	4	0
378	961	3	0
381	961	3	0
385	961	4	0
429	961	3	0
435	961	1	0
437	961	5	0
454	961	1	0
496	961	2	0
504	961	4	0
608	961	4	0
625	961	4	0
655	961	3	0
711	961	5	0
763	961	5	0
798	961	1	0
828	961	2	0
894	961	4	0
916	961	3	0
934	961	4	0
18	964	3	0
90	964	5	0
234	964	4	0
393	964	2	0
405	964	1	0
500	964	4	0
537	964	3	0
571	964	4	0
875	964	4	0
18	965	4	0
90	965	5	0
128	965	3	0
151	965	5	0
234	965	3	0
295	965	4	0
299	965	4	0
308	965	4	0
311	965	3	0
342	965	4	0
385	965	4	0
389	965	5	0
409	965	2	0
450	965	4	0
524	965	4	0
537	965	2	0
694	965	4	0
716	965	2	0
766	965	3	0
918	965	4	0
934	965	4	0
18	968	3	0
25	968	4	0
95	968	5	0
308	968	4	0
312	968	5	0
318	968	3	0
426	968	3	0
450	968	4	0
454	968	2	0
545	968	5	0
650	968	4	0
698	968	1	0
749	968	3	0
758	968	5	0
766	968	4	0
807	968	4	0
830	968	4	0
932	968	4	0
18	969	3	0
25	969	3	0
41	969	4	0
42	969	5	0
43	969	5	0
56	969	3	0
59	969	3	0
64	969	3	0
94	969	4	0
115	969	1	0
148	969	4	0
151	969	5	0
160	969	1	0
210	969	4	0
223	969	5	0
230	969	4	0
250	969	5	0
275	969	2	0
276	969	4	0
279	969	3	0
286	969	5	0
313	969	4	0
326	969	4	0
330	969	5	0
334	969	4	0
340	969	5	0
378	969	4	0
387	969	3	0
389	969	4	0
398	969	4	0
399	969	3	0
405	969	3	0
407	969	4	0
412	969	3	0
424	969	1	0
437	969	4	0
450	969	4	0
452	969	2	0
458	969	4	0
459	969	3	0
471	969	2	0
495	969	4	0
504	969	4	0
588	969	5	0
592	969	4	0
606	969	5	0
608	969	5	0
618	969	3	0
620	969	4	0
641	969	4	0
642	969	2	0
643	969	4	0
650	969	3	0
654	969	5	0
670	969	2	0
686	969	5	0
711	969	5	0
712	969	4	0
716	969	4	0
738	969	4	0
739	969	1	0
749	969	4	0
757	969	3	0
804	969	4	0
807	969	4	0
815	969	5	0
850	969	5	0
852	969	5	0
862	969	5	0
864	969	4	0
882	969	5	0
887	969	5	0
892	969	4	0
911	969	5	0
942	969	4	0
18	971	4	0
85	971	3	0
90	971	4	0
95	971	3	0
151	971	5	0
194	971	3	0
235	971	4	0
279	971	4	0
299	971	2	0
305	971	4	0
354	971	3	0
405	971	1	0
406	971	3	0
440	971	5	0
449	971	4	0
452	971	4	0
474	971	4	0
500	971	5	0
535	971	2	0
537	971	4	0
561	971	3	0
565	971	5	0
585	971	3	0
592	971	4	0
639	971	4	0
765	971	4	0
828	971	4	0
840	971	4	0
848	971	5	0
877	971	4	0
883	971	3	0
894	971	3	0
916	971	4	0
918	971	4	0
18	973	3	0
504	973	4	0
653	973	2	0
848	973	5	0
23	1005	3	0
59	1005	5	0
90	1005	2	0
189	1005	4	0
269	1005	4	0
299	1005	5	0
358	1005	4	0
383	1005	3	0
405	1005	1	0
433	1005	5	0
449	1005	5	0
537	1005	3	0
566	1005	5	0
568	1005	1	0
585	1005	4	0
639	1005	2	0
655	1005	4	0
828	1005	3	0
838	1005	4	0
883	1005	5	0
894	1005	5	0
916	1005	4	0
26	1008	3	0
50	1008	5	0
58	1008	1	0
63	1008	3	0
79	1008	4	0
115	1008	5	0
176	1008	4	0
181	1008	1	0
184	1008	4	0
201	1008	3	0
227	1008	4	0
257	1008	5	0
277	1008	3	0
334	1008	4	0
342	1008	3	0
343	1008	4	0
345	1008	3	0
385	1008	4	0
387	1008	4	0
406	1008	4	0
445	1008	1	0
456	1008	4	0
468	1008	4	0
500	1008	4	0
537	1008	2	0
560	1008	3	0
592	1008	4	0
634	1008	2	0
655	1008	3	0
707	1008	3	0
789	1008	4	0
805	1008	4	0
825	1008	1	0
859	1008	4	0
870	1008	3	0
903	1008	3	0
936	1008	5	0
31	1022	5	0
47	1022	3	0
79	1022	5	0
146	1022	5	0
171	1022	3	0
181	1022	1	0
196	1022	4	0
204	1022	5	0
206	1022	1	0
247	1022	4	0
257	1022	2	0
307	1022	4	0
310	1022	5	0
379	1022	3	0
385	1022	3	0
448	1022	5	0
451	1022	4	0
521	1022	4	0
523	1022	4	0
567	1022	5	0
574	1022	2	0
592	1022	5	0
646	1022	4	0
655	1022	3	0
697	1022	1	0
707	1022	3	0
758	1022	5	0
845	1022	2	0
863	1022	2	0
871	1022	3	0
889	1022	4	0
931	1022	1	0
34	1024	5	0
46	1024	5	0
111	1024	3	0
206	1024	1	0
351	1024	4	0
428	1024	4	0
561	1024	3	0
655	1024	3	0
695	1024	5	0
707	1024	5	0
711	1024	5	0
752	1024	3	0
787	1024	2	0
863	1024	3	0
871	1024	3	0
43	1053	3	0
128	1053	3	0
152	1053	5	0
174	1053	5	0
222	1053	3	0
224	1053	3	0
244	1053	2	0
286	1053	4	0
314	1053	5	0
345	1053	3	0
378	1053	3	0
393	1053	3	0
405	1053	5	0
416	1053	4	0
436	1053	4	0
450	1053	3	0
472	1053	4	0
541	1053	3	0
588	1053	3	0
642	1053	3	0
655	1053	1	0
711	1053	4	0
712	1053	4	0
880	1053	3	0
46	1062	5	0
206	1062	3	0
405	1062	1	0
448	1062	5	0
519	1062	5	0
574	1062	5	0
655	1062	3	0
696	1062	4	0
720	1062	5	0
724	1062	1	0
828	1062	4	0
863	1062	4	0
48	1063	3	0
58	1063	1	0
64	1063	3	0
82	1063	3	0
128	1063	2	0
201	1063	3	0
215	1063	5	0
234	1063	3	0
274	1063	4	0
280	1063	3	0
314	1063	5	0
318	1063	3	0
354	1063	3	0
378	1063	4	0
383	1063	5	0
393	1063	4	0
405	1063	5	0
437	1063	5	0
454	1063	4	0
474	1063	5	0
496	1063	3	0
505	1063	3	0
506	1063	5	0
535	1063	4	0
536	1063	5	0
601	1063	3	0
608	1063	5	0
612	1063	5	0
618	1063	3	0
642	1063	3	0
647	1063	3	0
655	1063	3	0
698	1063	2	0
790	1063	5	0
798	1063	3	0
799	1063	4	0
807	1063	4	0
831	1063	4	0
835	1063	4	0
848	1063	5	0
887	1063	1	0
49	1067	3	0
63	1067	3	0
99	1067	4	0
115	1067	4	0
158	1067	4	0
177	1067	4	0
181	1067	1	0
216	1067	5	0
221	1067	3	0
227	1067	4	0
287	1067	2	0
291	1067	4	0
294	1067	4	0
327	1067	4	0
343	1067	3	0
363	1067	3	0
442	1067	3	0
445	1067	1	0
458	1067	5	0
460	1067	4	0
463	1067	2	0
470	1067	4	0
490	1067	2	0
501	1067	5	0
508	1067	4	0
551	1067	2	0
592	1067	5	0
595	1067	4	0
624	1067	4	0
634	1067	4	0
640	1067	4	0
655	1067	2	0
663	1067	3	0
682	1067	3	0
697	1067	5	0
733	1067	5	0
747	1067	2	0
793	1067	4	0
823	1067	4	0
829	1067	4	0
886	1067	5	0
889	1067	3	0
903	1067	2	0
943	1067	2	0
49	1070	3	0
58	1070	4	0
85	1070	4	0
151	1070	4	0
201	1070	5	0
239	1070	5	0
264	1070	4	0
279	1070	3	0
327	1070	4	0
342	1070	3	0
385	1070	5	0
405	1070	1	0
409	1070	4	0
458	1070	4	0
468	1070	5	0
498	1070	3	0
537	1070	3	0
557	1070	2	0
561	1070	4	0
592	1070	5	0
655	1070	4	0
823	1070	4	0
833	1070	5	0
889	1070	3	0
903	1070	4	0
916	1070	4	0
933	1070	2	0
49	1073	5	0
57	1073	3	0
62	1073	4	0
73	1073	4	0
92	1073	5	0
94	1073	5	0
115	1073	5	0
145	1073	5	0
160	1073	4	0
200	1073	3	0
201	1073	2	0
214	1073	5	0
218	1073	5	0
221	1073	4	0
246	1073	4	0
249	1073	4	0
250	1073	5	0
267	1073	5	0
268	1073	4	0
269	1073	3	0
270	1073	5	0
276	1073	3	0
291	1073	5	0
292	1073	5	0
296	1073	5	0
297	1073	3	0
299	1073	4	0
303	1073	4	0
305	1073	1	0
308	1073	3	0
323	1073	4	0
327	1073	2	0
334	1073	4	0
342	1073	1	0
343	1073	4	0
363	1073	4	0
375	1073	2	0
405	1073	1	0
406	1073	3	0
409	1073	4	0
440	1073	4	0
449	1073	5	0
498	1073	3	0
506	1073	4	0
524	1073	5	0
537	1073	3	0
543	1073	3	0
548	1073	4	0
560	1073	3	0
592	1073	5	0
601	1073	2	0
617	1073	3	0
640	1073	5	0
663	1073	3	0
671	1073	3	0
757	1073	4	0
828	1073	4	0
870	1073	5	0
875	1073	5	0
884	1073	4	0
886	1073	4	0
889	1073	5	0
894	1073	4	0
903	1073	3	0
916	1073	4	0
919	1073	4	0
49	1075	2	0
85	1075	3	0
234	1075	3	0
286	1075	5	0
327	1075	4	0
379	1075	3	0
437	1075	4	0
50	1084	5	0
58	1084	4	0
74	1084	3	0
181	1084	2	0
195	1084	4	0
315	1084	4	0
316	1084	4	0
330	1084	5	0
424	1084	5	0
470	1084	3	0
504	1084	4	0
526	1084	5	0
537	1084	3	0
541	1084	4	0
601	1084	5	0
634	1084	2	0
655	1084	3	0
682	1084	2	0
807	1084	4	0
821	1084	5	0
887	1084	5	0
58	1097	5	0
90	1097	4	0
176	1097	4	0
181	1097	1	0
303	1097	3	0
327	1097	4	0
385	1097	5	0
387	1097	3	0
409	1097	2	0
445	1097	1	0
470	1097	3	0
501	1097	5	0
581	1097	4	0
592	1097	4	0
655	1097	3	0
773	1097	4	0
889	1097	3	0
936	1097	5	0
58	1098	4	0
85	1098	4	0
151	1098	1	0
158	1098	4	0
189	1098	4	0
201	1098	2	0
207	1098	4	0
221	1098	4	0
239	1098	5	0
244	1098	5	0
251	1098	3	0
268	1098	3	0
276	1098	4	0
291	1098	4	0
293	1098	2	0
303	1098	4	0
327	1098	4	0
336	1098	3	0
381	1098	4	0
389	1098	4	0
416	1098	3	0
437	1098	3	0
442	1098	4	0
492	1098	4	0
535	1098	5	0
542	1098	4	0
578	1098	2	0
588	1098	4	0
643	1098	4	0
655	1098	3	0
664	1098	3	0
666	1098	4	0
747	1098	4	0
758	1098	5	0
763	1098	3	0
805	1098	3	0
806	1098	4	0
868	1098	5	0
870	1098	4	0
896	1098	3	0
903	1098	5	0
916	1098	4	0
58	1099	2	0
189	1099	5	0
239	1099	5	0
280	1099	5	0
363	1099	2	0
405	1099	1	0
409	1099	4	0
543	1099	4	0
591	1099	5	0
655	1099	3	0
670	1099	3	0
844	1099	2	0
918	1099	4	0
58	1103	5	0
85	1103	3	0
201	1103	3	0
249	1103	5	0
264	1103	5	0
269	1103	5	0
299	1103	4	0
327	1103	4	0
342	1103	3	0
361	1103	4	0
385	1103	3	0
405	1103	2	0
435	1103	4	0
498	1103	4	0
537	1103	4	0
561	1103	4	0
655	1103	3	0
875	1103	5	0
889	1103	2	0
59	1109	3	0
90	1109	3	0
151	1109	4	0
244	1109	4	0
256	1109	4	0
270	1109	5	0
276	1109	3	0
291	1109	4	0
297	1109	3	0
303	1109	4	0
328	1109	3	0
372	1109	4	0
405	1109	1	0
406	1109	4	0
429	1109	2	0
435	1109	3	0
452	1109	2	0
458	1109	4	0
527	1109	3	0
629	1109	4	0
664	1109	4	0
671	1109	2	0
707	1109	5	0
846	1109	3	0
862	1109	5	0
864	1109	4	0
916	1109	3	0
919	1109	3	0
59	1111	5	0
405	1111	1	0
500	1111	4	0
537	1111	3	0
591	1111	4	0
655	1111	3	0
758	1111	4	0
59	1114	5	0
181	1114	1	0
256	1114	4	0
280	1114	4	0
283	1114	5	0
389	1114	2	0
518	1114	2	0
624	1114	4	0
733	1114	3	0
919	1114	3	0
59	1115	3	0
104	1115	4	0
106	1115	4	0
125	1115	3	0
181	1115	1	0
189	1115	4	0
207	1115	2	0
239	1115	2	0
243	1115	3	0
295	1115	5	0
381	1115	4	0
387	1115	3	0
450	1115	4	0
459	1115	3	0
460	1115	3	0
463	1115	4	0
514	1115	4	0
536	1115	5	0
561	1115	3	0
608	1115	4	0
654	1115	3	0
678	1115	3	0
698	1115	2	0
711	1115	4	0
733	1115	3	0
838	1115	4	0
883	1115	4	0
894	1115	4	0
936	1115	4	0
59	1116	3	0
95	1116	4	0
254	1116	3	0
311	1116	3	0
312	1116	3	0
380	1116	4	0
426	1116	4	0
450	1116	3	0
495	1116	3	0
601	1116	4	0
882	1116	4	0
887	1116	5	0
932	1116	4	0
59	1119	4	0
89	1119	3	0
94	1119	4	0
99	1119	4	0
122	1119	3	0
165	1119	3	0
178	1119	4	0
180	1119	3	0
187	1119	3	0
224	1119	3	0
235	1119	3	0
244	1119	5	0
256	1119	3	0
270	1119	5	0
286	1119	3	0
293	1119	1	0
299	1119	4	0
311	1119	4	0
354	1119	4	0
361	1119	3	0
373	1119	5	0
381	1119	4	0
389	1119	3	0
398	1119	4	0
405	1119	3	0
416	1119	5	0
417	1119	3	0
429	1119	3	0
436	1119	4	0
450	1119	4	0
457	1119	4	0
472	1119	5	0
495	1119	4	0
532	1119	5	0
561	1119	3	0
593	1119	5	0
608	1119	5	0
629	1119	5	0
650	1119	3	0
659	1119	4	0
663	1119	3	0
711	1119	4	0
712	1119	4	0
721	1119	4	0
727	1119	3	0
756	1119	4	0
790	1119	4	0
796	1119	4	0
798	1119	3	0
805	1119	3	0
831	1119	3	0
864	1119	3	0
871	1119	3	0
880	1119	3	0
886	1119	4	0
896	1119	3	0
907	1119	5	0
916	1119	3	0
919	1119	3	0
60	1121	3	0
85	1121	3	0
184	1121	4	0
234	1121	5	0
279	1121	4	0
308	1121	3	0
385	1121	4	0
389	1121	4	0
437	1121	5	0
480	1121	4	0
492	1121	2	0
523	1121	5	0
585	1121	4	0
639	1121	2	0
655	1121	3	0
767	1121	5	0
829	1121	4	0
878	1121	2	0
883	1121	3	0
909	1121	5	0
932	1121	5	0
60	1123	4	0
234	1123	3	0
474	1123	4	0
60	1124	4	0
312	1124	4	0
338	1124	4	0
474	1124	4	0
524	1124	3	0
535	1124	4	0
553	1124	4	0
608	1124	4	0
716	1124	3	0
846	1124	4	0
881	1124	4	0
892	1124	4	0
62	1129	5	0
65	1129	4	0
76	1129	5	0
181	1129	1	0
214	1129	4	0
257	1129	5	0
276	1129	4	0
277	1129	3	0
327	1129	2	0
385	1129	5	0
387	1129	4	0
425	1129	3	0
445	1129	4	0
456	1129	4	0
473	1129	4	0
486	1129	4	0
524	1129	2	0
537	1129	1	0
590	1129	3	0
592	1129	5	0
655	1129	3	0
678	1129	1	0
699	1129	3	0
733	1129	4	0
763	1129	4	0
771	1129	5	0
806	1129	3	0
936	1129	5	0
62	1136	3	0
85	1136	3	0
90	1136	3	0
128	1136	3	0
130	1136	4	0
152	1136	5	0
184	1136	4	0
201	1136	1	0
244	1136	3	0
297	1136	3	0
314	1136	5	0
328	1136	4	0
416	1136	4	0
429	1136	4	0
455	1136	3	0
504	1136	5	0
506	1136	3	0
530	1136	4	0
532	1136	2	0
535	1136	4	0
551	1136	5	0
627	1136	4	0
642	1136	4	0
653	1136	2	0
655	1136	2	0
693	1136	3	0
749	1136	4	0
887	1136	5	0
919	1136	2	0
63	1138	2	0
144	1138	4	0
659	1138	4	0
782	1138	2	0
807	1138	5	0
64	1141	5	0
128	1141	4	0
276	1141	3	0
299	1141	4	0
327	1141	3	0
331	1141	3	0
559	1141	2	0
655	1141	3	0
707	1141	3	0
69	1144	5	0
655	1144	3	0
782	1144	3	0
72	1147	5	0
94	1147	4	0
144	1147	4	0
167	1147	4	0
207	1147	4	0
262	1147	4	0
293	1147	4	0
308	1147	4	0
373	1147	4	0
378	1147	4	0
389	1147	4	0
405	1147	2	0
406	1147	4	0
416	1147	4	0
450	1147	4	0
492	1147	1	0
504	1147	4	0
533	1147	3	0
537	1147	3	0
577	1147	4	0
655	1147	3	0
72	1148	4	0
184	1148	3	0
243	1148	3	0
269	1148	4	0
270	1148	5	0
405	1148	1	0
437	1148	4	0
846	1148	3	0
861	1148	3	0
73	1149	4	0
85	1149	3	0
148	1149	5	0
232	1149	5	0
234	1149	3	0
235	1149	4	0
325	1149	4	0
358	1149	3	0
360	1149	4	0
527	1149	4	0
535	1149	4	0
561	1149	4	0
585	1149	4	0
606	1149	4	0
622	1149	3	0
643	1149	3	0
650	1149	4	0
655	1149	3	0
698	1149	3	0
756	1149	5	0
805	1149	4	0
833	1149	4	0
878	1149	4	0
890	1149	5	0
924	1149	3	0
932	1149	4	0
75	1152	1	0
159	1152	4	0
181	1152	2	0
224	1152	3	0
242	1152	5	0
274	1152	4	0
314	1152	4	0
361	1152	2	0
416	1152	4	0
434	1152	5	0
450	1152	5	0
483	1152	4	0
524	1152	3	0
552	1152	3	0
597	1152	4	0
599	1152	4	0
642	1152	5	0
708	1152	5	0
711	1152	1	0
714	1152	2	0
741	1152	3	0
761	1152	2	0
764	1152	3	0
889	1152	3	0
904	1152	4	0
919	1152	4	0
931	1152	4	0
938	1152	3	0
76	1153	2	0
85	1153	4	0
94	1153	4	0
119	1153	5	0
201	1153	2	0
303	1153	3	0
339	1153	4	0
406	1153	2	0
437	1153	5	0
450	1153	5	0
508	1153	4	0
561	1153	3	0
608	1153	3	0
655	1153	3	0
682	1153	3	0
828	1153	3	0
835	1153	4	0
889	1153	4	0
894	1153	3	0
76	1154	5	0
96	1154	5	0
132	1154	3	0
189	1154	3	0
269	1154	3	0
308	1154	2	0
385	1154	5	0
524	1154	1	0
537	1154	1	0
666	1154	3	0
833	1154	4	0
867	1154	5	0
76	1155	2	0
585	1155	5	0
655	1155	3	0
76	1159	3	0
183	1159	3	0
358	1159	5	0
385	1159	4	0
405	1159	1	0
409	1159	2	0
543	1159	5	0
645	1159	4	0
747	1159	2	0
758	1159	5	0
867	1159	5	0
78	1160	5	0
119	1160	5	0
184	1160	5	0
192	1160	4	0
257	1160	4	0
296	1160	4	0
303	1160	2	0
318	1160	5	0
342	1160	3	0
345	1160	3	0
385	1160	2	0
392	1160	2	0
407	1160	1	0
416	1160	4	0
450	1160	5	0
455	1160	4	0
500	1160	5	0
514	1160	4	0
560	1160	3	0
655	1160	3	0
697	1160	1	0
711	1160	5	0
782	1160	2	0
819	1160	4	0
847	1160	4	0
936	1160	5	0
85	1167	3	0
184	1167	5	0
249	1167	4	0
312	1167	4	0
342	1167	1	0
405	1167	1	0
455	1167	4	0
655	1167	3	0
847	1167	5	0
907	1167	5	0
940	1167	4	0
85	1172	4	0
172	1172	3	0
234	1172	3	0
276	1172	4	0
312	1172	5	0
334	1172	3	0
344	1172	4	0
450	1172	5	0
474	1172	4	0
608	1172	5	0
659	1172	4	0
691	1172	5	0
776	1172	2	0
847	1172	1	0
918	1172	3	0
86	1175	5	0
126	1175	5	0
206	1175	1	0
355	1175	5	0
405	1175	1	0
86	1176	5	0
129	1176	4	0
139	1176	4	0
206	1176	1	0
235	1176	5	0
405	1176	3	0
409	1176	4	0
448	1176	2	0
466	1176	5	0
486	1176	3	0
557	1176	5	0
646	1176	4	0
648	1176	1	0
655	1176	4	0
681	1176	4	0
696	1176	4	0
707	1176	2	0
713	1176	3	0
720	1176	5	0
724	1176	1	0
752	1176	2	0
871	1176	3	0
87	1186	3	0
234	1186	4	0
655	1186	3	0
87	1190	4	0
159	1190	5	0
238	1190	3	0
454	1190	3	0
459	1190	4	0
606	1190	3	0
672	1190	2	0
711	1190	3	0
782	1190	2	0
936	1190	3	0
939	1190	5	0
90	1192	5	0
91	1192	4	0
128	1192	2	0
201	1192	3	0
230	1192	4	0
237	1192	5	0
239	1192	1	0
312	1192	3	0
399	1192	3	0
405	1192	1	0
450	1192	5	0
615	1192	4	0
655	1192	4	0
90	1193	4	0
195	1193	4	0
201	1193	4	0
235	1193	4	0
405	1193	1	0
566	1193	5	0
585	1193	5	0
639	1193	4	0
655	1193	3	0
829	1193	4	0
90	1197	4	0
119	1197	4	0
144	1197	4	0
151	1197	5	0
160	1197	4	0
168	1197	5	0
178	1197	4	0
181	1197	1	0
207	1197	4	0
223	1197	3	0
243	1197	4	0
265	1197	2	0
277	1197	4	0
308	1197	4	0
354	1197	3	0
360	1197	3	0
374	1197	4	0
389	1197	3	0
393	1197	3	0
406	1197	3	0
411	1197	4	0
434	1197	5	0
450	1197	3	0
455	1197	4	0
463	1197	4	0
486	1197	4	0
494	1197	3	0
537	1197	3	0
569	1197	4	0
630	1197	3	0
634	1197	4	0
655	1197	3	0
674	1197	3	0
703	1197	3	0
725	1197	3	0
754	1197	3	0
761	1197	3	0
792	1197	4	0
796	1197	3	0
821	1197	5	0
854	1197	3	0
871	1197	3	0
880	1197	3	0
891	1197	5	0
919	1197	4	0
90	1200	4	0
167	1200	4	0
234	1200	3	0
405	1200	1	0
474	1200	4	0
553	1200	3	0
918	1200	4	0
90	1202	5	0
119	1202	4	0
181	1202	1	0
286	1202	3	0
334	1202	4	0
406	1202	3	0
486	1202	4	0
936	1202	4	0
90	1204	4	0
125	1204	3	0
234	1204	3	0
239	1204	4	0
318	1204	2	0
389	1204	4	0
426	1204	4	0
435	1204	3	0
452	1204	4	0
524	1204	3	0
567	1204	5	0
608	1204	2	0
707	1204	3	0
747	1204	4	0
815	1204	5	0
847	1204	3	0
932	1204	5	0
942	1204	4	0
92	1211	3	0
94	1211	5	0
194	1211	2	0
201	1211	3	0
308	1211	3	0
343	1211	4	0
378	1211	3	0
437	1211	4	0
527	1211	3	0
539	1211	3	0
655	1211	4	0
707	1211	4	0
94	1218	4	0
110	1218	3	0
177	1218	4	0
216	1218	3	0
221	1218	3	0
222	1218	1	0
246	1218	3	0
276	1218	4	0
303	1218	4	0
314	1218	4	0
327	1218	4	0
332	1218	5	0
336	1218	3	0
374	1218	2	0
405	1218	5	0
429	1218	3	0
442	1218	2	0
456	1218	3	0
542	1218	3	0
586	1218	5	0
709	1218	4	0
727	1218	4	0
774	1218	3	0
846	1218	4	0
889	1218	4	0
893	1218	3	0
94	1221	3	0
95	1221	4	0
128	1221	3	0
159	1221	5	0
174	1221	5	0
224	1221	3	0
234	1221	4	0
276	1221	3	0
280	1221	5	0
295	1221	5	0
311	1221	4	0
314	1221	3	0
345	1221	3	0
378	1221	3	0
393	1221	3	0
405	1221	1	0
416	1221	5	0
450	1221	5	0
457	1221	4	0
474	1221	4	0
478	1221	2	0
532	1221	5	0
593	1221	3	0
608	1221	2	0
618	1221	2	0
643	1221	3	0
655	1221	3	0
682	1221	3	0
694	1221	3	0
711	1221	4	0
712	1221	4	0
721	1221	3	0
764	1221	4	0
846	1221	3	0
870	1221	3	0
885	1221	3	0
896	1221	2	0
907	1221	5	0
942	1221	4	0
94	1223	4	0
160	1223	4	0
299	1223	3	0
655	1223	3	0
94	1226	4	0
104	1226	3	0
116	1226	2	0
144	1226	4	0
207	1226	2	0
222	1226	4	0
293	1226	3	0
299	1226	2	0
303	1226	4	0
334	1226	4	0
345	1226	3	0
392	1226	4	0
416	1226	3	0
450	1226	4	0
458	1226	2	0
464	1226	4	0
467	1226	4	0
486	1226	4	0
500	1226	4	0
530	1226	4	0
532	1226	4	0
540	1226	4	0
592	1226	4	0
605	1226	4	0
637	1226	2	0
655	1226	3	0
733	1226	3	0
782	1226	2	0
854	1226	4	0
883	1226	3	0
894	1226	4	0
936	1226	3	0
100	1233	3	0
139	1233	5	0
206	1233	1	0
355	1233	4	0
637	1233	5	0
655	1233	3	0
100	1237	3	0
261	1237	3	0
507	1237	5	0
646	1237	3	0
782	1237	3	0
863	1237	4	0
102	1240	2	0
267	1240	5	0
276	1240	4	0
279	1240	1	0
339	1240	5	0
387	1240	5	0
405	1240	1	0
430	1240	3	0
435	1240	4	0
456	1240	3	0
497	1240	5	0
521	1240	3	0
532	1240	2	0
588	1240	5	0
603	1240	5	0
660	1240	3	0
677	1240	5	0
756	1240	4	0
757	1240	3	0
773	1240	3	0
822	1240	3	0
826	1240	5	0
865	1240	5	0
868	1240	5	0
896	1240	4	0
913	1240	2	0
107	1243	3	0
260	1243	5	0
489	1243	4	0
611	1243	3	0
752	1243	4	0
782	1243	3	0
863	1243	4	0
119	1262	3	0
174	1262	5	0
416	1262	5	0
437	1262	3	0
543	1262	2	0
608	1262	5	0
655	1262	3	0
889	1262	3	0
119	1264	3	0
151	1264	4	0
293	1264	3	0
416	1264	4	0
578	1264	3	0
592	1264	4	0
595	1264	2	0
122	1268	2	0
201	1268	4	0
382	1268	5	0
405	1268	1	0
435	1268	5	0
524	1268	3	0
655	1268	3	0
763	1268	5	0
828	1268	2	0
916	1268	3	0
130	1277	4	0
181	1277	2	0
186	1277	4	0
291	1277	4	0
328	1277	3	0
357	1277	5	0
374	1277	3	0
445	1277	2	0
504	1277	4	0
552	1277	3	0
599	1277	4	0
606	1277	3	0
761	1277	1	0
788	1277	3	0
851	1277	2	0
880	1277	4	0
919	1277	4	0
923	1277	5	0
939	1277	5	0
130	1278	5	0
159	1278	3	0
168	1278	3	0
262	1278	4	0
493	1278	5	0
501	1278	3	0
548	1278	4	0
552	1278	3	0
599	1278	5	0
655	1278	2	0
736	1278	1	0
782	1278	4	0
835	1278	5	0
887	1278	2	0
891	1278	5	0
919	1278	4	0
144	1286	4	0
151	1286	5	0
286	1286	5	0
293	1286	4	0
303	1286	4	0
305	1286	5	0
308	1286	3	0
385	1286	3	0
389	1286	5	0
416	1286	5	0
450	1286	3	0
474	1286	2	0
496	1286	2	0
498	1286	3	0
568	1286	4	0
716	1286	2	0
846	1286	4	0
151	1298	4	0
234	1298	3	0
293	1298	3	0
312	1298	5	0
389	1298	5	0
397	1298	3	0
567	1298	5	0
766	1298	3	0
900	1298	2	0
152	1301	5	0
276	1301	4	0
339	1301	3	0
429	1301	4	0
684	1301	3	0
157	1302	5	0
181	1302	1	0
486	1302	3	0
499	1302	5	0
782	1302	3	0
181	1326	1	0
199	1326	3	0
447	1326	4	0
500	1326	4	0
859	1326	4	0
907	1326	4	0
181	1368	1	0
243	1368	2	0
342	1368	5	0
655	1368	5	0
858	1368	4	0
936	1368	5	0
181	1375	1	0
286	1375	5	0
430	1375	4	0
486	1375	3	0
581	1375	5	0
655	1375	3	0
699	1375	3	0
733	1375	3	0
747	1375	4	0
936	1375	5	0
181	1388	1	0
480	1388	4	0
655	1388	3	0
736	1388	5	0
782	1388	3	0
871	1388	4	0
192	1405	5	0
405	1405	1	0
486	1405	5	0
548	1405	3	0
560	1405	4	0
782	1405	2	0
193	1406	4	0
622	1406	3	0
655	1406	3	0
896	1406	3	0
914	1406	4	0
195	1418	4	0
429	1418	3	0
655	1418	4	0
201	1428	4	0
244	1428	4	0
269	1428	5	0
279	1428	3	0
385	1428	4	0
416	1428	3	0
532	1428	4	0
588	1428	5	0
682	1428	3	0
833	1428	3	0
889	1428	3	0
916	1428	3	0
206	1431	1	0
713	1431	3	0
739	1431	5	0
863	1431	4	0
871	1431	4	0
225	1443	4	0
254	1443	4	0
429	1443	2	0
551	1443	5	0
234	1448	3	0
655	1448	3	0
883	1448	5	0
234	1456	4	0
305	1456	4	0
308	1456	4	0
385	1456	4	0
524	1456	3	0
747	1456	3	0
932	1456	4	0
234	1459	3	0
280	1459	4	0
295	1459	5	0
399	1459	3	0
496	1459	4	0
512	1459	4	0
788	1459	2	0
234	1462	3	0
257	1462	5	0
385	1462	4	0
655	1462	3	0
828	1462	3	0
883	1462	5	0
894	1462	3	0
234	1463	5	0
752	1463	4	0
845	1463	1	0
253	1468	3	0
393	1468	4	0
405	1468	1	0
436	1468	5	0
618	1468	3	0
880	1468	4	0
257	1472	2	0
523	1472	5	0
263	1473	5	0
280	1473	3	0
295	1473	4	0
314	1473	4	0
496	1473	3	0
642	1473	4	0
655	1473	3	0
846	1473	5	0
887	1473	1	0
276	1483	3	0
328	1483	4	0
416	1483	4	0
444	1483	2	0
499	1483	1	0
532	1483	4	0
587	1483	4	0
603	1483	5	0
660	1483	3	0
676	1483	4	0
683	1483	3	0
807	1483	4	0
279	1485	4	0
305	1485	3	0
363	1485	4	0
585	1485	3	0
279	1495	4	0
363	1495	5	0
385	1495	3	0
416	1495	3	0
498	1495	3	0
286	1504	4	0
334	1504	3	0
440	1504	4	0
299	1506	4	0
385	1506	4	0
655	1506	3	0
378	1531	4	0
393	1531	4	0
405	1531	1	0
577	1531	4	0
642	1531	3	0
864	1531	3	0
897	1531	4	0
399	1541	3	0
409	1541	4	0
405	1558	1	0
409	1558	5	0
469	1558	5	0
585	1558	5	0
610	1558	3	0
761	1558	1	0
932	1558	5	0
405	1592	1	0
519	1592	5	0
845	1592	3	0
883	1592	5	0
894	1592	4	0
439	1600	5	0
514	1600	4	0
655	1600	3	0
782	1600	3	0
448	1602	4	0
655	1602	3	0
860	1602	3	0
466	1607	5	0
655	1607	3	0
863	1607	2	0
489	1612	5	0
519	1612	5	0
617	1612	1	0
920	1612	4	0
655	1628	2	0
675	1628	5	0
707	1628	5	0
833	1628	3	0
655	1631	4	0
747	1631	3	0
655	1643	5	0
699	1643	3	0
782	1643	2	0
901	1643	5	0
655	1646	3	0
828	1646	4	0
713	1656	2	0
883	1656	5	0
