1	71	3	0
6	71	4	0
7	71	5	0
12	71	4	0
13	71	4	0
16	71	5	0
18	71	4	0
23	71	3	0
24	71	5	0
38	71	5	0
42	71	4	0
43	71	4	0
44	71	3	0
48	71	3	0
49	71	3	0
56	71	4	0
59	71	3	0
60	71	3	0
62	71	4	0
64	71	3	0
70	71	3	0
82	71	4	0
83	71	3	0
85	71	4	0
92	71	5	0
94	71	4	0
95	71	5	0
109	71	4	0
128	71	4	0
130	71	5	0
148	71	5	0
152	71	5	0
175	71	4	0
178	71	4	0
184	71	4	0
186	71	5	0
194	71	4	0
198	71	3	0
200	71	4	0
201	71	3	0
219	71	1	0
222	71	4	0
223	71	5	0
230	71	5	0
233	71	5	0
234	71	3	0
236	71	3	0
244	71	4	0
250	71	5	0
254	71	3	0
262	71	4	0
268	71	3	0
274	71	4	0
275	71	3	0
276	71	4	0
279	71	3	0
280	71	4	0
283	71	4	0
290	71	5	0
291	71	4	0
293	71	4	0
295	71	5	0
298	71	5	0
299	71	3	0
301	71	4	0
303	71	3	0
305	71	3	0
307	71	5	0
308	71	4	0
311	71	4	0
312	71	4	0
313	71	4	0
314	71	5	0
316	71	1	0
320	71	3	0
325	71	3	0
328	71	4	0
330	71	5	0
334	71	3	0
340	71	5	0
344	71	3	0
345	71	3	0
363	71	3	0
373	71	5	0
374	71	5	0
378	71	4	0
380	71	4	0
387	71	2	0
389	71	4	0
391	71	3	0
393	71	3	0
398	71	5	0
399	71	3	0
401	71	2	0
405	71	1	0
406	71	3	0
407	71	3	0
416	71	4	0
429	71	3	0
435	71	3	0
437	71	3	0
450	71	3	0
452	71	3	0
454	71	3	0
455	71	3	0
456	71	3	0
468	71	5	0
471	71	3	0
472	71	2	0
474	71	5	0
478	71	3	0
479	71	1	0
484	71	2	0
487	71	3	0
488	71	3	0
493	71	5	0
495	71	5	0
497	71	4	0
504	71	5	0
505	71	4	0
506	71	5	0
524	71	3	0
533	71	4	0
535	71	4	0
536	71	5	0
541	71	5	0
542	71	3	0
543	71	4	0
545	71	5	0
551	71	4	0
554	71	4	0
561	71	2	0
566	71	2	0
577	71	5	0
588	71	4	0
592	71	4	0
593	71	4	0
601	71	1	0
606	71	5	0
610	71	4	0
618	71	4	0
620	71	5	0
621	71	3	0
630	71	3	0
632	71	4	0
633	71	3	0
642	71	5	0
647	71	4	0
648	71	3	0
650	71	3	0
654	71	3	0
660	71	2	0
661	71	4	0
664	71	4	0
665	71	4	0
682	71	5	0
694	71	4	0
705	71	5	0
711	71	3	0
712	71	5	0
715	71	3	0
719	71	3	0
727	71	3	0
738	71	3	0
747	71	5	0
748	71	3	0
749	71	4	0
753	71	5	0
756	71	3	0
757	71	4	0
760	71	4	0
764	71	5	0
766	71	3	0
771	71	5	0
779	71	4	0
786	71	5	0
788	71	3	0
796	71	4	0
798	71	3	0
804	71	4	0
805	71	3	0
807	71	5	0
815	71	5	0
821	71	5	0
822	71	4	0
823	71	3	0
826	71	5	0
830	71	4	0
838	71	3	0
840	71	3	0
843	71	2	0
844	71	3	0
846	71	4	0
847	71	4	0
848	71	5	0
850	71	5	0
851	71	4	0
864	71	3	0
865	71	1	0
875	71	2	0
878	71	4	0
880	71	4	0
881	71	4	0
882	71	5	0
885	71	4	0
886	71	4	0
887	71	5	0
889	71	3	0
892	71	3	0
896	71	5	0
897	71	5	0
899	71	4	0
901	71	4	0
907	71	5	0
916	71	3	0
921	71	4	0
922	71	4	0
924	71	5	0
927	71	5	0
942	71	5	0
1	73	3	0
7	73	3	0
13	73	3	0
23	73	3	0
42	73	4	0
43	73	4	0
56	73	4	0
59	73	4	0
60	73	4	0
65	73	4	0
82	73	4	0
87	73	3	0
92	73	3	0
95	73	4	0
102	73	3	0
125	73	5	0
128	73	3	0
144	73	3	0
151	73	4	0
167	73	2	0
178	73	5	0
193	73	3	0
194	73	3	0
198	73	3	0
207	73	3	0
210	73	5	0
222	73	4	0
234	73	2	0
268	73	3	0
271	73	2	0
276	73	3	0
279	73	4	0
280	73	3	0
286	73	5	0
293	73	2	0
295	73	4	0
297	73	2	0
299	73	2	0
301	73	4	0
303	73	3	0
308	73	3	0
311	73	4	0
313	73	5	0
314	73	4	0
328	73	4	0
330	73	5	0
332	73	4	0
334	73	3	0
339	73	3	0
344	73	3	0
347	73	2	0
363	73	2	0
371	73	5	0
378	73	3	0
393	73	4	0
394	73	3	0
398	73	3	0
399	73	3	0
405	73	5	0
406	73	2	0
407	73	4	0
411	73	4	0
416	73	3	0
417	73	3	0
429	73	3	0
435	73	3	0
436	73	4	0
450	73	3	0
452	73	3	0
453	73	4	0
454	73	3	0
472	73	4	0
474	73	3	0
476	73	4	0
484	73	4	0
487	73	3	0
497	73	3	0
505	73	4	0
506	73	4	0
508	73	3	0
514	73	4	0
521	73	3	0
536	73	4	0
541	73	4	0
542	73	3	0
545	73	4	0
551	73	2	0
559	73	4	0
562	73	4	0
588	73	3	0
593	73	2	0
618	73	3	0
621	73	5	0
632	73	3	0
642	73	4	0
645	73	3	0
647	73	5	0
650	73	3	0
659	73	4	0
664	73	2	0
679	73	4	0
682	73	5	0
684	73	4	0
690	73	2	0
700	73	3	0
712	73	5	0
715	73	4	0
716	73	4	0
727	73	4	0
747	73	4	0
749	73	4	0
763	73	3	0
788	73	3	0
790	73	4	0
798	73	4	0
807	73	3	0
846	73	4	0
864	73	5	0
868	73	1	0
889	73	3	0
892	73	3	0
896	73	3	0
897	73	3	0
899	73	4	0
901	73	5	0
916	73	3	0
933	73	4	0
943	73	3	0
1	91	5	0
7	91	3	0
13	91	2	0
18	91	3	0
23	91	4	0
43	91	3	0
44	91	2	0
49	91	5	0
56	91	4	0
59	91	4	0
62	91	4	0
64	91	4	0
70	91	3	0
77	91	3	0
92	91	3	0
94	91	5	0
95	91	5	0
96	91	5	0
102	91	3	0
109	91	4	0
142	91	5	0
144	91	2	0
151	91	2	0
165	91	4	0
184	91	3	0
189	91	3	0
194	91	3	0
200	91	4	0
216	91	4	0
222	91	2	0
230	91	3	0
232	91	5	0
233	91	3	0
234	91	5	0
239	91	4	0
250	91	5	0
262	91	3	0
268	91	3	0
276	91	5	0
283	91	5	0
286	91	4	0
290	91	2	0
293	91	2	0
295	91	5	0
298	91	2	0
299	91	4	0
301	91	3	0
303	91	5	0
305	91	2	0
307	91	4	0
308	91	4	0
311	91	3	0
312	91	3	0
330	91	4	0
334	91	4	0
339	91	5	0
345	91	4	0
346	91	1	0
347	91	1	0
363	91	4	0
378	91	3	0
387	91	4	0
394	91	4	0
399	91	4	0
405	91	2	0
407	91	4	0
417	91	2	0
429	91	3	0
435	91	4	0
437	91	3	0
447	91	4	0
450	91	4	0
456	91	2	0
457	91	4	0
468	91	5	0
472	91	5	0
483	91	3	0
493	91	3	0
495	91	2	0
497	91	2	0
508	91	4	0
527	91	2	0
533	91	2	0
537	91	2	0
541	91	5	0
551	91	1	0
561	91	4	0
588	91	5	0
601	91	5	0
606	91	5	0
618	91	4	0
620	91	2	0
621	91	3	0
625	91	4	0
632	91	3	0
640	91	4	0
642	91	4	0
645	91	3	0
650	91	4	0
660	91	4	0
666	91	3	0
677	91	5	0
711	91	4	0
716	91	5	0
727	91	4	0
738	91	4	0
747	91	5	0
751	91	4	0
756	91	3	0
757	91	4	0
758	91	4	0
766	91	5	0
771	91	4	0
773	91	4	0
774	91	1	0
776	91	4	0
790	91	3	0
795	91	5	0
796	91	2	0
804	91	4	0
805	91	5	0
807	91	5	0
815	91	3	0
822	91	3	0
823	91	3	0
826	91	4	0
840	91	5	0
843	91	3	0
846	91	4	0
862	91	5	0
864	91	5	0
865	91	3	0
868	91	3	0
880	91	3	0
885	91	3	0
887	91	5	0
889	91	4	0
896	91	2	0
901	91	1	0
903	91	5	0
916	91	4	0
922	91	4	0
927	91	4	0
1	95	4	0
5	95	4	0
6	95	2	0
13	95	5	0
16	95	5	0
18	95	4	0
20	95	3	0
23	95	4	0
28	95	3	0
38	95	5	0
42	95	5	0
43	95	4	0
44	95	4	0
49	95	2	0
52	95	4	0
56	95	4	0
59	95	2	0
60	95	4	0
64	95	4	0
70	95	4	0
83	95	4	0
84	95	4	0
85	95	4	0
92	95	3	0
95	95	3	0
102	95	4	0
109	95	4	0
125	95	5	0
130	95	5	0
178	95	5	0
184	95	4	0
186	95	3	0
194	95	3	0
198	95	3	0
200	95	5	0
201	95	3	0
216	95	3	0
222	95	4	0
223	95	5	0
230	95	5	0
233	95	5	0
234	95	3	0
244	95	4	0
246	95	3	0
250	95	5	0
253	95	4	0
262	95	3	0
263	95	5	0
268	95	4	0
271	95	4	0
275	95	3	0
276	95	5	0
279	95	3	0
280	95	5	0
283	95	5	0
286	95	5	0
290	95	4	0
291	95	4	0
295	95	4	0
297	95	3	0
299	95	3	0
301	95	5	0
303	95	5	0
308	95	4	0
313	95	3	0
314	95	5	0
320	95	3	0
325	95	2	0
327	95	3	0
330	95	5	0
332	95	5	0
334	95	3	0
340	95	5	0
342	95	4	0
344	95	4	0
347	95	4	0
363	95	3	0
373	95	5	0
374	95	4	0
378	95	4	0
380	95	4	0
381	95	4	0
387	95	2	0
389	95	3	0
393	95	4	0
397	95	4	0
398	95	5	0
399	95	3	0
402	95	5	0
405	95	3	0
406	95	4	0
407	95	3	0
416	95	3	0
417	95	5	0
429	95	3	0
433	95	3	0
435	95	3	0
436	95	4	0
437	95	4	0
450	95	3	0
454	95	2	0
455	95	4	0
456	95	4	0
466	95	2	0
468	95	4	0
471	95	4	0
472	95	3	0
479	95	4	0
484	95	4	0
487	95	4	0
493	95	5	0
495	95	3	0
497	95	4	0
505	95	4	0
506	95	5	0
514	95	4	0
521	95	3	0
523	95	4	0
524	95	3	0
532	95	5	0
536	95	5	0
537	95	1	0
541	95	4	0
542	95	3	0
543	95	3	0
545	95	4	0
551	95	5	0
554	95	4	0
561	95	2	0
566	95	2	0
577	95	5	0
588	95	4	0
592	95	4	0
606	95	4	0
610	95	2	0
618	95	3	0
620	95	4	0
621	95	4	0
622	95	4	0
625	95	3	0
632	95	5	0
642	95	5	0
648	95	3	0
650	95	3	0
654	95	4	0
660	95	2	0
661	95	5	0
664	95	4	0
679	95	3	0
682	95	5	0
698	95	3	0
699	95	3	0
705	95	4	0
710	95	3	0
711	95	4	0
712	95	4	0
715	95	4	0
716	95	4	0
727	95	4	0
731	95	3	0
734	95	4	0
738	95	4	0
741	95	2	0
747	95	3	0
749	95	3	0
751	95	5	0
756	95	3	0
757	95	4	0
758	95	3	0
764	95	5	0
766	95	3	0
771	95	4	0
776	95	4	0
779	95	5	0
786	95	5	0
795	95	4	0
796	95	4	0
798	95	5	0
804	95	2	0
805	95	3	0
806	95	5	0
807	95	4	0
815	95	3	0
821	95	5	0
822	95	4	0
823	95	4	0
826	95	5	0
830	95	3	0
843	95	2	0
844	95	4	0
846	95	3	0
847	95	4	0
848	95	5	0
850	95	5	0
851	95	4	0
864	95	5	0
865	95	1	0
868	95	2	0
870	95	4	0
880	95	3	0
881	95	4	0
882	95	4	0
885	95	4	0
886	95	5	0
887	95	4	0
889	95	4	0
892	95	4	0
896	95	4	0
897	95	3	0
899	95	5	0
901	95	4	0
902	95	4	0
913	95	4	0
919	95	4	0
922	95	3	0
927	95	5	0
933	95	3	0
940	95	5	0
942	95	5	0
1	99	3	0
5	99	3	0
7	99	5	0
10	99	5	0
13	99	4	0
16	99	5	0
18	99	5	0
23	99	4	0
38	99	5	0
42	99	5	0
44	99	4	0
49	99	4	0
59	99	4	0
70	99	4	0
82	99	4	0
85	99	5	0
91	99	2	0
94	99	3	0
95	99	4	0
102	99	2	0
128	99	4	0
130	99	5	0
167	99	4	0
174	99	3	0
178	99	4	0
189	99	5	0
194	99	3	0
195	99	3	0
200	99	5	0
201	99	3	0
210	99	4	0
215	99	4	0
222	99	3	0
230	99	3	0
233	99	3	0
234	99	5	0
246	99	3	0
254	99	3	0
262	99	3	0
263	99	3	0
268	99	3	0
275	99	3	0
276	99	4	0
279	99	3	0
280	99	2	0
286	99	4	0
290	99	4	0
291	99	4	0
293	99	3	0
295	99	4	0
298	99	3	0
299	99	3	0
301	99	4	0
303	99	4	0
307	99	4	0
308	99	4	0
311	99	5	0
313	99	4	0
314	99	4	0
320	99	4	0
325	99	5	0
327	99	4	0
330	99	4	0
334	99	4	0
339	99	4	0
347	99	3	0
373	99	5	0
378	99	4	0
381	99	5	0
385	99	2	0
387	99	5	0
389	99	5	0
392	99	5	0
393	99	3	0
399	99	3	0
401	99	4	0
405	99	5	0
406	99	5	0
407	99	4	0
409	99	3	0
416	99	4	0
417	99	4	0
426	99	4	0
429	99	3	0
436	99	3	0
437	99	4	0
450	99	4	0
452	99	3	0
453	99	3	0
454	99	3	0
456	99	3	0
458	99	4	0
471	99	2	0
472	99	3	0
474	99	4	0
483	99	3	0
487	99	4	0
496	99	3	0
497	99	3	0
504	99	3	0
505	99	4	0
521	99	3	0
527	99	3	0
532	99	5	0
537	99	2	0
541	99	4	0
542	99	5	0
545	99	4	0
553	99	5	0
561	99	3	0
577	99	3	0
588	99	5	0
592	99	5	0
601	99	3	0
606	99	4	0
618	99	3	0
620	99	3	0
622	99	4	0
632	99	5	0
642	99	2	0
643	99	4	0
650	99	4	0
660	99	2	0
686	99	5	0
693	99	3	0
705	99	3	0
710	99	4	0
711	99	3	0
712	99	4	0
716	99	5	0
734	99	4	0
747	99	5	0
749	99	5	0
751	99	4	0
756	99	3	0
758	99	3	0
763	99	4	0
764	99	4	0
766	99	3	0
786	99	4	0
796	99	3	0
804	99	4	0
805	99	2	0
807	99	5	0
815	99	4	0
826	99	3	0
830	99	3	0
840	99	5	0
843	99	2	0
844	99	3	0
846	99	4	0
847	99	2	0
848	99	3	0
862	99	4	0
864	99	3	0
865	99	1	0
878	99	4	0
880	99	3	0
881	99	3	0
882	99	5	0
885	99	4	0
887	99	5	0
892	99	3	0
897	99	5	0
911	99	3	0
913	99	4	0
919	99	4	0
922	99	4	0
927	99	2	0
932	99	4	0
934	99	3	0
942	99	5	0
1	154	5	0
5	154	3	0
6	154	3	0
7	154	5	0
13	154	5	0
18	154	4	0
22	154	4	0
23	154	3	0
49	154	5	0
56	154	2	0
64	154	4	0
71	154	3	0
73	154	5	0
77	154	5	0
80	154	3	0
85	154	4	0
87	154	4	0
90	154	5	0
92	154	4	0
94	154	5	0
102	154	3	0
109	154	2	0
119	154	5	0
124	154	5	0
132	154	4	0
151	154	4	0
158	154	4	0
177	154	4	0
194	154	3	0
195	154	3	0
198	154	4	0
207	154	2	0
210	154	4	0
213	154	5	0
214	154	3	0
218	154	4	0
221	154	3	0
222	154	3	0
230	154	4	0
234	154	3	0
244	154	5	0
250	154	4	0
259	154	5	0
268	154	4	0
269	154	3	0
275	154	2	0
276	154	4	0
279	154	5	0
286	154	4	0
291	154	4	0
295	154	5	0
297	154	5	0
299	154	4	0
301	154	4	0
305	154	4	0
307	154	5	0
308	154	4	0
312	154	4	0
313	154	2	0
315	154	5	0
325	154	3	0
326	154	2	0
327	154	4	0
334	154	4	0
336	154	5	0
339	154	4	0
343	154	5	0
354	154	4	0
363	154	4	0
373	154	5	0
376	154	4	0
377	154	5	0
380	154	3	0
389	154	3	0
393	154	2	0
394	154	3	0
395	154	5	0
398	154	2	0
399	154	3	0
401	154	1	0
406	154	5	0
407	154	5	0
409	154	5	0
412	154	3	0
415	154	4	0
416	154	4	0
417	154	4	0
429	154	3	0
435	154	4	0
437	154	4	0
442	154	4	0
450	154	3	0
452	154	5	0
453	154	3	0
457	154	5	0
465	154	2	0
479	154	3	0
488	154	3	0
493	154	4	0
495	154	4	0
496	154	2	0
504	154	4	0
505	154	1	0
508	154	5	0
514	154	4	0
521	154	2	0
523	154	4	0
527	154	3	0
561	154	4	0
566	154	3	0
588	154	4	0
601	154	5	0
606	154	3	0
618	154	3	0
621	154	5	0
622	154	4	0
625	154	3	0
643	154	4	0
648	154	5	0
650	154	3	0
653	154	3	0
654	154	3	0
660	154	4	0
664	154	5	0
665	154	3	0
666	154	3	0
679	154	4	0
682	154	5	0
690	154	3	0
704	154	3	0
707	154	3	0
711	154	4	0
716	154	5	0
727	154	3	0
737	154	4	0
738	154	3	0
747	154	3	0
748	154	3	0
749	154	5	0
751	154	3	0
758	154	5	0
771	154	2	0
773	154	5	0
778	154	5	0
790	154	4	0
795	154	3	0
796	154	3	0
804	154	3	0
805	154	5	0
807	154	2	0
815	154	5	0
823	154	5	0
833	154	5	0
840	154	3	0
843	154	3	0
844	154	3	0
848	154	5	0
868	154	3	0
870	154	4	0
878	154	3	0
883	154	4	0
885	154	3	0
889	154	4	0
896	154	3	0
899	154	5	0
903	154	4	0
911	154	4	0
912	154	4	0
916	154	4	0
918	154	2	0
927	154	3	0
932	154	5	0
933	154	2	0
934	154	3	0
1	208	5	0
5	208	4	0
6	208	4	0
7	208	5	0
11	208	4	0
13	208	5	0
16	208	5	0
18	208	4	0
20	208	2	0
22	208	5	0
25	208	4	0
43	208	5	0
44	208	4	0
49	208	4	0
59	208	5	0
60	208	5	0
70	208	4	0
80	208	5	0
82	208	3	0
85	208	5	0
87	208	5	0
90	208	3	0
92	208	4	0
94	208	4	0
95	208	4	0
97	208	5	0
102	208	4	0
125	208	3	0
151	208	4	0
158	208	5	0
162	208	3	0
184	208	4	0
194	208	3	0
198	208	3	0
200	208	5	0
207	208	4	0
208	208	4	0
210	208	5	0
214	208	5	0
215	208	4	0
218	208	3	0
222	208	3	0
233	208	4	0
234	208	4	0
239	208	3	0
243	208	4	0
244	208	5	0
246	208	4	0
264	208	5	0
268	208	4	0
269	208	2	0
271	208	4	0
272	208	4	0
274	208	4	0
275	208	3	0
279	208	5	0
283	208	5	0
286	208	4	0
287	208	4	0
290	208	3	0
293	208	3	0
295	208	5	0
297	208	4	0
298	208	5	0
299	208	4	0
303	208	5	0
308	208	4	0
311	208	4	0
312	208	5	0
313	208	3	0
318	208	4	0
325	208	3	0
326	208	3	0
330	208	5	0
334	208	5	0
336	208	2	0
338	208	3	0
339	208	4	0
342	208	4	0
343	208	4	0
344	208	5	0
347	208	2	0
354	208	4	0
358	208	2	0
363	208	4	0
373	208	4	0
379	208	4	0
380	208	2	0
385	208	3	0
387	208	3	0
389	208	5	0
394	208	5	0
398	208	5	0
405	208	5	0
406	208	2	0
407	208	4	0
411	208	4	0
412	208	4	0
417	208	3	0
421	208	2	0
426	208	4	0
429	208	4	0
435	208	4	0
437	208	5	0
445	208	2	0
450	208	5	0
456	208	4	0
457	208	4	0
458	208	4	0
472	208	5	0
474	208	3	0
476	208	5	0
480	208	2	0
488	208	4	0
493	208	4	0
495	208	5	0
497	208	3	0
499	208	4	0
500	208	4	0
504	208	4	0
506	208	4	0
508	208	5	0
514	208	4	0
521	208	3	0
522	208	5	0
523	208	5	0
524	208	5	0
527	208	4	0
533	208	4	0
537	208	4	0
538	208	3	0
542	208	4	0
545	208	3	0
576	208	3	0
577	208	4	0
588	208	3	0
601	208	4	0
606	208	3	0
615	208	4	0
621	208	4	0
625	208	3	0
642	208	5	0
643	208	5	0
645	208	5	0
648	208	5	0
650	208	5	0
653	208	3	0
655	208	3	0
660	208	4	0
666	208	3	0
669	208	2	0
684	208	3	0
686	208	5	0
690	208	5	0
692	208	4	0
704	208	3	0
707	208	5	0
715	208	3	0
716	208	5	0
727	208	4	0
738	208	4	0
746	208	4	0
747	208	5	0
748	208	4	0
749	208	5	0
758	208	4	0
766	208	5	0
774	208	2	0
780	208	3	0
786	208	5	0
790	208	3	0
795	208	4	0
798	208	3	0
804	208	5	0
807	208	4	0
831	208	2	0
833	208	3	0
840	208	4	0
843	208	3	0
846	208	5	0
850	208	5	0
862	208	2	0
864	208	4	0
868	208	3	0
870	208	4	0
880	208	5	0
881	208	3	0
882	208	5	0
883	208	4	0
885	208	3	0
886	208	3	0
889	208	4	0
890	208	5	0
892	208	4	0
897	208	5	0
899	208	3	0
911	208	4	0
918	208	3	0
932	208	5	0
934	208	5	0
5	378	1	0
7	378	5	0
18	378	3	0
20	378	3	0
44	378	3	0
60	378	4	0
65	378	5	0
85	378	4	0
95	378	4	0
122	378	4	0
128	378	5	0
151	378	4	0
184	378	4	0
189	378	4	0
200	378	5	0
222	378	1	0
224	378	4	0
230	378	5	0
233	378	4	0
234	378	4	0
250	378	4	0
254	378	3	0
263	378	5	0
269	378	3	0
271	378	4	0
290	378	3	0
295	378	4	0
299	378	3	0
308	378	3	0
311	378	5	0
314	378	5	0
318	378	4	0
326	378	4	0
340	378	5	0
342	378	4	0
345	378	4	0
373	378	5	0
381	378	4	0
385	378	1	0
389	378	5	0
391	378	3	0
393	378	4	0
395	378	5	0
399	378	3	0
405	378	4	0
416	378	5	0
429	378	3	0
437	378	4	0
450	378	5	0
454	378	3	0
457	378	4	0
472	378	4	0
474	378	4	0
487	378	5	0
495	378	5	0
496	378	1	0
505	378	5	0
508	378	5	0
533	378	4	0
536	378	5	0
537	378	2	0
541	378	5	0
545	378	3	0
553	378	3	0
554	378	4	0
566	378	4	0
588	378	3	0
601	378	2	0
610	378	5	0
618	378	4	0
642	378	3	0
650	378	3	0
653	378	3	0
655	378	1	0
665	378	3	0
682	378	3	0
693	378	2	0
694	378	3	0
707	378	3	0
711	378	4	0
712	378	4	0
719	378	4	0
727	378	3	0
731	378	1	0
749	378	5	0
766	378	4	0
790	378	3	0
796	378	4	0
798	378	4	0
804	378	4	0
833	378	3	0
835	378	4	0
843	378	2	0
846	378	4	0
868	378	2	0
870	378	3	0
882	378	5	0
887	378	5	0
892	378	4	0
897	378	5	0
901	378	5	0
5	393	2	0
7	393	4	0
11	393	4	0
13	393	3	0
18	393	3	0
22	393	4	0
38	393	5	0
43	393	4	0
56	393	4	0
59	393	2	0
60	393	4	0
65	393	4	0
70	393	4	0
83	393	5	0
85	393	4	0
87	393	4	0
92	393	3	0
94	393	3	0
95	393	5	0
102	393	3	0
109	393	4	0
110	393	3	0
125	393	4	0
128	393	4	0
130	393	5	0
144	393	4	0
145	393	5	0
151	393	2	0
152	393	5	0
174	393	4	0
184	393	4	0
193	393	4	0
194	393	2	0
196	393	4	0
200	393	4	0
207	393	4	0
208	393	4	0
210	393	3	0
213	393	3	0
222	393	4	0
230	393	3	0
234	393	2	0
244	393	3	0
246	393	3	0
254	393	3	0
262	393	2	0
267	393	3	0
269	393	1	0
271	393	4	0
275	393	3	0
276	393	4	0
279	393	1	0
280	393	4	0
283	393	4	0
286	393	4	0
290	393	3	0
291	393	3	0
293	393	3	0
298	393	4	0
299	393	2	0
301	393	3	0
303	393	4	0
307	393	3	0
308	393	4	0
311	393	4	0
313	393	4	0
314	393	4	0
318	393	5	0
326	393	4	0
327	393	3	0
330	393	4	0
336	393	3	0
345	393	3	0
363	393	4	0
371	393	2	0
373	393	4	0
374	393	4	0
378	393	3	0
379	393	4	0
387	393	2	0
389	393	2	0
393	393	3	0
394	393	4	0
398	393	5	0
399	393	4	0
405	393	4	0
406	393	4	0
407	393	2	0
416	393	4	0
417	393	4	0
429	393	3	0
435	393	2	0
437	393	3	0
450	393	4	0
453	393	3	0
455	393	3	0
457	393	3	0
471	393	5	0
472	393	3	0
476	393	4	0
478	393	4	0
481	393	3	0
484	393	1	0
487	393	4	0
495	393	5	0
496	393	1	0
497	393	4	0
500	393	3	0
504	393	3	0
506	393	3	0
514	393	3	0
521	393	3	0
523	393	5	0
524	393	3	0
528	393	2	0
533	393	4	0
541	393	3	0
542	393	3	0
545	393	4	0
551	393	5	0
559	393	2	0
561	393	2	0
562	393	2	0
566	393	2	0
577	393	4	0
579	393	4	0
586	393	3	0
588	393	4	0
591	393	4	0
593	393	4	0
606	393	4	0
620	393	5	0
621	393	3	0
625	393	4	0
642	393	5	0
643	393	4	0
648	393	4	0
650	393	3	0
653	393	2	0
655	393	2	0
659	393	3	0
660	393	2	0
665	393	3	0
682	393	4	0
684	393	4	0
690	393	4	0
694	393	3	0
705	393	4	0
711	393	4	0
712	393	3	0
716	393	3	0
721	393	5	0
727	393	3	0
731	393	5	0
738	393	3	0
741	393	2	0
747	393	2	0
749	393	5	0
758	393	4	0
766	393	3	0
773	393	2	0
774	393	1	0
790	393	2	0
796	393	4	0
798	393	3	0
804	393	3	0
805	393	3	0
807	393	4	0
815	393	4	0
835	393	5	0
843	393	2	0
846	393	3	0
848	393	5	0
860	393	2	0
864	393	3	0
878	393	3	0
880	393	3	0
881	393	4	0
882	393	4	0
885	393	3	0
886	393	3	0
887	393	4	0
892	393	4	0
896	393	3	0
897	393	4	0
901	393	5	0
907	393	5	0
916	393	2	0
927	393	5	0
933	393	2	0
934	393	2	0
943	393	2	0
5	404	2	0
7	404	5	0
10	404	4	0
13	404	5	0
16	404	5	0
18	404	4	0
23	404	4	0
25	404	3	0
38	404	5	0
42	404	5	0
49	404	3	0
59	404	3	0
60	404	3	0
70	404	4	0
85	404	3	0
94	404	4	0
95	404	5	0
128	404	3	0
130	404	5	0
167	404	3	0
194	404	3	0
210	404	5	0
234	404	4	0
246	404	3	0
250	404	4	0
268	404	4	0
276	404	4	0
280	404	3	0
286	404	5	0
290	404	3	0
291	404	4	0
293	404	4	0
295	404	4	0
301	404	3	0
303	404	4	0
308	404	3	0
311	404	3	0
313	404	4	0
318	404	3	0
339	404	4	0
347	404	4	0
373	404	4	0
378	404	4	0
389	404	5	0
393	404	3	0
399	404	3	0
401	404	2	0
405	404	4	0
406	404	5	0
409	404	2	0
416	404	3	0
417	404	3	0
426	404	3	0
429	404	4	0
435	404	2	0
437	404	5	0
452	404	4	0
454	404	3	0
465	404	2	0
471	404	2	0
472	404	3	0
487	404	4	0
493	404	4	0
495	404	4	0
504	404	4	0
506	404	5	0
532	404	5	0
536	404	4	0
537	404	3	0
541	404	4	0
545	404	4	0
588	404	3	0
606	404	4	0
618	404	5	0
620	404	4	0
621	404	3	0
622	404	3	0
632	404	5	0
642	404	3	0
643	404	4	0
650	404	3	0
660	404	2	0
698	404	1	0
711	404	3	0
712	404	3	0
716	404	4	0
747	404	5	0
749	404	5	0
756	404	3	0
786	404	4	0
807	404	3	0
815	404	4	0
823	404	4	0
846	404	4	0
847	404	3	0
864	404	4	0
887	404	4	0
890	404	4	0
897	404	4	0
911	404	3	0
927	404	4	0
5	417	3	0
7	417	3	0
13	417	2	0
60	417	4	0
70	417	3	0
85	417	3	0
94	417	3	0
95	417	3	0
128	417	4	0
151	417	3	0
174	417	4	0
194	417	2	0
234	417	3	0
254	417	3	0
262	417	2	0
269	417	2	0
276	417	4	0
286	417	3	0
291	417	4	0
295	417	5	0
308	417	3	0
311	417	3	0
313	417	2	0
314	417	4	0
340	417	5	0
363	417	1	0
373	417	3	0
378	417	3	0
379	417	5	0
385	417	2	0
393	417	3	0
398	417	3	0
405	417	2	0
416	417	3	0
437	417	5	0
450	417	4	0
457	417	4	0
472	417	4	0
495	417	3	0
496	417	1	0
497	417	2	0
504	417	3	0
506	417	4	0
537	417	2	0
541	417	4	0
561	417	2	0
588	417	5	0
593	417	5	0
621	417	3	0
642	417	3	0
650	417	3	0
655	417	2	0
665	417	3	0
670	417	4	0
711	417	4	0
712	417	4	0
716	417	3	0
751	417	2	0
790	417	2	0
796	417	4	0
798	417	3	0
805	417	2	0
807	417	3	0
815	417	5	0
846	417	4	0
847	417	2	0
868	417	1	0
881	417	2	0
885	417	3	0
892	417	3	0
916	417	2	0
918	417	2	0
927	417	4	0
5	418	3	0
7	418	4	0
10	418	4	0
13	418	2	0
16	418	5	0
18	418	3	0
23	418	4	0
38	418	5	0
42	418	5	0
43	418	4	0
49	418	3	0
59	418	2	0
60	418	3	0
70	418	3	0
82	418	4	0
85	418	3	0
91	418	2	0
92	418	3	0
94	418	3	0
102	418	3	0
128	418	4	0
130	418	5	0
148	418	3	0
151	418	3	0
189	418	3	0
222	418	2	0
225	418	5	0
230	418	5	0
233	418	4	0
234	418	3	0
246	418	3	0
250	418	5	0
251	418	4	0
254	418	3	0
262	418	3	0
275	418	3	0
276	418	4	0
279	418	3	0
290	418	3	0
291	418	4	0
298	418	4	0
299	418	4	0
301	418	3	0
303	418	4	0
311	418	4	0
313	418	3	0
314	418	5	0
327	418	3	0
330	418	5	0
340	418	5	0
347	418	4	0
373	418	5	0
378	418	3	0
381	418	3	0
387	418	3	0
389	418	4	0
393	418	3	0
394	418	4	0
399	418	3	0
405	418	5	0
406	418	5	0
407	418	4	0
416	418	4	0
417	418	4	0
426	418	3	0
429	418	3	0
437	418	3	0
450	418	4	0
452	418	4	0
454	418	3	0
471	418	3	0
472	418	3	0
474	418	3	0
488	418	3	0
495	418	4	0
496	418	3	0
497	418	3	0
504	418	3	0
506	418	4	0
524	418	1	0
541	418	5	0
542	418	4	0
562	418	5	0
592	418	4	0
601	418	2	0
606	418	5	0
608	418	1	0
618	418	3	0
620	418	3	0
621	418	3	0
622	418	3	0
642	418	5	0
643	418	4	0
654	418	4	0
661	418	4	0
665	418	4	0
710	418	3	0
712	418	3	0
716	418	4	0
738	418	3	0
747	418	5	0
749	418	5	0
751	418	5	0
756	418	3	0
763	418	4	0
764	418	4	0
774	418	2	0
786	418	4	0
796	418	4	0
798	418	4	0
805	418	2	0
807	418	4	0
815	418	4	0
823	418	4	0
830	418	3	0
844	418	3	0
864	418	3	0
865	418	1	0
875	418	4	0
878	418	3	0
880	418	4	0
885	418	4	0
887	418	4	0
892	418	4	0
897	418	4	0
912	418	4	0
913	418	3	0
919	418	4	0
922	418	4	0
5	419	3	0
6	419	4	0
7	419	3	0
13	419	3	0
18	419	3	0
23	419	3	0
25	419	4	0
38	419	5	0
42	419	5	0
44	419	4	0
49	419	4	0
57	419	3	0
59	419	2	0
60	419	3	0
64	419	2	0
70	419	5	0
85	419	5	0
94	419	3	0
95	419	4	0
128	419	3	0
130	419	5	0
151	419	3	0
165	419	4	0
175	419	5	0
188	419	5	0
194	419	2	0
200	419	4	0
210	419	4	0
222	419	2	0
230	419	4	0
232	419	4	0
234	419	4	0
235	419	5	0
236	419	5	0
239	419	3	0
254	419	4	0
262	419	3	0
263	419	5	0
271	419	3	0
275	419	3	0
276	419	5	0
280	419	3	0
286	419	5	0
290	419	4	0
292	419	4	0
293	419	3	0
295	419	4	0
297	419	3	0
298	419	5	0
301	419	3	0
303	419	4	0
307	419	4	0
308	419	4	0
311	419	3	0
312	419	3	0
313	419	3	0
314	419	4	0
318	419	5	0
321	419	4	0
326	419	3	0
327	419	4	0
330	419	5	0
334	419	3	0
354	419	4	0
378	419	4	0
379	419	4	0
380	419	3	0
381	419	5	0
385	419	2	0
389	419	3	0
393	419	4	0
394	419	5	0
399	419	3	0
405	419	4	0
406	419	1	0
416	419	4	0
417	419	4	0
429	419	4	0
437	419	5	0
450	419	5	0
452	419	4	0
454	419	4	0
456	419	4	0
472	419	4	0
474	419	4	0
484	419	4	0
487	419	3	0
488	419	3	0
495	419	1	0
496	419	2	0
504	419	3	0
505	419	3	0
514	419	4	0
524	419	1	0
532	419	5	0
535	419	3	0
536	419	3	0
537	419	2	0
541	419	5	0
545	419	3	0
566	419	2	0
588	419	5	0
601	419	4	0
603	419	2	0
606	419	4	0
608	419	4	0
610	419	5	0
618	419	4	0
620	419	2	0
621	419	4	0
622	419	4	0
632	419	4	0
642	419	4	0
643	419	4	0
650	419	4	0
659	419	5	0
660	419	2	0
665	419	4	0
670	419	4	0
679	419	3	0
682	419	3	0
693	419	2	0
694	419	4	0
698	419	3	0
705	419	3	0
707	419	3	0
710	419	4	0
711	419	5	0
712	419	3	0
716	419	5	0
727	419	2	0
731	419	4	0
734	419	4	0
747	419	5	0
749	419	5	0
751	419	4	0
756	419	3	0
758	419	4	0
766	419	3	0
780	419	4	0
786	419	4	0
795	419	3	0
796	419	5	0
798	419	4	0
804	419	3	0
805	419	4	0
806	419	5	0
807	419	5	0
815	419	3	0
823	419	4	0
836	419	2	0
838	419	5	0
840	419	5	0
843	419	2	0
846	419	5	0
847	419	3	0
848	419	5	0
850	419	5	0
864	419	4	0
868	419	3	0
881	419	5	0
882	419	5	0
885	419	4	0
886	419	3	0
887	419	2	0
892	419	3	0
897	419	4	0
901	419	5	0
908	419	4	0
911	419	5	0
912	419	4	0
913	419	5	0
918	419	3	0
919	419	5	0
921	419	5	0
929	419	4	0
934	419	4	0
943	419	2	0
5	420	3	0
7	420	5	0
10	420	4	0
13	420	4	0
38	420	5	0
49	420	4	0
60	420	4	0
64	420	3	0
85	420	4	0
94	420	4	0
95	420	4	0
130	420	5	0
151	420	5	0
200	420	5	0
210	420	4	0
230	420	5	0
236	420	4	0
246	420	3	0
262	420	3	0
275	420	2	0
276	420	4	0
280	420	3	0
291	420	4	0
293	420	4	0
295	420	4	0
301	420	3	0
303	420	4	0
308	420	4	0
311	420	1	0
313	420	5	0
373	420	4	0
378	420	4	0
389	420	3	0
393	420	3	0
399	420	3	0
405	420	5	0
406	420	4	0
416	420	3	0
417	420	4	0
435	420	4	0
437	420	3	0
452	420	3	0
471	420	1	0
472	420	3	0
496	420	3	0
497	420	3	0
504	420	3	0
532	420	4	0
541	420	4	0
542	420	3	0
618	420	3	0
620	420	3	0
621	420	4	0
642	420	4	0
643	420	4	0
650	420	3	0
682	420	3	0
707	420	3	0
710	420	4	0
711	420	5	0
712	420	3	0
716	420	4	0
749	420	4	0
756	420	4	0
758	420	3	0
794	420	4	0
798	420	3	0
805	420	4	0
807	420	3	0
826	420	3	0
843	420	3	0
881	420	3	0
882	420	5	0
885	420	4	0
887	420	5	0
892	420	2	0
896	420	4	0
911	420	4	0
927	420	5	0
934	420	4	0
940	420	4	0
5	432	4	0
6	432	4	0
7	432	4	0
10	432	4	0
13	432	4	0
18	432	4	0
23	432	4	0
25	432	2	0
38	432	1	0
42	432	3	0
43	432	3	0
44	432	5	0
49	432	5	0
56	432	5	0
59	432	4	0
70	432	3	0
81	432	2	0
82	432	4	0
85	432	4	0
92	432	3	0
94	432	4	0
95	432	3	0
97	432	4	0
102	432	3	0
123	432	5	0
128	432	2	0
148	432	5	0
151	432	5	0
160	432	3	0
165	432	5	0
194	432	4	0
200	432	5	0
201	432	3	0
213	432	4	0
215	432	5	0
222	432	3	0
230	432	4	0
233	432	3	0
234	432	4	0
236	432	5	0
239	432	5	0
246	432	3	0
254	432	2	0
262	432	3	0
263	432	2	0
268	432	3	0
269	432	4	0
275	432	4	0
276	432	5	0
279	432	3	0
283	432	5	0
286	432	3	0
290	432	5	0
293	432	5	0
297	432	4	0
298	432	4	0
299	432	3	0
303	432	3	0
308	432	4	0
311	432	4	0
312	432	5	0
313	432	5	0
321	432	5	0
325	432	5	0
328	432	1	0
330	432	4	0
347	432	4	0
354	432	3	0
373	432	5	0
378	432	4	0
381	432	5	0
387	432	4	0
398	432	3	0
399	432	3	0
405	432	3	0
406	432	5	0
407	432	4	0
415	432	4	0
416	432	2	0
426	432	3	0
429	432	4	0
435	432	3	0
437	432	3	0
450	432	4	0
452	432	2	0
456	432	4	0
468	432	5	0
471	432	1	0
472	432	5	0
483	432	3	0
487	432	3	0
495	432	5	0
496	432	4	0
497	432	3	0
503	432	5	0
506	432	4	0
514	432	4	0
523	432	5	0
524	432	1	0
536	432	4	0
541	432	4	0
542	432	5	0
543	432	4	0
554	432	4	0
561	432	5	0
562	432	5	0
588	432	4	0
592	432	1	0
606	432	5	0
618	432	5	0
620	432	4	0
621	432	4	0
622	432	5	0
632	432	3	0
641	432	5	0
642	432	2	0
643	432	5	0
648	432	5	0
650	432	4	0
660	432	4	0
665	432	4	0
666	432	3	0
679	432	4	0
693	432	4	0
694	432	4	0
704	432	5	0
710	432	5	0
711	432	4	0
712	432	4	0
716	432	5	0
727	432	2	0
747	432	5	0
751	432	4	0
756	432	4	0
757	432	3	0
763	432	5	0
764	432	5	0
766	432	3	0
767	432	5	0
773	432	4	0
776	432	1	0
788	432	1	0
795	432	3	0
796	432	2	0
798	432	4	0
804	432	3	0
805	432	5	0
807	432	5	0
815	432	5	0
822	432	3	0
826	432	3	0
830	432	3	0
833	432	4	0
840	432	5	0
843	432	2	0
844	432	5	0
846	432	3	0
848	432	2	0
862	432	5	0
864	432	2	0
865	432	1	0
868	432	2	0
878	432	3	0
881	432	3	0
882	432	5	0
885	432	4	0
887	432	5	0
892	432	4	0
911	432	3	0
913	432	3	0
919	432	4	0
922	432	5	0
932	432	4	0
934	432	5	0
5	433	5	0
7	433	5	0
11	433	4	0
13	433	4	0
22	433	3	0
23	433	5	0
38	433	5	0
42	433	2	0
44	433	4	0
48	433	3	0
49	433	5	0
56	433	4	0
58	433	5	0
59	433	5	0
60	433	4	0
62	433	5	0
64	433	2	0
73	433	4	0
85	433	3	0
87	433	3	0
90	433	3	0
92	433	5	0
94	433	4	0
95	433	4	0
99	433	4	0
118	433	5	0
128	433	4	0
130	433	3	0
151	433	3	0
158	433	3	0
163	433	1	0
174	433	5	0
177	433	4	0
178	433	4	0
180	433	5	0
187	433	4	0
189	433	5	0
194	433	3	0
195	433	3	0
198	433	2	0
207	433	3	0
215	433	3	0
216	433	3	0
219	433	5	0
222	433	4	0
234	433	2	0
235	433	4	0
239	433	5	0
244	433	5	0
246	433	5	0
253	433	3	0
262	433	4	0
264	433	5	0
267	433	5	0
268	433	4	0
269	433	3	0
276	433	4	0
279	433	4	0
283	433	4	0
286	433	5	0
293	433	3	0
299	433	5	0
303	433	4	0
305	433	2	0
307	433	5	0
308	433	5	0
311	433	3	0
314	433	3	0
315	433	4	0
320	433	4	0
326	433	2	0
327	433	4	0
328	433	2	0
334	433	5	0
339	433	4	0
342	433	5	0
344	433	4	0
345	433	4	0
354	433	3	0
363	433	4	0
370	433	3	0
373	433	3	0
378	433	4	0
379	433	4	0
380	433	3	0
385	433	4	0
394	433	4	0
399	433	3	0
405	433	4	0
406	433	3	0
407	433	4	0
409	433	4	0
414	433	5	0
416	433	4	0
417	433	4	0
429	433	3	0
435	433	5	0
436	433	5	0
437	433	3	0
442	433	4	0
445	433	2	0
450	433	3	0
456	433	4	0
457	433	5	0
458	433	4	0
476	433	4	0
478	433	3	0
495	433	4	0
496	433	4	0
497	433	3	0
514	433	5	0
524	433	5	0
527	433	4	0
535	433	5	0
537	433	4	0
542	433	3	0
551	433	5	0
561	433	1	0
567	433	4	0
579	433	3	0
588	433	5	0
592	433	5	0
618	433	2	0
622	433	4	0
625	433	3	0
645	433	4	0
655	433	2	0
658	433	4	0
661	433	5	0
664	433	3	0
666	433	3	0
682	433	3	0
698	433	4	0
711	433	4	0
712	433	3	0
715	433	2	0
723	433	3	0
727	433	5	0
747	433	3	0
749	433	3	0
751	433	3	0
757	433	4	0
758	433	5	0
766	433	3	0
773	433	3	0
780	433	1	0
788	433	2	0
795	433	4	0
796	433	2	0
804	433	4	0
805	433	4	0
806	433	4	0
815	433	3	0
823	433	4	0
833	433	3	0
846	433	4	0
848	433	3	0
862	433	4	0
864	433	3	0
868	433	4	0
870	433	3	0
886	433	2	0
889	433	4	0
897	433	4	0
899	433	4	0
916	433	3	0
918	433	2	0
922	433	4	0
924	433	5	0
929	433	2	0
933	433	1	0
6	465	1	0
7	465	4	0
38	465	5	0
49	465	3	0
59	465	2	0
83	465	4	0
85	465	4	0
94	465	5	0
95	465	3	0
128	465	4	0
130	465	5	0
167	465	5	0
178	465	3	0
193	465	3	0
194	465	3	0
200	465	4	0
210	465	4	0
222	465	2	0
234	465	2	0
253	465	5	0
254	465	3	0
263	465	4	0
279	465	5	0
280	465	3	0
286	465	5	0
290	465	3	0
295	465	4	0
297	465	3	0
298	465	4	0
301	465	4	0
311	465	4	0
313	465	3	0
330	465	5	0
347	465	3	0
373	465	4	0
374	465	5	0
378	465	3	0
380	465	4	0
393	465	4	0
399	465	3	0
405	465	1	0
417	465	4	0
435	465	2	0
450	465	4	0
452	465	5	0
454	465	3	0
455	465	3	0
471	465	5	0
472	465	3	0
495	465	5	0
497	465	3	0
504	465	3	0
506	465	4	0
541	465	4	0
566	465	2	0
577	465	4	0
620	465	4	0
630	465	1	0
642	465	4	0
682	465	3	0
698	465	3	0
712	465	4	0
716	465	5	0
727	465	2	0
734	465	4	0
739	465	1	0
749	465	4	0
766	465	3	0
786	465	4	0
795	465	3	0
798	465	4	0
807	465	4	0
815	465	5	0
835	465	3	0
840	465	4	0
843	465	2	0
864	465	3	0
881	465	3	0
882	465	3	0
887	465	5	0
892	465	4	0
897	465	5	0
901	465	4	0
911	465	5	0
913	465	2	0
6	501	5	0
7	501	5	0
13	501	5	0
25	501	3	0
38	501	5	0
42	501	5	0
43	501	4	0
49	501	3	0
56	501	3	0
58	501	2	0
59	501	1	0
60	501	3	0
70	501	4	0
85	501	3	0
90	501	5	0
91	501	2	0
92	501	2	0
94	501	4	0
102	501	2	0
128	501	3	0
130	501	5	0
148	501	4	0
189	501	4	0
194	501	3	0
198	501	4	0
200	501	4	0
210	501	4	0
222	501	2	0
230	501	3	0
233	501	3	0
234	501	4	0
250	501	5	0
254	501	3	0
275	501	3	0
276	501	4	0
279	501	3	0
291	501	4	0
293	501	4	0
299	501	3	0
301	501	3	0
303	501	4	0
308	501	4	0
311	501	5	0
313	501	5	0
314	501	4	0
318	501	4	0
320	501	3	0
326	501	3	0
330	501	5	0
347	501	4	0
378	501	4	0
381	501	4	0
387	501	4	0
389	501	5	0
393	501	3	0
398	501	3	0
399	501	2	0
401	501	2	0
405	501	3	0
406	501	5	0
416	501	5	0
417	501	3	0
435	501	3	0
437	501	4	0
450	501	4	0
452	501	3	0
471	501	3	0
472	501	3	0
487	501	4	0
495	501	3	0
497	501	2	0
505	501	2	0
524	501	2	0
532	501	5	0
536	501	3	0
537	501	3	0
541	501	4	0
542	501	4	0
561	501	3	0
562	501	5	0
592	501	4	0
593	501	2	0
606	501	4	0
618	501	4	0
620	501	4	0
621	501	3	0
622	501	3	0
642	501	2	0
643	501	4	0
650	501	3	0
661	501	4	0
710	501	3	0
712	501	3	0
716	501	5	0
737	501	1	0
747	501	5	0
749	501	4	0
756	501	3	0
774	501	1	0
786	501	4	0
805	501	5	0
807	501	3	0
815	501	3	0
826	501	3	0
830	501	3	0
840	501	4	0
843	501	2	0
847	501	3	0
848	501	3	0
864	501	3	0
865	501	1	0
868	501	3	0
875	501	4	0
882	501	5	0
885	501	3	0
887	501	4	0
890	501	4	0
892	501	3	0
897	501	5	0
911	501	3	0
912	501	4	0
927	501	4	0
934	501	4	0
7	588	4	0
10	588	4	0
13	588	4	0
14	588	4	0
18	588	4	0
20	588	4	0
23	588	4	0
28	588	3	0
38	588	5	0
42	588	5	0
43	588	4	0
44	588	4	0
49	588	4	0
52	588	4	0
56	588	4	0
57	588	4	0
59	588	2	0
64	588	4	0
70	588	5	0
73	588	2	0
82	588	5	0
85	588	3	0
94	588	4	0
95	588	3	0
102	588	4	0
109	588	4	0
117	588	3	0
128	588	5	0
130	588	4	0
144	588	4	0
148	588	4	0
159	588	2	0
178	588	4	0
184	588	5	0
186	588	4	0
189	588	4	0
194	588	4	0
200	588	5	0
201	588	4	0
221	588	3	0
222	588	4	0
230	588	5	0
233	588	5	0
234	588	3	0
246	588	4	0
249	588	3	0
250	588	5	0
253	588	5	0
254	588	3	0
262	588	4	0
263	588	3	0
268	588	3	0
275	588	3	0
276	588	4	0
280	588	5	0
283	588	4	0
286	588	5	0
290	588	4	0
291	588	4	0
293	588	3	0
295	588	4	0
297	588	4	0
298	588	4	0
299	588	4	0
301	588	5	0
303	588	5	0
307	588	4	0
308	588	5	0
311	588	4	0
312	588	5	0
313	588	4	0
314	588	5	0
316	588	1	0
320	588	3	0
326	588	3	0
327	588	4	0
330	588	5	0
340	588	5	0
344	588	5	0
345	588	3	0
347	588	3	0
360	588	3	0
363	588	2	0
373	588	3	0
378	588	5	0
381	588	3	0
387	588	3	0
389	588	5	0
393	588	4	0
397	588	4	0
398	588	4	0
399	588	5	0
401	588	2	0
405	588	2	0
406	588	4	0
407	588	4	0
416	588	5	0
417	588	3	0
435	588	4	0
437	588	3	0
450	588	4	0
452	588	3	0
454	588	3	0
456	588	3	0
457	588	5	0
458	588	5	0
465	588	4	0
471	588	1	0
472	588	3	0
479	588	1	0
484	588	5	0
487	588	5	0
497	588	4	0
499	588	4	0
505	588	5	0
527	588	4	0
528	588	2	0
532	588	5	0
536	588	3	0
537	588	1	0
541	588	4	0
542	588	4	0
545	588	4	0
561	588	2	0
577	588	4	0
588	588	4	0
601	588	3	0
606	588	5	0
618	588	4	0
620	588	5	0
621	588	3	0
622	588	4	0
625	588	4	0
632	588	2	0
642	588	5	0
647	588	4	0
650	588	3	0
654	588	4	0
663	588	4	0
664	588	3	0
665	588	4	0
679	588	3	0
683	588	4	0
686	588	4	0
698	588	4	0
705	588	3	0
711	588	4	0
712	588	4	0
715	588	4	0
716	588	4	0
727	588	4	0
731	588	3	0
747	588	5	0
748	588	4	0
751	588	5	0
756	588	4	0
757	588	3	0
763	588	4	0
764	588	5	0
766	588	3	0
771	588	5	0
773	588	1	0
776	588	4	0
786	588	5	0
795	588	5	0
796	588	5	0
798	588	4	0
804	588	4	0
805	588	2	0
806	588	4	0
807	588	5	0
815	588	5	0
822	588	2	0
823	588	3	0
826	588	4	0
830	588	5	0
835	588	3	0
840	588	4	0
843	588	2	0
844	588	4	0
846	588	4	0
848	588	3	0
849	588	5	0
851	588	4	0
864	588	3	0
865	588	2	0
867	588	3	0
868	588	1	0
878	588	2	0
880	588	4	0
881	588	3	0
882	588	4	0
885	588	4	0
887	588	4	0
892	588	5	0
896	588	5	0
897	588	4	0
899	588	3	0
911	588	4	0
913	588	3	0
922	588	4	0
927	588	5	0
7	625	3	0
13	625	2	0
42	625	3	0
43	625	4	0
44	625	3	0
49	625	3	0
59	625	3	0
64	625	3	0
70	625	3	0
94	625	4	0
95	625	4	0
102	625	3	0
130	625	5	0
178	625	3	0
194	625	3	0
234	625	3	0
254	625	3	0
262	625	3	0
271	625	3	0
275	625	2	0
279	625	3	0
283	625	3	0
290	625	4	0
297	625	3	0
298	625	4	0
312	625	3	0
313	625	4	0
320	625	4	0
363	625	4	0
373	625	4	0
387	625	2	0
393	625	4	0
405	625	3	0
416	625	5	0
417	625	4	0
429	625	3	0
435	625	2	0
452	625	3	0
472	625	4	0
484	625	4	0
496	625	4	0
497	625	3	0
521	625	3	0
537	625	3	0
541	625	4	0
542	625	3	0
588	625	3	0
618	625	4	0
620	625	3	0
621	625	4	0
622	625	3	0
642	625	3	0
650	625	3	0
660	625	3	0
682	625	3	0
684	625	3	0
698	625	3	0
705	625	5	0
712	625	3	0
747	625	3	0
749	625	3	0
763	625	4	0
804	625	3	0
805	625	3	0
807	625	3	0
815	625	4	0
823	625	4	0
826	625	3	0
830	625	3	0
843	625	2	0
844	625	3	0
849	625	5	0
864	625	4	0
865	625	1	0
880	625	4	0
881	625	5	0
885	625	3	0
890	625	3	0
892	625	3	0
911	625	5	0
927	625	3	0
943	625	3	0
13	755	3	0
42	755	4	0
43	755	3	0
44	755	3	0
56	755	3	0
59	755	4	0
60	755	4	0
70	755	3	0
83	755	5	0
92	755	3	0
109	755	5	0
119	755	1	0
151	755	3	0
193	755	4	0
200	755	5	0
210	755	3	0
222	755	4	0
254	755	3	0
262	755	3	0
276	755	3	0
280	755	2	0
290	755	4	0
291	755	2	0
301	755	4	0
303	755	2	0
308	755	3	0
311	755	4	0
328	755	3	0
378	755	3	0
393	755	3	0
399	755	2	0
405	755	2	0
407	755	3	0
416	755	4	0
429	755	3	0
435	755	2	0
437	755	3	0
455	755	3	0
457	755	4	0
472	755	4	0
484	755	4	0
500	755	3	0
504	755	4	0
505	755	3	0
506	755	4	0
517	755	3	0
521	755	3	0
533	755	3	0
536	755	4	0
541	755	5	0
551	755	4	0
566	755	2	0
588	755	3	0
610	755	5	0
618	755	2	0
620	755	5	0
621	755	3	0
622	755	4	0
642	755	3	0
650	755	3	0
653	755	2	0
660	755	2	0
705	755	5	0
711	755	3	0
712	755	4	0
715	755	2	0
721	755	4	0
727	755	2	0
738	755	3	0
749	755	4	0
751	755	4	0
756	755	3	0
778	755	2	0
788	755	3	0
790	755	3	0
795	755	3	0
796	755	4	0
798	755	3	0
804	755	3	0
805	755	3	0
846	755	3	0
848	755	5	0
864	755	4	0
868	755	4	0
878	755	2	0
880	755	3	0
881	755	4	0
887	755	5	0
889	755	3	0
892	755	4	0
916	755	2	0
919	755	3	0
921	755	4	0
927	755	5	0
932	755	2	0
934	755	4	0
