1	9	5	0
6	9	4	0
7	9	5	0
10	9	4	0
11	9	5	0
13	9	3	0
14	9	4	0
15	9	4	0
16	9	5	0
17	9	3	0
18	9	5	0
21	9	5	0
24	9	5	0
26	9	4	0
27	9	4	0
32	9	3	0
43	9	4	0
44	9	5	0
50	9	4	0
58	9	4	0
59	9	4	0
60	9	5	0
62	9	4	0
64	9	4	0
65	9	5	0
66	9	4	0
68	9	4	0
69	9	4	0
72	9	5	0
74	9	4	0
82	9	4	0
85	9	4	0
87	9	4	0
90	9	4	0
92	9	4	0
94	9	5	0
104	9	2	0
106	9	4	0
109	9	3	0
113	9	3	0
115	9	5	0
119	9	4	0
120	9	4	0
121	9	5	0
123	9	5	0
131	9	5	0
136	9	5	0
144	9	5	0
145	9	2	0
151	9	4	0
156	9	4	0
159	9	3	0
160	9	3	0
164	9	4	0
168	9	1	0
174	9	5	0
175	9	4	0
178	9	2	0
181	9	4	0
184	9	5	0
185	9	4	0
189	9	3	0
190	9	1	0
192	9	5	0
194	9	4	0
199	9	5	0
200	9	4	0
201	9	3	0
204	9	5	0
207	9	4	0
209	9	3	0
211	9	3	0
216	9	4	0
222	9	5	0
226	9	5	0
227	9	3	0
233	9	5	0
234	9	3	0
236	9	5	0
237	9	4	0
239	9	5	0
244	9	5	0
249	9	5	0
250	9	2	0
252	9	5	0
256	9	4	0
266	9	4	0
269	9	4	0
271	9	4	0
274	9	5	0
276	9	5	0
277	9	4	0
280	9	5	0
287	9	5	0
291	9	5	0
292	9	4	0
296	9	4	0
298	9	4	0
301	9	3	0
303	9	5	0
308	9	4	0
311	9	4	0
314	9	4	0
316	9	4	0
321	9	4	0
322	9	4	0
323	9	4	0
324	9	5	0
326	9	1	0
327	9	5	0
328	9	4	0
332	9	4	0
334	9	4	0
339	9	5	0
342	9	5	0
343	9	5	0
344	9	5	0
345	9	4	0
349	9	4	0
354	9	3	0
363	9	3	0
374	9	1	0
378	9	5	0
379	9	4	0
380	9	3	0
382	9	4	0
383	9	5	0
388	9	3	0
390	9	5	0
391	9	5	0
393	9	4	0
396	9	4	0
399	9	3	0
401	9	3	0
402	9	4	0
403	9	3	0
406	9	5	0
409	9	4	0
411	9	4	0
413	9	4	0
416	9	5	0
423	9	5	0
424	9	5	0
430	9	3	0
434	9	1	0
435	9	4	0
438	9	4	0
441	9	4	0
444	9	5	0
445	9	2	0
447	9	2	0
449	9	4	0
453	9	3	0
455	9	4	0
456	9	3	0
457	9	5	0
458	9	5	0
460	9	3	0
461	9	5	0
468	9	5	0
470	9	5	0
473	9	5	0
474	9	5	0
483	9	2	0
484	9	1	0
486	9	5	0
488	9	4	0
490	9	4	0
494	9	2	0
495	9	5	0
498	9	2	0
500	9	4	0
504	9	4	0
518	9	3	0
523	9	4	0
527	9	5	0
532	9	5	0
533	9	4	0
535	9	5	0
540	9	5	0
543	9	4	0
548	9	1	0
551	9	5	0
554	9	4	0
558	9	4	0
561	9	4	0
567	9	4	0
569	9	5	0
572	9	5	0
576	9	3	0
581	9	5	0
590	9	3	0
592	9	5	0
593	9	3	0
595	9	4	0
601	9	4	0
602	9	4	0
605	9	4	0
608	9	4	0
610	9	3	0
612	9	3	0
614	9	4	0
618	9	3	0
622	9	4	0
627	9	4	0
629	9	4	0
630	9	2	0
634	9	5	0
636	9	3	0
637	9	1	0
648	9	1	0
655	9	3	0
657	9	4	0
658	9	4	0
663	9	2	0
665	9	4	0
667	9	5	0
676	9	2	0
680	9	4	0
682	9	3	0
690	9	3	0
693	9	3	0
694	9	5	0
696	9	5	0
697	9	4	0
698	9	3	0
699	9	2	0
703	9	2	0
706	9	3	0
707	9	5	0
708	9	1	0
714	9	3	0
719	9	4	0
723	9	3	0
725	9	4	0
733	9	3	0
735	9	4	0
743	9	5	0
744	9	3	0
745	9	4	0
747	9	5	0
749	9	3	0
754	9	4	0
756	9	2	0
761	9	2	0
764	9	4	0
768	9	5	0
777	9	5	0
786	9	5	0
788	9	4	0
789	9	5	0
791	9	5	0
792	9	3	0
793	9	3	0
796	9	3	0
805	9	3	0
813	9	3	0
815	9	4	0
817	9	3	0
825	9	3	0
834	9	3	0
837	9	3	0
838	9	4	0
851	9	4	0
854	9	5	0
858	9	5	0
864	9	5	0
867	9	5	0
870	9	5	0
878	9	4	0
881	9	3	0
883	9	4	0
884	9	5	0
886	9	5	0
887	9	2	0
889	9	4	0
894	9	4	0
896	9	4	0
900	9	2	0
903	9	3	0
904	9	4	0
906	9	4	0
910	9	4	0
913	9	5	0
916	9	5	0
917	9	5	0
919	9	5	0
923	9	4	0
924	9	4	0
928	9	5	0
932	9	5	0
933	9	3	0
935	9	1	0
936	9	4	0
937	9	5	0
938	9	3	0
939	9	5	0
940	9	3	0
943	9	3	0
1	15	5	0
6	15	3	0
11	15	5	0
12	15	5	0
14	15	4	0
15	15	4	0
16	15	5	0
18	15	4	0
20	15	4	0
21	15	4	0
26	15	4	0
42	15	4	0
43	15	5	0
44	15	4	0
45	15	4	0
50	15	2	0
52	15	5	0
53	15	5	0
57	15	4	0
59	15	5	0
60	15	4	0
62	15	2	0
63	15	3	0
65	15	5	0
66	15	3	0
70	15	3	0
72	15	5	0
74	15	4	0
77	15	2	0
82	15	3	0
83	15	4	0
84	15	4	0
89	15	5	0
92	15	3	0
93	15	5	0
95	15	4	0
104	15	5	0
106	15	3	0
109	15	4	0
117	15	5	0
120	15	4	0
128	15	4	0
134	15	5	0
136	15	4	0
137	15	4	0
138	15	4	0
141	15	5	0
144	15	4	0
145	15	2	0
151	15	4	0
152	15	5	0
159	15	5	0
160	15	2	0
161	15	2	0
165	15	5	0
168	15	5	0
174	15	5	0
178	15	5	0
181	15	3	0
182	15	4	0
184	15	3	0
185	15	3	0
189	15	2	0
190	15	4	0
194	15	4	0
198	15	3	0
200	15	4	0
201	15	3	0
207	15	4	0
210	15	4	0
215	15	3	0
216	15	3	0
222	15	3	0
224	15	4	0
227	15	4	0
231	15	4	0
234	15	3	0
236	15	5	0
243	15	3	0
251	15	4	0
253	15	4	0
254	15	3	0
256	15	5	0
259	15	3	0
262	15	3	0
265	15	3	0
269	15	2	0
271	15	3	0
274	15	5	0
277	15	4	0
288	15	4	0
289	15	3	0
290	15	4	0
291	15	5	0
293	15	3	0
296	15	3	0
301	15	4	0
303	15	3	0
305	15	1	0
308	15	3	0
311	15	5	0
313	15	2	0
314	15	5	0
318	15	5	0
323	15	3	0
330	15	5	0
336	15	4	0
337	15	5	0
340	15	5	0
342	15	3	0
345	15	4	0
347	15	2	0
348	15	4	0
349	15	4	0
360	15	3	0
365	15	3	0
373	15	4	0
374	15	3	0
378	15	4	0
381	15	2	0
389	15	2	0
391	15	4	0
393	15	3	0
395	15	3	0
398	15	5	0
399	15	5	0
402	15	5	0
406	15	4	0
413	15	4	0
416	15	4	0
417	15	5	0
422	15	3	0
423	15	4	0
424	15	4	0
429	15	5	0
432	15	4	0
434	15	3	0
435	15	3	0
437	15	4	0
438	15	4	0
441	15	3	0
447	15	1	0
449	15	4	0
450	15	3	0
452	15	4	0
454	15	2	0
455	15	2	0
457	15	4	0
459	15	4	0
463	15	4	0
468	15	4	0
474	15	5	0
477	15	4	0
478	15	5	0
479	15	3	0
484	15	5	0
486	15	3	0
488	15	4	0
490	15	1	0
494	15	5	0
500	15	2	0
514	15	4	0
525	15	4	0
533	15	4	0
534	15	4	0
537	15	3	0
540	15	3	0
541	15	3	0
542	15	2	0
543	15	3	0
548	15	2	0
550	15	5	0
551	15	5	0
552	15	3	0
554	15	4	0
558	15	3	0
561	15	3	0
566	15	3	0
569	15	4	0
576	15	4	0
577	15	3	0
580	15	3	0
582	15	3	0
588	15	5	0
590	15	3	0
592	15	5	0
593	15	4	0
594	15	4	0
595	15	4	0
597	15	5	0
601	15	1	0
605	15	5	0
606	15	5	0
609	15	5	0
612	15	4	0
618	15	3	0
620	15	5	0
622	15	4	0
623	15	4	0
624	15	4	0
629	15	5	0
630	15	3	0
634	15	4	0
635	15	3	0
636	15	5	0
637	15	4	0
642	15	5	0
647	15	4	0
648	15	1	0
649	15	4	0
650	15	3	0
653	15	3	0
654	15	3	0
655	15	3	0
663	15	4	0
665	15	4	0
670	15	4	0
672	15	3	0
674	15	4	0
678	15	3	0
680	15	3	0
682	15	4	0
684	15	5	0
689	15	5	0
694	15	4	0
699	15	1	0
703	15	5	0
705	15	3	0
707	15	4	0
708	15	3	0
714	15	3	0
718	15	5	0
721	15	4	0
725	15	4	0
728	15	4	0
730	15	4	0
731	15	4	0
734	15	4	0
741	15	4	0
742	15	4	0
743	15	3	0
747	15	4	0
749	15	5	0
754	15	5	0
761	15	5	0
764	15	4	0
765	15	2	0
768	15	2	0
769	15	3	0
770	15	5	0
771	15	5	0
777	15	4	0
779	15	4	0
786	15	3	0
790	15	5	0
792	15	4	0
796	15	4	0
798	15	4	0
800	15	4	0
817	15	3	0
821	15	5	0
830	15	4	0
834	15	4	0
835	15	5	0
837	15	3	0
849	15	5	0
850	15	5	0
854	15	3	0
859	15	4	0
864	15	4	0
869	15	1	0
878	15	4	0
879	15	4	0
881	15	3	0
882	15	5	0
886	15	3	0
891	15	4	0
892	15	4	0
894	15	3	0
896	15	3	0
901	15	5	0
906	15	3	0
907	15	5	0
912	15	4	0
913	15	3	0
919	15	5	0
921	15	4	0
922	15	4	0
927	15	5	0
935	15	5	0
938	15	2	0
939	15	5	0
941	15	4	0
1	25	4	0
2	25	4	0
5	25	3	0
7	25	3	0
11	25	3	0
13	25	1	0
14	25	2	0
15	25	3	0
18	25	3	0
24	25	4	0
25	25	5	0
26	25	3	0
42	25	3	0
43	25	5	0
44	25	2	0
45	25	4	0
49	25	2	0
52	25	5	0
53	25	4	0
54	25	4	0
56	25	4	0
58	25	4	0
59	25	4	0
63	25	4	0
65	25	4	0
67	25	4	0
68	25	4	0
72	25	5	0
75	25	5	0
77	25	2	0
78	25	3	0
81	25	5	0
82	25	2	0
83	25	2	0
84	25	3	0
85	25	2	0
87	25	4	0
89	25	5	0
90	25	5	0
92	25	3	0
94	25	3	0
95	25	3	0
98	25	5	0
99	25	3	0
104	25	3	0
106	25	4	0
109	25	4	0
117	25	4	0
119	25	5	0
120	25	5	0
121	25	5	0
125	25	1	0
128	25	3	0
141	25	5	0
145	25	2	0
151	25	4	0
152	25	3	0
157	25	3	0
159	25	5	0
162	25	4	0
168	25	5	0
176	25	3	0
178	25	3	0
181	25	5	0
184	25	4	0
185	25	4	0
192	25	4	0
193	25	4	0
194	25	2	0
196	25	4	0
198	25	2	0
200	25	4	0
201	25	3	0
207	25	4	0
210	25	4	0
213	25	4	0
216	25	3	0
222	25	3	0
223	25	1	0
226	25	4	0
227	25	4	0
230	25	3	0
234	25	3	0
243	25	3	0
246	25	3	0
251	25	4	0
256	25	5	0
264	25	4	0
266	25	3	0
268	25	3	0
270	25	5	0
271	25	3	0
274	25	5	0
276	25	4	0
277	25	4	0
279	25	5	0
286	25	3	0
293	25	3	0
295	25	5	0
297	25	4	0
299	25	3	0
301	25	3	0
303	25	4	0
306	25	3	0
308	25	4	0
313	25	2	0
314	25	3	0
315	25	5	0
318	25	5	0
327	25	2	0
330	25	5	0
336	25	3	0
337	25	3	0
339	25	4	0
342	25	2	0
343	25	2	0
344	25	4	0
345	25	3	0
347	25	2	0
348	25	4	0
349	25	3	0
354	25	2	0
360	25	4	0
363	25	3	0
365	25	4	0
373	25	4	0
374	25	5	0
378	25	4	0
382	25	2	0
387	25	2	0
389	25	3	0
393	25	2	0
396	25	3	0
398	25	4	0
401	25	4	0
402	25	4	0
406	25	1	0
407	25	3	0
413	25	3	0
416	25	4	0
417	25	2	0
424	25	4	0
429	25	4	0
435	25	5	0
441	25	3	0
447	25	4	0
450	25	3	0
452	25	2	0
453	25	4	0
455	25	3	0
457	25	4	0
458	25	1	0
459	25	2	0
463	25	3	0
468	25	5	0
473	25	4	0
474	25	5	0
477	25	5	0
484	25	3	0
486	25	4	0
487	25	1	0
493	25	4	0
497	25	4	0
500	25	3	0
501	25	3	0
503	25	4	0
504	25	4	0
514	25	4	0
517	25	2	0
518	25	5	0
520	25	4	0
521	25	2	0
523	25	4	0
525	25	5	0
533	25	4	0
534	25	5	0
535	25	4	0
537	25	2	0
540	25	4	0
545	25	2	0
548	25	2	0
551	25	1	0
552	25	3	0
555	25	4	0
560	25	3	0
561	25	2	0
566	25	2	0
569	25	4	0
577	25	4	0
579	25	4	0
580	25	3	0
582	25	3	0
584	25	3	0
588	25	4	0
591	25	4	0
593	25	3	0
606	25	5	0
608	25	4	0
612	25	3	0
614	25	1	0
618	25	2	0
621	25	4	0
624	25	4	0
625	25	2	0
630	25	2	0
632	25	1	0
634	25	4	0
636	25	5	0
637	25	4	0
648	25	2	0
650	25	3	0
654	25	1	0
655	25	3	0
663	25	4	0
666	25	3	0
672	25	5	0
674	25	4	0
678	25	2	0
680	25	4	0
682	25	4	0
690	25	3	0
692	25	4	0
693	25	4	0
697	25	3	0
698	25	2	0
703	25	3	0
706	25	4	0
708	25	3	0
711	25	4	0
716	25	4	0
717	25	5	0
722	25	4	0
726	25	4	0
727	25	3	0
728	25	4	0
735	25	4	0
741	25	3	0
747	25	3	0
749	25	4	0
751	25	5	0
758	25	4	0
760	25	2	0
763	25	4	0
764	25	2	0
765	25	4	0
768	25	4	0
770	25	5	0
790	25	2	0
792	25	2	0
795	25	5	0
800	25	4	0
804	25	4	0
805	25	4	0
822	25	3	0
823	25	3	0
825	25	4	0
832	25	2	0
834	25	3	0
835	25	5	0
837	25	3	0
843	25	2	0
847	25	3	0
848	25	5	0
852	25	3	0
854	25	3	0
859	25	4	0
864	25	4	0
869	25	2	0
879	25	4	0
880	25	4	0
881	25	3	0
882	25	2	0
885	25	4	0
887	25	2	0
891	25	5	0
892	25	4	0
894	25	2	0
896	25	3	0
897	25	2	0
899	25	3	0
903	25	4	0
907	25	5	0
910	25	3	0
913	25	3	0
917	25	4	0
918	25	4	0
919	25	4	0
921	25	3	0
927	25	3	0
933	25	2	0
934	25	4	0
936	25	4	0
938	25	4	0
1	111	5	0
2	111	4	0
6	111	2	0
11	111	4	0
13	111	5	0
14	111	3	0
15	111	4	0
17	111	3	0
18	111	3	0
26	111	3	0
32	111	3	0
42	111	1	0
43	111	4	0
45	111	4	0
49	111	2	0
52	111	4	0
56	111	2	0
57	111	4	0
58	111	4	0
59	111	4	0
62	111	3	0
63	111	3	0
64	111	4	0
65	111	4	0
68	111	3	0
75	111	4	0
81	111	3	0
82	111	4	0
83	111	3	0
84	111	4	0
87	111	4	0
89	111	4	0
92	111	3	0
94	111	4	0
95	111	4	0
99	111	1	0
101	111	2	0
104	111	1	0
109	111	4	0
119	111	5	0
125	111	3	0
128	111	3	0
130	111	5	0
138	111	4	0
145	111	3	0
151	111	4	0
152	111	5	0
157	111	3	0
158	111	4	0
159	111	4	0
174	111	5	0
175	111	4	0
176	111	4	0
178	111	4	0
180	111	5	0
181	111	3	0
182	111	4	0
185	111	4	0
192	111	2	0
193	111	1	0
196	111	4	0
199	111	3	0
207	111	3	0
222	111	3	0
223	111	4	0
234	111	3	0
236	111	4	0
238	111	4	0
242	111	4	0
243	111	4	0
244	111	4	0
246	111	3	0
247	111	5	0
250	111	4	0
251	111	3	0
262	111	4	0
265	111	2	0
269	111	1	0
271	111	4	0
274	111	4	0
277	111	4	0
280	111	4	0
286	111	5	0
287	111	3	0
292	111	4	0
293	111	2	0
294	111	4	0
296	111	3	0
297	111	3	0
299	111	3	0
301	111	1	0
303	111	3	0
304	111	3	0
306	111	4	0
314	111	4	0
327	111	4	0
334	111	3	0
336	111	3	0
342	111	3	0
344	111	4	0
345	111	4	0
348	111	5	0
357	111	5	0
361	111	3	0
374	111	2	0
376	111	4	0
378	111	3	0
385	111	2	0
388	111	3	0
389	111	3	0
393	111	3	0
398	111	3	0
401	111	4	0
402	111	4	0
403	111	4	0
416	111	4	0
417	111	3	0
429	111	2	0
432	111	4	0
434	111	5	0
435	111	3	0
436	111	4	0
437	111	3	0
447	111	3	0
450	111	4	0
452	111	3	0
454	111	1	0
456	111	3	0
457	111	3	0
459	111	3	0
463	111	2	0
468	111	4	0
474	111	4	0
477	111	5	0
478	111	3	0
479	111	4	0
484	111	4	0
486	111	4	0
487	111	3	0
488	111	4	0
497	111	4	0
500	111	4	0
501	111	3	0
514	111	5	0
517	111	3	0
524	111	5	0
525	111	4	0
533	111	4	0
537	111	3	0
540	111	4	0
541	111	1	0
543	111	4	0
551	111	5	0
552	111	3	0
553	111	4	0
554	111	4	0
555	111	4	0
560	111	3	0
569	111	3	0
575	111	1	0
577	111	4	0
579	111	4	0
588	111	1	0
590	111	3	0
593	111	5	0
595	111	4	0
597	111	3	0
599	111	5	0
605	111	3	0
606	111	4	0
608	111	1	0
618	111	3	0
622	111	4	0
624	111	3	0
629	111	5	0
630	111	5	0
634	111	4	0
637	111	3	0
639	111	2	0
643	111	4	0
648	111	5	0
653	111	2	0
654	111	4	0
655	111	2	0
657	111	5	0
663	111	3	0
665	111	4	0
666	111	3	0
669	111	4	0
674	111	5	0
678	111	4	0
679	111	3	0
682	111	3	0
684	111	4	0
689	111	3	0
699	111	3	0
705	111	4	0
707	111	4	0
708	111	4	0
711	111	2	0
714	111	3	0
715	111	3	0
716	111	4	0
717	111	4	0
718	111	4	0
721	111	4	0
722	111	3	0
725	111	3	0
727	111	3	0
734	111	3	0
747	111	4	0
749	111	3	0
751	111	3	0
756	111	4	0
760	111	4	0
762	111	2	0
763	111	2	0
764	111	4	0
768	111	3	0
769	111	5	0
770	111	5	0
771	111	4	0
779	111	4	0
786	111	5	0
789	111	3	0
790	111	3	0
792	111	3	0
796	111	4	0
798	111	1	0
805	111	3	0
806	111	3	0
821	111	4	0
822	111	4	0
823	111	4	0
825	111	3	0
833	111	2	0
837	111	4	0
838	111	4	0
839	111	4	0
851	111	3	0
854	111	3	0
859	111	4	0
862	111	5	0
864	111	3	0
865	111	1	0
870	111	3	0
872	111	4	0
874	111	3	0
877	111	3	0
878	111	4	0
879	111	4	0
880	111	4	0
885	111	4	0
887	111	5	0
888	111	4	0
891	111	3	0
894	111	3	0
899	111	4	0
901	111	3	0
903	111	3	0
904	111	4	0
907	111	5	0
908	111	3	0
914	111	1	0
916	111	4	0
919	111	4	0
921	111	4	0
927	111	4	0
931	111	3	0
936	111	4	0
938	111	5	0
943	111	4	0
1	125	3	0
6	125	3	0
7	125	4	0
11	125	4	0
15	125	5	0
16	125	3	0
17	125	1	0
18	125	3	0
25	125	5	0
26	125	4	0
42	125	4	0
46	125	4	0
50	125	2	0
57	125	3	0
59	125	3	0
62	125	4	0
64	125	2	0
65	125	4	0
67	125	4	0
68	125	1	0
75	125	3	0
77	125	3	0
82	125	3	0
83	125	5	0
92	125	4	0
93	125	1	0
94	125	1	0
99	125	4	0
101	125	4	0
108	125	3	0
109	125	5	0
119	125	5	0
120	125	4	0
121	125	2	0
130	125	5	0
141	125	5	0
144	125	4	0
151	125	4	0
152	125	5	0
158	125	3	0
159	125	5	0
164	125	5	0
168	125	4	0
174	125	5	0
178	125	4	0
181	125	3	0
190	125	3	0
192	125	3	0
194	125	2	0
200	125	5	0
201	125	2	0
207	125	4	0
213	125	5	0
222	125	5	0
223	125	3	0
224	125	3	0
230	125	5	0
234	125	3	0
238	125	3	0
243	125	3	0
249	125	3	0
251	125	4	0
253	125	3	0
254	125	3	0
256	125	5	0
261	125	5	0
262	125	3	0
263	125	4	0
265	125	4	0
271	125	3	0
274	125	4	0
276	125	4	0
280	125	2	0
283	125	5	0
286	125	4	0
289	125	2	0
290	125	3	0
291	125	4	0
292	125	2	0
293	125	2	0
294	125	3	0
295	125	5	0
296	125	5	0
298	125	3	0
303	125	2	0
311	125	4	0
313	125	3	0
314	125	5	0
324	125	5	0
332	125	5	0
334	125	3	0
336	125	3	0
337	125	4	0
342	125	2	0
344	125	3	0
345	125	3	0
347	125	5	0
349	125	4	0
357	125	5	0
365	125	3	0
373	125	4	0
374	125	5	0
378	125	2	0
391	125	3	0
393	125	4	0
396	125	3	0
398	125	3	0
401	125	3	0
406	125	3	0
416	125	5	0
417	125	5	0
423	125	2	0
434	125	5	0
435	125	3	0
436	125	4	0
439	125	3	0
450	125	4	0
453	125	3	0
455	125	3	0
456	125	4	0
457	125	4	0
459	125	4	0
463	125	4	0
470	125	4	0
472	125	5	0
484	125	4	0
486	125	3	0
487	125	5	0
500	125	3	0
501	125	3	0
503	125	3	0
504	125	4	0
505	125	3	0
518	125	5	0
521	125	3	0
525	125	3	0
526	125	2	0
532	125	5	0
533	125	5	0
534	125	3	0
540	125	3	0
550	125	4	0
551	125	4	0
552	125	3	0
554	125	3	0
569	125	3	0
576	125	4	0
577	125	4	0
580	125	3	0
582	125	3	0
588	125	3	0
590	125	3	0
592	125	2	0
593	125	4	0
601	125	1	0
602	125	4	0
606	125	4	0
609	125	4	0
618	125	3	0
620	125	2	0
621	125	4	0
622	125	3	0
624	125	3	0
627	125	2	0
630	125	3	0
634	125	4	0
637	125	3	0
642	125	4	0
644	125	4	0
648	125	2	0
652	125	2	0
653	125	2	0
655	125	2	0
660	125	3	0
663	125	3	0
665	125	4	0
669	125	3	0
674	125	5	0
682	125	4	0
689	125	3	0
697	125	3	0
706	125	5	0
708	125	4	0
709	125	4	0
715	125	3	0
717	125	4	0
721	125	3	0
727	125	4	0
730	125	4	0
731	125	3	0
733	125	2	0
745	125	5	0
749	125	5	0
757	125	2	0
758	125	2	0
760	125	4	0
761	125	4	0
763	125	3	0
764	125	4	0
779	125	4	0
786	125	4	0
788	125	3	0
792	125	3	0
796	125	4	0
798	125	3	0
800	125	3	0
804	125	4	0
815	125	5	0
821	125	4	0
823	125	4	0
825	125	5	0
829	125	3	0
837	125	5	0
844	125	3	0
847	125	3	0
848	125	5	0
851	125	4	0
854	125	3	0
864	125	4	0
869	125	3	0
874	125	3	0
879	125	5	0
881	125	5	0
887	125	5	0
889	125	4	0
892	125	4	0
893	125	3	0
894	125	3	0
897	125	4	0
899	125	3	0
905	125	3	0
906	125	4	0
907	125	4	0
910	125	3	0
916	125	3	0
919	125	4	0
921	125	3	0
923	125	4	0
927	125	4	0
931	125	4	0
933	125	4	0
935	125	4	0
936	125	4	0
938	125	3	0
1	148	2	0
15	148	3	0
20	148	5	0
21	148	1	0
26	148	3	0
27	148	3	0
44	148	4	0
49	148	1	0
51	148	3	0
54	148	3	0
59	148	3	0
84	148	4	0
90	148	2	0
92	148	2	0
120	148	3	0
130	148	4	0
158	148	4	0
164	148	5	0
178	148	4	0
181	148	2	0
186	148	4	0
188	148	4	0
190	148	4	0
198	148	3	0
200	148	4	0
201	148	1	0
203	148	3	0
222	148	2	0
224	148	3	0
234	148	3	0
236	148	4	0
244	148	2	0
249	148	3	0
251	148	2	0
269	148	1	0
270	148	4	0
271	148	3	0
274	148	2	0
276	148	3	0
293	148	1	0
294	148	3	0
297	148	3	0
308	148	3	0
313	148	2	0
320	148	4	0
328	148	3	0
330	148	4	0
332	148	5	0
344	148	2	0
345	148	3	0
347	148	3	0
361	148	1	0
363	148	3	0
372	148	5	0
374	148	4	0
378	148	4	0
391	148	3	0
393	148	4	0
396	148	4	0
399	148	4	0
403	148	5	0
406	148	3	0
416	148	5	0
423	148	3	0
430	148	2	0
434	148	3	0
435	148	3	0
438	148	5	0
447	148	4	0
455	148	3	0
457	148	4	0
459	148	5	0
479	148	2	0
486	148	2	0
506	148	3	0
532	148	5	0
533	148	3	0
534	148	4	0
536	148	4	0
552	148	3	0
562	148	5	0
580	148	4	0
586	148	3	0
592	148	2	0
601	148	3	0
602	148	4	0
606	148	3	0
618	148	3	0
620	148	3	0
621	148	4	0
627	148	3	0
633	148	1	0
637	148	3	0
642	148	5	0
663	148	4	0
677	148	4	0
682	148	3	0
690	148	3	0
705	148	5	0
706	148	4	0
708	148	4	0
717	148	3	0
722	148	3	0
727	148	2	0
733	148	3	0
749	148	3	0
757	148	4	0
761	148	5	0
788	148	3	0
793	148	4	0
805	148	2	0
821	148	3	0
825	148	4	0
834	148	4	0
865	148	3	0
870	148	2	0
880	148	2	0
891	148	5	0
893	148	3	0
894	148	3	0
896	148	2	0
916	148	2	0
919	148	3	0
923	148	4	0
930	148	1	0
932	148	2	0
935	148	4	0
938	148	3	0
1	237	2	0
2	237	4	0
6	237	2	0
7	237	5	0
11	237	4	0
13	237	5	0
15	237	3	0
16	237	5	0
17	237	2	0
18	237	3	0
24	237	4	0
26	237	3	0
42	237	4	0
43	237	4	0
44	237	3	0
45	237	4	0
52	237	4	0
54	237	4	0
56	237	5	0
57	237	4	0
58	237	4	0
59	237	3	0
60	237	4	0
62	237	3	0
63	237	3	0
64	237	4	0
65	237	4	0
66	237	4	0
68	237	5	0
69	237	3	0
72	237	3	0
74	237	4	0
75	237	2	0
78	237	5	0
80	237	4	0
81	237	4	0
82	237	3	0
84	237	4	0
85	237	3	0
89	237	4	0
90	237	4	0
92	237	4	0
95	237	2	0
99	237	5	0
101	237	5	0
104	237	3	0
108	237	3	0
109	237	4	0
113	237	3	0
115	237	2	0
117	237	4	0
119	237	5	0
120	237	3	0
121	237	5	0
128	237	4	0
130	237	5	0
136	237	4	0
137	237	4	0
139	237	3	0
141	237	4	0
144	237	4	0
145	237	5	0
152	237	5	0
159	237	3	0
160	237	3	0
162	237	4	0
164	237	2	0
167	237	4	0
174	237	4	0
176	237	3	0
178	237	4	0
181	237	5	0
182	237	3	0
184	237	4	0
185	237	4	0
186	237	2	0
188	237	3	0
190	237	5	0
193	237	4	0
194	237	3	0
198	237	2	0
201	237	4	0
203	237	3	0
207	237	4	0
215	237	4	0
216	237	5	0
222	237	4	0
223	237	5	0
224	237	3	0
225	237	5	0
230	237	5	0
234	237	3	0
235	237	4	0
236	237	4	0
238	237	3	0
242	237	4	0
243	237	2	0
244	237	5	0
249	237	5	0
250	237	2	0
251	237	5	0
253	237	4	0
256	237	4	0
257	237	2	0
262	237	3	0
263	237	2	0
265	237	5	0
266	237	3	0
269	237	2	0
270	237	1	0
271	237	4	0
274	237	4	0
276	237	5	0
277	237	4	0
280	237	3	0
285	237	4	0
286	237	2	0
287	237	5	0
288	237	4	0
291	237	4	0
293	237	3	0
294	237	4	0
295	237	4	0
296	237	5	0
297	237	4	0
298	237	5	0
299	237	2	0
301	237	4	0
303	237	5	0
304	237	5	0
305	237	2	0
308	237	3	0
313	237	2	0
314	237	5	0
318	237	5	0
326	237	2	0
327	237	4	0
328	237	4	0
330	237	4	0
332	237	5	0
334	237	4	0
336	237	5	0
342	237	4	0
343	237	4	0
344	237	3	0
345	237	4	0
346	237	4	0
347	237	4	0
348	237	4	0
349	237	2	0
357	237	5	0
360	237	4	0
361	237	4	0
363	237	2	0
365	237	3	0
371	237	5	0
374	237	5	0
376	237	3	0
378	237	4	0
383	237	4	0
388	237	5	0
391	237	4	0
393	237	4	0
395	237	4	0
396	237	4	0
398	237	3	0
399	237	3	0
401	237	3	0
402	237	4	0
403	237	5	0
406	237	1	0
413	237	4	0
416	237	3	0
422	237	4	0
423	237	4	0
429	237	3	0
430	237	5	0
432	237	5	0
434	237	5	0
437	237	4	0
438	237	5	0
439	237	5	0
445	237	2	0
447	237	4	0
450	237	5	0
452	237	2	0
453	237	4	0
454	237	4	0
455	237	3	0
457	237	4	0
458	237	4	0
462	237	5	0
463	237	4	0
468	237	4	0
474	237	4	0
477	237	4	0
478	237	5	0
480	237	2	0
483	237	3	0
484	237	3	0
486	237	4	0
487	237	4	0
490	237	1	0
491	237	3	0
494	237	4	0
497	237	3	0
498	237	2	0
500	237	3	0
501	237	4	0
503	237	4	0
504	237	3	0
505	237	3	0
514	237	4	0
517	237	1	0
518	237	4	0
524	237	3	0
525	237	4	0
530	237	4	0
533	237	2	0
534	237	4	0
535	237	4	0
537	237	3	0
538	237	4	0
542	237	4	0
543	237	4	0
548	237	4	0
549	237	4	0
550	237	3	0
551	237	4	0
552	237	4	0
554	237	3	0
563	237	5	0
569	237	4	0
573	237	4	0
576	237	4	0
577	237	4	0
582	237	3	0
586	237	4	0
588	237	2	0
590	237	3	0
591	237	3	0
592	237	4	0
593	237	4	0
594	237	3	0
595	237	3	0
599	237	5	0
602	237	4	0
605	237	3	0
606	237	4	0
612	237	3	0
614	237	2	0
615	237	4	0
618	237	4	0
620	237	4	0
624	237	4	0
627	237	4	0
630	237	5	0
632	237	3	0
633	237	4	0
634	237	5	0
635	237	3	0
637	237	2	0
639	237	1	0
642	237	5	0
644	237	4	0
647	237	3	0
653	237	2	0
654	237	4	0
655	237	3	0
661	237	4	0
663	237	4	0
664	237	2	0
665	237	3	0
666	237	3	0
671	237	5	0
672	237	2	0
677	237	4	0
678	237	3	0
682	237	3	0
684	237	5	0
689	237	3	0
690	237	4	0
694	237	4	0
697	237	5	0
701	237	5	0
703	237	5	0
706	237	4	0
708	237	5	0
714	237	3	0
715	237	4	0
716	237	5	0
717	237	5	0
719	237	2	0
721	237	3	0
722	237	4	0
728	237	4	0
730	237	3	0
731	237	4	0
733	237	3	0
735	237	4	0
742	237	4	0
744	237	4	0
748	237	4	0
749	237	3	0
751	237	2	0
754	237	3	0
758	237	4	0
759	237	3	0
760	237	3	0
761	237	5	0
762	237	3	0
763	237	3	0
764	237	4	0
765	237	3	0
768	237	4	0
769	237	3	0
771	237	5	0
786	237	5	0
788	237	4	0
790	237	4	0
792	237	3	0
793	237	3	0
796	237	5	0
800	237	4	0
804	237	4	0
806	237	2	0
821	237	5	0
823	237	4	0
825	237	4	0
829	237	3	0
831	237	4	0
834	237	5	0
835	237	4	0
837	237	3	0
839	237	3	0
854	237	3	0
864	237	4	0
868	237	1	0
869	237	4	0
871	237	3	0
872	237	4	0
877	237	4	0
878	237	3	0
879	237	4	0
880	237	4	0
882	237	5	0
883	237	3	0
885	237	5	0
886	237	4	0
888	237	5	0
889	237	4	0
890	237	3	0
891	237	5	0
892	237	4	0
893	237	4	0
894	237	4	0
896	237	5	0
899	237	4	0
900	237	4	0
901	237	3	0
904	237	5	0
905	237	3	0
906	237	4	0
907	237	5	0
910	237	4	0
913	237	4	0
916	237	3	0
917	237	5	0
919	237	4	0
921	237	3	0
922	237	4	0
923	237	4	0
924	237	4	0
926	237	3	0
927	237	4	0
930	237	3	0
931	237	3	0
934	237	4	0
935	237	5	0
936	237	4	0
937	237	4	0
938	237	2	0
939	237	5	0
943	237	4	0
1	252	2	0
15	252	2	0
20	252	4	0
26	252	3	0
30	252	3	0
38	252	5	0
43	252	4	0
44	252	2	0
54	252	3	0
57	252	2	0
62	252	3	0
77	252	1	0
83	252	4	0
87	252	3	0
92	252	4	0
101	252	3	0
103	252	2	0
108	252	3	0
109	252	5	0
116	252	2	0
117	252	3	0
119	252	3	0
120	252	3	0
130	252	5	0
141	252	4	0
158	252	3	0
164	252	4	0
168	252	1	0
184	252	2	0
192	252	1	0
213	252	3	0
222	252	2	0
223	252	1	0
231	252	4	0
238	252	3	0
246	252	1	0
249	252	2	0
251	252	3	0
262	252	3	0
268	252	3	0
269	252	1	0
275	252	2	0
276	252	3	0
287	252	1	0
290	252	3	0
292	252	3	0
293	252	2	0
294	252	4	0
298	252	4	0
301	252	3	0
303	252	3	0
320	252	2	0
330	252	4	0
332	252	5	0
343	252	4	0
347	252	2	0
374	252	3	0
378	252	4	0
382	252	2	0
393	252	3	0
394	252	3	0
395	252	3	0
416	252	4	0
417	252	3	0
425	252	2	0
435	252	2	0
438	252	4	0
447	252	3	0
450	252	3	0
454	252	2	0
455	252	3	0
457	252	4	0
459	252	4	0
472	252	4	0
474	252	4	0
479	252	2	0
481	252	4	0
484	252	3	0
486	252	3	0
487	252	1	0
493	252	4	0
496	252	2	0
497	252	3	0
500	252	2	0
507	252	5	0
513	252	5	0
525	252	3	0
532	252	4	0
533	252	4	0
543	252	3	0
548	252	3	0
549	252	3	0
550	252	1	0
552	252	2	0
554	252	4	0
555	252	5	0
557	252	3	0
567	252	1	0
569	252	3	0
580	252	5	0
592	252	3	0
605	252	4	0
619	252	3	0
622	252	1	0
630	252	2	0
633	252	3	0
642	252	5	0
648	252	4	0
649	252	4	0
654	252	2	0
655	252	2	0
659	252	4	0
660	252	2	0
668	252	2	0
669	252	2	0
674	252	2	0
682	252	3	0
684	252	4	0
697	252	1	0
699	252	4	0
705	252	1	0
714	252	3	0
715	252	1	0
727	252	2	0
738	252	4	0
749	252	3	0
757	252	3	0
758	252	3	0
764	252	3	0
768	252	3	0
779	252	3	0
782	252	3	0
793	252	4	0
804	252	4	0
806	252	1	0
807	252	4	0
815	252	2	0
825	252	5	0
840	252	4	0
843	252	3	0
851	252	3	0
852	252	3	0
862	252	3	0
867	252	2	0
880	252	2	0
887	252	4	0
889	252	3	0
894	252	3	0
901	252	3	0
903	252	3	0
910	252	2	0
916	252	2	0
921	252	4	0
922	252	2	0
931	252	3	0
936	252	2	0
938	252	4	0
939	252	3	0
1	255	2	0
2	255	4	0
15	255	5	0
26	255	3	0
30	255	4	0
54	255	3	0
58	255	4	0
63	255	4	0
65	255	3	0
73	255	2	0
78	255	4	0
83	255	5	0
99	255	3	0
101	255	4	0
103	255	5	0
104	255	1	0
108	255	2	0
113	255	5	0
116	255	3	0
119	255	3	0
123	255	1	0
130	255	4	0
141	255	4	0
152	255	5	0
157	255	3	0
159	255	3	0
168	255	1	0
174	255	5	0
178	255	4	0
184	255	3	0
189	255	2	0
192	255	2	0
207	255	3	0
210	255	4	0
222	255	3	0
223	255	4	0
231	255	3	0
236	255	3	0
238	255	3	0
244	255	2	0
249	255	3	0
259	255	4	0
262	255	3	0
269	255	1	0
274	255	2	0
277	255	4	0
293	255	3	0
294	255	3	0
296	255	2	0
299	255	2	0
303	255	4	0
308	255	4	0
314	255	5	0
318	255	4	0
323	255	4	0
324	255	4	0
327	255	3	0
330	255	4	0
332	255	4	0
333	255	3	0
334	255	3	0
342	255	4	0
344	255	4	0
345	255	4	0
354	255	2	0
378	255	4	0
392	255	3	0
393	255	4	0
395	255	3	0
402	255	4	0
407	255	4	0
413	255	3	0
416	255	5	0
417	255	3	0
432	255	5	0
435	255	3	0
438	255	4	0
454	255	4	0
455	255	2	0
458	255	2	0
459	255	4	0
461	255	2	0
464	255	4	0
472	255	5	0
474	255	4	0
477	255	5	0
478	255	4	0
479	255	2	0
484	255	3	0
486	255	3	0
487	255	2	0
490	255	1	0
500	255	3	0
523	255	5	0
525	255	1	0
530	255	4	0
533	255	2	0
541	255	3	0
548	255	4	0
550	255	3	0
560	255	4	0
563	255	5	0
576	255	3	0
590	255	1	0
592	255	4	0
593	255	5	0
595	255	3	0
599	255	5	0
605	255	2	0
606	255	5	0
614	255	5	0
624	255	3	0
625	255	2	0
630	255	5	0
635	255	4	0
637	255	3	0
643	255	4	0
644	255	4	0
647	255	4	0
654	255	2	0
655	255	3	0
659	255	3	0
661	255	3	0
665	255	4	0
666	255	4	0
671	255	5	0
672	255	2	0
674	255	4	0
676	255	5	0
682	255	3	0
698	255	3	0
701	255	3	0
705	255	5	0
708	255	5	0
711	255	4	0
714	255	2	0
718	255	4	0
719	255	2	0
726	255	2	0
736	255	1	0
741	255	3	0
754	255	3	0
760	255	3	0
764	255	4	0
768	255	4	0
770	255	4	0
779	255	4	0
782	255	4	0
819	255	1	0
829	255	3	0
834	255	3	0
838	255	4	0
839	255	3	0
844	255	3	0
851	255	3	0
854	255	1	0
870	255	2	0
879	255	4	0
881	255	3	0
894	255	3	0
899	255	4	0
904	255	5	0
917	255	3	0
919	255	4	0
927	255	4	0
930	255	3	0
931	255	4	0
935	255	4	0
936	255	5	0
937	255	3	0
938	255	1	0
939	255	5	0
2	274	3	0
6	274	4	0
10	274	4	0
11	274	3	0
13	274	3	0
15	274	4	0
20	274	4	0
26	274	3	0
42	274	5	0
43	274	5	0
44	274	4	0
59	274	1	0
81	274	3	0
82	274	3	0
83	274	4	0
84	274	4	0
87	274	4	0
92	274	4	0
94	274	4	0
95	274	4	0
99	274	1	0
106	274	3	0
119	274	4	0
128	274	4	0
131	274	3	0
141	274	5	0
144	274	3	0
145	274	3	0
151	274	5	0
152	274	5	0
157	274	4	0
159	274	3	0
161	274	2	0
168	274	4	0
178	274	4	0
181	274	4	0
183	274	5	0
184	274	4	0
189	274	4	0
193	274	3	0
194	274	2	0
210	274	5	0
213	274	5	0
216	274	3	0
223	274	4	0
227	274	4	0
234	274	3	0
236	274	1	0
256	274	5	0
269	274	1	0
271	274	3	0
274	274	4	0
276	274	3	0
277	274	4	0
279	274	3	0
280	274	5	0
286	274	2	0
290	274	4	0
296	274	4	0
298	274	3	0
299	274	3	0
304	274	4	0
308	274	3	0
310	274	3	0
314	274	3	0
320	274	4	0
327	274	2	0
329	274	3	0
340	274	4	0
342	274	2	0
343	274	3	0
344	274	2	0
345	274	3	0
357	274	4	0
361	274	3	0
374	274	4	0
376	274	3	0
378	274	3	0
389	274	4	0
393	274	4	0
396	274	4	0
398	274	3	0
399	274	3	0
403	274	3	0
406	274	3	0
407	274	3	0
416	274	4	0
429	274	3	0
432	274	3	0
434	274	5	0
445	274	2	0
447	274	1	0
449	274	2	0
450	274	4	0
456	274	3	0
459	274	4	0
463	274	3	0
474	274	3	0
477	274	5	0
479	274	4	0
483	274	4	0
484	274	4	0
487	274	4	0
493	274	5	0
497	274	3	0
500	274	3	0
501	274	3	0
506	274	4	0
514	274	4	0
520	274	3	0
533	274	4	0
534	274	3	0
536	274	4	0
537	274	2	0
540	274	4	0
541	274	4	0
551	274	2	0
552	274	3	0
554	274	3	0
555	274	4	0
569	274	4	0
590	274	3	0
593	274	3	0
595	274	3	0
599	274	5	0
605	274	3	0
623	274	4	0
634	274	3	0
637	274	5	0
639	274	1	0
654	274	4	0
655	274	3	0
661	274	4	0
663	274	3	0
665	274	3	0
680	274	3	0
682	274	4	0
684	274	2	0
690	274	3	0
708	274	4	0
715	274	3	0
716	274	5	0
717	274	4	0
718	274	3	0
719	274	3	0
726	274	4	0
727	274	5	0
733	274	3	0
734	274	4	0
741	274	4	0
747	274	4	0
751	274	4	0
756	274	3	0
762	274	4	0
764	274	3	0
768	274	3	0
771	274	4	0
790	274	3	0
796	274	5	0
798	274	5	0
805	274	2	0
821	274	5	0
823	274	4	0
825	274	4	0
837	274	4	0
838	274	4	0
852	274	3	0
854	274	3	0
860	274	3	0
872	274	3	0
877	274	4	0
878	274	3	0
881	274	3	0
885	274	5	0
887	274	1	0
888	274	4	0
891	274	5	0
892	274	4	0
896	274	2	0
904	274	5	0
907	274	5	0
921	274	4	0
922	274	3	0
927	274	1	0
930	274	4	0
932	274	5	0
935	274	5	0
936	274	3	0
939	274	5	0
943	274	3	0
2	276	4	0
6	276	2	0
9	276	4	0
10	276	4	0
12	276	4	0
13	276	5	0
14	276	4	0
17	276	4	0
18	276	5	0
24	276	5	0
26	276	4	0
32	276	4	0
41	276	2	0
42	276	1	0
43	276	4	0
45	276	5	0
50	276	2	0
54	276	5	0
59	276	5	0
62	276	5	0
63	276	4	0
67	276	4	0
68	276	5	0
71	276	4	0
74	276	4	0
76	276	5	0
77	276	2	0
79	276	3	0
81	276	4	0
82	276	4	0
84	276	4	0
90	276	4	0
92	276	5	0
93	276	2	0
99	276	2	0
104	276	4	0
119	276	2	0
121	276	3	0
123	276	4	0
128	276	4	0
130	276	4	0
131	276	5	0
136	276	5	0
141	276	1	0
144	276	3	0
145	276	1	0
150	276	5	0
156	276	3	0
157	276	4	0
159	276	5	0
160	276	5	0
161	276	5	0
164	276	3	0
168	276	1	0
174	276	5	0
177	276	5	0
178	276	3	0
181	276	2	0
184	276	4	0
185	276	4	0
189	276	3	0
190	276	4	0
192	276	2	0
193	276	4	0
194	276	3	0
195	276	4	0
198	276	3	0
199	276	4	0
200	276	5	0
201	276	5	0
203	276	4	0
207	276	2	0
209	276	2	0
210	276	5	0
214	276	3	0
216	276	4	0
222	276	5	0
223	276	4	0
224	276	3	0
227	276	4	0
230	276	5	0
232	276	5	0
233	276	5	0
234	276	3	0
239	276	5	0
244	276	5	0
250	276	4	0
252	276	5	0
256	276	3	0
257	276	5	0
266	276	3	0
269	276	5	0
271	276	3	0
274	276	4	0
276	276	4	0
277	276	4	0
280	276	5	0
285	276	4	0
287	276	4	0
288	276	4	0
292	276	5	0
294	276	4	0
296	276	5	0
298	276	2	0
299	276	4	0
301	276	1	0
303	276	4	0
308	276	4	0
311	276	4	0
312	276	4	0
314	276	1	0
315	276	4	0
316	276	2	0
320	276	2	0
321	276	3	0
324	276	5	0
329	276	4	0
332	276	3	0
333	276	4	0
334	276	4	0
336	276	4	0
339	276	4	0
342	276	3	0
343	276	5	0
344	276	4	0
346	276	1	0
347	276	3	0
348	276	3	0
349	276	5	0
354	276	3	0
361	276	4	0
365	276	2	0
374	276	4	0
378	276	4	0
381	276	3	0
382	276	3	0
385	276	3	0
388	276	2	0
391	276	3	0
392	276	4	0
398	276	4	0
399	276	3	0
401	276	4	0
402	276	5	0
403	276	4	0
406	276	4	0
409	276	4	0
411	276	3	0
412	276	5	0
413	276	4	0
416	276	3	0
422	276	5	0
423	276	5	0
424	276	2	0
429	276	5	0
430	276	1	0
432	276	4	0
433	276	5	0
436	276	4	0
437	276	5	0
439	276	5	0
442	276	4	0
445	276	3	0
447	276	4	0
449	276	5	0
452	276	1	0
453	276	5	0
455	276	4	0
457	276	4	0
458	276	5	0
460	276	5	0
463	276	3	0
467	276	5	0
470	276	5	0
473	276	4	0
474	276	5	0
478	276	5	0
486	276	4	0
487	276	3	0
500	276	5	0
501	276	4	0
504	276	3	0
518	276	5	0
525	276	5	0
526	276	4	0
533	276	1	0
534	276	5	0
535	276	3	0
537	276	4	0
538	276	1	0
540	276	4	0
548	276	3	0
551	276	5	0
554	276	3	0
561	276	4	0
569	276	4	0
573	276	3	0
576	276	3	0
581	276	3	0
583	276	4	0
586	276	3	0
590	276	4	0
592	276	5	0
593	276	1	0
594	276	3	0
596	276	3	0
599	276	2	0
601	276	4	0
605	276	4	0
608	276	2	0
610	276	4	0
614	276	4	0
618	276	3	0
621	276	4	0
622	276	4	0
624	276	5	0
627	276	2	0
629	276	5	0
630	276	1	0
632	276	2	0
633	276	3	0
634	276	5	0
635	276	3	0
643	276	5	0
644	276	4	0
651	276	4	0
654	276	1	0
655	276	4	0
658	276	4	0
662	276	3	0
663	276	3	0
664	276	5	0
669	276	2	0
678	276	5	0
680	276	5	0
682	276	3	0
690	276	3	0
697	276	5	0
699	276	3	0
703	276	3	0
708	276	2	0
714	276	2	0
715	276	3	0
725	276	4	0
730	276	3	0
733	276	5	0
735	276	4	0
743	276	5	0
744	276	4	0
745	276	1	0
747	276	5	0
754	276	5	0
757	276	4	0
758	276	2	0
764	276	3	0
776	276	4	0
786	276	1	0
789	276	5	0
792	276	3	0
793	276	3	0
800	276	3	0
825	276	1	0
829	276	4	0
834	276	5	0
837	276	1	0
838	276	4	0
839	276	3	0
859	276	4	0
862	276	5	0
864	276	5	0
867	276	1	0
869	276	4	0
870	276	4	0
871	276	5	0
874	276	4	0
876	276	4	0
878	276	3	0
879	276	4	0
880	276	4	0
881	276	5	0
883	276	5	0
889	276	4	0
892	276	4	0
894	276	5	0
903	276	5	0
906	276	5	0
913	276	3	0
916	276	4	0
917	276	5	0
919	276	5	0
921	276	1	0
922	276	3	0
923	276	5	0
924	276	2	0
928	276	5	0
929	276	2	0
936	276	5	0
938	276	3	0
2	281	3	0
7	281	3	0
13	281	3	0
21	281	2	0
27	281	3	0
42	281	3	0
53	281	4	0
56	281	2	0
57	281	4	0
62	281	3	0
66	281	4	0
82	281	3	0
83	281	5	0
85	281	3	0
87	281	4	0
92	281	3	0
94	281	3	0
101	281	2	0
108	281	4	0
109	281	2	0
130	281	4	0
141	281	4	0
144	281	3	0
145	281	4	0
164	281	4	0
168	281	2	0
178	281	3	0
181	281	2	0
186	281	4	0
188	281	3	0
189	281	2	0
190	281	3	0
194	281	2	0
201	281	2	0
207	281	3	0
213	281	4	0
217	281	2	0
222	281	3	0
244	281	3	0
251	281	4	0
255	281	1	0
269	281	1	0
270	281	5	0
276	281	3	0
294	281	3	0
296	281	2	0
298	281	3	0
301	281	4	0
303	281	3	0
327	281	3	0
328	281	4	0
344	281	3	0
354	281	1	0
373	281	3	0
374	281	3	0
378	281	3	0
381	281	2	0
386	281	3	0
393	281	4	0
396	281	3	0
406	281	3	0
416	281	5	0
425	281	2	0
429	281	3	0
437	281	1	0
438	281	4	0
442	281	3	0
445	281	1	0
447	281	3	0
450	281	4	0
455	281	3	0
465	281	2	0
479	281	3	0
486	281	3	0
500	281	3	0
503	281	3	0
504	281	4	0
506	281	3	0
524	281	2	0
525	281	3	0
533	281	4	0
537	281	1	0
540	281	3	0
548	281	4	0
551	281	5	0
552	281	3	0
560	281	3	0
564	281	3	0
569	281	3	0
577	281	3	0
580	281	2	0
586	281	3	0
592	281	4	0
606	281	4	0
614	281	3	0
619	281	4	0
620	281	5	0
627	281	3	0
634	281	4	0
648	281	3	0
650	281	2	0
655	281	2	0
660	281	3	0
663	281	3	0
672	281	3	0
682	281	3	0
690	281	3	0
693	281	3	0
708	281	4	0
711	281	3	0
714	281	3	0
717	281	4	0
719	281	3	0
733	281	2	0
741	281	2	0
746	281	3	0
759	281	4	0
764	281	3	0
778	281	2	0
786	281	4	0
788	281	4	0
796	281	4	0
798	281	4	0
817	281	4	0
821	281	3	0
825	281	3	0
829	281	3	0
835	281	4	0
839	281	3	0
854	281	3	0
880	281	4	0
881	281	3	0
891	281	5	0
894	281	3	0
896	281	2	0
897	281	4	0
903	281	4	0
907	281	5	0
916	281	3	0
923	281	4	0
930	281	4	0
931	281	3	0
935	281	5	0
936	281	4	0
938	281	2	0
943	281	4	0
2	282	4	0
12	282	5	0
15	282	3	0
16	282	5	0
26	282	4	0
28	282	4	0
42	282	4	0
45	282	4	0
52	282	4	0
57	282	5	0
63	282	1	0
66	282	3	0
68	282	1	0
69	282	3	0
71	282	3	0
81	282	5	0
84	282	4	0
85	282	3	0
92	282	4	0
94	282	3	0
95	282	4	0
99	282	3	0
101	282	3	0
104	282	3	0
108	282	3	0
109	282	3	0
115	282	4	0
117	282	5	0
119	282	5	0
120	282	4	0
121	282	1	0
128	282	3	0
130	282	5	0
141	282	5	0
144	282	4	0
145	282	5	0
160	282	4	0
164	282	5	0
168	282	5	0
178	282	3	0
181	282	4	0
190	282	3	0
193	282	5	0
194	282	3	0
200	282	4	0
201	282	2	0
203	282	1	0
207	282	4	0
216	282	5	0
221	282	4	0
222	282	4	0
223	282	4	0
224	282	4	0
236	282	5	0
248	282	2	0
251	282	4	0
253	282	4	0
256	282	3	0
265	282	5	0
270	282	3	0
271	282	2	0
274	282	5	0
276	282	4	0
277	282	4	0
280	282	3	0
289	282	3	0
291	282	4	0
292	282	4	0
293	282	2	0
294	282	3	0
296	282	4	0
297	282	3	0
298	282	4	0
301	282	4	0
303	282	3	0
305	282	3	0
311	282	5	0
314	282	5	0
318	282	4	0
323	282	3	0
324	282	5	0
326	282	2	0
328	282	3	0
329	282	3	0
332	282	5	0
334	282	4	0
336	282	3	0
342	282	1	0
345	282	3	0
347	282	5	0
363	282	2	0
374	282	5	0
378	282	4	0
391	282	4	0
393	282	4	0
394	282	3	0
396	282	4	0
399	282	3	0
401	282	3	0
403	282	5	0
406	282	3	0
416	282	5	0
423	282	4	0
429	282	3	0
432	282	5	0
438	282	5	0
439	282	3	0
441	282	4	0
447	282	4	0
449	282	3	0
450	282	5	0
453	282	4	0
455	282	3	0
456	282	3	0
457	282	4	0
458	282	2	0
459	282	3	0
463	282	3	0
474	282	4	0
477	282	4	0
478	282	3	0
479	282	5	0
486	282	2	0
487	282	4	0
495	282	5	0
500	282	4	0
501	282	4	0
504	282	4	0
525	282	4	0
526	282	3	0
532	282	5	0
533	282	4	0
534	282	5	0
535	282	3	0
542	282	3	0
548	282	4	0
549	282	3	0
551	282	5	0
552	282	3	0
554	282	3	0
580	282	5	0
588	282	5	0
590	282	2	0
592	282	4	0
593	282	5	0
595	282	4	0
599	282	5	0
605	282	4	0
606	282	4	0
618	282	3	0
624	282	4	0
627	282	2	0
630	282	3	0
632	282	4	0
634	282	4	0
637	282	3	0
643	282	3	0
649	282	4	0
652	282	4	0
653	282	3	0
654	282	3	0
655	282	3	0
657	282	3	0
663	282	3	0
665	282	4	0
666	282	3	0
674	282	5	0
678	282	3	0
682	282	4	0
684	282	4	0
693	282	4	0
697	282	4	0
705	282	5	0
709	282	5	0
710	282	2	0
714	282	4	0
715	282	3	0
716	282	3	0
717	282	5	0
718	282	5	0
719	282	4	0
721	282	4	0
727	282	4	0
728	282	4	0
733	282	3	0
734	282	4	0
742	282	3	0
747	282	2	0
754	282	4	0
758	282	3	0
761	282	4	0
764	282	4	0
768	282	4	0
770	282	5	0
776	282	3	0
788	282	4	0
790	282	4	0
792	282	3	0
793	282	4	0
796	282	4	0
804	282	4	0
823	282	3	0
825	282	4	0
834	282	4	0
854	282	2	0
859	282	3	0
862	282	5	0
864	282	3	0
869	282	3	0
872	282	5	0
879	282	4	0
880	282	2	0
881	282	4	0
886	282	3	0
889	282	4	0
891	282	5	0
896	282	2	0
899	282	5	0
903	282	4	0
905	282	3	0
907	282	4	0
910	282	3	0
917	282	4	0
919	282	4	0
921	282	2	0
923	282	4	0
930	282	4	0
933	282	3	0
935	282	4	0
936	282	2	0
942	282	5	0
943	282	5	0
2	284	4	0
6	284	2	0
16	284	1	0
18	284	3	0
26	284	3	0
42	284	3	0
43	284	5	0
45	284	4	0
53	284	2	0
57	284	3	0
58	284	4	0
59	284	2	0
63	284	3	0
64	284	4	0
66	284	3	0
75	284	2	0
81	284	3	0
82	284	4	0
84	284	3	0
85	284	3	0
92	284	2	0
101	284	4	0
108	284	3	0
115	284	2	0
128	284	3	0
130	284	2	0
141	284	5	0
144	284	3	0
145	284	4	0
152	284	5	0
158	284	5	0
161	284	3	0
168	284	2	0
174	284	4	0
178	284	4	0
181	284	2	0
192	284	5	0
194	284	3	0
201	284	3	0
207	284	3	0
213	284	5	0
222	284	3	0
223	284	2	0
224	284	3	0
230	284	1	0
234	284	3	0
246	284	1	0
256	284	4	0
265	284	4	0
268	284	3	0
271	284	3	0
276	284	4	0
277	284	4	0
279	284	1	0
280	284	3	0
291	284	4	0
293	284	2	0
296	284	4	0
297	284	4	0
298	284	4	0
301	284	4	0
303	284	4	0
308	284	4	0
314	284	3	0
318	284	3	0
320	284	4	0
328	284	3	0
329	284	3	0
330	284	5	0
332	284	5	0
336	284	4	0
344	284	3	0
345	284	4	0
347	284	3	0
349	284	5	0
357	284	4	0
360	284	3	0
363	284	2	0
374	284	1	0
378	284	3	0
379	284	4	0
398	284	2	0
399	284	2	0
401	284	3	0
403	284	1	0
406	284	1	0
413	284	4	0
416	284	4	0
429	284	3	0
432	284	4	0
435	284	2	0
438	284	2	0
447	284	4	0
450	284	4	0
457	284	3	0
458	284	4	0
463	284	3	0
470	284	4	0
474	284	4	0
486	284	2	0
490	284	3	0
491	284	3	0
493	284	4	0
500	284	3	0
517	284	2	0
518	284	4	0
524	284	3	0
532	284	5	0
533	284	1	0
535	284	4	0
537	284	3	0
548	284	3	0
551	284	4	0
552	284	3	0
554	284	3	0
560	284	3	0
561	284	1	0
569	284	4	0
572	284	3	0
577	284	4	0
586	284	3	0
590	284	2	0
593	284	4	0
599	284	4	0
601	284	4	0
605	284	2	0
606	284	4	0
622	284	1	0
627	284	2	0
629	284	4	0
634	284	4	0
654	284	4	0
655	284	2	0
663	284	4	0
666	284	3	0
672	284	4	0
682	284	4	0
690	284	4	0
697	284	5	0
698	284	1	0
705	284	3	0
708	284	5	0
714	284	3	0
715	284	4	0
716	284	3	0
718	284	4	0
719	284	2	0
721	284	4	0
727	284	3	0
733	284	2	0
742	284	3	0
749	284	4	0
754	284	3	0
764	284	4	0
768	284	1	0
769	284	3	0
779	284	3	0
788	284	3	0
789	284	3	0
790	284	4	0
796	284	3	0
804	284	4	0
821	284	3	0
825	284	3	0
829	284	3	0
831	284	3	0
833	284	1	0
834	284	4	0
837	284	1	0
851	284	3	0
869	284	1	0
870	284	2	0
872	284	3	0
880	284	4	0
882	284	3	0
887	284	4	0
892	284	5	0
894	284	3	0
895	284	3	0
896	284	4	0
899	284	3	0
900	284	2	0
906	284	4	0
907	284	5	0
910	284	3	0
916	284	2	0
919	284	3	0
921	284	4	0
929	284	2	0
933	284	2	0
935	284	4	0
938	284	2	0
943	284	2	0
5	411	1	0
13	411	2	0
15	411	2	0
18	411	3	0
22	411	1	0
38	411	3	0
42	411	4	0
43	411	3	0
45	411	3	0
54	411	5	0
57	411	4	0
60	411	3	0
68	411	1	0
70	411	3	0
75	411	5	0
78	411	4	0
81	411	2	0
82	411	3	0
83	411	2	0
84	411	2	0
87	411	4	0
92	411	4	0
94	411	3	0
101	411	2	0
102	411	2	0
104	411	1	0
109	411	4	0
117	411	3	0
121	411	1	0
125	411	3	0
130	411	5	0
137	411	5	0
144	411	4	0
145	411	2	0
151	411	4	0
152	411	4	0
159	411	3	0
164	411	2	0
168	411	1	0
181	411	3	0
184	411	3	0
196	411	4	0
198	411	1	0
200	411	3	0
207	411	3	0
210	411	3	0
222	411	3	0
223	411	1	0
227	411	4	0
236	411	1	0
244	411	4	0
245	411	3	0
246	411	3	0
249	411	3	0
262	411	2	0
267	411	3	0
269	411	1	0
271	411	1	0
274	411	3	0
276	411	4	0
279	411	3	0
280	411	3	0
286	411	2	0
291	411	4	0
293	411	2	0
294	411	3	0
301	411	1	0
303	411	4	0
308	411	4	0
314	411	4	0
320	411	3	0
324	411	5	0
327	411	3	0
332	411	4	0
339	411	2	0
347	411	5	0
348	411	4	0
349	411	4	0
357	411	3	0
374	411	3	0
378	411	3	0
389	411	4	0
393	411	2	0
394	411	4	0
406	411	4	0
416	411	3	0
417	411	2	0
429	411	3	0
432	411	3	0
434	411	5	0
435	411	3	0
436	411	4	0
447	411	2	0
457	411	3	0
459	411	2	0
468	411	3	0
472	411	4	0
474	411	2	0
487	411	3	0
493	411	1	0
500	411	2	0
501	411	4	0
504	411	4	0
525	411	3	0
532	411	3	0
533	411	2	0
542	411	4	0
549	411	3	0
551	411	1	0
552	411	3	0
554	411	3	0
560	411	3	0
566	411	4	0
582	411	1	0
586	411	2	0
592	411	2	0
595	411	3	0
601	411	2	0
614	411	3	0
624	411	4	0
630	411	4	0
634	411	4	0
637	411	1	0
642	411	5	0
648	411	2	0
653	411	2	0
655	411	3	0
663	411	3	0
665	411	4	0
684	411	3	0
692	411	4	0
727	411	3	0
758	411	4	0
764	411	3	0
769	411	3	0
774	411	1	0
779	411	3	0
790	411	3	0
804	411	3	0
805	411	2	0
825	411	3	0
847	411	1	0
851	411	3	0
854	411	2	0
865	411	1	0
869	411	4	0
880	411	4	0
881	411	3	0
882	411	3	0
887	411	4	0
889	411	2	0
893	411	3	0
896	411	2	0
897	411	5	0
921	411	2	0
922	411	1	0
923	411	4	0
927	411	4	0
930	411	1	0
933	411	2	0
934	411	3	0
938	411	3	0
939	411	4	0
6	471	2	0
7	471	4	0
12	471	5	0
13	471	1	0
15	471	4	0
16	471	3	0
17	471	2	0
26	471	2	0
42	471	4	0
43	471	3	0
52	471	4	0
54	471	4	0
57	471	4	0
65	471	4	0
66	471	5	0
68	471	3	0
72	471	4	0
81	471	3	0
83	471	3	0
90	471	4	0
92	471	4	0
94	471	4	0
95	471	5	0
99	471	4	0
101	471	3	0
103	471	4	0
104	471	3	0
108	471	2	0
115	471	2	0
119	471	4	0
128	471	4	0
130	471	2	0
141	471	4	0
144	471	4	0
145	471	4	0
158	471	4	0
159	471	4	0
164	471	5	0
174	471	5	0
178	471	4	0
181	471	2	0
182	471	4	0
190	471	5	0
194	471	3	0
201	471	2	0
203	471	4	0
207	471	3	0
213	471	3	0
222	471	3	0
231	471	5	0
232	471	3	0
234	471	3	0
238	471	4	0
244	471	1	0
249	471	4	0
251	471	3	0
256	471	5	0
265	471	4	0
270	471	5	0
271	471	3	0
274	471	4	0
276	471	4	0
277	471	3	0
280	471	3	0
289	471	4	0
291	471	4	0
293	471	3	0
294	471	4	0
297	471	3	0
298	471	4	0
305	471	4	0
308	471	3	0
311	471	4	0
313	471	4	0
324	471	5	0
328	471	3	0
332	471	4	0
337	471	5	0
343	471	4	0
344	471	3	0
345	471	3	0
347	471	4	0
349	471	3	0
357	471	5	0
360	471	4	0
373	471	3	0
374	471	4	0
378	471	3	0
389	471	4	0
391	471	2	0
393	471	4	0
396	471	4	0
399	471	3	0
401	471	4	0
402	471	4	0
403	471	5	0
413	471	4	0
416	471	5	0
423	471	3	0
432	471	3	0
434	471	2	0
438	471	4	0
447	471	4	0
450	471	4	0
453	471	4	0
454	471	3	0
455	471	4	0
457	471	4	0
459	471	3	0
468	471	3	0
470	471	5	0
474	471	3	0
479	471	4	0
484	471	4	0
486	471	5	0
487	471	3	0
500	471	4	0
505	471	4	0
518	471	3	0
524	471	4	0
533	471	4	0
534	471	5	0
535	471	4	0
537	471	3	0
540	471	4	0
543	471	3	0
548	471	5	0
551	471	5	0
552	471	3	0
569	471	3	0
576	471	4	0
577	471	3	0
580	471	3	0
588	471	5	0
592	471	4	0
593	471	3	0
599	471	4	0
605	471	3	0
606	471	4	0
613	471	3	0
618	471	3	0
624	471	4	0
627	471	3	0
630	471	4	0
634	471	4	0
637	471	2	0
639	471	2	0
648	471	4	0
649	471	5	0
653	471	2	0
655	471	3	0
658	471	4	0
661	471	4	0
663	471	3	0
665	471	3	0
666	471	4	0
676	471	3	0
677	471	4	0
682	471	3	0
689	471	4	0
693	471	3	0
699	471	3	0
703	471	4	0
705	471	5	0
706	471	4	0
708	471	4	0
714	471	4	0
715	471	4	0
716	471	2	0
717	471	4	0
718	471	5	0
721	471	5	0
722	471	4	0
727	471	3	0
728	471	4	0
733	471	3	0
757	471	4	0
758	471	3	0
759	471	4	0
761	471	3	0
768	471	3	0
779	471	4	0
786	471	4	0
788	471	3	0
792	471	4	0
807	471	4	0
815	471	2	0
821	471	4	0
823	471	3	0
832	471	4	0
844	471	3	0
854	471	2	0
864	471	5	0
865	471	1	0
870	471	4	0
880	471	4	0
882	471	4	0
887	471	3	0
889	471	3	0
891	471	5	0
893	471	4	0
894	471	4	0
896	471	3	0
899	471	4	0
900	471	2	0
905	471	4	0
906	471	3	0
907	471	5	0
917	471	4	0
919	471	3	0
921	471	2	0
922	471	3	0
924	471	4	0
927	471	4	0
931	471	3	0
933	471	3	0
935	471	4	0
938	471	3	0
939	471	5	0
940	471	4	0
943	471	5	0
6	472	1	0
7	472	2	0
13	472	5	0
15	472	3	0
23	472	2	0
37	472	2	0
45	472	3	0
57	472	1	0
59	472	3	0
62	472	2	0
67	472	4	0
70	472	3	0
75	472	4	0
82	472	3	0
87	472	4	0
94	472	3	0
95	472	5	0
99	472	3	0
101	472	3	0
109	472	2	0
119	472	4	0
121	472	3	0
130	472	4	0
137	472	4	0
141	472	5	0
145	472	3	0
158	472	3	0
164	472	5	0
168	472	3	0
178	472	4	0
181	472	1	0
200	472	4	0
217	472	3	0
222	472	2	0
234	472	2	0
249	472	3	0
251	472	3	0
254	472	3	0
255	472	1	0
256	472	4	0
265	472	3	0
268	472	1	0
271	472	2	0
274	472	3	0
275	472	3	0
276	472	3	0
277	472	1	0
279	472	3	0
280	472	2	0
286	472	3	0
290	472	4	0
292	472	3	0
294	472	3	0
307	472	3	0
308	472	2	0
320	472	3	0
332	472	3	0
344	472	3	0
346	472	4	0
347	472	5	0
348	472	4	0
357	472	3	0
359	472	4	0
363	472	1	0
373	472	3	0
374	472	2	0
393	472	3	0
395	472	3	0
396	472	5	0
403	472	4	0
406	472	3	0
416	472	4	0
417	472	2	0
429	472	3	0
435	472	2	0
450	472	4	0
452	472	5	0
454	472	3	0
457	472	4	0
459	472	5	0
463	472	3	0
472	472	5	0
479	472	1	0
484	472	4	0
495	472	5	0
497	472	3	0
500	472	3	0
513	472	4	0
517	472	2	0
524	472	3	0
525	472	2	0
532	472	5	0
536	472	3	0
537	472	2	0
545	472	5	0
548	472	2	0
549	472	3	0
560	472	2	0
564	472	4	0
577	472	4	0
582	472	4	0
588	472	4	0
592	472	1	0
595	472	3	0
601	472	1	0
606	472	4	0
614	472	3	0
621	472	3	0
622	472	3	0
630	472	3	0
638	472	3	0
642	472	5	0
648	472	3	0
650	472	3	0
653	472	1	0
660	472	2	0
665	472	3	0
671	472	5	0
682	472	3	0
683	472	3	0
693	472	3	0
709	472	4	0
711	472	1	0
714	472	2	0
716	472	3	0
717	472	4	0
727	472	2	0
749	472	4	0
751	472	2	0
757	472	3	0
764	472	3	0
790	472	2	0
795	472	3	0
798	472	3	0
804	472	3	0
805	472	2	0
807	472	4	0
815	472	1	0
825	472	5	0
837	472	3	0
851	472	3	0
852	472	3	0
854	472	1	0
862	472	5	0
864	472	4	0
865	472	1	0
881	472	4	0
886	472	3	0
887	472	4	0
892	472	3	0
894	472	3	0
896	472	2	0
897	472	5	0
907	472	5	0
916	472	3	0
921	472	2	0
923	472	4	0
938	472	4	0
6	476	1	0
13	476	2	0
15	476	4	0
16	476	3	0
18	476	3	0
26	476	3	0
45	476	3	0
49	476	1	0
57	476	3	0
59	476	2	0
64	476	1	0
65	476	3	0
72	476	4	0
75	476	1	0
78	476	3	0
81	476	2	0
82	476	3	0
83	476	3	0
85	476	3	0
87	476	2	0
92	476	2	0
93	476	4	0
102	476	3	0
109	476	3	0
137	476	1	0
141	476	3	0
144	476	2	0
151	476	3	0
157	476	1	0
159	476	5	0
174	476	4	0
178	476	3	0
181	476	4	0
184	476	2	0
192	476	2	0
193	476	2	0
207	476	2	0
221	476	2	0
222	476	3	0
223	476	3	0
231	476	3	0
236	476	3	0
238	476	3	0
249	476	3	0
251	476	2	0
256	476	4	0
262	476	3	0
269	476	1	0
271	476	1	0
274	476	4	0
280	476	5	0
286	476	4	0
287	476	1	0
290	476	3	0
294	476	3	0
303	476	3	0
306	476	3	0
314	476	5	0
318	476	4	0
327	476	2	0
334	476	3	0
342	476	4	0
343	476	2	0
344	476	3	0
345	476	3	0
348	476	4	0
357	476	3	0
365	476	4	0
374	476	2	0
378	476	3	0
393	476	3	0
398	476	3	0
402	476	3	0
403	476	4	0
406	476	4	0
407	476	2	0
416	476	5	0
434	476	4	0
435	476	3	0
437	476	4	0
438	476	5	0
450	476	4	0
453	476	3	0
457	476	2	0
463	476	3	0
486	476	3	0
500	476	2	0
504	476	5	0
518	476	4	0
523	476	3	0
524	476	3	0
530	476	4	0
533	476	2	0
541	476	5	0
551	476	5	0
560	476	2	0
563	476	3	0
572	476	4	0
590	476	3	0
593	476	2	0
599	476	4	0
601	476	1	0
612	476	3	0
614	476	3	0
625	476	2	0
630	476	5	0
634	476	3	0
650	476	2	0
653	476	2	0
654	476	3	0
655	476	2	0
659	476	3	0
665	476	4	0
672	476	5	0
682	476	1	0
692	476	3	0
707	476	3	0
708	476	3	0
711	476	4	0
717	476	4	0
722	476	4	0
747	476	3	0
754	476	4	0
761	476	2	0
768	476	4	0
769	476	4	0
792	476	1	0
798	476	2	0
800	476	3	0
804	476	3	0
805	476	1	0
821	476	4	0
837	476	3	0
847	476	4	0
848	476	3	0
854	476	3	0
859	476	5	0
862	476	4	0
864	476	2	0
869	476	1	0
872	476	4	0
880	476	3	0
881	476	2	0
882	476	3	0
885	476	4	0
887	476	1	0
891	476	5	0
893	476	3	0
896	476	2	0
901	476	5	0
907	476	4	0
916	476	2	0
917	476	5	0
922	476	1	0
931	476	3	0
933	476	2	0
935	476	4	0
936	476	4	0
938	476	4	0
939	476	5	0
7	591	3	0
12	591	5	0
15	591	2	0
16	591	4	0
21	591	3	0
26	591	3	0
32	591	3	0
42	591	4	0
43	591	5	0
44	591	4	0
59	591	4	0
63	591	3	0
64	591	4	0
69	591	3	0
72	591	5	0
81	591	5	0
83	591	4	0
84	591	4	0
92	591	4	0
95	591	5	0
99	591	4	0
104	591	4	0
119	591	4	0
128	591	4	0
141	591	4	0
144	591	3	0
145	591	4	0
159	591	4	0
178	591	5	0
181	591	4	0
184	591	3	0
186	591	4	0
188	591	5	0
190	591	4	0
195	591	4	0
201	591	3	0
207	591	3	0
213	591	4	0
218	591	3	0
222	591	4	0
223	591	3	0
224	591	3	0
234	591	3	0
236	591	4	0
249	591	5	0
253	591	3	0
256	591	5	0
265	591	5	0
271	591	4	0
274	591	4	0
276	591	3	0
277	591	4	0
279	591	2	0
287	591	5	0
293	591	3	0
303	591	4	0
308	591	3	0
314	591	5	0
322	591	3	0
328	591	3	0
329	591	2	0
334	591	4	0
336	591	5	0
342	591	3	0
363	591	4	0
365	591	4	0
374	591	4	0
378	591	4	0
388	591	4	0
389	591	3	0
391	591	4	0
393	591	5	0
396	591	3	0
397	591	4	0
398	591	3	0
399	591	3	0
401	591	3	0
402	591	4	0
406	591	3	0
416	591	5	0
423	591	5	0
429	591	3	0
439	591	4	0
442	591	3	0
445	591	2	0
447	591	4	0
450	591	4	0
453	591	3	0
455	591	4	0
458	591	3	0
460	591	2	0
463	591	4	0
474	591	3	0
478	591	3	0
486	591	4	0
487	591	2	0
498	591	4	0
501	591	4	0
505	591	4	0
518	591	3	0
526	591	4	0
532	591	5	0
533	591	4	0
534	591	5	0
535	591	4	0
537	591	3	0
540	591	3	0
543	591	4	0
548	591	3	0
551	591	5	0
552	591	3	0
562	591	4	0
586	591	3	0
590	591	3	0
592	591	4	0
593	591	4	0
595	591	4	0
601	591	3	0
606	591	3	0
610	591	3	0
624	591	3	0
627	591	3	0
632	591	4	0
634	591	4	0
637	591	3	0
640	591	4	0
654	591	5	0
655	591	3	0
662	591	4	0
663	591	3	0
666	591	2	0
671	591	3	0
682	591	3	0
693	591	3	0
697	591	4	0
699	591	2	0
703	591	4	0
715	591	4	0
717	591	4	0
718	591	4	0
731	591	1	0
733	591	3	0
734	591	4	0
742	591	4	0
747	591	2	0
751	591	1	0
756	591	4	0
759	591	3	0
764	591	3	0
768	591	4	0
788	591	3	0
789	591	3	0
792	591	2	0
793	591	4	0
796	591	3	0
825	591	4	0
831	591	4	0
833	591	2	0
835	591	4	0
851	591	5	0
854	591	2	0
864	591	4	0
870	591	2	0
872	591	3	0
880	591	4	0
886	591	3	0
891	591	4	0
894	591	4	0
896	591	3	0
905	591	4	0
907	591	5	0
908	591	4	0
917	591	3	0
919	591	3	0
923	591	5	0
936	591	4	0
938	591	3	0
939	591	5	0
7	597	3	0
11	597	2	0
13	597	3	0
20	597	3	0
23	597	3	0
26	597	2	0
37	597	5	0
43	597	3	0
45	597	3	0
54	597	2	0
55	597	2	0
56	597	3	0
57	597	3	0
59	597	2	0
62	597	2	0
66	597	3	0
70	597	3	0
75	597	3	0
82	597	3	0
83	597	2	0
84	597	3	0
92	597	2	0
94	597	2	0
95	597	3	0
99	597	4	0
101	597	3	0
102	597	3	0
109	597	2	0
117	597	4	0
119	597	4	0
130	597	4	0
137	597	5	0
141	597	4	0
144	597	4	0
145	597	4	0
157	597	3	0
159	597	5	0
162	597	4	0
164	597	4	0
168	597	3	0
174	597	3	0
178	597	4	0
181	597	3	0
190	597	2	0
200	597	4	0
201	597	2	0
207	597	3	0
213	597	5	0
217	597	4	0
222	597	1	0
223	597	4	0
231	597	3	0
245	597	4	0
246	597	2	0
249	597	2	0
251	597	3	0
255	597	4	0
256	597	4	0
261	597	4	0
267	597	3	0
268	597	2	0
269	597	1	0
274	597	3	0
275	597	3	0
276	597	3	0
279	597	5	0
286	597	3	0
291	597	3	0
294	597	3	0
299	597	3	0
301	597	3	0
303	597	1	0
305	597	2	0
308	597	3	0
314	597	4	0
320	597	3	0
324	597	4	0
328	597	3	0
332	597	5	0
344	597	2	0
346	597	3	0
347	597	3	0
357	597	4	0
363	597	4	0
374	597	4	0
378	597	3	0
386	597	3	0
393	597	3	0
394	597	2	0
396	597	4	0
399	597	3	0
403	597	2	0
416	597	3	0
417	597	3	0
425	597	1	0
435	597	3	0
445	597	1	0
447	597	3	0
450	597	4	0
452	597	5	0
455	597	3	0
457	597	3	0
458	597	3	0
459	597	3	0
463	597	2	0
472	597	5	0
484	597	3	0
486	597	3	0
487	597	4	0
493	597	4	0
497	597	3	0
501	597	3	0
507	597	5	0
517	597	4	0
521	597	2	0
525	597	3	0
533	597	3	0
534	597	5	0
540	597	4	0
548	597	4	0
551	597	4	0
554	597	4	0
560	597	2	0
561	597	3	0
564	597	4	0
580	597	1	0
582	597	3	0
588	597	4	0
592	597	2	0
593	597	2	0
595	597	2	0
605	597	3	0
618	597	4	0
619	597	4	0
622	597	5	0
624	597	3	0
625	597	2	0
627	597	3	0
630	597	4	0
634	597	4	0
642	597	4	0
643	597	2	0
644	597	4	0
650	597	3	0
653	597	4	0
654	597	4	0
663	597	3	0
665	597	3	0
671	597	4	0
674	597	3	0
682	597	1	0
689	597	4	0
699	597	3	0
705	597	4	0
708	597	2	0
709	597	4	0
714	597	3	0
717	597	4	0
718	597	5	0
722	597	3	0
727	597	3	0
746	597	4	0
751	597	2	0
758	597	2	0
764	597	4	0
768	597	2	0
769	597	2	0
774	597	2	0
788	597	3	0
790	597	3	0
792	597	3	0
793	597	3	0
796	597	5	0
800	597	4	0
804	597	3	0
805	597	3	0
807	597	4	0
817	597	2	0
821	597	3	0
825	597	5	0
833	597	1	0
844	597	3	0
851	597	4	0
852	597	3	0
854	597	2	0
862	597	3	0
864	597	4	0
865	597	1	0
872	597	4	0
879	597	2	0
880	597	3	0
882	597	4	0
887	597	5	0
889	597	3	0
891	597	3	0
893	597	4	0
895	597	2	0
896	597	4	0
897	597	5	0
899	597	2	0
910	597	3	0
916	597	2	0
933	597	1	0
935	597	4	0
938	597	3	0
939	597	4	0
8	685	4	0
13	685	5	0
15	685	4	0
26	685	3	0
37	685	3	0
42	685	4	0
54	685	3	0
55	685	1	0
62	685	2	0
72	685	4	0
75	685	4	0
83	685	4	0
84	685	3	0
87	685	3	0
92	685	3	0
94	685	4	0
99	685	3	0
102	685	3	0
119	685	4	0
128	685	3	0
130	685	3	0
137	685	5	0
144	685	3	0
145	685	4	0
152	685	5	0
157	685	3	0
159	685	4	0
162	685	3	0
164	685	5	0
168	685	3	0
178	685	4	0
181	685	2	0
190	685	3	0
200	685	4	0
201	685	3	0
207	685	3	0
213	685	3	0
217	685	5	0
221	685	3	0
222	685	4	0
236	685	2	0
244	685	2	0
251	685	4	0
253	685	2	0
255	685	3	0
256	685	5	0
267	685	3	0
274	685	5	0
276	685	4	0
279	685	3	0
289	685	4	0
290	685	3	0
291	685	5	0
293	685	3	0
296	685	4	0
301	685	3	0
303	685	1	0
314	685	4	0
320	685	4	0
328	685	4	0
332	685	4	0
346	685	3	0
347	685	3	0
348	685	4	0
357	685	3	0
363	685	4	0
374	685	4	0
386	685	4	0
393	685	3	0
403	685	4	0
416	685	3	0
417	685	1	0
429	685	3	0
435	685	2	0
442	685	2	0
450	685	4	0
454	685	3	0
458	685	3	0
459	685	3	0
472	685	3	0
474	685	3	0
486	685	3	0
487	685	3	0
501	685	3	0
513	685	4	0
518	685	5	0
525	685	4	0
532	685	5	0
533	685	4	0
534	685	3	0
551	685	1	0
564	685	3	0
566	685	3	0
569	685	4	0
573	685	3	0
592	685	2	0
593	685	3	0
606	685	3	0
619	685	3	0
622	685	2	0
627	685	3	0
632	685	2	0
634	685	4	0
637	685	3	0
638	685	4	0
643	685	3	0
648	685	5	0
653	685	3	0
655	685	2	0
663	685	4	0
665	685	2	0
671	685	5	0
674	685	3	0
682	685	3	0
693	685	4	0
699	685	3	0
705	685	5	0
708	685	3	0
714	685	4	0
715	685	3	0
717	685	4	0
718	685	4	0
727	685	3	0
730	685	2	0
746	685	3	0
749	685	4	0
757	685	3	0
758	685	5	0
769	685	3	0
788	685	3	0
790	685	4	0
793	685	3	0
796	685	4	0
804	685	4	0
825	685	4	0
835	685	4	0
847	685	2	0
851	685	4	0
852	685	3	0
864	685	4	0
865	685	3	0
868	685	1	0
872	685	4	0
879	685	4	0
880	685	4	0
881	685	2	0
885	685	3	0
886	685	2	0
896	685	3	0
899	685	3	0
907	685	5	0
916	685	2	0
923	685	4	0
931	685	4	0
935	685	4	0
938	685	3	0
943	685	4	0
11	742	3	0
15	742	2	0
20	742	4	0
21	742	3	0
24	742	4	0
25	742	4	0
26	742	3	0
27	742	3	0
32	742	3	0
38	742	5	0
42	742	4	0
43	742	5	0
45	742	4	0
52	742	4	0
54	742	5	0
59	742	3	0
62	742	2	0
66	742	5	0
68	742	1	0
69	742	3	0
75	742	1	0
81	742	2	0
84	742	3	0
92	742	3	0
94	742	3	0
95	742	4	0
99	742	5	0
101	742	4	0
109	742	5	0
113	742	3	0
117	742	4	0
119	742	5	0
120	742	4	0
121	742	5	0
128	742	3	0
130	742	5	0
138	742	4	0
141	742	4	0
144	742	4	0
145	742	4	0
158	742	4	0
159	742	2	0
162	742	4	0
164	742	5	0
168	742	5	0
174	742	4	0
178	742	3	0
181	742	4	0
184	742	3	0
186	742	3	0
188	742	5	0
189	742	3	0
190	742	3	0
193	742	4	0
200	742	4	0
203	742	3	0
207	742	4	0
222	742	5	0
223	742	3	0
230	742	5	0
249	742	3	0
250	742	3	0
251	742	5	0
252	742	4	0
253	742	4	0
256	742	5	0
264	742	2	0
265	742	5	0
267	742	3	0
270	742	2	0
271	742	3	0
274	742	4	0
276	742	4	0
277	742	4	0
280	742	4	0
286	742	5	0
287	742	3	0
288	742	3	0
289	742	4	0
290	742	2	0
291	742	3	0
293	742	2	0
294	742	4	0
297	742	3	0
298	742	3	0
299	742	4	0
301	742	4	0
303	742	4	0
304	742	3	0
308	742	4	0
313	742	3	0
314	742	4	0
320	742	4	0
324	742	5	0
328	742	4	0
332	742	5	0
334	742	2	0
336	742	3	0
337	742	5	0
344	742	3	0
345	742	4	0
346	742	4	0
347	742	5	0
348	742	4	0
357	742	4	0
361	742	1	0
363	742	2	0
365	742	3	0
374	742	5	0
378	742	4	0
381	742	4	0
387	742	2	0
388	742	5	0
390	742	4	0
393	742	4	0
394	742	5	0
396	742	4	0
399	742	4	0
416	742	4	0
417	742	2	0
422	742	2	0
429	742	4	0
432	742	4	0
435	742	4	0
436	742	5	0
442	742	3	0
445	742	1	0
447	742	3	0
449	742	3	0
450	742	4	0
453	742	3	0
454	742	3	0
457	742	4	0
458	742	4	0
459	742	4	0
467	742	2	0
468	742	3	0
470	742	4	0
472	742	5	0
484	742	3	0
486	742	2	0
487	742	5	0
488	742	4	0
493	742	3	0
495	742	5	0
499	742	4	0
500	742	3	0
504	742	4	0
505	742	4	0
506	742	5	0
518	742	5	0
521	742	3	0
524	742	3	0
525	742	3	0
526	742	3	0
533	742	4	0
534	742	5	0
540	742	4	0
543	742	3	0
545	742	4	0
548	742	5	0
551	742	5	0
552	742	4	0
554	742	3	0
566	742	3	0
577	742	4	0
582	742	3	0
586	742	3	0
588	742	4	0
592	742	4	0
593	742	4	0
595	742	2	0
597	742	4	0
608	742	4	0
620	742	5	0
622	742	3	0
624	742	4	0
630	742	5	0
634	742	4	0
635	742	3	0
637	742	4	0
642	742	5	0
647	742	4	0
648	742	5	0
650	742	3	0
653	742	3	0
654	742	4	0
655	742	3	0
660	742	2	0
663	742	4	0
665	742	4	0
666	742	3	0
671	742	5	0
674	742	5	0
677	742	4	0
678	742	4	0
682	742	3	0
684	742	4	0
690	742	3	0
693	742	3	0
697	742	3	0
703	742	3	0
706	742	2	0
708	742	1	0
717	742	5	0
718	742	5	0
719	742	4	0
728	742	4	0
730	742	3	0
733	742	3	0
734	742	4	0
741	742	4	0
749	742	4	0
751	742	3	0
754	742	3	0
756	742	3	0
757	742	4	0
758	742	4	0
759	742	5	0
761	742	2	0
763	742	4	0
764	742	3	0
768	742	3	0
770	742	4	0
788	742	3	0
789	742	3	0
790	742	4	0
792	742	3	0
793	742	3	0
795	742	2	0
796	742	3	0
800	742	4	0
804	742	4	0
805	742	3	0
821	742	4	0
823	742	4	0
825	742	4	0
831	742	3	0
833	742	3	0
839	742	3	0
847	742	3	0
850	742	5	0
851	742	5	0
854	742	2	0
862	742	5	0
864	742	4	0
872	742	4	0
880	742	4	0
881	742	4	0
889	742	3	0
891	742	4	0
895	742	4	0
896	742	1	0
897	742	3	0
899	742	4	0
905	742	4	0
906	742	3	0
907	742	5	0
910	742	4	0
913	742	3	0
919	742	4	0
923	742	4	0
924	742	3	0
927	742	5	0
935	742	5	0
938	742	3	0
939	742	5	0
13	756	2	0
42	756	5	0
43	756	3	0
44	756	3	0
45	756	2	0
57	756	3	0
59	756	2	0
67	756	3	0
75	756	2	0
81	756	1	0
82	756	1	0
83	756	4	0
84	756	3	0
92	756	3	0
101	756	3	0
104	756	2	0
125	756	4	0
130	756	4	0
141	756	3	0
145	756	2	0
159	756	4	0
178	756	3	0
181	756	2	0
194	756	1	0
200	756	3	0
207	756	2	0
213	756	2	0
222	756	4	0
223	756	3	0
227	756	3	0
236	756	1	0
238	756	3	0
244	756	2	0
245	756	3	0
256	756	4	0
265	756	4	0
269	756	1	0
271	756	2	0
274	756	3	0
280	756	4	0
291	756	3	0
301	756	4	0
306	756	3	0
314	756	3	0
332	756	2	0
342	756	3	0
344	756	2	0
347	756	2	0
348	756	4	0
373	756	3	0
374	756	3	0
378	756	3	0
382	756	3	0
389	756	2	0
393	756	4	0
398	756	3	0
406	756	3	0
407	756	2	0
429	756	2	0
434	756	2	0
435	756	3	0
450	756	3	0
457	756	2	0
472	756	4	0
474	756	1	0
477	756	4	0
479	756	1	0
504	756	3	0
533	756	4	0
534	756	4	0
541	756	4	0
551	756	1	0
552	756	2	0
554	756	3	0
560	756	2	0
569	756	3	0
586	756	1	0
599	756	5	0
606	756	3	0
614	756	4	0
622	756	3	0
630	756	4	0
634	756	3	0
642	756	5	0
648	756	2	0
653	756	1	0
654	756	4	0
661	756	3	0
665	756	3	0
672	756	2	0
682	756	2	0
684	756	4	0
692	756	2	0
706	756	4	0
708	756	2	0
715	756	2	0
718	756	5	0
722	756	3	0
735	756	2	0
751	756	2	0
759	756	4	0
764	756	3	0
768	756	3	0
795	756	3	0
798	756	3	0
804	756	3	0
840	756	4	0
847	756	1	0
854	756	3	0
869	756	1	0
872	756	4	0
881	756	4	0
882	756	3	0
885	756	2	0
887	756	5	0
891	756	4	0
901	756	4	0
907	756	4	0
916	756	3	0
917	756	4	0
919	756	3	0
922	756	2	0
927	756	4	0
930	756	3	0
936	756	4	0
938	756	3	0
939	756	5	0
943	756	2	0
13	815	4	0
15	815	1	0
26	815	2	0
43	815	4	0
52	815	4	0
56	815	4	0
62	815	3	0
84	815	4	0
89	815	4	0
93	815	4	0
95	815	3	0
99	815	2	0
101	815	3	0
128	815	3	0
130	815	3	0
141	815	4	0
144	815	1	0
159	815	3	0
181	815	3	0
189	815	3	0
193	815	3	0
203	815	4	0
222	815	2	0
238	815	2	0
244	815	4	0
256	815	5	0
262	815	2	0
265	815	3	0
270	815	4	0
271	815	3	0
274	815	3	0
286	815	3	0
287	815	3	0
289	815	3	0
293	815	2	0
296	815	3	0
303	815	3	0
314	815	5	0
318	815	3	0
332	815	4	0
334	815	3	0
342	815	4	0
344	815	2	0
345	815	3	0
365	815	3	0
374	815	4	0
376	815	3	0
393	815	4	0
401	815	3	0
416	815	4	0
417	815	4	0
432	815	3	0
434	815	4	0
438	815	5	0
447	815	3	0
450	815	3	0
452	815	2	0
459	815	4	0
477	815	5	0
500	815	3	0
524	815	3	0
530	815	4	0
532	815	4	0
552	815	3	0
576	815	3	0
588	815	4	0
592	815	3	0
593	815	3	0
595	815	3	0
599	815	3	0
618	815	4	0
623	815	2	0
624	815	3	0
630	815	3	0
637	815	2	0
642	815	4	0
649	815	3	0
655	815	2	0
663	815	4	0
665	815	4	0
672	815	4	0
680	815	3	0
697	815	3	0
705	815	3	0
707	815	2	0
717	815	3	0
718	815	4	0
727	815	3	0
730	815	3	0
741	815	3	0
762	815	1	0
768	815	3	0
793	815	3	0
796	815	4	0
798	815	5	0
851	815	3	0
854	815	2	0
869	815	1	0
872	815	4	0
880	815	4	0
882	815	2	0
885	815	4	0
893	815	3	0
904	815	4	0
907	815	5	0
919	815	2	0
921	815	5	0
923	815	4	0
927	815	3	0
935	815	4	0
936	815	3	0
938	815	3	0
13	845	3	0
14	845	3	0
15	845	2	0
18	845	3	0
26	845	3	0
42	845	5	0
43	845	5	0
45	845	4	0
52	845	5	0
53	845	3	0
57	845	4	0
59	845	5	0
62	845	3	0
75	845	3	0
83	845	3	0
85	845	3	0
87	845	4	0
89	845	2	0
92	845	3	0
93	845	4	0
99	845	3	0
101	845	3	0
104	845	3	0
109	845	4	0
119	845	4	0
131	845	4	0
144	845	4	0
151	845	4	0
152	845	3	0
159	845	1	0
164	845	3	0
168	845	4	0
174	845	5	0
178	845	4	0
181	845	3	0
182	845	3	0
184	845	3	0
185	845	4	0
193	845	4	0
196	845	4	0
207	845	3	0
222	845	3	0
223	845	4	0
233	845	4	0
234	845	3	0
238	845	3	0
244	845	3	0
251	845	4	0
262	845	4	0
269	845	1	0
271	845	1	0
274	845	5	0
276	845	4	0
279	845	1	0
280	845	3	0
283	845	4	0
287	845	5	0
293	845	2	0
296	845	5	0
298	845	3	0
303	845	4	0
305	845	3	0
310	845	5	0
311	845	4	0
313	845	3	0
314	845	5	0
327	845	3	0
330	845	5	0
332	845	3	0
334	845	2	0
336	845	1	0
339	845	4	0
344	845	3	0
345	845	3	0
360	845	3	0
374	845	2	0
378	845	3	0
380	845	4	0
387	845	4	0
388	845	4	0
389	845	4	0
390	845	2	0
393	845	4	0
399	845	3	0
403	845	4	0
406	845	3	0
416	845	4	0
429	845	4	0
432	845	4	0
435	845	3	0
436	845	5	0
438	845	4	0
445	845	2	0
447	845	3	0
450	845	4	0
456	845	3	0
457	845	4	0
458	845	3	0
463	845	3	0
465	845	4	0
486	845	4	0
487	845	4	0
488	845	3	0
494	845	4	0
500	845	4	0
501	845	3	0
524	845	5	0
526	845	5	0
528	845	3	0
533	845	4	0
537	845	2	0
552	845	3	0
554	845	3	0
560	845	3	0
577	845	4	0
579	845	4	0
592	845	4	0
593	845	3	0
595	845	3	0
599	845	5	0
606	845	4	0
622	845	3	0
624	845	3	0
628	845	5	0
630	845	3	0
632	845	4	0
634	845	3	0
642	845	5	0
643	845	3	0
654	845	4	0
655	845	2	0
660	845	3	0
663	845	3	0
664	845	2	0
665	845	4	0
676	845	5	0
677	845	3	0
680	845	4	0
692	845	3	0
703	845	4	0
708	845	5	0
711	845	4	0
722	845	5	0
726	845	3	0
727	845	3	0
731	845	2	0
747	845	2	0
749	845	3	0
760	845	5	0
763	845	4	0
764	845	4	0
768	845	2	0
798	845	5	0
821	845	5	0
829	845	3	0
837	845	4	0
839	845	4	0
840	845	5	0
848	845	5	0
851	845	3	0
862	845	4	0
865	845	1	0
872	845	3	0
880	845	3	0
887	845	4	0
892	845	4	0
893	845	3	0
894	845	3	0
896	845	3	0
903	845	1	0
910	845	4	0
921	845	4	0
930	845	3	0
931	845	3	0
936	845	4	0
938	845	1	0
13	866	3	0
15	866	4	0
20	866	1	0
32	866	3	0
42	866	4	0
43	866	4	0
57	866	3	0
59	866	3	0
62	866	2	0
72	866	4	0
75	866	2	0
82	866	3	0
83	866	3	0
84	866	4	0
87	866	4	0
93	866	2	0
101	866	4	0
102	866	2	0
109	866	4	0
119	866	3	0
137	866	3	0
141	866	5	0
152	866	5	0
158	866	2	0
159	866	5	0
164	866	5	0
168	866	5	0
178	866	4	0
181	866	1	0
200	866	4	0
207	866	3	0
223	866	4	0
231	866	3	0
236	866	3	0
244	866	5	0
251	866	2	0
256	866	4	0
271	866	4	0
274	866	4	0
280	866	3	0
283	866	3	0
293	866	3	0
298	866	3	0
301	866	4	0
303	866	2	0
314	866	4	0
318	866	4	0
330	866	5	0
332	866	2	0
334	866	3	0
342	866	1	0
345	866	3	0
357	866	5	0
378	866	2	0
393	866	3	0
395	866	3	0
401	866	3	0
403	866	4	0
416	866	4	0
438	866	5	0
447	866	2	0
450	866	4	0
459	866	5	0
462	866	5	0
463	866	3	0
472	866	5	0
478	866	1	0
518	866	5	0
523	866	5	0
524	866	2	0
533	866	2	0
542	866	2	0
549	866	4	0
552	866	3	0
554	866	3	0
577	866	5	0
580	866	4	0
591	866	3	0
593	866	5	0
599	866	2	0
622	866	2	0
624	866	3	0
630	866	3	0
634	866	3	0
637	866	3	0
665	866	3	0
666	866	2	0
674	866	5	0
682	866	2	0
692	866	4	0
707	866	2	0
708	866	5	0
716	866	3	0
717	866	1	0
722	866	4	0
727	866	3	0
749	866	3	0
764	866	4	0
774	866	1	0
776	866	3	0
786	866	3	0
805	866	1	0
823	866	2	0
825	866	4	0
839	866	2	0
851	866	3	0
862	866	4	0
879	866	5	0
885	866	3	0
889	866	4	0
891	866	5	0
897	866	5	0
901	866	3	0
916	866	3	0
923	866	4	0
927	866	4	0
933	866	2	0
936	866	2	0
938	866	5	0
38	1028	5	0
42	1028	4	0
49	1028	2	0
56	1028	4	0
57	1028	3	0
59	1028	1	0
62	1028	1	0
63	1028	3	0
68	1028	4	0
75	1028	4	0
77	1028	1	0
81	1028	1	0
82	1028	2	0
83	1028	4	0
84	1028	3	0
87	1028	4	0
92	1028	2	0
94	1028	2	0
101	1028	3	0
104	1028	2	0
106	1028	3	0
109	1028	4	0
130	1028	4	0
137	1028	5	0
141	1028	4	0
144	1028	3	0
145	1028	5	0
152	1028	5	0
159	1028	5	0
168	1028	2	0
174	1028	4	0
178	1028	3	0
181	1028	2	0
194	1028	2	0
200	1028	2	0
207	1028	3	0
210	1028	3	0
227	1028	2	0
244	1028	3	0
245	1028	5	0
246	1028	3	0
251	1028	3	0
254	1028	2	0
256	1028	4	0
267	1028	3	0
269	1028	2	0
271	1028	2	0
276	1028	3	0
279	1028	4	0
280	1028	5	0
290	1028	3	0
291	1028	3	0
294	1028	3	0
295	1028	5	0
301	1028	5	0
306	1028	2	0
307	1028	4	0
308	1028	2	0
314	1028	3	0
321	1028	2	0
330	1028	4	0
332	1028	4	0
347	1028	2	0
348	1028	4	0
349	1028	2	0
357	1028	5	0
374	1028	1	0
378	1028	2	0
393	1028	3	0
395	1028	2	0
396	1028	3	0
407	1028	3	0
417	1028	3	0
429	1028	3	0
435	1028	2	0
436	1028	4	0
438	1028	2	0
447	1028	3	0
450	1028	4	0
455	1028	2	0
457	1028	3	0
463	1028	2	0
474	1028	1	0
479	1028	1	0
518	1028	3	0
520	1028	1	0
533	1028	2	0
534	1028	5	0
545	1028	4	0
551	1028	4	0
554	1028	3	0
566	1028	2	0
577	1028	4	0
580	1028	3	0
591	1028	3	0
593	1028	3	0
595	1028	3	0
601	1028	2	0
621	1028	4	0
624	1028	3	0
632	1028	2	0
634	1028	3	0
637	1028	3	0
642	1028	4	0
643	1028	3	0
648	1028	2	0
653	1028	2	0
665	1028	4	0
672	1028	4	0
682	1028	3	0
684	1028	4	0
690	1028	4	0
692	1028	3	0
694	1028	3	0
699	1028	2	0
708	1028	2	0
714	1028	4	0
718	1028	4	0
726	1028	2	0
727	1028	2	0
747	1028	1	0
749	1028	4	0
764	1028	4	0
769	1028	3	0
774	1028	2	0
779	1028	4	0
790	1028	3	0
804	1028	3	0
825	1028	3	0
851	1028	3	0
854	1028	2	0
865	1028	1	0
868	1028	3	0
872	1028	3	0
881	1028	3	0
887	1028	5	0
891	1028	3	0
896	1028	2	0
897	1028	4	0
900	1028	2	0
907	1028	5	0
921	1028	4	0
923	1028	4	0
933	1028	2	0
938	1028	5	0
939	1028	5	0
942	1028	4	0
943	1028	2	0
42	1047	4	0
43	1047	3	0
56	1047	4	0
57	1047	4	0
59	1047	2	0
67	1047	3	0
68	1047	1	0
75	1047	3	0
78	1047	1	0
81	1047	3	0
83	1047	2	0
84	1047	2	0
87	1047	3	0
92	1047	1	0
95	1047	3	0
99	1047	4	0
101	1047	2	0
117	1047	2	0
130	1047	5	0
141	1047	4	0
145	1047	3	0
151	1047	2	0
158	1047	4	0
162	1047	5	0
168	1047	2	0
178	1047	2	0
181	1047	2	0
216	1047	3	0
227	1047	2	0
244	1047	2	0
245	1047	3	0
249	1047	3	0
256	1047	4	0
276	1047	3	0
279	1047	4	0
280	1047	3	0
286	1047	1	0
290	1047	4	0
291	1047	2	0
294	1047	3	0
299	1047	2	0
303	1047	2	0
308	1047	3	0
314	1047	4	0
320	1047	4	0
332	1047	3	0
336	1047	4	0
342	1047	2	0
343	1047	1	0
345	1047	4	0
347	1047	1	0
357	1047	4	0
374	1047	3	0
378	1047	2	0
393	1047	3	0
403	1047	2	0
406	1047	3	0
417	1047	4	0
432	1047	5	0
435	1047	3	0
445	1047	1	0
450	1047	4	0
457	1047	2	0
459	1047	3	0
472	1047	4	0
486	1047	2	0
497	1047	3	0
500	1047	3	0
514	1047	3	0
517	1047	2	0
518	1047	4	0
523	1047	5	0
525	1047	2	0
533	1047	3	0
534	1047	4	0
541	1047	2	0
548	1047	4	0
549	1047	3	0
551	1047	4	0
552	1047	3	0
579	1047	3	0
586	1047	3	0
588	1047	3	0
592	1047	1	0
595	1047	2	0
601	1047	1	0
606	1047	2	0
621	1047	3	0
624	1047	3	0
630	1047	4	0
634	1047	3	0
642	1047	3	0
647	1047	4	0
648	1047	2	0
663	1047	4	0
665	1047	1	0
666	1047	3	0
682	1047	3	0
692	1047	2	0
697	1047	3	0
703	1047	3	0
708	1047	2	0
715	1047	3	0
716	1047	3	0
717	1047	4	0
718	1047	3	0
727	1047	2	0
733	1047	2	0
738	1047	3	0
749	1047	3	0
758	1047	3	0
790	1047	3	0
792	1047	3	0
800	1047	3	0
804	1047	3	0
825	1047	3	0
837	1047	1	0
851	1047	3	0
854	1047	1	0
860	1047	2	0
864	1047	3	0
865	1047	1	0
869	1047	2	0
872	1047	4	0
879	1047	2	0
880	1047	3	0
887	1047	5	0
901	1047	3	0
907	1047	5	0
919	1047	3	0
921	1047	1	0
927	1047	4	0
938	1047	3	0
943	1047	2	0
