1	113	5	0
18	113	5	0
257	113	4	0
387	113	4	0
585	113	3	0
655	113	3	0
883	113	4	0
894	113	4	0
930	113	5	0
1	114	5	0
25	114	5	0
43	114	5	0
56	114	4	0
62	114	4	0
75	114	4	0
148	114	5	0
151	114	5	0
185	114	4	0
210	114	4	0
214	114	4	0
219	114	5	0
239	114	3	0
244	114	4	0
248	114	5	0
249	114	5	0
267	114	5	0
268	114	5	0
279	114	5	0
296	114	5	0
297	114	5	0
299	114	4	0
307	114	5	0
312	114	5	0
313	114	4	0
325	114	5	0
342	114	5	0
358	114	5	0
363	114	5	0
369	114	5	0
370	114	3	0
373	114	5	0
380	114	3	0
385	114	5	0
387	114	5	0
392	114	4	0
399	114	4	0
412	114	4	0
429	114	5	0
450	114	5	0
454	114	3	0
457	114	5	0
465	114	4	0
480	114	4	0
497	114	4	0
514	114	5	0
523	114	5	0
543	114	4	0
562	114	1	0
571	114	4	0
584	114	4	0
643	114	4	0
654	114	5	0
666	114	4	0
669	114	5	0
676	114	5	0
711	114	5	0
727	114	5	0
748	114	4	0
771	114	4	0
815	114	5	0
838	114	4	0
864	114	5	0
868	114	5	0
924	114	3	0
928	114	5	0
932	114	5	0
1	119	5	0
234	119	3	0
344	119	5	0
932	119	5	0
1	251	4	0
2	251	5	0
15	251	2	0
63	251	4	0
79	251	5	0
131	251	5	0
132	251	4	0
144	251	4	0
181	251	1	0
196	251	3	0
209	251	5	0
247	251	4	0
270	251	5	0
286	251	5	0
293	251	4	0
296	251	5	0
299	251	5	0
303	251	4	0
305	251	5	0
310	251	5	0
342	251	5	0
344	251	5	0
345	251	5	0
354	251	5	0
360	251	5	0
379	251	5	0
385	251	2	0
416	251	5	0
420	251	5	0
444	251	5	0
449	251	3	0
468	251	4	0
486	251	5	0
498	251	3	0
499	251	5	0
532	251	4	0
592	251	5	0
655	251	3	0
707	251	5	0
756	251	4	0
771	251	5	0
773	251	3	0
782	251	3	0
844	251	4	0
883	251	5	0
936	251	4	0
3	320	5	0
13	320	1	0
21	320	3	0
49	320	5	0
118	320	5	0
264	320	4	0
292	320	5	0
342	320	5	0
368	320	5	0
385	320	3	0
387	320	4	0
399	320	3	0
592	320	5	0
617	320	5	0
655	320	5	0
731	320	1	0
747	320	5	0
758	320	5	0
833	320	4	0
896	320	3	0
5	408	5	0
6	408	4	0
14	408	5	0
18	408	5	0
21	408	5	0
23	408	5	0
25	408	5	0
32	408	3	0
43	408	5	0
56	408	4	0
58	408	5	0
63	408	4	0
70	408	4	0
75	408	4	0
84	408	5	0
92	408	4	0
97	408	5	0
142	408	4	0
148	408	5	0
151	408	5	0
158	408	5	0
160	408	4	0
181	408	1	0
199	408	5	0
201	408	4	0
209	408	4	0
214	408	4	0
216	408	3	0
226	408	5	0
237	408	5	0
249	408	5	0
267	408	5	0
268	408	5	0
275	408	3	0
276	408	5	0
279	408	5	0
286	408	4	0
292	408	4	0
299	408	4	0
303	408	4	0
305	408	5	0
307	408	5	0
308	408	5	0
312	408	4	0
325	408	5	0
327	408	2	0
334	408	4	0
338	408	5	0
342	408	5	0
343	408	5	0
344	408	5	0
359	408	5	0
363	408	5	0
385	408	5	0
387	408	4	0
402	408	5	0
407	408	4	0
412	408	4	0
420	408	4	0
445	408	3	0
458	408	5	0
465	408	5	0
479	408	5	0
486	408	3	0
491	408	5	0
497	408	4	0
514	408	5	0
523	408	5	0
526	408	5	0
533	408	4	0
536	408	5	0
579	408	3	0
592	408	5	0
605	408	5	0
609	408	5	0
622	408	5	0
625	408	4	0
634	408	3	0
637	408	5	0
643	408	4	0
654	408	5	0
658	408	5	0
661	408	5	0
664	408	5	0
669	408	5	0
680	408	5	0
684	408	5	0
711	408	5	0
727	408	4	0
738	408	5	0
743	408	4	0
747	408	5	0
748	408	5	0
771	408	5	0
773	408	5	0
806	408	5	0
807	408	3	0
822	408	5	0
823	408	5	0
829	408	4	0
838	408	4	0
852	408	5	0
864	408	5	0
865	408	5	0
868	408	5	0
883	408	5	0
889	408	3	0
906	408	4	0
913	408	5	0
924	408	3	0
937	408	5	0
941	408	5	0
7	601	5	0
13	601	4	0
60	601	4	0
91	601	4	0
234	601	3	0
312	601	5	0
328	601	4	0
406	601	3	0
426	601	3	0
450	601	3	0
474	601	5	0
532	601	3	0
605	601	5	0
650	601	3	0
659	601	3	0
716	601	4	0
788	601	4	0
846	601	5	0
881	601	5	0
892	601	5	0
7	641	5	0
60	641	5	0
77	641	5	0
85	641	4	0
118	641	5	0
154	641	5	0
156	641	5	0
167	641	4	0
234	641	4	0
299	641	4	0
308	641	4	0
312	641	5	0
383	641	4	0
387	641	5	0
397	641	5	0
405	641	1	0
406	641	5	0
415	641	3	0
426	641	4	0
452	641	3	0
469	641	4	0
474	641	4	0
506	641	5	0
537	641	4	0
553	641	4	0
567	641	5	0
568	641	5	0
645	641	5	0
694	641	4	0
707	641	1	0
833	641	4	0
870	641	4	0
892	641	5	0
10	701	4	0
185	701	3	0
235	701	4	0
239	701	5	0
326	701	4	0
379	701	4	0
406	701	5	0
561	701	3	0
908	701	4	0
924	701	4	0
10	711	4	0
13	811	5	0
31	811	4	0
76	811	4	0
90	811	4	0
299	811	4	0
308	811	4	0
327	811	4	0
331	811	4	0
354	811	5	0
385	811	4	0
561	811	3	0
567	811	4	0
666	811	4	0
707	811	4	0
747	811	3	0
854	811	3	0
932	811	4	0
934	811	4	0
13	814	5	0
13	850	4	0
58	850	5	0
234	850	2	0
312	850	5	0
13	867	5	0
234	867	4	0
303	867	3	0
422	867	3	0
655	867	4	0
883	867	5	0
13	915	5	0
276	915	4	0
299	915	4	0
328	915	3	0
416	915	5	0
421	915	4	0
479	915	4	0
499	915	4	0
532	915	4	0
655	915	4	0
669	915	3	0
683	915	2	0
851	915	5	0
18	963	5	0
59	963	5	0
92	963	5	0
99	963	3	0
144	963	4	0
177	963	4	0
230	963	5	0
234	963	3	0
271	963	5	0
296	963	5	0
305	963	4	0
330	963	5	0
343	963	5	0
360	963	5	0
374	963	5	0
391	963	5	0
417	963	4	0
447	963	5	0
453	963	4	0
456	963	4	0
468	963	5	0
474	963	5	0
503	963	5	0
527	963	4	0
535	963	5	0
537	963	3	0
538	963	4	0
539	963	4	0
575	963	1	0
592	963	5	0
606	963	5	0
645	963	4	0
654	963	4	0
655	963	3	0
666	963	3	0
744	963	5	0
788	963	4	0
875	963	4	0
908	963	4	0
913	963	4	0
934	963	5	0
18	966	2	0
43	966	4	0
90	966	5	0
128	966	4	0
151	966	4	0
152	966	5	0
234	966	4	0
253	966	5	0
295	966	5	0
308	966	3	0
311	966	4	0
330	966	5	0
416	966	5	0
450	966	4	0
474	966	4	0
487	966	5	0
537	966	2	0
593	966	5	0
606	966	5	0
618	966	4	0
642	966	5	0
655	966	3	0
711	966	5	0
768	966	4	0
864	966	4	0
896	966	4	0
24	1007	5	0
30	1007	5	0
63	1007	5	0
76	1007	4	0
94	1007	4	0
196	1007	4	0
227	1007	4	0
270	1007	5	0
279	1007	4	0
294	1007	4	0
296	1007	4	0
297	1007	4	0
303	1007	5	0
327	1007	4	0
342	1007	4	0
344	1007	4	0
345	1007	5	0
354	1007	4	0
363	1007	5	0
385	1007	3	0
387	1007	5	0
389	1007	4	0
392	1007	5	0
416	1007	5	0
422	1007	4	0
430	1007	3	0
437	1007	5	0
463	1007	3	0
473	1007	4	0
479	1007	4	0
480	1007	4	0
498	1007	3	0
501	1007	4	0
526	1007	3	0
655	1007	3	0
675	1007	4	0
707	1007	4	0
751	1007	4	0
758	1007	5	0
782	1007	3	0
789	1007	4	0
847	1007	4	0
894	1007	3	0
928	1007	5	0
936	1007	5	0
937	1007	4	0
941	1007	4	0
29	1019	4	0
31	1019	5	0
58	1019	4	0
76	1019	3	0
130	1019	4	0
132	1019	3	0
160	1019	5	0
162	1019	4	0
276	1019	5	0
308	1019	4	0
322	1019	4	0
327	1019	3	0
363	1019	5	0
387	1019	4	0
397	1019	3	0
405	1019	1	0
456	1019	4	0
487	1019	5	0
506	1019	5	0
537	1019	1	0
560	1019	4	0
567	1019	5	0
617	1019	4	0
633	1019	4	0
682	1019	5	0
710	1019	4	0
758	1019	4	0
833	1019	5	0
870	1019	3	0
883	1019	5	0
886	1019	4	0
48	1064	4	0
234	1064	4	0
426	1064	4	0
659	1064	5	0
49	1080	4	0
894	1080	4	0
60	1122	5	0
60	1125	4	0
90	1125	4	0
167	1125	5	0
568	1125	4	0
62	1130	4	0
62	1131	3	0
85	1131	4	0
180	1131	5	0
201	1131	5	0
276	1131	3	0
327	1131	4	0
385	1131	3	0
498	1131	3	0
561	1131	4	0
567	1131	4	0
655	1131	5	0
883	1131	5	0
894	1131	4	0
63	1137	5	0
85	1137	4	0
90	1137	2	0
119	1137	5	0
181	1137	1	0
184	1137	5	0
192	1137	4	0
201	1137	4	0
209	1137	4	0
242	1137	5	0
250	1137	5	0
257	1137	5	0
334	1137	4	0
344	1137	3	0
354	1137	4	0
365	1137	5	0
399	1137	4	0
455	1137	3	0
460	1137	3	0
486	1137	5	0
568	1137	4	0
572	1137	3	0
655	1137	3	0
717	1137	5	0
847	1137	5	0
871	1137	3	0
918	1137	5	0
919	1137	4	0
940	1137	3	0
65	1142	4	0
69	1142	4	0
92	1142	4	0
116	1142	4	0
130	1142	4	0
136	1142	4	0
141	1142	1	0
144	1142	5	0
160	1142	5	0
198	1142	5	0
279	1142	1	0
292	1142	4	0
296	1142	5	0
298	1142	4	0
303	1142	4	0
310	1142	5	0
344	1142	5	0
360	1142	4	0
382	1142	3	0
392	1142	5	0
437	1142	4	0
447	1142	5	0
449	1142	4	0
460	1142	4	0
467	1142	5	0
473	1142	5	0
479	1142	5	0
486	1142	5	0
498	1142	4	0
533	1142	4	0
592	1142	5	0
595	1142	5	0
614	1142	3	0
634	1142	3	0
655	1142	2	0
707	1142	1	0
733	1142	4	0
747	1142	4	0
758	1142	5	0
782	1142	3	0
793	1142	5	0
889	1142	4	0
894	1142	4	0
903	1142	5	0
69	1143	5	0
227	1143	4	0
385	1143	4	0
387	1143	5	0
392	1143	4	0
445	1143	4	0
473	1143	4	0
486	1143	3	0
592	1143	5	0
655	1143	3	0
699	1143	3	0
758	1143	5	0
782	1143	2	0
833	1143	4	0
851	1143	5	0
76	1158	4	0
385	1158	5	0
585	1158	4	0
655	1158	3	0
85	1169	4	0
144	1169	4	0
178	1169	4	0
198	1169	4	0
201	1169	4	0
234	1169	4	0
308	1169	5	0
393	1169	5	0
551	1169	4	0
655	1169	3	0
87	1189	5	0
416	1189	5	0
532	1189	5	0
88	1191	5	0
440	1191	5	0
782	1191	3	0
90	1194	4	0
92	1194	4	0
121	1194	4	0
201	1194	4	0
204	1194	4	0
233	1194	5	0
276	1194	3	0
286	1194	4	0
321	1194	5	0
331	1194	3	0
343	1194	4	0
354	1194	4	0
374	1194	4	0
405	1194	1	0
406	1194	4	0
409	1194	5	0
440	1194	5	0
449	1194	4	0
503	1194	5	0
537	1194	3	0
543	1194	4	0
553	1194	5	0
627	1194	4	0
639	1194	5	0
641	1194	3	0
655	1194	5	0
747	1194	5	0
889	1194	4	0
894	1194	5	0
896	1194	3	0
916	1194	4	0
90	1201	5	0
90	1203	5	0
151	1203	5	0
225	1203	5	0
234	1203	4	0
239	1203	5	0
312	1203	5	0
325	1203	5	0
389	1203	5	0
406	1203	2	0
429	1203	4	0
450	1203	3	0
454	1203	2	0
568	1203	5	0
622	1203	3	0
659	1203	4	0
694	1203	4	0
716	1203	2	0
747	1203	5	0
766	1203	3	0
911	1203	4	0
934	1203	5	0
100	1235	4	0
113	1251	5	0
296	1251	5	0
306	1251	5	0
460	1251	3	0
707	1251	4	0
782	1251	3	0
794	1251	4	0
894	1251	4	0
123	1269	2	0
151	1269	5	0
234	1269	3	0
450	1269	4	0
454	1269	3	0
694	1269	5	0
716	1269	4	0
731	1269	3	0
796	1269	5	0
892	1269	5	0
146	1293	5	0
489	1293	5	0
519	1293	5	0
181	1367	2	0
385	1367	5	0
449	1367	4	0
581	1367	5	0
773	1367	5	0
184	1396	4	0
358	1396	4	0
399	1396	4	0
535	1396	4	0
565	1396	5	0
184	1398	5	0
201	1398	4	0
234	1449	4	0
380	1449	4	0
385	1449	4	0
409	1449	5	0
561	1449	5	0
585	1449	5	0
932	1449	5	0
934	1449	5	0
234	1450	3	0
398	1450	5	0
234	1452	4	0
234	1458	4	0
243	1466	3	0
280	1466	5	0
354	1466	5	0
655	1466	3	0
711	1466	4	0
828	1466	4	0
244	1467	5	0
886	1467	5	0
276	1482	4	0
279	1492	4	0
279	1498	4	0
279	1500	5	0
781	1500	5	0
291	1505	4	0
305	1512	3	0
363	1512	1	0
409	1512	5	0
561	1512	5	0
585	1512	5	0
932	1512	5	0
308	1515	4	0
312	1516	4	0
416	1516	5	0
655	1516	3	0
334	1524	4	0
358	1524	5	0
385	1524	5	0
409	1524	4	0
415	1524	5	0
543	1524	4	0
561	1524	4	0
585	1524	3	0
334	1525	4	0
339	1526	4	0
381	1533	4	0
385	1536	5	0
387	1537	4	0
409	1537	4	0
782	1537	3	0
819	1537	5	0
409	1593	4	0
416	1594	5	0
532	1594	4	0
437	1599	5	0
456	1604	4	0
489	1613	4	0
500	1616	4	0
585	1623	4	0
592	1623	4	0
655	1623	4	0
587	1625	4	0
655	1629	3	0
805	1629	5	0
655	1636	4	0
655	1639	4	0
840	1639	4	0
918	1639	5	0
655	1642	4	0
707	1642	5	0
655	1645	4	0
655	1650	4	0
655	1651	4	0
675	1653	5	0
840	1674	4	0
