1	1	5	0
2	1	4	0
5	1	4	0
6	1	4	0
10	1	4	0
13	1	3	0
15	1	1	0
16	1	5	0
17	1	4	0
18	1	5	0
20	1	3	0
21	1	5	0
23	1	5	0
25	1	5	0
26	1	3	0
38	1	5	0
41	1	4	0
42	1	5	0
43	1	5	0
44	1	4	0
45	1	5	0
49	1	2	0
54	1	4	0
56	1	4	0
57	1	5	0
58	1	5	0
59	1	2	0
62	1	2	0
63	1	3	0
64	1	4	0
65	1	3	0
66	1	3	0
67	1	3	0
70	1	4	0
72	1	4	0
73	1	2	0
75	1	4	0
77	1	5	0
79	1	4	0
81	1	4	0
82	1	4	0
83	1	4	0
84	1	2	0
89	1	5	0
92	1	4	0
93	1	5	0
94	1	4	0
95	1	5	0
96	1	5	0
97	1	4	0
99	1	4	0
101	1	3	0
102	1	3	0
106	1	4	0
108	1	4	0
109	1	4	0
117	1	4	0
120	1	4	0
121	1	4	0
124	1	3	0
125	1	4	0
128	1	4	0
130	1	5	0
131	1	4	0
134	1	5	0
137	1	3	0
138	1	4	0
141	1	3	0
144	1	4	0
145	1	3	0
148	1	4	0
150	1	4	0
151	1	5	0
157	1	5	0
158	1	4	0
160	1	4	0
162	1	4	0
168	1	5	0
174	1	3	0
177	1	3	0
178	1	4	0
181	1	3	0
182	1	4	0
184	1	4	0
189	1	5	0
193	1	4	0
194	1	4	0
198	1	4	0
199	1	1	0
200	1	5	0
201	1	3	0
202	1	3	0
203	1	3	0
204	1	2	0
209	1	5	0
210	1	5	0
213	1	2	0
216	1	4	0
222	1	4	0
223	1	4	0
230	1	5	0
231	1	3	0
232	1	4	0
234	1	3	0
235	1	4	0
242	1	4	0
243	1	4	0
244	1	4	0
246	1	4	0
247	1	4	0
248	1	3	0
249	1	4	0
250	1	4	0
251	1	4	0
252	1	5	0
253	1	5	0
254	1	3	0
256	1	5	0
262	1	3	0
263	1	5	0
265	1	5	0
268	1	3	0
271	1	3	0
274	1	4	0
275	1	4	0
276	1	5	0
277	1	4	0
279	1	3	0
280	1	4	0
286	1	4	0
287	1	5	0
289	1	3	0
290	1	5	0
291	1	5	0
292	1	4	0
293	1	2	0
294	1	5	0
295	1	4	0
296	1	5	0
297	1	3	0
298	1	5	0
299	1	3	0
301	1	4	0
303	1	5	0
305	1	5	0
307	1	5	0
308	1	4	0
311	1	4	0
312	1	5	0
313	1	4	0
314	1	5	0
320	1	3	0
322	1	2	0
324	1	5	0
325	1	2	0
326	1	3	0
327	1	4	0
330	1	5	0
331	1	1	0
332	1	4	0
336	1	3	0
338	1	3	0
339	1	5	0
340	1	5	0
343	1	5	0
344	1	3	0
345	1	3	0
347	1	4	0
348	1	4	0
350	1	4	0
357	1	5	0
359	1	4	0
360	1	3	0
363	1	2	0
365	1	4	0
371	1	4	0
374	1	4	0
378	1	4	0
379	1	4	0
380	1	4	0
381	1	5	0
387	1	4	0
388	1	5	0
389	1	4	0
390	1	5	0
393	1	3	0
394	1	4	0
395	1	5	0
396	1	4	0
398	1	5	0
399	1	4	0
401	1	2	0
402	1	5	0
403	1	4	0
406	1	4	0
407	1	4	0
411	1	4	0
412	1	4	0
416	1	5	0
417	1	4	0
419	1	4	0
422	1	3	0
424	1	1	0
425	1	2	0
429	1	3	0
432	1	2	0
434	1	4	0
435	1	5	0
438	1	4	0
441	1	5	0
445	1	3	0
447	1	3	0
450	1	4	0
454	1	3	0
455	1	4	0
456	1	2	0
457	1	4	0
458	1	4	0
459	1	4	0
460	1	2	0
463	1	1	0
465	1	4	0
467	1	4	0
468	1	5	0
470	1	3	0
471	1	4	0
472	1	5	0
478	1	4	0
479	1	5	0
483	1	4	0
484	1	5	0
486	1	4	0
487	1	5	0
488	1	3	0
490	1	3	0
493	1	3	0
494	1	3	0
495	1	4	0
497	1	4	0
500	1	4	0
503	1	5	0
505	1	3	0
508	1	5	0
512	1	4	0
514	1	5	0
517	1	3	0
518	1	4	0
521	1	2	0
523	1	5	0
525	1	4	0
526	1	5	0
532	1	5	0
533	1	4	0
534	1	5	0
535	1	3	0
536	1	5	0
537	1	2	0
540	1	3	0
541	1	4	0
542	1	4	0
545	1	5	0
548	1	4	0
549	1	5	0
550	1	3	0
552	1	3	0
553	1	3	0
554	1	3	0
560	1	4	0
561	1	2	0
562	1	2	0
567	1	3	0
569	1	4	0
576	1	4	0
577	1	5	0
579	1	4	0
580	1	3	0
582	1	4	0
588	1	4	0
592	1	4	0
593	1	3	0
597	1	3	0
599	1	4	0
602	1	4	0
605	1	4	0
606	1	5	0
609	1	1	0
610	1	4	0
612	1	4	0
613	1	4	0
614	1	5	0
618	1	4	0
620	1	5	0
621	1	3	0
622	1	3	0
624	1	4	0
630	1	4	0
632	1	3	0
634	1	3	0
635	1	4	0
636	1	3	0
637	1	4	0
642	1	5	0
643	1	5	0
648	1	5	0
649	1	5	0
650	1	3	0
653	1	4	0
654	1	4	0
655	1	2	0
657	1	3	0
658	1	4	0
660	1	3	0
661	1	5	0
663	1	4	0
664	1	4	0
665	1	4	0
669	1	5	0
674	1	4	0
676	1	5	0
677	1	4	0
678	1	5	0
679	1	3	0
680	1	4	0
682	1	4	0
684	1	4	0
689	1	3	0
690	1	4	0
691	1	5	0
692	1	4	0
697	1	5	0
698	1	4	0
699	1	3	0
701	1	4	0
703	1	4	0
705	1	5	0
706	1	4	0
708	1	5	0
709	1	4	0
710	1	4	0
714	1	3	0
715	1	5	0
716	1	5	0
721	1	5	0
723	1	3	0
726	1	4	0
727	1	3	0
730	1	4	0
731	1	2	0
733	1	2	0
735	1	4	0
738	1	5	0
742	1	4	0
744	1	4	0
745	1	2	0
746	1	4	0
747	1	5	0
748	1	4	0
749	1	4	0
751	1	3	0
756	1	4	0
757	1	4	0
759	1	5	0
761	1	1	0
763	1	4	0
764	1	4	0
767	1	5	0
768	1	5	0
769	1	4	0
770	1	5	0
771	1	5	0
773	1	3	0
777	1	4	0
779	1	4	0
785	1	4	0
786	1	4	0
788	1	3	0
789	1	3	0
790	1	3	0
792	1	4	0
793	1	4	0
794	1	4	0
795	1	4	0
796	1	2	0
798	1	4	0
800	1	4	0
804	1	5	0
805	1	4	0
806	1	4	0
807	1	4	0
815	1	5	0
817	1	4	0
821	1	5	0
822	1	4	0
823	1	4	0
826	1	4	0
829	1	4	0
830	1	4	0
831	1	4	0
835	1	3	0
838	1	5	0
839	1	4	0
843	1	3	0
847	1	3	0
852	1	4	0
854	1	3	0
864	1	5	0
865	1	1	0
867	1	4	0
868	1	4	0
870	1	5	0
872	1	3	0
879	1	4	0
880	1	4	0
881	1	4	0
882	1	5	0
883	1	3	0
885	1	5	0
886	1	4	0
887	1	5	0
889	1	3	0
890	1	4	0
892	1	5	0
893	1	5	0
894	1	4	0
895	1	4	0
896	1	4	0
897	1	5	0
899	1	3	0
901	1	5	0
902	1	5	0
903	1	3	0
907	1	5	0
910	1	4	0
913	1	2	0
916	1	4	0
917	1	3	0
918	1	3	0
919	1	4	0
921	1	3	0
922	1	5	0
923	1	3	0
924	1	5	0
927	1	5	0
929	1	3	0
930	1	3	0
932	1	4	0
933	1	3	0
934	1	2	0
935	1	3	0
936	1	4	0
938	1	4	0
941	1	5	0
1	7	4	0
6	7	2	0
7	7	5	0
8	7	3	0
9	7	4	0
10	7	4	0
13	7	2	0
14	7	5	0
15	7	1	0
16	7	5	0
17	7	4	0
21	7	5	0
23	7	4	0
24	7	4	0
25	7	4	0
26	7	3	0
28	7	5	0
30	7	4	0
32	7	4	0
37	7	4	0
43	7	4	0
44	7	5	0
45	7	3	0
46	7	4	0
49	7	4	0
52	7	5	0
53	7	3	0
54	7	4	0
55	7	3	0
56	7	5	0
57	7	4	0
58	7	5	0
59	7	4	0
60	7	5	0
62	7	4	0
64	7	4	0
65	7	1	0
66	7	3	0
67	7	5	0
68	7	3	0
69	7	5	0
72	7	1	0
73	7	4	0
74	7	4	0
76	7	4	0
79	7	5	0
81	7	4	0
82	7	3	0
84	7	4	0
87	7	4	0
89	7	5	0
92	7	4	0
94	7	4	0
95	7	5	0
96	7	5	0
97	7	5	0
99	7	4	0
101	7	3	0
102	7	2	0
104	7	3	0
108	7	5	0
109	7	4	0
113	7	3	0
115	7	5	0
116	7	2	0
117	7	3	0
118	7	5	0
119	7	5	0
124	7	4	0
130	7	5	0
141	7	5	0
142	7	4	0
144	7	2	0
145	7	5	0
148	7	5	0
151	7	4	0
158	7	5	0
159	7	5	0
160	7	3	0
162	7	3	0
168	7	1	0
176	7	5	0
177	7	4	0
178	7	4	0
181	7	4	0
184	7	3	0
188	7	5	0
189	7	3	0
190	7	4	0
192	7	4	0
194	7	3	0
198	7	4	0
199	7	4	0
200	7	4	0
201	7	3	0
203	7	3	0
213	7	4	0
214	7	5	0
216	7	5	0
217	7	4	0
221	7	4	0
222	7	5	0
226	7	4	0
227	7	5	0
230	7	3	0
234	7	2	0
235	7	4	0
243	7	3	0
244	7	4	0
247	7	4	0
248	7	2	0
249	7	5	0
250	7	4	0
251	7	3	0
252	7	4	0
255	7	2	0
256	7	4	0
262	7	4	0
264	7	5	0
265	7	2	0
267	7	5	0
268	7	4	0
269	7	3	0
270	7	4	0
276	7	5	0
277	7	2	0
279	7	5	0
280	7	4	0
286	7	4	0
289	7	4	0
291	7	5	0
292	7	3	0
293	7	3	0
294	7	4	0
295	7	5	0
296	7	5	0
297	7	4	0
299	7	3	0
301	7	4	0
303	7	4	0
305	7	4	0
308	7	4	0
314	7	4	0
320	7	4	0
321	7	4	0
323	7	2	0
327	7	3	0
328	7	4	0
329	7	3	0
331	7	4	0
332	7	4	0
334	7	5	0
339	7	4	0
342	7	4	0
343	7	5	0
344	7	4	0
346	7	2	0
347	7	4	0
348	7	4	0
352	7	3	0
354	7	4	0
357	7	3	0
359	7	5	0
363	7	3	0
365	7	2	0
366	7	2	0
367	7	5	0
368	7	4	0
372	7	3	0
374	7	1	0
377	7	4	0
378	7	4	0
379	7	5	0
380	7	3	0
382	7	2	0
386	7	3	0
387	7	5	0
393	7	4	0
394	7	5	0
397	7	5	0
402	7	4	0
403	7	5	0
406	7	4	0
407	7	4	0
412	7	5	0
413	7	3	0
416	7	4	0
417	7	3	0
421	7	3	0
422	7	3	0
425	7	3	0
429	7	2	0
430	7	3	0
432	7	2	0
434	7	1	0
435	7	4	0
439	7	4	0
441	7	4	0
442	7	4	0
445	7	1	0
447	7	5	0
450	7	4	0
452	7	5	0
453	7	5	0
455	7	4	0
457	7	4	0
458	7	4	0
459	7	5	0
460	7	3	0
463	7	4	0
465	7	5	0
466	7	4	0
467	7	5	0
468	7	3	0
470	7	3	0
472	7	5	0
473	7	2	0
474	7	5	0
478	7	1	0
484	7	4	0
486	7	5	0
490	7	3	0
491	7	3	0
493	7	3	0
496	7	4	0
497	7	3	0
498	7	3	0
499	7	4	0
500	7	5	0
501	7	4	0
505	7	3	0
514	7	5	0
518	7	3	0
521	7	3	0
524	7	2	0
525	7	3	0
526	7	4	0
527	7	5	0
532	7	5	0
534	7	4	0
535	7	5	0
537	7	4	0
540	7	4	0
546	7	5	0
548	7	5	0
551	7	5	0
552	7	3	0
554	7	3	0
555	7	4	0
560	7	3	0
561	7	5	0
566	7	4	0
567	7	4	0
569	7	4	0
576	7	5	0
577	7	2	0
579	7	3	0
580	7	3	0
581	7	4	0
582	7	5	0
583	7	5	0
588	7	3	0
592	7	5	0
603	7	5	0
604	7	4	0
606	7	4	0
610	7	2	0
612	7	3	0
614	7	2	0
617	7	3	0
618	7	4	0
620	7	4	0
621	7	4	0
622	7	5	0
624	7	4	0
627	7	5	0
629	7	2	0
630	7	4	0
632	7	3	0
634	7	4	0
637	7	1	0
643	7	4	0
648	7	3	0
650	7	4	0
653	7	2	0
655	7	3	0
657	7	3	0
658	7	4	0
659	7	3	0
660	7	3	0
663	7	4	0
664	7	3	0
665	7	4	0
666	7	4	0
669	7	3	0
671	7	5	0
677	7	4	0
678	7	4	0
680	7	5	0
682	7	4	0
689	7	5	0
693	7	4	0
697	7	5	0
699	7	2	0
703	7	4	0
706	7	3	0
709	7	3	0
714	7	4	0
715	7	3	0
717	7	4	0
719	7	2	0
722	7	4	0
727	7	2	0
730	7	4	0
733	7	3	0
735	7	3	0
738	7	4	0
741	7	3	0
742	7	3	0
745	7	4	0
747	7	4	0
748	7	4	0
751	7	3	0
757	7	4	0
758	7	5	0
761	7	4	0
764	7	4	0
770	7	5	0
773	7	2	0
774	7	2	0
776	7	4	0
778	7	4	0
779	7	3	0
786	7	5	0
788	7	4	0
790	7	4	0
792	7	4	0
793	7	3	0
795	7	5	0
802	7	5	0
804	7	4	0
805	7	5	0
814	7	4	0
815	7	4	0
817	7	4	0
823	7	5	0
825	7	5	0
831	7	5	0
833	7	3	0
834	7	4	0
838	7	5	0
839	7	2	0
840	7	4	0
843	7	5	0
844	7	3	0
847	7	3	0
852	7	3	0
854	7	4	0
862	7	5	0
864	7	5	0
865	7	5	0
867	7	5	0
868	7	5	0
870	7	4	0
880	7	3	0
881	7	4	0
882	7	4	0
883	7	5	0
885	7	3	0
886	7	5	0
887	7	4	0
889	7	3	0
890	7	4	0
892	7	4	0
894	7	4	0
896	7	4	0
903	7	2	0
905	7	4	0
906	7	3	0
908	7	3	0
911	7	4	0
913	7	5	0
916	7	4	0
919	7	3	0
924	7	4	0
927	7	3	0
932	7	4	0
933	7	4	0
936	7	4	0
938	7	4	0
940	7	4	0
941	7	4	0
1	50	5	0
2	50	5	0
4	50	5	0
5	50	4	0
6	50	4	0
7	50	5	0
8	50	5	0
9	50	5	0
10	50	5	0
12	50	4	0
13	50	5	0
14	50	5	0
15	50	5	0
18	50	4	0
20	50	3	0
21	50	3	0
22	50	5	0
23	50	4	0
25	50	5	0
26	50	4	0
27	50	3	0
28	50	4	0
30	50	3	0
32	50	4	0
37	50	5	0
41	50	5	0
42	50	5	0
43	50	4	0
44	50	5	0
45	50	5	0
46	50	4	0
48	50	4	0
49	50	1	0
51	50	5	0
53	50	4	0
54	50	5	0
55	50	4	0
56	50	5	0
57	50	5	0
58	50	4	0
59	50	5	0
60	50	5	0
62	50	5	0
63	50	4	0
64	50	5	0
65	50	5	0
66	50	5	0
68	50	5	0
69	50	5	0
70	50	4	0
71	50	3	0
72	50	2	0
77	50	4	0
79	50	4	0
80	50	3	0
82	50	5	0
83	50	3	0
85	50	5	0
87	50	5	0
89	50	5	0
91	50	5	0
92	50	5	0
94	50	5	0
95	50	5	0
96	50	5	0
97	50	5	0
99	50	5	0
101	50	4	0
102	50	4	0
103	50	5	0
104	50	5	0
108	50	4	0
109	50	5	0
113	50	5	0
115	50	5	0
116	50	3	0
117	50	5	0
119	50	5	0
120	50	4	0
121	50	5	0
123	50	3	0
124	50	3	0
125	50	5	0
127	50	4	0
128	50	4	0
130	50	5	0
132	50	3	0
137	50	5	0
141	50	4	0
144	50	5	0
145	50	5	0
148	50	5	0
150	50	5	0
151	50	5	0
153	50	1	0
154	50	5	0
157	50	4	0
158	50	4	0
160	50	4	0
161	50	2	0
162	50	5	0
169	50	5	0
174	50	4	0
175	50	5	0
176	50	5	0
177	50	5	0
178	50	5	0
182	50	5	0
183	50	2	0
184	50	4	0
185	50	4	0
188	50	4	0
189	50	5	0
192	50	4	0
194	50	3	0
197	50	5	0
198	50	5	0
200	50	5	0
201	50	4	0
203	50	5	0
209	50	5	0
210	50	5	0
213	50	5	0
214	50	3	0
215	50	5	0
216	50	4	0
217	50	1	0
221	50	4	0
222	50	4	0
227	50	4	0
230	50	5	0
231	50	4	0
232	50	4	0
233	50	3	0
234	50	4	0
235	50	5	0
236	50	3	0
239	50	5	0
244	50	5	0
245	50	4	0
246	50	5	0
247	50	5	0
248	50	5	0
249	50	4	0
250	50	5	0
251	50	5	0
253	50	4	0
254	50	5	0
256	50	4	0
257	50	5	0
262	50	2	0
263	50	5	0
265	50	2	0
267	50	5	0
268	50	5	0
269	50	3	0
270	50	5	0
271	50	5	0
272	50	4	0
274	50	5	0
275	50	4	0
276	50	5	0
277	50	3	0
279	50	3	0
280	50	3	0
283	50	5	0
286	50	4	0
287	50	5	0
288	50	4	0
290	50	5	0
291	50	5	0
292	50	4	0
293	50	5	0
294	50	5	0
295	50	5	0
296	50	5	0
297	50	5	0
298	50	5	0
299	50	4	0
301	50	5	0
303	50	5	0
305	50	5	0
307	50	5	0
308	50	5	0
310	50	5	0
311	50	5	0
312	50	5	0
313	50	5	0
316	50	1	0
318	50	2	0
320	50	4	0
321	50	4	0
322	50	5	0
323	50	5	0
324	50	5	0
325	50	5	0
326	50	5	0
327	50	3	0
328	50	4	0
329	50	4	0
330	50	5	0
332	50	5	0
334	50	5	0
336	50	4	0
337	50	5	0
339	50	4	0
340	50	4	0
343	50	5	0
344	50	5	0
345	50	5	0
346	50	5	0
347	50	5	0
350	50	5	0
352	50	5	0
354	50	4	0
359	50	5	0
360	50	4	0
361	50	5	0
363	50	5	0
367	50	5	0
368	50	4	0
369	50	5	0
370	50	4	0
371	50	4	0
373	50	5	0
374	50	3	0
378	50	4	0
379	50	4	0
380	50	4	0
381	50	5	0
382	50	1	0
385	50	1	0
386	50	4	0
387	50	5	0
389	50	5	0
391	50	4	0
392	50	5	0
393	50	5	0
394	50	5	0
395	50	5	0
397	50	5	0
398	50	5	0
399	50	3	0
401	50	1	0
402	50	4	0
403	50	5	0
405	50	5	0
406	50	5	0
407	50	4	0
409	50	5	0
411	50	5	0
413	50	5	0
416	50	5	0
417	50	3	0
419	50	5	0
421	50	5	0
422	50	4	0
424	50	3	0
425	50	5	0
426	50	4	0
429	50	5	0
430	50	4	0
432	50	5	0
433	50	5	0
435	50	5	0
436	50	4	0
437	50	5	0
438	50	5	0
444	50	5	0
445	50	2	0
447	50	5	0
450	50	5	0
452	50	5	0
453	50	5	0
454	50	4	0
455	50	5	0
456	50	4	0
457	50	5	0
458	50	2	0
459	50	4	0
461	50	3	0
463	50	4	0
464	50	4	0
465	50	4	0
466	50	5	0
467	50	4	0
468	50	5	0
470	50	5	0
471	50	3	0
472	50	5	0
474	50	5	0
475	50	5	0
478	50	3	0
479	50	4	0
480	50	4	0
481	50	4	0
482	50	4	0
483	50	5	0
484	50	5	0
486	50	5	0
487	50	4	0
488	50	4	0
490	50	5	0
493	50	5	0
494	50	5	0
495	50	5	0
496	50	5	0
497	50	5	0
498	50	4	0
499	50	3	0
500	50	3	0
503	50	5	0
504	50	3	0
505	50	3	0
506	50	5	0
507	50	5	0
508	50	5	0
509	50	5	0
512	50	5	0
513	50	5	0
514	50	5	0
516	50	5	0
517	50	5	0
521	50	4	0
523	50	5	0
524	50	4	0
526	50	5	0
527	50	4	0
528	50	5	0
530	50	4	0
533	50	5	0
535	50	5	0
536	50	5	0
537	50	4	0
538	50	5	0
539	50	3	0
540	50	5	0
541	50	5	0
542	50	4	0
545	50	5	0
546	50	5	0
548	50	5	0
549	50	5	0
550	50	5	0
551	50	2	0
552	50	4	0
553	50	4	0
554	50	4	0
555	50	5	0
557	50	4	0
560	50	5	0
561	50	3	0
562	50	5	0
563	50	5	0
564	50	4	0
566	50	2	0
567	50	1	0
569	50	5	0
573	50	4	0
575	50	2	0
576	50	4	0
577	50	4	0
579	50	5	0
580	50	5	0
581	50	4	0
582	50	5	0
584	50	4	0
586	50	4	0
588	50	5	0
592	50	5	0
593	50	4	0
594	50	3	0
595	50	5	0
596	50	5	0
597	50	5	0
600	50	4	0
601	50	5	0
602	50	5	0
603	50	5	0
606	50	5	0
608	50	1	0
610	50	4	0
613	50	5	0
618	50	5	0
619	50	4	0
620	50	4	0
621	50	5	0
622	50	5	0
623	50	5	0
624	50	5	0
625	50	5	0
629	50	5	0
630	50	3	0
632	50	5	0
633	50	4	0
634	50	4	0
637	50	4	0
638	50	4	0
641	50	3	0
642	50	5	0
643	50	4	0
644	50	4	0
645	50	4	0
648	50	5	0
649	50	4	0
650	50	5	0
653	50	5	0
654	50	5	0
655	50	4	0
658	50	4	0
659	50	3	0
660	50	4	0
661	50	5	0
662	50	3	0
663	50	5	0
664	50	5	0
665	50	4	0
666	50	3	0
668	50	5	0
669	50	5	0
671	50	5	0
672	50	3	0
674	50	4	0
676	50	5	0
678	50	4	0
679	50	5	0
680	50	5	0
682	50	5	0
684	50	4	0
686	50	4	0
689	50	5	0
691	50	4	0
693	50	3	0
694	50	5	0
697	50	5	0
698	50	5	0
699	50	3	0
700	50	5	0
701	50	5	0
703	50	5	0
704	50	5	0
705	50	4	0
706	50	5	0
708	50	5	0
709	50	5	0
710	50	4	0
711	50	4	0
712	50	4	0
714	50	5	0
715	50	5	0
716	50	5	0
717	50	4	0
719	50	2	0
721	50	5	0
723	50	4	0
727	50	4	0
730	50	4	0
734	50	4	0
735	50	5	0
736	50	3	0
738	50	5	0
739	50	4	0
741	50	5	0
742	50	4	0
744	50	3	0
745	50	2	0
746	50	5	0
747	50	5	0
748	50	5	0
749	50	5	0
751	50	5	0
753	50	4	0
756	50	4	0
757	50	4	0
758	50	4	0
759	50	4	0
760	50	3	0
761	50	5	0
763	50	4	0
764	50	3	0
765	50	2	0
766	50	4	0
768	50	4	0
770	50	3	0
771	50	4	0
773	50	5	0
774	50	4	0
776	50	5	0
779	50	5	0
780	50	5	0
781	50	5	0
782	50	3	0
785	50	5	0
786	50	4	0
789	50	5	0
790	50	4	0
791	50	5	0
793	50	5	0
794	50	5	0
795	50	3	0
796	50	5	0
797	50	5	0
798	50	5	0
799	50	4	0
800	50	4	0
804	50	4	0
805	50	4	0
806	50	5	0
807	50	5	0
815	50	5	0
823	50	5	0
825	50	4	0
826	50	5	0
830	50	5	0
831	50	5	0
832	50	3	0
833	50	2	0
834	50	5	0
835	50	4	0
838	50	5	0
839	50	5	0
840	50	4	0
843	50	3	0
844	50	5	0
846	50	5	0
847	50	4	0
848	50	5	0
850	50	5	0
851	50	5	0
852	50	5	0
854	50	4	0
862	50	5	0
864	50	5	0
867	50	5	0
868	50	5	0
869	50	4	0
870	50	3	0
871	50	5	0
875	50	5	0
878	50	4	0
879	50	4	0
880	50	5	0
881	50	3	0
882	50	5	0
883	50	4	0
885	50	3	0
886	50	5	0
887	50	5	0
889	50	4	0
890	50	5	0
891	50	4	0
892	50	5	0
893	50	5	0
894	50	4	0
895	50	5	0
896	50	5	0
897	50	5	0
899	50	5	0
901	50	4	0
902	50	5	0
903	50	5	0
907	50	4	0
908	50	4	0
910	50	5	0
913	50	4	0
916	50	5	0
917	50	3	0
919	50	3	0
921	50	4	0
922	50	5	0
923	50	5	0
924	50	5	0
929	50	4	0
930	50	2	0
931	50	3	0
933	50	4	0
934	50	5	0
936	50	4	0
937	50	5	0
938	50	5	0
940	50	4	0
942	50	5	0
943	50	4	0
1	100	5	0
2	100	5	0
5	100	5	0
6	100	5	0
7	100	5	0
10	100	5	0
11	100	4	0
13	100	5	0
14	100	5	0
16	100	5	0
17	100	4	0
18	100	5	0
21	100	5	0
23	100	5	0
24	100	5	0
26	100	5	0
27	100	5	0
28	100	5	0
32	100	3	0
41	100	4	0
43	100	4	0
44	100	5	0
45	100	5	0
46	100	4	0
49	100	4	0
50	100	2	0
52	100	4	0
53	100	5	0
54	100	5	0
57	100	5	0
58	100	5	0
59	100	5	0
62	100	4	0
63	100	5	0
64	100	4	0
65	100	3	0
69	100	5	0
71	100	4	0
72	100	5	0
73	100	4	0
74	100	4	0
75	100	5	0
76	100	5	0
77	100	3	0
79	100	5	0
80	100	5	0
81	100	3	0
82	100	5	0
84	100	4	0
85	100	3	0
87	100	5	0
89	100	5	0
90	100	5	0
92	100	5	0
94	100	5	0
96	100	5	0
97	100	2	0
99	100	5	0
104	100	4	0
106	100	3	0
108	100	4	0
109	100	4	0
113	100	4	0
114	100	5	0
115	100	5	0
118	100	5	0
119	100	5	0
121	100	4	0
123	100	4	0
130	100	3	0
131	100	5	0
132	100	4	0
136	100	5	0
138	100	5	0
139	100	5	0
141	100	4	0
144	100	5	0
145	100	5	0
150	100	2	0
151	100	3	0
156	100	4	0
157	100	5	0
158	100	5	0
160	100	5	0
161	100	4	0
164	100	5	0
168	100	4	0
174	100	5	0
175	100	2	0
176	100	5	0
177	100	5	0
178	100	4	0
181	100	3	0
182	100	3	0
184	100	5	0
186	100	4	0
188	100	4	0
189	100	4	0
190	100	4	0
192	100	5	0
193	100	5	0
194	100	4	0
195	100	5	0
198	100	1	0
199	100	3	0
201	100	4	0
203	100	1	0
207	100	2	0
213	100	5	0
214	100	4	0
216	100	5	0
218	100	4	0
221	100	5	0
222	100	5	0
227	100	5	0
230	100	4	0
232	100	5	0
233	100	4	0
234	100	4	0
235	100	4	0
236	100	3	0
237	100	5	0
239	100	3	0
244	100	4	0
246	100	4	0
247	100	3	0
248	100	4	0
249	100	5	0
250	100	5	0
251	100	4	0
252	100	5	0
253	100	4	0
255	100	3	0
256	100	4	0
257	100	5	0
262	100	3	0
263	100	5	0
264	100	5	0
265	100	5	0
266	100	5	0
267	100	5	0
268	100	3	0
269	100	5	0
271	100	5	0
274	100	5	0
276	100	5	0
277	100	4	0
279	100	4	0
280	100	3	0
283	100	4	0
285	100	4	0
286	100	3	0
287	100	5	0
288	100	5	0
291	100	5	0
292	100	5	0
293	100	4	0
294	100	4	0
295	100	5	0
296	100	5	0
297	100	5	0
299	100	3	0
300	100	3	0
301	100	5	0
303	100	5	0
305	100	3	0
306	100	4	0
307	100	3	0
308	100	5	0
311	100	1	0
312	100	4	0
313	100	5	0
315	100	5	0
316	100	4	0
318	100	5	0
320	100	4	0
321	100	4	0
323	100	4	0
325	100	4	0
327	100	4	0
328	100	5	0
329	100	4	0
330	100	4	0
331	100	4	0
333	100	4	0
334	100	5	0
336	100	3	0
338	100	4	0
339	100	5	0
342	100	5	0
343	100	5	0
344	100	5	0
345	100	5	0
346	100	3	0
347	100	3	0
348	100	4	0
349	100	4	0
352	100	4	0
354	100	5	0
360	100	5	0
361	100	5	0
363	100	5	0
365	100	5	0
367	100	5	0
368	100	4	0
370	100	4	0
372	100	3	0
373	100	3	0
374	100	5	0
376	100	4	0
377	100	3	0
378	100	4	0
379	100	5	0
380	100	4	0
381	100	4	0
382	100	4	0
383	100	4	0
385	100	4	0
387	100	5	0
388	100	3	0
389	100	5	0
390	100	5	0
391	100	4	0
393	100	1	0
395	100	4	0
396	100	2	0
397	100	5	0
398	100	3	0
399	100	3	0
401	100	4	0
402	100	5	0
403	100	5	0
406	100	4	0
407	100	5	0
409	100	5	0
413	100	4	0
414	100	5	0
416	100	5	0
417	100	3	0
419	100	5	0
420	100	5	0
421	100	4	0
422	100	4	0
423	100	5	0
424	100	5	0
425	100	4	0
426	100	4	0
429	100	5	0
430	100	5	0
432	100	3	0
435	100	3	0
437	100	4	0
438	100	4	0
439	100	3	0
441	100	3	0
442	100	2	0
444	100	5	0
445	100	2	0
447	100	5	0
449	100	5	0
450	100	4	0
452	100	5	0
453	100	5	0
454	100	4	0
455	100	4	0
456	100	3	0
457	100	5	0
458	100	4	0
459	100	1	0
460	100	5	0
462	100	4	0
463	100	4	0
465	100	3	0
467	100	5	0
468	100	5	0
470	100	4	0
472	100	5	0
474	100	5	0
475	100	5	0
478	100	5	0
479	100	3	0
480	100	4	0
481	100	4	0
486	100	5	0
487	100	5	0
488	100	2	0
490	100	3	0
491	100	5	0
492	100	4	0
493	100	5	0
494	100	5	0
497	100	4	0
498	100	3	0
499	100	4	0
500	100	4	0
501	100	4	0
503	100	5	0
504	100	5	0
514	100	4	0
518	100	4	0
520	100	4	0
521	100	3	0
522	100	5	0
524	100	5	0
525	100	4	0
526	100	5	0
527	100	5	0
530	100	4	0
532	100	5	0
533	100	5	0
535	100	5	0
537	100	4	0
538	100	4	0
540	100	5	0
542	100	4	0
546	100	3	0
548	100	5	0
549	100	4	0
551	100	4	0
552	100	4	0
553	100	5	0
554	100	3	0
555	100	5	0
558	100	5	0
560	100	5	0
561	100	4	0
566	100	5	0
567	100	1	0
568	100	4	0
569	100	5	0
572	100	3	0
574	100	5	0
576	100	4	0
577	100	4	0
579	100	4	0
580	100	3	0
581	100	5	0
582	100	5	0
583	100	5	0
588	100	1	0
590	100	5	0
591	100	5	0
592	100	5	0
593	100	5	0
594	100	4	0
595	100	4	0
601	100	4	0
603	100	4	0
604	100	5	0
605	100	5	0
606	100	5	0
607	100	4	0
608	100	4	0
612	100	4	0
614	100	5	0
615	100	3	0
617	100	4	0
618	100	4	0
620	100	1	0
621	100	5	0
622	100	5	0
624	100	5	0
625	100	3	0
627	100	5	0
629	100	5	0
630	100	3	0
632	100	3	0
634	100	4	0
636	100	5	0
637	100	4	0
638	100	3	0
639	100	1	0
643	100	5	0
644	100	4	0
650	100	4	0
653	100	4	0
654	100	1	0
655	100	3	0
658	100	4	0
660	100	3	0
662	100	5	0
663	100	4	0
664	100	5	0
665	100	3	0
666	100	4	0
676	100	5	0
678	100	5	0
679	100	3	0
680	100	3	0
682	100	3	0
684	100	4	0
692	100	4	0
694	100	4	0
698	100	2	0
699	100	4	0
701	100	5	0
703	100	4	0
704	100	4	0
706	100	1	0
707	100	5	0
710	100	4	0
714	100	1	0
715	100	2	0
717	100	4	0
722	100	4	0
725	100	5	0
727	100	2	0
728	100	5	0
730	100	5	0
733	100	5	0
735	100	2	0
737	100	5	0
738	100	2	0
739	100	5	0
742	100	5	0
743	100	5	0
745	100	5	0
747	100	5	0
749	100	3	0
751	100	4	0
756	100	5	0
757	100	3	0
758	100	5	0
763	100	5	0
764	100	4	0
767	100	5	0
768	100	5	0
770	100	5	0
773	100	4	0
774	100	1	0
777	100	1	0
781	100	5	0
786	100	4	0
788	100	5	0
789	100	5	0
790	100	2	0
792	100	4	0
793	100	4	0
794	100	5	0
795	100	5	0
796	100	3	0
804	100	5	0
805	100	5	0
806	100	4	0
814	100	4	0
821	100	2	0
823	100	5	0
825	100	4	0
829	100	4	0
830	100	5	0
831	100	4	0
833	100	4	0
834	100	4	0
838	100	4	0
839	100	3	0
840	100	5	0
844	100	4	0
852	100	4	0
854	100	5	0
858	100	3	0
860	100	4	0
862	100	5	0
864	100	5	0
865	100	4	0
868	100	5	0
869	100	5	0
870	100	4	0
874	100	4	0
878	100	2	0
880	100	5	0
881	100	4	0
883	100	4	0
884	100	5	0
885	100	3	0
886	100	4	0
887	100	2	0
888	100	4	0
889	100	4	0
891	100	5	0
892	100	5	0
894	100	4	0
895	100	4	0
896	100	3	0
900	100	4	0
903	100	5	0
905	100	4	0
906	100	4	0
907	100	5	0
908	100	4	0
910	100	4	0
913	100	3	0
916	100	5	0
917	100	4	0
919	100	5	0
923	100	5	0
924	100	4	0
929	100	4	0
930	100	3	0
931	100	4	0
932	100	5	0
933	100	5	0
934	100	4	0
935	100	3	0
936	100	4	0
937	100	3	0
938	100	5	0
940	100	3	0
943	100	5	0
1	117	3	0
6	117	2	0
13	117	3	0
17	117	3	0
22	117	4	0
24	117	4	0
26	117	3	0
28	117	4	0
32	117	3	0
37	117	4	0
43	117	4	0
49	117	1	0
52	117	4	0
54	117	5	0
55	117	3	0
56	117	5	0
57	117	4	0
62	117	4	0
66	117	3	0
67	117	5	0
68	117	4	0
69	117	4	0
72	117	4	0
75	117	4	0
83	117	5	0
84	117	4	0
89	117	5	0
90	117	3	0
92	117	4	0
95	117	4	0
99	117	5	0
101	117	4	0
102	117	3	0
103	117	4	0
104	117	2	0
109	117	5	0
115	117	4	0
117	117	5	0
119	117	5	0
120	117	3	0
121	117	1	0
124	117	3	0
125	117	3	0
128	117	5	0
130	117	5	0
136	117	4	0
137	117	5	0
138	117	4	0
141	117	4	0
144	117	4	0
145	117	5	0
152	117	4	0
157	117	5	0
158	117	3	0
159	117	5	0
160	117	4	0
162	117	4	0
164	117	5	0
168	117	5	0
174	117	5	0
176	117	4	0
178	117	4	0
181	117	2	0
184	117	2	0
186	117	5	0
190	117	4	0
193	117	4	0
194	117	3	0
198	117	1	0
199	117	3	0
200	117	5	0
201	117	2	0
203	117	4	0
207	117	3	0
211	117	4	0
213	117	4	0
214	117	4	0
217	117	4	0
221	117	4	0
222	117	5	0
223	117	5	0
227	117	2	0
230	117	5	0
232	117	3	0
233	117	3	0
234	117	2	0
236	117	3	0
244	117	2	0
246	117	3	0
248	117	5	0
249	117	4	0
250	117	3	0
251	117	4	0
253	117	5	0
255	117	2	0
256	117	5	0
259	117	4	0
261	117	4	0
263	117	3	0
265	117	5	0
268	117	4	0
271	117	3	0
274	117	4	0
275	117	3	0
276	117	4	0
277	117	4	0
279	117	5	0
280	117	5	0
286	117	2	0
287	117	5	0
289	117	4	0
290	117	3	0
291	117	5	0
292	117	4	0
293	117	3	0
294	117	4	0
296	117	3	0
297	117	4	0
301	117	5	0
303	117	3	0
305	117	2	0
308	117	3	0
311	117	4	0
313	117	4	0
314	117	4	0
320	117	4	0
323	117	3	0
327	117	3	0
328	117	4	0
329	117	3	0
330	117	5	0
332	117	4	0
334	117	3	0
336	117	3	0
339	117	3	0
343	117	2	0
344	117	3	0
345	117	4	0
346	117	4	0
347	117	5	0
348	117	4	0
357	117	5	0
359	117	4	0
363	117	5	0
371	117	3	0
373	117	4	0
374	117	5	0
378	117	3	0
386	117	5	0
387	117	3	0
388	117	5	0
393	117	4	0
394	117	5	0
396	117	4	0
397	117	3	0
398	117	4	0
399	117	2	0
401	117	3	0
402	117	3	0
403	117	4	0
406	117	4	0
407	117	3	0
411	117	2	0
412	117	4	0
416	117	5	0
417	117	4	0
421	117	5	0
422	117	2	0
425	117	3	0
429	117	4	0
430	117	3	0
432	117	4	0
435	117	3	0
437	117	1	0
441	117	4	0
442	117	3	0
445	117	1	0
447	117	4	0
449	117	3	0
450	117	4	0
453	117	4	0
454	117	3	0
455	117	3	0
457	117	4	0
458	117	4	0
459	117	5	0
460	117	3	0
463	117	3	0
466	117	5	0
467	117	2	0
468	117	2	0
472	117	3	0
474	117	4	0
479	117	3	0
484	117	4	0
486	117	3	0
487	117	5	0
490	117	1	0
493	117	5	0
499	117	3	0
500	117	4	0
501	117	4	0
504	117	4	0
505	117	4	0
507	117	3	0
513	117	5	0
517	117	4	0
518	117	5	0
521	117	4	0
524	117	3	0
532	117	5	0
533	117	5	0
534	117	5	0
536	117	4	0
537	117	2	0
538	117	3	0
540	117	4	0
543	117	3	0
545	117	4	0
548	117	4	0
551	117	5	0
552	117	3	0
554	117	4	0
555	117	4	0
561	117	3	0
564	117	4	0
566	117	4	0
569	117	3	0
577	117	4	0
582	117	3	0
586	117	4	0
588	117	4	0
592	117	5	0
593	117	4	0
602	117	5	0
605	117	2	0
606	117	4	0
610	117	4	0
612	117	4	0
614	117	3	0
618	117	5	0
619	117	5	0
621	117	5	0
622	117	4	0
624	117	3	0
627	117	3	0
629	117	5	0
630	117	5	0
633	117	3	0
634	117	4	0
635	117	2	0
637	117	2	0
638	117	4	0
642	117	4	0
643	117	3	0
644	117	4	0
647	117	3	0
648	117	2	0
649	117	5	0
650	117	4	0
653	117	4	0
654	117	4	0
655	117	2	0
657	117	4	0
658	117	4	0
660	117	3	0
661	117	4	0
663	117	4	0
665	117	4	0
669	117	1	0
671	117	3	0
674	117	5	0
676	117	4	0
677	117	4	0
678	117	4	0
680	117	4	0
682	117	4	0
684	117	4	0
689	117	4	0
693	117	4	0
699	117	4	0
703	117	4	0
705	117	5	0
706	117	4	0
708	117	4	0
709	117	4	0
714	117	5	0
715	117	3	0
716	117	4	0
717	117	4	0
722	117	4	0
726	117	1	0
727	117	3	0
728	117	4	0
730	117	3	0
733	117	2	0
735	117	3	0
738	117	3	0
742	117	2	0
746	117	4	0
747	117	2	0
749	117	4	0
751	117	4	0
754	117	4	0
756	117	4	0
757	117	4	0
758	117	4	0
759	117	5	0
761	117	5	0
764	117	5	0
768	117	4	0
770	117	5	0
774	117	2	0
777	117	5	0
778	117	3	0
779	117	4	0
786	117	4	0
788	117	4	0
790	117	5	0
793	117	4	0
795	117	4	0
796	117	5	0
805	117	3	0
806	117	2	0
807	117	4	0
815	117	3	0
817	117	5	0
821	117	3	0
825	117	5	0
831	117	3	0
834	117	4	0
839	117	5	0
840	117	3	0
844	117	4	0
847	117	2	0
852	117	4	0
854	117	3	0
862	117	5	0
864	117	4	0
865	117	2	0
867	117	3	0
868	117	2	0
872	117	4	0
879	117	4	0
880	117	4	0
881	117	5	0
882	117	4	0
885	117	4	0
886	117	2	0
889	117	4	0
891	117	3	0
892	117	4	0
893	117	4	0
894	117	3	0
895	117	3	0
896	117	2	0
897	117	3	0
899	117	4	0
900	117	2	0
901	117	4	0
904	117	4	0
905	117	3	0
906	117	4	0
907	117	5	0
910	117	4	0
913	117	1	0
916	117	2	0
919	117	4	0
923	117	4	0
924	117	2	0
930	117	3	0
933	117	2	0
935	117	4	0
936	117	4	0
938	117	3	0
941	117	5	0
942	117	4	0
943	117	4	0
1	118	3	0
7	118	2	0
13	118	4	0
15	118	1	0
20	118	4	0
21	118	1	0
22	118	4	0
26	118	3	0
27	118	3	0
32	118	3	0
37	118	2	0
38	118	5	0
42	118	4	0
43	118	4	0
44	118	3	0
45	118	4	0
53	118	4	0
54	118	4	0
55	118	5	0
56	118	4	0
59	118	5	0
62	118	2	0
68	118	2	0
72	118	3	0
75	118	3	0
81	118	2	0
82	118	3	0
83	118	3	0
87	118	4	0
92	118	2	0
93	118	3	0
94	118	3	0
99	118	2	0
101	118	3	0
102	118	3	0
103	118	3	0
109	118	3	0
120	118	2	0
121	118	2	0
128	118	5	0
130	118	4	0
137	118	5	0
141	118	5	0
145	118	3	0
151	118	3	0
157	118	2	0
158	118	5	0
159	118	4	0
160	118	3	0
161	118	2	0
164	118	5	0
168	118	4	0
174	118	2	0
178	118	4	0
181	118	2	0
184	118	2	0
186	118	2	0
188	118	3	0
189	118	1	0
190	118	3	0
192	118	2	0
194	118	3	0
198	118	2	0
200	118	4	0
201	118	1	0
213	118	4	0
217	118	4	0
221	118	1	0
222	118	4	0
223	118	2	0
238	118	3	0
244	118	2	0
246	118	1	0
251	118	3	0
254	118	4	0
255	118	1	0
256	118	5	0
265	118	4	0
270	118	3	0
271	118	3	0
274	118	4	0
275	118	3	0
276	118	3	0
280	118	2	0
290	118	4	0
291	118	2	0
292	118	3	0
294	118	3	0
295	118	3	0
297	118	3	0
298	118	4	0
299	118	2	0
301	118	4	0
303	118	2	0
308	118	3	0
311	118	3	0
313	118	4	0
320	118	1	0
328	118	3	0
330	118	5	0
332	118	5	0
343	118	2	0
344	118	3	0
345	118	3	0
347	118	4	0
348	118	4	0
349	118	2	0
357	118	5	0
359	118	3	0
374	118	5	0
378	118	4	0
380	118	2	0
381	118	1	0
386	118	3	0
389	118	2	0
393	118	4	0
394	118	4	0
395	118	3	0
396	118	4	0
399	118	3	0
402	118	4	0
403	118	5	0
407	118	3	0
416	118	2	0
417	118	4	0
425	118	1	0
429	118	3	0
432	118	4	0
434	118	5	0
435	118	2	0
437	118	2	0
438	118	4	0
445	118	2	0
447	118	4	0
449	118	1	0
450	118	3	0
454	118	4	0
455	118	4	0
457	118	4	0
468	118	3	0
470	118	4	0
472	118	4	0
479	118	3	0
490	118	2	0
493	118	4	0
497	118	4	0
500	118	3	0
501	118	3	0
504	118	3	0
507	118	5	0
513	118	4	0
514	118	2	0
518	118	5	0
524	118	4	0
525	118	3	0
532	118	4	0
533	118	4	0
534	118	4	0
541	118	4	0
543	118	3	0
546	118	5	0
548	118	5	0
549	118	4	0
551	118	5	0
552	118	3	0
554	118	4	0
555	118	4	0
560	118	3	0
562	118	3	0
563	118	4	0
564	118	4	0
569	118	4	0
577	118	3	0
582	118	2	0
586	118	4	0
588	118	3	0
592	118	3	0
593	118	4	0
597	118	3	0
601	118	1	0
602	118	3	0
605	118	3	0
606	118	4	0
612	118	3	0
618	118	3	0
619	118	5	0
620	118	4	0
621	118	3	0
622	118	1	0
630	118	4	0
634	118	4	0
636	118	5	0
637	118	1	0
638	118	3	0
642	118	3	0
643	118	2	0
648	118	4	0
650	118	4	0
653	118	3	0
654	118	2	0
655	118	2	0
657	118	1	0
660	118	2	0
661	118	4	0
664	118	3	0
666	118	3	0
669	118	2	0
671	118	5	0
674	118	3	0
684	118	4	0
689	118	4	0
690	118	4	0
693	118	2	0
694	118	4	0
697	118	3	0
699	118	4	0
703	118	5	0
705	118	4	0
706	118	3	0
708	118	5	0
709	118	5	0
714	118	5	0
715	118	2	0
716	118	2	0
718	118	4	0
719	118	2	0
722	118	4	0
727	118	4	0
738	118	3	0
741	118	1	0
748	118	2	0
749	118	3	0
751	118	2	0
754	118	2	0
756	118	2	0
757	118	3	0
758	118	2	0
759	118	5	0
764	118	3	0
769	118	4	0
770	118	4	0
774	118	1	0
779	118	5	0
788	118	3	0
792	118	2	0
793	118	2	0
794	118	2	0
795	118	2	0
796	118	4	0
798	118	4	0
800	118	3	0
804	118	4	0
805	118	3	0
807	118	4	0
817	118	3	0
821	118	3	0
825	118	4	0
833	118	2	0
839	118	2	0
840	118	3	0
847	118	3	0
848	118	2	0
849	118	5	0
852	118	4	0
854	118	2	0
859	118	3	0
864	118	4	0
865	118	1	0
869	118	1	0
872	118	4	0
879	118	3	0
880	118	3	0
881	118	4	0
882	118	4	0
886	118	1	0
887	118	5	0
890	118	2	0
891	118	4	0
892	118	4	0
893	118	4	0
896	118	2	0
897	118	5	0
901	118	3	0
903	118	4	0
907	118	4	0
910	118	3	0
916	118	2	0
919	118	4	0
927	118	5	0
935	118	4	0
936	118	3	0
938	118	5	0
939	118	5	0
1	121	4	0
5	121	4	0
7	121	5	0
11	121	3	0
13	121	5	0
14	121	3	0
15	121	3	0
20	121	3	0
21	121	1	0
22	121	3	0
25	121	4	0
26	121	3	0
27	121	4	0
37	121	2	0
42	121	4	0
43	121	4	0
44	121	4	0
45	121	4	0
49	121	1	0
52	121	4	0
53	121	4	0
54	121	4	0
55	121	3	0
56	121	5	0
57	121	4	0
58	121	2	0
59	121	4	0
60	121	4	0
62	121	4	0
63	121	1	0
64	121	2	0
65	121	4	0
66	121	3	0
67	121	4	0
68	121	1	0
70	121	3	0
72	121	3	0
74	121	4	0
75	121	4	0
76	121	2	0
77	121	2	0
81	121	4	0
82	121	4	0
83	121	4	0
84	121	4	0
85	121	2	0
87	121	5	0
89	121	5	0
92	121	5	0
93	121	3	0
94	121	2	0
95	121	4	0
99	121	3	0
101	121	4	0
102	121	3	0
103	121	3	0
104	121	2	0
108	121	3	0
109	121	5	0
115	121	3	0
117	121	4	0
119	121	4	0
120	121	4	0
121	121	2	0
128	121	4	0
130	121	5	0
137	121	5	0
138	121	4	0
141	121	4	0
145	121	2	0
150	121	2	0
151	121	5	0
152	121	5	0
158	121	4	0
159	121	3	0
162	121	4	0
164	121	5	0
168	121	4	0
177	121	2	0
178	121	5	0
180	121	5	0
181	121	4	0
182	121	3	0
183	121	3	0
184	121	2	0
186	121	2	0
188	121	4	0
189	121	2	0
190	121	3	0
192	121	2	0
193	121	3	0
194	121	2	0
198	121	3	0
200	121	5	0
201	121	2	0
207	121	3	0
210	121	4	0
213	121	5	0
214	121	4	0
217	121	1	0
221	121	2	0
222	121	3	0
223	121	3	0
227	121	2	0
230	121	4	0
231	121	4	0
233	121	4	0
238	121	4	0
244	121	1	0
246	121	4	0
247	121	4	0
248	121	2	0
249	121	3	0
251	121	4	0
253	121	5	0
254	121	3	0
255	121	2	0
256	121	5	0
257	121	3	0
259	121	3	0
262	121	3	0
267	121	3	0
268	121	2	0
269	121	1	0
270	121	4	0
271	121	2	0
275	121	3	0
276	121	4	0
277	121	2	0
279	121	4	0
286	121	3	0
287	121	4	0
288	121	2	0
289	121	3	0
290	121	4	0
291	121	2	0
293	121	3	0
294	121	5	0
295	121	4	0
296	121	5	0
298	121	4	0
301	121	4	0
303	121	3	0
305	121	3	0
307	121	1	0
308	121	3	0
311	121	4	0
312	121	3	0
313	121	4	0
314	121	4	0
315	121	2	0
318	121	1	0
320	121	5	0
323	121	3	0
327	121	2	0
328	121	4	0
330	121	4	0
332	121	5	0
334	121	3	0
336	121	4	0
337	121	5	0
339	121	3	0
343	121	2	0
344	121	3	0
345	121	3	0
346	121	4	0
347	121	3	0
348	121	5	0
349	121	2	0
357	121	5	0
359	121	4	0
361	121	2	0
363	121	2	0
374	121	4	0
378	121	4	0
380	121	3	0
381	121	2	0
386	121	3	0
387	121	2	0
388	121	4	0
393	121	4	0
394	121	4	0
395	121	3	0
396	121	5	0
399	121	3	0
401	121	3	0
403	121	5	0
406	121	5	0
407	121	4	0
416	121	5	0
417	121	3	0
425	121	4	0
429	121	3	0
430	121	2	0
432	121	4	0
434	121	4	0
435	121	3	0
437	121	3	0
438	121	5	0
439	121	2	0
441	121	4	0
442	121	2	0
445	121	1	0
447	121	5	0
450	121	3	0
452	121	5	0
454	121	4	0
455	121	4	0
456	121	2	0
457	121	4	0
458	121	1	0
459	121	5	0
461	121	2	0
463	121	3	0
466	121	3	0
468	121	4	0
472	121	5	0
474	121	4	0
479	121	4	0
483	121	2	0
484	121	4	0
486	121	3	0
487	121	4	0
493	121	5	0
494	121	4	0
495	121	5	0
497	121	4	0
498	121	2	0
500	121	3	0
501	121	4	0
503	121	3	0
504	121	4	0
505	121	4	0
507	121	5	0
508	121	2	0
513	121	5	0
518	121	5	0
521	121	2	0
525	121	4	0
526	121	2	0
532	121	4	0
533	121	4	0
534	121	4	0
535	121	4	0
536	121	4	0
537	121	1	0
538	121	3	0
540	121	2	0
541	121	3	0
542	121	2	0
545	121	5	0
546	121	5	0
548	121	5	0
549	121	4	0
550	121	5	0
551	121	5	0
552	121	4	0
554	121	4	0
555	121	3	0
560	121	3	0
561	121	3	0
564	121	4	0
566	121	3	0
569	121	3	0
572	121	2	0
577	121	5	0
580	121	4	0
582	121	3	0
586	121	5	0
588	121	5	0
592	121	4	0
593	121	4	0
595	121	2	0
601	121	2	0
602	121	4	0
605	121	1	0
606	121	4	0
607	121	2	0
614	121	4	0
618	121	4	0
619	121	5	0
620	121	5	0
621	121	3	0
622	121	1	0
623	121	4	0
624	121	3	0
625	121	3	0
627	121	3	0
630	121	4	0
633	121	3	0
634	121	5	0
636	121	5	0
637	121	4	0
638	121	4	0
642	121	5	0
643	121	4	0
644	121	5	0
647	121	4	0
648	121	5	0
649	121	2	0
650	121	3	0
653	121	4	0
654	121	4	0
655	121	3	0
659	121	4	0
660	121	2	0
661	121	2	0
663	121	4	0
664	121	3	0
665	121	2	0
666	121	3	0
669	121	3	0
671	121	4	0
674	121	4	0
679	121	2	0
680	121	3	0
682	121	4	0
684	121	3	0
689	121	5	0
690	121	3	0
693	121	2	0
694	121	5	0
697	121	4	0
698	121	2	0
699	121	3	0
703	121	5	0
705	121	5	0
708	121	3	0
709	121	4	0
711	121	1	0
714	121	4	0
715	121	4	0
716	121	5	0
717	121	2	0
718	121	4	0
719	121	1	0
722	121	5	0
727	121	4	0
730	121	4	0
733	121	3	0
734	121	4	0
738	121	4	0
741	121	2	0
746	121	3	0
749	121	3	0
751	121	4	0
756	121	3	0
757	121	2	0
758	121	2	0
759	121	5	0
764	121	5	0
768	121	4	0
769	121	4	0
773	121	2	0
774	121	1	0
778	121	3	0
779	121	3	0
786	121	2	0
788	121	4	0
790	121	3	0
792	121	4	0
793	121	3	0
795	121	3	0
796	121	5	0
798	121	5	0
800	121	4	0
804	121	4	0
805	121	3	0
806	121	4	0
807	121	4	0
815	121	2	0
817	121	3	0
821	121	3	0
825	121	5	0
833	121	1	0
838	121	2	0
839	121	3	0
840	121	2	0
843	121	3	0
844	121	3	0
847	121	3	0
848	121	4	0
849	121	5	0
850	121	5	0
851	121	4	0
852	121	4	0
854	121	1	0
862	121	5	0
864	121	4	0
865	121	1	0
868	121	2	0
871	121	4	0
872	121	4	0
879	121	4	0
880	121	2	0
881	121	5	0
882	121	4	0
887	121	5	0
889	121	4	0
890	121	2	0
891	121	4	0
892	121	4	0
893	121	4	0
894	121	3	0
896	121	3	0
897	121	5	0
899	121	5	0
900	121	2	0
901	121	4	0
903	121	3	0
906	121	4	0
907	121	4	0
910	121	1	0
916	121	3	0
917	121	1	0
921	121	5	0
923	121	4	0
924	121	4	0
927	121	5	0
930	121	4	0
931	121	2	0
932	121	3	0
933	121	3	0
934	121	3	0
935	121	4	0
936	121	4	0
938	121	5	0
939	121	5	0
943	121	3	0
1	127	5	0
2	127	5	0
6	127	5	0
7	127	5	0
8	127	5	0
10	127	5	0
12	127	4	0
13	127	5	0
14	127	2	0
15	127	2	0
16	127	5	0
18	127	5	0
21	127	5	0
22	127	5	0
24	127	5	0
25	127	3	0
26	127	5	0
37	127	4	0
38	127	2	0
43	127	4	0
45	127	5	0
46	127	5	0
54	127	4	0
58	127	4	0
59	127	5	0
62	127	4	0
64	127	5	0
66	127	4	0
68	127	4	0
72	127	5	0
73	127	5	0
77	127	2	0
82	127	2	0
83	127	4	0
85	127	5	0
87	127	4	0
89	127	5	0
90	127	4	0
91	127	5	0
94	127	5	0
95	127	4	0
96	127	5	0
102	127	2	0
103	127	4	0
104	127	3	0
108	127	4	0
109	127	2	0
113	127	4	0
115	127	5	0
116	127	5	0
120	127	4	0
121	127	5	0
122	127	5	0
123	127	5	0
131	127	4	0
132	127	4	0
136	127	5	0
139	127	5	0
141	127	2	0
144	127	4	0
148	127	1	0
150	127	5	0
153	127	3	0
157	127	5	0
158	127	5	0
159	127	5	0
160	127	5	0
161	127	3	0
165	127	4	0
169	127	4	0
175	127	5	0
177	127	5	0
178	127	5	0
184	127	5	0
185	127	5	0
188	127	4	0
189	127	4	0
192	127	4	0
193	127	5	0
194	127	5	0
195	127	5	0
197	127	5	0
198	127	5	0
201	127	5	0
207	127	5	0
209	127	5	0
210	127	5	0
211	127	4	0
212	127	2	0
213	127	5	0
214	127	4	0
215	127	4	0
222	127	5	0
227	127	4	0
231	127	3	0
232	127	3	0
233	127	5	0
234	127	4	0
236	127	5	0
237	127	5	0
243	127	4	0
248	127	5	0
250	127	4	0
253	127	5	0
256	127	4	0
263	127	4	0
267	127	5	0
268	127	4	0
269	127	4	0
271	127	5	0
272	127	5	0
276	127	5	0
280	127	5	0
286	127	4	0
288	127	5	0
292	127	5	0
293	127	5	0
294	127	5	0
296	127	5	0
298	127	5	0
299	127	5	0
301	127	4	0
303	127	5	0
305	127	5	0
308	127	4	0
311	127	4	0
313	127	5	0
315	127	5	0
316	127	2	0
318	127	5	0
321	127	3	0
322	127	4	0
323	127	5	0
324	127	4	0
325	127	5	0
326	127	1	0
327	127	4	0
328	127	5	0
329	127	4	0
332	127	5	0
333	127	4	0
334	127	4	0
337	127	3	0
339	127	5	0
343	127	5	0
344	127	5	0
346	127	5	0
347	127	5	0
350	127	5	0
358	127	1	0
360	127	5	0
363	127	4	0
368	127	4	0
371	127	4	0
373	127	2	0
374	127	4	0
379	127	5	0
382	127	3	0
385	127	4	0
386	127	5	0
387	127	4	0
389	127	5	0
391	127	5	0
392	127	5	0
395	127	5	0
397	127	5	0
398	127	4	0
399	127	2	0
401	127	1	0
402	127	5	0
403	127	4	0
405	127	5	0
406	127	4	0
407	127	3	0
409	127	4	0
416	127	5	0
417	127	4	0
420	127	5	0
421	127	4	0
422	127	4	0
423	127	4	0
424	127	4	0
425	127	4	0
429	127	4	0
430	127	4	0
435	127	4	0
436	127	5	0
445	127	2	0
449	127	5	0
450	127	5	0
452	127	5	0
455	127	5	0
456	127	5	0
457	127	5	0
458	127	5	0
459	127	4	0
460	127	4	0
463	127	5	0
464	127	5	0
465	127	4	0
466	127	3	0
467	127	5	0
468	127	4	0
469	127	4	0
473	127	5	0
474	127	5	0
475	127	4	0
479	127	5	0
480	127	3	0
482	127	4	0
486	127	5	0
488	127	4	0
490	127	5	0
491	127	3	0
492	127	5	0
493	127	3	0
494	127	5	0
495	127	4	0
497	127	5	0
498	127	4	0
499	127	4	0
501	127	5	0
503	127	5	0
504	127	5	0
505	127	1	0
513	127	4	0
517	127	4	0
521	127	4	0
524	127	5	0
525	127	3	0
526	127	4	0
527	127	5	0
532	127	5	0
533	127	5	0
537	127	5	0
538	127	5	0
539	127	3	0
542	127	5	0
548	127	5	0
549	127	5	0
551	127	5	0
552	127	4	0
556	127	5	0
557	127	4	0
559	127	4	0
560	127	5	0
562	127	5	0
564	127	4	0
566	127	5	0
567	127	5	0
568	127	4	0
573	127	4	0
575	127	2	0
581	127	5	0
586	127	4	0
590	127	4	0
591	127	4	0
592	127	5	0
594	127	4	0
595	127	5	0
597	127	4	0
600	127	5	0
601	127	4	0
602	127	5	0
604	127	4	0
605	127	5	0
606	127	4	0
608	127	5	0
610	127	5	0
612	127	2	0
613	127	4	0
615	127	5	0
618	127	5	0
619	127	4	0
622	127	5	0
623	127	4	0
624	127	4	0
629	127	5	0
630	127	2	0
634	127	5	0
637	127	2	0
638	127	2	0
643	127	5	0
644	127	4	0
648	127	3	0
649	127	5	0
650	127	2	0
651	127	4	0
653	127	5	0
655	127	5	0
658	127	5	0
659	127	5	0
663	127	5	0
664	127	5	0
665	127	4	0
666	127	5	0
669	127	5	0
672	127	4	0
674	127	5	0
678	127	5	0
682	127	5	0
683	127	4	0
686	127	5	0
690	127	4	0
692	127	3	0
693	127	4	0
694	127	5	0
697	127	5	0
698	127	4	0
699	127	3	0
701	127	4	0
703	127	5	0
708	127	3	0
709	127	5	0
710	127	5	0
716	127	5	0
717	127	4	0
719	127	3	0
721	127	5	0
727	127	4	0
731	127	4	0
733	127	3	0
735	127	4	0
736	127	4	0
737	127	5	0
738	127	4	0
742	127	5	0
744	127	5	0
745	127	2	0
746	127	2	0
747	127	5	0
749	127	4	0
754	127	4	0
758	127	5	0
759	127	2	0
761	127	3	0
763	127	4	0
765	127	5	0
766	127	5	0
768	127	5	0
773	127	5	0
774	127	4	0
776	127	5	0
777	127	1	0
781	127	5	0
782	127	4	0
786	127	4	0
789	127	5	0
793	127	5	0
794	127	5	0
796	127	5	0
797	127	4	0
799	127	4	0
800	127	4	0
804	127	3	0
805	127	3	0
806	127	5	0
807	127	3	0
815	127	3	0
823	127	5	0
825	127	3	0
826	127	5	0
830	127	4	0
833	127	5	0
834	127	5	0
835	127	4	0
838	127	5	0
839	127	5	0
840	127	4	0
843	127	2	0
846	127	5	0
848	127	3	0
851	127	5	0
852	127	4	0
854	127	4	0
858	127	5	0
862	127	5	0
864	127	4	0
868	127	4	0
869	127	5	0
870	127	5	0
871	127	5	0
874	127	5	0
878	127	4	0
879	127	5	0
880	127	5	0
881	127	4	0
883	127	5	0
884	127	4	0
886	127	4	0
887	127	3	0
889	127	4	0
890	127	5	0
891	127	4	0
892	127	5	0
896	127	5	0
897	127	5	0
902	127	3	0
903	127	5	0
908	127	4	0
910	127	5	0
913	127	4	0
922	127	3	0
924	127	3	0
928	127	5	0
929	127	5	0
931	127	5	0
933	127	5	0
935	127	4	0
936	127	5	0
938	127	5	0
939	127	5	0
943	127	5	0
1	151	4	0
5	151	3	0
6	151	3	0
7	151	4	0
14	151	5	0
16	151	5	0
17	151	4	0
18	151	3	0
20	151	3	0
23	151	3	0
24	151	5	0
25	151	4	0
26	151	3	0
32	151	3	0
42	151	4	0
43	151	4	0
44	151	4	0
45	151	2	0
46	151	4	0
49	151	5	0
52	151	5	0
53	151	4	0
54	151	2	0
56	151	4	0
57	151	3	0
58	151	3	0
59	151	5	0
60	151	5	0
62	151	5	0
64	151	3	0
67	151	4	0
69	151	5	0
70	151	3	0
71	151	1	0
75	151	5	0
81	151	2	0
82	151	2	0
83	151	3	0
84	151	4	0
89	151	5	0
90	151	2	0
93	151	1	0
94	151	5	0
95	151	4	0
101	151	3	0
109	151	5	0
117	151	4	0
128	151	3	0
132	151	3	0
138	151	4	0
141	151	2	0
148	151	4	0
150	151	4	0
151	151	5	0
152	151	4	0
160	151	4	0
162	151	3	0
168	151	5	0
174	151	3	0
176	151	4	0
181	151	2	0
188	151	3	0
189	151	5	0
198	151	4	0
200	151	3	0
203	151	4	0
213	151	5	0
214	151	5	0
215	151	5	0
216	151	3	0
221	151	1	0
222	151	3	0
231	151	1	0
234	151	3	0
236	151	2	0
238	151	2	0
243	151	3	0
244	151	5	0
245	151	3	0
246	151	5	0
247	151	4	0
250	151	4	0
251	151	5	0
254	151	2	0
256	151	5	0
257	151	4	0
265	151	2	0
268	151	3	0
269	151	5	0
276	151	5	0
277	151	3	0
279	151	4	0
283	151	4	0
285	151	5	0
286	151	5	0
289	151	2	0
290	151	2	0
291	151	5	0
292	151	5	0
293	151	4	0
294	151	5	0
295	151	4	0
296	151	2	0
297	151	3	0
298	151	3	0
299	151	4	0
301	151	2	0
303	151	5	0
305	151	4	0
308	151	4	0
312	151	2	0
313	151	1	0
314	151	4	0
323	151	4	0
327	151	4	0
330	151	4	0
334	151	4	0
336	151	1	0
337	151	5	0
339	151	4	0
344	151	5	0
345	151	5	0
346	151	4	0
347	151	3	0
348	151	3	0
354	151	3	0
357	151	5	0
363	151	4	0
365	151	4	0
373	151	4	0
374	151	3	0
378	151	3	0
379	151	4	0
380	151	4	0
381	151	5	0
382	151	4	0
385	151	2	0
387	151	3	0
389	151	4	0
394	151	5	0
395	151	3	0
396	151	3	0
399	151	2	0
401	151	1	0
402	151	5	0
403	151	4	0
406	151	2	0
407	151	4	0
416	151	3	0
417	151	5	0
422	151	4	0
424	151	2	0
429	151	5	0
430	151	4	0
432	151	4	0
434	151	5	0
435	151	3	0
437	151	5	0
445	151	4	0
447	151	3	0
450	151	5	0
453	151	3	0
457	151	5	0
460	151	3	0
463	151	4	0
465	151	3	0
471	151	2	0
472	151	3	0
474	151	3	0
478	151	5	0
479	151	4	0
483	151	2	0
484	151	4	0
486	151	2	0
490	151	1	0
493	151	3	0
495	151	5	0
496	151	3	0
497	151	3	0
498	151	4	0
500	151	3	0
501	151	4	0
504	151	4	0
505	151	3	0
508	151	5	0
518	151	3	0
521	151	3	0
524	151	1	0
525	151	5	0
532	151	5	0
533	151	3	0
534	151	4	0
535	151	4	0
536	151	3	0
537	151	2	0
541	151	3	0
545	151	4	0
548	151	1	0
549	151	3	0
552	151	3	0
553	151	5	0
554	151	4	0
560	151	3	0
561	151	2	0
569	151	5	0
577	151	4	0
580	151	2	0
582	151	4	0
588	151	4	0
592	151	4	0
595	151	5	0
597	151	4	0
601	151	3	0
606	151	5	0
618	151	3	0
620	151	4	0
621	151	5	0
625	151	3	0
637	151	5	0
640	151	4	0
642	151	3	0
648	151	2	0
650	151	3	0
653	151	3	0
654	151	4	0
657	151	4	0
658	151	5	0
660	151	5	0
663	151	3	0
664	151	4	0
665	151	3	0
666	151	2	0
669	151	5	0
674	151	2	0
677	151	4	0
680	151	5	0
682	151	5	0
684	151	3	0
689	151	3	0
699	151	3	0
705	151	3	0
707	151	4	0
708	151	4	0
711	151	4	0
714	151	3	0
716	151	5	0
722	151	5	0
730	151	4	0
733	151	4	0
738	151	4	0
741	151	3	0
745	151	2	0
749	151	5	0
756	151	4	0
757	151	4	0
758	151	5	0
761	151	2	0
763	151	4	0
764	151	4	0
765	151	4	0
768	151	2	0
770	151	5	0
788	151	1	0
789	151	2	0
790	151	4	0
792	151	3	0
793	151	5	0
795	151	3	0
796	151	5	0
798	151	3	0
804	151	3	0
805	151	5	0
807	151	4	0
815	151	4	0
821	151	4	0
823	151	4	0
829	151	4	0
830	151	3	0
833	151	4	0
834	151	4	0
837	151	5	0
843	151	2	0
844	151	4	0
847	151	4	0
848	151	4	0
852	151	4	0
854	151	4	0
859	151	2	0
862	151	5	0
864	151	5	0
868	151	5	0
869	151	5	0
872	151	2	0
878	151	1	0
879	151	3	0
880	151	4	0
881	151	2	0
882	151	5	0
883	151	5	0
885	151	4	0
887	151	5	0
889	151	3	0
890	151	5	0
892	151	4	0
893	151	4	0
895	151	5	0
897	151	5	0
899	151	2	0
901	151	3	0
907	151	4	0
908	151	3	0
911	151	5	0
913	151	4	0
916	151	3	0
918	151	2	0
919	151	4	0
921	151	3	0
922	151	5	0
923	151	4	0
930	151	2	0
932	151	3	0
933	151	4	0
934	151	3	0
938	151	4	0
940	151	3	0
943	151	4	0
1	181	5	0
3	181	4	0
5	181	5	0
7	181	3	0
8	181	4	0
13	181	5	0
14	181	5	0
15	181	5	0
18	181	3	0
20	181	4	0
22	181	5	0
23	181	4	0
25	181	5	0
26	181	4	0
30	181	4	0
32	181	4	0
41	181	4	0
42	181	5	0
43	181	4	0
44	181	4	0
45	181	4	0
46	181	4	0
48	181	5	0
49	181	1	0
51	181	5	0
53	181	4	0
54	181	5	0
55	181	4	0
56	181	5	0
57	181	5	0
58	181	3	0
59	181	5	0
60	181	4	0
62	181	4	0
63	181	3	0
64	181	4	0
66	181	5	0
68	181	5	0
69	181	5	0
70	181	4	0
71	181	3	0
72	181	1	0
77	181	3	0
82	181	4	0
83	181	4	0
85	181	4	0
87	181	5	0
89	181	4	0
91	181	5	0
92	181	4	0
94	181	4	0
95	181	4	0
96	181	5	0
99	181	5	0
101	181	4	0
102	181	2	0
103	181	4	0
104	181	5	0
108	181	3	0
109	181	5	0
115	181	4	0
116	181	4	0
117	181	5	0
119	181	4	0
121	181	5	0
125	181	5	0
128	181	4	0
130	181	5	0
137	181	5	0
141	181	4	0
142	181	5	0
144	181	4	0
145	181	5	0
148	181	5	0
150	181	5	0
151	181	5	0
153	181	1	0
158	181	3	0
161	181	2	0
162	181	4	0
164	181	5	0
165	181	5	0
168	181	4	0
169	181	5	0
176	181	3	0
177	181	4	0
178	181	5	0
180	181	2	0
182	181	5	0
183	181	2	0
184	181	4	0
185	181	4	0
188	181	3	0
189	181	3	0
194	181	3	0
195	181	5	0
197	181	5	0
198	181	4	0
201	181	2	0
203	181	5	0
207	181	3	0
209	181	4	0
210	181	5	0
211	181	1	0
213	181	4	0
214	181	3	0
215	181	4	0
216	181	3	0
217	181	1	0
221	181	4	0
222	181	4	0
230	181	4	0
231	181	4	0
232	181	4	0
234	181	3	0
235	181	3	0
236	181	4	0
238	181	3	0
239	181	3	0
244	181	4	0
245	181	4	0
246	181	5	0
247	181	4	0
248	181	4	0
249	181	3	0
250	181	4	0
251	181	4	0
254	181	5	0
256	181	4	0
257	181	5	0
259	181	4	0
262	181	3	0
263	181	4	0
265	181	2	0
267	181	5	0
268	181	4	0
269	181	2	0
270	181	4	0
271	181	5	0
274	181	5	0
275	181	4	0
276	181	5	0
277	181	3	0
279	181	3	0
280	181	3	0
286	181	3	0
287	181	3	0
290	181	5	0
291	181	5	0
292	181	4	0
293	181	3	0
294	181	5	0
295	181	4	0
296	181	5	0
297	181	4	0
298	181	4	0
299	181	3	0
301	181	5	0
303	181	5	0
305	181	4	0
307	181	5	0
308	181	4	0
310	181	4	0
311	181	4	0
312	181	4	0
313	181	4	0
323	181	5	0
325	181	4	0
326	181	4	0
327	181	4	0
328	181	4	0
329	181	4	0
330	181	5	0
332	181	5	0
334	181	4	0
337	181	2	0
339	181	4	0
340	181	4	0
344	181	3	0
345	181	4	0
346	181	5	0
347	181	5	0
350	181	4	0
352	181	4	0
354	181	4	0
359	181	5	0
360	181	4	0
363	181	5	0
368	181	4	0
369	181	5	0
370	181	4	0
371	181	3	0
373	181	5	0
374	181	3	0
376	181	4	0
378	181	4	0
379	181	4	0
380	181	3	0
385	181	1	0
386	181	3	0
387	181	4	0
389	181	4	0
390	181	4	0
392	181	5	0
393	181	4	0
394	181	4	0
395	181	5	0
397	181	4	0
398	181	4	0
399	181	3	0
401	181	3	0
402	181	4	0
403	181	4	0
405	181	5	0
406	181	5	0
407	181	3	0
409	181	4	0
411	181	5	0
413	181	5	0
416	181	5	0
417	181	3	0
419	181	4	0
422	181	4	0
425	181	4	0
429	181	5	0
430	181	4	0
432	181	5	0
435	181	5	0
437	181	4	0
438	181	4	0
442	181	4	0
445	181	2	0
447	181	5	0
450	181	4	0
452	181	4	0
453	181	5	0
454	181	3	0
455	181	4	0
456	181	3	0
457	181	4	0
458	181	2	0
459	181	4	0
462	181	4	0
464	181	3	0
465	181	3	0
466	181	4	0
467	181	3	0
468	181	3	0
470	181	4	0
472	181	5	0
474	181	5	0
479	181	5	0
481	181	5	0
483	181	4	0
484	181	5	0
486	181	4	0
487	181	4	0
488	181	4	0
490	181	4	0
493	181	5	0
494	181	4	0
495	181	5	0
496	181	5	0
497	181	5	0
498	181	2	0
499	181	3	0
500	181	3	0
501	181	4	0
503	181	5	0
504	181	3	0
505	181	3	0
506	181	5	0
507	181	5	0
508	181	3	0
509	181	4	0
513	181	5	0
514	181	4	0
516	181	4	0
517	181	4	0
521	181	4	0
523	181	5	0
524	181	3	0
525	181	4	0
526	181	4	0
527	181	4	0
528	181	5	0
530	181	3	0
532	181	5	0
533	181	5	0
535	181	4	0
536	181	5	0
537	181	2	0
538	181	3	0
540	181	4	0
541	181	5	0
542	181	4	0
545	181	5	0
546	181	5	0
548	181	4	0
549	181	4	0
550	181	5	0
551	181	2	0
552	181	3	0
553	181	4	0
554	181	4	0
555	181	5	0
560	181	4	0
561	181	3	0
562	181	3	0
563	181	4	0
564	181	4	0
566	181	2	0
567	181	1	0
571	181	4	0
575	181	2	0
576	181	4	0
577	181	5	0
580	181	5	0
581	181	3	0
582	181	4	0
584	181	4	0
586	181	4	0
588	181	5	0
592	181	3	0
593	181	4	0
594	181	3	0
595	181	5	0
596	181	4	0
597	181	4	0
600	181	4	0
601	181	5	0
602	181	5	0
603	181	5	0
606	181	5	0
618	181	5	0
619	181	4	0
620	181	4	0
621	181	5	0
622	181	5	0
623	181	5	0
624	181	4	0
625	181	4	0
630	181	3	0
632	181	5	0
637	181	4	0
638	181	5	0
642	181	5	0
643	181	3	0
644	181	4	0
645	181	4	0
648	181	5	0
649	181	4	0
650	181	4	0
653	181	4	0
654	181	3	0
655	181	3	0
658	181	3	0
659	181	3	0
660	181	4	0
661	181	5	0
663	181	4	0
665	181	4	0
666	181	2	0
669	181	5	0
671	181	5	0
672	181	3	0
674	181	4	0
676	181	5	0
678	181	3	0
679	181	5	0
682	181	5	0
684	181	4	0
686	181	4	0
689	181	5	0
693	181	3	0
694	181	5	0
697	181	4	0
698	181	3	0
699	181	3	0
700	181	5	0
703	181	5	0
705	181	5	0
706	181	4	0
708	181	5	0
709	181	4	0
710	181	3	0
711	181	4	0
712	181	5	0
714	181	5	0
715	181	4	0
716	181	4	0
721	181	5	0
725	181	4	0
727	181	3	0
730	181	2	0
735	181	4	0
736	181	2	0
738	181	4	0
741	181	4	0
742	181	3	0
743	181	3	0
745	181	2	0
746	181	5	0
747	181	5	0
748	181	4	0
749	181	5	0
751	181	5	0
753	181	3	0
756	181	4	0
757	181	3	0
758	181	4	0
759	181	5	0
760	181	3	0
761	181	5	0
766	181	4	0
770	181	3	0
771	181	4	0
773	181	5	0
774	181	3	0
776	181	4	0
779	181	5	0
781	181	5	0
782	181	3	0
786	181	4	0
789	181	4	0
790	181	4	0
791	181	5	0
793	181	4	0
794	181	4	0
795	181	4	0
796	181	5	0
797	181	5	0
798	181	5	0
800	181	4	0
804	181	5	0
805	181	3	0
806	181	2	0
807	181	5	0
815	181	5	0
821	181	4	0
823	181	4	0
825	181	4	0
826	181	5	0
830	181	5	0
831	181	5	0
832	181	3	0
833	181	2	0
834	181	5	0
837	181	3	0
838	181	5	0
839	181	3	0
840	181	3	0
843	181	3	0
844	181	5	0
846	181	5	0
847	181	4	0
848	181	5	0
850	181	5	0
852	181	4	0
858	181	2	0
862	181	5	0
864	181	5	0
867	181	5	0
868	181	5	0
869	181	3	0
870	181	4	0
871	181	3	0
875	181	4	0
878	181	3	0
879	181	4	0
880	181	5	0
881	181	4	0
882	181	5	0
885	181	3	0
886	181	5	0
887	181	5	0
889	181	4	0
890	181	4	0
891	181	3	0
892	181	4	0
895	181	5	0
896	181	5	0
897	181	3	0
899	181	3	0
901	181	4	0
902	181	3	0
903	181	4	0
904	181	3	0
907	181	4	0
908	181	3	0
910	181	1	0
913	181	3	0
916	181	4	0
919	181	4	0
921	181	5	0
922	181	5	0
923	181	5	0
924	181	3	0
931	181	4	0
933	181	2	0
934	181	4	0
935	181	4	0
936	181	4	0
938	181	5	0
940	181	3	0
941	181	5	0
943	181	4	0
1	222	4	0
5	222	4	0
8	222	5	0
11	222	3	0
13	222	3	0
14	222	4	0
15	222	3	0
17	222	3	0
21	222	2	0
22	222	4	0
23	222	4	0
25	222	4	0
26	222	3	0
28	222	5	0
32	222	3	0
37	222	3	0
42	222	4	0
43	222	4	0
44	222	4	0
56	222	5	0
57	222	5	0
58	222	4	0
60	222	4	0
62	222	5	0
63	222	3	0
64	222	4	0
69	222	3	0
70	222	4	0
71	222	3	0
72	222	1	0
75	222	5	0
77	222	4	0
79	222	4	0
81	222	2	0
82	222	3	0
84	222	4	0
85	222	2	0
87	222	4	0
89	222	5	0
92	222	4	0
93	222	4	0
94	222	3	0
97	222	5	0
101	222	3	0
102	222	3	0
103	222	3	0
104	222	3	0
108	222	2	0
109	222	4	0
113	222	3	0
117	222	5	0
119	222	5	0
125	222	5	0
127	222	5	0
128	222	3	0
130	222	4	0
137	222	5	0
138	222	4	0
139	222	3	0
141	222	4	0
145	222	5	0
148	222	4	0
151	222	5	0
154	222	2	0
158	222	3	0
162	222	4	0
164	222	4	0
165	222	5	0
167	222	4	0
168	222	5	0
176	222	5	0
178	222	4	0
180	222	5	0
181	222	4	0
182	222	3	0
183	222	4	0
190	222	4	0
194	222	1	0
198	222	3	0
200	222	5	0
201	222	3	0
203	222	4	0
210	222	4	0
213	222	3	0
215	222	4	0
217	222	5	0
221	222	3	0
222	222	4	0
224	222	4	0
234	222	3	0
236	222	4	0
244	222	2	0
245	222	4	0
247	222	3	0
249	222	4	0
250	222	4	0
251	222	4	0
253	222	4	0
254	222	4	0
255	222	3	0
256	222	4	0
263	222	4	0
264	222	5	0
267	222	4	0
268	222	4	0
270	222	5	0
275	222	4	0
276	222	4	0
279	222	1	0
280	222	3	0
285	222	4	0
287	222	5	0
289	222	2	0
290	222	4	0
292	222	3	0
293	222	3	0
294	222	4	0
295	222	4	0
296	222	5	0
297	222	4	0
299	222	2	0
301	222	4	0
303	222	3	0
305	222	2	0
307	222	4	0
310	222	3	0
311	222	4	0
312	222	3	0
313	222	3	0
323	222	3	0
327	222	2	0
328	222	3	0
332	222	4	0
334	222	4	0
337	222	5	0
339	222	4	0
343	222	4	0
344	222	4	0
347	222	4	0
354	222	3	0
357	222	5	0
360	222	2	0
361	222	2	0
363	222	5	0
365	222	4	0
370	222	3	0
374	222	4	0
378	222	3	0
380	222	3	0
386	222	4	0
387	222	4	0
391	222	2	0
393	222	4	0
394	222	4	0
396	222	5	0
399	222	3	0
402	222	4	0
403	222	5	0
406	222	3	0
407	222	4	0
411	222	3	0
413	222	4	0
417	222	3	0
422	222	4	0
425	222	5	0
429	222	4	0
430	222	4	0
432	222	4	0
435	222	3	0
442	222	3	0
447	222	3	0
450	222	3	0
454	222	3	0
455	222	3	0
456	222	2	0
457	222	5	0
459	222	4	0
467	222	3	0
468	222	4	0
470	222	3	0
472	222	5	0
474	222	4	0
478	222	2	0
479	222	4	0
483	222	3	0
484	222	5	0
486	222	3	0
487	222	4	0
488	222	4	0
490	222	3	0
493	222	3	0
494	222	5	0
495	222	5	0
496	222	3	0
497	222	3	0
498	222	3	0
501	222	4	0
506	222	4	0
507	222	5	0
508	222	3	0
513	222	5	0
514	222	4	0
517	222	4	0
518	222	5	0
521	222	4	0
524	222	2	0
533	222	5	0
536	222	4	0
537	222	2	0
540	222	4	0
541	222	4	0
545	222	4	0
546	222	4	0
548	222	5	0
550	222	4	0
551	222	5	0
552	222	4	0
554	222	4	0
560	222	4	0
561	222	3	0
569	222	3	0
572	222	2	0
578	222	4	0
580	222	3	0
581	222	3	0
582	222	4	0
584	222	4	0
586	222	3	0
588	222	3	0
592	222	1	0
594	222	4	0
595	222	3	0
596	222	3	0
601	222	4	0
603	222	4	0
606	222	3	0
607	222	3	0
621	222	4	0
622	222	5	0
623	222	4	0
625	222	4	0
630	222	4	0
634	222	3	0
636	222	5	0
638	222	4	0
647	222	4	0
648	222	5	0
650	222	4	0
653	222	3	0
654	222	5	0
655	222	2	0
660	222	2	0
661	222	3	0
664	222	3	0
665	222	3	0
666	222	3	0
669	222	3	0
670	222	4	0
671	222	1	0
674	222	3	0
676	222	4	0
677	222	4	0
678	222	3	0
679	222	4	0
682	222	4	0
689	222	5	0
693	222	2	0
697	222	4	0
698	222	4	0
699	222	3	0
700	222	3	0
702	222	5	0
703	222	4	0
704	222	3	0
705	222	5	0
708	222	5	0
711	222	3	0
715	222	3	0
716	222	4	0
717	222	4	0
718	222	4	0
721	222	5	0
727	222	3	0
734	222	1	0
737	222	3	0
738	222	4	0
742	222	2	0
743	222	4	0
745	222	2	0
746	222	3	0
747	222	2	0
748	222	4	0
749	222	3	0
756	222	2	0
757	222	4	0
758	222	4	0
759	222	5	0
761	222	4	0
763	222	5	0
764	222	4	0
765	222	2	0
767	222	5	0
768	222	4	0
769	222	4	0
770	222	4	0
771	222	2	0
774	222	3	0
779	222	4	0
786	222	4	0
788	222	3	0
790	222	3	0
793	222	3	0
795	222	3	0
796	222	5	0
798	222	3	0
800	222	4	0
804	222	5	0
805	222	4	0
806	222	4	0
807	222	4	0
815	222	4	0
817	222	4	0
823	222	3	0
825	222	5	0
829	222	4	0
830	222	3	0
837	222	3	0
838	222	4	0
843	222	3	0
844	222	3	0
847	222	5	0
854	222	4	0
862	222	5	0
864	222	4	0
865	222	2	0
867	222	4	0
868	222	3	0
877	222	2	0
879	222	4	0
880	222	4	0
881	222	5	0
882	222	5	0
883	222	3	0
886	222	4	0
887	222	3	0
892	222	4	0
895	222	3	0
896	222	4	0
897	222	4	0
899	222	4	0
901	222	4	0
910	222	4	0
913	222	3	0
916	222	3	0
919	222	3	0
921	222	5	0
922	222	4	0
923	222	4	0
927	222	5	0
932	222	4	0
933	222	1	0
937	222	3	0
938	222	5	0
939	222	5	0
941	222	2	0
1	235	5	0
5	235	4	0
13	235	2	0
15	235	1	0
23	235	1	0
26	235	2	0
32	235	3	0
43	235	3	0
49	235	2	0
52	235	2	0
56	235	1	0
59	235	1	0
62	235	4	0
64	235	4	0
67	235	3	0
69	235	3	0
75	235	4	0
82	235	1	0
83	235	1	0
87	235	3	0
89	235	5	0
92	235	3	0
93	235	4	0
94	235	4	0
102	235	3	0
104	235	2	0
119	235	5	0
121	235	1	0
125	235	2	0
130	235	4	0
137	235	5	0
141	235	1	0
144	235	1	0
145	235	4	0
150	235	4	0
157	235	5	0
158	235	1	0
167	235	3	0
168	235	2	0
178	235	1	0
180	235	4	0
181	235	1	0
184	235	2	0
192	235	3	0
194	235	2	0
195	235	3	0
200	235	2	0
210	235	3	0
213	235	1	0
244	235	1	0
246	235	3	0
248	235	3	0
249	235	4	0
250	235	2	0
256	235	3	0
259	235	2	0
262	235	2	0
264	235	5	0
267	235	3	0
268	235	3	0
269	235	3	0
271	235	3	0
276	235	4	0
279	235	3	0
280	235	5	0
286	235	4	0
287	235	4	0
290	235	3	0
291	235	2	0
292	235	3	0
293	235	3	0
294	235	3	0
295	235	4	0
297	235	2	0
299	235	1	0
301	235	2	0
303	235	4	0
306	235	4	0
308	235	3	0
313	235	3	0
320	235	3	0
325	235	1	0
328	235	3	0
330	235	5	0
332	235	3	0
334	235	3	0
337	235	3	0
339	235	3	0
343	235	4	0
344	235	3	0
345	235	3	0
347	235	2	0
357	235	4	0
363	235	5	0
365	235	2	0
374	235	3	0
378	235	4	0
382	235	5	0
385	235	5	0
398	235	2	0
399	235	4	0
401	235	1	0
402	235	3	0
403	235	5	0
406	235	4	0
407	235	4	0
416	235	2	0
417	235	2	0
422	235	2	0
429	235	3	0
430	235	2	0
435	235	4	0
445	235	1	0
447	235	2	0
450	235	3	0
457	235	3	0
459	235	1	0
463	235	2	0
470	235	3	0
472	235	5	0
478	235	2	0
479	235	3	0
484	235	2	0
486	235	2	0
493	235	2	0
495	235	5	0
500	235	5	0
518	235	4	0
521	235	3	0
524	235	1	0
532	235	3	0
534	235	4	0
537	235	1	0
541	235	1	0
542	235	3	0
548	235	3	0
551	235	1	0
555	235	3	0
560	235	2	0
561	235	3	0
566	235	3	0
582	235	3	0
586	235	3	0
591	235	3	0
592	235	3	0
595	235	3	0
597	235	4	0
606	235	3	0
614	235	5	0
621	235	3	0
624	235	4	0
625	235	3	0
634	235	3	0
636	235	4	0
637	235	1	0
642	235	2	0
643	235	4	0
648	235	4	0
650	235	3	0
658	235	2	0
660	235	3	0
663	235	2	0
669	235	2	0
675	235	1	0
682	235	1	0
697	235	4	0
699	235	3	0
703	235	1	0
715	235	2	0
716	235	2	0
717	235	4	0
727	235	3	0
738	235	2	0
747	235	5	0
756	235	3	0
757	235	3	0
758	235	5	0
761	235	3	0
768	235	2	0
769	235	3	0
773	235	4	0
774	235	1	0
779	235	4	0
788	235	3	0
790	235	1	0
793	235	3	0
795	235	3	0
804	235	5	0
805	235	2	0
807	235	1	0
822	235	3	0
825	235	3	0
833	235	4	0
838	235	2	0
839	235	4	0
847	235	1	0
852	235	4	0
854	235	2	0
864	235	5	0
870	235	3	0
880	235	3	0
882	235	3	0
886	235	3	0
887	235	3	0
889	235	3	0
893	235	3	0
896	235	1	0
897	235	3	0
901	235	3	0
907	235	4	0
913	235	1	0
916	235	3	0
922	235	2	0
930	235	2	0
932	235	2	0
936	235	3	0
938	235	1	0
1	237	2	0
2	237	4	0
6	237	2	0
7	237	5	0
11	237	4	0
13	237	5	0
15	237	3	0
16	237	5	0
17	237	2	0
18	237	3	0
24	237	4	0
26	237	3	0
42	237	4	0
43	237	4	0
44	237	3	0
45	237	4	0
52	237	4	0
54	237	4	0
56	237	5	0
57	237	4	0
58	237	4	0
59	237	3	0
60	237	4	0
62	237	3	0
63	237	3	0
64	237	4	0
65	237	4	0
66	237	4	0
68	237	5	0
69	237	3	0
72	237	3	0
74	237	4	0
75	237	2	0
78	237	5	0
80	237	4	0
81	237	4	0
82	237	3	0
84	237	4	0
85	237	3	0
89	237	4	0
90	237	4	0
92	237	4	0
95	237	2	0
99	237	5	0
101	237	5	0
104	237	3	0
108	237	3	0
109	237	4	0
113	237	3	0
115	237	2	0
117	237	4	0
119	237	5	0
120	237	3	0
121	237	5	0
128	237	4	0
130	237	5	0
136	237	4	0
137	237	4	0
139	237	3	0
141	237	4	0
144	237	4	0
145	237	5	0
152	237	5	0
159	237	3	0
160	237	3	0
162	237	4	0
164	237	2	0
167	237	4	0
174	237	4	0
176	237	3	0
178	237	4	0
181	237	5	0
182	237	3	0
184	237	4	0
185	237	4	0
186	237	2	0
188	237	3	0
190	237	5	0
193	237	4	0
194	237	3	0
198	237	2	0
201	237	4	0
203	237	3	0
207	237	4	0
215	237	4	0
216	237	5	0
222	237	4	0
223	237	5	0
224	237	3	0
225	237	5	0
230	237	5	0
234	237	3	0
235	237	4	0
236	237	4	0
238	237	3	0
242	237	4	0
243	237	2	0
244	237	5	0
249	237	5	0
250	237	2	0
251	237	5	0
253	237	4	0
256	237	4	0
257	237	2	0
262	237	3	0
263	237	2	0
265	237	5	0
266	237	3	0
269	237	2	0
270	237	1	0
271	237	4	0
274	237	4	0
276	237	5	0
277	237	4	0
280	237	3	0
285	237	4	0
286	237	2	0
287	237	5	0
288	237	4	0
291	237	4	0
293	237	3	0
294	237	4	0
295	237	4	0
296	237	5	0
297	237	4	0
298	237	5	0
299	237	2	0
301	237	4	0
303	237	5	0
304	237	5	0
305	237	2	0
308	237	3	0
313	237	2	0
314	237	5	0
318	237	5	0
326	237	2	0
327	237	4	0
328	237	4	0
330	237	4	0
332	237	5	0
334	237	4	0
336	237	5	0
342	237	4	0
343	237	4	0
344	237	3	0
345	237	4	0
346	237	4	0
347	237	4	0
348	237	4	0
349	237	2	0
357	237	5	0
360	237	4	0
361	237	4	0
363	237	2	0
365	237	3	0
371	237	5	0
374	237	5	0
376	237	3	0
378	237	4	0
383	237	4	0
388	237	5	0
391	237	4	0
393	237	4	0
395	237	4	0
396	237	4	0
398	237	3	0
399	237	3	0
401	237	3	0
402	237	4	0
403	237	5	0
406	237	1	0
413	237	4	0
416	237	3	0
422	237	4	0
423	237	4	0
429	237	3	0
430	237	5	0
432	237	5	0
434	237	5	0
437	237	4	0
438	237	5	0
439	237	5	0
445	237	2	0
447	237	4	0
450	237	5	0
452	237	2	0
453	237	4	0
454	237	4	0
455	237	3	0
457	237	4	0
458	237	4	0
462	237	5	0
463	237	4	0
468	237	4	0
474	237	4	0
477	237	4	0
478	237	5	0
480	237	2	0
483	237	3	0
484	237	3	0
486	237	4	0
487	237	4	0
490	237	1	0
491	237	3	0
494	237	4	0
497	237	3	0
498	237	2	0
500	237	3	0
501	237	4	0
503	237	4	0
504	237	3	0
505	237	3	0
514	237	4	0
517	237	1	0
518	237	4	0
524	237	3	0
525	237	4	0
530	237	4	0
533	237	2	0
534	237	4	0
535	237	4	0
537	237	3	0
538	237	4	0
542	237	4	0
543	237	4	0
548	237	4	0
549	237	4	0
550	237	3	0
551	237	4	0
552	237	4	0
554	237	3	0
563	237	5	0
569	237	4	0
573	237	4	0
576	237	4	0
577	237	4	0
582	237	3	0
586	237	4	0
588	237	2	0
590	237	3	0
591	237	3	0
592	237	4	0
593	237	4	0
594	237	3	0
595	237	3	0
599	237	5	0
602	237	4	0
605	237	3	0
606	237	4	0
612	237	3	0
614	237	2	0
615	237	4	0
618	237	4	0
620	237	4	0
624	237	4	0
627	237	4	0
630	237	5	0
632	237	3	0
633	237	4	0
634	237	5	0
635	237	3	0
637	237	2	0
639	237	1	0
642	237	5	0
644	237	4	0
647	237	3	0
653	237	2	0
654	237	4	0
655	237	3	0
661	237	4	0
663	237	4	0
664	237	2	0
665	237	3	0
666	237	3	0
671	237	5	0
672	237	2	0
677	237	4	0
678	237	3	0
682	237	3	0
684	237	5	0
689	237	3	0
690	237	4	0
694	237	4	0
697	237	5	0
701	237	5	0
703	237	5	0
706	237	4	0
708	237	5	0
714	237	3	0
715	237	4	0
716	237	5	0
717	237	5	0
719	237	2	0
721	237	3	0
722	237	4	0
728	237	4	0
730	237	3	0
731	237	4	0
733	237	3	0
735	237	4	0
742	237	4	0
744	237	4	0
748	237	4	0
749	237	3	0
751	237	2	0
754	237	3	0
758	237	4	0
759	237	3	0
760	237	3	0
761	237	5	0
762	237	3	0
763	237	3	0
764	237	4	0
765	237	3	0
768	237	4	0
769	237	3	0
771	237	5	0
786	237	5	0
788	237	4	0
790	237	4	0
792	237	3	0
793	237	3	0
796	237	5	0
800	237	4	0
804	237	4	0
806	237	2	0
821	237	5	0
823	237	4	0
825	237	4	0
829	237	3	0
831	237	4	0
834	237	5	0
835	237	4	0
837	237	3	0
839	237	3	0
854	237	3	0
864	237	4	0
868	237	1	0
869	237	4	0
871	237	3	0
872	237	4	0
877	237	4	0
878	237	3	0
879	237	4	0
880	237	4	0
882	237	5	0
883	237	3	0
885	237	5	0
886	237	4	0
888	237	5	0
889	237	4	0
890	237	3	0
891	237	5	0
892	237	4	0
893	237	4	0
894	237	4	0
896	237	5	0
899	237	4	0
900	237	4	0
901	237	3	0
904	237	5	0
905	237	3	0
906	237	4	0
907	237	5	0
910	237	4	0
913	237	4	0
916	237	3	0
917	237	5	0
919	237	4	0
921	237	3	0
922	237	4	0
923	237	4	0
924	237	4	0
926	237	3	0
927	237	4	0
930	237	3	0
931	237	3	0
934	237	4	0
935	237	5	0
936	237	4	0
937	237	4	0
938	237	2	0
939	237	5	0
943	237	4	0
1	257	4	0
2	257	4	0
5	257	5	0
6	257	2	0
15	257	4	0
23	257	3	0
25	257	4	0
26	257	3	0
30	257	4	0
32	257	4	0
38	257	1	0
43	257	4	0
44	257	4	0
45	257	5	0
52	257	3	0
53	257	4	0
54	257	4	0
55	257	3	0
57	257	5	0
58	257	5	0
62	257	2	0
63	257	3	0
66	257	3	0
70	257	4	0
71	257	5	0
78	257	4	0
79	257	3	0
89	257	5	0
92	257	2	0
94	257	4	0
95	257	5	0
101	257	4	0
103	257	3	0
104	257	4	0
109	257	5	0
113	257	5	0
116	257	3	0
117	257	5	0
119	257	4	0
120	257	2	0
121	257	5	0
130	257	4	0
136	257	3	0
137	257	5	0
141	257	3	0
144	257	4	0
145	257	5	0
161	257	3	0
168	257	5	0
176	257	1	0
178	257	5	0
182	257	3	0
183	257	2	0
186	257	4	0
192	257	4	0
196	257	2	0
203	257	3	0
210	257	5	0
211	257	5	0
213	257	4	0
214	257	3	0
216	257	3	0
221	257	4	0
222	257	4	0
223	257	4	0
233	257	4	0
238	257	4	0
246	257	4	0
247	257	4	0
248	257	3	0
249	257	3	0
251	257	3	0
254	257	3	0
265	257	4	0
268	257	4	0
270	257	4	0
271	257	4	0
275	257	3	0
276	257	4	0
277	257	3	0
279	257	5	0
286	257	3	0
287	257	4	0
290	257	4	0
293	257	2	0
294	257	3	0
296	257	5	0
297	257	3	0
298	257	4	0
299	257	2	0
300	257	4	0
303	257	4	0
305	257	2	0
306	257	4	0
307	257	5	0
308	257	4	0
310	257	5	0
314	257	5	0
318	257	5	0
320	257	4	0
323	257	2	0
327	257	2	0
330	257	5	0
332	257	4	0
334	257	4	0
336	257	4	0
337	257	3	0
339	257	4	0
342	257	2	0
343	257	3	0
347	257	4	0
354	257	3	0
360	257	4	0
363	257	2	0
370	257	5	0
374	257	3	0
378	257	4	0
379	257	4	0
385	257	3	0
389	257	3	0
392	257	5	0
393	257	4	0
394	257	4	0
395	257	5	0
401	257	2	0
402	257	4	0
403	257	2	0
407	257	4	0
413	257	4	0
416	257	3	0
417	257	3	0
419	257	4	0
422	257	4	0
425	257	3	0
429	257	4	0
432	257	5	0
435	257	4	0
438	257	4	0
439	257	4	0
445	257	2	0
447	257	3	0
453	257	3	0
454	257	4	0
455	257	4	0
457	257	3	0
459	257	5	0
460	257	2	0
463	257	4	0
464	257	4	0
465	257	4	0
467	257	4	0
468	257	4	0
470	257	4	0
472	257	4	0
473	257	4	0
474	257	3	0
479	257	4	0
480	257	4	0
482	257	4	0
483	257	2	0
484	257	5	0
486	257	3	0
487	257	4	0
490	257	3	0
493	257	5	0
497	257	4	0
499	257	5	0
500	257	3	0
501	257	4	0
504	257	5	0
507	257	5	0
513	257	4	0
514	257	4	0
521	257	3	0
523	257	5	0
525	257	4	0
533	257	4	0
540	257	4	0
541	257	5	0
545	257	5	0
548	257	5	0
550	257	4	0
552	257	3	0
557	257	2	0
559	257	3	0
560	257	3	0
563	257	5	0
564	257	4	0
567	257	3	0
569	257	4	0
576	257	4	0
580	257	5	0
582	257	3	0
586	257	3	0
592	257	4	0
601	257	2	0
602	257	4	0
606	257	5	0
619	257	3	0
621	257	5	0
622	257	3	0
624	257	3	0
625	257	4	0
630	257	3	0
637	257	2	0
642	257	5	0
644	257	5	0
647	257	2	0
649	257	5	0
650	257	3	0
652	257	2	0
653	257	3	0
654	257	4	0
655	257	3	0
658	257	4	0
659	257	2	0
660	257	4	0
665	257	3	0
666	257	3	0
668	257	3	0
669	257	3	0
671	257	5	0
674	257	4	0
676	257	5	0
680	257	4	0
682	257	2	0
689	257	5	0
692	257	4	0
697	257	5	0
698	257	3	0
701	257	4	0
703	257	5	0
705	257	4	0
711	257	3	0
714	257	3	0
715	257	4	0
716	257	5	0
718	257	4	0
726	257	3	0
727	257	2	0
730	257	5	0
736	257	3	0
738	257	3	0
749	257	3	0
751	257	4	0
757	257	4	0
758	257	5	0
759	257	4	0
768	257	4	0
770	257	4	0
779	257	4	0
782	257	3	0
793	257	4	0
794	257	4	0
795	257	3	0
796	257	5	0
797	257	5	0
798	257	4	0
800	257	4	0
804	257	5	0
806	257	4	0
807	257	4	0
815	257	3	0
825	257	4	0
829	257	4	0
835	257	3	0
838	257	5	0
839	257	3	0
840	257	3	0
844	257	4	0
847	257	3	0
852	257	4	0
854	257	3	0
859	257	2	0
860	257	3	0
862	257	5	0
864	257	4	0
867	257	4	0
880	257	5	0
881	257	5	0
883	257	5	0
887	257	5	0
889	257	4	0
894	257	3	0
896	257	4	0
899	257	4	0
901	257	4	0
902	257	3	0
910	257	3	0
916	257	3	0
919	257	4	0
921	257	3	0
922	257	4	0
923	257	5	0
927	257	5	0
930	257	4	0
931	257	4	0
934	257	4	0
935	257	2	0
936	257	3	0
938	257	5	0
939	257	5	0
941	257	4	0
5	405	3	0
6	405	1	0
7	405	3	0
11	405	3	0
13	405	2	0
15	405	2	0
20	405	3	0
22	405	1	0
23	405	4	0
26	405	2	0
32	405	4	0
37	405	4	0
38	405	5	0
42	405	4	0
43	405	4	0
44	405	3	0
52	405	4	0
54	405	4	0
55	405	1	0
56	405	4	0
57	405	4	0
58	405	2	0
59	405	3	0
60	405	4	0
62	405	3	0
63	405	4	0
64	405	3	0
66	405	3	0
67	405	5	0
68	405	3	0
70	405	3	0
72	405	3	0
75	405	4	0
77	405	3	0
81	405	3	0
82	405	3	0
83	405	5	0
84	405	3	0
85	405	2	0
87	405	4	0
89	405	3	0
92	405	2	0
94	405	3	0
95	405	3	0
99	405	4	0
101	405	4	0
102	405	2	0
103	405	3	0
104	405	3	0
108	405	3	0
109	405	5	0
117	405	5	0
119	405	4	0
120	405	4	0
121	405	2	0
128	405	4	0
130	405	4	0
137	405	5	0
141	405	3	0
144	405	4	0
145	405	3	0
151	405	3	0
157	405	3	0
159	405	5	0
160	405	3	0
164	405	5	0
168	405	4	0
176	405	2	0
178	405	3	0
181	405	4	0
183	405	4	0
184	405	2	0
186	405	3	0
189	405	2	0
190	405	4	0
193	405	3	0
194	405	2	0
198	405	2	0
199	405	2	0
200	405	3	0
201	405	4	0
213	405	3	0
216	405	3	0
217	405	3	0
221	405	3	0
222	405	3	0
223	405	1	0
226	405	4	0
227	405	2	0
230	405	4	0
231	405	4	0
238	405	4	0
248	405	4	0
249	405	3	0
251	405	3	0
254	405	3	0
255	405	4	0
256	405	4	0
257	405	3	0
259	405	3	0
262	405	2	0
267	405	3	0
268	405	2	0
269	405	1	0
271	405	2	0
274	405	4	0
275	405	2	0
276	405	3	0
277	405	3	0
279	405	3	0
280	405	2	0
286	405	3	0
289	405	2	0
290	405	2	0
291	405	4	0
292	405	3	0
293	405	1	0
294	405	4	0
295	405	5	0
301	405	4	0
303	405	4	0
305	405	3	0
313	405	3	0
314	405	4	0
318	405	2	0
320	405	4	0
327	405	2	0
328	405	4	0
330	405	5	0
332	405	4	0
334	405	3	0
336	405	3	0
340	405	5	0
343	405	4	0
344	405	2	0
345	405	4	0
346	405	3	0
347	405	4	0
348	405	4	0
357	405	5	0
359	405	3	0
360	405	3	0
363	405	4	0
374	405	4	0
378	405	3	0
379	405	3	0
385	405	2	0
386	405	4	0
393	405	4	0
394	405	3	0
396	405	3	0
399	405	3	0
401	405	2	0
403	405	5	0
406	405	3	0
407	405	3	0
411	405	4	0
416	405	5	0
417	405	3	0
419	405	3	0
425	405	2	0
429	405	3	0
432	405	4	0
435	405	4	0
439	405	4	0
441	405	3	0
442	405	3	0
445	405	4	0
447	405	2	0
450	405	4	0
455	405	3	0
456	405	1	0
457	405	5	0
458	405	4	0
459	405	3	0
466	405	3	0
468	405	2	0
472	405	5	0
474	405	4	0
479	405	4	0
483	405	3	0
484	405	4	0
486	405	4	0
487	405	4	0
488	405	3	0
493	405	2	0
497	405	3	0
500	405	4	0
501	405	4	0
503	405	3	0
507	405	5	0
513	405	3	0
514	405	2	0
517	405	4	0
518	405	5	0
521	405	2	0
524	405	2	0
525	405	4	0
533	405	3	0
534	405	3	0
536	405	2	0
537	405	2	0
538	405	3	0
540	405	3	0
541	405	3	0
545	405	4	0
548	405	4	0
549	405	4	0
550	405	4	0
551	405	3	0
552	405	3	0
554	405	4	0
555	405	4	0
560	405	4	0
561	405	2	0
566	405	5	0
569	405	3	0
577	405	3	0
580	405	2	0
582	405	3	0
586	405	5	0
592	405	4	0
593	405	3	0
601	405	1	0
605	405	3	0
606	405	4	0
614	405	2	0
619	405	3	0
621	405	5	0
622	405	4	0
624	405	4	0
625	405	3	0
627	405	3	0
633	405	4	0
634	405	4	0
637	405	1	0
638	405	3	0
642	405	3	0
643	405	3	0
647	405	4	0
648	405	4	0
653	405	3	0
654	405	4	0
655	405	2	0
660	405	2	0
663	405	3	0
665	405	3	0
666	405	2	0
671	405	3	0
674	405	4	0
677	405	4	0
682	405	2	0
689	405	5	0
699	405	3	0
705	405	4	0
708	405	4	0
709	405	3	0
714	405	5	0
715	405	3	0
716	405	4	0
717	405	3	0
718	405	5	0
722	405	3	0
727	405	3	0
733	405	2	0
738	405	2	0
746	405	2	0
749	405	2	0
751	405	3	0
757	405	4	0
758	405	4	0
759	405	4	0
764	405	4	0
768	405	4	0
769	405	2	0
774	405	1	0
778	405	3	0
786	405	4	0
788	405	4	0
790	405	3	0
792	405	3	0
793	405	3	0
795	405	1	0
796	405	5	0
798	405	5	0
800	405	4	0
804	405	4	0
805	405	3	0
806	405	3	0
807	405	4	0
815	405	4	0
817	405	3	0
821	405	4	0
825	405	5	0
833	405	3	0
834	405	4	0
835	405	3	0
838	405	4	0
840	405	4	0
844	405	2	0
847	405	3	0
848	405	5	0
851	405	5	0
852	405	3	0
854	405	4	0
862	405	2	0
864	405	5	0
865	405	2	0
868	405	1	0
872	405	4	0
880	405	4	0
881	405	4	0
882	405	4	0
883	405	3	0
885	405	4	0
886	405	3	0
887	405	5	0
889	405	2	0
891	405	3	0
892	405	4	0
893	405	5	0
894	405	3	0
896	405	2	0
897	405	5	0
900	405	3	0
901	405	4	0
903	405	4	0
906	405	3	0
907	405	4	0
910	405	4	0
916	405	2	0
917	405	3	0
921	405	3	0
923	405	4	0
927	405	5	0
930	405	3	0
932	405	4	0
933	405	3	0
934	405	5	0
935	405	4	0
936	405	2	0
938	405	3	0
939	405	4	0
943	405	4	0
7	546	4	0
13	546	3	0
15	546	2	0
16	546	4	0
22	546	3	0
23	546	3	0
26	546	2	0
37	546	3	0
42	546	3	0
43	546	4	0
49	546	1	0
53	546	4	0
54	546	3	0
56	546	3	0
57	546	4	0
58	546	2	0
60	546	4	0
62	546	4	0
63	546	2	0
64	546	3	0
67	546	3	0
70	546	2	0
75	546	3	0
82	546	3	0
83	546	4	0
84	546	3	0
87	546	3	0
92	546	2	0
94	546	3	0
95	546	2	0
99	546	4	0
101	546	4	0
102	546	3	0
104	546	1	0
109	546	3	0
117	546	3	0
119	546	4	0
120	546	2	0
121	546	1	0
130	546	4	0
137	546	5	0
141	546	4	0
145	546	3	0
151	546	2	0
158	546	3	0
159	546	4	0
168	546	3	0
174	546	3	0
178	546	3	0
181	546	2	0
186	546	4	0
190	546	3	0
194	546	3	0
200	546	3	0
201	546	2	0
207	546	3	0
213	546	4	0
216	546	2	0
217	546	2	0
219	546	4	0
222	546	3	0
223	546	5	0
234	546	1	0
236	546	4	0
238	546	3	0
249	546	3	0
255	546	3	0
256	546	4	0
259	546	3	0
262	546	2	0
267	546	3	0
268	546	4	0
270	546	4	0
271	546	2	0
274	546	3	0
276	546	3	0
279	546	3	0
280	546	4	0
286	546	1	0
287	546	4	0
290	546	2	0
291	546	3	0
293	546	1	0
294	546	4	0
295	546	4	0
297	546	3	0
298	546	3	0
299	546	3	0
301	546	4	0
303	546	2	0
308	546	3	0
313	546	4	0
314	546	4	0
320	546	4	0
323	546	2	0
327	546	2	0
328	546	3	0
332	546	4	0
336	546	3	0
339	546	4	0
343	546	1	0
344	546	3	0
346	546	4	0
347	546	4	0
348	546	3	0
349	546	3	0
357	546	5	0
359	546	3	0
363	546	3	0
374	546	5	0
378	546	2	0
382	546	2	0
386	546	2	0
391	546	3	0
393	546	2	0
394	546	4	0
396	546	4	0
399	546	2	0
403	546	3	0
416	546	3	0
417	546	3	0
423	546	2	0
425	546	3	0
429	546	3	0
432	546	3	0
434	546	5	0
435	546	4	0
436	546	3	0
442	546	3	0
445	546	2	0
447	546	2	0
449	546	2	0
450	546	4	0
455	546	3	0
456	546	4	0
457	546	2	0
458	546	3	0
459	546	1	0
466	546	4	0
470	546	4	0
472	546	4	0
477	546	4	0
479	546	2	0
486	546	2	0
487	546	3	0
493	546	5	0
500	546	4	0
501	546	4	0
503	546	4	0
504	546	4	0
513	546	4	0
518	546	4	0
524	546	4	0
533	546	3	0
534	546	4	0
536	546	2	0
545	546	3	0
548	546	4	0
551	546	2	0
554	546	3	0
555	546	3	0
560	546	2	0
561	546	1	0
569	546	3	0
577	546	3	0
580	546	1	0
590	546	1	0
592	546	4	0
593	546	3	0
595	546	4	0
599	546	4	0
605	546	2	0
606	546	4	0
614	546	1	0
619	546	2	0
621	546	3	0
624	546	3	0
625	546	2	0
627	546	3	0
630	546	3	0
634	546	4	0
637	546	1	0
643	546	3	0
644	546	4	0
648	546	4	0
650	546	1	0
653	546	2	0
654	546	4	0
660	546	2	0
663	546	3	0
665	546	2	0
666	546	4	0
671	546	5	0
676	546	3	0
682	546	3	0
690	546	4	0
693	546	1	0
697	546	4	0
699	546	3	0
705	546	3	0
708	546	3	0
709	546	4	0
715	546	4	0
716	546	1	0
717	546	3	0
718	546	4	0
722	546	3	0
727	546	2	0
728	546	2	0
733	546	1	0
742	546	1	0
746	546	3	0
749	546	3	0
757	546	3	0
758	546	3	0
761	546	5	0
769	546	4	0
770	546	4	0
774	546	1	0
786	546	4	0
788	546	3	0
790	546	1	0
792	546	3	0
795	546	3	0
796	546	4	0
804	546	3	0
805	546	2	0
807	546	4	0
817	546	4	0
825	546	5	0
833	546	2	0
852	546	4	0
862	546	4	0
864	546	4	0
865	546	1	0
872	546	4	0
880	546	3	0
881	546	4	0
882	546	2	0
886	546	1	0
889	546	4	0
891	546	3	0
896	546	2	0
897	546	4	0
899	546	2	0
901	546	4	0
916	546	2	0
923	546	4	0
931	546	3	0
933	546	2	0
935	546	4	0
938	546	3	0
939	546	4	0
943	546	4	0
