1	245	2	0
3	245	1	0
10	245	4	0
17	245	2	0
21	245	1	0
29	245	3	0
32	245	2	0
33	245	3	0
34	245	4	0
40	245	3	0
44	245	4	0
46	245	3	0
54	245	4	0
57	245	4	0
62	245	2	0
68	245	3	0
69	245	1	0
74	245	3	0
83	245	2	0
84	245	4	0
90	245	3	0
92	245	4	0
94	245	1	0
99	245	3	0
102	245	3	0
104	245	2	0
109	245	3	0
110	245	3	0
112	245	4	0
113	245	3	0
119	245	4	0
120	245	3	0
126	245	3	0
128	245	2	0
129	245	2	0
130	245	1	0
133	245	3	0
140	245	3	0
141	245	3	0
146	245	5	0
149	245	3	0
155	245	2	0
159	245	5	0
164	245	5	0
170	245	5	0
171	245	3	0
173	245	4	0
177	245	3	0
178	245	3	0
181	245	2	0
190	245	4	0
197	245	4	0
200	245	3	0
204	245	3	0
206	245	1	0
207	245	3	0
222	245	3	0
224	245	3	0
225	245	2	0
229	245	3	0
240	245	4	0
249	245	2	0
255	245	1	0
256	245	4	0
257	245	4	0
261	245	4	0
263	245	4	0
265	245	4	0
266	245	1	0
276	245	3	0
278	245	3	0
280	245	3	0
291	245	2	0
293	245	3	0
294	245	3	0
297	245	3	0
302	245	2	0
303	245	3	0
305	245	1	0
313	245	3	0
317	245	4	0
323	245	2	0
327	245	1	0
328	245	4	0
329	245	3	0
332	245	4	0
334	245	2	0
335	245	4	0
344	245	3	0
345	245	2	0
346	245	4	0
347	245	5	0
348	245	4	0
351	245	3	0
353	245	4	0
357	245	4	0
362	245	4	0
378	245	3	0
393	245	3	0
396	245	3	0
402	245	1	0
404	245	3	0
413	245	2	0
416	245	2	0
417	245	4	0
423	245	4	0
427	245	5	0
428	245	5	0
431	245	4	0
433	245	3	0
435	245	2	0
438	245	5	0
440	245	4	0
443	245	3	0
444	245	4	0
445	245	2	0
446	245	4	0
450	245	4	0
451	245	2	0
452	245	2	0
454	245	3	0
455	245	3	0
458	245	2	0
459	245	3	0
460	245	3	0
476	245	4	0
482	245	4	0
485	245	3	0
486	245	3	0
488	245	3	0
489	245	3	0
494	245	3	0
500	245	2	0
501	245	3	0
504	245	4	0
505	245	4	0
507	245	5	0
509	245	2	0
510	245	3	0
526	245	2	0
529	245	3	0
531	245	4	0
533	245	3	0
540	245	3	0
548	245	4	0
551	245	3	0
554	245	3	0
564	245	4	0
570	245	1	0
574	245	5	0
578	245	3	0
579	245	2	0
587	245	1	0
592	245	1	0
593	245	3	0
594	245	3	0
599	245	3	0
605	245	3	0
616	245	3	0
619	245	4	0
624	245	3	0
627	245	4	0
629	245	3	0
634	245	3	0
637	245	3	0
642	245	4	0
652	245	4	0
653	245	4	0
656	245	1	0
663	245	4	0
666	245	3	0
670	245	4	0
674	245	4	0
676	245	4	0
677	245	5	0
682	245	3	0
683	245	2	0
687	245	3	0
696	245	4	0
697	245	3	0
706	245	3	0
717	245	4	0
721	245	3	0
724	245	2	0
725	245	4	0
732	245	4	0
733	245	3	0
735	245	3	0
749	245	4	0
750	245	3	0
755	245	4	0
756	245	3	0
759	245	3	0
761	245	5	0
764	245	4	0
768	245	2	0
772	245	5	0
775	245	3	0
777	245	5	0
781	245	2	0
782	245	4	0
787	245	3	0
791	245	4	0
796	245	3	0
801	245	3	0
803	245	4	0
804	245	4	0
808	245	4	0
809	245	3	0
812	245	2	0
817	245	2	0
818	245	4	0
819	245	3	0
824	245	2	0
825	245	5	0
827	245	3	0
831	245	2	0
832	245	3	0
834	245	4	0
853	245	3	0
860	245	3	0
864	245	4	0
865	245	3	0
871	245	3	0
880	245	2	0
885	245	2	0
894	245	4	0
896	245	4	0
905	245	3	0
907	245	4	0
910	245	2	0
919	245	2	0
920	245	2	0
921	245	1	0
923	245	3	0
925	245	3	0
926	245	3	0
930	245	3	0
931	245	4	0
938	245	3	0
1	258	5	0
2	258	3	0
3	258	2	0
4	258	5	0
6	258	2	0
7	258	4	0
8	258	5	0
11	258	5	0
13	258	4	0
15	258	3	0
19	258	4	0
21	258	4	0
22	258	5	0
23	258	5	0
24	258	4	0
25	258	5	0
26	258	3	0
28	258	5	0
30	258	5	0
33	258	4	0
35	258	2	0
39	258	4	0
40	258	3	0
43	258	5	0
44	258	4	0
47	258	4	0
49	258	2	0
52	258	5	0
53	258	4	0
54	258	4	0
56	258	4	0
57	258	5	0
59	258	3	0
61	258	4	0
62	258	5	0
63	258	3	0
64	258	3	0
65	258	3	0
66	258	4	0
68	258	5	0
69	258	4	0
74	258	4	0
76	258	3	0
79	258	5	0
84	258	4	0
85	258	4	0
86	258	5	0
90	258	3	0
92	258	4	0
94	258	5	0
99	258	5	0
100	258	4	0
102	258	4	0
104	258	3	0
105	258	5	0
107	258	4	0
109	258	5	0
110	258	4	0
111	258	4	0
112	258	3	0
113	258	5	0
116	258	4	0
117	258	4	0
118	258	5	0
119	258	2	0
120	258	5	0
125	258	5	0
126	258	4	0
127	258	5	0
128	258	2	0
129	258	2	0
130	258	4	0
133	258	5	0
134	258	4	0
135	258	4	0
136	258	5	0
140	258	3	0
141	258	5	0
143	258	3	0
144	258	4	0
145	258	4	0
146	258	4	0
147	258	4	0
149	258	3	0
151	258	5	0
153	258	5	0
154	258	3	0
157	258	3	0
159	258	4	0
163	258	4	0
164	258	5	0
165	258	5	0
166	258	4	0
168	258	4	0
169	258	5	0
170	258	3	0
171	258	4	0
173	258	4	0
176	258	4	0
177	258	3	0
178	258	4	0
179	258	5	0
180	258	5	0
181	258	3	0
183	258	3	0
184	258	3	0
185	258	4	0
186	258	1	0
190	258	3	0
192	258	5	0
193	258	3	0
195	258	4	0
197	258	4	0
198	258	4	0
199	258	4	0
200	258	4	0
201	258	2	0
202	258	4	0
203	258	3	0
204	258	2	0
205	258	3	0
206	258	4	0
207	258	4	0
209	258	2	0
213	258	4	0
215	258	3	0
217	258	1	0
219	258	5	0
220	258	3	0
221	258	1	0
222	258	5	0
223	258	1	0
224	258	3	0
226	258	5	0
229	258	2	0
234	258	2	0
238	258	3	0
244	258	5	0
245	258	4	0
247	258	5	0
249	258	5	0
250	258	4	0
251	258	3	0
254	258	4	0
255	258	4	0
257	258	3	0
258	258	2	0
260	258	3	0
262	258	4	0
263	258	3	0
265	258	4	0
268	258	2	0
270	258	3	0
271	258	3	0
274	258	5	0
275	258	3	0
276	258	5	0
277	258	4	0
278	258	3	0
281	258	2	0
282	258	5	0
284	258	4	0
285	258	2	0
286	258	4	0
288	258	4	0
293	258	3	0
294	258	3	0
296	258	5	0
297	258	5	0
301	258	4	0
302	258	3	0
303	258	4	0
305	258	4	0
306	258	2	0
307	258	5	0
309	258	5	0
310	258	3	0
311	258	4	0
313	258	3	0
322	258	4	0
323	258	4	0
324	258	4	0
327	258	1	0
328	258	5	0
329	258	3	0
332	258	5	0
334	258	4	0
335	258	1	0
339	258	3	0
343	258	5	0
344	258	3	0
345	258	4	0
347	258	4	0
350	258	3	0
351	258	5	0
353	258	5	0
354	258	4	0
356	258	5	0
357	258	4	0
358	258	4	0
360	258	4	0
361	258	3	0
362	258	4	0
363	258	3	0
365	258	4	0
367	258	4	0
377	258	4	0
378	258	4	0
380	258	4	0
382	258	2	0
384	258	4	0
387	258	4	0
388	258	5	0
390	258	5	0
391	258	3	0
392	258	2	0
393	258	4	0
395	258	4	0
400	258	5	0
402	258	4	0
403	258	4	0
404	258	4	0
407	258	4	0
408	258	3	0
410	258	2	0
411	258	4	0
413	258	4	0
414	258	5	0
415	258	4	0
416	258	5	0
417	258	4	0
418	258	5	0
422	258	4	0
423	258	5	0
424	258	2	0
425	258	2	0
427	258	4	0
429	258	4	0
430	258	4	0
432	258	4	0
435	258	4	0
440	258	4	0
443	258	5	0
444	258	3	0
447	258	5	0
448	258	4	0
450	258	4	0
451	258	4	0
453	258	4	0
454	258	4	0
455	258	5	0
456	258	4	0
457	258	5	0
459	258	3	0
460	258	3	0
461	258	4	0
463	258	5	0
464	258	5	0
465	258	5	0
466	258	4	0
467	258	2	0
468	258	4	0
470	258	4	0
472	258	5	0
474	258	4	0
475	258	1	0
479	258	5	0
480	258	3	0
482	258	2	0
483	258	4	0
484	258	5	0
486	258	5	0
487	258	5	0
488	258	4	0
489	258	5	0
490	258	2	0
491	258	4	0
493	258	5	0
497	258	4	0
498	258	2	0
499	258	2	0
500	258	4	0
502	258	2	0
504	258	5	0
505	258	1	0
506	258	4	0
507	258	4	0
509	258	4	0
510	258	4	0
512	258	3	0
513	258	4	0
514	258	4	0
515	258	4	0
517	258	5	0
521	258	4	0
523	258	5	0
526	258	3	0
528	258	4	0
529	258	4	0
533	258	4	0
535	258	5	0
537	258	4	0
538	258	3	0
539	258	4	0
540	258	4	0
541	258	4	0
544	258	3	0
545	258	3	0
546	258	4	0
547	258	4	0
548	258	4	0
549	258	5	0
550	258	5	0
551	258	4	0
552	258	4	0
555	258	3	0
560	258	5	0
561	258	2	0
564	258	4	0
569	258	5	0
570	258	3	0
573	258	4	0
574	258	5	0
578	258	1	0
579	258	5	0
580	258	5	0
582	258	4	0
583	258	4	0
584	258	4	0
587	258	4	0
588	258	4	0
589	258	2	0
592	258	5	0
595	258	4	0
596	258	3	0
598	258	5	0
601	258	5	0
606	258	4	0
609	258	3	0
613	258	5	0
616	258	4	0
619	258	5	0
623	258	4	0
624	258	4	0
625	258	4	0
626	258	4	0
627	258	4	0
628	258	5	0
629	258	4	0
630	258	3	0
632	258	4	0
634	258	4	0
636	258	5	0
641	258	3	0
642	258	3	0
644	258	4	0
645	258	3	0
646	258	3	0
650	258	3	0
653	258	3	0
654	258	4	0
655	258	2	0
657	258	2	0
659	258	4	0
661	258	4	0
663	258	3	0
666	258	4	0
668	258	2	0
669	258	2	0
671	258	5	0
673	258	2	0
675	258	3	0
676	258	2	0
681	258	1	0
682	258	3	0
683	258	3	0
689	258	5	0
693	258	4	0
698	258	3	0
699	258	5	0
702	258	5	0
703	258	4	0
706	258	4	0
708	258	5	0
710	258	2	0
711	258	4	0
714	258	4	0
717	258	5	0
720	258	4	0
721	258	3	0
723	258	4	0
724	258	4	0
725	258	4	0
727	258	2	0
730	258	5	0
733	258	3	0
735	258	4	0
737	258	5	0
738	258	4	0
740	258	3	0
742	258	5	0
743	258	5	0
745	258	5	0
747	258	2	0
748	258	5	0
749	258	4	0
750	258	3	0
752	258	3	0
755	258	5	0
756	258	3	0
757	258	5	0
758	258	4	0
759	258	4	0
760	258	5	0
761	258	4	0
763	258	3	0
769	258	3	0
770	258	5	0
771	258	5	0
772	258	5	0
773	258	5	0
774	258	1	0
775	258	4	0
779	258	5	0
781	258	2	0
782	258	4	0
783	258	4	0
784	258	5	0
787	258	5	0
788	258	4	0
790	258	3	0
796	258	4	0
798	258	4	0
799	258	5	0
802	258	5	0
805	258	3	0
806	258	3	0
807	258	3	0
809	258	3	0
811	258	5	0
815	258	4	0
816	258	3	0
817	258	3	0
818	258	4	0
819	258	2	0
820	258	3	0
825	258	4	0
826	258	4	0
827	258	3	0
829	258	3	0
831	258	2	0
832	258	3	0
834	258	4	0
836	258	4	0
837	258	4	0
838	258	5	0
839	258	4	0
841	258	5	0
842	258	3	0
843	258	4	0
844	258	4	0
846	258	3	0
847	258	5	0
851	258	4	0
853	258	3	0
854	258	4	0
856	258	4	0
857	258	5	0
862	258	5	0
863	258	5	0
864	258	5	0
865	258	4	0
867	258	3	0
870	258	4	0
871	258	5	0
872	258	4	0
873	258	3	0
875	258	4	0
877	258	4	0
878	258	3	0
880	258	4	0
882	258	3	0
884	258	5	0
887	258	1	0
889	258	4	0
890	258	3	0
893	258	3	0
894	258	4	0
896	258	5	0
898	258	3	0
899	258	5	0
902	258	3	0
905	258	3	0
907	258	4	0
913	258	4	0
915	258	2	0
919	258	4	0
920	258	4	0
922	258	4	0
924	258	3	0
926	258	4	0
931	258	3	0
936	258	3	0
937	258	4	0
938	258	5	0
939	258	4	0
940	258	5	0
941	258	4	0
942	258	4	0
1	271	2	0
3	271	3	0
4	271	4	0
13	271	1	0
26	271	3	0
28	271	4	0
31	271	4	0
32	271	3	0
33	271	4	0
40	271	2	0
43	271	3	0
57	271	3	0
61	271	1	0
62	271	1	0
64	271	3	0
72	271	1	0
73	271	2	0
75	271	5	0
92	271	2	0
100	271	3	0
102	271	2	0
104	271	1	0
105	271	2	0
107	271	2	0
116	271	4	0
117	271	4	0
119	271	4	0
127	271	5	0
130	271	5	0
133	271	5	0
143	271	4	0
144	271	2	0
145	271	4	0
146	271	3	0
158	271	4	0
177	271	2	0
178	271	4	0
179	271	1	0
195	271	4	0
197	271	2	0
201	271	4	0
203	271	3	0
209	271	2	0
215	271	4	0
222	271	4	0
247	271	2	0
249	271	4	0
250	271	4	0
255	271	4	0
259	271	3	0
263	271	1	0
276	271	4	0
281	271	5	0
282	271	3	0
290	271	3	0
294	271	5	0
297	271	2	0
299	271	3	0
301	271	4	0
302	271	4	0
303	271	2	0
304	271	4	0
315	271	3	0
317	271	3	0
325	271	3	0
327	271	3	0
328	271	3	0
332	271	4	0
334	271	3	0
335	271	4	0
347	271	1	0
350	271	3	0
353	271	2	0
355	271	3	0
360	271	2	0
363	271	4	0
365	271	4	0
369	271	5	0
377	271	4	0
379	271	3	0
384	271	4	0
392	271	1	0
393	271	3	0
396	271	4	0
408	271	3	0
413	271	4	0
422	271	3	0
425	271	5	0
428	271	2	0
435	271	4	0
440	271	5	0
443	271	4	0
444	271	3	0
445	271	1	0
448	271	4	0
459	271	4	0
462	271	1	0
463	271	1	0
472	271	5	0
479	271	3	0
483	271	3	0
489	271	4	0
493	271	1	0
498	271	2	0
499	271	3	0
502	271	5	0
505	271	4	0
506	271	4	0
507	271	5	0
509	271	4	0
511	271	5	0
515	271	4	0
521	271	3	0
526	271	3	0
529	271	4	0
536	271	3	0
537	271	2	0
544	271	3	0
545	271	3	0
546	271	5	0
548	271	3	0
550	271	5	0
555	271	3	0
557	271	4	0
560	271	4	0
567	271	4	0
570	271	4	0
580	271	5	0
582	271	4	0
587	271	4	0
589	271	3	0
592	271	4	0
603	271	2	0
610	271	1	0
615	271	2	0
621	271	5	0
624	271	3	0
627	271	5	0
629	271	4	0
650	271	3	0
655	271	3	0
660	271	3	0
665	271	2	0
668	271	4	0
669	271	2	0
676	271	3	0
682	271	4	0
683	271	3	0
697	271	4	0
699	271	3	0
702	271	1	0
708	271	1	0
710	271	3	0
717	271	2	0
724	271	2	0
727	271	4	0
738	271	3	0
740	271	2	0
748	271	3	0
749	271	5	0
750	271	4	0
752	271	5	0
755	271	1	0
757	271	3	0
758	271	4	0
772	271	4	0
782	271	2	0
783	271	5	0
784	271	3	0
787	271	1	0
788	271	3	0
796	271	5	0
801	271	5	0
803	271	2	0
805	271	3	0
806	271	3	0
807	271	3	0
808	271	3	0
813	271	4	0
816	271	4	0
818	271	4	0
820	271	2	0
826	271	4	0
828	271	2	0
831	271	2	0
833	271	5	0
838	271	4	0
841	271	4	0
843	271	5	0
846	271	5	0
851	271	5	0
853	271	3	0
854	271	4	0
862	271	5	0
863	271	4	0
865	271	1	0
871	271	5	0
877	271	4	0
883	271	2	0
889	271	3	0
890	271	3	0
894	271	2	0
896	271	1	0
898	271	3	0
902	271	2	0
907	271	5	0
916	271	3	0
919	271	4	0
922	271	3	0
929	271	2	0
940	271	2	0
2	288	3	0
3	288	2	0
4	288	4	0
7	288	4	0
13	288	1	0
14	288	4	0
16	288	3	0
19	288	3	0
20	288	1	0
21	288	3	0
24	288	3	0
26	288	4	0
27	288	3	0
28	288	5	0
32	288	4	0
33	288	4	0
34	288	2	0
36	288	4	0
37	288	4	0
38	288	5	0
39	288	5	0
45	288	3	0
46	288	2	0
47	288	2	0
50	288	4	0
52	288	3	0
54	288	4	0
57	288	4	0
59	288	5	0
62	288	2	0
63	288	3	0
64	288	4	0
66	288	4	0
68	288	4	0
69	288	5	0
73	288	3	0
74	288	3	0
76	288	2	0
78	288	4	0
79	288	3	0
81	288	3	0
82	288	3	0
86	288	3	0
92	288	3	0
94	288	3	0
99	288	4	0
100	288	2	0
101	288	4	0
102	288	2	0
104	288	2	0
105	288	4	0
107	288	3	0
109	288	5	0
110	288	4	0
113	288	3	0
116	288	3	0
117	288	3	0
118	288	5	0
119	288	4	0
123	288	3	0
126	288	4	0
127	288	5	0
129	288	1	0
130	288	5	0
135	288	3	0
139	288	4	0
140	288	3	0
141	288	3	0
142	288	3	0
143	288	5	0
144	288	2	0
150	288	4	0
154	288	3	0
155	288	3	0
159	288	3	0
160	288	5	0
163	288	3	0
165	288	2	0
166	288	3	0
167	288	3	0
168	288	1	0
170	288	3	0
171	288	2	0
174	288	3	0
176	288	3	0
177	288	5	0
178	288	5	0
179	288	5	0
181	288	4	0
186	288	1	0
188	288	4	0
190	288	5	0
191	288	3	0
193	288	1	0
197	288	3	0
200	288	5	0
201	288	4	0
203	288	5	0
204	288	3	0
206	288	5	0
213	288	4	0
214	288	3	0
215	288	2	0
218	288	2	0
220	288	5	0
221	288	3	0
222	288	4	0
223	288	3	0
227	288	2	0
228	288	4	0
229	288	4	0
234	288	3	0
239	288	2	0
240	288	5	0
241	288	5	0
246	288	5	0
250	288	4	0
251	288	4	0
255	288	4	0
256	288	5	0
257	288	3	0
258	288	1	0
259	288	3	0
260	288	3	0
261	288	4	0
262	288	3	0
264	288	5	0
265	288	4	0
268	288	4	0
270	288	5	0
272	288	4	0
274	288	4	0
276	288	4	0
278	288	5	0
279	288	3	0
280	288	5	0
281	288	4	0
282	288	4	0
283	288	2	0
285	288	5	0
286	288	5	0
291	288	5	0
292	288	3	0
293	288	3	0
294	288	5	0
297	288	3	0
299	288	3	0
300	288	4	0
301	288	4	0
303	288	4	0
304	288	3	0
308	288	4	0
314	288	5	0
315	288	3	0
317	288	4	0
320	288	4	0
323	288	3	0
324	288	5	0
327	288	4	0
329	288	2	0
332	288	5	0
334	288	3	0
335	288	4	0
336	288	3	0
339	288	3	0
341	288	4	0
342	288	5	0
343	288	2	0
344	288	4	0
345	288	3	0
346	288	2	0
347	288	5	0
348	288	5	0
349	288	3	0
351	288	3	0
355	288	5	0
356	288	4	0
362	288	4	0
363	288	4	0
364	288	4	0
365	288	5	0
366	288	4	0
367	288	5	0
368	288	3	0
372	288	5	0
374	288	4	0
375	288	4	0
376	288	3	0
377	288	5	0
378	288	3	0
387	288	3	0
388	288	5	0
391	288	3	0
392	288	4	0
393	288	3	0
394	288	4	0
395	288	2	0
396	288	3	0
397	288	4	0
399	288	3	0
400	288	4	0
403	288	4	0
404	288	3	0
405	288	5	0
407	288	4	0
408	288	4	0
409	288	1	0
412	288	4	0
414	288	5	0
416	288	5	0
417	288	3	0
418	288	5	0
420	288	3	0
422	288	3	0
424	288	1	0
425	288	5	0
428	288	4	0
429	288	3	0
430	288	4	0
432	288	5	0
434	288	5	0
435	288	4	0
436	288	4	0
437	288	2	0
439	288	3	0
441	288	2	0
442	288	4	0
445	288	2	0
446	288	2	0
447	288	4	0
448	288	1	0
449	288	3	0
450	288	3	0
451	288	5	0
452	288	2	0
453	288	4	0
455	288	2	0
457	288	4	0
458	288	3	0
460	288	2	0
462	288	5	0
463	288	1	0
464	288	4	0
466	288	4	0
467	288	4	0
470	288	4	0
472	288	5	0
474	288	3	0
476	288	4	0
478	288	5	0
479	288	3	0
482	288	3	0
485	288	3	0
486	288	4	0
487	288	4	0
488	288	2	0
489	288	4	0
493	288	4	0
495	288	4	0
496	288	2	0
497	288	2	0
498	288	3	0
501	288	4	0
502	288	5	0
504	288	5	0
507	288	5	0
509	288	5	0
510	288	3	0
511	288	4	0
515	288	4	0
518	288	3	0
519	288	4	0
521	288	3	0
525	288	4	0
526	288	4	0
529	288	4	0
531	288	1	0
533	288	2	0
534	288	4	0
537	288	2	0
542	288	2	0
544	288	2	0
546	288	4	0
548	288	3	0
549	288	4	0
550	288	5	0
551	288	4	0
552	288	2	0
554	288	3	0
555	288	3	0
556	288	4	0
557	288	1	0
560	288	4	0
566	288	3	0
569	288	3	0
570	288	2	0
574	288	4	0
578	288	3	0
579	288	4	0
580	288	5	0
582	288	3	0
586	288	4	0
587	288	4	0
588	288	4	0
589	288	5	0
592	288	5	0
593	288	4	0
595	288	3	0
596	288	4	0
599	288	4	0
601	288	1	0
603	288	3	0
604	288	3	0
605	288	5	0
606	288	4	0
608	288	5	0
609	288	2	0
610	288	3	0
611	288	3	0
614	288	2	0
616	288	4	0
617	288	1	0
618	288	3	0
619	288	3	0
620	288	4	0
623	288	1	0
624	288	4	0
626	288	3	0
627	288	3	0
628	288	5	0
629	288	4	0
630	288	4	0
631	288	3	0
632	288	3	0
633	288	2	0
634	288	3	0
642	288	1	0
643	288	4	0
645	288	3	0
646	288	3	0
648	288	4	0
650	288	3	0
652	288	2	0
654	288	3	0
655	288	3	0
663	288	4	0
666	288	3	0
668	288	4	0
671	288	5	0
673	288	4	0
674	288	3	0
676	288	1	0
677	288	5	0
679	288	4	0
681	288	1	0
682	288	4	0
683	288	3	0
685	288	2	0
687	288	4	0
688	288	5	0
693	288	2	0
695	288	4	0
697	288	2	0
699	288	3	0
702	288	1	0
703	288	4	0
706	288	3	0
709	288	5	0
711	288	1	0
715	288	4	0
717	288	1	0
721	288	3	0
724	288	4	0
725	288	3	0
729	288	2	0
732	288	4	0
733	288	2	0
734	288	4	0
735	288	4	0
739	288	1	0
740	288	4	0
741	288	4	0
743	288	2	0
747	288	4	0
750	288	4	0
752	288	5	0
755	288	1	0
757	288	4	0
758	288	4	0
760	288	4	0
761	288	4	0
768	288	4	0
770	288	4	0
772	288	2	0
773	288	2	0
777	288	4	0
781	288	2	0
782	288	4	0
783	288	3	0
785	288	3	0
787	288	1	0
789	288	3	0
790	288	4	0
791	288	3	0
793	288	4	0
801	288	5	0
802	288	3	0
804	288	1	0
805	288	1	0
806	288	3	0
808	288	3	0
810	288	3	0
812	288	4	0
814	288	4	0
816	288	4	0
817	288	4	0
818	288	5	0
820	288	5	0
824	288	3	0
825	288	1	0
826	288	3	0
827	288	3	0
828	288	3	0
830	288	1	0
831	288	1	0
832	288	3	0
833	288	2	0
834	288	5	0
835	288	2	0
836	288	1	0
841	288	3	0
842	288	3	0
843	288	4	0
846	288	4	0
847	288	4	0
849	288	5	0
853	288	4	0
854	288	5	0
859	288	4	0
862	288	5	0
863	288	4	0
864	288	5	0
869	288	3	0
870	288	4	0
872	288	5	0
875	288	4	0
876	288	3	0
877	288	3	0
880	288	4	0
882	288	3	0
886	288	4	0
887	288	4	0
892	288	4	0
893	288	3	0
894	288	3	0
896	288	3	0
897	288	5	0
898	288	4	0
900	288	2	0
903	288	4	0
904	288	4	0
907	288	5	0
908	288	4	0
910	288	3	0
913	288	2	0
915	288	2	0
919	288	4	0
920	288	3	0
921	288	3	0
922	288	2	0
923	288	5	0
924	288	3	0
925	288	5	0
926	288	3	0
927	288	5	0
928	288	3	0
930	288	1	0
938	288	5	0
2	289	3	0
10	289	4	0
13	289	2	0
15	289	3	0
21	289	3	0
24	289	3	0
30	289	2	0
34	289	1	0
36	289	2	0
41	289	2	0
43	289	4	0
47	289	4	0
48	289	1	0
49	289	4	0
63	289	2	0
69	289	4	0
70	289	3	0
71	289	2	0
73	289	2	0
75	289	1	0
78	289	4	0
81	289	3	0
82	289	1	0
84	289	5	0
85	289	3	0
86	289	3	0
90	289	3	0
91	289	4	0
92	289	3	0
95	289	2	0
100	289	3	0
104	289	4	0
112	289	5	0
113	289	2	0
116	289	4	0
123	289	1	0
125	289	5	0
126	289	3	0
130	289	5	0
137	289	3	0
140	289	4	0
154	289	2	0
157	289	4	0
159	289	2	0
173	289	4	0
176	289	3	0
177	289	2	0
181	289	4	0
192	289	4	0
194	289	1	0
197	289	4	0
201	289	2	0
205	289	4	0
220	289	4	0
223	289	1	0
231	289	4	0
232	289	4	0
234	289	4	0
236	289	4	0
240	289	4	0
246	289	2	0
257	289	4	0
258	289	2	0
266	289	3	0
271	289	4	0
276	289	2	0
281	289	3	0
284	289	3	0
286	289	5	0
288	289	3	0
296	289	3	0
299	289	3	0
302	289	3	0
303	289	2	0
305	289	4	0
306	289	3	0
316	289	2	0
318	289	3	0
323	289	2	0
324	289	5	0
328	289	4	0
334	289	3	0
342	289	2	0
345	289	3	0
351	289	5	0
364	289	3	0
365	289	3	0
374	289	1	0
376	289	3	0
378	289	5	0
384	289	5	0
387	289	1	0
390	289	3	0
392	289	5	0
397	289	3	0
399	289	4	0
404	289	1	0
406	289	3	0
407	289	3	0
409	289	1	0
410	289	1	0
413	289	4	0
416	289	3	0
424	289	5	0
425	289	1	0
426	289	2	0
427	289	5	0
428	289	4	0
445	289	1	0
446	289	3	0
451	289	1	0
454	289	3	0
455	289	3	0
456	289	4	0
458	289	2	0
459	289	4	0
460	289	4	0
462	289	5	0
464	289	4	0
474	289	3	0
477	289	5	0
482	289	3	0
485	289	3	0
486	289	3	0
487	289	2	0
488	289	1	0
489	289	2	0
490	289	1	0
494	289	1	0
500	289	4	0
509	289	2	0
510	289	2	0
515	289	1	0
518	289	4	0
520	289	4	0
523	289	4	0
524	289	4	0
525	289	3	0
531	289	3	0
533	289	2	0
537	289	1	0
538	289	1	0
539	289	4	0
547	289	3	0
554	289	4	0
557	289	4	0
564	289	4	0
566	289	1	0
570	289	1	0
572	289	3	0
574	289	4	0
579	289	2	0
580	289	5	0
587	289	3	0
588	289	2	0
589	289	3	0
592	289	4	0
595	289	4	0
596	289	3	0
597	289	5	0
614	289	2	0
615	289	2	0
616	289	4	0
626	289	1	0
627	289	2	0
631	289	4	0
633	289	3	0
637	289	2	0
644	289	1	0
655	289	3	0
663	289	1	0
668	289	2	0
674	289	2	0
677	289	1	0
681	289	5	0
683	289	4	0
685	289	2	0
693	289	3	0
695	289	2	0
701	289	4	0
702	289	2	0
704	289	3	0
708	289	4	0
714	289	3	0
717	289	4	0
718	289	3	0
719	289	2	0
721	289	3	0
723	289	2	0
724	289	1	0
728	289	3	0
732	289	3	0
735	289	1	0
740	289	4	0
743	289	3	0
752	289	1	0
755	289	1	0
756	289	4	0
758	289	2	0
761	289	2	0
764	289	5	0
770	289	5	0
771	289	4	0
781	289	3	0
782	289	3	0
786	289	4	0
788	289	4	0
791	289	4	0
798	289	3	0
799	289	3	0
800	289	4	0
803	289	3	0
807	289	4	0
809	289	1	0
810	289	5	0
811	289	2	0
812	289	1	0
813	289	4	0
817	289	2	0
820	289	2	0
824	289	2	0
825	289	1	0
827	289	3	0
833	289	1	0
836	289	1	0
837	289	5	0
838	289	5	0
846	289	4	0
847	289	5	0
852	289	2	0
854	289	2	0
856	289	1	0
858	289	3	0
860	289	3	0
861	289	5	0
863	289	4	0
867	289	5	0
870	289	2	0
871	289	3	0
873	289	2	0
874	289	4	0
875	289	4	0
876	289	3	0
881	289	1	0
883	289	5	0
887	289	5	0
894	289	2	0
902	289	3	0
904	289	5	0
909	289	3	0
910	289	3	0
913	289	5	0
917	289	4	0
918	289	2	0
919	289	3	0
926	289	3	0
936	289	5	0
938	289	1	0
940	289	3	0
2	294	1	0
3	294	2	0
4	294	5	0
6	294	2	0
7	294	1	0
8	294	3	0
9	294	4	0
10	294	3	0
13	294	2	0
16	294	4	0
17	294	4	0
19	294	3	0
21	294	3	0
22	294	1	0
23	294	1	0
24	294	3	0
26	294	3	0
28	294	3	0
29	294	4	0
30	294	4	0
32	294	3	0
33	294	3	0
34	294	1	0
38	294	5	0
39	294	4	0
40	294	4	0
42	294	4	0
43	294	5	0
44	294	4	0
46	294	2	0
48	294	3	0
49	294	1	0
56	294	4	0
57	294	4	0
61	294	2	0
62	294	1	0
63	294	2	0
65	294	4	0
66	294	4	0
69	294	2	0
74	294	4	0
75	294	3	0
78	294	3	0
82	294	4	0
83	294	3	0
84	294	3	0
91	294	3	0
92	294	3	0
95	294	2	0
99	294	4	0
100	294	4	0
102	294	2	0
103	294	4	0
104	294	3	0
108	294	4	0
109	294	4	0
110	294	3	0
112	294	3	0
113	294	4	0
116	294	2	0
119	294	1	0
121	294	4	0
123	294	1	0
125	294	4	0
126	294	3	0
127	294	4	0
128	294	4	0
130	294	5	0
133	294	3	0
134	294	4	0
135	294	4	0
140	294	3	0
141	294	4	0
142	294	3	0
143	294	3	0
144	294	4	0
145	294	4	0
146	294	1	0
152	294	4	0
153	294	2	0
155	294	3	0
158	294	1	0
159	294	4	0
162	294	3	0
166	294	3	0
168	294	4	0
170	294	3	0
173	294	5	0
176	294	2	0
177	294	4	0
178	294	2	0
181	294	2	0
183	294	3	0
186	294	3	0
188	294	2	0
189	294	5	0
190	294	3	0
193	294	1	0
194	294	4	0
197	294	4	0
199	294	1	0
200	294	4	0
203	294	2	0
205	294	3	0
206	294	2	0
207	294	3	0
213	294	3	0
214	294	3	0
218	294	2	0
220	294	4	0
222	294	3	0
223	294	4	0
224	294	4	0
227	294	3	0
230	294	5	0
232	294	2	0
234	294	3	0
236	294	2	0
238	294	3	0
241	294	3	0
242	294	4	0
244	294	4	0
246	294	2	0
248	294	3	0
249	294	3	0
250	294	1	0
251	294	3	0
253	294	4	0
255	294	2	0
256	294	3	0
258	294	4	0
259	294	3	0
261	294	4	0
262	294	2	0
263	294	2	0
264	294	3	0
265	294	4	0
267	294	3	0
268	294	3	0
271	294	2	0
274	294	3	0
275	294	4	0
276	294	4	0
278	294	4	0
279	294	2	0
280	294	2	0
281	294	3	0
282	294	4	0
283	294	4	0
287	294	5	0
288	294	2	0
291	294	5	0
293	294	2	0
294	294	4	0
296	294	1	0
297	294	3	0
298	294	3	0
299	294	2	0
300	294	3	0
301	294	4	0
302	294	1	0
303	294	4	0
304	294	4	0
308	294	3	0
310	294	1	0
311	294	4	0
314	294	5	0
318	294	4	0
320	294	4	0
323	294	3	0
324	294	5	0
327	294	3	0
328	294	3	0
329	294	2	0
332	294	5	0
333	294	3	0
336	294	4	0
338	294	1	0
341	294	3	0
342	294	3	0
345	294	3	0
346	294	3	0
347	294	1	0
348	294	4	0
356	294	1	0
357	294	4	0
362	294	3	0
364	294	5	0
365	294	1	0
370	294	1	0
374	294	2	0
377	294	5	0
378	294	2	0
379	294	3	0
381	294	5	0
387	294	2	0
388	294	4	0
391	294	2	0
392	294	4	0
393	294	4	0
394	294	4	0
400	294	3	0
401	294	1	0
404	294	4	0
406	294	3	0
408	294	5	0
414	294	2	0
416	294	4	0
417	294	4	0
422	294	3	0
424	294	5	0
425	294	2	0
428	294	4	0
430	294	2	0
431	294	5	0
432	294	4	0
433	294	3	0
435	294	4	0
441	294	4	0
442	294	2	0
443	294	5	0
446	294	1	0
447	294	4	0
450	294	4	0
451	294	5	0
452	294	2	0
456	294	1	0
457	294	2	0
459	294	5	0
460	294	2	0
461	294	3	0
464	294	4	0
466	294	3	0
468	294	3	0
470	294	3	0
472	294	4	0
474	294	3	0
476	294	3	0
477	294	4	0
479	294	3	0
480	294	1	0
482	294	4	0
484	294	4	0
485	294	1	0
486	294	2	0
487	294	4	0
488	294	4	0
489	294	3	0
491	294	2	0
494	294	4	0
497	294	4	0
500	294	3	0
501	294	3	0
502	294	3	0
504	294	2	0
505	294	3	0
506	294	4	0
507	294	5	0
509	294	2	0
510	294	3	0
511	294	4	0
514	294	3	0
515	294	3	0
517	294	1	0
520	294	3	0
526	294	3	0
528	294	3	0
529	294	4	0
533	294	4	0
534	294	5	0
537	294	1	0
538	294	3	0
540	294	4	0
544	294	2	0
546	294	1	0
547	294	1	0
548	294	3	0
550	294	3	0
551	294	4	0
552	294	4	0
554	294	3	0
556	294	2	0
557	294	3	0
559	294	1	0
563	294	3	0
569	294	2	0
575	294	1	0
576	294	3	0
577	294	4	0
578	294	3	0
579	294	4	0
580	294	4	0
582	294	1	0
587	294	3	0
588	294	4	0
589	294	5	0
592	294	3	0
595	294	2	0
596	294	4	0
597	294	4	0
599	294	4	0
601	294	1	0
602	294	5	0
603	294	4	0
605	294	4	0
606	294	2	0
608	294	3	0
609	294	2	0
610	294	1	0
614	294	4	0
615	294	3	0
617	294	1	0
619	294	1	0
620	294	5	0
622	294	3	0
624	294	3	0
625	294	3	0
626	294	3	0
628	294	4	0
629	294	3	0
630	294	4	0
631	294	3	0
634	294	4	0
635	294	3	0
637	294	3	0
642	294	5	0
644	294	4	0
646	294	2	0
647	294	3	0
648	294	3	0
650	294	3	0
651	294	1	0
652	294	2	0
653	294	2	0
654	294	3	0
655	294	3	0
657	294	5	0
659	294	4	0
660	294	3	0
661	294	4	0
663	294	3	0
665	294	2	0
666	294	3	0
668	294	3	0
673	294	4	0
674	294	4	0
676	294	4	0
677	294	5	0
679	294	1	0
680	294	4	0
681	294	5	0
682	294	3	0
683	294	3	0
687	294	3	0
690	294	3	0
691	294	4	0
692	294	3	0
697	294	4	0
698	294	4	0
699	294	3	0
702	294	1	0
703	294	2	0
706	294	4	0
707	294	2	0
708	294	3	0
709	294	3	0
710	294	3	0
712	294	4	0
714	294	4	0
716	294	4	0
717	294	3	0
719	294	2	0
721	294	3	0
722	294	2	0
724	294	4	0
725	294	3	0
726	294	5	0
727	294	4	0
729	294	2	0
730	294	4	0
732	294	3	0
733	294	2	0
734	294	1	0
736	294	3	0
740	294	4	0
742	294	3	0
743	294	2	0
749	294	2	0
750	294	4	0
752	294	3	0
753	294	5	0
755	294	3	0
758	294	5	0
759	294	5	0
761	294	3	0
764	294	3	0
766	294	2	0
770	294	3	0
771	294	4	0
772	294	4	0
774	294	1	0
779	294	5	0
780	294	3	0
781	294	1	0
782	294	3	0
783	294	3	0
785	294	4	0
787	294	3	0
788	294	3	0
789	294	3	0
790	294	2	0
791	294	3	0
793	294	5	0
796	294	3	0
797	294	3	0
800	294	3	0
801	294	5	0
802	294	4	0
804	294	5	0
805	294	1	0
808	294	5	0
810	294	5	0
811	294	4	0
812	294	5	0
813	294	1	0
816	294	5	0
817	294	4	0
821	294	4	0
823	294	3	0
824	294	3	0
825	294	4	0
826	294	4	0
827	294	4	0
829	294	2	0
830	294	3	0
831	294	4	0
832	294	4	0
834	294	3	0
835	294	3	0
837	294	4	0
844	294	2	0
846	294	3	0
848	294	5	0
850	294	5	0
853	294	2	0
854	294	2	0
856	294	4	0
857	294	3	0
859	294	3	0
860	294	2	0
861	294	3	0
863	294	4	0
864	294	4	0
865	294	4	0
867	294	3	0
869	294	3	0
872	294	3	0
873	294	4	0
875	294	2	0
876	294	4	0
879	294	3	0
880	294	4	0
881	294	3	0
882	294	4	0
887	294	5	0
889	294	3	0
893	294	3	0
895	294	4	0
897	294	3	0
900	294	4	0
901	294	3	0
902	294	2	0
905	294	3	0
907	294	4	0
909	294	3	0
919	294	3	0
921	294	4	0
922	294	4	0
923	294	4	0
926	294	3	0
927	294	5	0
936	294	3	0
937	294	1	0
940	294	4	0
941	294	4	0
2	300	4	0
3	300	2	0
4	300	5	0
7	300	4	0
11	300	3	0
12	300	4	0
13	300	1	0
15	300	4	0
16	300	5	0
21	300	3	0
24	300	4	0
26	300	4	0
29	300	3	0
33	300	4	0
35	300	5	0
39	300	3	0
40	300	3	0
43	300	5	0
46	300	3	0
49	300	1	0
56	300	4	0
58	300	4	0
61	300	5	0
63	300	4	0
64	300	3	0
66	300	5	0
69	300	3	0
70	300	4	0
74	300	3	0
83	300	3	0
84	300	4	0
85	300	3	0
86	300	3	0
87	300	3	0
88	300	3	0
90	300	3	0
91	300	4	0
99	300	4	0
100	300	4	0
102	300	3	0
103	300	3	0
104	300	3	0
107	300	1	0
110	300	3	0
112	300	4	0
113	300	3	0
116	300	3	0
119	300	5	0
121	300	3	0
125	300	5	0
126	300	4	0
127	300	5	0
128	300	5	0
129	300	3	0
130	300	5	0
133	300	3	0
134	300	3	0
137	300	5	0
141	300	5	0
144	300	3	0
145	300	3	0
146	300	3	0
149	300	3	0
151	300	4	0
155	300	2	0
163	300	3	0
164	300	5	0
166	300	5	0
168	300	5	0
169	300	5	0
170	300	5	0
173	300	4	0
177	300	2	0
178	300	5	0
179	300	4	0
181	300	3	0
186	300	5	0
187	300	4	0
188	300	4	0
190	300	4	0
191	300	4	0
193	300	4	0
195	300	3	0
197	300	4	0
198	300	2	0
204	300	3	0
205	300	3	0
206	300	1	0
210	300	4	0
211	300	2	0
215	300	3	0
217	300	4	0
220	300	5	0
222	300	5	0
223	300	3	0
224	300	4	0
229	300	2	0
231	300	4	0
234	300	3	0
238	300	4	0
239	300	1	0
240	300	3	0
241	300	4	0
245	300	4	0
247	300	2	0
249	300	4	0
251	300	4	0
252	300	4	0
253	300	4	0
255	300	3	0
258	300	5	0
260	300	3	0
261	300	5	0
263	300	3	0
265	300	5	0
271	300	2	0
274	300	5	0
275	300	4	0
276	300	4	0
281	300	4	0
282	300	3	0
284	300	3	0
285	300	4	0
288	300	5	0
292	300	4	0
293	300	2	0
294	300	4	0
297	300	3	0
299	300	4	0
300	300	4	0
301	300	4	0
303	300	1	0
304	300	5	0
305	300	3	0
309	300	3	0
311	300	4	0
313	300	4	0
317	300	4	0
320	300	4	0
323	300	2	0
324	300	5	0
327	300	2	0
328	300	5	0
329	300	4	0
332	300	5	0
333	300	4	0
334	300	3	0
335	300	5	0
345	300	3	0
346	300	5	0
347	300	5	0
351	300	5	0
353	300	3	0
355	300	4	0
356	300	3	0
362	300	5	0
375	300	4	0
378	300	4	0
379	300	3	0
380	300	3	0
384	300	4	0
388	300	4	0
389	300	3	0
390	300	5	0
391	300	2	0
392	300	2	0
395	300	3	0
396	300	3	0
400	300	4	0
404	300	4	0
408	300	3	0
409	300	3	0
410	300	3	0
413	300	4	0
414	300	4	0
416	300	4	0
418	300	3	0
419	300	4	0
423	300	3	0
424	300	2	0
425	300	2	0
427	300	4	0
428	300	5	0
429	300	3	0
430	300	3	0
431	300	4	0
432	300	4	0
433	300	3	0
435	300	2	0
438	300	4	0
439	300	4	0
440	300	3	0
441	300	3	0
444	300	4	0
445	300	1	0
446	300	3	0
447	300	4	0
450	300	4	0
451	300	4	0
454	300	4	0
455	300	4	0
459	300	4	0
462	300	5	0
464	300	4	0
465	300	3	0
466	300	3	0
476	300	5	0
478	300	3	0
479	300	2	0
484	300	4	0
486	300	4	0
487	300	5	0
488	300	4	0
489	300	5	0
493	300	4	0
494	300	5	0
497	300	3	0
499	300	4	0
500	300	4	0
502	300	2	0
504	300	4	0
505	300	4	0
506	300	3	0
507	300	5	0
509	300	3	0
510	300	5	0
511	300	4	0
515	300	5	0
517	300	5	0
518	300	3	0
520	300	4	0
521	300	3	0
525	300	4	0
526	300	2	0
529	300	4	0
531	300	4	0
532	300	5	0
533	300	4	0
534	300	4	0
535	300	3	0
537	300	1	0
540	300	3	0
544	300	4	0
546	300	3	0
548	300	5	0
550	300	4	0
551	300	4	0
552	300	4	0
557	300	4	0
559	300	4	0
564	300	4	0
569	300	3	0
572	300	4	0
574	300	4	0
578	300	4	0
580	300	3	0
582	300	3	0
587	300	4	0
589	300	5	0
591	300	3	0
596	300	4	0
597	300	5	0
598	300	4	0
602	300	3	0
605	300	2	0
608	300	1	0
611	300	5	0
612	300	4	0
615	300	4	0
616	300	4	0
619	300	5	0
620	300	3	0
621	300	3	0
624	300	4	0
625	300	3	0
627	300	4	0
628	300	5	0
629	300	4	0
630	300	4	0
633	300	4	0
634	300	3	0
635	300	3	0
637	300	3	0
639	300	3	0
644	300	5	0
646	300	3	0
647	300	4	0
652	300	4	0
653	300	4	0
654	300	5	0
655	300	3	0
656	300	2	0
657	300	2	0
661	300	3	0
663	300	4	0
666	300	3	0
668	300	4	0
669	300	4	0
673	300	3	0
674	300	3	0
676	300	4	0
677	300	5	0
678	300	4	0
682	300	2	0
683	300	3	0
687	300	4	0
689	300	5	0
692	300	4	0
693	300	2	0
694	300	4	0
695	300	1	0
697	300	5	0
698	300	4	0
699	300	3	0
701	300	3	0
702	300	3	0
703	300	4	0
704	300	2	0
705	300	5	0
708	300	4	0
710	300	3	0
713	300	2	0
714	300	5	0
716	300	5	0
717	300	5	0
718	300	5	0
719	300	2	0
721	300	5	0
722	300	3	0
724	300	3	0
725	300	4	0
729	300	4	0
730	300	3	0
732	300	4	0
735	300	4	0
740	300	4	0
743	300	4	0
748	300	4	0
749	300	4	0
750	300	3	0
751	300	2	0
752	300	3	0
753	300	1	0
755	300	4	0
756	300	4	0
758	300	2	0
759	300	5	0
760	300	1	0
767	300	4	0
768	300	5	0
770	300	5	0
772	300	4	0
774	300	2	0
775	300	4	0
779	300	3	0
780	300	3	0
782	300	4	0
783	300	4	0
784	300	4	0
787	300	4	0
788	300	5	0
791	300	5	0
796	300	4	0
797	300	2	0
800	300	4	0
801	300	5	0
802	300	4	0
803	300	3	0
807	300	5	0
808	300	4	0
809	300	4	0
810	300	5	0
811	300	5	0
812	300	5	0
813	300	4	0
816	300	4	0
817	300	3	0
818	300	2	0
819	300	5	0
827	300	3	0
831	300	3	0
834	300	3	0
838	300	2	0
840	300	3	0
841	300	4	0
843	300	3	0
844	300	3	0
850	300	5	0
853	300	5	0
856	300	4	0
857	300	3	0
860	300	4	0
863	300	5	0
866	300	1	0
867	300	2	0
871	300	4	0
872	300	5	0
873	300	4	0
875	300	3	0
877	300	3	0
879	300	3	0
880	300	3	0
884	300	1	0
885	300	4	0
889	300	3	0
892	300	4	0
894	300	4	0
896	300	2	0
898	300	2	0
902	300	4	0
904	300	4	0
905	300	4	0
906	300	3	0
908	300	3	0
909	300	5	0
910	300	4	0
915	300	3	0
919	300	4	0
920	300	3	0
924	300	2	0
926	300	3	0
927	300	5	0
930	300	4	0
931	300	5	0
935	300	4	0
936	300	3	0
937	300	4	0
938	300	3	0
940	300	5	0
941	300	4	0
942	300	5	0
3	322	3	0
13	322	3	0
15	322	3	0
21	322	3	0
26	322	3	0
28	322	2	0
35	322	3	0
47	322	2	0
63	322	2	0
75	322	1	0
83	322	3	0
84	322	3	0
90	322	4	0
91	322	4	0
92	322	3	0
98	322	3	0
99	322	3	0
102	322	3	0
107	322	1	0
109	322	2	0
112	322	4	0
113	322	3	0
116	322	2	0
119	322	4	0
126	322	3	0
128	322	2	0
130	322	4	0
133	322	2	0
140	322	3	0
141	322	4	0
142	322	2	0
143	322	4	0
151	322	2	0
153	322	3	0
155	322	2	0
159	322	5	0
164	322	4	0
166	322	5	0
170	322	5	0
173	322	4	0
177	322	2	0
178	322	3	0
181	322	1	0
186	322	5	0
197	322	3	0
199	322	2	0
204	322	3	0
205	322	3	0
207	322	3	0
223	322	4	0
224	322	2	0
227	322	3	0
234	322	2	0
250	322	3	0
255	322	2	0
256	322	4	0
260	322	4	0
261	322	4	0
263	322	3	0
276	322	3	0
280	322	4	0
281	322	4	0
284	322	3	0
293	322	2	0
294	322	1	0
300	322	4	0
302	322	2	0
304	322	4	0
308	322	2	0
311	322	4	0
313	322	3	0
314	322	4	0
317	322	3	0
323	322	2	0
324	322	4	0
328	322	3	0
329	322	3	0
332	322	4	0
334	322	3	0
335	322	4	0
344	322	2	0
346	322	3	0
351	322	5	0
356	322	3	0
357	322	3	0
362	322	3	0
363	322	2	0
370	322	3	0
372	322	3	0
374	322	4	0
391	322	3	0
393	322	4	0
396	322	4	0
397	322	1	0
401	322	2	0
409	322	2	0
415	322	4	0
416	322	3	0
417	322	3	0
423	322	3	0
425	322	3	0
427	322	3	0
428	322	4	0
431	322	4	0
432	322	3	0
433	322	2	0
446	322	3	0
450	322	4	0
451	322	4	0
454	322	2	0
459	322	4	0
460	322	3	0
462	322	5	0
464	322	3	0
474	322	4	0
481	322	4	0
486	322	2	0
488	322	3	0
489	322	5	0
494	322	2	0
504	322	4	0
510	322	3	0
511	322	3	0
515	322	3	0
524	322	4	0
525	322	2	0
529	322	4	0
530	322	4	0
533	322	4	0
534	322	4	0
537	322	1	0
546	322	4	0
548	322	4	0
552	322	3	0
557	322	3	0
559	322	4	0
575	322	3	0
587	322	3	0
589	322	3	0
591	322	2	0
592	322	1	0
593	322	2	0
612	322	3	0
616	322	4	0
629	322	3	0
630	322	3	0
633	322	3	0
634	322	3	0
637	322	3	0
644	322	5	0
651	322	3	0
656	322	1	0
663	322	4	0
673	322	4	0
677	322	4	0
679	322	3	0
683	322	2	0
691	322	3	0
699	322	3	0
703	322	3	0
704	322	2	0
708	322	3	0
717	322	5	0
721	322	4	0
722	322	3	0
723	322	2	0
724	322	1	0
725	322	4	0
728	322	4	0
729	322	4	0
730	322	1	0
732	322	3	0
733	322	2	0
740	322	3	0
743	322	3	0
749	322	4	0
750	322	2	0
752	322	1	0
753	322	3	0
755	322	3	0
772	322	4	0
781	322	2	0
782	322	4	0
786	322	3	0
788	322	4	0
791	322	4	0
796	322	3	0
803	322	2	0
804	322	5	0
805	322	2	0
809	322	3	0
816	322	4	0
818	322	2	0
824	322	4	0
825	322	5	0
828	322	3	0
832	322	3	0
836	322	2	0
841	322	4	0
853	322	3	0
854	322	1	0
856	322	4	0
863	322	1	0
881	322	4	0
883	322	5	0
884	322	3	0
889	322	3	0
894	322	3	0
901	322	4	0
905	322	3	0
907	322	5	0
908	322	2	0
919	322	3	0
921	322	3	0
923	322	4	0
924	322	2	0
926	322	2	0
942	322	3	0
3	323	2	0
13	323	3	0
15	323	1	0
17	323	1	0
20	323	4	0
21	323	2	0
23	323	2	0
26	323	2	0
28	323	3	0
33	323	4	0
43	323	3	0
47	323	2	0
48	323	3	0
56	323	3	0
57	323	3	0
59	323	4	0
61	323	3	0
63	323	1	0
75	323	2	0
78	323	1	0
83	323	4	0
87	323	3	0
90	323	3	0
91	323	2	0
100	323	3	0
107	323	1	0
109	323	3	0
112	323	3	0
113	323	4	0
116	323	3	0
119	323	4	0
125	323	3	0
126	323	3	0
129	323	1	0
134	323	4	0
141	323	4	0
143	323	3	0
149	323	2	0
153	323	2	0
155	323	2	0
159	323	4	0
164	323	4	0
166	323	5	0
168	323	3	0
170	323	3	0
173	323	5	0
174	323	1	0
178	323	3	0
181	323	2	0
197	323	3	0
198	323	2	0
199	323	3	0
200	323	3	0
203	323	3	0
206	323	1	0
222	323	3	0
223	323	2	0
224	323	3	0
248	323	1	0
250	323	2	0
254	323	3	0
255	323	2	0
256	323	5	0
258	323	4	0
263	323	1	0
265	323	3	0
276	323	3	0
280	323	2	0
281	323	3	0
290	323	3	0
294	323	3	0
301	323	4	0
302	323	2	0
303	323	1	0
304	323	3	0
311	323	3	0
316	323	1	0
317	323	2	0
324	323	4	0
328	323	3	0
329	323	2	0
332	323	5	0
335	323	4	0
345	323	3	0
347	323	1	0
348	323	5	0
351	323	5	0
359	323	3	0
362	323	2	0
370	323	2	0
374	323	3	0
377	323	2	0
378	323	3	0
386	323	4	0
388	323	4	0
392	323	3	0
393	323	2	0
396	323	4	0
399	323	1	0
400	323	4	0
404	323	3	0
410	323	3	0
415	323	2	0
416	323	3	0
417	323	3	0
422	323	3	0
423	323	3	0
424	323	5	0
425	323	2	0
428	323	3	0
431	323	3	0
433	323	1	0
440	323	1	0
443	323	2	0
451	323	4	0
454	323	2	0
455	323	3	0
459	323	3	0
462	323	2	0
472	323	4	0
474	323	2	0
488	323	1	0
489	323	5	0
493	323	4	0
494	323	3	0
502	323	4	0
504	323	4	0
506	323	3	0
507	323	5	0
510	323	4	0
513	323	5	0
515	323	3	0
526	323	2	0
529	323	4	0
531	323	5	0
537	323	1	0
540	323	3	0
544	323	2	0
548	323	4	0
549	323	2	0
550	323	5	0
552	323	2	0
556	323	2	0
562	323	2	0
564	323	3	0
576	323	3	0
578	323	3	0
580	323	2	0
587	323	4	0
589	323	2	0
592	323	1	0
596	323	4	0
597	323	3	0
598	323	4	0
606	323	4	0
616	323	4	0
619	323	3	0
620	323	5	0
624	323	2	0
626	323	1	0
630	323	4	0
631	323	2	0
634	323	4	0
635	323	3	0
637	323	1	0
639	323	1	0
644	323	4	0
646	323	3	0
648	323	5	0
649	323	3	0
650	323	3	0
652	323	3	0
663	323	2	0
668	323	4	0
669	323	1	0
673	323	2	0
674	323	3	0
677	323	4	0
682	323	2	0
683	323	3	0
687	323	2	0
695	323	2	0
697	323	4	0
699	323	4	0
703	323	2	0
706	323	4	0
714	323	4	0
721	323	3	0
724	323	2	0
726	323	3	0
728	323	3	0
736	323	1	0
748	323	4	0
750	323	3	0
751	323	1	0
752	323	1	0
755	323	4	0
756	323	3	0
757	323	3	0
759	323	4	0
764	323	3	0
770	323	5	0
772	323	4	0
782	323	3	0
784	323	4	0
788	323	3	0
796	323	2	0
798	323	4	0
802	323	5	0
804	323	4	0
805	323	5	0
810	323	4	0
811	323	5	0
816	323	4	0
824	323	2	0
825	323	4	0
831	323	2	0
832	323	3	0
834	323	2	0
839	323	4	0
841	323	3	0
852	323	3	0
853	323	3	0
856	323	2	0
858	323	2	0
867	323	3	0
872	323	2	0
881	323	2	0
883	323	5	0
884	323	2	0
891	323	3	0
893	323	2	0
894	323	2	0
897	323	4	0
919	323	4	0
921	323	4	0
925	323	4	0
936	323	3	0
938	323	3	0
942	323	3	0
3	328	5	0
4	328	3	0
12	328	4	0
13	328	3	0
15	328	3	0
21	328	3	0
26	328	2	0
31	328	2	0
33	328	4	0
35	328	3	0
38	328	4	0
40	328	3	0
43	328	4	0
44	328	4	0
46	328	4	0
49	328	2	0
54	328	4	0
61	328	5	0
62	328	3	0
63	328	2	0
65	328	4	0
74	328	4	0
85	328	3	0
86	328	2	0
90	328	3	0
91	328	4	0
92	328	3	0
94	328	3	0
95	328	5	0
99	328	4	0
100	328	4	0
102	328	2	0
104	328	3	0
111	328	4	0
112	328	4	0
113	328	5	0
116	328	3	0
119	328	4	0
126	328	5	0
128	328	2	0
130	328	4	0
133	328	3	0
134	328	4	0
141	328	4	0
143	328	4	0
144	328	3	0
145	328	5	0
146	328	3	0
149	328	2	0
151	328	3	0
155	328	2	0
159	328	3	0
160	328	3	0
164	328	5	0
165	328	3	0
166	328	5	0
170	328	3	0
173	328	5	0
176	328	4	0
178	328	3	0
181	328	3	0
190	328	3	0
191	328	3	0
193	328	3	0
195	328	4	0
197	328	4	0
205	328	3	0
207	328	2	0
222	328	5	0
223	328	3	0
224	328	4	0
229	328	1	0
234	328	2	0
236	328	5	0
250	328	3	0
253	328	4	0
255	328	2	0
258	328	3	0
263	328	4	0
265	328	4	0
268	328	1	0
271	328	2	0
273	328	3	0
276	328	4	0
284	328	4	0
292	328	3	0
293	328	2	0
294	328	4	0
300	328	3	0
302	328	3	0
303	328	3	0
304	328	3	0
313	328	4	0
314	328	4	0
317	328	4	0
323	328	3	0
324	328	4	0
327	328	2	0
328	328	4	0
332	328	5	0
334	328	3	0
335	328	3	0
347	328	4	0
351	328	4	0
353	328	2	0
355	328	4	0
356	328	4	0
360	328	3	0
362	328	2	0
363	328	3	0
373	328	4	0
376	328	3	0
378	328	3	0
384	328	4	0
388	328	4	0
390	328	4	0
391	328	3	0
392	328	3	0
393	328	5	0
395	328	4	0
396	328	4	0
399	328	4	0
400	328	3	0
401	328	4	0
404	328	4	0
408	328	2	0
410	328	3	0
413	328	3	0
415	328	5	0
416	328	5	0
418	328	1	0
423	328	1	0
427	328	4	0
430	328	4	0
431	328	4	0
440	328	3	0
444	328	5	0
446	328	3	0
450	328	4	0
451	328	5	0
459	328	3	0
462	328	5	0
464	328	3	0
466	328	4	0
476	328	4	0
479	328	4	0
482	328	4	0
485	328	2	0
486	328	2	0
488	328	4	0
489	328	4	0
493	328	4	0
499	328	5	0
500	328	3	0
502	328	4	0
505	328	4	0
506	328	4	0
507	328	5	0
509	328	1	0
514	328	3	0
515	328	2	0
517	328	3	0
519	328	2	0
526	328	2	0
529	328	4	0
530	328	4	0
533	328	4	0
537	328	2	0
544	328	3	0
545	328	4	0
547	328	4	0
548	328	4	0
550	328	5	0
551	328	5	0
554	328	4	0
555	328	4	0
569	328	4	0
574	328	3	0
579	328	3	0
582	328	3	0
587	328	1	0
589	328	5	0
592	328	1	0
596	328	5	0
597	328	4	0
608	328	4	0
616	328	3	0
619	328	1	0
624	328	4	0
626	328	1	0
627	328	4	0
629	328	3	0
633	328	4	0
635	328	3	0
637	328	4	0
644	328	4	0
646	328	3	0
647	328	3	0
652	328	4	0
653	328	4	0
655	328	2	0
660	328	3	0
663	328	4	0
664	328	3	0
665	328	4	0
668	328	4	0
673	328	4	0
676	328	5	0
681	328	3	0
682	328	3	0
683	328	2	0
689	328	5	0
692	328	4	0
695	328	3	0
697	328	5	0
699	328	2	0
701	328	4	0
703	328	3	0
708	328	3	0
717	328	4	0
721	328	5	0
722	328	5	0
724	328	4	0
725	328	4	0
727	328	4	0
729	328	3	0
730	328	2	0
740	328	3	0
748	328	4	0
749	328	4	0
750	328	4	0
753	328	3	0
754	328	3	0
755	328	4	0
757	328	3	0
758	328	1	0
759	328	5	0
770	328	3	0
772	328	5	0
779	328	4	0
782	328	5	0
783	328	4	0
784	328	3	0
787	328	3	0
788	328	4	0
790	328	3	0
791	328	4	0
796	328	5	0
797	328	2	0
801	328	5	0
804	328	4	0
809	328	5	0
810	328	5	0
812	328	4	0
816	328	4	0
817	328	4	0
818	328	4	0
820	328	2	0
828	328	3	0
831	328	3	0
832	328	3	0
833	328	2	0
837	328	4	0
842	328	2	0
851	328	3	0
853	328	3	0
854	328	1	0
856	328	3	0
857	328	3	0
863	328	5	0
864	328	5	0
865	328	3	0
867	328	5	0
870	328	3	0
872	328	4	0
873	328	4	0
877	328	2	0
880	328	4	0
886	328	3	0
894	328	4	0
895	328	4	0
896	328	1	0
898	328	2	0
902	328	3	0
904	328	2	0
905	328	3	0
915	328	2	0
917	328	2	0
919	328	2	0
920	328	2	0
921	328	5	0
927	328	4	0
928	328	3	0
938	328	2	0
942	328	3	0
7	678	3	0
13	678	3	0
15	678	1	0
20	678	4	0
21	678	2	0
26	678	2	0
28	678	2	0
29	678	3	0
30	678	2	0
33	678	4	0
35	678	3	0
38	678	5	0
44	678	3	0
55	678	3	0
56	678	4	0
57	678	3	0
61	678	3	0
63	678	2	0
70	678	3	0
75	678	3	0
82	678	1	0
92	678	2	0
99	678	2	0
100	678	3	0
104	678	2	0
112	678	3	0
113	678	2	0
116	678	3	0
117	678	4	0
126	678	3	0
129	678	1	0
130	678	4	0
134	678	4	0
141	678	4	0
145	678	2	0
149	678	2	0
153	678	2	0
159	678	5	0
164	678	4	0
168	678	1	0
170	678	4	0
173	678	3	0
177	678	3	0
178	678	3	0
181	678	2	0
188	678	3	0
195	678	3	0
197	678	2	0
199	678	1	0
205	678	1	0
206	678	1	0
211	678	3	0
213	678	4	0
222	678	3	0
224	678	3	0
248	678	3	0
250	678	2	0
254	678	3	0
255	678	2	0
256	678	5	0
263	678	2	0
276	678	3	0
280	678	2	0
293	678	2	0
294	678	2	0
297	678	3	0
301	678	2	0
303	678	1	0
308	678	3	0
316	678	1	0
317	678	2	0
320	678	3	0
323	678	2	0
324	678	3	0
327	678	3	0
332	678	4	0
334	678	3	0
335	678	3	0
339	678	2	0
344	678	2	0
345	678	2	0
351	678	4	0
362	678	2	0
363	678	1	0
364	678	4	0
370	678	4	0
372	678	4	0
377	678	2	0
387	678	3	0
388	678	4	0
391	678	2	0
396	678	3	0
401	678	3	0
404	678	4	0
414	678	1	0
416	678	2	0
423	678	3	0
425	678	1	0
432	678	4	0
443	678	2	0
444	678	3	0
447	678	3	0
451	678	5	0
454	678	2	0
455	678	3	0
459	678	4	0
462	678	3	0
464	678	3	0
472	678	4	0
474	678	2	0
481	678	3	0
486	678	1	0
488	678	2	0
489	678	4	0
493	678	3	0
501	678	3	0
502	678	3	0
504	678	4	0
506	678	3	0
507	678	5	0
510	678	4	0
511	678	2	0
520	678	2	0
526	678	1	0
528	678	3	0
537	678	1	0
541	678	5	0
548	678	4	0
549	678	3	0
554	678	3	0
561	678	2	0
563	678	2	0
576	678	3	0
578	678	3	0
587	678	2	0
588	678	2	0
589	678	4	0
592	678	2	0
595	678	1	0
596	678	3	0
597	678	1	0
602	678	4	0
605	678	1	0
606	678	3	0
615	678	1	0
616	678	2	0
620	678	3	0
624	678	3	0
625	678	3	0
626	678	1	0
634	678	2	0
646	678	3	0
648	678	3	0
649	678	3	0
654	678	4	0
663	678	2	0
664	678	2	0
674	678	3	0
677	678	4	0
682	678	1	0
683	678	1	0
687	678	4	0
688	678	5	0
695	678	4	0
699	678	3	0
708	678	2	0
717	678	3	0
721	678	3	0
722	678	3	0
724	678	2	0
727	678	3	0
728	678	4	0
736	678	1	0
748	678	2	0
749	678	2	0
752	678	3	0
757	678	2	0
759	678	2	0
761	678	2	0
770	678	2	0
772	678	4	0
782	678	3	0
784	678	4	0
790	678	3	0
802	678	4	0
804	678	4	0
805	678	4	0
807	678	3	0
809	678	2	0
810	678	4	0
811	678	5	0
812	678	4	0
816	678	4	0
824	678	3	0
825	678	4	0
826	678	4	0
832	678	2	0
841	678	4	0
852	678	3	0
853	678	4	0
856	678	3	0
858	678	1	0
860	678	3	0
862	678	4	0
864	678	4	0
867	678	3	0
880	678	3	0
881	678	2	0
889	678	3	0
894	678	3	0
916	678	2	0
919	678	2	0
921	678	5	0
925	678	3	0
931	678	3	0
936	678	3	0
938	678	3	0
940	678	4	0
942	678	3	0
11	748	1	0
13	748	4	0
15	748	3	0
21	748	1	0
26	748	1	0
29	748	2	0
35	748	4	0
36	748	4	0
39	748	5	0
46	748	5	0
52	748	4	0
53	748	2	0
54	748	5	0
56	748	4	0
57	748	4	0
61	748	2	0
63	748	4	0
64	748	1	0
69	748	2	0
73	748	2	0
83	748	2	0
84	748	4	0
91	748	2	0
92	748	3	0
99	748	4	0
102	748	3	0
104	748	2	0
105	748	2	0
108	748	3	0
109	748	3	0
110	748	3	0
112	748	3	0
116	748	2	0
117	748	3	0
125	748	3	0
127	748	5	0
129	748	2	0
130	748	4	0
134	748	5	0
137	748	4	0
141	748	3	0
151	748	2	0
155	748	2	0
157	748	2	0
159	748	3	0
164	748	5	0
166	748	2	0
168	748	2	0
177	748	3	0
178	748	4	0
181	748	1	0
190	748	3	0
195	748	2	0
197	748	3	0
198	748	2	0
200	748	3	0
203	748	2	0
204	748	1	0
205	748	4	0
206	748	4	0
207	748	3	0
224	748	3	0
227	748	1	0
229	748	3	0
231	748	4	0
240	748	3	0
246	748	1	0
249	748	3	0
250	748	2	0
251	748	2	0
255	748	1	0
256	748	4	0
258	748	5	0
259	748	4	0
260	748	4	0
261	748	3	0
265	748	5	0
274	748	5	0
276	748	3	0
277	748	3	0
280	748	2	0
281	748	5	0
284	748	3	0
287	748	4	0
292	748	3	0
293	748	2	0
294	748	3	0
297	748	2	0
302	748	1	0
303	748	2	0
305	748	3	0
310	748	3	0
311	748	4	0
313	748	3	0
317	748	5	0
324	748	5	0
328	748	3	0
332	748	4	0
333	748	4	0
335	748	2	0
345	748	2	0
346	748	4	0
347	748	2	0
351	748	4	0
356	748	4	0
357	748	5	0
359	748	3	0
360	748	2	0
362	748	1	0
373	748	4	0
377	748	4	0
384	748	4	0
391	748	3	0
393	748	3	0
395	748	3	0
397	748	2	0
400	748	2	0
401	748	3	0
402	748	3	0
403	748	5	0
404	748	4	0
408	748	5	0
410	748	2	0
414	748	3	0
415	748	5	0
416	748	4	0
417	748	4	0
423	748	3	0
425	748	3	0
430	748	3	0
431	748	4	0
433	748	4	0
435	748	4	0
436	748	3	0
437	748	4	0
443	748	4	0
444	748	1	0
445	748	1	0
446	748	2	0
447	748	1	0
449	748	2	0
450	748	4	0
451	748	4	0
454	748	4	0
459	748	4	0
461	748	1	0
464	748	4	0
466	748	2	0
472	748	5	0
474	748	3	0
476	748	2	0
479	748	3	0
482	748	4	0
485	748	2	0
486	748	2	0
487	748	4	0
488	748	4	0
489	748	4	0
494	748	1	0
497	748	4	0
505	748	1	0
507	748	5	0
510	748	3	0
514	748	2	0
515	748	2	0
517	748	4	0
519	748	2	0
521	748	3	0
524	748	2	0
526	748	1	0
528	748	3	0
531	748	4	0
533	748	3	0
534	748	4	0
543	748	3	0
544	748	3	0
548	748	3	0
549	748	4	0
550	748	4	0
551	748	4	0
552	748	4	0
555	748	4	0
561	748	2	0
569	748	2	0
570	748	3	0
579	748	3	0
580	748	2	0
582	748	3	0
587	748	1	0
592	748	2	0
595	748	2	0
597	748	5	0
598	748	4	0
599	748	4	0
602	748	3	0
603	748	5	0
606	748	3	0
616	748	3	0
621	748	4	0
624	748	3	0
625	748	3	0
626	748	2	0
634	748	3	0
635	748	2	0
642	748	5	0
644	748	4	0
645	748	1	0
646	748	3	0
647	748	4	0
648	748	3	0
652	748	3	0
653	748	5	0
654	748	4	0
660	748	3	0
663	748	2	0
665	748	4	0
671	748	3	0
676	748	4	0
677	748	4	0
679	748	4	0
682	748	3	0
683	748	3	0
687	748	3	0
689	748	5	0
691	748	4	0
695	748	1	0
696	748	1	0
697	748	5	0
699	748	2	0
702	748	2	0
703	748	3	0
708	748	4	0
714	748	5	0
717	748	3	0
721	748	3	0
722	748	4	0
723	748	5	0
724	748	1	0
725	748	4	0
727	748	4	0
728	748	3	0
729	748	4	0
730	748	4	0
735	748	3	0
736	748	2	0
740	748	3	0
743	748	4	0
748	748	4	0
749	748	3	0
750	748	3	0
751	748	2	0
752	748	4	0
755	748	4	0
758	748	1	0
759	748	4	0
760	748	4	0
761	748	4	0
769	748	2	0
770	748	5	0
772	748	3	0
782	748	4	0
785	748	3	0
787	748	4	0
788	748	3	0
790	748	1	0
791	748	3	0
796	748	5	0
797	748	1	0
798	748	5	0
799	748	2	0
802	748	4	0
803	748	1	0
804	748	4	0
805	748	2	0
807	748	4	0
808	748	4	0
809	748	3	0
811	748	3	0
812	748	5	0
817	748	4	0
820	748	1	0
824	748	1	0
825	748	5	0
826	748	4	0
827	748	4	0
828	748	2	0
831	748	2	0
832	748	3	0
838	748	3	0
841	748	4	0
846	748	3	0
851	748	3	0
853	748	2	0
856	748	3	0
862	748	4	0
863	748	3	0
867	748	4	0
872	748	3	0
874	748	3	0
877	748	4	0
880	748	4	0
881	748	3	0
882	748	5	0
883	748	5	0
894	748	3	0
895	748	3	0
898	748	4	0
899	748	4	0
901	748	4	0
905	748	2	0
907	748	5	0
910	748	3	0
916	748	2	0
919	748	1	0
936	748	2	0
938	748	2	0
