1	23	4	0
6	23	4	0
7	23	3	0
10	23	5	0
13	23	5	0
14	23	5	0
18	23	4	0
25	23	4	0
59	23	5	0
60	23	4	0
72	23	4	0
76	23	5	0
77	23	4	0
85	23	4	0
90	23	5	0
94	23	5	0
96	23	5	0
97	23	5	0
115	23	5	0
118	23	5	0
119	23	3	0
123	23	4	0
135	23	4	0
145	23	4	0
160	23	5	0
172	23	3	0
177	23	5	0
185	23	4	0
187	23	4	0
193	23	4	0
194	23	4	0
198	23	4	0
201	23	4	0
207	23	4	0
210	23	5	0
214	23	5	0
215	23	3	0
218	23	4	0
221	23	4	0
226	23	3	0
233	23	5	0
234	23	4	0
237	23	4	0
249	23	4	0
250	23	4	0
263	23	3	0
264	23	5	0
269	23	5	0
272	23	5	0
276	23	5	0
293	23	4	0
296	23	5	0
298	23	4	0
299	23	4	0
303	23	5	0
308	23	5	0
311	23	3	0
312	23	4	0
313	23	4	0
315	23	5	0
322	23	5	0
323	23	5	0
325	23	5	0
327	23	4	0
328	23	3	0
334	23	4	0
339	23	5	0
342	23	5	0
343	23	5	0
350	23	5	0
360	23	5	0
361	23	5	0
372	23	5	0
374	23	3	0
379	23	4	0
382	23	5	0
385	23	5	0
387	23	2	0
389	23	4	0
391	23	4	0
392	23	5	0
397	23	5	0
405	23	5	0
406	23	4	0
409	23	4	0
412	23	4	0
417	23	3	0
426	23	4	0
429	23	4	0
435	23	4	0
436	23	4	0
437	23	4	0
445	23	3	0
450	23	5	0
452	23	2	0
456	23	4	0
458	23	4	0
468	23	4	0
474	23	4	0
478	23	2	0
491	23	2	0
498	23	4	0
508	23	4	0
512	23	4	0
521	23	3	0
522	23	5	0
524	23	5	0
527	23	5	0
533	23	3	0
537	23	4	0
542	23	5	0
543	23	4	0
548	23	5	0
553	23	5	0
561	23	5	0
566	23	4	0
567	23	4	0
586	23	2	0
592	23	5	0
608	23	5	0
615	23	5	0
618	23	5	0
625	23	4	0
627	23	4	0
629	23	5	0
641	23	5	0
643	23	5	0
645	23	5	0
648	23	3	0
650	23	3	0
655	23	3	0
659	23	5	0
663	23	4	0
666	23	4	0
667	23	3	0
669	23	4	0
671	23	4	0
682	23	4	0
686	23	5	0
693	23	4	0
694	23	3	0
699	23	4	0
710	23	5	0
716	23	4	0
719	23	3	0
744	23	4	0
747	23	5	0
749	23	3	0
753	23	2	0
758	23	4	0
766	23	4	0
773	23	5	0
774	23	3	0
776	23	4	0
788	23	3	0
796	23	2	0
804	23	4	0
833	23	5	0
835	23	4	0
840	23	5	0
843	23	2	0
846	23	4	0
848	23	2	0
851	23	4	0
854	23	4	0
867	23	5	0
868	23	5	0
870	23	4	0
875	23	5	0
880	23	5	0
881	23	4	0
886	23	4	0
889	23	3	0
890	23	5	0
896	23	2	0
897	23	3	0
903	23	5	0
910	23	4	0
916	23	4	0
919	23	3	0
929	23	3	0
943	23	4	0
1	131	1	0
6	131	5	0
7	131	5	0
18	131	4	0
23	131	4	0
25	131	4	0
42	131	2	0
43	131	3	0
59	131	4	0
60	131	4	0
90	131	5	0
91	131	2	0
109	131	1	0
128	131	5	0
151	131	5	0
178	131	4	0
189	131	4	0
198	131	3	0
207	131	3	0
214	131	3	0
234	131	3	0
262	131	5	0
269	131	5	0
271	131	4	0
279	131	1	0
305	131	3	0
308	131	4	0
311	131	3	0
312	131	5	0
313	131	4	0
321	131	4	0
326	131	2	0
327	131	4	0
334	131	4	0
339	131	5	0
342	131	5	0
345	131	4	0
354	131	3	0
373	131	4	0
379	131	5	0
385	131	4	0
389	131	3	0
391	131	2	0
406	131	2	0
407	131	3	0
417	131	4	0
437	131	5	0
450	131	4	0
454	131	3	0
474	131	4	0
479	131	3	0
492	131	3	0
517	131	3	0
524	131	5	0
535	131	4	0
537	131	4	0
539	131	4	0
553	131	5	0
561	131	4	0
588	131	5	0
593	131	4	0
601	131	4	0
608	131	4	0
618	131	4	0
632	131	4	0
642	131	3	0
650	131	3	0
655	131	2	0
659	131	4	0
661	131	3	0
667	131	5	0
693	131	3	0
694	131	5	0
698	131	4	0
704	131	5	0
716	131	5	0
727	131	2	0
741	131	4	0
751	131	5	0
758	131	3	0
766	131	3	0
790	131	2	0
806	131	4	0
815	131	2	0
835	131	5	0
846	131	3	0
870	131	4	0
875	131	4	0
882	131	4	0
892	131	4	0
913	131	5	0
918	131	3	0
932	131	4	0
934	131	4	0
942	131	5	0
1	134	4	0
6	134	5	0
7	134	4	0
10	134	5	0
16	134	4	0
18	134	5	0
23	134	4	0
25	134	4	0
51	134	2	0
58	134	5	0
59	134	5	0
60	134	4	0
62	134	4	0
71	134	3	0
72	134	5	0
77	134	4	0
82	134	4	0
85	134	5	0
87	134	4	0
90	134	5	0
91	134	4	0
92	134	4	0
94	134	5	0
118	134	5	0
123	134	4	0
125	134	5	0
130	134	5	0
142	134	5	0
145	134	4	0
151	134	4	0
169	134	5	0
178	134	3	0
184	134	5	0
187	134	3	0
189	134	5	0
194	134	2	0
195	134	5	0
201	134	4	0
207	134	4	0
210	134	5	0
214	134	4	0
215	134	4	0
216	134	4	0
230	134	4	0
234	134	5	0
236	134	4	0
237	134	5	0
239	134	5	0
263	134	5	0
268	134	5	0
269	134	4	0
271	134	3	0
272	134	5	0
288	134	2	0
293	134	5	0
295	134	5	0
296	134	5	0
298	134	5	0
299	134	4	0
303	134	5	0
305	134	5	0
308	134	5	0
311	134	5	0
312	134	5	0
313	134	5	0
318	134	5	0
321	134	3	0
325	134	4	0
326	134	3	0
334	134	5	0
338	134	5	0
339	134	5	0
342	134	4	0
343	134	5	0
346	134	5	0
354	134	4	0
360	134	5	0
363	134	2	0
370	134	4	0
380	134	3	0
381	134	5	0
382	134	3	0
383	134	5	0
385	134	5	0
389	134	5	0
391	134	4	0
392	134	5	0
393	134	2	0
397	134	5	0
398	134	3	0
406	134	5	0
407	134	5	0
409	134	5	0
416	134	4	0
417	134	4	0
419	134	5	0
426	134	4	0
429	134	5	0
437	134	5	0
450	134	3	0
452	134	3	0
454	134	3	0
457	134	5	0
458	134	5	0
459	134	3	0
465	134	4	0
469	134	5	0
474	134	4	0
478	134	2	0
488	134	2	0
492	134	3	0
493	134	3	0
498	134	3	0
500	134	5	0
503	134	5	0
514	134	3	0
522	134	5	0
524	134	5	0
527	134	5	0
533	134	4	0
535	134	5	0
537	134	5	0
543	134	5	0
553	134	4	0
556	134	5	0
560	134	5	0
566	134	5	0
567	134	5	0
568	134	5	0
573	134	4	0
592	134	5	0
608	134	3	0
617	134	3	0
625	134	4	0
632	134	5	0
640	134	5	0
641	134	5	0
645	134	5	0
647	134	4	0
650	134	5	0
655	134	4	0
659	134	4	0
660	134	4	0
663	134	5	0
664	134	5	0
665	134	4	0
666	134	5	0
686	134	5	0
693	134	4	0
698	134	3	0
704	134	5	0
707	134	4	0
710	134	5	0
711	134	5	0
716	134	5	0
741	134	5	0
747	134	5	0
749	134	4	0
753	134	4	0
758	134	5	0
766	134	5	0
771	134	4	0
776	134	4	0
781	134	5	0
796	134	3	0
802	134	3	0
804	134	4	0
815	134	4	0
823	134	5	0
830	134	3	0
833	134	5	0
835	134	3	0
836	134	3	0
838	134	3	0
840	134	3	0
846	134	4	0
848	134	5	0
854	134	4	0
864	134	5	0
867	134	5	0
870	134	4	0
875	134	5	0
881	134	5	0
883	134	5	0
889	134	4	0
890	134	5	0
892	134	5	0
894	134	4	0
896	134	5	0
902	134	3	0
910	134	3	0
911	134	4	0
916	134	5	0
924	134	4	0
928	134	5	0
929	134	4	0
932	134	4	0
934	134	4	0
1	136	3	0
6	136	5	0
7	136	5	0
18	136	5	0
31	136	5	0
42	136	4	0
48	136	4	0
51	136	4	0
59	136	3	0
60	136	4	0
85	136	4	0
90	136	5	0
91	136	4	0
125	136	5	0
128	136	5	0
151	136	4	0
167	136	4	0
175	136	4	0
189	136	4	0
194	136	5	0
225	136	5	0
234	136	4	0
254	136	4	0
263	136	4	0
269	136	4	0
271	136	3	0
288	136	5	0
290	136	4	0
299	136	4	0
311	136	5	0
312	136	5	0
313	136	5	0
326	136	4	0
330	136	5	0
339	136	5	0
350	136	5	0
354	136	5	0
370	136	4	0
373	136	4	0
385	136	3	0
387	136	3	0
389	136	4	0
393	136	5	0
406	136	4	0
409	136	4	0
415	136	5	0
416	136	5	0
426	136	4	0
429	136	4	0
435	136	4	0
450	136	5	0
452	136	4	0
454	136	3	0
462	136	4	0
465	136	4	0
469	136	4	0
474	136	4	0
479	136	4	0
484	136	5	0
487	136	5	0
488	136	4	0
496	136	1	0
498	136	3	0
499	136	4	0
514	136	4	0
532	136	5	0
535	136	5	0
536	136	4	0
537	136	4	0
553	136	4	0
560	136	3	0
566	136	4	0
567	136	5	0
608	136	3	0
617	136	3	0
618	136	3	0
642	136	3	0
647	136	5	0
650	136	4	0
653	136	1	0
659	136	5	0
704	136	4	0
712	136	1	0
716	136	5	0
731	136	4	0
738	136	4	0
747	136	5	0
749	136	5	0
766	136	3	0
807	136	5	0
815	136	5	0
823	136	5	0
846	136	3	0
864	136	4	0
868	136	5	0
878	136	4	0
881	136	4	0
890	136	5	0
892	136	4	0
896	136	5	0
897	136	5	0
900	136	2	0
921	136	4	0
929	136	3	0
932	136	5	0
1	170	5	0
6	170	4	0
10	170	4	0
12	170	4	0
13	170	5	0
18	170	5	0
23	170	4	0
41	170	4	0
48	170	4	0
59	170	4	0
62	170	3	0
72	170	3	0
82	170	4	0
85	170	4	0
90	170	5	0
94	170	5	0
95	170	5	0
96	170	5	0
144	170	4	0
151	170	5	0
184	170	5	0
189	170	4	0
204	170	5	0
207	170	4	0
213	170	5	0
232	170	5	0
234	170	5	0
235	170	4	0
236	170	5	0
269	170	2	0
271	170	5	0
279	170	3	0
299	170	5	0
303	170	5	0
305	170	4	0
308	170	3	0
311	170	5	0
312	170	5	0
316	170	4	0
321	170	4	0
326	170	2	0
334	170	3	0
338	170	5	0
339	170	5	0
345	170	5	0
354	170	4	0
360	170	5	0
361	170	5	0
370	170	4	0
373	170	5	0
380	170	4	0
392	170	5	0
405	170	1	0
406	170	3	0
409	170	4	0
429	170	5	0
437	170	5	0
449	170	4	0
450	170	5	0
452	170	4	0
455	170	3	0
456	170	5	0
468	170	4	0
474	170	4	0
493	170	3	0
500	170	5	0
514	170	3	0
524	170	4	0
527	170	3	0
535	170	4	0
537	170	3	0
539	170	5	0
543	170	4	0
553	170	4	0
556	170	4	0
561	170	4	0
565	170	5	0
566	170	5	0
567	170	3	0
585	170	5	0
592	170	5	0
615	170	4	0
617	170	1	0
639	170	4	0
640	170	5	0
655	170	3	0
659	170	3	0
661	170	4	0
686	170	5	0
691	170	5	0
704	170	3	0
707	170	5	0
711	170	5	0
731	170	5	0
758	170	5	0
765	170	5	0
767	170	5	0
773	170	5	0
806	170	5	0
823	170	4	0
828	170	3	0
829	170	4	0
836	170	5	0
840	170	4	0
843	170	1	0
848	170	5	0
854	170	4	0
855	170	2	0
861	170	5	0
870	170	5	0
877	170	5	0
878	170	4	0
883	170	3	0
889	170	4	0
894	170	4	0
909	170	5	0
916	170	4	0
918	170	4	0
932	170	4	0
934	170	4	0
940	170	4	0
1	177	5	0
6	177	4	0
7	177	4	0
8	177	4	0
13	177	5	0
18	177	3	0
23	177	4	0
25	177	3	0
59	177	4	0
71	177	2	0
72	177	4	0
87	177	5	0
90	177	5	0
94	177	5	0
95	177	3	0
109	177	4	0
115	177	5	0
148	177	2	0
158	177	4	0
161	177	2	0
172	177	4	0
183	177	5	0
186	177	4	0
188	177	4	0
193	177	4	0
194	177	3	0
197	177	5	0
200	177	4	0
207	177	3	0
233	177	4	0
234	177	3	0
263	177	4	0
267	177	5	0
269	177	5	0
271	177	3	0
288	177	3	0
293	177	4	0
308	177	5	0
311	177	5	0
312	177	3	0
313	177	4	0
320	177	5	0
325	177	5	0
326	177	3	0
328	177	3	0
330	177	4	0
343	177	4	0
346	177	4	0
347	177	5	0
371	177	4	0
373	177	3	0
379	177	4	0
380	177	3	0
382	177	4	0
385	177	4	0
391	177	4	0
397	177	5	0
405	177	1	0
407	177	4	0
425	177	3	0
429	177	4	0
435	177	5	0
442	177	4	0
450	177	4	0
456	177	4	0
472	177	4	0
479	177	4	0
497	177	4	0
499	177	3	0
505	177	3	0
506	177	5	0
514	177	3	0
527	177	5	0
532	177	4	0
533	177	4	0
537	177	3	0
543	177	4	0
545	177	3	0
551	177	5	0
553	177	4	0
566	177	4	0
567	177	4	0
586	177	3	0
600	177	5	0
627	177	5	0
633	177	3	0
643	177	4	0
645	177	4	0
647	177	5	0
648	177	5	0
650	177	2	0
653	177	3	0
659	177	5	0
660	177	2	0
665	177	3	0
666	177	3	0
671	177	4	0
693	177	3	0
694	177	5	0
698	177	1	0
712	177	2	0
716	177	2	0
727	177	4	0
738	177	4	0
745	177	3	0
758	177	5	0
766	177	3	0
767	177	5	0
774	177	4	0
776	177	4	0
786	177	4	0
788	177	3	0
804	177	5	0
806	177	3	0
807	177	4	0
819	177	4	0
826	177	5	0
830	177	4	0
833	177	5	0
843	177	3	0
846	177	3	0
862	177	4	0
870	177	4	0
871	177	5	0
880	177	5	0
881	177	4	0
882	177	5	0
886	177	4	0
889	177	4	0
892	177	4	0
897	177	5	0
899	177	3	0
903	177	4	0
916	177	3	0
932	177	4	0
933	177	4	0
934	177	3	0
1	178	5	0
6	178	4	0
7	178	4	0
10	178	5	0
13	178	4	0
16	178	5	0
18	178	3	0
24	178	5	0
60	178	5	0
65	178	5	0
68	178	5	0
82	178	4	0
90	178	5	0
95	178	5	0
109	178	3	0
115	178	5	0
151	178	5	0
156	178	5	0
172	178	3	0
174	178	5	0
178	178	4	0
182	178	5	0
185	178	4	0
189	178	5	0
194	178	3	0
221	178	4	0
224	178	4	0
232	178	5	0
234	178	5	0
237	178	4	0
246	178	5	0
268	178	4	0
271	178	3	0
272	178	5	0
288	178	5	0
298	178	5	0
305	178	4	0
307	178	3	0
308	178	4	0
311	178	5	0
312	178	5	0
313	178	5	0
315	178	4	0
326	178	5	0
327	178	4	0
331	178	3	0
339	178	5	0
361	178	5	0
373	178	4	0
379	178	5	0
381	178	4	0
387	178	3	0
389	178	4	0
392	178	5	0
397	178	5	0
398	178	5	0
405	178	3	0
409	178	5	0
416	178	5	0
417	178	3	0
425	178	3	0
426	178	4	0
429	178	4	0
450	178	4	0
458	178	4	0
468	178	5	0
474	178	4	0
478	178	4	0
487	178	5	0
488	178	4	0
514	178	4	0
524	178	3	0
528	178	4	0
530	178	5	0
535	178	4	0
537	178	4	0
553	178	5	0
556	178	5	0
561	178	4	0
567	178	4	0
568	178	4	0
573	178	4	0
588	178	5	0
592	178	5	0
601	178	4	0
606	178	5	0
615	178	5	0
622	178	4	0
639	178	5	0
648	178	4	0
655	178	4	0
658	178	5	0
659	178	5	0
661	178	4	0
684	178	4	0
686	178	5	0
691	178	5	0
693	178	5	0
694	178	4	0
696	178	4	0
704	178	5	0
712	178	2	0
716	178	5	0
723	178	3	0
727	178	4	0
738	178	4	0
741	178	5	0
747	178	5	0
749	178	4	0
751	178	5	0
756	178	5	0
766	178	4	0
774	178	4	0
796	178	3	0
846	178	4	0
864	178	4	0
868	178	5	0
870	178	4	0
876	178	4	0
881	178	3	0
886	178	5	0
889	178	5	0
892	178	5	0
924	178	5	0
932	178	5	0
1	190	5	0
7	190	5	0
8	190	4	0
11	190	3	0
13	190	4	0
18	190	4	0
44	190	5	0
59	190	5	0
62	190	5	0
64	190	4	0
75	190	5	0
85	190	4	0
90	190	5	0
92	190	4	0
94	190	5	0
95	190	4	0
96	190	4	0
122	190	4	0
125	190	5	0
128	190	4	0
144	190	5	0
148	190	2	0
151	190	4	0
158	190	5	0
197	190	3	0
201	190	4	0
234	190	3	0
235	190	4	0
237	190	4	0
239	190	1	0
253	190	5	0
271	190	4	0
279	190	3	0
288	190	1	0
292	190	5	0
295	190	4	0
299	190	5	0
305	190	3	0
312	190	5	0
316	190	5	0
321	190	4	0
325	190	4	0
327	190	4	0
331	190	3	0
334	190	4	0
339	190	4	0
344	190	5	0
350	190	4	0
354	190	4	0
361	190	5	0
373	190	5	0
380	190	5	0
387	190	5	0
405	190	2	0
406	190	5	0
417	190	5	0
420	190	5	0
425	190	3	0
429	190	5	0
435	190	4	0
437	190	3	0
450	190	4	0
457	190	5	0
458	190	4	0
465	190	4	0
474	190	3	0
479	190	4	0
480	190	5	0
481	190	5	0
488	190	5	0
491	190	4	0
496	190	5	0
498	190	4	0
503	190	5	0
505	190	4	0
514	190	5	0
527	190	4	0
533	190	2	0
535	190	4	0
536	190	5	0
537	190	4	0
543	190	5	0
553	190	5	0
562	190	4	0
565	190	5	0
567	190	4	0
585	190	4	0
608	190	4	0
615	190	3	0
618	190	4	0
622	190	4	0
625	190	3	0
655	190	3	0
669	190	3	0
682	190	4	0
698	190	5	0
707	190	5	0
716	190	5	0
731	190	5	0
745	190	5	0
747	190	4	0
763	190	4	0
805	190	5	0
815	190	5	0
826	190	3	0
828	190	3	0
829	190	4	0
838	190	4	0
840	190	5	0
846	190	5	0
864	190	4	0
871	190	2	0
883	190	4	0
889	190	3	0
890	190	4	0
894	190	5	0
896	190	5	0
899	190	4	0
911	190	5	0
916	190	4	0
918	190	5	0
921	190	2	0
930	190	4	0
934	190	4	0
1	192	4	0
6	192	4	0
7	192	4	0
10	192	4	0
31	192	4	0
76	192	5	0
77	192	3	0
85	192	4	0
87	192	3	0
90	192	4	0
91	192	4	0
94	192	4	0
97	192	1	0
115	192	5	0
121	192	4	0
123	192	5	0
156	192	4	0
160	192	5	0
184	192	4	0
194	192	5	0
201	192	4	0
207	192	3	0
213	192	5	0
233	192	5	0
234	192	3	0
235	192	4	0
253	192	1	0
264	192	4	0
269	192	4	0
271	192	5	0
276	192	5	0
293	192	5	0
305	192	2	0
308	192	5	0
311	192	3	0
313	192	3	0
316	192	1	0
322	192	5	0
327	192	5	0
328	192	4	0
339	192	5	0
342	192	4	0
347	192	4	0
374	192	5	0
379	192	4	0
385	192	5	0
387	192	5	0
397	192	5	0
405	192	5	0
409	192	4	0
429	192	3	0
450	192	4	0
457	192	5	0
458	192	4	0
468	192	4	0
474	192	4	0
492	192	3	0
493	192	3	0
498	192	5	0
522	192	5	0
524	192	4	0
527	192	4	0
533	192	3	0
535	192	4	0
537	192	4	0
542	192	5	0
543	192	4	0
551	192	5	0
556	192	5	0
566	192	5	0
567	192	4	0
573	192	4	0
592	192	5	0
615	192	5	0
617	192	5	0
618	192	5	0
625	192	2	0
641	192	4	0
655	192	3	0
658	192	4	0
659	192	4	0
661	192	4	0
663	192	4	0
664	192	4	0
666	192	4	0
667	192	5	0
669	192	5	0
682	192	3	0
686	192	5	0
693	192	2	0
709	192	4	0
710	192	5	0
716	192	3	0
731	192	5	0
737	192	5	0
747	192	5	0
748	192	3	0
758	192	4	0
766	192	4	0
776	192	5	0
788	192	4	0
804	192	4	0
806	192	4	0
829	192	5	0
833	192	5	0
836	192	5	0
846	192	5	0
851	192	4	0
870	192	5	0
881	192	5	0
889	192	3	0
892	192	5	0
903	192	5	0
908	192	2	0
912	192	4	0
916	192	4	0
1	199	4	0
6	199	4	0
7	199	5	0
10	199	4	0
13	199	5	0
16	199	5	0
18	199	3	0
53	199	5	0
57	199	5	0
58	199	4	0
59	199	4	0
60	199	5	0
62	199	4	0
64	199	4	0
77	199	5	0
80	199	2	0
82	199	4	0
85	199	5	0
87	199	5	0
90	199	5	0
92	199	3	0
95	199	5	0
116	199	4	0
119	199	5	0
151	199	3	0
169	199	4	0
178	199	4	0
185	199	4	0
188	199	4	0
189	199	5	0
193	199	5	0
194	199	4	0
211	199	5	0
212	199	5	0
213	199	5	0
230	199	3	0
234	199	5	0
236	199	4	0
237	199	4	0
254	199	4	0
263	199	5	0
271	199	4	0
275	199	4	0
288	199	4	0
290	199	3	0
292	199	5	0
293	199	5	0
296	199	5	0
298	199	4	0
301	199	4	0
305	199	4	0
308	199	4	0
311	199	4	0
312	199	5	0
313	199	4	0
316	199	3	0
321	199	4	0
323	199	4	0
325	199	5	0
326	199	5	0
328	199	4	0
329	199	4	0
339	199	5	0
340	199	5	0
343	199	5	0
354	199	4	0
360	199	5	0
370	199	4	0
379	199	4	0
380	199	3	0
385	199	3	0
387	199	4	0
389	199	5	0
392	199	5	0
397	199	5	0
398	199	4	0
401	199	3	0
405	199	1	0
406	199	5	0
409	199	4	0
416	199	5	0
426	199	5	0
429	199	5	0
435	199	5	0
450	199	5	0
452	199	5	0
454	199	3	0
458	199	4	0
465	199	3	0
469	199	4	0
474	199	5	0
479	199	5	0
481	199	5	0
483	199	3	0
488	199	4	0
492	199	3	0
494	199	4	0
503	199	4	0
504	199	4	0
505	199	4	0
506	199	4	0
514	199	3	0
516	199	3	0
524	199	4	0
536	199	3	0
537	199	4	0
538	199	5	0
543	199	4	0
545	199	4	0
553	199	4	0
559	199	5	0
561	199	4	0
567	199	4	0
568	199	3	0
594	199	4	0
608	199	1	0
615	199	5	0
622	199	5	0
627	199	5	0
629	199	5	0
639	199	3	0
648	199	4	0
650	199	4	0
653	199	4	0
659	199	4	0
661	199	5	0
666	199	5	0
670	199	4	0
693	199	3	0
694	199	5	0
698	199	2	0
707	199	2	0
716	199	4	0
721	199	4	0
727	199	4	0
738	199	4	0
747	199	4	0
748	199	4	0
749	199	5	0
753	199	5	0
758	199	4	0
774	199	4	0
780	199	5	0
786	199	4	0
788	199	5	0
796	199	3	0
804	199	5	0
807	199	5	0
815	199	4	0
840	199	4	0
843	199	3	0
846	199	5	0
848	199	5	0
862	199	5	0
868	199	5	0
881	199	5	0
882	199	5	0
883	199	4	0
889	199	5	0
896	199	3	0
897	199	4	0
911	199	3	0
918	199	3	0
932	199	5	0
934	199	4	0
1	205	3	0
6	205	3	0
7	205	5	0
10	205	5	0
13	205	2	0
41	205	4	0
59	205	3	0
60	205	4	0
80	205	5	0
85	205	4	0
91	205	5	0
95	205	3	0
97	205	2	0
125	205	5	0
156	205	3	0
185	205	3	0
188	205	3	0
194	205	3	0
200	205	4	0
207	205	4	0
210	205	4	0
211	205	5	0
215	205	3	0
230	205	3	0
233	205	4	0
234	205	3	0
239	205	3	0
263	205	5	0
268	205	5	0
269	205	3	0
271	205	5	0
272	205	5	0
285	205	4	0
288	205	5	0
290	205	3	0
298	205	5	0
301	205	4	0
308	205	3	0
311	205	5	0
312	205	5	0
313	205	5	0
318	205	3	0
321	205	5	0
325	205	4	0
326	205	4	0
328	205	4	0
330	205	3	0
339	205	5	0
340	205	4	0
360	205	5	0
379	205	5	0
383	205	4	0
385	205	2	0
387	205	5	0
389	205	4	0
391	205	5	0
398	205	5	0
405	205	3	0
406	205	2	0
407	205	4	0
409	205	3	0
426	205	4	0
433	205	3	0
450	205	4	0
474	205	5	0
479	205	3	0
488	205	4	0
492	205	4	0
499	205	5	0
503	205	4	0
504	205	3	0
506	205	5	0
522	205	4	0
524	205	5	0
532	205	5	0
533	205	5	0
535	205	3	0
536	205	5	0
537	205	5	0
545	205	4	0
551	205	5	0
553	205	4	0
559	205	5	0
561	205	3	0
567	205	3	0
573	205	3	0
627	205	5	0
643	205	5	0
648	205	3	0
650	205	4	0
653	205	1	0
655	205	3	0
666	205	3	0
669	205	4	0
682	205	3	0
686	205	5	0
691	205	5	0
694	205	5	0
698	205	4	0
704	205	5	0
715	205	5	0
716	205	5	0
727	205	5	0
731	205	1	0
738	205	5	0
745	205	2	0
747	205	5	0
749	205	4	0
757	205	4	0
761	205	4	0
766	205	5	0
774	205	4	0
777	205	4	0
781	205	5	0
788	205	4	0
804	205	4	0
807	205	3	0
830	205	5	0
833	205	4	0
835	205	3	0
843	205	4	0
846	205	5	0
862	205	4	0
881	205	4	0
882	205	5	0
890	205	5	0
897	205	3	0
900	205	4	0
908	205	3	0
910	205	4	0
911	205	3	0
924	205	4	0
929	205	4	0
932	205	5	0
940	205	3	0
943	205	5	0
1	213	2	0
6	213	4	0
7	213	3	0
11	213	4	0
14	213	5	0
18	213	5	0
23	213	3	0
49	213	3	0
58	213	5	0
62	213	4	0
73	213	4	0
80	213	3	0
85	213	4	0
89	213	4	0
90	213	5	0
106	213	4	0
119	213	5	0
128	213	3	0
144	213	4	0
151	213	5	0
160	213	4	0
161	213	2	0
169	213	5	0
180	213	5	0
184	213	5	0
187	213	4	0
194	213	2	0
195	213	4	0
201	213	4	0
213	213	5	0
214	213	4	0
234	213	3	0
235	213	4	0
269	213	5	0
270	213	5	0
293	213	3	0
295	213	5	0
297	213	3	0
298	213	3	0
299	213	5	0
308	213	4	0
311	213	4	0
312	213	5	0
316	213	5	0
318	213	4	0
321	213	4	0
330	213	5	0
334	213	4	0
338	213	5	0
339	213	4	0
344	213	4	0
346	213	3	0
354	213	5	0
358	213	5	0
361	213	5	0
373	213	4	0
378	213	5	0
380	213	2	0
383	213	5	0
391	213	4	0
405	213	2	0
406	213	2	0
409	213	4	0
416	213	5	0
421	213	3	0
437	213	4	0
440	213	4	0
449	213	3	0
450	213	4	0
452	213	4	0
455	213	4	0
474	213	4	0
479	213	4	0
480	213	5	0
499	213	3	0
503	213	5	0
523	213	5	0
524	213	4	0
527	213	4	0
528	213	4	0
535	213	5	0
536	213	5	0
537	213	4	0
538	213	3	0
553	213	5	0
565	213	4	0
566	213	5	0
568	213	4	0
574	213	4	0
585	213	5	0
607	213	4	0
608	213	4	0
615	213	5	0
622	213	5	0
625	213	4	0
630	213	2	0
639	213	5	0
647	213	3	0
653	213	2	0
655	213	4	0
666	213	4	0
711	213	5	0
712	213	3	0
716	213	5	0
731	213	5	0
734	213	5	0
748	213	3	0
751	213	5	0
758	213	5	0
763	213	4	0
790	213	3	0
796	213	4	0
804	213	3	0
805	213	3	0
821	213	5	0
828	213	2	0
829	213	4	0
840	213	4	0
846	213	3	0
861	213	5	0
871	213	3	0
875	213	4	0
878	213	3	0
883	213	2	0
884	213	4	0
885	213	3	0
892	213	3	0
894	213	4	0
899	213	4	0
916	213	4	0
918	213	5	0
932	213	3	0
934	213	4	0
940	213	4	0
5	429	3	0
7	429	5	0
11	429	5	0
13	429	5	0
28	429	5	0
44	429	4	0
59	429	4	0
60	429	5	0
64	429	4	0
65	429	4	0
70	429	3	0
71	429	4	0
91	429	4	0
97	429	4	0
122	429	3	0
151	429	5	0
169	429	3	0
198	429	4	0
200	429	5	0
234	429	4	0
235	429	4	0
236	429	1	0
251	429	4	0
254	429	4	0
271	429	4	0
276	429	5	0
279	429	4	0
290	429	4	0
292	429	5	0
293	429	4	0
296	429	5	0
301	429	4	0
308	429	4	0
312	429	5	0
326	429	5	0
334	429	4	0
343	429	4	0
350	429	4	0
354	429	3	0
363	429	5	0
385	429	4	0
387	429	3	0
389	429	4	0
398	429	4	0
401	429	3	0
405	429	5	0
406	429	4	0
409	429	5	0
425	429	4	0
426	429	5	0
488	429	4	0
499	429	4	0
514	429	4	0
524	429	2	0
527	429	5	0
535	429	3	0
537	429	3	0
560	429	3	0
567	429	4	0
601	429	5	0
603	429	5	0
617	429	3	0
648	429	4	0
650	429	4	0
653	429	3	0
658	429	4	0
660	429	4	0
666	429	5	0
694	429	4	0
704	429	4	0
738	429	3	0
747	429	4	0
749	429	4	0
766	429	4	0
774	429	1	0
786	429	4	0
788	429	3	0
795	429	3	0
796	429	4	0
804	429	4	0
833	429	3	0
836	429	4	0
840	429	3	0
843	429	4	0
846	429	2	0
862	429	5	0
868	429	2	0
882	429	4	0
890	429	4	0
892	429	4	0
896	429	5	0
897	429	5	0
900	429	2	0
901	429	5	0
924	429	4	0
929	429	4	0
932	429	5	0
5	430	5	0
7	430	3	0
10	430	3	0
11	430	3	0
13	430	5	0
14	430	5	0
18	430	4	0
22	430	4	0
25	430	4	0
41	430	5	0
59	430	5	0
60	430	5	0
82	430	5	0
90	430	3	0
97	430	5	0
125	430	4	0
151	430	4	0
158	430	5	0
160	430	5	0
172	430	3	0
208	430	4	0
218	430	3	0
234	430	4	0
239	430	3	0
264	430	5	0
271	430	5	0
293	430	3	0
297	430	1	0
298	430	5	0
303	430	4	0
308	430	4	0
312	430	5	0
313	430	5	0
321	430	3	0
325	430	5	0
334	430	4	0
361	430	5	0
385	430	5	0
387	430	3	0
389	430	5	0
398	430	4	0
401	430	2	0
405	430	1	0
406	430	4	0
409	430	4	0
426	430	3	0
429	430	4	0
435	430	5	0
450	430	4	0
452	430	3	0
458	430	5	0
474	430	3	0
476	430	4	0
481	430	4	0
498	430	4	0
499	430	3	0
503	430	5	0
506	430	4	0
514	430	4	0
522	430	5	0
523	430	4	0
524	430	3	0
533	430	5	0
537	430	3	0
561	430	3	0
567	430	4	0
568	430	3	0
638	430	5	0
643	430	5	0
645	430	5	0
648	430	5	0
650	430	4	0
660	430	4	0
666	430	4	0
686	430	4	0
716	430	5	0
747	430	4	0
749	430	4	0
758	430	5	0
833	430	4	0
840	430	5	0
846	430	3	0
848	430	5	0
881	430	4	0
883	430	5	0
889	430	4	0
892	430	5	0
896	430	3	0
901	430	3	0
913	430	2	0
918	430	1	0
932	430	4	0
940	430	4	0
5	434	5	0
7	434	4	0
11	434	4	0
18	434	3	0
28	434	4	0
44	434	4	0
59	434	4	0
60	434	5	0
64	434	4	0
97	434	4	0
125	434	4	0
198	434	3	0
215	434	5	0
234	434	3	0
239	434	5	0
263	434	4	0
275	434	3	0
279	434	4	0
290	434	4	0
308	434	4	0
312	434	3	0
325	434	5	0
326	434	5	0
339	434	4	0
379	434	3	0
387	434	5	0
405	434	3	0
406	434	5	0
435	434	2	0
450	434	3	0
454	434	3	0
474	434	4	0
488	434	4	0
506	434	4	0
537	434	3	0
545	434	3	0
553	434	3	0
567	434	5	0
622	434	4	0
627	434	4	0
641	434	4	0
645	434	4	0
648	434	5	0
650	434	4	0
660	434	3	0
694	434	5	0
698	434	4	0
727	434	5	0
731	434	1	0
738	434	4	0
749	434	4	0
751	434	4	0
758	434	3	0
766	434	5	0
795	434	3	0
796	434	4	0
804	434	4	0
815	434	3	0
833	434	3	0
843	434	4	0
847	434	3	0
862	434	5	0
868	434	3	0
881	434	2	0
890	434	4	0
908	434	4	0
932	434	5	0
6	474	5	0
7	474	5	0
10	474	4	0
13	474	4	0
14	474	4	0
18	474	4	0
25	474	4	0
41	474	5	0
44	474	4	0
58	474	4	0
59	474	5	0
60	474	5	0
62	474	4	0
73	474	5	0
76	474	5	0
77	474	5	0
82	474	3	0
85	474	5	0
90	474	5	0
91	474	3	0
92	474	4	0
94	474	5	0
95	474	4	0
96	474	4	0
114	474	5	0
118	474	5	0
124	474	3	0
125	474	3	0
138	474	5	0
144	474	4	0
148	474	5	0
151	474	5	0
154	474	5	0
160	474	4	0
162	474	3	0
188	474	4	0
189	474	5	0
194	474	4	0
198	474	5	0
213	474	2	0
215	474	4	0
226	474	3	0
232	474	5	0
234	474	4	0
235	474	5	0
237	474	5	0
239	474	5	0
248	474	2	0
250	474	5	0
267	474	5	0
268	474	5	0
269	474	4	0
271	474	3	0
272	474	5	0
276	474	5	0
279	474	5	0
290	474	3	0
293	474	5	0
297	474	4	0
298	474	4	0
299	474	5	0
301	474	4	0
303	474	5	0
305	474	5	0
307	474	5	0
312	474	5	0
313	474	5	0
318	474	4	0
321	474	4	0
325	474	5	0
326	474	5	0
327	474	3	0
328	474	4	0
334	474	3	0
338	474	4	0
339	474	4	0
343	474	5	0
360	474	5	0
363	474	5	0
373	474	3	0
379	474	5	0
380	474	4	0
382	474	5	0
383	474	5	0
385	474	5	0
387	474	5	0
389	474	5	0
391	474	5	0
397	474	5	0
398	474	4	0
406	474	5	0
407	474	3	0
409	474	5	0
417	474	4	0
421	474	4	0
425	474	4	0
426	474	4	0
433	474	3	0
435	474	3	0
447	474	3	0
450	474	5	0
452	474	3	0
454	474	4	0
456	474	5	0
457	474	5	0
458	474	4	0
465	474	3	0
469	474	5	0
474	474	5	0
479	474	5	0
487	474	4	0
488	474	2	0
492	474	5	0
498	474	4	0
499	474	4	0
508	474	5	0
514	474	5	0
516	474	5	0
521	474	3	0
524	474	4	0
527	474	3	0
533	474	3	0
536	474	5	0
537	474	5	0
541	474	5	0
543	474	5	0
545	474	3	0
553	474	5	0
561	474	5	0
567	474	5	0
568	474	5	0
603	474	4	0
607	474	4	0
622	474	3	0
640	474	4	0
643	474	5	0
645	474	5	0
648	474	4	0
650	474	4	0
653	474	4	0
655	474	3	0
659	474	2	0
660	474	2	0
666	474	5	0
669	474	4	0
670	474	3	0
686	474	5	0
694	474	4	0
716	474	5	0
727	474	3	0
737	474	5	0
738	474	4	0
747	474	5	0
748	474	4	0
757	474	3	0
758	474	5	0
766	474	5	0
776	474	5	0
780	474	3	0
781	474	5	0
788	474	3	0
796	474	2	0
804	474	4	0
823	474	5	0
830	474	5	0
833	474	5	0
840	474	5	0
843	474	3	0
846	474	5	0
847	474	4	0
848	474	5	0
862	474	5	0
864	474	4	0
867	474	5	0
868	474	4	0
870	474	4	0
875	474	5	0
878	474	5	0
881	474	3	0
886	474	4	0
889	474	4	0
890	474	5	0
896	474	3	0
899	474	3	0
900	474	4	0
911	474	5	0
912	474	3	0
913	474	5	0
916	474	4	0
929	474	4	0
932	474	5	0
933	474	5	0
934	474	4	0
940	474	3	0
6	478	4	0
10	478	5	0
13	478	4	0
18	478	5	0
25	478	5	0
60	478	3	0
85	478	4	0
90	478	5	0
96	478	2	0
125	478	4	0
128	478	5	0
144	478	4	0
151	478	5	0
167	478	5	0
172	478	3	0
178	478	5	0
184	478	4	0
194	478	3	0
200	478	5	0
213	478	5	0
214	478	4	0
225	478	5	0
233	478	5	0
234	478	3	0
236	478	3	0
239	478	5	0
249	478	4	0
264	478	5	0
269	478	4	0
274	478	5	0
299	478	4	0
305	478	3	0
312	478	5	0
313	478	3	0
321	478	4	0
326	478	3	0
327	478	4	0
338	478	3	0
339	478	5	0
342	478	3	0
343	478	5	0
344	478	4	0
354	478	5	0
383	478	5	0
389	478	5	0
398	478	5	0
401	478	2	0
406	478	4	0
407	478	4	0
409	478	4	0
419	478	5	0
420	478	3	0
426	478	4	0
437	478	5	0
450	478	5	0
454	478	2	0
465	478	4	0
474	478	4	0
488	478	3	0
492	478	2	0
495	478	4	0
506	478	4	0
524	478	3	0
535	478	5	0
537	478	4	0
553	478	4	0
560	478	4	0
561	478	4	0
567	478	5	0
568	478	4	0
573	478	4	0
593	478	5	0
608	478	3	0
613	478	5	0
650	478	4	0
664	478	5	0
666	478	4	0
691	478	4	0
698	478	4	0
707	478	4	0
716	478	4	0
731	478	4	0
734	478	4	0
741	478	5	0
747	478	4	0
749	478	5	0
767	478	4	0
796	478	5	0
823	478	4	0
840	478	3	0
846	478	4	0
848	478	5	0
862	478	4	0
875	478	4	0
881	478	4	0
892	478	5	0
896	478	5	0
897	478	3	0
900	478	2	0
908	478	4	0
911	478	5	0
913	478	4	0
932	478	4	0
942	478	5	0
6	479	5	0
7	479	4	0
9	479	4	0
10	479	5	0
16	479	5	0
18	479	4	0
23	479	5	0
25	479	5	0
28	479	4	0
42	479	4	0
43	479	4	0
48	479	4	0
51	479	3	0
59	479	5	0
60	479	5	0
72	479	4	0
73	479	5	0
82	479	4	0
83	479	5	0
85	479	4	0
90	479	5	0
91	479	4	0
96	479	4	0
115	479	5	0
116	479	4	0
121	479	5	0
123	479	4	0
125	479	4	0
154	479	4	0
182	479	5	0
189	479	5	0
194	479	3	0
201	479	4	0
213	479	4	0
214	479	4	0
225	479	4	0
234	479	5	0
237	479	5	0
239	479	5	0
249	479	5	0
267	479	4	0
268	479	4	0
269	479	4	0
271	479	4	0
276	479	5	0
292	479	4	0
293	479	4	0
297	479	5	0
298	479	5	0
299	479	4	0
303	479	5	0
305	479	3	0
308	479	5	0
311	479	5	0
312	479	5	0
313	479	5	0
321	479	4	0
322	479	5	0
323	479	4	0
326	479	5	0
330	479	5	0
331	479	2	0
334	479	4	0
338	479	5	0
339	479	5	0
344	479	4	0
345	479	4	0
350	479	5	0
354	479	4	0
360	479	4	0
378	479	4	0
380	479	4	0
381	479	5	0
383	479	4	0
385	479	5	0
389	479	4	0
391	479	4	0
393	479	4	0
397	479	4	0
398	479	4	0
402	479	5	0
406	479	4	0
407	479	4	0
409	479	5	0
415	479	4	0
416	479	5	0
429	479	4	0
435	479	3	0
437	479	5	0
445	479	3	0
450	479	4	0
452	479	5	0
454	479	4	0
456	479	5	0
464	479	4	0
474	479	5	0
479	479	4	0
480	479	4	0
481	479	4	0
492	479	3	0
494	479	3	0
495	479	4	0
498	479	3	0
500	479	5	0
503	479	4	0
504	479	4	0
506	479	4	0
524	479	4	0
527	479	4	0
528	479	4	0
533	479	4	0
535	479	4	0
537	479	4	0
542	479	4	0
543	479	4	0
551	479	3	0
553	479	5	0
556	479	5	0
561	479	4	0
566	479	4	0
567	479	5	0
568	479	5	0
573	479	4	0
592	479	4	0
601	479	4	0
608	479	5	0
622	479	4	0
625	479	4	0
648	479	4	0
650	479	5	0
655	479	4	0
659	479	5	0
664	479	5	0
666	479	4	0
669	479	5	0
670	479	5	0
698	479	2	0
699	479	3	0
707	479	3	0
710	479	5	0
716	479	4	0
734	479	4	0
741	479	5	0
744	479	5	0
747	479	5	0
748	479	4	0
751	479	2	0
758	479	5	0
776	479	4	0
796	479	4	0
799	479	5	0
804	479	4	0
815	479	4	0
831	479	4	0
833	479	2	0
840	479	4	0
846	479	4	0
847	479	3	0
848	479	5	0
854	479	4	0
862	479	4	0
870	479	5	0
875	479	4	0
883	479	5	0
889	479	4	0
890	479	5	0
892	479	5	0
894	479	5	0
896	479	3	0
897	479	4	0
899	479	4	0
902	479	4	0
903	479	4	0
908	479	4	0
911	479	5	0
912	479	4	0
929	479	4	0
932	479	5	0
942	479	4	0
6	480	4	0
7	480	4	0
10	480	5	0
12	480	4	0
13	480	3	0
16	480	5	0
18	480	4	0
25	480	4	0
28	480	5	0
29	480	4	0
44	480	4	0
48	480	4	0
58	480	3	0
59	480	5	0
60	480	4	0
63	480	3	0
64	480	3	0
72	480	5	0
73	480	4	0
82	480	4	0
85	480	4	0
90	480	5	0
91	480	4	0
123	480	3	0
144	480	4	0
151	480	5	0
154	480	5	0
156	480	5	0
169	480	4	0
178	480	3	0
184	480	4	0
185	480	4	0
189	480	5	0
198	480	4	0
201	480	4	0
215	480	5	0
225	480	5	0
226	480	4	0
234	480	4	0
235	480	4	0
249	480	5	0
250	480	5	0
251	480	5	0
263	480	3	0
267	480	4	0
268	480	5	0
271	480	4	0
279	480	3	0
293	480	5	0
296	480	5	0
297	480	4	0
299	480	4	0
303	480	4	0
305	480	5	0
308	480	4	0
311	480	4	0
312	480	5	0
313	480	5	0
318	480	4	0
321	480	4	0
325	480	4	0
326	480	4	0
328	480	3	0
338	480	5	0
339	480	5	0
340	480	5	0
350	480	5	0
354	480	4	0
370	480	4	0
373	480	3	0
379	480	5	0
380	480	4	0
381	480	5	0
383	480	5	0
385	480	5	0
389	480	5	0
391	480	4	0
393	480	4	0
397	480	5	0
398	480	5	0
402	480	5	0
405	480	4	0
406	480	4	0
409	480	5	0
412	480	4	0
415	480	5	0
416	480	5	0
426	480	5	0
429	480	4	0
437	480	4	0
445	480	3	0
450	480	4	0
452	480	5	0
454	480	4	0
456	480	4	0
474	480	5	0
479	480	5	0
483	480	3	0
488	480	3	0
496	480	3	0
498	480	5	0
522	480	5	0
524	480	4	0
532	480	5	0
533	480	4	0
535	480	4	0
536	480	5	0
537	480	4	0
543	480	4	0
553	480	5	0
555	480	4	0
560	480	3	0
561	480	4	0
562	480	4	0
566	480	4	0
567	480	4	0
573	480	4	0
592	480	4	0
608	480	3	0
610	480	5	0
612	480	4	0
617	480	4	0
622	480	4	0
625	480	4	0
632	480	5	0
650	480	5	0
653	480	4	0
655	480	4	0
661	480	5	0
664	480	5	0
666	480	4	0
669	480	5	0
670	480	5	0
676	480	5	0
686	480	5	0
693	480	4	0
694	480	4	0
698	480	2	0
704	480	5	0
707	480	3	0
715	480	5	0
716	480	5	0
731	480	4	0
741	480	5	0
745	480	3	0
747	480	5	0
749	480	5	0
751	480	4	0
758	480	5	0
788	480	3	0
796	480	4	0
798	480	3	0
804	480	5	0
830	480	5	0
838	480	4	0
840	480	5	0
846	480	5	0
847	480	3	0
848	480	5	0
850	480	5	0
851	480	5	0
862	480	5	0
867	480	5	0
868	480	4	0
870	480	5	0
875	480	5	0
881	480	4	0
889	480	5	0
890	480	5	0
892	480	4	0
896	480	3	0
900	480	4	0
902	480	5	0
911	480	4	0
916	480	4	0
924	480	3	0
929	480	3	0
932	480	5	0
942	480	5	0
6	481	5	0
7	481	5	0
13	481	3	0
82	481	5	0
85	481	4	0
90	481	5	0
151	481	3	0
194	481	3	0
202	481	1	0
234	481	5	0
271	481	3	0
299	481	3	0
301	481	4	0
308	481	4	0
312	481	5	0
313	481	4	0
318	481	4	0
326	481	1	0
328	481	3	0
334	481	5	0
345	481	3	0
382	481	5	0
389	481	5	0
398	481	3	0
401	481	3	0
406	481	3	0
409	481	3	0
426	481	5	0
429	481	3	0
450	481	5	0
452	481	5	0
465	481	4	0
474	481	4	0
524	481	4	0
539	481	4	0
553	481	3	0
556	481	5	0
567	481	5	0
643	481	4	0
655	481	2	0
659	481	5	0
664	481	5	0
694	481	4	0
698	481	3	0
704	481	5	0
716	481	4	0
731	481	3	0
744	481	3	0
747	481	5	0
751	481	4	0
758	481	5	0
766	481	4	0
767	481	5	0
848	481	3	0
870	481	4	0
875	481	5	0
878	481	5	0
892	481	5	0
896	481	4	0
908	481	3	0
913	481	3	0
932	481	4	0
934	481	4	0
6	482	4	0
7	482	3	0
10	482	4	0
13	482	5	0
16	482	5	0
18	482	5	0
43	482	4	0
60	482	4	0
70	482	4	0
82	482	4	0
85	482	4	0
90	482	5	0
91	482	3	0
97	482	5	0
114	482	4	0
123	482	4	0
125	482	1	0
128	482	4	0
151	482	4	0
154	482	4	0
169	482	3	0
194	482	3	0
201	482	4	0
204	482	4	0
210	482	5	0
214	482	4	0
225	482	5	0
233	482	4	0
234	482	4	0
239	482	3	0
253	482	5	0
263	482	4	0
269	482	3	0
271	482	5	0
279	482	4	0
292	482	5	0
293	482	4	0
296	482	5	0
298	482	5	0
299	482	4	0
303	482	5	0
305	482	2	0
308	482	5	0
311	482	4	0
312	482	5	0
313	482	5	0
316	482	3	0
318	482	5	0
325	482	4	0
327	482	4	0
328	482	3	0
331	482	2	0
342	482	5	0
358	482	2	0
378	482	4	0
382	482	5	0
385	482	3	0
389	482	5	0
391	482	4	0
392	482	5	0
398	482	5	0
401	482	4	0
405	482	3	0
406	482	5	0
409	482	4	0
426	482	5	0
429	482	3	0
437	482	5	0
442	482	3	0
450	482	5	0
452	482	5	0
454	482	3	0
464	482	5	0
474	482	3	0
492	482	3	0
499	482	2	0
503	482	5	0
506	482	5	0
524	482	5	0
532	482	5	0
535	482	4	0
537	482	4	0
553	482	4	0
556	482	5	0
567	482	5	0
568	482	4	0
592	482	4	0
601	482	4	0
607	482	5	0
622	482	3	0
643	482	4	0
645	482	4	0
650	482	3	0
653	482	2	0
659	482	4	0
664	482	5	0
666	482	4	0
667	482	4	0
669	482	4	0
670	482	5	0
676	482	4	0
694	482	5	0
698	482	2	0
699	482	2	0
707	482	3	0
716	482	5	0
731	482	3	0
734	482	2	0
744	482	3	0
747	482	5	0
758	482	5	0
766	482	3	0
788	482	4	0
798	482	3	0
843	482	2	0
846	482	5	0
847	482	2	0
854	482	3	0
878	482	4	0
889	482	4	0
892	482	5	0
896	482	3	0
908	482	3	0
911	482	4	0
912	482	5	0
924	482	4	0
932	482	5	0
940	482	5	0
6	484	5	0
7	484	5	0
10	484	5	0
13	484	5	0
31	484	5	0
59	484	4	0
60	484	5	0
72	484	4	0
77	484	5	0
82	484	4	0
91	484	4	0
94	484	5	0
96	484	5	0
97	484	3	0
116	484	4	0
132	484	4	0
138	484	4	0
151	484	4	0
154	484	4	0
160	484	5	0
178	484	4	0
188	484	5	0
189	484	5	0
202	484	4	0
210	484	4	0
230	484	5	0
234	484	5	0
239	484	5	0
248	484	2	0
259	484	4	0
263	484	4	0
267	484	5	0
268	484	4	0
269	484	3	0
290	484	3	0
292	484	5	0
293	484	5	0
296	484	4	0
298	484	4	0
299	484	4	0
303	484	5	0
305	484	3	0
308	484	3	0
311	484	4	0
312	484	5	0
313	484	5	0
321	484	5	0
325	484	5	0
326	484	5	0
327	484	3	0
334	484	5	0
338	484	5	0
339	484	5	0
370	484	4	0
383	484	4	0
385	484	4	0
389	484	5	0
397	484	5	0
398	484	4	0
401	484	3	0
407	484	4	0
409	484	4	0
417	484	4	0
420	484	5	0
426	484	5	0
429	484	5	0
437	484	4	0
447	484	5	0
450	484	3	0
454	484	3	0
456	484	4	0
458	484	5	0
469	484	5	0
474	484	5	0
481	484	4	0
496	484	3	0
498	484	4	0
499	484	4	0
503	484	4	0
506	484	4	0
524	484	4	0
528	484	3	0
533	484	3	0
535	484	5	0
537	484	4	0
553	484	5	0
561	484	4	0
567	484	4	0
571	484	4	0
592	484	4	0
610	484	3	0
622	484	3	0
625	484	4	0
641	484	5	0
643	484	5	0
648	484	5	0
650	484	5	0
664	484	5	0
666	484	4	0
670	484	5	0
679	484	4	0
693	484	3	0
694	484	4	0
716	484	4	0
731	484	3	0
749	484	5	0
751	484	3	0
753	484	5	0
758	484	5	0
766	484	4	0
786	484	4	0
796	484	5	0
799	484	3	0
802	484	3	0
806	484	4	0
807	484	4	0
815	484	4	0
821	484	5	0
830	484	5	0
835	484	4	0
840	484	5	0
846	484	5	0
848	484	5	0
854	484	3	0
862	484	4	0
881	484	4	0
889	484	4	0
890	484	3	0
892	484	5	0
896	484	4	0
897	484	3	0
908	484	4	0
911	484	3	0
916	484	4	0
921	484	3	0
929	484	3	0
932	484	5	0
942	484	5	0
6	485	5	0
7	485	5	0
13	485	1	0
18	485	5	0
51	485	1	0
59	485	2	0
60	485	4	0
85	485	5	0
90	485	5	0
95	485	5	0
114	485	3	0
123	485	5	0
125	485	5	0
128	485	3	0
151	485	5	0
172	485	3	0
183	485	5	0
184	485	4	0
188	485	3	0
189	485	4	0
193	485	5	0
194	485	3	0
221	485	2	0
230	485	5	0
234	485	3	0
237	485	4	0
250	485	4	0
253	485	5	0
262	485	4	0
271	485	4	0
293	485	3	0
295	485	4	0
296	485	5	0
297	485	3	0
298	485	3	0
299	485	4	0
305	485	2	0
308	485	3	0
311	485	1	0
312	485	4	0
313	485	3	0
318	485	5	0
321	485	4	0
325	485	3	0
326	485	5	0
330	485	5	0
334	485	3	0
339	485	5	0
345	485	4	0
354	485	4	0
373	485	4	0
378	485	4	0
381	485	4	0
385	485	4	0
389	485	5	0
393	485	2	0
398	485	5	0
401	485	4	0
406	485	3	0
409	485	2	0
411	485	4	0
417	485	3	0
429	485	3	0
437	485	4	0
450	485	5	0
452	485	2	0
454	485	4	0
456	485	4	0
457	485	4	0
472	485	3	0
474	485	4	0
479	485	3	0
480	485	4	0
488	485	3	0
496	485	3	0
503	485	4	0
504	485	4	0
524	485	2	0
528	485	2	0
532	485	5	0
537	485	3	0
553	485	3	0
562	485	5	0
566	485	3	0
588	485	5	0
607	485	3	0
610	485	5	0
618	485	3	0
632	485	4	0
642	485	5	0
650	485	3	0
660	485	3	0
670	485	5	0
694	485	4	0
698	485	4	0
707	485	4	0
711	485	4	0
716	485	5	0
731	485	4	0
734	485	5	0
747	485	5	0
749	485	4	0
751	485	4	0
766	485	3	0
776	485	2	0
780	485	4	0
790	485	3	0
796	485	4	0
798	485	5	0
806	485	5	0
807	485	5	0
815	485	4	0
835	485	5	0
843	485	2	0
846	485	5	0
847	485	3	0
848	485	5	0
850	485	5	0
862	485	5	0
878	485	3	0
897	485	3	0
907	485	5	0
911	485	3	0
918	485	3	0
943	485	5	0
6	488	5	0
7	488	4	0
10	488	5	0
13	488	3	0
18	488	3	0
59	488	3	0
85	488	4	0
90	488	5	0
151	488	4	0
154	488	4	0
160	488	5	0
172	488	3	0
184	488	5	0
194	488	3	0
234	488	4	0
239	488	5	0
269	488	4	0
292	488	5	0
299	488	4	0
308	488	4	0
312	488	5	0
313	488	5	0
334	488	5	0
338	488	5	0
339	488	5	0
342	488	5	0
373	488	3	0
383	488	4	0
385	488	5	0
387	488	3	0
389	488	5	0
392	488	4	0
406	488	4	0
419	488	5	0
426	488	5	0
450	488	4	0
452	488	4	0
474	488	3	0
503	488	5	0
524	488	4	0
535	488	5	0
537	488	4	0
561	488	4	0
568	488	5	0
617	488	4	0
639	488	4	0
645	488	4	0
658	488	4	0
693	488	4	0
704	488	5	0
707	488	4	0
711	488	4	0
716	488	4	0
747	488	5	0
758	488	3	0
796	488	2	0
833	488	5	0
835	488	5	0
846	488	5	0
854	488	4	0
889	488	2	0
908	488	4	0
918	488	3	0
932	488	5	0
934	488	5	0
6	489	5	0
7	489	3	0
10	489	4	0
18	489	4	0
59	489	4	0
60	489	5	0
90	489	5	0
151	489	5	0
189	489	5	0
234	489	3	0
237	489	4	0
239	489	5	0
279	489	2	0
312	489	5	0
313	489	4	0
322	489	3	0
350	489	4	0
354	489	4	0
385	489	5	0
389	489	4	0
409	489	5	0
426	489	5	0
450	489	4	0
474	489	4	0
479	489	5	0
498	489	3	0
503	489	4	0
506	489	4	0
533	489	4	0
535	489	4	0
536	489	4	0
537	489	3	0
555	489	5	0
560	489	3	0
561	489	4	0
567	489	5	0
608	489	5	0
610	489	4	0
650	489	3	0
659	489	4	0
666	489	4	0
694	489	4	0
698	489	3	0
716	489	4	0
758	489	5	0
840	489	3	0
846	489	4	0
848	489	5	0
870	489	4	0
890	489	4	0
896	489	5	0
932	489	4	0
6	490	5	0
31	490	4	0
58	490	4	0
59	490	4	0
60	490	4	0
90	490	5	0
128	490	5	0
151	490	5	0
234	490	4	0
253	490	5	0
271	490	4	0
279	490	3	0
308	490	4	0
312	490	5	0
313	490	4	0
338	490	5	0
389	490	3	0
391	490	4	0
401	490	3	0
406	490	3	0
426	490	4	0
450	490	5	0
452	490	4	0
454	490	2	0
456	490	4	0
469	490	5	0
474	490	5	0
479	490	4	0
504	490	4	0
506	490	3	0
524	490	3	0
537	490	4	0
553	490	4	0
567	490	4	0
608	490	4	0
647	490	4	0
659	490	4	0
669	490	5	0
694	490	4	0
698	490	3	0
707	490	2	0
716	490	4	0
751	490	4	0
846	490	4	0
848	490	5	0
850	490	5	0
870	490	3	0
881	490	4	0
883	490	4	0
932	490	4	0
6	491	4	0
7	491	5	0
13	491	4	0
42	491	3	0
43	491	4	0
58	491	4	0
59	491	4	0
60	491	4	0
87	491	5	0
90	491	4	0
95	491	4	0
151	491	4	0
178	491	4	0
194	491	3	0
211	491	3	0
230	491	3	0
234	491	4	0
239	491	5	0
262	491	3	0
279	491	5	0
292	491	4	0
293	491	4	0
303	491	4	0
311	491	4	0
312	491	5	0
321	491	3	0
326	491	4	0
331	491	3	0
389	491	5	0
391	491	3	0
392	491	5	0
398	491	5	0
406	491	4	0
407	491	4	0
409	491	2	0
416	491	4	0
425	491	2	0
426	491	4	0
429	491	3	0
450	491	3	0
452	491	4	0
474	491	4	0
488	491	4	0
495	491	5	0
505	491	3	0
532	491	5	0
537	491	4	0
545	491	3	0
567	491	3	0
568	491	2	0
606	491	4	0
650	491	3	0
660	491	4	0
694	491	3	0
698	491	2	0
704	491	5	0
716	491	4	0
727	491	4	0
780	491	4	0
796	491	4	0
798	491	4	0
807	491	5	0
825	491	4	0
846	491	3	0
862	491	3	0
887	491	2	0
932	491	5	0
6	492	5	0
7	492	5	0
13	492	5	0
14	492	4	0
18	492	4	0
59	492	4	0
60	492	5	0
85	492	4	0
119	492	5	0
151	492	3	0
184	492	4	0
189	492	3	0
225	492	4	0
233	492	5	0
234	492	3	0
239	492	3	0
269	492	4	0
292	492	4	0
293	492	5	0
308	492	3	0
325	492	4	0
385	492	2	0
389	492	5	0
392	492	4	0
397	492	4	0
406	492	4	0
426	492	5	0
450	492	5	0
452	492	4	0
454	492	3	0
474	492	4	0
488	492	2	0
492	492	4	0
522	492	4	0
524	492	3	0
527	492	3	0
532	492	4	0
535	492	4	0
537	492	3	0
553	492	3	0
561	492	4	0
567	492	4	0
573	492	4	0
643	492	4	0
653	492	4	0
659	492	3	0
666	492	4	0
693	492	3	0
694	492	4	0
704	492	5	0
707	492	2	0
716	492	3	0
745	492	5	0
747	492	4	0
788	492	3	0
840	492	5	0
846	492	3	0
854	492	4	0
934	492	4	0
6	493	5	0
10	493	4	0
13	493	5	0
18	493	5	0
31	493	5	0
60	493	5	0
72	493	5	0
90	493	5	0
125	493	4	0
138	493	4	0
167	493	4	0
232	493	4	0
234	493	3	0
239	493	5	0
271	493	4	0
295	493	5	0
308	493	3	0
311	493	4	0
312	493	5	0
313	493	3	0
321	493	4	0
325	493	4	0
326	493	5	0
370	493	5	0
381	493	4	0
389	493	5	0
392	493	4	0
398	493	5	0
401	493	4	0
407	493	3	0
409	493	4	0
420	493	3	0
426	493	4	0
429	493	4	0
450	493	4	0
454	493	2	0
474	493	4	0
488	493	3	0
491	493	4	0
524	493	4	0
536	493	4	0
537	493	4	0
556	493	5	0
567	493	4	0
568	493	3	0
650	493	4	0
666	493	5	0
704	493	4	0
716	493	5	0
747	493	5	0
766	493	4	0
796	493	3	0
798	493	3	0
840	493	5	0
846	493	5	0
854	493	5	0
889	493	3	0
896	493	5	0
900	493	2	0
932	493	5	0
6	494	4	0
13	494	4	0
18	494	3	0
60	494	4	0
90	494	5	0
128	494	4	0
151	494	4	0
234	494	4	0
235	494	4	0
237	494	4	0
253	494	5	0
271	494	4	0
308	494	5	0
311	494	4	0
312	494	5	0
313	494	3	0
321	494	4	0
327	494	4	0
334	494	4	0
338	494	3	0
344	494	4	0
354	494	4	0
370	494	3	0
373	494	4	0
389	494	5	0
393	494	4	0
398	494	3	0
419	494	3	0
426	494	3	0
450	494	3	0
452	494	5	0
506	494	5	0
524	494	4	0
537	494	4	0
561	494	4	0
567	494	5	0
568	494	4	0
607	494	5	0
650	494	3	0
659	494	4	0
664	494	5	0
666	494	4	0
704	494	5	0
716	494	5	0
731	494	3	0
747	494	5	0
751	494	4	0
766	494	3	0
815	494	5	0
838	494	4	0
846	494	5	0
850	494	3	0
870	494	3	0
889	494	3	0
908	494	3	0
932	494	4	0
6	495	4	0
7	495	5	0
10	495	4	0
25	495	4	0
60	495	3	0
82	495	3	0
85	495	3	0
91	495	4	0
95	495	4	0
106	495	4	0
148	495	4	0
169	495	3	0
178	495	4	0
200	495	3	0
233	495	4	0
234	495	4	0
263	495	5	0
271	495	5	0
308	495	3	0
311	495	4	0
312	495	4	0
313	495	2	0
325	495	3	0
381	495	4	0
392	495	3	0
398	495	4	0
429	495	3	0
450	495	4	0
452	495	4	0
469	495	5	0
474	495	4	0
496	495	3	0
505	495	3	0
524	495	4	0
532	495	4	0
535	495	3	0
537	495	2	0
573	495	2	0
650	495	3	0
694	495	4	0
699	495	3	0
712	495	4	0
716	495	4	0
748	495	3	0
749	495	4	0
767	495	4	0
804	495	3	0
807	495	4	0
821	495	5	0
840	495	3	0
843	495	3	0
846	495	4	0
848	495	2	0
862	495	4	0
881	495	5	0
892	495	4	0
918	495	3	0
932	495	5	0
934	495	4	0
6	497	4	0
7	497	4	0
10	497	4	0
13	497	5	0
18	497	4	0
58	497	2	0
90	497	5	0
128	497	3	0
138	497	5	0
151	497	5	0
160	497	4	0
184	497	4	0
234	497	4	0
239	497	4	0
269	497	3	0
293	497	4	0
295	497	5	0
313	497	4	0
321	497	5	0
327	497	4	0
338	497	3	0
340	497	5	0
354	497	4	0
370	497	3	0
373	497	3	0
385	497	5	0
389	497	4	0
391	497	3	0
393	497	4	0
398	497	3	0
409	497	3	0
437	497	5	0
450	497	5	0
454	497	3	0
474	497	5	0
499	497	2	0
506	497	5	0
524	497	2	0
537	497	4	0
553	497	4	0
561	497	4	0
567	497	5	0
568	497	2	0
617	497	3	0
618	497	2	0
641	497	5	0
648	497	4	0
664	497	3	0
698	497	3	0
704	497	3	0
716	497	3	0
747	497	5	0
751	497	4	0
766	497	3	0
780	497	2	0
786	497	4	0
838	497	5	0
840	497	4	0
846	497	5	0
870	497	4	0
878	497	2	0
889	497	4	0
892	497	4	0
896	497	3	0
897	497	3	0
902	497	5	0
907	497	5	0
932	497	5	0
6	498	4	0
7	498	5	0
10	498	5	0
13	498	4	0
14	498	5	0
16	498	5	0
18	498	4	0
20	498	3	0
25	498	4	0
31	498	4	0
43	498	5	0
52	498	5	0
59	498	5	0
60	498	5	0
62	498	4	0
77	498	5	0
85	498	4	0
90	498	5	0
91	498	3	0
95	498	3	0
125	498	5	0
151	498	5	0
169	498	3	0
184	498	5	0
188	498	5	0
189	498	5	0
194	498	3	0
198	498	3	0
216	498	3	0
230	498	5	0
232	498	4	0
233	498	5	0
234	498	5	0
237	498	4	0
239	498	4	0
254	498	4	0
263	498	5	0
267	498	5	0
269	498	4	0
271	498	5	0
272	498	4	0
290	498	4	0
295	498	5	0
296	498	5	0
297	498	3	0
298	498	5	0
299	498	4	0
308	498	5	0
311	498	4	0
312	498	5	0
313	498	5	0
321	498	5	0
325	498	4	0
326	498	5	0
327	498	4	0
328	498	5	0
334	498	4	0
338	498	4	0
339	498	4	0
343	498	5	0
345	498	4	0
354	498	4	0
361	498	4	0
380	498	4	0
381	498	5	0
385	498	3	0
389	498	5	0
391	498	4	0
397	498	4	0
398	498	5	0
406	498	5	0
407	498	4	0
409	498	4	0
416	498	4	0
417	498	4	0
421	498	4	0
429	498	5	0
447	498	4	0
450	498	3	0
452	498	4	0
454	498	3	0
456	498	4	0
468	498	5	0
474	498	4	0
479	498	5	0
481	498	5	0
488	498	3	0
494	498	4	0
495	498	3	0
500	498	4	0
503	498	5	0
505	498	5	0
524	498	5	0
527	498	4	0
532	498	4	0
533	498	4	0
535	498	4	0
536	498	5	0
537	498	3	0
553	498	4	0
560	498	4	0
567	498	4	0
606	498	4	0
607	498	4	0
617	498	3	0
625	498	4	0
633	498	2	0
648	498	3	0
650	498	4	0
655	498	3	0
659	498	3	0
661	498	5	0
666	498	5	0
694	498	5	0
698	498	4	0
707	498	3	0
712	498	3	0
716	498	5	0
734	498	4	0
739	498	4	0
747	498	5	0
748	498	4	0
749	498	4	0
763	498	4	0
766	498	4	0
780	498	5	0
788	498	5	0
798	498	3	0
804	498	5	0
807	498	4	0
830	498	5	0
840	498	5	0
843	498	2	0
846	498	4	0
848	498	5	0
854	498	3	0
862	498	4	0
867	498	4	0
868	498	3	0
878	498	4	0
881	498	4	0
889	498	4	0
897	498	5	0
899	498	4	0
901	498	4	0
912	498	5	0
913	498	3	0
916	498	3	0
918	498	4	0
932	498	5	0
934	498	3	0
942	498	5	0
6	499	4	0
7	499	4	0
10	499	4	0
60	499	3	0
85	499	4	0
90	499	5	0
128	499	5	0
151	499	5	0
169	499	3	0
189	499	4	0
230	499	4	0
233	499	3	0
234	499	4	0
237	499	2	0
239	499	5	0
269	499	4	0
271	499	3	0
280	499	4	0
292	499	5	0
308	499	3	0
311	499	4	0
312	499	4	0
313	499	3	0
321	499	3	0
342	499	5	0
343	499	5	0
373	499	4	0
389	499	4	0
401	499	3	0
406	499	5	0
409	499	3	0
429	499	4	0
437	499	5	0
450	499	5	0
458	499	4	0
469	499	5	0
474	499	5	0
504	499	4	0
524	499	4	0
527	499	5	0
535	499	4	0
537	499	3	0
608	499	4	0
650	499	3	0
659	499	4	0
666	499	4	0
693	499	4	0
694	499	4	0
698	499	3	0
707	499	4	0
716	499	4	0
753	499	3	0
766	499	3	0
799	499	4	0
835	499	5	0
840	499	4	0
846	499	4	0
847	499	4	0
854	499	4	0
870	499	4	0
899	499	3	0
918	499	4	0
6	502	4	0
7	502	5	0
10	502	4	0
13	502	5	0
16	502	4	0
22	502	4	0
60	502	4	0
85	502	4	0
87	502	5	0
98	502	2	0
102	502	3	0
158	502	4	0
194	502	4	0
210	502	3	0
213	502	5	0
234	502	4	0
237	502	4	0
269	502	3	0
279	502	5	0
293	502	3	0
298	502	5	0
299	502	4	0
301	502	4	0
303	502	4	0
308	502	5	0
313	502	3	0
325	502	4	0
327	502	3	0
334	502	3	0
340	502	2	0
361	502	4	0
379	502	5	0
380	502	1	0
385	502	3	0
389	502	4	0
398	502	3	0
406	502	1	0
407	502	2	0
429	502	3	0
450	502	5	0
452	502	2	0
508	502	4	0
535	502	5	0
559	502	4	0
648	502	5	0
650	502	3	0
653	502	2	0
655	502	4	0
659	502	4	0
666	502	3	0
716	502	3	0
747	502	5	0
758	502	4	0
795	502	3	0
823	502	5	0
932	502	4	0
934	502	4	0
6	504	3	0
7	504	5	0
10	504	5	0
11	504	3	0
13	504	5	0
16	504	5	0
18	504	5	0
23	504	4	0
31	504	5	0
59	504	5	0
72	504	4	0
82	504	4	0
85	504	4	0
91	504	3	0
92	504	3	0
94	504	5	0
123	504	5	0
135	504	4	0
151	504	4	0
152	504	4	0
184	504	4	0
188	504	3	0
194	504	2	0
213	504	5	0
218	504	3	0
230	504	3	0
233	504	5	0
234	504	4	0
236	504	3	0
239	504	4	0
254	504	3	0
264	504	5	0
269	504	4	0
271	504	3	0
293	504	4	0
295	504	4	0
296	504	5	0
298	504	3	0
308	504	4	0
311	504	4	0
313	504	5	0
315	504	3	0
325	504	3	0
328	504	3	0
339	504	5	0
340	504	1	0
361	504	4	0
371	504	4	0
374	504	4	0
379	504	5	0
382	504	3	0
383	504	4	0
385	504	4	0
389	504	4	0
391	504	5	0
397	504	5	0
398	504	3	0
405	504	2	0
406	504	4	0
407	504	3	0
409	504	2	0
426	504	4	0
429	504	3	0
436	504	4	0
445	504	3	0
450	504	5	0
452	504	2	0
454	504	2	0
455	504	4	0
474	504	5	0
480	504	4	0
495	504	4	0
503	504	4	0
504	504	4	0
524	504	5	0
533	504	4	0
535	504	3	0
537	504	3	0
548	504	5	0
561	504	3	0
562	504	4	0
567	504	4	0
568	504	3	0
601	504	4	0
623	504	3	0
629	504	4	0
638	504	2	0
643	504	4	0
650	504	3	0
655	504	5	0
664	504	4	0
666	504	4	0
667	504	3	0
671	504	4	0
686	504	5	0
693	504	5	0
694	504	3	0
707	504	1	0
710	504	4	0
716	504	5	0
731	504	3	0
747	504	5	0
753	504	3	0
766	504	3	0
786	504	4	0
788	504	4	0
804	504	3	0
806	504	4	0
821	504	4	0
833	504	4	0
835	504	5	0
840	504	3	0
843	504	2	0
846	504	5	0
848	504	3	0
870	504	5	0
875	504	5	0
881	504	3	0
883	504	5	0
896	504	3	0
924	504	5	0
932	504	4	0
6	505	4	0
7	505	3	0
10	505	4	0
13	505	3	0
59	505	4	0
60	505	4	0
90	505	5	0
95	505	3	0
114	505	3	0
128	505	4	0
151	505	5	0
189	505	5	0
201	505	3	0
234	505	4	0
236	505	3	0
239	505	5	0
269	505	3	0
271	505	4	0
305	505	3	0
307	505	3	0
308	505	3	0
311	505	4	0
312	505	5	0
313	505	5	0
322	505	4	0
325	505	4	0
326	505	3	0
334	505	4	0
363	505	3	0
383	505	4	0
406	505	4	0
409	505	5	0
426	505	4	0
429	505	4	0
450	505	5	0
456	505	4	0
474	505	5	0
481	505	5	0
495	505	5	0
504	505	4	0
528	505	4	0
535	505	4	0
551	505	5	0
553	505	5	0
555	505	4	0
561	505	4	0
608	505	5	0
610	505	4	0
643	505	4	0
648	505	4	0
655	505	3	0
659	505	4	0
666	505	4	0
669	505	3	0
698	505	2	0
707	505	4	0
716	505	4	0
747	505	5	0
758	505	5	0
763	505	4	0
767	505	4	0
807	505	3	0
835	505	3	0
840	505	5	0
846	505	5	0
854	505	4	0
862	505	4	0
870	505	4	0
6	506	4	0
7	506	5	0
13	506	5	0
42	506	3	0
59	506	5	0
60	506	5	0
85	506	4	0
90	506	5	0
94	506	5	0
95	506	3	0
119	506	5	0
128	506	4	0
151	506	4	0
178	506	3	0
184	506	4	0
201	506	4	0
222	506	2	0
233	506	5	0
234	506	4	0
236	506	5	0
268	506	4	0
269	506	5	0
271	506	4	0
293	506	5	0
303	506	4	0
308	506	4	0
312	506	4	0
325	506	5	0
327	506	3	0
331	506	2	0
334	506	3	0
339	506	4	0
363	506	2	0
373	506	4	0
380	506	3	0
385	506	2	0
389	506	4	0
399	506	3	0
406	506	4	0
416	506	5	0
417	506	4	0
429	506	4	0
436	506	5	0
450	506	5	0
452	506	3	0
456	506	4	0
474	506	5	0
496	506	3	0
504	506	4	0
508	506	5	0
524	506	4	0
532	506	5	0
535	506	5	0
537	506	3	0
553	506	4	0
561	506	3	0
567	506	5	0
575	506	2	0
608	506	4	0
618	506	4	0
622	506	3	0
645	506	5	0
650	506	3	0
653	506	2	0
659	506	3	0
661	506	3	0
666	506	5	0
693	506	2	0
694	506	4	0
704	506	4	0
707	506	2	0
712	506	3	0
716	506	4	0
746	506	3	0
758	506	3	0
767	506	5	0
833	506	2	0
840	506	5	0
846	506	3	0
852	506	4	0
868	506	4	0
881	506	4	0
883	506	5	0
886	506	4	0
897	506	4	0
907	506	5	0
911	506	3	0
916	506	3	0
932	506	4	0
934	506	4	0
6	507	4	0
7	507	5	0
9	507	4	0
13	507	1	0
14	507	4	0
44	507	3	0
59	507	4	0
60	507	4	0
70	507	4	0
73	507	3	0
85	507	4	0
90	507	5	0
91	507	4	0
95	507	4	0
114	507	3	0
128	507	4	0
148	507	5	0
151	507	5	0
194	507	4	0
195	507	4	0
226	507	2	0
234	507	4	0
236	507	3	0
239	507	5	0
269	507	4	0
271	507	2	0
280	507	3	0
293	507	4	0
298	507	4	0
303	507	5	0
308	507	3	0
312	507	5	0
316	507	3	0
321	507	3	0
322	507	4	0
325	507	3	0
326	507	2	0
327	507	4	0
342	507	4	0
354	507	3	0
382	507	4	0
385	507	3	0
389	507	5	0
391	507	4	0
393	507	2	0
401	507	4	0
406	507	4	0
429	507	5	0
433	507	4	0
436	507	4	0
437	507	5	0
450	507	5	0
454	507	3	0
457	507	4	0
468	507	5	0
469	507	5	0
474	507	4	0
481	507	4	0
494	507	4	0
495	507	4	0
527	507	5	0
535	507	5	0
537	507	4	0
553	507	3	0
556	507	5	0
561	507	4	0
567	507	5	0
573	507	5	0
575	507	2	0
606	507	4	0
608	507	3	0
618	507	4	0
648	507	1	0
650	507	4	0
655	507	4	0
659	507	5	0
666	507	3	0
693	507	4	0
698	507	4	0
707	507	5	0
716	507	5	0
727	507	2	0
731	507	3	0
745	507	1	0
747	507	3	0
763	507	4	0
765	507	5	0
766	507	3	0
836	507	4	0
840	507	4	0
846	507	3	0
847	507	3	0
854	507	4	0
911	507	4	0
912	507	3	0
918	507	5	0
932	507	5	0
934	507	4	0
6	510	4	0
7	510	5	0
8	510	4	0
10	510	5	0
13	510	5	0
16	510	4	0
18	510	4	0
22	510	5	0
59	510	4	0
60	510	5	0
85	510	4	0
87	510	5	0
91	510	3	0
94	510	5	0
95	510	4	0
102	510	4	0
122	510	4	0
145	510	4	0
153	510	3	0
156	510	4	0
158	510	3	0
178	510	4	0
188	510	3	0
189	510	5	0
194	510	4	0
197	510	5	0
225	510	5	0
234	510	4	0
236	510	3	0
253	510	5	0
263	510	4	0
271	510	4	0
292	510	4	0
293	510	3	0
296	510	5	0
299	510	5	0
308	510	3	0
311	510	4	0
312	510	5	0
321	510	5	0
325	510	4	0
326	510	5	0
328	510	5	0
334	510	4	0
343	510	5	0
373	510	3	0
389	510	3	0
391	510	5	0
392	510	4	0
398	510	4	0
402	510	5	0
405	510	1	0
407	510	4	0
416	510	4	0
426	510	4	0
429	510	4	0
450	510	4	0
452	510	4	0
464	510	4	0
466	510	2	0
469	510	4	0
474	510	4	0
479	510	4	0
480	510	4	0
483	510	3	0
484	510	4	0
488	510	4	0
497	510	3	0
505	510	3	0
506	510	5	0
514	510	3	0
522	510	5	0
532	510	5	0
536	510	4	0
537	510	3	0
545	510	3	0
561	510	3	0
585	510	5	0
600	510	5	0
627	510	4	0
632	510	5	0
638	510	3	0
639	510	3	0
648	510	5	0
650	510	3	0
653	510	2	0
658	510	3	0
660	510	3	0
666	510	4	0
671	510	3	0
694	510	5	0
710	510	4	0
712	510	2	0
719	510	4	0
727	510	4	0
731	510	1	0
745	510	3	0
747	510	5	0
749	510	4	0
753	510	4	0
758	510	3	0
763	510	4	0
766	510	3	0
774	510	2	0
776	510	5	0
780	510	4	0
788	510	5	0
796	510	3	0
804	510	5	0
807	510	5	0
826	510	4	0
828	510	3	0
830	510	4	0
846	510	4	0
855	510	4	0
871	510	3	0
882	510	5	0
884	510	5	0
897	510	3	0
932	510	4	0
934	510	5	0
6	511	5	0
7	511	5	0
8	511	5	0
10	511	4	0
13	511	5	0
22	511	4	0
23	511	5	0
48	511	5	0
58	511	5	0
59	511	5	0
60	511	4	0
62	511	4	0
64	511	4	0
65	511	4	0
70	511	5	0
77	511	2	0
82	511	3	0
85	511	4	0
90	511	5	0
91	511	5	0
95	511	4	0
102	511	3	0
115	511	5	0
116	511	4	0
118	511	5	0
119	511	5	0
122	511	5	0
123	511	5	0
125	511	5	0
158	511	5	0
178	511	5	0
184	511	4	0
188	511	2	0
189	511	4	0
194	511	4	0
197	511	5	0
198	511	4	0
201	511	3	0
212	511	4	0
213	511	4	0
230	511	2	0
233	511	5	0
234	511	5	0
235	511	5	0
239	511	5	0
243	511	5	0
263	511	5	0
271	511	5	0
288	511	4	0
292	511	5	0
295	511	5	0
298	511	4	0
299	511	4	0
301	511	4	0
305	511	4	0
307	511	5	0
308	511	5	0
311	511	4	0
312	511	5	0
313	511	4	0
321	511	4	0
325	511	4	0
326	511	4	0
328	511	4	0
331	511	5	0
338	511	4	0
339	511	5	0
344	511	4	0
354	511	4	0
358	511	2	0
360	511	5	0
363	511	4	0
370	511	4	0
379	511	4	0
382	511	4	0
385	511	4	0
387	511	3	0
391	511	5	0
392	511	5	0
399	511	3	0
401	511	2	0
402	511	5	0
405	511	2	0
406	511	5	0
409	511	5	0
426	511	4	0
429	511	5	0
437	511	5	0
450	511	5	0
454	511	3	0
455	511	5	0
465	511	4	0
469	511	5	0
474	511	5	0
479	511	5	0
480	511	4	0
488	511	4	0
492	511	5	0
495	511	4	0
499	511	5	0
508	511	4	0
514	511	3	0
524	511	5	0
527	511	5	0
533	511	4	0
535	511	3	0
536	511	5	0
537	511	5	0
541	511	4	0
553	511	5	0
559	511	2	0
561	511	4	0
562	511	2	0
566	511	4	0
567	511	2	0
591	511	3	0
600	511	5	0
607	511	5	0
622	511	4	0
627	511	4	0
638	511	3	0
639	511	4	0
641	511	5	0
650	511	5	0
653	511	4	0
655	511	3	0
658	511	4	0
666	511	4	0
669	511	5	0
670	511	4	0
671	511	3	0
683	511	5	0
694	511	5	0
698	511	2	0
716	511	5	0
727	511	4	0
738	511	4	0
747	511	5	0
749	511	4	0
774	511	3	0
776	511	5	0
780	511	5	0
788	511	5	0
796	511	4	0
804	511	4	0
806	511	5	0
807	511	5	0
826	511	3	0
830	511	5	0
833	511	4	0
840	511	4	0
843	511	3	0
844	511	3	0
846	511	5	0
848	511	4	0
854	511	4	0
864	511	4	0
867	511	5	0
870	511	3	0
871	511	2	0
875	511	5	0
876	511	5	0
878	511	4	0
881	511	5	0
883	511	4	0
889	511	4	0
892	511	5	0
894	511	4	0
896	511	5	0
916	511	5	0
924	511	5	0
932	511	5	0
942	511	4	0
6	513	4	0
7	513	4	0
10	513	4	0
18	513	4	0
59	513	4	0
60	513	5	0
76	513	5	0
82	513	4	0
85	513	4	0
118	513	5	0
122	513	4	0
125	513	4	0
138	513	5	0
167	513	4	0
189	513	4	0
201	513	3	0
226	513	3	0
234	513	5	0
237	513	5	0
239	513	5	0
293	513	5	0
295	513	4	0
299	513	4	0
308	513	3	0
312	513	5	0
315	513	5	0
321	513	4	0
322	513	4	0
333	513	4	0
338	513	5	0
354	513	5	0
361	513	5	0
383	513	5	0
387	513	5	0
392	513	5	0
397	513	5	0
405	513	1	0
406	513	5	0
417	513	5	0
420	513	5	0
452	513	4	0
458	513	4	0
465	513	5	0
469	513	5	0
474	513	5	0
491	513	5	0
524	513	4	0
527	513	4	0
537	513	4	0
543	513	4	0
553	513	4	0
556	513	4	0
559	513	5	0
561	513	3	0
567	513	4	0
573	513	4	0
583	513	5	0
639	513	4	0
641	513	5	0
645	513	5	0
655	513	3	0
664	513	4	0
666	513	4	0
683	513	5	0
698	513	2	0
804	513	5	0
840	513	5	0
846	513	5	0
870	513	4	0
883	513	5	0
889	513	4	0
932	513	5	0
6	514	5	0
7	514	2	0
13	514	5	0
14	514	4	0
18	514	5	0
31	514	5	0
41	514	4	0
49	514	4	0
58	514	5	0
59	514	5	0
60	514	4	0
62	514	3	0
65	514	4	0
71	514	4	0
73	514	4	0
76	514	4	0
80	514	3	0
82	514	4	0
85	514	5	0
87	514	4	0
90	514	3	0
95	514	2	0
96	514	4	0
98	514	5	0
121	514	3	0
123	514	5	0
138	514	5	0
142	514	5	0
144	514	5	0
151	514	4	0
158	514	3	0
160	514	4	0
172	514	3	0
184	514	5	0
185	514	5	0
194	514	3	0
201	514	3	0
207	514	4	0
208	514	4	0
210	514	5	0
213	514	5	0
218	514	4	0
232	514	4	0
237	514	4	0
239	514	1	0
243	514	4	0
263	514	3	0
264	514	5	0
269	514	4	0
271	514	4	0
272	514	5	0
279	514	4	0
285	514	3	0
293	514	4	0
296	514	5	0
297	514	3	0
298	514	4	0
299	514	5	0
301	514	3	0
303	514	5	0
308	514	4	0
312	514	3	0
313	514	4	0
318	514	2	0
321	514	4	0
322	514	4	0
325	514	4	0
326	514	3	0
327	514	4	0
331	514	3	0
334	514	4	0
338	514	5	0
339	514	3	0
342	514	5	0
361	514	5	0
370	514	4	0
373	514	4	0
376	514	4	0
379	514	3	0
380	514	2	0
381	514	5	0
382	514	3	0
383	514	5	0
385	514	4	0
387	514	3	0
389	514	5	0
398	514	4	0
405	514	1	0
406	514	1	0
407	514	4	0
409	514	5	0
419	514	4	0
429	514	3	0
430	514	4	0
437	514	4	0
450	514	5	0
452	514	3	0
458	514	5	0
474	514	4	0
481	514	4	0
488	514	2	0
492	514	3	0
494	514	2	0
498	514	4	0
499	514	5	0
500	514	5	0
503	514	3	0
504	514	4	0
506	514	5	0
508	514	5	0
522	514	2	0
523	514	4	0
524	514	5	0
527	514	5	0
533	514	3	0
535	514	5	0
537	514	4	0
553	514	3	0
559	514	4	0
561	514	4	0
562	514	1	0
567	514	5	0
576	514	5	0
579	514	3	0
591	514	4	0
592	514	5	0
608	514	5	0
613	514	4	0
615	514	5	0
625	514	3	0
638	514	2	0
639	514	4	0
641	514	4	0
643	514	3	0
645	514	5	0
648	514	2	0
650	514	3	0
655	514	5	0
659	514	5	0
661	514	3	0
664	514	5	0
666	514	4	0
669	514	3	0
686	514	5	0
690	514	1	0
693	514	4	0
704	514	4	0
716	514	5	0
747	514	4	0
748	514	4	0
758	514	5	0
766	514	4	0
774	514	2	0
776	514	5	0
794	514	5	0
795	514	4	0
796	514	3	0
804	514	4	0
815	514	1	0
823	514	5	0
835	514	3	0
840	514	5	0
846	514	3	0
848	514	5	0
854	514	4	0
860	514	5	0
870	514	5	0
874	514	5	0
875	514	5	0
878	514	4	0
881	514	4	0
883	514	4	0
888	514	5	0
889	514	1	0
890	514	5	0
911	514	3	0
918	514	2	0
932	514	5	0
934	514	5	0
942	514	4	0
6	515	4	0
7	515	3	0
13	515	2	0
18	515	5	0
22	515	5	0
26	515	4	0
27	515	4	0
59	515	4	0
60	515	5	0
64	515	5	0
72	515	4	0
79	515	5	0
85	515	5	0
87	515	4	0
90	515	5	0
91	515	5	0
92	515	4	0
95	515	5	0
102	515	1	0
108	515	5	0
116	515	4	0
120	515	5	0
121	515	4	0
136	515	5	0
145	515	5	0
154	515	4	0
156	515	3	0
157	515	5	0
164	515	4	0
184	515	5	0
185	515	4	0
192	515	4	0
194	515	4	0
197	515	5	0
200	515	5	0
201	515	5	0
202	515	1	0
207	515	5	0
212	515	4	0
213	515	4	0
230	515	5	0
232	515	2	0
233	515	5	0
234	515	5	0
235	515	4	0
248	515	5	0
263	515	5	0
267	515	5	0
269	515	4	0
271	515	5	0
275	515	3	0
278	515	5	0
279	515	3	0
288	515	4	0
290	515	3	0
292	515	4	0
294	515	5	0
296	515	5	0
297	515	5	0
299	515	4	0
301	515	3	0
307	515	4	0
308	515	3	0
311	515	4	0
312	515	5	0
313	515	5	0
316	515	4	0
321	515	5	0
326	515	5	0
328	515	5	0
329	515	4	0
334	515	4	0
337	515	5	0
339	515	5	0
343	515	4	0
346	515	5	0
350	515	5	0
354	515	3	0
360	515	4	0
380	515	4	0
386	515	5	0
387	515	5	0
390	515	4	0
392	515	5	0
395	515	4	0
401	515	4	0
402	515	5	0
403	515	4	0
405	515	1	0
406	515	2	0
413	515	5	0
416	515	5	0
417	515	4	0
422	515	4	0
425	515	3	0
430	515	4	0
440	515	4	0
444	515	4	0
449	515	5	0
452	515	4	0
453	515	4	0
455	515	4	0
458	515	4	0
460	515	5	0
464	515	5	0
474	515	5	0
483	515	4	0
486	515	5	0
488	515	4	0
490	515	3	0
498	515	4	0
516	515	4	0
524	515	4	0
532	515	5	0
535	515	3	0
537	515	4	0
540	515	5	0
543	515	4	0
548	515	5	0
549	515	5	0
552	515	3	0
553	515	5	0
559	515	4	0
560	515	3	0
561	515	3	0
565	515	5	0
581	515	4	0
590	515	3	0
594	515	5	0
600	515	5	0
617	515	3	0
619	515	1	0
625	515	4	0
634	515	4	0
637	515	4	0
638	515	4	0
643	515	4	0
650	515	4	0
651	515	5	0
655	515	4	0
658	515	5	0
660	515	2	0
661	515	5	0
662	515	4	0
666	515	5	0
669	515	5	0
670	515	2	0
672	515	5	0
678	515	4	0
680	515	4	0
698	515	4	0
709	515	4	0
716	515	5	0
733	515	5	0
735	515	4	0
736	515	5	0
745	515	4	0
748	515	4	0
753	515	5	0
757	515	5	0
762	515	5	0
763	515	4	0
774	515	2	0
780	515	3	0
782	515	3	0
794	515	5	0
804	515	5	0
807	515	4	0
815	515	5	0
825	515	4	0
829	515	4	0
833	515	3	0
834	515	5	0
840	515	5	0
843	515	3	0
846	515	5	0
852	515	5	0
858	515	4	0
862	515	4	0
869	515	5	0
871	515	4	0
877	515	5	0
878	515	4	0
881	515	4	0
882	515	5	0
883	515	5	0
884	515	4	0
889	515	5	0
890	515	5	0
892	515	5	0
894	515	4	0
896	515	3	0
899	515	3	0
902	515	5	0
903	515	4	0
908	515	4	0
929	515	5	0
931	515	5	0
932	515	4	0
933	515	3	0
937	515	5	0
6	516	4	0
13	516	5	0
18	516	5	0
23	516	4	0
41	516	5	0
43	516	5	0
59	516	4	0
64	516	5	0
85	516	4	0
90	516	5	0
144	516	2	0
151	516	5	0
158	516	5	0
189	516	1	0
194	516	3	0
202	516	4	0
214	516	5	0
218	516	5	0
234	516	3	0
239	516	5	0
264	516	5	0
271	516	4	0
299	516	4	0
308	516	4	0
312	516	3	0
313	516	4	0
338	516	5	0
339	516	4	0
344	516	5	0
354	516	5	0
379	516	4	0
387	516	3	0
405	516	1	0
409	516	4	0
421	516	5	0
450	516	5	0
452	516	3	0
499	516	4	0
506	516	4	0
523	516	5	0
524	516	4	0
537	516	3	0
543	516	4	0
591	516	3	0
606	516	4	0
610	516	3	0
625	516	3	0
639	516	4	0
643	516	4	0
655	516	2	0
664	516	5	0
666	516	5	0
698	516	2	0
796	516	4	0
840	516	5	0
846	516	4	0
860	516	3	0
883	516	4	0
890	516	2	0
892	516	5	0
932	516	5	0
934	516	3	0
940	516	4	0
6	517	4	0
11	517	2	0
13	517	5	0
14	517	4	0
18	517	2	0
59	517	5	0
60	517	4	0
76	517	5	0
85	517	5	0
89	517	5	0
90	517	3	0
98	517	5	0
138	517	4	0
151	517	2	0
184	517	4	0
189	517	4	0
194	517	3	0
207	517	3	0
208	517	3	0
210	517	4	0
215	517	5	0
218	517	3	0
234	517	3	0
264	517	5	0
269	517	4	0
271	517	3	0
279	517	4	0
299	517	4	0
303	517	5	0
308	517	4	0
318	517	3	0
325	517	4	0
327	517	2	0
338	517	5	0
342	517	5	0
361	517	5	0
378	517	3	0
379	517	4	0
381	517	4	0
383	517	5	0
389	517	4	0
392	517	5	0
405	517	3	0
406	517	2	0
421	517	2	0
437	517	4	0
452	517	2	0
458	517	4	0
474	517	4	0
480	517	4	0
498	517	4	0
500	517	4	0
504	517	4	0
506	517	2	0
524	517	4	0
527	517	5	0
535	517	4	0
537	517	4	0
567	517	5	0
591	517	4	0
608	517	4	0
615	517	5	0
625	517	3	0
639	517	2	0
650	517	3	0
653	517	1	0
655	517	4	0
659	517	5	0
666	517	4	0
669	517	3	0
680	517	4	0
694	517	4	0
707	517	3	0
716	517	5	0
738	517	3	0
747	517	5	0
748	517	3	0
758	517	3	0
796	517	2	0
823	517	5	0
833	517	2	0
840	517	4	0
848	517	5	0
860	517	4	0
870	517	2	0
878	517	4	0
883	517	4	0
912	517	4	0
918	517	3	0
929	517	5	0
932	517	5	0
6	519	5	0
7	519	4	0
10	519	5	0
13	519	5	0
14	519	5	0
18	519	4	0
31	519	4	0
48	519	3	0
59	519	4	0
60	519	4	0
77	519	5	0
82	519	4	0
85	519	4	0
87	519	4	0
90	519	5	0
96	519	4	0
116	519	5	0
122	519	4	0
138	519	5	0
188	519	4	0
194	519	4	0
234	519	5	0
301	519	4	0
308	519	4	0
311	519	3	0
312	519	5	0
313	519	5	0
321	519	4	0
326	519	5	0
328	519	5	0
389	519	4	0
398	519	4	0
401	519	4	0
405	519	2	0
406	519	4	0
407	519	4	0
426	519	4	0
450	519	4	0
454	519	2	0
458	519	4	0
474	519	4	0
499	519	3	0
524	519	4	0
535	519	3	0
537	519	3	0
543	519	4	0
553	519	5	0
559	519	5	0
568	519	3	0
573	519	4	0
583	519	5	0
615	519	5	0
617	519	3	0
622	519	3	0
625	519	2	0
639	519	4	0
643	519	4	0
648	519	4	0
650	519	4	0
659	519	4	0
666	519	4	0
670	519	5	0
694	519	4	0
704	519	3	0
716	519	3	0
745	519	5	0
747	519	5	0
766	519	4	0
774	519	5	0
788	519	4	0
805	519	4	0
840	519	5	0
846	519	4	0
848	519	5	0
850	519	4	0
862	519	4	0
883	519	5	0
889	519	4	0
924	519	4	0
932	519	4	0
6	520	4	0
7	520	5	0
13	520	4	0
18	520	4	0
25	520	3	0
44	520	5	0
64	520	5	0
72	520	5	0
82	520	3	0
85	520	3	0
91	520	4	0
95	520	4	0
109	520	5	0
114	520	3	0
125	520	5	0
178	520	5	0
189	520	5	0
194	520	5	0
207	520	4	0
211	520	4	0
234	520	4	0
235	520	4	0
236	520	4	0
251	520	5	0
263	520	3	0
271	520	5	0
275	520	4	0
288	520	5	0
290	520	3	0
294	520	5	0
308	520	4	0
311	520	5	0
312	520	5	0
313	520	5	0
315	520	4	0
326	520	5	0
328	520	5	0
333	520	4	0
337	520	5	0
340	520	5	0
346	520	5	0
354	520	3	0
360	520	4	0
373	520	4	0
379	520	5	0
381	520	5	0
385	520	3	0
387	520	4	0
389	520	3	0
398	520	5	0
401	520	3	0
405	520	2	0
406	520	4	0
409	520	2	0
416	520	5	0
425	520	3	0
429	520	3	0
435	520	4	0
450	520	5	0
452	520	3	0
454	520	4	0
464	520	5	0
469	520	4	0
474	520	5	0
488	520	4	0
499	520	3	0
506	520	5	0
521	520	3	0
524	520	3	0
532	520	5	0
535	520	4	0
545	520	4	0
551	520	4	0
553	520	5	0
556	520	5	0
559	520	5	0
561	520	4	0
568	520	2	0
579	520	4	0
594	520	4	0
627	520	5	0
648	520	4	0
650	520	4	0
653	520	3	0
655	520	3	0
659	520	3	0
666	520	3	0
676	520	4	0
679	520	4	0
682	520	4	0
684	520	4	0
693	520	2	0
694	520	5	0
696	520	5	0
716	520	4	0
719	520	5	0
727	520	4	0
731	520	4	0
745	520	3	0
758	520	5	0
766	520	4	0
774	520	3	0
780	520	4	0
786	520	4	0
788	520	4	0
796	520	3	0
804	520	4	0
807	520	5	0
840	520	5	0
846	520	5	0
848	520	5	0
862	520	4	0
868	520	4	0
870	520	5	0
881	520	5	0
889	520	4	0
890	520	4	0
901	520	5	0
903	520	4	0
907	520	5	0
912	520	2	0
918	520	3	0
932	520	4	0
942	520	5	0
6	521	4	0
7	521	5	0
9	521	4	0
10	521	4	0
11	521	2	0
42	521	2	0
59	521	5	0
62	521	5	0
72	521	4	0
85	521	3	0
87	521	3	0
90	521	4	0
92	521	4	0
132	521	4	0
144	521	4	0
148	521	1	0
167	521	5	0
184	521	4	0
194	521	4	0
201	521	2	0
207	521	4	0
213	521	4	0
222	521	5	0
233	521	5	0
234	521	3	0
236	521	3	0
244	521	4	0
263	521	3	0
269	521	4	0
271	521	5	0
272	521	5	0
293	521	3	0
296	521	4	0
301	521	3	0
308	521	3	0
311	521	4	0
312	521	5	0
313	521	4	0
316	521	5	0
321	521	2	0
322	521	5	0
325	521	4	0
326	521	2	0
328	521	4	0
334	521	4	0
339	521	4	0
343	521	5	0
360	521	5	0
374	521	4	0
380	521	2	0
385	521	3	0
387	521	3	0
389	521	3	0
398	521	5	0
405	521	4	0
406	521	3	0
407	521	3	0
437	521	4	0
450	521	4	0
452	521	3	0
458	521	4	0
474	521	5	0
488	521	3	0
492	521	5	0
495	521	5	0
499	521	4	0
506	521	5	0
522	521	5	0
524	521	4	0
533	521	3	0
535	521	5	0
537	521	2	0
543	521	4	0
559	521	2	0
566	521	4	0
567	521	3	0
592	521	5	0
605	521	5	0
615	521	4	0
618	521	2	0
622	521	5	0
627	521	2	0
643	521	4	0
645	521	4	0
650	521	3	0
653	521	4	0
655	521	3	0
659	521	5	0
663	521	3	0
669	521	4	0
670	521	4	0
686	521	5	0
693	521	5	0
694	521	3	0
716	521	3	0
731	521	1	0
747	521	5	0
749	521	4	0
766	521	4	0
774	521	2	0
777	521	5	0
788	521	4	0
806	521	3	0
815	521	4	0
833	521	4	0
840	521	5	0
843	521	2	0
846	521	3	0
862	521	5	0
870	521	3	0
874	521	5	0
881	521	4	0
890	521	5	0
892	521	5	0
897	521	5	0
901	521	2	0
903	521	5	0
929	521	5	0
932	521	5	0
940	521	4	0
6	523	5	0
7	523	4	0
13	523	4	0
14	523	4	0
18	523	4	0
22	523	5	0
42	523	5	0
44	523	4	0
48	523	5	0
56	523	4	0
59	523	4	0
60	523	4	0
77	523	5	0
82	523	5	0
84	523	4	0
85	523	4	0
87	523	5	0
90	523	4	0
95	523	4	0
98	523	5	0
123	523	3	0
132	523	4	0
138	523	5	0
144	523	5	0
151	523	5	0
154	523	5	0
161	523	3	0
184	523	4	0
187	523	3	0
189	523	4	0
194	523	5	0
200	523	4	0
208	523	4	0
210	523	4	0
215	523	4	0
232	523	4	0
233	523	4	0
234	523	4	0
235	523	5	0
236	523	2	0
253	523	4	0
263	523	5	0
269	523	5	0
271	523	4	0
275	523	4	0
276	523	4	0
290	523	3	0
292	523	4	0
296	523	4	0
298	523	4	0
301	523	4	0
308	523	4	0
311	523	5	0
313	523	5	0
315	523	4	0
321	523	3	0
325	523	3	0
326	523	4	0
327	523	4	0
328	523	5	0
338	523	3	0
339	523	5	0
342	523	4	0
343	523	5	0
360	523	3	0
363	523	3	0
370	523	3	0
371	523	4	0
379	523	4	0
385	523	4	0
398	523	4	0
405	523	2	0
406	523	3	0
409	523	4	0
430	523	4	0
437	523	3	0
450	523	5	0
452	523	2	0
455	523	4	0
456	523	4	0
459	523	4	0
474	523	5	0
479	523	4	0
488	523	3	0
492	523	4	0
495	523	5	0
506	523	5	0
516	523	3	0
522	523	5	0
523	523	3	0
524	523	4	0
528	523	4	0
532	523	5	0
537	523	3	0
542	523	4	0
553	523	4	0
556	523	5	0
559	523	4	0
561	523	4	0
566	523	4	0
567	523	3	0
568	523	3	0
573	523	4	0
579	523	3	0
591	523	4	0
605	523	5	0
615	523	5	0
623	523	4	0
627	523	4	0
629	523	3	0
632	523	3	0
638	523	4	0
645	523	5	0
648	523	3	0
650	523	3	0
653	523	4	0
655	523	3	0
660	523	3	0
666	523	4	0
669	523	4	0
690	523	4	0
692	523	3	0
693	523	4	0
694	523	4	0
696	523	5	0
699	523	2	0
704	523	5	0
746	523	3	0
749	523	4	0
753	523	4	0
766	523	3	0
774	523	2	0
776	523	4	0
777	523	4	0
781	523	5	0
788	523	4	0
804	523	5	0
807	523	3	0
815	523	4	0
830	523	4	0
833	523	3	0
835	523	3	0
836	523	5	0
846	523	4	0
848	523	5	0
864	523	4	0
870	523	5	0
875	523	4	0
876	523	5	0
881	523	4	0
883	523	5	0
885	523	3	0
889	523	4	0
890	523	4	0
892	523	5	0
897	523	5	0
901	523	4	0
903	523	5	0
912	523	4	0
916	523	3	0
924	523	5	0
930	523	2	0
932	523	4	0
933	523	4	0
6	525	5	0
10	525	5	0
13	525	5	0
14	525	5	0
59	525	3	0
60	525	5	0
72	525	4	0
94	525	5	0
96	525	2	0
136	525	5	0
151	525	4	0
158	525	5	0
169	525	3	0
189	525	5	0
234	525	4	0
237	525	4	0
264	525	5	0
268	525	4	0
269	525	4	0
278	525	5	0
292	525	5	0
303	525	5	0
308	525	5	0
312	525	5	0
313	525	5	0
325	525	5	0
326	525	5	0
334	525	5	0
338	525	4	0
339	525	5	0
361	525	4	0
370	525	4	0
375	525	4	0
381	525	5	0
385	525	4	0
389	525	4	0
398	525	3	0
405	525	1	0
407	525	4	0
421	525	4	0
426	525	4	0
450	525	3	0
465	525	3	0
474	525	4	0
498	525	4	0
499	525	4	0
506	525	4	0
524	525	3	0
533	525	3	0
537	525	3	0
548	525	5	0
553	525	4	0
567	525	5	0
568	525	3	0
623	525	4	0
650	525	3	0
655	525	2	0
664	525	4	0
666	525	4	0
698	525	1	0
707	525	3	0
716	525	3	0
747	525	5	0
774	525	2	0
776	525	2	0
796	525	4	0
805	525	4	0
840	525	5	0
846	525	4	0
892	525	5	0
896	525	5	0
908	525	4	0
932	525	5	0
6	526	3	0
7	526	5	0
11	526	3	0
13	526	3	0
18	526	4	0
22	526	4	0
23	526	3	0
38	526	1	0
59	526	4	0
65	526	4	0
72	526	4	0
85	526	4	0
90	526	5	0
91	526	4	0
97	526	3	0
106	526	4	0
119	526	2	0
189	526	4	0
194	526	4	0
197	526	5	0
198	526	4	0
207	526	4	0
211	526	4	0
224	526	4	0
230	526	3	0
234	526	3	0
236	526	3	0
254	526	3	0
256	526	3	0
263	526	5	0
271	526	5	0
276	526	4	0
298	526	5	0
308	526	3	0
311	526	5	0
312	526	5	0
313	526	4	0
321	526	3	0
325	526	3	0
326	526	5	0
340	526	5	0
374	526	4	0
379	526	4	0
381	526	4	0
385	526	3	0
387	526	4	0
389	526	3	0
399	526	3	0
405	526	1	0
406	526	5	0
409	526	3	0
412	526	4	0
416	526	5	0
426	526	4	0
450	526	4	0
452	526	4	0
454	526	4	0
458	526	5	0
474	526	5	0
479	526	4	0
488	526	4	0
496	526	3	0
497	526	3	0
503	526	3	0
504	526	3	0
505	526	5	0
521	526	3	0
524	526	3	0
527	526	5	0
528	526	4	0
532	526	5	0
533	526	2	0
537	526	3	0
541	526	4	0
554	526	4	0
561	526	3	0
592	526	5	0
600	526	4	0
605	526	5	0
615	526	4	0
618	526	5	0
627	526	4	0
633	526	4	0
639	526	4	0
648	526	3	0
650	526	4	0
653	526	3	0
659	526	5	0
671	526	2	0
694	526	5	0
698	526	2	0
705	526	3	0
707	526	1	0
716	526	5	0
727	526	4	0
739	526	5	0
747	526	5	0
749	526	5	0
758	526	4	0
766	526	2	0
774	526	4	0
780	526	5	0
804	526	4	0
807	526	5	0
815	526	4	0
826	526	3	0
833	526	4	0
835	526	3	0
840	526	4	0
843	526	3	0
846	526	4	0
862	526	4	0
864	526	4	0
871	526	5	0
881	526	5	0
882	526	4	0
892	526	4	0
896	526	4	0
897	526	5	0
921	526	4	0
924	526	3	0
932	526	5	0
934	526	2	0
943	526	4	0
6	528	4	0
7	528	5	0
18	528	4	0
23	528	4	0
48	528	5	0
59	528	4	0
60	528	4	0
62	528	5	0
72	528	4	0
84	528	5	0
85	528	4	0
90	528	5	0
92	528	4	0
94	528	5	0
118	528	4	0
144	528	4	0
151	528	5	0
156	528	4	0
184	528	5	0
185	528	4	0
200	528	4	0
211	528	4	0
212	528	5	0
224	528	3	0
233	528	5	0
234	528	4	0
237	528	5	0
239	528	5	0
244	528	3	0
263	528	4	0
269	528	4	0
271	528	3	0
280	528	3	0
288	528	4	0
292	528	5	0
293	528	4	0
296	528	5	0
305	528	4	0
308	528	3	0
311	528	4	0
312	528	5	0
322	528	5	0
326	528	3	0
328	528	5	0
339	528	5	0
343	528	3	0
354	528	5	0
373	528	3	0
378	528	5	0
379	528	5	0
383	528	4	0
385	528	4	0
387	528	4	0
392	528	5	0
401	528	5	0
405	528	1	0
406	528	4	0
409	528	4	0
429	528	4	0
430	528	4	0
450	528	5	0
452	528	4	0
454	528	4	0
457	528	5	0
465	528	3	0
474	528	5	0
479	528	4	0
492	528	5	0
493	528	5	0
494	528	3	0
496	528	4	0
508	528	5	0
524	528	4	0
527	528	3	0
533	528	4	0
537	528	3	0
538	528	5	0
543	528	4	0
553	528	3	0
559	528	4	0
573	528	4	0
579	528	4	0
605	528	5	0
607	528	4	0
615	528	4	0
625	528	3	0
627	528	4	0
629	528	5	0
639	528	4	0
641	528	4	0
650	528	3	0
655	528	5	0
659	528	4	0
664	528	5	0
673	528	5	0
686	528	5	0
693	528	1	0
694	528	3	0
704	528	3	0
738	528	4	0
748	528	3	0
774	528	4	0
786	528	5	0
788	528	5	0
804	528	4	0
807	528	4	0
815	528	5	0
840	528	5	0
843	528	3	0
846	528	5	0
848	528	3	0
854	528	4	0
867	528	4	0
870	528	4	0
881	528	5	0
897	528	3	0
903	528	4	0
908	528	4	0
916	528	3	0
932	528	5	0
942	528	5	0
6	529	4	0
7	529	2	0
10	529	3	0
13	529	4	0
18	529	5	0
28	529	4	0
48	529	4	0
59	529	4	0
60	529	4	0
82	529	4	0
84	529	5	0
85	529	3	0
90	529	5	0
91	529	4	0
148	529	5	0
151	529	5	0
184	529	4	0
194	529	4	0
207	529	4	0
222	529	2	0
239	529	5	0
269	529	5	0
271	529	4	0
279	529	3	0
297	529	3	0
299	529	4	0
305	529	5	0
307	529	4	0
312	529	5	0
321	529	4	0
325	529	4	0
327	529	3	0
334	529	5	0
344	529	5	0
354	529	4	0
358	529	3	0
373	529	4	0
379	529	4	0
380	529	3	0
381	529	5	0
385	529	4	0
397	529	4	0
402	529	4	0
405	529	1	0
406	529	2	0
409	529	5	0
425	529	4	0
429	529	4	0
455	529	3	0
457	529	4	0
458	529	3	0
465	529	3	0
468	529	3	0
474	529	5	0
500	529	4	0
503	529	2	0
504	529	4	0
506	529	3	0
535	529	3	0
537	529	3	0
543	529	4	0
557	529	5	0
566	529	4	0
568	529	4	0
585	529	3	0
607	529	4	0
615	529	5	0
655	529	4	0
664	529	4	0
666	529	5	0
698	529	5	0
707	529	4	0
747	529	5	0
758	529	4	0
804	529	4	0
815	529	5	0
829	529	4	0
840	529	4	0
848	529	5	0
855	529	4	0
861	529	5	0
867	529	5	0
876	529	4	0
878	529	5	0
883	529	5	0
884	529	5	0
894	529	4	0
903	529	4	0
909	529	3	0
918	529	3	0
932	529	4	0
934	529	5	0
940	529	3	0
6	530	4	0
7	530	5	0
10	530	4	0
13	530	5	0
14	530	5	0
18	530	4	0
23	530	4	0
44	530	5	0
72	530	4	0
85	530	3	0
90	530	3	0
102	530	3	0
115	530	5	0
158	530	4	0
167	530	5	0
194	530	4	0
197	530	3	0
234	530	4	0
239	530	5	0
269	530	3	0
271	530	4	0
279	530	3	0
298	530	5	0
305	530	5	0
308	530	4	0
311	530	3	0
312	530	5	0
316	530	2	0
321	530	4	0
325	530	4	0
326	530	5	0
339	530	5	0
343	530	5	0
344	530	4	0
350	530	4	0
379	530	5	0
380	530	5	0
387	530	4	0
391	530	5	0
405	530	1	0
409	530	4	0
429	530	4	0
450	530	3	0
452	530	3	0
454	530	2	0
458	530	4	0
469	530	5	0
474	530	5	0
499	530	4	0
506	530	5	0
522	530	4	0
524	530	4	0
537	530	4	0
561	530	4	0
568	530	3	0
583	530	4	0
600	530	4	0
606	530	4	0
613	530	5	0
627	530	3	0
650	530	4	0
658	530	4	0
666	530	3	0
694	530	5	0
747	530	5	0
766	530	4	0
774	530	5	0
796	530	3	0
843	530	3	0
846	530	5	0
848	530	5	0
878	530	5	0
881	530	5	0
883	530	3	0
890	530	4	0
897	530	3	0
911	530	4	0
913	530	2	0
916	530	4	0
932	530	4	0
7	602	3	0
10	602	5	0
13	602	4	0
16	602	5	0
18	602	3	0
59	602	2	0
60	602	4	0
90	602	5	0
128	602	4	0
138	602	4	0
151	602	4	0
184	602	4	0
234	602	4	0
263	602	4	0
264	602	4	0
269	602	4	0
271	602	3	0
292	602	4	0
295	602	5	0
299	602	3	0
305	602	3	0
308	602	4	0
312	602	4	0
354	602	3	0
389	602	4	0
398	602	4	0
406	602	3	0
429	602	5	0
437	602	3	0
450	602	4	0
454	602	2	0
474	602	3	0
479	602	4	0
537	602	3	0
583	602	4	0
588	602	3	0
625	602	3	0
650	602	4	0
659	602	4	0
707	602	4	0
716	602	5	0
766	602	4	0
798	602	3	0
807	602	5	0
815	602	3	0
846	602	4	0
847	602	3	0
900	602	1	0
912	602	5	0
934	602	3	0
7	603	4	0
10	603	5	0
11	603	4	0
13	603	4	0
14	603	4	0
16	603	5	0
18	603	3	0
23	603	4	0
28	603	3	0
42	603	4	0
44	603	4	0
48	603	4	0
51	603	3	0
58	603	5	0
59	603	5	0
60	603	5	0
64	603	3	0
72	603	4	0
76	603	3	0
82	603	5	0
90	603	5	0
91	603	5	0
94	603	4	0
97	603	4	0
116	603	3	0
118	603	4	0
128	603	5	0
135	603	4	0
138	603	4	0
145	603	5	0
151	603	5	0
160	603	4	0
167	603	4	0
169	603	5	0
172	603	3	0
189	603	5	0
201	603	4	0
213	603	5	0
214	603	4	0
218	603	4	0
225	603	5	0
232	603	4	0
233	603	4	0
234	603	4	0
235	603	3	0
237	603	5	0
239	603	5	0
249	603	5	0
264	603	5	0
269	603	5	0
270	603	5	0
271	603	4	0
276	603	5	0
278	603	5	0
292	603	5	0
293	603	5	0
294	603	5	0
297	603	5	0
298	603	5	0
299	603	3	0
303	603	5	0
308	603	5	0
312	603	5	0
313	603	5	0
315	603	5	0
321	603	5	0
322	603	5	0
326	603	4	0
327	603	4	0
330	603	5	0
334	603	5	0
338	603	5	0
339	603	5	0
350	603	5	0
354	603	5	0
361	603	5	0
363	603	4	0
370	603	5	0
373	603	4	0
375	603	4	0
376	603	4	0
379	603	5	0
383	603	5	0
385	603	5	0
387	603	4	0
389	603	5	0
391	603	5	0
398	603	4	0
401	603	4	0
405	603	3	0
407	603	4	0
409	603	5	0
411	603	5	0
416	603	5	0
420	603	4	0
421	603	4	0
426	603	5	0
429	603	4	0
435	603	3	0
437	603	5	0
445	603	3	0
450	603	5	0
452	603	4	0
454	603	4	0
456	603	5	0
458	603	4	0
464	603	5	0
465	603	4	0
468	603	5	0
469	603	5	0
472	603	5	0
474	603	5	0
480	603	4	0
494	603	3	0
497	603	3	0
498	603	4	0
503	603	3	0
506	603	5	0
509	603	4	0
524	603	3	0
527	603	4	0
532	603	5	0
533	603	4	0
535	603	4	0
536	603	4	0
537	603	4	0
539	603	4	0
543	603	5	0
548	603	5	0
551	603	5	0
553	603	5	0
556	603	5	0
561	603	4	0
567	603	5	0
568	603	5	0
575	603	5	0
579	603	5	0
591	603	5	0
592	603	5	0
608	603	5	0
613	603	5	0
623	603	4	0
625	603	4	0
643	603	5	0
648	603	5	0
650	603	4	0
655	603	4	0
658	603	4	0
659	603	5	0
660	603	4	0
661	603	3	0
663	603	4	0
664	603	5	0
666	603	4	0
669	603	5	0
670	603	5	0
686	603	5	0
691	603	5	0
694	603	4	0
698	603	4	0
704	603	5	0
707	603	3	0
710	603	4	0
716	603	5	0
731	603	5	0
734	603	4	0
738	603	5	0
739	603	4	0
744	603	5	0
745	603	4	0
747	603	5	0
748	603	5	0
749	603	5	0
751	603	4	0
756	603	5	0
758	603	5	0
776	603	4	0
780	603	2	0
796	603	4	0
798	603	3	0
804	603	5	0
805	603	4	0
815	603	3	0
831	603	5	0
836	603	5	0
840	603	5	0
843	603	2	0
846	603	5	0
847	603	3	0
848	603	5	0
854	603	4	0
862	603	5	0
864	603	4	0
867	603	5	0
870	603	5	0
875	603	4	0
880	603	5	0
883	603	4	0
889	603	4	0
890	603	5	0
896	603	4	0
897	603	5	0
899	603	4	0
904	603	4	0
908	603	4	0
911	603	5	0
913	603	4	0
921	603	3	0
932	603	5	0
7	604	3	0
10	604	4	0
13	604	5	0
18	604	5	0
25	604	4	0
59	604	3	0
60	604	4	0
85	604	4	0
90	604	5	0
116	604	3	0
160	604	4	0
169	604	4	0
184	604	4	0
194	604	3	0
202	604	5	0
225	604	5	0
234	604	5	0
269	604	3	0
272	604	4	0
298	604	5	0
301	604	4	0
311	604	3	0
312	604	5	0
313	604	4	0
321	604	5	0
325	604	4	0
338	604	4	0
350	604	5	0
354	604	4	0
370	604	4	0
383	604	5	0
385	604	4	0
389	604	4	0
391	604	4	0
392	604	5	0
398	604	5	0
401	604	4	0
406	604	3	0
409	604	4	0
419	604	5	0
450	604	4	0
454	604	3	0
474	604	4	0
478	604	3	0
479	604	3	0
505	604	5	0
506	604	4	0
524	604	4	0
535	604	4	0
537	604	3	0
553	604	5	0
556	604	5	0
567	604	4	0
568	604	4	0
571	604	3	0
612	604	4	0
617	604	2	0
639	604	4	0
647	604	4	0
650	604	3	0
655	604	4	0
659	604	4	0
666	604	3	0
691	604	5	0
693	604	3	0
694	604	4	0
704	604	5	0
716	604	3	0
734	604	4	0
747	604	5	0
760	604	4	0
766	604	4	0
780	604	3	0
846	604	4	0
854	604	4	0
876	604	5	0
889	604	3	0
890	604	5	0
892	604	5	0
913	604	2	0
942	604	4	0
7	606	3	0
10	606	5	0
13	606	4	0
16	606	4	0
42	606	3	0
59	606	4	0
60	606	4	0
85	606	4	0
90	606	5	0
123	606	3	0
151	606	5	0
167	606	4	0
169	606	5	0
172	606	3	0
184	606	5	0
225	606	5	0
234	606	5	0
264	606	5	0
299	606	4	0
301	606	3	0
312	606	5	0
328	606	3	0
334	606	5	0
338	606	3	0
342	606	5	0
343	606	5	0
354	606	5	0
378	606	5	0
385	606	4	0
405	606	3	0
406	606	3	0
409	606	4	0
426	606	5	0
437	606	4	0
450	606	5	0
454	606	2	0
474	606	3	0
524	606	4	0
537	606	3	0
560	606	4	0
567	606	4	0
568	606	5	0
608	606	5	0
610	606	5	0
617	606	3	0
659	606	5	0
670	606	4	0
693	606	4	0
694	606	4	0
698	606	2	0
704	606	2	0
707	606	4	0
716	606	5	0
731	606	3	0
747	606	5	0
766	606	3	0
796	606	4	0
823	606	4	0
835	606	5	0
840	606	4	0
846	606	4	0
848	606	4	0
854	606	4	0
870	606	4	0
918	606	4	0
932	606	4	0
7	607	3	0
18	607	3	0
90	607	5	0
116	607	2	0
178	607	3	0
189	607	4	0
201	607	4	0
230	607	3	0
234	607	4	0
292	607	4	0
299	607	4	0
301	607	4	0
308	607	3	0
312	607	5	0
321	607	4	0
334	607	3	0
338	607	4	0
339	607	5	0
342	607	3	0
354	607	3	0
370	607	5	0
381	607	4	0
389	607	3	0
398	607	3	0
406	607	4	0
409	607	5	0
416	607	5	0
426	607	4	0
429	607	3	0
437	607	5	0
450	607	5	0
452	607	5	0
454	607	2	0
469	607	5	0
474	607	4	0
496	607	3	0
498	607	3	0
503	607	5	0
506	607	4	0
524	607	3	0
530	607	5	0
535	607	5	0
537	607	4	0
553	607	4	0
561	607	5	0
567	607	4	0
608	607	5	0
610	607	5	0
613	607	4	0
617	607	4	0
655	607	4	0
659	607	5	0
666	607	4	0
683	607	5	0
698	607	2	0
704	607	4	0
734	607	5	0
758	607	5	0
763	607	4	0
766	607	1	0
776	607	4	0
796	607	4	0
840	607	4	0
889	607	4	0
932	607	4	0
942	607	5	0
7	614	5	0
13	614	4	0
18	614	4	0
90	614	4	0
91	614	4	0
128	614	3	0
138	614	4	0
151	614	4	0
233	614	4	0
234	614	3	0
236	614	5	0
263	614	3	0
267	614	5	0
269	614	3	0
271	614	4	0
308	614	3	0
311	614	4	0
312	614	4	0
316	614	2	0
321	614	3	0
325	614	4	0
328	614	4	0
339	614	3	0
343	614	5	0
380	614	3	0
416	614	5	0
417	614	3	0
426	614	4	0
437	614	5	0
450	614	4	0
452	614	3	0
454	614	3	0
474	614	4	0
505	614	3	0
524	614	5	0
535	614	5	0
536	614	4	0
537	614	3	0
561	614	3	0
650	614	3	0
669	614	4	0
694	614	4	0
707	614	2	0
716	614	4	0
788	614	4	0
815	614	3	0
833	614	2	0
846	614	5	0
932	614	4	0
934	614	3	0
943	614	5	0
7	615	4	0
9	615	4	0
10	615	4	0
13	615	4	0
25	615	5	0
59	615	4	0
60	615	5	0
114	615	2	0
125	615	3	0
167	615	5	0
195	615	4	0
234	615	5	0
299	615	4	0
303	615	4	0
308	615	3	0
312	615	4	0
313	615	4	0
321	615	5	0
326	615	4	0
389	615	4	0
392	615	5	0
397	615	5	0
409	615	5	0
419	615	5	0
452	615	3	0
465	615	3	0
474	615	4	0
480	615	4	0
503	615	5	0
524	615	2	0
527	615	4	0
528	615	4	0
537	615	3	0
553	615	5	0
561	615	4	0
567	615	4	0
568	615	5	0
591	615	4	0
617	615	3	0
639	615	5	0
648	615	4	0
661	615	4	0
670	615	3	0
716	615	3	0
747	615	5	0
767	615	4	0
796	615	4	0
804	615	5	0
815	615	2	0
840	615	5	0
843	615	3	0
846	615	5	0
848	615	5	0
868	615	4	0
881	615	4	0
889	615	3	0
892	615	5	0
932	615	5	0
942	615	3	0
7	632	5	0
13	632	3	0
85	632	3	0
90	632	5	0
144	632	4	0
151	632	4	0
152	632	4	0
184	632	5	0
188	632	5	0
189	632	5	0
224	632	2	0
234	632	2	0
236	632	3	0
239	632	5	0
243	632	5	0
269	632	4	0
288	632	4	0
293	632	3	0
296	632	5	0
308	632	3	0
312	632	3	0
313	632	4	0
339	632	4	0
373	632	3	0
378	632	5	0
392	632	5	0
395	632	5	0
401	632	4	0
406	632	4	0
409	632	3	0
450	632	5	0
454	632	3	0
457	632	5	0
458	632	4	0
479	632	5	0
504	632	3	0
535	632	4	0
573	632	4	0
613	632	3	0
615	632	5	0
629	632	3	0
655	632	3	0
666	632	4	0
693	632	5	0
694	632	4	0
704	632	3	0
707	632	4	0
716	632	4	0
721	632	4	0
804	632	3	0
835	632	5	0
840	632	3	0
843	632	2	0
854	632	4	0
890	632	5	0
896	632	2	0
924	632	4	0
932	632	4	0
7	633	5	0
18	633	5	0
20	633	4	0
25	633	4	0
44	633	3	0
59	633	3	0
60	633	4	0
64	633	5	0
128	633	4	0
151	633	5	0
194	633	3	0
221	633	3	0
230	633	4	0
233	633	5	0
239	633	5	0
246	633	3	0
308	633	4	0
312	633	5	0
313	633	5	0
316	633	4	0
321	633	5	0
326	633	4	0
373	633	4	0
393	633	2	0
398	633	4	0
399	633	3	0
406	633	5	0
409	633	4	0
416	633	4	0
426	633	4	0
429	633	3	0
450	633	5	0
454	633	2	0
472	633	4	0
474	633	4	0
488	633	5	0
495	633	5	0
496	633	3	0
503	633	5	0
504	633	3	0
532	633	5	0
537	633	3	0
545	633	3	0
593	633	5	0
618	633	3	0
632	633	4	0
648	633	3	0
650	633	4	0
704	633	5	0
709	633	3	0
716	633	4	0
748	633	4	0
749	633	4	0
764	633	5	0
766	633	4	0
786	633	4	0
796	633	5	0
807	633	4	0
830	633	4	0
835	633	5	0
843	633	3	0
846	633	3	0
848	633	3	0
849	633	5	0
862	633	5	0
887	633	5	0
892	633	4	0
897	633	5	0
907	633	5	0
7	647	5	0
13	647	5	0
18	647	4	0
48	647	4	0
59	647	5	0
72	647	1	0
85	647	4	0
90	647	5	0
94	647	5	0
106	647	3	0
136	647	5	0
144	647	4	0
184	647	5	0
189	647	4	0
194	647	4	0
233	647	5	0
234	647	3	0
235	647	4	0
239	647	5	0
253	647	3	0
267	647	5	0
269	647	4	0
276	647	4	0
293	647	5	0
299	647	4	0
312	647	5	0
321	647	3	0
325	647	5	0
344	647	4	0
381	647	4	0
405	647	1	0
406	647	5	0
409	647	5	0
450	647	4	0
455	647	4	0
468	647	5	0
474	647	4	0
479	647	5	0
493	647	4	0
499	647	5	0
514	647	3	0
524	647	3	0
527	647	5	0
537	647	4	0
543	647	3	0
567	647	5	0
606	647	3	0
617	647	3	0
625	647	4	0
639	647	3	0
655	647	3	0
659	647	3	0
661	647	4	0
666	647	5	0
669	647	5	0
707	647	5	0
748	647	3	0
804	647	5	0
815	647	5	0
833	647	4	0
840	647	5	0
848	647	5	0
862	647	5	0
870	647	4	0
883	647	5	0
889	647	2	0
896	647	3	0
907	647	3	0
911	647	4	0
932	647	5	0
7	648	5	0
22	648	4	0
43	648	5	0
87	648	5	0
90	648	4	0
95	648	3	0
125	648	4	0
158	648	5	0
174	648	5	0
194	648	4	0
218	648	4	0
234	648	3	0
235	648	4	0
263	648	5	0
271	648	4	0
295	648	4	0
308	648	4	0
311	648	4	0
312	648	5	0
318	648	5	0
326	648	5	0
373	648	4	0
391	648	5	0
398	648	5	0
405	648	1	0
407	648	3	0
426	648	3	0
450	648	5	0
452	648	4	0
458	648	4	0
474	648	4	0
476	648	4	0
481	648	5	0
505	648	4	0
514	648	3	0
536	648	3	0
537	648	4	0
542	648	4	0
545	648	3	0
553	648	4	0
567	648	4	0
617	648	3	0
623	648	5	0
639	648	3	0
650	648	3	0
659	648	3	0
694	648	5	0
698	648	4	0
704	648	5	0
707	648	4	0
716	648	4	0
731	648	4	0
747	648	5	0
766	648	3	0
767	648	4	0
776	648	3	0
798	648	3	0
805	648	4	0
830	648	5	0
846	648	5	0
850	648	5	0
883	648	4	0
892	648	4	0
908	648	4	0
912	648	3	0
932	648	5	0
934	648	3	0
7	654	5	0
10	654	5	0
11	654	3	0
13	654	5	0
14	654	4	0
16	654	5	0
18	654	4	0
48	654	5	0
58	654	5	0
59	654	4	0
60	654	4	0
72	654	4	0
85	654	4	0
90	654	5	0
94	654	5	0
114	654	3	0
115	654	5	0
118	654	5	0
144	654	4	0
151	654	4	0
161	654	3	0
177	654	4	0
178	654	3	0
184	654	4	0
189	654	3	0
194	654	2	0
198	654	5	0
201	654	3	0
210	654	5	0
218	654	4	0
222	654	3	0
233	654	4	0
234	654	5	0
239	654	5	0
264	654	5	0
267	654	5	0
268	654	5	0
269	654	4	0
271	654	5	0
272	654	5	0
279	654	5	0
292	654	5	0
293	654	5	0
296	654	5	0
303	654	5	0
305	654	4	0
308	654	5	0
311	654	3	0
312	654	5	0
313	654	5	0
315	654	5	0
321	654	4	0
322	654	5	0
325	654	4	0
326	654	1	0
338	654	5	0
339	654	5	0
342	654	4	0
343	654	5	0
350	654	5	0
360	654	5	0
361	654	4	0
374	654	3	0
379	654	5	0
380	654	4	0
383	654	5	0
385	654	5	0
389	654	5	0
398	654	4	0
401	654	3	0
405	654	2	0
406	654	4	0
409	654	3	0
426	654	5	0
429	654	4	0
437	654	5	0
450	654	4	0
452	654	2	0
454	654	2	0
458	654	5	0
469	654	4	0
474	654	5	0
480	654	4	0
491	654	5	0
492	654	4	0
503	654	5	0
506	654	4	0
522	654	4	0
524	654	5	0
533	654	3	0
535	654	5	0
537	654	3	0
541	654	3	0
548	654	5	0
560	654	5	0
567	654	5	0
573	654	4	0
592	654	5	0
625	654	3	0
633	654	3	0
645	654	5	0
650	654	3	0
653	654	2	0
655	654	3	0
658	654	4	0
659	654	4	0
664	654	5	0
666	654	5	0
669	654	5	0
671	654	3	0
682	654	4	0
686	654	5	0
693	654	3	0
694	654	4	0
698	654	1	0
704	654	5	0
707	654	4	0
710	654	4	0
747	654	5	0
748	654	4	0
758	654	4	0
766	654	4	0
774	654	2	0
799	654	5	0
804	654	3	0
806	654	5	0
823	654	5	0
833	654	5	0
835	654	5	0
836	654	5	0
840	654	4	0
843	654	2	0
846	654	5	0
848	654	5	0
870	654	4	0
874	654	5	0
875	654	4	0
881	654	4	0
889	654	3	0
890	654	5	0
896	654	3	0
900	654	2	0
908	654	3	0
912	654	3	0
929	654	3	0
932	654	5	0
933	654	4	0
7	657	4	0
10	657	4	0
13	657	4	0
16	657	5	0
25	657	4	0
29	657	4	0
49	657	5	0
52	657	5	0
59	657	4	0
73	657	5	0
82	657	4	0
85	657	4	0
87	657	4	0
90	657	5	0
91	657	4	0
94	657	5	0
95	657	5	0
115	657	3	0
123	657	4	0
125	657	3	0
151	657	5	0
172	657	3	0
184	657	4	0
189	657	5	0
194	657	4	0
210	657	4	0
218	657	5	0
234	657	4	0
256	657	5	0
269	657	4	0
271	657	4	0
292	657	5	0
293	657	4	0
308	657	4	0
312	657	5	0
313	657	4	0
315	657	4	0
318	657	5	0
321	657	4	0
326	657	5	0
328	657	4	0
329	657	3	0
334	657	4	0
339	657	4	0
342	657	5	0
343	657	5	0
346	657	4	0
350	657	5	0
352	657	4	0
354	657	4	0
361	657	5	0
363	657	5	0
370	657	3	0
381	657	4	0
383	657	5	0
385	657	4	0
389	657	5	0
392	657	5	0
397	657	5	0
405	657	1	0
406	657	5	0
407	657	4	0
409	657	3	0
416	657	5	0
421	657	4	0
426	657	5	0
433	657	5	0
437	657	5	0
450	657	4	0
454	657	3	0
474	657	5	0
491	657	5	0
492	657	3	0
497	657	3	0
498	657	3	0
499	657	5	0
506	657	5	0
524	657	4	0
527	657	4	0
528	657	5	0
535	657	5	0
537	657	3	0
548	657	5	0
553	657	5	0
561	657	4	0
567	657	5	0
571	657	4	0
573	657	4	0
592	657	4	0
641	657	4	0
650	657	4	0
653	657	4	0
655	657	3	0
659	657	5	0
660	657	2	0
661	657	4	0
664	657	5	0
666	657	4	0
669	657	5	0
670	657	5	0
682	657	4	0
694	657	4	0
704	657	4	0
744	657	5	0
748	657	4	0
753	657	5	0
758	657	5	0
767	657	4	0
776	657	3	0
780	657	3	0
788	657	4	0
802	657	4	0
804	657	4	0
807	657	4	0
833	657	4	0
836	657	5	0
840	657	5	0
843	657	3	0
846	657	5	0
862	657	5	0
867	657	5	0
870	657	5	0
880	657	4	0
886	657	5	0
889	657	4	0
890	657	5	0
908	657	4	0
913	657	5	0
932	657	5	0
934	657	3	0
940	657	4	0
7	659	5	0
11	659	5	0
13	659	3	0
18	659	4	0
59	659	3	0
60	659	4	0
85	659	4	0
90	659	4	0
98	659	5	0
114	659	4	0
125	659	4	0
151	659	5	0
158	659	5	0
167	659	4	0
187	659	5	0
189	659	4	0
194	659	4	0
218	659	4	0
234	659	3	0
236	659	3	0
237	659	4	0
239	659	3	0
253	659	5	0
264	659	5	0
269	659	4	0
271	659	3	0
279	659	5	0
283	659	5	0
292	659	5	0
296	659	5	0
297	659	4	0
308	659	3	0
312	659	5	0
313	659	4	0
318	659	4	0
321	659	4	0
326	659	4	0
327	659	4	0
354	659	4	0
361	659	5	0
370	659	4	0
379	659	5	0
385	659	4	0
387	659	4	0
391	659	4	0
393	659	4	0
398	659	3	0
401	659	3	0
405	659	4	0
407	659	5	0
409	659	5	0
416	659	5	0
426	659	4	0
435	659	4	0
450	659	5	0
452	659	4	0
454	659	2	0
474	659	5	0
481	659	5	0
488	659	3	0
496	659	3	0
503	659	5	0
514	659	3	0
521	659	4	0
527	659	4	0
533	659	4	0
541	659	5	0
548	659	4	0
567	659	4	0
568	659	3	0
593	659	5	0
623	659	5	0
639	659	3	0
643	659	5	0
650	659	3	0
653	659	1	0
659	659	3	0
664	659	5	0
670	659	5	0
682	659	1	0
694	659	4	0
698	659	3	0
716	659	4	0
719	659	4	0
738	659	4	0
747	659	4	0
749	659	5	0
751	659	5	0
766	659	3	0
767	659	5	0
774	659	3	0
780	659	4	0
796	659	3	0
798	659	4	0
805	659	3	0
807	659	4	0
815	659	5	0
823	659	4	0
836	659	5	0
840	659	5	0
846	659	5	0
850	659	4	0
870	659	4	0
878	659	4	0
883	659	3	0
886	659	4	0
889	659	4	0
892	659	4	0
897	659	5	0
911	659	3	0
912	659	5	0
918	659	4	0
921	659	5	0
932	659	5	0
942	659	5	0
7	661	5	0
13	661	5	0
16	661	4	0
29	661	5	0
48	661	5	0
60	661	4	0
65	661	4	0
82	661	4	0
85	661	4	0
90	661	5	0
97	661	5	0
116	661	4	0
122	661	4	0
151	661	4	0
156	661	4	0
175	661	4	0
189	661	4	0
194	661	5	0
234	661	5	0
236	661	3	0
263	661	5	0
269	661	4	0
271	661	4	0
292	661	5	0
308	661	4	0
311	661	3	0
312	661	5	0
313	661	4	0
328	661	5	0
339	661	5	0
354	661	4	0
360	661	5	0
370	661	5	0
385	661	4	0
389	661	4	0
391	661	5	0
398	661	3	0
401	661	3	0
405	661	3	0
406	661	5	0
409	661	5	0
426	661	4	0
450	661	3	0
452	661	4	0
454	661	4	0
474	661	4	0
480	661	4	0
496	661	3	0
499	661	3	0
506	661	5	0
524	661	3	0
527	661	5	0
537	661	4	0
539	661	5	0
553	661	5	0
559	661	3	0
561	661	4	0
568	661	4	0
573	661	4	0
593	661	2	0
608	661	3	0
639	661	4	0
650	661	3	0
659	661	5	0
666	661	4	0
694	661	5	0
704	661	4	0
716	661	3	0
739	661	2	0
747	661	5	0
749	661	5	0
776	661	5	0
785	661	3	0
788	661	5	0
805	661	4	0
830	661	4	0
840	661	5	0
843	661	3	0
846	661	4	0
848	661	3	0
883	661	4	0
892	661	5	0
896	661	4	0
900	661	4	0
912	661	2	0
932	661	5	0
934	661	4	0
942	661	4	0
7	663	5	0
10	663	3	0
11	663	4	0
13	663	5	0
14	663	5	0
18	663	4	0
58	663	2	0
59	663	4	0
64	663	3	0
83	663	5	0
85	663	5	0
92	663	4	0
97	663	5	0
102	663	3	0
125	663	3	0
148	663	5	0
151	663	4	0
187	663	3	0
189	663	3	0
194	663	4	0
196	663	5	0
208	663	5	0
218	663	3	0
234	663	4	0
239	663	5	0
269	663	4	0
271	663	4	0
279	663	3	0
280	663	4	0
293	663	3	0
296	663	5	0
305	663	3	0
308	663	5	0
312	663	5	0
313	663	5	0
321	663	2	0
326	663	1	0
327	663	4	0
334	663	5	0
338	663	5	0
339	663	5	0
342	663	4	0
343	663	5	0
344	663	5	0
360	663	4	0
371	663	5	0
376	663	3	0
378	663	3	0
379	663	3	0
380	663	4	0
383	663	5	0
385	663	4	0
387	663	4	0
389	663	4	0
392	663	4	0
398	663	2	0
401	663	1	0
405	663	2	0
406	663	5	0
409	663	4	0
417	663	3	0
426	663	4	0
429	663	4	0
437	663	5	0
450	663	4	0
452	663	2	0
458	663	4	0
474	663	4	0
481	663	4	0
494	663	5	0
498	663	4	0
499	663	5	0
506	663	4	0
523	663	5	0
524	663	2	0
533	663	5	0
537	663	3	0
543	663	4	0
577	663	5	0
583	663	4	0
640	663	5	0
643	663	4	0
648	663	1	0
650	663	4	0
660	663	2	0
664	663	4	0
666	663	4	0
690	663	4	0
694	663	4	0
698	663	1	0
707	663	4	0
716	663	5	0
747	663	5	0
749	663	4	0
766	663	5	0
804	663	5	0
833	663	3	0
836	663	5	0
840	663	4	0
846	663	4	0
847	663	2	0
848	663	5	0
850	663	2	0
860	663	3	0
864	663	4	0
870	663	3	0
878	663	5	0
881	663	5	0
886	663	4	0
889	663	3	0
890	663	4	0
892	663	5	0
899	663	4	0
908	663	3	0
932	663	4	0
934	663	5	0
10	705	4	0
13	705	5	0
16	705	5	0
18	705	3	0
23	705	4	0
31	705	5	0
43	705	4	0
51	705	1	0
59	705	4	0
60	705	4	0
64	705	5	0
82	705	3	0
85	705	5	0
87	705	4	0
90	705	5	0
95	705	5	0
125	705	5	0
128	705	3	0
151	705	5	0
169	705	5	0
189	705	4	0
194	705	2	0
201	705	3	0
211	705	4	0
214	705	4	0
225	705	5	0
232	705	5	0
234	705	5	0
235	705	5	0
236	705	4	0
237	705	3	0
239	705	4	0
253	705	5	0
269	705	2	0
271	705	4	0
292	705	4	0
293	705	5	0
295	705	4	0
296	705	5	0
297	705	2	0
298	705	4	0
303	705	5	0
308	705	5	0
311	705	3	0
312	705	5	0
321	705	3	0
326	705	3	0
329	705	3	0
331	705	2	0
354	705	4	0
361	705	5	0
363	705	2	0
370	705	3	0
373	705	4	0
376	705	3	0
379	705	4	0
381	705	5	0
385	705	3	0
389	705	5	0
391	705	5	0
392	705	5	0
393	705	4	0
397	705	5	0
398	705	5	0
406	705	4	0
407	705	4	0
409	705	2	0
419	705	5	0
426	705	5	0
429	705	4	0
437	705	4	0
450	705	4	0
454	705	3	0
464	705	5	0
465	705	4	0
469	705	5	0
474	705	3	0
480	705	4	0
488	705	4	0
495	705	4	0
496	705	2	0
504	705	4	0
505	705	3	0
506	705	5	0
509	705	4	0
524	705	3	0
537	705	3	0
561	705	3	0
566	705	4	0
567	705	5	0
592	705	5	0
610	705	3	0
618	705	3	0
622	705	3	0
625	705	3	0
632	705	5	0
647	705	4	0
650	705	4	0
659	705	5	0
664	705	4	0
670	705	5	0
690	705	1	0
694	705	5	0
698	705	4	0
707	705	4	0
716	705	5	0
731	705	5	0
734	705	4	0
747	705	5	0
749	705	4	0
758	705	5	0
766	705	4	0
780	705	5	0
795	705	4	0
796	705	4	0
798	705	4	0
806	705	4	0
807	705	4	0
815	705	5	0
821	705	5	0
829	705	4	0
838	705	5	0
840	705	4	0
846	705	3	0
847	705	3	0
850	705	5	0
854	705	4	0
881	705	1	0
889	705	4	0
892	705	4	0
896	705	5	0
897	705	3	0
924	705	5	0
930	705	2	0
932	705	4	0
934	705	4	0
942	705	4	0
