1	18	4	0
14	18	3	0
15	18	1	0
59	18	4	0
90	18	3	0
181	18	1	0
207	18	2	0
385	18	5	0
585	18	2	0
655	18	3	0
1	27	2	0
7	27	4	0
13	27	3	0
16	27	2	0
37	27	4	0
85	27	4	0
87	27	4	0
130	27	4	0
198	27	2	0
201	27	3	0
216	27	3	0
217	27	1	0
221	27	4	0
268	27	4	0
276	27	3	0
279	27	5	0
291	27	3	0
293	27	3	0
297	27	1	0
320	27	3	0
374	27	4	0
387	27	1	0
393	27	4	0
405	27	1	0
416	27	4	0
417	27	3	0
425	27	3	0
435	27	1	0
442	27	2	0
447	27	3	0
452	27	5	0
457	27	4	0
466	27	3	0
472	27	4	0
487	27	5	0
586	27	3	0
600	27	3	0
619	27	4	0
627	27	3	0
650	27	3	0
655	27	3	0
671	27	3	0
682	27	3	0
709	27	3	0
715	27	3	0
727	27	4	0
757	27	4	0
773	27	1	0
849	27	5	0
851	27	4	0
871	27	2	0
880	27	3	0
881	27	3	0
886	27	2	0
892	27	4	0
896	27	1	0
943	27	4	0
1	34	2	0
94	34	1	0
184	34	2	0
276	34	2	0
286	34	5	0
297	34	3	0
551	34	4	0
1	40	3	0
5	40	4	0
10	40	4	0
11	40	3	0
13	40	2	0
43	40	3	0
49	40	1	0
87	40	3	0
92	40	3	0
119	40	4	0
174	40	4	0
180	40	4	0
184	40	4	0
210	40	3	0
222	40	1	0
234	40	2	0
244	40	2	0
262	40	4	0
268	40	3	0
271	40	1	0
276	40	3	0
279	40	4	0
280	40	5	0
286	40	4	0
318	40	4	0
345	40	3	0
378	40	3	0
389	40	3	0
393	40	1	0
405	40	2	0
406	40	3	0
407	40	1	0
417	40	3	0
435	40	3	0
455	40	3	0
478	40	1	0
504	40	4	0
551	40	1	0
561	40	2	0
577	40	4	0
584	40	4	0
588	40	4	0
593	40	1	0
621	40	3	0
642	40	4	0
648	40	4	0
660	40	2	0
711	40	4	0
712	40	5	0
715	40	1	0
747	40	2	0
766	40	3	0
804	40	3	0
805	40	3	0
846	40	2	0
880	40	2	0
897	40	3	0
1	41	2	0
24	41	5	0
94	41	3	0
110	41	4	0
125	41	2	0
130	41	3	0
174	41	1	0
222	41	3	0
246	41	2	0
276	41	3	0
279	41	2	0
286	41	2	0
291	41	4	0
301	41	3	0
303	41	5	0
311	41	3	0
314	41	5	0
332	41	5	0
336	41	3	0
393	41	4	0
399	41	2	0
405	41	1	0
416	41	3	0
442	41	4	0
472	41	4	0
478	41	3	0
542	41	4	0
621	41	4	0
622	41	3	0
642	41	3	0
660	41	1	0
682	41	3	0
790	41	3	0
846	41	3	0
880	41	1	0
927	41	4	0
943	41	4	0
1	43	4	0
42	43	2	0
83	43	4	0
92	43	3	0
95	43	2	0
110	43	3	0
200	43	3	0
224	43	3	0
271	43	3	0
276	43	1	0
290	43	3	0
295	43	4	0
301	43	5	0
303	43	3	0
311	43	4	0
328	43	3	0
345	43	3	0
378	43	3	0
399	43	3	0
405	43	1	0
416	43	1	0
436	43	2	0
450	43	4	0
472	43	4	0
487	43	3	0
500	43	3	0
533	43	4	0
551	43	2	0
554	43	3	0
655	43	3	0
659	43	4	0
727	43	3	0
758	43	3	0
788	43	3	0
796	43	4	0
864	43	3	0
881	43	3	0
886	43	2	0
896	43	3	0
922	43	3	0
1	80	4	0
5	80	2	0
7	80	4	0
22	80	4	0
49	80	1	0
87	80	4	0
92	80	2	0
94	80	2	0
125	80	4	0
152	80	5	0
174	80	1	0
222	80	2	0
244	80	3	0
246	80	2	0
267	80	4	0
268	80	3	0
276	80	3	0
279	80	4	0
280	80	3	0
291	80	4	0
301	80	3	0
303	80	4	0
330	80	2	0
339	80	3	0
363	80	4	0
373	80	3	0
389	80	3	0
393	80	3	0
399	80	3	0
405	80	1	0
416	80	2	0
417	80	4	0
429	80	3	0
435	80	2	0
450	80	3	0
453	80	2	0
456	80	2	0
472	80	3	0
476	80	3	0
495	80	3	0
497	80	3	0
536	80	2	0
542	80	3	0
545	80	3	0
551	80	1	0
561	80	2	0
566	80	3	0
586	80	2	0
621	80	4	0
622	80	3	0
642	80	5	0
650	80	2	0
660	80	1	0
682	80	1	0
690	80	3	0
727	80	4	0
749	80	1	0
790	80	2	0
795	80	3	0
846	80	4	0
868	80	2	0
880	80	2	0
886	80	3	0
896	80	2	0
916	80	3	0
922	80	3	0
933	80	2	0
943	80	2	0
1	85	3	0
10	85	4	0
22	85	5	0
49	85	3	0
92	85	3	0
125	85	3	0
158	85	4	0
234	85	2	0
235	85	4	0
276	85	3	0
286	85	5	0
291	85	2	0
293	85	3	0
303	85	3	0
308	85	4	0
318	85	3	0
327	85	2	0
328	85	1	0
336	85	3	0
347	85	5	0
393	85	3	0
398	85	4	0
405	85	4	0
406	85	2	0
407	85	4	0
416	85	3	0
429	85	4	0
435	85	4	0
447	85	4	0
453	85	3	0
476	85	2	0
487	85	2	0
506	85	3	0
537	85	2	0
543	85	2	0
551	85	1	0
577	85	3	0
586	85	3	0
588	85	5	0
591	85	3	0
640	85	5	0
682	85	3	0
690	85	1	0
715	85	3	0
747	85	3	0
749	85	4	0
751	85	3	0
763	85	4	0
788	85	1	0
790	85	3	0
804	85	4	0
864	85	2	0
880	85	3	0
889	85	3	0
890	85	1	0
896	85	3	0
916	85	2	0
919	85	2	0
1	102	2	0
5	102	3	0
23	102	3	0
42	102	5	0
43	102	4	0
44	102	2	0
49	102	2	0
59	102	2	0
92	102	2	0
94	102	3	0
95	102	4	0
102	102	3	0
222	102	2	0
234	102	2	0
254	102	3	0
275	102	3	0
280	102	5	0
290	102	3	0
295	102	4	0
297	102	1	0
313	102	3	0
330	102	4	0
363	102	4	0
373	102	5	0
381	102	2	0
387	102	3	0
399	102	3	0
405	102	1	0
417	102	3	0
436	102	4	0
450	102	4	0
452	102	2	0
471	102	5	0
504	102	3	0
505	102	1	0
537	102	1	0
541	102	4	0
543	102	4	0
577	102	4	0
642	102	5	0
712	102	4	0
716	102	2	0
786	102	4	0
805	102	4	0
807	102	4	0
815	102	3	0
823	102	4	0
826	102	4	0
843	102	2	0
846	102	2	0
864	102	4	0
890	102	3	0
892	102	3	0
911	102	3	0
1	106	4	0
7	106	4	0
21	106	2	0
44	106	2	0
54	106	3	0
59	106	4	0
63	106	2	0
72	106	4	0
83	106	4	0
92	106	3	0
141	106	5	0
144	106	3	0
145	106	4	0
178	106	2	0
181	106	2	0
186	106	2	0
213	106	4	0
222	106	2	0
227	106	3	0
234	106	4	0
256	106	4	0
269	106	1	0
291	106	4	0
303	106	2	0
314	106	2	0
332	106	4	0
337	106	2	0
344	106	2	0
347	106	2	0
349	106	1	0
374	106	3	0
378	106	2	0
396	106	4	0
403	106	2	0
416	106	3	0
417	106	2	0
449	106	3	0
486	106	1	0
504	106	3	0
518	106	5	0
525	106	2	0
593	106	2	0
622	106	2	0
634	106	3	0
636	106	4	0
660	106	2	0
666	106	2	0
690	106	3	0
699	106	3	0
707	106	3	0
715	106	2	0
717	106	4	0
735	106	3	0
764	106	2	0
793	106	3	0
796	106	2	0
805	106	5	0
821	106	2	0
825	106	4	0
833	106	2	0
839	106	2	0
854	106	3	0
864	106	3	0
872	106	3	0
881	106	4	0
903	106	2	0
916	106	3	0
930	106	4	0
936	106	3	0
938	106	5	0
939	106	3	0
1	108	5	0
45	108	4	0
49	108	2	0
63	108	2	0
75	108	4	0
85	108	2	0
92	108	2	0
181	108	1	0
192	108	4	0
196	108	4	0
198	108	3	0
216	108	4	0
221	108	3	0
249	108	3	0
259	108	4	0
267	108	4	0
268	108	3	0
269	108	5	0
276	108	3	0
279	108	4	0
287	108	4	0
297	108	4	0
327	108	3	0
336	108	3	0
342	108	4	0
365	108	2	0
393	108	2	0
397	108	4	0
432	108	3	0
435	108	1	0
459	108	1	0
467	108	4	0
479	108	4	0
486	108	4	0
497	108	3	0
501	108	4	0
521	108	3	0
560	108	1	0
566	108	2	0
584	108	3	0
595	108	2	0
606	108	1	0
621	108	3	0
624	108	3	0
663	108	2	0
666	108	3	0
682	108	3	0
715	108	4	0
716	108	2	0
727	108	3	0
747	108	4	0
758	108	5	0
790	108	3	0
795	108	3	0
804	108	3	0
805	108	3	0
833	108	2	0
847	108	2	0
848	108	5	0
864	108	3	0
865	108	1	0
881	108	3	0
886	108	5	0
896	108	3	0
936	108	4	0
1	109	5	0
5	109	5	0
11	109	3	0
13	109	4	0
16	109	4	0
22	109	4	0
23	109	3	0
24	109	3	0
26	109	3	0
44	109	3	0
45	109	5	0
57	109	4	0
58	109	4	0
59	109	4	0
63	109	4	0
69	109	3	0
70	109	3	0
82	109	1	0
92	109	3	0
94	109	4	0
101	109	2	0
117	109	4	0
119	109	5	0
125	109	3	0
130	109	3	0
145	109	4	0
160	109	2	0
181	109	1	0
195	109	3	0
221	109	2	0
222	109	3	0
226	109	4	0
244	109	4	0
246	109	5	0
251	109	4	0
276	109	4	0
279	109	5	0
283	109	4	0
289	109	3	0
290	109	3	0
294	109	4	0
295	109	4	0
297	109	4	0
301	109	5	0
303	109	4	0
307	109	5	0
308	109	3	0
325	109	2	0
354	109	3	0
365	109	2	0
380	109	2	0
387	109	4	0
389	109	3	0
393	109	3	0
394	109	4	0
397	109	4	0
417	109	2	0
422	109	2	0
429	109	3	0
432	109	2	0
435	109	4	0
456	109	3	0
465	109	3	0
467	109	5	0
472	109	4	0
483	109	5	0
486	109	3	0
490	109	5	0
493	109	4	0
495	109	5	0
496	109	3	0
497	109	4	0
498	109	3	0
508	109	3	0
514	109	3	0
521	109	5	0
528	109	4	0
533	109	2	0
534	109	4	0
537	109	1	0
540	109	4	0
542	109	4	0
546	109	5	0
560	109	3	0
561	109	1	0
567	109	2	0
584	109	4	0
592	109	4	0
595	109	2	0
601	109	4	0
618	109	2	0
621	109	4	0
622	109	5	0
634	109	4	0
648	109	5	0
650	109	3	0
654	109	3	0
657	109	1	0
665	109	4	0
672	109	4	0
677	109	1	0
679	109	3	0
682	109	3	0
689	109	5	0
699	109	3	0
727	109	2	0
730	109	4	0
738	109	4	0
742	109	1	0
747	109	5	0
758	109	3	0
773	109	4	0
776	109	4	0
779	109	3	0
790	109	3	0
793	109	4	0
794	109	4	0
795	109	3	0
844	109	2	0
847	109	5	0
848	109	4	0
851	109	4	0
852	109	3	0
864	109	5	0
868	109	3	0
880	109	4	0
887	109	5	0
894	109	1	0
916	109	3	0
932	109	2	0
1	139	3	0
5	139	3	0
7	139	3	0
38	139	2	0
70	139	3	0
83	139	3	0
95	139	4	0
174	139	3	0
200	139	3	0
268	139	2	0
269	139	1	0
276	139	4	0
279	139	3	0
286	139	3	0
290	139	2	0
293	139	3	0
303	139	3	0
308	139	3	0
313	139	3	0
339	139	3	0
373	139	3	0
380	139	1	0
381	139	3	0
393	139	4	0
399	139	3	0
405	139	3	0
417	139	3	0
435	139	2	0
437	139	3	0
450	139	5	0
495	139	2	0
497	139	3	0
504	139	3	0
532	139	5	0
536	139	4	0
541	139	3	0
545	139	3	0
642	139	1	0
653	139	2	0
660	139	2	0
749	139	4	0
758	139	4	0
790	139	2	0
804	139	3	0
807	139	2	0
846	139	2	0
868	139	1	0
881	139	3	0
896	139	2	0
943	139	1	0
1	142	2	0
7	142	3	0
18	142	4	0
42	142	4	0
59	142	1	0
70	142	3	0
94	142	3	0
95	142	4	0
222	142	2	0
230	142	4	0
234	142	2	0
254	142	3	0
269	142	1	0
275	142	2	0
276	142	3	0
280	142	4	0
286	142	4	0
295	142	4	0
301	142	3	0
313	142	3	0
318	142	4	0
334	142	3	0
373	142	3	0
381	142	3	0
389	142	3	0
393	142	4	0
405	142	1	0
416	142	4	0
417	142	3	0
450	142	5	0
496	142	2	0
504	142	3	0
541	142	5	0
545	142	3	0
588	142	5	0
621	142	3	0
622	142	3	0
642	142	4	0
653	142	2	0
705	142	2	0
710	142	3	0
712	142	4	0
716	142	3	0
749	142	4	0
751	142	4	0
798	142	3	0
805	142	4	0
807	142	3	0
843	142	2	0
846	142	3	0
847	142	3	0
868	142	1	0
885	142	2	0
887	142	1	0
890	142	3	0
901	142	4	0
911	142	4	0
1	167	2	0
5	167	2	0
13	167	4	0
22	167	3	0
56	167	3	0
62	167	2	0
87	167	4	0
92	167	3	0
102	167	2	0
152	167	5	0
174	167	3	0
194	167	2	0
210	167	4	0
222	167	3	0
244	167	3	0
254	167	3	0
269	167	1	0
279	167	3	0
280	167	4	0
286	167	5	0
290	167	2	0
293	167	3	0
299	167	3	0
303	167	3	0
313	167	3	0
318	167	4	0
328	167	3	0
339	167	4	0
346	167	2	0
378	167	4	0
389	167	3	0
398	167	3	0
417	167	3	0
429	167	3	0
435	167	3	0
436	167	3	0
450	167	5	0
495	167	4	0
497	167	2	0
504	167	3	0
523	167	4	0
536	167	3	0
545	167	3	0
559	167	3	0
563	167	4	0
648	167	4	0
653	167	2	0
655	167	4	0
659	167	3	0
660	167	2	0
682	167	2	0
690	167	2	0
707	167	2	0
711	167	2	0
727	167	2	0
749	167	2	0
788	167	3	0
795	167	3	0
804	167	3	0
805	167	3	0
815	167	2	0
864	167	4	0
868	167	1	0
885	167	3	0
890	167	2	0
932	167	4	0
933	167	2	0
1	225	2	0
5	225	2	0
13	225	2	0
15	225	3	0
38	225	5	0
43	225	2	0
45	225	4	0
49	225	2	0
56	225	2	0
57	225	3	0
60	225	3	0
62	225	3	0
63	225	2	0
70	225	3	0
75	225	2	0
82	225	3	0
83	225	3	0
84	225	4	0
92	225	3	0
94	225	3	0
101	225	3	0
141	225	3	0
159	225	4	0
161	225	1	0
167	225	3	0
168	225	5	0
181	225	3	0
183	225	1	0
186	225	4	0
189	225	4	0
194	225	3	0
200	225	4	0
222	225	1	0
223	225	3	0
236	225	3	0
243	225	3	0
254	225	3	0
256	225	4	0
276	225	3	0
280	225	4	0
313	225	4	0
330	225	4	0
332	225	3	0
334	225	3	0
348	225	3	0
373	225	4	0
374	225	3	0
378	225	3	0
381	225	3	0
399	225	3	0
401	225	1	0
416	225	1	0
429	225	2	0
434	225	4	0
435	225	3	0
450	225	4	0
457	225	4	0
459	225	3	0
463	225	3	0
471	225	5	0
495	225	4	0
497	225	3	0
504	225	4	0
541	225	4	0
549	225	3	0
552	225	3	0
569	225	3	0
577	225	4	0
588	225	5	0
597	225	4	0
601	225	1	0
606	225	1	0
620	225	3	0
634	225	3	0
637	225	3	0
642	225	4	0
648	225	1	0
653	225	1	0
672	225	2	0
684	225	3	0
697	225	3	0
699	225	3	0
705	225	4	0
708	225	2	0
716	225	3	0
738	225	3	0
756	225	1	0
779	225	4	0
798	225	4	0
805	225	1	0
830	225	3	0
835	225	2	0
837	225	3	0
843	225	2	0
847	225	1	0
854	225	1	0
864	225	3	0
868	225	1	0
878	225	3	0
881	225	2	0
882	225	5	0
885	225	3	0
887	225	4	0
896	225	1	0
907	225	5	0
932	225	2	0
934	225	2	0
937	225	2	0
938	225	4	0
1	266	1	0
7	266	4	0
35	266	3	0
48	266	3	0
100	266	2	0
126	266	5	0
137	266	5	0
145	266	3	0
181	266	1	0
230	266	4	0
302	266	2	0
388	266	5	0
409	266	1	0
416	266	3	0
451	266	2	0
479	266	3	0
489	266	5	0
502	266	3	0
509	266	1	0
519	266	5	0
532	266	4	0
545	266	2	0
587	266	1	0
592	266	1	0
626	266	1	0
660	266	2	0
721	266	3	0
724	266	1	0
782	266	1	0
802	266	3	0
813	266	2	0
831	266	3	0
851	266	3	0
928	266	5	0
939	266	2	0
2	290	3	0
11	290	3	0
13	290	4	0
22	290	5	0
32	290	3	0
42	290	3	0
43	290	4	0
49	290	2	0
59	290	3	0
62	290	3	0
75	290	4	0
79	290	3	0
95	290	3	0
99	290	4	0
104	290	4	0
108	290	4	0
125	290	4	0
130	290	3	0
141	290	1	0
151	290	1	0
157	290	4	0
158	290	4	0
167	290	3	0
181	290	2	0
207	290	2	0
210	290	4	0
234	290	3	0
244	290	3	0
248	290	3	0
249	290	2	0
252	290	3	0
268	290	3	0
276	290	4	0
279	290	4	0
286	290	3	0
291	290	4	0
293	290	2	0
295	290	4	0
303	290	4	0
334	290	3	0
336	290	3	0
344	290	2	0
347	290	3	0
363	290	3	0
373	290	5	0
382	290	4	0
385	290	3	0
393	290	3	0
407	290	3	0
417	290	4	0
429	290	3	0
435	290	3	0
439	290	4	0
447	290	4	0
450	290	4	0
452	290	2	0
483	290	3	0
521	290	3	0
524	290	2	0
534	290	4	0
537	290	2	0
595	290	4	0
601	290	3	0
634	290	3	0
648	290	3	0
650	290	2	0
653	290	3	0
660	290	4	0
669	290	2	0
677	290	1	0
679	290	2	0
682	290	1	0
717	290	3	0
733	290	4	0
741	290	3	0
747	290	3	0
758	290	5	0
804	290	4	0
825	290	4	0
847	290	4	0
851	290	4	0
852	290	4	0
854	290	1	0
864	290	3	0
872	290	2	0
882	290	4	0
885	290	1	0
889	290	2	0
893	290	3	0
894	290	2	0
897	290	4	0
907	290	4	0
916	290	3	0
922	290	4	0
931	290	2	0
938	290	3	0
2	299	4	0
3	299	3	0
13	299	3	0
21	299	1	0
31	299	4	0
34	299	5	0
49	299	2	0
104	299	3	0
113	299	5	0
116	299	3	0
119	299	4	0
130	299	3	0
145	299	4	0
159	299	3	0
164	299	4	0
170	299	3	0
173	299	4	0
177	299	4	0
181	299	1	0
186	299	3	0
294	299	3	0
301	299	3	0
302	299	2	0
317	299	4	0
328	299	2	0
341	299	5	0
372	299	4	0
422	299	1	0
423	299	3	0
435	299	4	0
446	299	2	0
450	299	2	0
451	299	1	0
464	299	4	0
486	299	1	0
488	299	3	0
489	299	2	0
510	299	3	0
511	299	2	0
519	299	5	0
537	299	2	0
557	299	4	0
567	299	4	0
592	299	1	0
611	299	1	0
616	299	3	0
621	299	1	0
663	299	2	0
682	299	4	0
683	299	3	0
685	299	2	0
686	299	5	0
708	299	1	0
710	299	3	0
717	299	4	0
721	299	3	0
724	299	1	0
755	299	2	0
782	299	3	0
783	299	5	0
784	299	3	0
791	299	2	0
801	299	2	0
802	299	4	0
809	299	4	0
851	299	4	0
853	299	4	0
863	299	2	0
880	299	4	0
894	299	3	0
896	299	1	0
920	299	2	0
925	299	3	0
2	308	3	0
6	308	3	0
13	308	3	0
15	308	5	0
48	308	5	0
88	308	4	0
133	308	4	0
145	308	2	0
149	308	2	0
169	308	3	0
181	308	1	0
206	308	2	0
281	308	1	0
354	308	4	0
360	308	4	0
405	308	1	0
451	308	1	0
466	308	1	0
489	308	4	0
587	308	3	0
598	308	4	0
644	308	4	0
683	308	3	0
699	308	4	0
724	308	1	0
743	308	2	0
782	308	4	0
787	308	3	0
811	308	4	0
845	308	4	0
2	309	1	0
6	309	2	0
7	309	3	0
48	309	3	0
161	309	2	0
206	309	2	0
223	309	4	0
249	309	3	0
286	309	5	0
296	309	1	0
302	309	2	0
308	309	1	0
313	309	4	0
360	309	2	0
365	309	1	0
443	309	5	0
509	309	2	0
529	309	3	0
629	309	3	0
650	309	3	0
651	309	1	0
688	309	5	0
699	309	3	0
707	309	2	0
797	309	3	0
816	309	5	0
826	309	4	0
898	309	5	0
3	319	2	0
10	319	3	0
13	319	4	0
14	319	1	0
18	319	4	0
19	319	4	0
21	319	2	0
30	319	4	0
31	319	4	0
36	319	2	0
39	319	4	0
50	319	5	0
79	319	4	0
83	319	1	0
85	319	4	0
86	319	3	0
88	319	3	0
102	319	4	0
108	319	5	0
113	319	2	0
123	319	4	0
126	319	2	0
128	319	5	0
140	319	4	0
144	319	3	0
146	319	4	0
147	319	4	0
149	319	2	0
150	319	4	0
152	319	2	0
155	319	3	0
159	319	1	0
173	319	4	0
176	319	3	0
178	319	1	0
181	319	3	0
201	319	2	0
207	319	3	0
214	319	3	0
220	319	4	0
227	319	4	0
234	319	3	0
235	319	4	0
256	319	2	0
260	319	2	0
266	319	2	0
270	319	5	0
273	319	4	0
274	319	5	0
279	319	4	0
282	319	4	0
284	319	3	0
285	319	3	0
299	319	3	0
303	319	5	0
306	319	4	0
308	319	4	0
309	319	4	0
323	319	2	0
325	319	3	0
334	319	3	0
342	319	4	0
344	319	1	0
354	319	3	0
355	319	5	0
361	319	5	0
364	319	3	0
365	319	4	0
378	319	3	0
383	319	2	0
387	319	1	0
390	319	5	0
392	319	5	0
408	319	5	0
416	319	5	0
420	319	4	0
425	319	1	0
427	319	3	0
429	319	3	0
437	319	5	0
440	319	2	0
448	319	5	0
451	319	2	0
458	319	4	0
461	319	3	0
463	319	1	0
465	319	3	0
470	319	3	0
473	319	3	0
476	319	1	0
480	319	3	0
485	319	3	0
486	319	3	0
489	319	3	0
491	319	1	0
500	319	4	0
503	319	3	0
507	319	3	0
509	319	2	0
524	319	4	0
529	319	4	0
530	319	3	0
533	319	3	0
535	319	5	0
537	319	4	0
539	319	5	0
542	319	3	0
547	319	4	0
555	319	5	0
556	319	3	0
560	319	4	0
561	319	2	0
568	319	2	0
572	319	4	0
574	319	5	0
576	319	3	0
587	319	3	0
592	319	4	0
594	319	3	0
599	319	2	0
608	319	4	0
609	319	1	0
615	319	4	0
624	319	3	0
629	319	4	0
645	319	3	0
646	319	3	0
655	319	3	0
659	319	3	0
662	319	3	0
663	319	1	0
664	319	4	0
665	319	4	0
666	319	4	0
685	319	2	0
687	319	4	0
695	319	5	0
699	319	3	0
707	319	5	0
708	319	5	0
720	319	3	0
721	319	3	0
728	319	3	0
735	319	4	0
740	319	3	0
748	319	3	0
755	319	3	0
758	319	4	0
787	319	3	0
791	319	2	0
795	319	4	0
799	319	4	0
805	319	2	0
809	319	3	0
819	319	4	0
824	319	2	0
829	319	4	0
839	319	1	0
861	319	5	0
863	319	2	0
866	319	4	0
883	319	3	0
894	319	4	0
898	319	5	0
905	319	2	0
919	319	3	0
936	319	4	0
940	319	2	0
3	324	2	0
4	324	5	0
7	324	1	0
11	324	1	0
21	324	4	0
24	324	5	0
34	324	5	0
47	324	3	0
49	324	4	0
50	324	5	0
74	324	3	0
76	324	4	0
104	324	1	0
105	324	4	0
113	324	2	0
116	324	2	0
118	324	4	0
135	324	3	0
150	324	4	0
154	324	2	0
155	324	2	0
173	324	5	0
176	324	5	0
177	324	4	0
181	324	1	0
199	324	1	0
201	324	5	0
214	324	5	0
227	324	4	0
244	324	4	0
248	324	4	0
250	324	2	0
255	324	5	0
257	324	5	0
267	324	3	0
268	324	4	0
270	324	2	0
276	324	4	0
280	324	5	0
284	324	3	0
291	324	1	0
292	324	3	0
294	324	4	0
303	324	3	0
309	324	3	0
315	324	3	0
327	324	3	0
334	324	4	0
335	324	1	0
342	324	1	0
343	324	5	0
347	324	1	0
350	324	4	0
355	324	4	0
358	324	4	0
367	324	5	0
387	324	4	0
392	324	1	0
397	324	2	0
408	324	5	0
414	324	4	0
417	324	1	0
422	324	5	0
425	324	3	0
440	324	5	0
445	324	1	0
451	324	4	0
456	324	4	0
466	324	1	0
479	324	1	0
486	324	4	0
489	324	3	0
501	324	4	0
506	324	1	0
510	324	1	0
519	324	1	0
521	324	2	0
527	324	3	0
529	324	2	0
543	324	3	0
551	324	3	0
556	324	4	0
570	324	2	0
576	324	2	0
578	324	1	0
589	324	1	0
592	324	4	0
595	324	3	0
601	324	4	0
611	324	3	0
626	324	4	0
629	324	2	0
655	324	3	0
663	324	2	0
669	324	3	0
685	324	3	0
687	324	2	0
695	324	2	0
697	324	5	0
699	324	4	0
717	324	3	0
721	324	3	0
732	324	2	0
733	324	4	0
736	324	3	0
758	324	5	0
773	324	3	0
781	324	4	0
782	324	2	0
787	324	2	0
806	324	2	0
817	324	2	0
820	324	3	0
833	324	3	0
836	324	4	0
842	324	4	0
854	324	3	0
863	324	5	0
871	324	3	0
890	324	4	0
894	324	3	0
898	324	4	0
903	324	4	0
925	324	4	0
936	324	5	0
3	330	2	0
21	330	4	0
104	330	1	0
130	330	4	0
141	330	1	0
181	330	1	0
186	330	4	0
286	330	5	0
303	330	3	0
341	330	5	0
416	330	3	0
445	330	2	0
451	330	3	0
458	330	3	0
462	330	3	0
485	330	3	0
489	330	4	0
504	330	4	0
510	330	2	0
519	330	5	0
532	330	4	0
537	330	2	0
587	330	3	0
592	330	3	0
595	330	4	0
626	330	3	0
628	330	5	0
644	330	4	0
655	330	2	0
663	330	4	0
698	330	4	0
710	330	3	0
721	330	3	0
750	330	2	0
782	330	4	0
783	330	1	0
802	330	2	0
851	330	3	0
853	330	1	0
863	330	2	0
894	330	3	0
3	335	1	0
130	335	3	0
141	335	1	0
181	335	1	0
221	335	4	0
241	335	3	0
255	335	4	0
270	335	3	0
341	335	4	0
369	335	2	0
451	335	4	0
479	335	3	0
517	335	3	0
519	335	5	0
532	335	3	0
710	335	1	0
721	335	3	0
782	335	2	0
783	335	3	0
813	335	2	0
871	335	3	0
3	342	4	0
13	342	4	0
61	342	2	0
99	342	1	0
100	342	3	0
104	342	3	0
130	342	3	0
145	342	4	0
146	342	1	0
164	342	2	0
178	342	4	0
261	342	3	0
279	342	4	0
281	342	1	0
294	342	3	0
332	342	4	0
335	342	2	0
365	342	2	0
393	342	5	0
395	342	4	0
401	342	1	0
404	342	3	0
441	342	4	0
442	342	2	0
489	342	3	0
501	342	4	0
502	342	4	0
506	342	3	0
514	342	1	0
515	342	3	0
526	342	2	0
587	342	1	0
592	342	2	0
611	342	3	0
624	342	3	0
640	342	5	0
713	342	3	0
724	342	3	0
758	342	4	0
782	342	2	0
787	342	2	0
796	342	5	0
810	342	5	0
813	342	1	0
816	342	4	0
834	342	2	0
851	342	2	0
863	342	1	0
871	342	4	0
873	342	4	0
880	342	3	0
883	342	4	0
3	349	3	0
13	349	1	0
100	349	3	0
116	349	2	0
119	349	3	0
209	349	2	0
224	349	4	0
229	349	4	0
240	349	1	0
328	349	2	0
393	349	3	0
466	349	2	0
487	349	3	0
489	349	4	0
519	349	5	0
537	349	1	0
546	349	4	0
587	349	3	0
598	349	4	0
616	349	4	0
646	349	2	0
660	349	3	0
688	349	5	0
724	349	2	0
782	349	3	0
816	349	4	0
842	349	3	0
851	349	3	0
863	349	1	0
864	349	4	0
883	349	2	0
3	351	3	0
13	351	1	0
74	351	3	0
91	351	4	0
209	351	2	0
317	351	3	0
363	351	2	0
405	351	1	0
435	351	2	0
489	351	5	0
519	351	5	0
551	351	3	0
587	351	2	0
663	351	2	0
677	351	2	0
682	351	4	0
724	351	1	0
752	351	3	0
782	351	3	0
787	351	3	0
3	355	3	0
13	355	3	0
94	355	2	0
100	355	4	0
116	355	2	0
130	355	4	0
133	355	2	0
145	355	3	0
276	355	3	0
294	355	4	0
317	355	4	0
335	355	3	0
384	355	4	0
393	355	3	0
423	355	3	0
425	355	3	0
472	355	3	0
489	355	5	0
511	355	2	0
551	355	4	0
578	355	1	0
587	355	3	0
611	355	1	0
616	355	4	0
650	355	2	0
668	355	2	0
669	355	2	0
726	355	3	0
752	355	2	0
758	355	4	0
776	355	3	0
782	355	3	0
801	355	3	0
816	355	2	0
828	355	2	0
851	355	4	0
863	355	4	0
883	355	5	0
894	355	3	0
931	355	2	0
940	355	1	0
4	362	5	0
13	362	4	0
142	362	3	0
179	362	1	0
193	362	3	0
197	362	4	0
206	362	1	0
260	362	5	0
393	362	3	0
418	362	1	0
425	362	3	0
463	362	1	0
472	362	5	0
515	362	4	0
561	362	2	0
588	362	3	0
616	362	3	0
660	362	2	0
682	362	2	0
708	362	1	0
713	362	1	0
729	362	4	0
758	362	5	0
787	362	3	0
842	362	3	0
863	362	1	0
931	362	3	0
942	362	3	0
5	363	3	0
13	363	3	0
37	363	3	0
92	363	3	0
99	363	4	0
102	363	2	0
130	363	3	0
145	363	4	0
178	363	3	0
181	363	1	0
190	363	2	0
200	363	3	0
217	363	1	0
222	363	2	0
256	363	3	0
268	363	1	0
279	363	5	0
289	363	3	0
294	363	1	0
301	363	4	0
303	363	1	0
346	363	3	0
347	363	1	0
374	363	3	0
393	363	3	0
425	363	1	0
497	363	2	0
506	363	3	0
551	363	4	0
619	363	2	0
622	363	4	0
637	363	2	0
650	363	2	0
655	363	3	0
663	363	2	0
682	363	2	0
705	363	2	0
709	363	3	0
727	363	3	0
788	363	2	0
792	363	3	0
804	363	4	0
817	363	3	0
825	363	4	0
851	363	4	0
872	363	4	0
880	363	4	0
5	364	1	0
83	364	1	0
92	364	3	0
110	364	3	0
125	364	3	0
152	364	4	0
159	364	1	0
167	364	3	0
174	364	1	0
216	364	2	0
222	364	1	0
267	364	2	0
268	364	3	0
276	364	3	0
279	364	4	0
280	364	3	0
291	364	3	0
303	364	2	0
393	364	2	0
394	364	3	0
399	364	4	0
405	364	1	0
416	364	2	0
417	364	3	0
453	364	3	0
497	364	3	0
504	364	2	0
532	364	3	0
621	364	3	0
622	364	1	0
642	364	5	0
648	364	5	0
690	364	3	0
758	364	4	0
773	364	4	0
790	364	2	0
886	364	3	0
5	370	1	0
11	370	3	0
13	370	1	0
21	370	1	0
27	370	4	0
79	370	2	0
92	370	1	0
101	370	2	0
164	370	5	0
181	370	2	0
201	370	1	0
226	370	3	0
236	370	3	0
256	370	3	0
268	370	2	0
270	370	5	0
328	370	3	0
330	370	4	0
332	370	2	0
348	370	4	0
349	370	2	0
363	370	3	0
378	370	2	0
403	370	3	0
422	370	2	0
457	370	3	0
472	370	4	0
500	370	3	0
504	370	3	0
518	370	4	0
534	370	4	0
548	370	3	0
588	370	5	0
654	370	2	0
666	370	2	0
699	370	3	0
788	370	2	0
825	370	3	0
938	370	5	0
5	373	3	0
56	373	4	0
102	373	2	0
109	373	5	0
130	373	4	0
158	373	2	0
195	373	3	0
197	373	1	0
200	373	4	0
217	373	2	0
222	373	3	0
276	373	2	0
279	373	4	0
301	373	4	0
303	373	2	0
393	373	4	0
405	373	2	0
417	373	3	0
450	373	3	0
457	373	2	0
472	373	4	0
497	373	4	0
532	373	3	0
545	373	3	0
600	373	3	0
622	373	1	0
640	373	3	0
648	373	3	0
650	373	1	0
705	373	3	0
758	373	4	0
774	373	2	0
790	373	3	0
804	373	2	0
807	373	4	0
826	373	3	0
846	373	3	0
864	373	2	0
943	373	3	0
5	376	2	0
22	376	3	0
56	376	3	0
92	376	3	0
110	376	2	0
125	376	3	0
194	376	2	0
291	376	3	0
303	376	2	0
318	376	3	0
330	376	4	0
393	376	4	0
405	376	5	0
435	376	2	0
541	376	3	0
642	376	3	0
684	376	3	0
690	376	3	0
712	376	3	0
715	376	2	0
786	376	3	0
790	376	2	0
846	376	2	0
880	376	3	0
5	379	3	0
7	379	4	0
13	379	1	0
21	379	3	0
130	379	4	0
135	379	2	0
145	379	3	0
201	379	3	0
222	379	1	0
254	379	1	0
268	379	1	0
270	379	5	0
276	379	3	0
279	379	3	0
280	379	5	0
286	379	5	0
291	379	3	0
303	379	4	0
314	379	3	0
367	379	4	0
368	379	4	0
399	379	3	0
405	379	1	0
422	379	2	0
425	379	2	0
495	379	5	0
545	379	4	0
546	379	4	0
561	379	2	0
586	379	4	0
620	379	4	0
648	379	1	0
671	379	3	0
682	379	4	0
709	379	3	0
727	379	2	0
802	379	4	0
804	379	3	0
833	379	2	0
843	379	2	0
880	379	4	0
896	379	2	0
932	379	2	0
5	384	3	0
7	384	3	0
13	384	2	0
22	384	3	0
38	384	5	0
64	384	2	0
87	384	4	0
102	384	2	0
110	384	2	0
125	384	3	0
174	384	1	0
195	384	2	0
221	384	3	0
246	384	2	0
254	384	1	0
267	384	3	0
268	384	3	0
271	384	3	0
276	384	3	0
279	384	4	0
280	384	4	0
291	384	4	0
299	384	3	0
301	384	5	0
303	384	3	0
318	384	3	0
330	384	2	0
363	384	1	0
385	384	1	0
389	384	2	0
393	384	3	0
399	384	2	0
405	384	3	0
417	384	4	0
435	384	3	0
450	384	3	0
452	384	2	0
453	384	2	0
472	384	3	0
476	384	4	0
497	384	2	0
504	384	2	0
514	384	3	0
523	384	3	0
542	384	3	0
545	384	3	0
551	384	1	0
566	384	3	0
588	384	1	0
621	384	3	0
642	384	5	0
648	384	4	0
682	384	2	0
690	384	3	0
727	384	2	0
758	384	5	0
773	384	2	0
790	384	2	0
798	384	2	0
807	384	4	0
833	384	3	0
870	384	3	0
880	384	3	0
883	384	3	0
886	384	3	0
896	384	2	0
922	384	4	0
933	384	1	0
934	384	4	0
5	391	4	0
7	391	3	0
13	391	3	0
56	391	3	0
83	391	2	0
94	391	3	0
95	391	2	0
102	391	2	0
109	391	2	0
200	391	4	0
217	391	4	0
221	391	3	0
222	391	3	0
267	391	3	0
268	391	3	0
276	391	2	0
279	391	5	0
291	391	1	0
303	391	1	0
313	391	3	0
326	391	4	0
346	391	2	0
363	391	2	0
379	391	4	0
393	391	3	0
394	391	4	0
405	391	1	0
417	391	2	0
472	391	2	0
495	391	3	0
497	391	3	0
506	391	2	0
543	391	3	0
545	391	2	0
600	391	3	0
619	391	3	0
621	391	3	0
622	391	2	0
640	391	3	0
642	391	4	0
648	391	3	0
650	391	2	0
655	391	2	0
660	391	2	0
749	391	3	0
758	391	3	0
774	391	1	0
788	391	2	0
790	391	2	0
796	391	4	0
798	391	3	0
815	391	2	0
826	391	4	0
846	391	3	0
864	391	4	0
901	391	5	0
922	391	3	0
933	391	1	0
943	391	2	0
5	396	5	0
7	396	4	0
13	396	3	0
21	396	2	0
49	396	4	0
87	396	1	0
92	396	3	0
102	396	2	0
118	396	5	0
174	396	1	0
184	396	3	0
201	396	3	0
216	396	3	0
222	396	1	0
269	396	4	0
276	396	4	0
279	396	3	0
286	396	4	0
291	396	4	0
299	396	4	0
303	396	4	0
308	396	4	0
318	396	1	0
327	396	3	0
334	396	4	0
339	396	4	0
368	396	2	0
378	396	4	0
389	396	3	0
393	396	1	0
405	396	1	0
406	396	3	0
416	396	2	0
417	396	2	0
422	396	4	0
450	396	2	0
500	396	3	0
504	396	2	0
542	396	4	0
617	396	1	0
622	396	1	0
655	396	2	0
690	396	2	0
766	396	2	0
796	396	2	0
802	396	2	0
804	396	3	0
805	396	4	0
833	396	3	0
846	396	5	0
870	396	3	0
880	396	2	0
883	396	2	0
886	396	2	0
5	400	1	0
13	400	4	0
38	400	1	0
254	400	3	0
399	400	3	0
405	400	1	0
407	400	1	0
436	400	3	0
450	400	3	0
472	400	5	0
504	400	3	0
642	400	4	0
705	400	4	0
712	400	3	0
798	400	3	0
846	400	1	0
881	400	2	0
921	400	4	0
5	401	5	0
7	401	4	0
11	401	3	0
13	401	1	0
38	401	3	0
49	401	2	0
62	401	3	0
87	401	2	0
92	401	3	0
94	401	4	0
110	401	3	0
125	401	4	0
152	401	3	0
174	401	1	0
184	401	3	0
200	401	2	0
222	401	2	0
234	401	2	0
244	401	3	0
246	401	1	0
264	401	5	0
269	401	3	0
276	401	3	0
279	401	5	0
286	401	1	0
291	401	4	0
293	401	1	0
295	401	3	0
301	401	4	0
303	401	3	0
307	401	1	0
314	401	3	0
318	401	3	0
336	401	1	0
373	401	4	0
378	401	4	0
379	401	3	0
389	401	3	0
399	401	3	0
405	401	1	0
416	401	2	0
435	401	3	0
437	401	5	0
442	401	2	0
450	401	3	0
453	401	3	0
457	401	3	0
472	401	4	0
476	401	3	0
504	401	2	0
542	401	3	0
563	401	4	0
621	401	1	0
642	401	4	0
682	401	1	0
684	401	3	0
711	401	3	0
712	401	3	0
727	401	2	0
741	401	3	0
749	401	1	0
774	401	2	0
790	401	4	0
796	401	3	0
804	401	2	0
805	401	4	0
823	401	4	0
833	401	2	0
846	401	5	0
864	401	4	0
870	401	3	0
880	401	3	0
881	401	1	0
892	401	3	0
927	401	2	0
943	401	1	0
5	409	2	0
13	409	3	0
15	409	3	0
38	409	5	0
42	409	3	0
43	409	3	0
57	409	4	0
68	409	3	0
75	409	3	0
82	409	1	0
83	409	4	0
87	409	3	0
92	409	3	0
99	409	2	0
102	409	2	0
109	409	2	0
141	409	5	0
168	409	4	0
181	409	2	0
200	409	2	0
222	409	3	0
223	409	3	0
244	409	4	0
246	409	2	0
249	409	4	0
256	409	4	0
265	409	3	0
276	409	3	0
280	409	3	0
283	409	4	0
300	409	4	0
301	409	4	0
313	409	2	0
314	409	4	0
332	409	3	0
348	409	4	0
373	409	2	0
378	409	2	0
393	409	4	0
429	409	2	0
435	409	3	0
459	409	2	0
500	409	4	0
504	409	4	0
577	409	5	0
592	409	1	0
620	409	4	0
630	409	3	0
642	409	5	0
653	409	2	0
684	409	3	0
726	409	3	0
747	409	1	0
756	409	2	0
788	409	3	0
796	409	3	0
825	409	3	0
854	409	2	0
872	409	3	0
880	409	2	0
881	409	4	0
882	409	4	0
887	409	4	0
891	409	4	0
897	409	4	0
901	409	3	0
903	409	4	0
907	409	4	0
927	409	4	0
939	409	4	0
5	415	1	0
7	415	2	0
95	415	3	0
174	415	3	0
254	415	3	0
276	415	3	0
279	415	3	0
311	415	3	0
313	415	2	0
339	415	3	0
346	415	2	0
393	415	4	0
405	415	2	0
416	415	4	0
429	415	3	0
437	415	4	0
450	415	3	0
484	415	3	0
551	415	4	0
712	415	4	0
798	415	3	0
804	415	3	0
807	415	3	0
846	415	2	0
943	415	1	0
5	417	3	0
7	417	3	0
13	417	2	0
60	417	4	0
70	417	3	0
85	417	3	0
94	417	3	0
95	417	3	0
128	417	4	0
151	417	3	0
174	417	4	0
194	417	2	0
234	417	3	0
254	417	3	0
262	417	2	0
269	417	2	0
276	417	4	0
286	417	3	0
291	417	4	0
295	417	5	0
308	417	3	0
311	417	3	0
313	417	2	0
314	417	4	0
340	417	5	0
363	417	1	0
373	417	3	0
378	417	3	0
379	417	5	0
385	417	2	0
393	417	3	0
398	417	3	0
405	417	2	0
416	417	3	0
437	417	5	0
450	417	4	0
457	417	4	0
472	417	4	0
495	417	3	0
496	417	1	0
497	417	2	0
504	417	3	0
506	417	4	0
537	417	2	0
541	417	4	0
561	417	2	0
588	417	5	0
593	417	5	0
621	417	3	0
642	417	3	0
650	417	3	0
655	417	2	0
665	417	3	0
670	417	4	0
711	417	4	0
712	417	4	0
716	417	3	0
751	417	2	0
790	417	2	0
796	417	4	0
798	417	3	0
805	417	2	0
807	417	3	0
815	417	5	0
846	417	4	0
847	417	2	0
868	417	1	0
881	417	2	0
885	417	3	0
892	417	3	0
916	417	2	0
918	417	2	0
927	417	4	0
5	422	4	0
95	422	2	0
128	422	4	0
222	422	2	0
230	422	3	0
330	422	4	0
405	422	1	0
417	422	3	0
450	422	3	0
471	422	5	0
479	422	3	0
484	422	3	0
505	422	3	0
528	422	2	0
620	422	1	0
642	422	3	0
776	422	2	0
805	422	4	0
807	422	4	0
826	422	2	0
843	422	2	0
864	422	3	0
892	422	1	0
896	422	3	0
921	422	3	0
927	422	4	0
5	426	3	0
56	426	4	0
130	426	4	0
222	426	1	0
246	426	3	0
276	426	3	0
287	426	3	0
293	426	1	0
301	426	4	0
303	426	3	0
363	426	2	0
399	426	3	0
405	426	1	0
472	426	4	0
487	426	3	0
496	426	3	0
532	426	5	0
537	426	1	0
545	426	3	0
561	426	1	0
715	426	5	0
757	426	3	0
761	426	1	0
823	426	4	0
826	426	2	0
846	426	1	0
847	426	2	0
868	426	4	0
893	426	4	0
896	426	2	0
927	426	4	0
943	426	4	0
5	444	2	0
7	444	5	0
13	444	4	0
21	444	3	0
28	444	3	0
38	444	1	0
102	444	1	0
130	444	4	0
246	444	4	0
255	444	3	0
269	444	3	0
279	444	3	0
311	444	2	0
326	444	4	0
363	444	4	0
385	444	1	0
387	444	4	0
399	444	1	0
405	444	3	0
406	444	3	0
417	444	4	0
435	444	3	0
495	444	3	0
545	444	3	0
604	444	2	0
617	444	4	0
620	444	3	0
642	444	1	0
648	444	3	0
650	444	2	0
653	444	1	0
660	444	2	0
727	444	2	0
749	444	2	0
774	444	1	0
776	444	2	0
788	444	3	0
798	444	2	0
802	444	4	0
804	444	4	0
814	444	2	0
815	444	2	0
833	444	3	0
843	444	2	0
847	444	3	0
890	444	4	0
5	454	1	0
90	454	2	0
144	454	3	0
145	454	1	0
178	454	4	0
201	454	2	0
331	454	3	0
374	454	4	0
389	454	2	0
399	454	3	0
436	454	4	0
454	454	3	0
504	454	5	0
535	454	3	0
648	454	3	0
655	454	3	0
6	458	1	0
15	458	5	0
26	458	3	0
59	458	4	0
68	458	1	0
82	458	1	0
85	458	3	0
94	458	4	0
119	458	5	0
121	458	1	0
128	458	4	0
139	458	4	0
150	458	4	0
160	458	5	0
164	458	4	0
168	458	1	0
174	458	4	0
176	458	4	0
178	458	3	0
181	458	3	0
184	458	3	0
201	458	4	0
203	458	3	0
207	458	3	0
213	458	4	0
238	458	4	0
243	458	4	0
244	458	3	0
250	458	5	0
276	458	4	0
303	458	3	0
318	458	4	0
320	458	4	0
324	458	4	0
325	458	3	0
343	458	5	0
349	458	4	0
374	458	5	0
378	458	4	0
385	458	3	0
387	458	1	0
391	458	4	0
395	458	3	0
422	458	3	0
445	458	2	0
452	458	1	0
457	458	3	0
460	458	2	0
470	458	4	0
486	458	3	0
490	458	3	0
518	458	3	0
537	458	3	0
546	458	1	0
548	458	3	0
551	458	2	0
560	458	3	0
561	458	4	0
562	458	2	0
569	458	2	0
582	458	4	0
592	458	3	0
614	458	4	0
618	458	3	0
627	458	3	0
634	458	4	0
648	458	2	0
653	458	2	0
655	458	3	0
658	458	3	0
664	458	3	0
699	458	4	0
703	458	3	0
707	458	3	0
722	458	4	0
733	458	2	0
761	458	1	0
786	458	3	0
793	458	3	0
829	458	3	0
835	458	4	0
839	458	5	0
854	458	3	0
859	458	3	0
870	458	1	0
896	458	1	0
900	458	2	0
905	458	4	0
919	458	2	0
938	458	4	0
6	460	2	0
75	460	5	0
139	460	3	0
145	460	1	0
160	460	2	0
178	460	2	0
181	460	1	0
227	460	2	0
256	460	4	0
291	460	5	0
293	460	3	0
303	460	4	0
347	460	3	0
391	460	4	0
413	460	3	0
445	460	2	0
456	460	3	0
458	460	4	0
486	460	4	0
537	460	2	0
548	460	4	0
551	460	3	0
592	460	3	0
595	460	4	0
634	460	3	0
637	460	2	0
833	460	2	0
923	460	4	0
6	477	1	0
13	477	4	0
14	477	4	0
24	477	5	0
25	477	4	0
49	477	2	0
57	477	4	0
59	477	3	0
75	477	4	0
82	477	3	0
83	477	2	0
84	477	4	0
87	477	3	0
93	477	5	0
94	477	2	0
130	477	4	0
145	477	2	0
181	477	1	0
186	477	4	0
195	477	2	0
203	477	4	0
222	477	2	0
223	477	3	0
234	477	1	0
243	477	4	0
246	477	4	0
250	477	3	0
265	477	3	0
268	477	3	0
271	477	3	0
286	477	3	0
289	477	2	0
298	477	4	0
303	477	3	0
308	477	4	0
314	477	3	0
344	477	3	0
348	477	3	0
374	477	1	0
387	477	1	0
389	477	4	0
393	477	3	0
401	477	1	0
403	477	4	0
416	477	4	0
422	477	4	0
434	477	5	0
450	477	4	0
459	477	1	0
463	477	2	0
465	477	4	0
471	477	5	0
472	477	5	0
523	477	3	0
532	477	4	0
533	477	4	0
534	477	3	0
541	477	4	0
548	477	1	0
562	477	4	0
582	477	4	0
597	477	5	0
606	477	4	0
610	477	2	0
612	477	2	0
618	477	2	0
624	477	3	0
630	477	4	0
634	477	3	0
642	477	5	0
648	477	3	0
658	477	3	0
684	477	5	0
699	477	3	0
714	477	2	0
749	477	3	0
754	477	5	0
761	477	1	0
770	477	4	0
771	477	5	0
795	477	3	0
796	477	2	0
805	477	4	0
807	477	4	0
870	477	4	0
880	477	3	0
881	477	4	0
883	477	5	0
887	477	1	0
892	477	4	0
897	477	3	0
901	477	3	0
919	477	4	0
927	477	3	0
938	477	1	0
7	541	2	0
13	541	1	0
23	541	4	0
62	541	3	0
94	541	3	0
102	541	2	0
130	541	3	0
193	541	1	0
217	541	3	0
222	541	2	0
246	541	3	0
268	541	3	0
276	541	3	0
279	541	3	0
303	541	3	0
346	541	3	0
393	541	3	0
394	541	3	0
399	541	3	0
405	541	1	0
417	541	2	0
435	541	4	0
472	541	5	0
487	541	3	0
497	541	4	0
524	541	1	0
528	541	3	0
545	541	4	0
584	541	3	0
586	541	3	0
600	541	1	0
621	541	4	0
622	541	2	0
627	541	4	0
642	541	5	0
682	541	3	0
709	541	3	0
727	541	4	0
749	541	3	0
758	541	4	0
773	541	1	0
805	541	3	0
807	541	4	0
864	541	2	0
880	541	2	0
916	541	2	0
927	541	5	0
932	541	1	0
943	541	4	0
7	544	3	0
11	544	4	0
50	544	4	0
81	544	2	0
94	544	3	0
99	544	4	0
104	544	3	0
119	544	2	0
145	544	4	0
158	544	2	0
160	544	4	0
162	544	4	0
181	544	1	0
190	544	4	0
201	544	2	0
221	544	4	0
224	544	1	0
268	544	3	0
276	544	3	0
279	544	1	0
280	544	4	0
288	544	5	0
293	544	3	0
294	544	4	0
296	544	4	0
303	544	4	0
323	544	4	0
342	544	1	0
347	544	4	0
349	544	4	0
374	544	1	0
391	544	4	0
393	544	3	0
399	544	2	0
416	544	2	0
417	544	3	0
445	544	2	0
447	544	4	0
449	544	3	0
456	544	3	0
463	544	4	0
468	544	3	0
470	544	3	0
486	544	4	0
501	544	4	0
518	544	3	0
526	544	1	0
551	544	4	0
561	544	2	0
592	544	4	0
595	544	3	0
624	544	4	0
634	544	3	0
637	544	3	0
663	544	4	0
666	544	4	0
699	544	4	0
727	544	3	0
733	544	1	0
792	544	4	0
825	544	3	0
833	544	1	0
834	544	4	0
851	544	4	0
854	544	3	0
862	544	5	0
886	544	4	0
889	544	3	0
903	544	2	0
906	544	4	0
923	544	4	0
7	552	4	0
92	552	3	0
95	552	1	0
109	552	2	0
130	552	5	0
145	552	5	0
200	552	4	0
215	552	3	0
222	552	2	0
234	552	2	0
256	552	3	0
267	552	3	0
268	552	2	0
276	552	3	0
286	552	3	0
291	552	3	0
301	552	3	0
303	552	2	0
320	552	4	0
332	552	3	0
363	552	4	0
374	552	4	0
393	552	2	0
394	552	3	0
399	552	1	0
405	552	1	0
417	552	2	0
453	552	2	0
472	552	5	0
497	552	3	0
500	552	1	0
551	552	3	0
588	552	1	0
622	552	2	0
642	552	4	0
650	552	4	0
682	552	3	0
727	552	2	0
790	552	2	0
795	552	2	0
804	552	4	0
805	552	3	0
833	552	3	0
846	552	4	0
927	552	4	0
7	560	3	0
95	560	1	0
200	560	4	0
393	560	3	0
399	560	3	0
405	560	1	0
416	560	3	0
484	560	4	0
506	560	3	0
541	560	3	0
577	560	3	0
620	560	4	0
642	560	4	0
705	560	2	0
712	560	3	0
798	560	3	0
821	560	3	0
846	560	1	0
901	560	3	0
921	560	2	0
927	560	2	0
932	560	2	0
7	561	4	0
11	561	2	0
13	561	1	0
21	561	1	0
49	561	2	0
92	561	3	0
94	561	3	0
151	561	3	0
246	561	1	0
254	561	3	0
268	561	3	0
276	561	2	0
295	561	5	0
328	561	3	0
334	561	2	0
343	561	3	0
346	561	3	0
363	561	2	0
366	561	5	0
367	561	4	0
368	561	2	0
372	561	5	0
378	561	3	0
380	561	2	0
387	561	3	0
393	561	3	0
394	561	4	0
399	561	2	0
405	561	1	0
406	561	3	0
407	561	4	0
417	561	3	0
422	561	3	0
435	561	2	0
450	561	4	0
472	561	5	0
496	561	5	0
503	561	5	0
504	561	4	0
536	561	3	0
551	561	5	0
577	561	4	0
588	561	3	0
621	561	4	0
648	561	2	0
650	561	3	0
709	561	3	0
757	561	2	0
774	561	1	0
788	561	3	0
790	561	3	0
843	561	4	0
846	561	3	0
864	561	4	0
881	561	4	0
883	561	3	0
916	561	3	0
925	561	3	0
933	561	3	0
7	565	4	0
13	565	1	0
21	565	3	0
102	565	2	0
130	565	3	0
255	565	1	0
291	565	2	0
313	565	1	0
326	565	3	0
367	565	2	0
405	565	2	0
406	565	3	0
407	565	3	0
617	565	4	0
620	565	4	0
642	565	4	0
648	565	3	0
650	565	3	0
796	565	3	0
802	565	3	0
814	565	3	0
846	565	2	0
7	567	1	0
13	567	1	0
21	567	2	0
28	567	4	0
59	567	4	0
130	567	2	0
201	567	3	0
246	567	5	0
262	567	1	0
276	567	3	0
291	567	5	0
308	567	4	0
367	567	4	0
368	567	3	0
387	567	2	0
405	567	2	0
422	567	3	0
435	567	3	0
472	567	4	0
504	567	2	0
546	567	4	0
604	567	5	0
617	567	2	0
621	567	3	0
709	567	2	0
727	567	2	0
758	567	4	0
773	567	2	0
774	567	1	0
776	567	2	0
795	567	2	0
802	567	4	0
847	567	3	0
868	567	1	0
925	567	3	0
7	570	3	0
13	570	5	0
59	570	4	0
87	570	3	0
122	570	3	0
158	570	3	0
194	570	3	0
197	570	4	0
200	570	4	0
224	570	4	0
230	570	4	0
246	570	1	0
271	570	3	0
295	570	3	0
311	570	4	0
320	570	4	0
328	570	3	0
330	570	4	0
345	570	2	0
380	570	3	0
405	570	1	0
429	570	4	0
450	570	4	0
497	570	3	0
524	570	4	0
532	570	4	0
536	570	3	0
537	570	2	0
551	570	4	0
588	570	4	0
600	570	4	0
642	570	1	0
671	570	3	0
682	570	2	0
716	570	3	0
727	570	2	0
757	570	3	0
788	570	3	0
790	570	2	0
796	570	2	0
807	570	4	0
826	570	4	0
846	570	4	0
870	570	2	0
880	570	3	0
892	570	3	0
896	570	2	0
916	570	3	0
932	570	4	0
943	570	1	0
7	572	3	0
13	572	2	0
94	572	3	0
109	572	3	0
130	572	3	0
145	572	5	0
246	572	3	0
276	572	3	0
291	572	3	0
293	572	2	0
320	572	3	0
328	572	3	0
346	572	5	0
363	572	2	0
374	572	2	0
378	572	3	0
393	572	4	0
435	572	2	0
442	572	3	0
487	572	1	0
551	572	1	0
643	572	3	0
653	572	2	0
655	572	2	0
682	572	4	0
693	572	2	0
788	572	3	0
790	572	3	0
896	572	2	0
7	573	5	0
11	573	3	0
13	573	3	0
21	573	2	0
28	573	4	0
38	573	1	0
95	573	1	0
254	573	2	0
291	573	4	0
312	573	5	0
339	573	3	0
366	573	5	0
368	573	3	0
375	573	4	0
380	573	1	0
405	573	3	0
406	573	3	0
425	573	3	0
435	573	1	0
495	573	4	0
524	573	4	0
537	573	2	0
617	573	4	0
653	573	1	0
661	573	3	0
682	573	4	0
774	573	2	0
796	573	4	0
802	573	4	0
804	573	3	0
833	573	1	0
881	573	3	0
934	573	2	0
7	579	4	0
267	579	3	0
268	579	1	0
308	579	3	0
328	579	3	0
336	579	3	0
389	579	1	0
405	579	1	0
417	579	2	0
476	579	2	0
504	579	4	0
577	579	4	0
642	579	4	0
650	579	3	0
788	579	3	0
868	579	1	0
870	579	2	0
880	579	3	0
922	579	3	0
7	583	2	0
16	583	4	0
49	583	4	0
59	583	5	0
92	583	3	0
94	583	3	0
158	583	3	0
201	583	1	0
224	583	1	0
249	583	4	0
256	583	5	0
268	583	4	0
270	583	5	0
276	583	3	0
293	583	3	0
303	583	1	0
308	583	4	0
327	583	2	0
343	583	4	0
375	583	2	0
387	583	4	0
389	583	2	0
405	583	1	0
425	583	3	0
429	583	3	0
437	583	1	0
450	583	4	0
524	583	4	0
551	583	3	0
600	583	3	0
671	583	3	0
682	583	2	0
790	583	2	0
795	583	4	0
870	583	2	0
916	583	4	0
933	583	3	0
7	586	3	0
13	586	3	0
94	586	1	0
95	586	2	0
110	586	3	0
197	586	3	0
200	586	4	0
217	586	2	0
276	586	3	0
279	586	4	0
280	586	4	0
303	586	2	0
313	586	2	0
320	586	3	0
328	586	1	0
393	586	3	0
405	586	4	0
453	586	2	0
487	586	2	0
506	586	2	0
532	586	4	0
543	586	3	0
586	586	2	0
600	586	2	0
622	586	3	0
627	586	3	0
648	586	3	0
682	586	1	0
749	586	4	0
788	586	2	0
796	586	3	0
798	586	2	0
826	586	4	0
846	586	2	0
7	595	2	0
21	595	3	0
42	595	1	0
54	595	3	0
59	595	3	0
81	595	4	0
92	595	3	0
99	595	4	0
101	595	2	0
109	595	3	0
113	595	5	0
119	595	3	0
121	595	2	0
145	595	3	0
159	595	5	0
181	595	2	0
186	595	3	0
236	595	3	0
251	595	3	0
256	595	4	0
276	595	2	0
280	595	3	0
303	595	2	0
314	595	3	0
328	595	3	0
332	595	4	0
347	595	2	0
357	595	4	0
372	595	4	0
374	595	3	0
396	595	3	0
436	595	5	0
445	595	2	0
486	595	2	0
504	595	4	0
518	595	3	0
525	595	2	0
533	595	2	0
534	595	4	0
548	595	4	0
551	595	2	0
554	595	3	0
577	595	4	0
599	595	5	0
620	595	5	0
624	595	3	0
630	595	5	0
634	595	4	0
637	595	3	0
697	595	4	0
715	595	3	0
749	595	4	0
754	595	2	0
764	595	4	0
792	595	3	0
805	595	3	0
825	595	3	0
851	595	3	0
880	595	1	0
891	595	3	0
894	595	3	0
903	595	2	0
938	595	2	0
943	595	2	0
7	621	5	0
13	621	4	0
230	621	2	0
254	621	3	0
311	621	4	0
379	621	4	0
405	621	1	0
749	621	3	0
752	621	1	0
788	621	3	0
868	621	2	0
7	623	3	0
56	623	3	0
83	623	4	0
95	623	3	0
174	623	3	0
194	623	1	0
221	623	3	0
222	623	2	0
233	623	3	0
234	623	2	0
311	623	2	0
314	623	5	0
328	623	3	0
378	623	3	0
393	623	3	0
405	623	1	0
457	623	3	0
504	623	3	0
505	623	3	0
541	623	3	0
577	623	5	0
588	623	3	0
601	623	1	0
620	623	4	0
642	623	4	0
682	623	3	0
705	623	5	0
712	623	4	0
778	623	1	0
788	623	3	0
796	623	3	0
798	623	3	0
815	623	3	0
846	623	1	0
864	623	3	0
880	623	4	0
886	623	1	0
901	623	4	0
927	623	3	0
7	635	3	0
13	635	1	0
21	635	4	0
102	635	2	0
145	635	4	0
188	635	2	0
234	635	2	0
334	635	2	0
372	635	5	0
378	635	2	0
407	635	3	0
429	635	3	0
435	635	3	0
436	635	3	0
442	635	4	0
617	635	4	0
648	635	2	0
650	635	3	0
727	635	2	0
749	635	1	0
776	635	4	0
814	635	2	0
843	635	2	0
7	637	4	0
13	637	2	0
21	637	4	0
38	637	2	0
60	637	4	0
94	637	3	0
145	637	3	0
201	637	3	0
222	637	2	0
264	637	4	0
293	637	3	0
308	637	3	0
328	637	3	0
339	637	4	0
366	637	5	0
367	637	3	0
368	637	2	0
372	637	4	0
374	637	4	0
379	637	2	0
429	637	3	0
435	637	4	0
450	637	4	0
495	637	3	0
604	637	4	0
606	637	3	0
617	637	3	0
648	637	2	0
650	637	3	0
709	637	3	0
749	637	1	0
776	637	3	0
788	637	2	0
804	637	3	0
840	637	3	0
843	637	2	0
890	637	3	0
896	637	2	0
7	640	3	0
49	640	1	0
58	640	5	0
59	640	5	0
82	640	3	0
83	640	2	0
92	640	5	0
95	640	3	0
114	640	2	0
116	640	3	0
154	640	5	0
160	640	3	0
161	640	2	0
184	640	4	0
194	640	1	0
198	640	3	0
201	640	4	0
233	640	2	0
269	640	5	0
276	640	4	0
286	640	5	0
299	640	3	0
308	640	4	0
312	640	2	0
325	640	3	0
334	640	4	0
339	640	5	0
346	640	3	0
363	640	2	0
381	640	5	0
405	640	1	0
406	640	3	0
417	640	5	0
429	640	3	0
435	640	4	0
437	640	1	0
449	640	5	0
456	640	4	0
457	640	4	0
479	640	4	0
500	640	4	0
503	640	1	0
524	640	1	0
527	640	4	0
535	640	3	0
536	640	4	0
537	640	3	0
539	640	2	0
551	640	4	0
561	640	5	0
565	640	4	0
567	640	4	0
585	640	2	0
615	640	3	0
625	640	3	0
630	640	1	0
645	640	4	0
655	640	2	0
660	640	1	0
666	640	4	0
698	640	2	0
707	640	2	0
758	640	5	0
795	640	4	0
823	640	1	0
828	640	2	0
829	640	3	0
833	640	3	0
840	640	3	0
846	640	1	0
848	640	1	0
862	640	3	0
868	640	5	0
870	640	3	0
877	640	2	0
878	640	1	0
884	640	1	0
896	640	2	0
899	640	1	0
916	640	4	0
918	640	3	0
932	640	2	0
7	670	5	0
13	670	3	0
21	670	3	0
28	670	4	0
59	670	4	0
94	670	3	0
97	670	5	0
201	670	4	0
222	670	3	0
280	670	2	0
291	670	5	0
303	670	2	0
313	670	3	0
326	670	3	0
367	670	4	0
368	670	3	0
380	670	1	0
405	670	1	0
406	670	3	0
422	670	2	0
425	670	3	0
479	670	3	0
524	670	4	0
537	670	2	0
604	670	5	0
617	670	1	0
650	670	3	0
653	670	1	0
655	670	3	0
659	670	2	0
776	670	3	0
788	670	3	0
802	670	4	0
804	670	4	0
833	670	1	0
897	670	3	0
7	674	2	0
13	674	3	0
21	674	2	0
92	674	4	0
94	674	3	0
95	674	2	0
145	674	4	0
167	674	2	0
194	674	2	0
200	674	4	0
269	674	2	0
313	674	2	0
326	674	3	0
372	674	5	0
378	674	3	0
379	674	3	0
385	674	3	0
387	674	2	0
389	674	2	0
405	674	1	0
406	674	4	0
417	674	2	0
421	674	5	0
430	674	4	0
435	674	2	0
437	674	3	0
495	674	3	0
617	674	3	0
620	674	3	0
622	674	2	0
643	674	3	0
645	674	3	0
648	674	3	0
650	674	4	0
653	674	3	0
655	674	3	0
766	674	3	0
774	674	2	0
776	674	3	0
802	674	2	0
804	674	4	0
814	674	3	0
843	674	2	0
846	674	4	0
890	674	3	0
896	674	2	0
916	674	3	0
934	674	4	0
7	682	2	0
13	682	1	0
31	682	2	0
33	682	4	0
36	682	1	0
57	682	3	0
91	682	2	0
99	682	2	0
110	682	4	0
126	682	1	0
130	682	4	0
143	682	3	0
145	682	3	0
178	682	3	0
179	682	5	0
181	682	4	0
193	682	1	0
198	682	3	0
201	682	3	0
206	682	3	0
220	682	4	0
223	682	4	0
241	682	2	0
255	682	5	0
260	682	4	0
276	682	3	0
281	682	3	0
284	682	3	0
285	682	4	0
287	682	4	0
294	682	3	0
304	682	3	0
314	682	5	0
319	682	3	0
327	682	3	0
331	682	5	0
332	682	4	0
341	682	3	0
355	682	4	0
363	682	1	0
377	682	3	0
381	682	2	0
388	682	4	0
416	682	3	0
422	682	2	0
427	682	5	0
433	682	2	0
451	682	4	0
461	682	1	0
462	682	5	0
466	682	1	0
472	682	4	0
482	682	3	0
489	682	4	0
502	682	5	0
507	682	5	0
511	682	4	0
514	682	4	0
515	682	4	0
519	682	1	0
529	682	4	0
532	682	4	0
537	682	1	0
546	682	3	0
550	682	4	0
557	682	2	0
587	682	3	0
589	682	4	0
592	682	4	0
596	682	4	0
599	682	4	0
620	682	2	0
626	682	3	0
631	682	2	0
635	682	2	0
646	682	3	0
663	682	3	0
676	682	1	0
681	682	1	0
683	682	1	0
688	682	5	0
695	682	1	0
697	682	2	0
706	682	2	0
721	682	3	0
724	682	1	0
741	682	3	0
760	682	3	0
768	682	3	0
782	682	4	0
801	682	5	0
812	682	4	0
851	682	1	0
853	682	4	0
863	682	3	0
872	682	3	0
904	682	4	0
909	682	3	0
920	682	3	0
925	682	4	0
10	695	3	0
49	695	3	0
201	695	1	0
218	695	3	0
221	695	4	0
405	695	1	0
442	695	5	0
457	695	3	0
542	695	2	0
608	695	5	0
655	695	3	0
747	695	2	0
889	695	3	0
10	702	3	0
18	702	3	0
49	702	3	0
59	702	5	0
62	702	2	0
85	702	2	0
87	702	3	0
89	702	5	0
92	702	3	0
128	702	3	0
151	702	3	0
201	702	1	0
234	702	2	0
264	702	4	0
279	702	4	0
299	702	4	0
301	702	4	0
311	702	3	0
327	702	2	0
331	702	3	0
339	702	4	0
343	702	4	0
345	702	4	0
354	702	3	0
378	702	4	0
405	702	1	0
406	702	3	0
429	702	5	0
437	702	1	0
449	702	5	0
450	702	4	0
503	702	2	0
524	702	4	0
535	702	1	0
537	702	3	0
543	702	2	0
561	702	3	0
592	702	4	0
608	702	1	0
639	702	2	0
653	702	3	0
655	702	2	0
664	702	4	0
707	702	3	0
763	702	3	0
804	702	2	0
806	702	3	0
828	702	2	0
846	702	4	0
877	702	4	0
878	702	1	0
894	702	4	0
916	702	3	0
10	706	4	0
13	706	1	0
21	706	2	0
291	706	3	0
620	706	3	0
776	706	3	0
10	712	4	0
13	712	4	0
22	712	4	0
62	712	4	0
85	712	3	0
92	712	3	0
95	712	2	0
106	712	3	0
194	712	3	0
207	712	4	0
218	712	3	0
222	712	3	0
234	712	2	0
244	712	3	0
279	712	5	0
293	712	2	0
308	712	4	0
318	712	4	0
334	712	3	0
343	712	4	0
346	712	3	0
379	712	3	0
380	712	2	0
389	712	3	0
398	712	2	0
405	712	1	0
406	712	3	0
407	712	2	0
416	712	4	0
450	712	3	0
476	712	3	0
506	712	3	0
524	712	4	0
538	712	3	0
591	712	3	0
643	712	3	0
653	712	3	0
655	712	3	0
659	712	3	0
690	712	4	0
707	712	3	0
749	712	3	0
766	712	3	0
774	712	1	0
778	712	3	0
788	712	3	0
815	712	3	0
860	712	3	0
881	712	3	0
883	712	3	0
934	712	4	0
11	722	3	0
13	722	3	0
83	722	4	0
87	722	4	0
92	722	3	0
94	722	2	0
109	722	3	0
110	722	3	0
125	722	3	0
174	722	4	0
193	722	3	0
207	722	3	0
210	722	4	0
222	722	3	0
256	722	3	0
270	722	4	0
280	722	3	0
291	722	4	0
295	722	4	0
303	722	2	0
314	722	1	0
318	722	4	0
336	722	3	0
345	722	3	0
378	722	3	0
389	722	2	0
393	722	2	0
399	722	2	0
405	722	1	0
435	722	3	0
450	722	5	0
457	722	4	0
477	722	5	0
497	722	3	0
523	722	3	0
532	722	3	0
621	722	4	0
622	722	3	0
642	722	3	0
648	722	3	0
653	722	1	0
655	722	1	0
660	722	1	0
682	722	4	0
684	722	2	0
690	722	3	0
712	722	3	0
727	722	2	0
741	722	3	0
758	722	3	0
790	722	3	0
796	722	3	0
798	722	3	0
864	722	2	0
870	722	2	0
880	722	3	0
927	722	3	0
943	722	3	0
11	725	3	0
49	725	2	0
92	725	3	0
276	725	2	0
279	725	4	0
280	725	3	0
303	725	1	0
393	725	2	0
405	725	1	0
417	725	4	0
450	725	3	0
497	725	3	0
504	725	3	0
622	725	3	0
642	725	4	0
805	725	3	0
11	728	3	0
56	728	3	0
83	728	4	0
87	728	4	0
92	728	3	0
94	728	2	0
95	728	3	0
125	728	3	0
145	728	2	0
246	728	1	0
256	728	4	0
268	728	2	0
276	728	2	0
279	728	4	0
280	728	3	0
286	728	3	0
299	728	2	0
332	728	4	0
378	728	3	0
389	728	3	0
393	728	3	0
405	728	4	0
417	728	3	0
450	728	3	0
504	728	3	0
551	728	2	0
554	728	3	0
577	728	3	0
588	728	3	0
642	728	4	0
648	728	2	0
653	728	2	0
655	728	2	0
682	728	3	0
684	728	2	0
709	728	4	0
712	728	4	0
796	728	3	0
798	728	4	0
846	728	4	0
880	728	4	0
881	728	3	0
889	728	3	0
901	728	4	0
921	728	3	0
11	737	4	0
13	737	4	0
18	737	3	0
44	737	1	0
49	737	1	0
89	737	1	0
92	737	4	0
94	737	4	0
95	737	3	0
122	737	4	0
145	737	2	0
180	737	3	0
194	737	4	0
201	737	2	0
221	737	4	0
243	737	3	0
276	737	4	0
286	737	4	0
295	737	5	0
301	737	2	0
325	737	4	0
339	737	3	0
345	737	3	0
354	737	4	0
361	737	4	0
363	737	1	0
387	737	3	0
393	737	2	0
398	737	2	0
405	737	1	0
406	737	3	0
407	737	4	0
416	737	3	0
429	737	4	0
437	737	1	0
447	737	4	0
456	737	3	0
474	737	4	0
543	737	3	0
561	737	3	0
622	737	5	0
650	737	2	0
653	737	1	0
682	737	3	0
751	737	4	0
758	737	3	0
763	737	2	0
773	737	3	0
804	737	3	0
828	737	1	0
840	737	4	0
846	737	4	0
861	737	3	0
862	737	4	0
877	737	1	0
889	737	3	0
890	737	3	0
916	737	3	0
918	737	3	0
11	738	3	0
49	738	3	0
56	738	3	0
94	738	2	0
145	738	3	0
184	738	3	0
222	738	3	0
244	738	4	0
268	738	2	0
286	738	5	0
295	738	4	0
303	738	2	0
336	738	1	0
345	738	3	0
399	738	4	0
405	738	1	0
416	738	2	0
442	738	3	0
455	738	3	0
476	738	3	0
682	738	3	0
709	738	1	0
712	738	4	0
751	738	4	0
763	738	2	0
778	738	1	0
790	738	3	0
846	738	4	0
868	738	2	0
877	738	4	0
927	738	3	0
13	757	3	0
405	757	1	0
807	757	4	0
854	757	3	0
13	761	4	0
16	761	2	0
56	761	3	0
92	761	2	0
130	761	3	0
145	761	4	0
151	761	3	0
217	761	4	0
256	761	4	0
268	761	1	0
269	761	2	0
286	761	4	0
291	761	3	0
293	761	2	0
311	761	3	0
314	761	4	0
334	761	2	0
363	761	3	0
374	761	3	0
375	761	3	0
393	761	4	0
405	761	1	0
416	761	4	0
429	761	2	0
436	761	4	0
450	761	4	0
506	761	2	0
517	761	5	0
532	761	4	0
543	761	2	0
551	761	1	0
586	761	3	0
593	761	2	0
600	761	4	0
640	761	5	0
655	761	2	0
682	761	4	0
715	761	3	0
796	761	3	0
805	761	3	0
833	761	2	0
880	761	4	0
886	761	4	0
927	761	3	0
13	764	2	0
45	764	4	0
59	764	4	0
145	764	2	0
174	764	4	0
178	764	3	0
181	764	1	0
188	764	4	0
216	764	2	0
244	764	5	0
279	764	3	0
280	764	4	0
314	764	3	0
323	764	3	0
342	764	1	0
344	764	1	0
402	764	3	0
417	764	3	0
463	764	2	0
490	764	1	0
655	764	1	0
664	764	4	0
699	764	3	0
703	764	2	0
708	764	4	0
735	764	3	0
758	764	1	0
907	764	4	0
916	764	3	0
13	765	2	0
87	765	3	0
94	765	3	0
110	765	3	0
130	765	4	0
234	765	3	0
246	765	2	0
256	765	4	0
268	765	2	0
276	765	3	0
280	765	4	0
293	765	3	0
303	765	3	0
314	765	3	0
336	765	4	0
405	765	1	0
416	765	4	0
417	765	3	0
450	765	3	0
476	765	4	0
497	765	3	0
551	765	1	0
642	765	3	0
653	765	1	0
682	765	4	0
727	765	2	0
758	765	2	0
796	765	3	0
892	765	2	0
896	765	4	0
933	765	1	0
943	765	3	0
13	768	4	0
38	768	5	0
64	768	2	0
83	768	4	0
94	768	3	0
95	768	1	0
102	768	2	0
174	768	1	0
200	768	4	0
222	768	2	0
234	768	2	0
254	768	3	0
268	768	3	0
276	768	3	0
286	768	3	0
311	768	2	0
313	768	3	0
314	768	5	0
318	768	2	0
325	768	3	0
378	768	4	0
387	768	1	0
399	768	3	0
405	768	3	0
416	768	3	0
429	768	3	0
435	768	3	0
471	768	3	0
472	768	5	0
487	768	3	0
495	768	3	0
500	768	2	0
577	768	3	0
620	768	5	0
642	768	4	0
712	768	5	0
771	768	4	0
795	768	3	0
796	768	2	0
798	768	4	0
804	768	3	0
805	768	2	0
826	768	3	0
846	768	4	0
864	768	3	0
880	768	2	0
881	768	3	0
887	768	4	0
892	768	4	0
896	768	2	0
901	768	3	0
927	768	4	0
13	772	1	0
76	772	3	0
115	772	4	0
117	772	4	0
130	772	4	0
156	772	3	0
172	772	1	0
201	772	5	0
222	772	2	0
244	772	4	0
259	772	4	0
272	772	2	0
276	772	4	0
291	772	4	0
301	772	3	0
314	772	1	0
323	772	3	0
327	772	3	0
339	772	4	0
342	772	1	0
345	772	4	0
387	772	4	0
391	772	2	0
399	772	4	0
405	772	1	0
406	772	4	0
429	772	3	0
456	772	4	0
468	772	4	0
487	772	3	0
492	772	1	0
498	772	1	0
506	772	1	0
537	772	3	0
542	772	4	0
561	772	4	0
566	772	4	0
568	772	1	0
645	772	3	0
655	772	3	0
658	772	3	0
682	772	4	0
691	772	5	0
805	772	3	0
846	772	4	0
851	772	3	0
870	772	4	0
875	772	5	0
886	772	1	0
13	773	1	0
21	773	3	0
58	773	4	0
201	773	4	0
276	773	3	0
291	773	3	0
303	773	4	0
366	773	3	0
375	773	3	0
387	773	4	0
388	773	3	0
394	773	4	0
405	773	1	0
422	773	3	0
504	773	3	0
655	773	3	0
925	773	1	0
13	774	1	0
21	774	2	0
49	774	2	0
59	774	2	0
62	774	1	0
118	774	5	0
201	774	1	0
264	774	2	0
267	774	3	0
276	774	2	0
291	774	3	0
320	774	4	0
363	774	4	0
367	774	4	0
368	774	4	0
387	774	3	0
391	774	2	0
393	774	4	0
399	774	3	0
405	774	1	0
417	774	4	0
450	774	4	0
496	774	5	0
497	774	4	0
551	774	5	0
617	774	1	0
660	774	3	0
682	774	4	0
727	774	3	0
774	774	1	0
790	774	4	0
896	774	3	0
13	775	4	0
18	775	3	0
87	775	2	0
151	775	2	0
152	775	4	0
256	775	5	0
269	775	1	0
311	775	3	0
314	775	3	0
378	775	3	0
393	775	4	0
405	775	1	0
416	775	4	0
450	775	4	0
457	775	3	0
500	775	1	0
542	775	2	0
593	775	3	0
642	775	4	0
655	775	2	0
682	775	1	0
727	775	4	0
796	775	2	0
864	775	1	0
914	775	3	0
927	775	3	0
13	780	1	0
22	780	1	0
23	780	1	0
30	780	4	0
38	780	4	0
87	780	4	0
92	780	3	0
94	780	3	0
99	780	5	0
110	780	3	0
125	780	2	0
152	780	5	0
174	780	1	0
184	780	4	0
194	780	2	0
221	780	3	0
222	780	3	0
244	780	4	0
267	780	4	0
268	780	3	0
276	780	3	0
279	780	4	0
280	780	4	0
291	780	5	0
293	780	3	0
303	780	5	0
314	780	4	0
326	780	2	0
336	780	3	0
346	780	2	0
378	780	2	0
389	780	3	0
393	780	4	0
394	780	2	0
399	780	1	0
405	780	3	0
417	780	4	0
429	780	3	0
435	780	2	0
442	780	3	0
452	780	1	0
453	780	3	0
472	780	4	0
476	780	3	0
478	780	3	0
481	780	1	0
497	780	2	0
500	780	3	0
542	780	3	0
551	780	5	0
561	780	1	0
586	780	4	0
621	780	4	0
622	780	4	0
642	780	5	0
643	780	4	0
648	780	1	0
650	780	2	0
653	780	2	0
682	780	3	0
690	780	4	0
749	780	1	0
758	780	5	0
773	780	4	0
778	780	3	0
846	780	4	0
864	780	2	0
880	780	3	0
927	780	1	0
13	782	3	0
85	782	2	0
151	782	4	0
234	782	3	0
405	782	1	0
537	782	3	0
592	782	2	0
655	782	3	0
707	782	3	0
889	782	2	0
13	783	3	0
83	783	4	0
87	783	4	0
92	783	3	0
94	783	2	0
110	783	3	0
152	783	4	0
178	783	4	0
194	783	2	0
222	783	2	0
256	783	4	0
269	783	1	0
276	783	1	0
291	783	2	0
303	783	2	0
311	783	3	0
314	783	3	0
393	783	3	0
405	783	2	0
416	783	3	0
417	783	3	0
450	783	3	0
457	783	3	0
487	783	4	0
497	783	3	0
588	783	4	0
621	783	3	0
642	783	4	0
682	783	2	0
712	783	3	0
727	783	3	0
741	783	3	0
747	783	1	0
796	783	4	0
868	783	1	0
880	783	1	0
886	783	1	0
13	786	3	0
94	786	3	0
262	786	3	0
276	786	3	0
343	786	4	0
405	786	1	0
429	786	2	0
435	786	4	0
639	786	3	0
655	786	2	0
660	786	1	0
790	786	3	0
846	786	4	0
934	786	1	0
13	790	2	0
87	790	4	0
92	790	3	0
109	790	2	0
110	790	4	0
125	790	4	0
128	790	4	0
152	790	5	0
178	790	3	0
180	790	1	0
193	790	3	0
194	790	1	0
216	790	3	0
222	790	1	0
244	790	4	0
246	790	3	0
262	790	3	0
268	790	2	0
276	790	3	0
280	790	4	0
286	790	1	0
291	790	4	0
295	790	3	0
301	790	4	0
303	790	4	0
314	790	4	0
326	790	1	0
336	790	2	0
339	790	2	0
387	790	1	0
393	790	4	0
405	790	1	0
416	790	4	0
435	790	4	0
436	790	3	0
450	790	2	0
453	790	4	0
472	790	3	0
476	790	4	0
487	790	3	0
495	790	3	0
497	790	2	0
542	790	3	0
551	790	2	0
561	790	1	0
566	790	3	0
586	790	3	0
618	790	3	0
621	790	4	0
640	790	4	0
642	790	4	0
643	790	4	0
653	790	2	0
682	790	3	0
690	790	3	0
712	790	4	0
727	790	2	0
741	790	3	0
758	790	4	0
773	790	3	0
790	790	2	0
830	790	1	0
880	790	3	0
881	790	3	0
886	790	4	0
916	790	2	0
13	800	1	0
21	800	1	0
28	800	4	0
92	800	3	0
94	800	3	0
118	800	4	0
130	800	4	0
145	800	2	0
201	800	2	0
268	800	1	0
270	800	5	0
276	800	3	0
286	800	5	0
291	800	2	0
303	800	3	0
320	800	4	0
367	800	4	0
417	800	2	0
435	800	4	0
442	800	3	0
586	800	3	0
655	800	2	0
660	800	2	0
843	800	4	0
864	800	1	0
896	800	3	0
13	801	3	0
87	801	3	0
125	801	3	0
276	801	3	0
291	801	3	0
303	801	1	0
314	801	3	0
450	801	4	0
642	801	3	0
682	801	3	0
727	801	2	0
798	801	3	0
864	801	3	0
880	801	3	0
886	801	3	0
896	801	2	0
13	802	2	0
87	802	4	0
92	802	2	0
110	802	3	0
130	802	5	0
135	802	2	0
197	802	4	0
200	802	4	0
246	802	1	0
256	802	3	0
268	802	3	0
276	802	3	0
279	802	4	0
301	802	2	0
308	802	3	0
346	802	4	0
363	802	2	0
393	802	3	0
394	802	1	0
405	802	1	0
487	802	4	0
497	802	2	0
506	802	4	0
551	802	4	0
561	802	1	0
600	802	2	0
627	802	2	0
640	802	3	0
653	802	2	0
671	802	3	0
682	802	2	0
727	802	2	0
749	802	3	0
758	802	3	0
826	802	4	0
833	802	1	0
846	802	2	0
870	802	3	0
880	802	3	0
896	802	2	0
13	804	2	0
87	804	3	0
279	804	4	0
293	804	1	0
417	804	3	0
429	804	3	0
621	804	4	0
682	804	3	0
13	807	1	0
276	807	2	0
378	807	3	0
405	807	1	0
416	807	4	0
450	807	4	0
504	807	4	0
593	807	4	0
796	807	2	0
13	808	2	0
87	808	3	0
94	808	2	0
110	808	2	0
130	808	5	0
194	808	2	0
197	808	3	0
217	808	2	0
222	808	3	0
234	808	2	0
256	808	4	0
303	808	2	0
314	808	4	0
320	808	4	0
393	808	4	0
405	808	1	0
429	808	3	0
497	808	2	0
551	808	3	0
577	808	3	0
586	808	3	0
619	808	3	0
622	808	3	0
627	808	2	0
682	808	4	0
709	808	4	0
727	808	2	0
749	808	3	0
774	808	1	0
896	808	3	0
943	808	4	0
13	809	4	0
94	809	2	0
102	809	3	0
109	809	4	0
158	809	3	0
178	809	4	0
195	809	3	0
221	809	3	0
246	809	2	0
269	809	1	0
276	809	2	0
279	809	3	0
290	809	4	0
293	809	2	0
295	809	4	0
303	809	2	0
318	809	4	0
328	809	4	0
346	809	3	0
363	809	4	0
399	809	3	0
417	809	3	0
487	809	2	0
497	809	3	0
551	809	5	0
586	809	3	0
619	809	1	0
621	809	4	0
622	809	2	0
648	809	3	0
650	809	3	0
653	809	3	0
660	809	2	0
682	809	2	0
721	809	1	0
727	809	4	0
749	809	3	0
751	809	3	0
757	809	4	0
773	809	1	0
788	809	3	0
796	809	4	0
896	809	2	0
13	810	5	0
60	810	4	0
87	810	3	0
94	810	3	0
102	810	2	0
109	810	3	0
158	810	4	0
207	810	2	0
217	810	3	0
222	810	2	0
267	810	3	0
268	810	2	0
279	810	2	0
293	810	1	0
328	810	3	0
334	810	3	0
393	810	4	0
405	810	1	0
417	810	3	0
442	810	2	0
472	810	5	0
497	810	3	0
541	810	3	0
543	810	3	0
545	810	4	0
588	810	4	0
600	810	3	0
621	810	3	0
627	810	3	0
648	810	4	0
660	810	3	0
671	810	2	0
727	810	2	0
758	810	3	0
766	810	2	0
788	810	3	0
796	810	3	0
798	810	3	0
805	810	2	0
826	810	3	0
846	810	3	0
870	810	3	0
880	810	3	0
896	810	1	0
922	810	4	0
13	817	1	0
21	817	3	0
399	817	4	0
13	818	3	0
181	818	1	0
244	818	2	0
269	818	3	0
286	818	2	0
290	818	3	0
342	818	4	0
374	818	3	0
417	818	2	0
435	818	2	0
445	818	1	0
456	818	3	0
486	818	3	0
524	818	3	0
532	818	2	0
542	818	4	0
697	818	4	0
777	818	5	0
851	818	2	0
880	818	2	0
889	818	4	0
894	818	3	0
934	818	1	0
936	818	4	0
939	818	3	0
13	819	1	0
101	819	1	0
130	819	3	0
168	819	4	0
178	819	2	0
181	819	3	0
222	819	2	0
223	819	3	0
256	819	4	0
286	819	3	0
314	819	4	0
347	819	1	0
348	819	4	0
357	819	4	0
374	819	3	0
393	819	3	0
416	819	3	0
434	819	3	0
457	819	2	0
463	819	1	0
554	819	3	0
577	819	3	0
630	819	3	0
634	819	2	0
653	819	3	0
703	819	2	0
708	819	3	0
726	819	3	0
754	819	3	0
760	819	1	0
763	819	2	0
764	819	3	0
798	819	3	0
833	819	1	0
886	819	4	0
889	819	2	0
893	819	3	0
907	819	4	0
919	819	3	0
927	819	3	0
13	823	5	0
15	823	2	0
45	823	4	0
50	823	3	0
54	823	2	0
58	823	1	0
59	823	5	0
84	823	3	0
92	823	4	0
94	823	3	0
102	823	3	0
104	823	1	0
109	823	3	0
119	823	3	0
141	823	3	0
144	823	3	0
145	823	3	0
158	823	2	0
164	823	4	0
174	823	4	0
178	823	2	0
181	823	2	0
190	823	2	0
195	823	4	0
198	823	2	0
201	823	3	0
227	823	2	0
268	823	2	0
269	823	3	0
271	823	3	0
276	823	3	0
279	823	3	0
291	823	3	0
294	823	3	0
313	823	3	0
328	823	3	0
330	823	3	0
339	823	3	0
343	823	3	0
349	823	4	0
374	823	1	0
393	823	3	0
396	823	2	0
406	823	3	0
417	823	2	0
423	823	3	0
425	823	3	0
445	823	1	0
447	823	3	0
450	823	3	0
458	823	3	0
484	823	4	0
486	823	4	0
487	823	1	0
503	823	2	0
517	823	2	0
524	823	4	0
533	823	4	0
534	823	4	0
577	823	3	0
592	823	1	0
634	823	3	0
644	823	4	0
650	823	3	0
653	823	2	0
655	823	2	0
682	823	2	0
709	823	3	0
716	823	3	0
722	823	3	0
749	823	3	0
788	823	3	0
793	823	3	0
825	823	4	0
851	823	3	0
854	823	2	0
862	823	4	0
880	823	3	0
906	823	3	0
923	823	4	0
933	823	2	0
938	823	4	0
13	824	3	0
75	824	1	0
81	824	3	0
87	824	3	0
94	824	4	0
130	824	3	0
181	824	1	0
198	824	2	0
216	824	3	0
221	824	3	0
267	824	4	0
268	824	2	0
279	824	4	0
286	824	1	0
291	824	4	0
293	824	3	0
301	824	3	0
303	824	3	0
308	824	3	0
332	824	3	0
336	824	3	0
374	824	4	0
389	824	3	0
393	824	3	0
399	824	2	0
416	824	2	0
435	824	1	0
456	824	3	0
470	824	4	0
532	824	4	0
533	824	1	0
534	824	4	0
551	824	1	0
595	824	3	0
597	824	3	0
624	824	2	0
643	824	3	0
682	824	1	0
769	824	2	0
793	824	3	0
804	824	3	0
833	824	1	0
851	824	4	0
880	824	4	0
886	824	4	0
896	824	1	0
903	824	3	0
916	824	3	0
943	824	4	0
13	827	3	0
37	827	3	0
54	827	3	0
62	827	2	0
67	827	3	0
99	827	3	0
102	827	2	0
104	827	2	0
119	827	3	0
120	827	2	0
130	827	4	0
145	827	2	0
181	827	2	0
193	827	2	0
207	827	3	0
217	827	2	0
246	827	1	0
255	827	2	0
256	827	3	0
279	827	1	0
294	827	1	0
314	827	4	0
320	827	4	0
324	827	4	0
332	827	4	0
347	827	1	0
348	827	4	0
416	827	4	0
417	827	2	0
425	827	1	0
432	827	3	0
459	827	3	0
500	827	2	0
507	827	5	0
521	827	1	0
551	827	5	0
564	827	3	0
605	827	3	0
606	827	3	0
619	827	3	0
640	827	3	0
642	827	1	0
648	827	3	0
663	827	2	0
674	827	4	0
705	827	4	0
727	827	3	0
757	827	3	0
758	827	3	0
798	827	4	0
805	827	4	0
825	827	4	0
852	827	2	0
894	827	3	0
899	827	2	0
923	827	3	0
936	827	2	0
13	828	1	0
63	828	1	0
83	828	3	0
106	828	2	0
181	828	1	0
233	828	4	0
373	828	3	0
699	828	3	0
788	828	3	0
798	828	4	0
851	828	2	0
887	828	3	0
907	828	5	0
13	838	1	0
38	838	2	0
128	838	5	0
671	838	3	0
13	841	1	0
26	841	2	0
37	841	3	0
63	841	1	0
92	841	3	0
101	841	2	0
102	841	2	0
181	841	1	0
195	841	2	0
200	841	3	0
207	841	3	0
213	841	4	0
246	841	1	0
255	841	1	0
256	841	2	0
279	841	4	0
332	841	4	0
347	841	3	0
357	841	3	0
393	841	3	0
396	841	4	0
425	841	1	0
435	841	2	0
457	841	4	0
487	841	2	0
507	841	5	0
513	841	4	0
582	841	2	0
586	841	3	0
606	841	3	0
614	841	2	0
671	841	2	0
709	841	4	0
718	841	4	0
727	841	3	0
749	841	3	0
758	841	3	0
760	841	3	0
804	841	4	0
825	841	4	0
851	841	3	0
852	841	4	0
870	841	2	0
880	841	3	0
882	841	1	0
932	841	2	0
938	841	3	0
939	841	4	0
13	843	5	0
95	843	4	0
174	843	2	0
234	843	2	0
254	843	2	0
269	843	3	0
276	843	4	0
279	843	4	0
293	843	3	0
295	843	4	0
308	843	3	0
313	843	3	0
373	843	3	0
379	843	4	0
393	843	3	0
405	843	2	0
416	843	3	0
429	843	1	0
437	843	4	0
478	843	5	0
495	843	3	0
541	843	4	0
642	843	3	0
650	843	2	0
705	843	2	0
712	843	3	0
749	843	3	0
807	843	2	0
868	843	1	0
890	843	3	0
13	846	2	0
59	846	4	0
83	846	3	0
92	846	3	0
101	846	3	0
174	846	5	0
178	846	3	0
181	846	3	0
223	846	2	0
224	846	4	0
231	846	4	0
256	846	4	0
274	846	2	0
296	846	2	0
314	846	3	0
324	846	5	0
334	846	3	0
342	846	2	0
345	846	4	0
365	846	3	0
374	846	2	0
416	846	3	0
450	846	3	0
459	846	4	0
477	846	4	0
486	846	2	0
500	846	3	0
504	846	4	0
533	846	2	0
550	846	2	0
551	846	3	0
588	846	4	0
593	846	2	0
599	846	5	0
660	846	2	0
708	846	2	0
717	846	4	0
733	846	2	0
839	846	2	0
854	846	3	0
859	846	5	0
860	846	2	0
869	846	2	0
935	846	4	0
13	849	1	0
56	849	2	0
87	849	5	0
109	849	2	0
110	849	3	0
178	849	3	0
197	849	3	0
207	849	3	0
222	849	4	0
246	849	1	0
256	849	2	0
289	849	4	0
293	849	2	0
301	849	4	0
303	849	3	0
311	849	3	0
313	849	3	0
320	849	4	0
326	849	1	0
327	849	2	0
328	849	3	0
363	849	2	0
373	849	3	0
405	849	1	0
416	849	3	0
417	849	1	0
484	849	3	0
497	849	2	0
551	849	5	0
561	849	2	0
586	849	3	0
619	849	2	0
627	849	4	0
650	849	2	0
671	849	3	0
682	849	2	0
705	849	3	0
709	849	4	0
727	849	2	0
751	849	2	0
774	849	1	0
786	849	2	0
790	849	4	0
796	849	4	0
826	849	4	0
846	849	3	0
880	849	3	0
881	849	2	0
892	849	2	0
893	849	3	0
896	849	2	0
897	849	4	0
924	849	3	0
13	859	1	0
21	859	2	0
28	859	3	0
145	859	3	0
255	859	3	0
336	859	2	0
363	859	4	0
405	859	1	0
407	859	3	0
422	859	3	0
442	859	3	0
617	859	3	0
620	859	4	0
709	859	3	0
796	859	2	0
13	869	3	0
56	869	3	0
128	869	3	0
145	869	4	0
175	869	3	0
193	869	3	0
222	869	3	0
270	869	1	0
279	869	1	0
303	869	2	0
314	869	4	0
318	869	3	0
320	869	4	0
407	869	3	0
416	869	3	0
436	869	4	0
450	869	4	0
478	869	2	0
655	869	2	0
707	869	1	0
796	869	4	0
888	869	4	0
889	869	3	0
907	869	5	0
13	870	3	0
181	870	2	0
334	870	3	0
393	870	3	0
460	870	2	0
463	870	2	0
624	870	4	0
699	870	3	0
825	870	3	0
13	873	1	0
21	873	2	0
30	873	1	0
36	873	3	0
99	873	1	0
110	873	2	0
128	873	1	0
129	873	1	0
140	873	2	0
159	873	2	0
178	873	3	0
181	873	1	0
206	873	3	0
223	873	3	0
224	873	2	0
234	873	3	0
240	873	2	0
258	873	5	0
264	873	3	0
274	873	3	0
303	873	3	0
314	873	4	0
323	873	3	0
324	873	5	0
333	873	3	0
342	873	3	0
351	873	3	0
392	873	3	0
410	873	4	0
416	873	5	0
442	873	2	0
450	873	3	0
451	873	5	0
454	873	2	0
459	873	4	0
462	873	4	0
466	873	2	0
488	873	3	0
489	873	3	0
506	873	4	0
510	873	3	0
517	873	3	0
529	873	4	0
537	873	2	0
552	873	3	0
587	873	3	0
588	873	3	0
589	873	5	0
599	873	5	0
605	873	3	0
611	873	3	0
616	873	3	0
631	873	2	0
635	873	3	0
637	873	1	0
644	873	4	0
657	873	3	0
685	873	2	0
708	873	5	0
721	873	3	0
724	873	3	0
725	873	4	0
730	873	2	0
732	873	5	0
740	873	2	0
750	873	3	0
760	873	4	0
771	873	3	0
782	873	4	0
796	873	3	0
810	873	3	0
812	873	4	0
832	873	2	0
841	873	4	0
853	873	3	0
863	873	2	0
870	873	2	0
883	873	3	0
905	873	3	0
938	873	3	0
940	873	3	0
13	875	1	0
21	875	4	0
31	875	4	0
36	875	3	0
62	875	4	0
89	875	3	0
90	875	1	0
176	875	4	0
181	875	3	0
205	875	2	0
207	875	2	0
229	875	1	0
261	875	5	0
303	875	4	0
323	875	3	0
324	875	3	0
327	875	4	0
342	875	1	0
364	875	3	0
372	875	4	0
378	875	3	0
392	875	3	0
416	875	2	0
428	875	4	0
451	875	2	0
454	875	1	0
489	875	2	0
526	875	3	0
529	875	4	0
537	875	1	0
551	875	4	0
557	875	4	0
587	875	1	0
592	875	4	0
635	875	2	0
655	875	3	0
656	875	2	0
685	875	3	0
721	875	3	0
730	875	2	0
732	875	1	0
747	875	3	0
755	875	1	0
762	875	5	0
770	875	4	0
806	875	3	0
808	875	4	0
818	875	1	0
836	875	1	0
851	875	5	0
873	875	1	0
894	875	3	0
919	875	1	0
13	881	2	0
35	881	2	0
86	881	2	0
88	881	5	0
100	881	1	0
126	881	5	0
130	881	4	0
159	881	1	0
170	881	3	0
173	881	3	0
176	881	3	0
178	881	2	0
181	881	1	0
260	881	4	0
276	881	3	0
286	881	5	0
294	881	3	0
300	881	5	0
341	881	5	0
427	881	5	0
445	881	1	0
451	881	4	0
482	881	3	0
489	881	2	0
493	881	1	0
510	881	2	0
587	881	2	0
592	881	1	0
621	881	2	0
624	881	3	0
629	881	3	0
682	881	3	0
697	881	2	0
721	881	3	0
725	881	5	0
750	881	2	0
755	881	1	0
782	881	3	0
783	881	4	0
801	881	3	0
810	881	4	0
812	881	4	0
851	881	3	0
880	881	4	0
889	881	3	0
13	891	1	0
112	891	3	0
191	891	3	0
206	891	2	0
260	891	5	0
675	891	2	0
13	892	3	0
30	892	4	0
43	892	3	0
83	892	2	0
95	892	3	0
100	892	2	0
102	892	2	0
130	892	3	0
134	892	2	0
137	892	3	0
145	892	2	0
199	892	1	0
200	892	4	0
254	892	3	0
261	892	5	0
263	892	3	0
313	892	4	0
318	892	3	0
320	892	3	0
329	892	2	0
356	892	1	0
393	892	3	0
395	892	3	0
401	892	1	0
404	892	2	0
428	892	4	0
463	892	2	0
489	892	3	0
502	892	2	0
506	892	1	0
507	892	5	0
509	892	1	0
531	892	3	0
546	892	4	0
550	892	2	0
557	892	3	0
587	892	3	0
589	892	4	0
592	892	1	0
646	892	2	0
676	892	4	0
758	892	2	0
771	892	5	0
811	892	4	0
813	892	1	0
841	892	3	0
851	892	2	0
857	892	3	0
864	892	3	0
872	892	3	0
919	892	3	0
921	892	3	0
942	892	3	0
13	914	2	0
116	914	2	0
125	914	1	0
179	914	5	0
189	914	2	0
381	914	1	0
421	914	3	0
532	914	5	0
587	914	4	0
655	914	3	0
683	914	2	0
15	929	1	0
25	929	4	0
59	929	2	0
63	929	3	0
83	929	3	0
130	929	4	0
145	929	2	0
151	929	3	0
161	929	1	0
181	929	1	0
200	929	4	0
222	929	1	0
223	929	3	0
234	929	1	0
262	929	3	0
286	929	4	0
314	929	3	0
354	929	4	0
393	929	3	0
416	929	4	0
435	929	2	0
465	929	3	0
474	929	3	0
532	929	3	0
595	929	2	0
630	929	4	0
634	929	3	0
648	929	4	0
674	929	3	0
699	929	3	0
747	929	3	0
770	929	4	0
798	929	3	0
804	929	3	0
865	929	2	0
882	929	1	0
887	929	1	0
901	929	4	0
921	929	1	0
938	929	2	0
15	932	1	0
22	932	1	0
57	932	3	0
83	932	4	0
94	932	2	0
130	932	3	0
141	932	3	0
159	932	3	0
181	932	1	0
246	932	1	0
256	932	3	0
279	932	3	0
314	932	4	0
346	932	2	0
357	932	4	0
374	932	1	0
378	932	2	0
393	932	3	0
459	932	4	0
471	932	5	0
487	932	3	0
552	932	3	0
577	932	3	0
582	932	2	0
630	932	2	0
634	932	3	0
642	932	5	0
682	932	1	0
705	932	5	0
749	932	3	0
796	932	4	0
798	932	4	0
804	932	3	0
825	932	3	0
851	932	3	0
872	932	4	0
882	932	4	0
887	932	2	0
901	932	4	0
921	932	3	0
15	934	4	0
20	934	4	0
42	934	4	0
45	934	2	0
92	934	2	0
93	934	3	0
130	934	4	0
145	934	1	0
157	934	2	0
164	934	5	0
174	934	4	0
181	934	3	0
186	934	3	0
189	934	2	0
200	934	2	0
222	934	2	0
227	934	2	0
236	934	4	0
242	934	5	0
256	934	3	0
265	934	3	0
280	934	2	0
286	934	3	0
314	934	4	0
318	934	4	0
332	934	2	0
348	934	4	0
361	934	3	0
374	934	3	0
381	934	2	0
393	934	3	0
416	934	2	0
450	934	3	0
455	934	3	0
457	934	3	0
459	934	3	0
504	934	4	0
518	934	3	0
523	934	4	0
533	934	3	0
552	934	3	0
588	934	4	0
591	934	3	0
599	934	3	0
601	934	1	0
605	934	4	0
622	934	2	0
630	934	3	0
634	934	2	0
637	934	1	0
642	934	2	0
684	934	3	0
708	934	4	0
749	934	3	0
762	934	1	0
769	934	4	0
796	934	3	0
805	934	1	0
837	934	2	0
881	934	3	0
887	934	4	0
891	934	3	0
899	934	3	0
907	934	4	0
921	934	3	0
933	934	1	0
935	934	4	0
939	934	3	0
15	938	3	0
98	938	3	0
173	938	3	0
181	938	1	0
228	938	1	0
281	938	2	0
284	938	3	0
309	938	4	0
314	938	3	0
404	938	4	0
416	938	3	0
427	938	5	0
451	938	4	0
532	938	3	0
587	938	2	0
628	938	5	0
708	938	3	0
721	938	3	0
724	938	3	0
732	938	1	0
740	938	1	0
755	938	3	0
782	938	3	0
787	938	3	0
827	938	3	0
16	941	1	0
42	941	4	0
193	941	4	0
194	941	2	0
222	941	3	0
244	941	4	0
246	941	1	0
268	941	2	0
276	941	3	0
287	941	3	0
291	941	4	0
293	941	2	0
295	941	4	0
305	941	2	0
311	941	4	0
314	941	3	0
318	941	4	0
345	941	3	0
373	941	4	0
393	941	4	0
399	941	3	0
405	941	1	0
416	941	3	0
429	941	3	0
436	941	4	0
453	941	2	0
487	941	3	0
541	941	4	0
551	941	4	0
577	941	4	0
588	941	5	0
627	941	3	0
640	941	5	0
653	941	1	0
682	941	4	0
711	941	3	0
712	941	5	0
715	941	2	0
727	941	2	0
749	941	5	0
763	941	3	0
790	941	3	0
798	941	3	0
846	941	2	0
886	941	2	0
943	941	1	0
16	944	1	0
43	944	2	0
83	944	3	0
87	944	5	0
94	944	1	0
109	944	3	0
110	944	3	0
130	944	4	0
152	944	4	0
194	944	2	0
222	944	3	0
267	944	3	0
311	944	4	0
318	944	2	0
326	944	2	0
346	944	3	0
393	944	4	0
405	944	3	0
417	944	4	0
429	944	3	0
435	944	2	0
476	944	2	0
495	944	5	0
497	944	3	0
523	944	4	0
543	944	3	0
545	944	4	0
551	944	2	0
618	944	2	0
621	944	5	0
642	944	5	0
653	944	2	0
655	944	3	0
682	944	3	0
712	944	4	0
715	944	2	0
749	944	4	0
790	944	1	0
798	944	4	0
815	944	3	0
846	944	2	0
889	944	3	0
916	944	2	0
16	946	5	0
43	946	4	0
44	946	3	0
49	946	2	0
56	946	4	0
59	946	1	0
70	946	3	0
82	946	2	0
94	946	3	0
95	946	3	0
130	946	4	0
194	946	3	0
222	946	2	0
244	946	4	0
268	946	3	0
275	946	3	0
279	946	3	0
280	946	4	0
286	946	3	0
291	946	4	0
295	946	2	0
297	946	2	0
298	946	3	0
311	946	4	0
313	946	3	0
314	946	5	0
320	946	5	0
340	946	5	0
363	946	4	0
373	946	5	0
389	946	3	0
399	946	3	0
405	946	2	0
417	946	4	0
435	946	2	0
437	946	3	0
471	946	2	0
472	946	2	0
478	946	2	0
497	946	4	0
532	946	5	0
541	946	5	0
561	946	3	0
620	946	4	0
642	946	2	0
660	946	2	0
682	946	4	0
712	946	4	0
716	946	2	0
764	946	4	0
798	946	2	0
805	946	2	0
807	946	3	0
826	946	3	0
844	946	3	0
865	946	1	0
868	946	1	0
885	946	3	0
887	946	4	0
892	946	3	0
919	946	4	0
18	950	3	0
43	950	3	0
58	950	1	0
174	950	3	0
181	950	1	0
184	950	4	0
201	950	3	0
234	950	2	0
244	950	1	0
296	950	4	0
299	950	2	0
334	950	3	0
342	950	2	0
343	950	3	0
463	950	3	0
470	950	3	0
486	950	4	0
524	950	4	0
535	950	3	0
537	950	3	0
548	950	4	0
551	950	2	0
607	950	3	0
634	950	5	0
655	950	3	0
707	950	2	0
733	950	4	0
805	950	3	0
837	950	2	0
839	950	4	0
18	951	3	0
43	951	3	0
59	951	3	0
94	951	3	0
174	951	1	0
194	951	3	0
200	951	5	0
230	951	5	0
234	951	1	0
254	951	4	0
271	951	2	0
276	951	3	0
295	951	5	0
298	951	4	0
311	951	3	0
343	951	1	0
346	951	2	0
378	951	3	0
393	951	3	0
405	951	1	0
450	951	4	0
472	951	1	0
484	951	1	0
497	951	2	0
505	951	3	0
506	951	3	0
554	951	3	0
606	951	2	0
620	951	3	0
642	951	3	0
738	951	2	0
747	951	2	0
749	951	4	0
766	951	3	0
798	951	3	0
804	951	3	0
864	951	3	0
892	951	4	0
897	951	3	0
21	974	3	0
59	974	3	0
92	974	2	0
130	974	4	0
141	974	4	0
145	974	1	0
181	974	4	0
190	974	2	0
223	974	2	0
256	974	3	0
262	974	3	0
276	974	2	0
291	974	1	0
320	974	3	0
332	974	4	0
342	974	2	0
345	974	3	0
348	974	4	0
374	974	4	0
396	974	4	0
434	974	5	0
436	974	5	0
493	974	3	0
593	974	2	0
642	974	3	0
655	974	2	0
666	974	4	0
796	974	3	0
851	974	2	0
862	974	2	0
872	974	4	0
897	974	4	0
21	982	1	0
119	982	4	0
130	982	1	0
181	982	1	0
195	982	2	0
200	982	2	0
255	982	2	0
256	982	3	0
279	982	3	0
332	982	3	0
347	982	1	0
386	982	3	0
393	982	3	0
532	982	3	0
543	982	3	0
718	982	4	0
727	982	4	0
804	982	4	0
825	982	5	0
862	982	4	0
21	984	1	0
85	984	2	0
92	984	2	0
104	984	1	0
112	984	3	0
141	984	4	0
164	984	4	0
166	984	5	0
170	984	5	0
173	984	4	0
178	984	2	0
181	984	1	0
200	984	3	0
205	984	1	0
223	984	3	0
234	984	2	0
250	984	3	0
255	984	1	0
256	984	3	0
297	984	1	0
328	984	3	0
332	984	2	0
351	984	5	0
357	984	3	0
387	984	1	0
451	984	4	0
454	984	3	0
464	984	2	0
489	984	5	0
529	984	4	0
592	984	1	0
628	984	5	0
629	984	3	0
652	984	2	0
653	984	4	0
663	984	3	0
721	984	3	0
749	984	3	0
759	984	2	0
782	984	2	0
788	984	3	0
804	984	4	0
825	984	5	0
851	984	3	0
21	985	2	0
141	985	4	0
158	985	4	0
181	985	1	0
213	985	3	0
269	985	3	0
291	985	3	0
349	985	3	0
416	985	3	0
456	985	3	0
463	985	1	0
498	985	1	0
534	985	4	0
592	985	4	0
634	985	4	0
637	985	2	0
662	985	4	0
663	985	3	0
699	985	3	0
733	985	3	0
747	985	2	0
828	985	3	0
21	989	3	0
181	989	1	0
190	989	3	0
199	989	1	0
234	989	2	0
256	989	5	0
281	989	2	0
309	989	3	0
330	989	5	0
351	989	4	0
384	989	4	0
390	989	5	0
397	989	1	0
424	989	2	0
427	989	5	0
451	989	1	0
459	989	5	0
489	989	3	0
505	989	1	0
587	989	2	0
695	989	3	0
697	989	2	0
699	989	4	0
721	989	3	0
724	989	1	0
747	989	3	0
782	989	3	0
824	989	2	0
871	989	3	0
883	989	5	0
902	989	2	0
919	989	2	0
22	999	4	0
42	999	4	0
125	999	4	0
336	999	2	0
393	999	4	0
405	999	1	0
417	999	3	0
429	999	2	0
476	999	2	0
682	999	2	0
23	1006	3	0
58	1006	2	0
76	1006	3	0
85	1006	3	0
151	1006	1	0
184	1006	3	0
201	1006	2	0
269	1006	3	0
276	1006	3	0
299	1006	4	0
308	1006	4	0
334	1006	3	0
358	1006	5	0
373	1006	2	0
405	1006	1	0
437	1006	3	0
449	1006	4	0
461	1006	5	0
537	1006	2	0
763	1006	2	0
833	1006	1	0
870	1006	2	0
889	1006	4	0
26	1015	3	0
181	1015	1	0
234	1015	2	0
280	1015	3	0
305	1015	1	0
328	1015	3	0
561	1015	2	0
747	1015	4	0
792	1015	5	0
825	1015	2	0
882	1015	3	0
887	1015	5	0
35	1025	3	0
102	1025	2	0
145	1025	4	0
159	1025	2	0
164	1025	4	0
181	1025	1	0
205	1025	1	0
211	1025	3	0
253	1025	3	0
260	1025	5	0
261	1025	5	0
279	1025	2	0
309	1025	5	0
341	1025	5	0
346	1025	3	0
362	1025	2	0
396	1025	4	0
451	1025	3	0
464	1025	2	0
488	1025	2	0
489	1025	5	0
510	1025	3	0
537	1025	1	0
548	1025	4	0
564	1025	2	0
592	1025	1	0
628	1025	5	0
635	1025	2	0
644	1025	4	0
697	1025	2	0
721	1025	3	0
727	1025	2	0
758	1025	3	0
772	1025	3	0
782	1025	2	0
790	1025	1	0
802	1025	3	0
804	1025	4	0
809	1025	1	0
816	1025	4	0
851	1025	2	0
853	1025	4	0
910	1025	2	0
928	1025	5	0
37	1027	3	0
279	1027	4	0
405	1027	1	0
38	1032	4	0
94	1032	2	0
174	1032	3	0
279	1032	3	0
314	1032	4	0
318	1032	3	0
379	1032	2	0
393	1032	3	0
405	1032	1	0
453	1032	1	0
577	1032	3	0
618	1032	2	0
642	1032	4	0
796	1032	3	0
798	1032	3	0
921	1032	5	0
38	1033	5	0
82	1033	1	0
84	1033	4	0
92	1033	2	0
145	1033	1	0
174	1033	1	0
178	1033	2	0
181	1033	1	0
186	1033	3	0
200	1033	2	0
245	1033	5	0
254	1033	3	0
256	1033	4	0
324	1033	4	0
374	1033	4	0
394	1033	3	0
429	1033	1	0
450	1033	3	0
463	1033	2	0
533	1033	4	0
577	1033	4	0
582	1033	2	0
637	1033	3	0
642	1033	3	0
648	1033	2	0
699	1033	4	0
805	1033	3	0
864	1033	2	0
881	1033	1	0
887	1033	4	0
897	1033	4	0
938	1033	2	0
38	1035	5	0
43	1035	4	0
56	1035	4	0
70	1035	3	0
83	1035	4	0
109	1035	2	0
128	1035	3	0
152	1035	4	0
174	1035	4	0
178	1035	4	0
216	1035	1	0
221	1035	3	0
222	1035	2	0
234	1035	3	0
262	1035	3	0
267	1035	4	0
268	1035	2	0
276	1035	3	0
279	1035	3	0
280	1035	4	0
286	1035	3	0
290	1035	4	0
301	1035	4	0
311	1035	4	0
330	1035	4	0
347	1035	3	0
363	1035	2	0
378	1035	3	0
379	1035	3	0
393	1035	3	0
399	1035	3	0
405	1035	1	0
416	1035	3	0
429	1035	3	0
454	1035	3	0
472	1035	4	0
487	1035	4	0
514	1035	3	0
541	1035	3	0
551	1035	2	0
561	1035	3	0
563	1035	4	0
577	1035	3	0
593	1035	3	0
620	1035	4	0
621	1035	4	0
650	1035	2	0
653	1035	2	0
654	1035	4	0
660	1035	2	0
661	1035	3	0
682	1035	3	0
694	1035	4	0
705	1035	4	0
727	1035	2	0
751	1035	2	0
757	1035	2	0
778	1035	1	0
798	1035	4	0
846	1035	4	0
868	1035	1	0
880	1035	4	0
887	1035	5	0
892	1035	3	0
901	1035	4	0
922	1035	3	0
927	1035	4	0
932	1035	4	0
38	1036	4	0
49	1036	2	0
56	1036	2	0
125	1036	2	0
276	1036	2	0
299	1036	2	0
389	1036	2	0
405	1036	1	0
417	1036	3	0
437	1036	5	0
450	1036	2	0
472	1036	4	0
476	1036	2	0
523	1036	4	0
541	1036	2	0
620	1036	4	0
621	1036	1	0
642	1036	4	0
712	1036	5	0
773	1036	3	0
795	1036	2	0
796	1036	4	0
880	1036	2	0
924	1036	2	0
40	1038	1	0
143	1038	3	0
178	1038	2	0
181	1038	1	0
286	1038	5	0
440	1038	5	0
451	1038	1	0
459	1038	4	0
529	1038	4	0
629	1038	3	0
726	1038	2	0
740	1038	4	0
782	1038	4	0
784	1038	3	0
863	1038	1	0
894	1038	3	0
915	1038	2	0
42	1048	1	0
43	1048	3	0
58	1048	1	0
59	1048	4	0
75	1048	4	0
76	1048	2	0
89	1048	3	0
90	1048	4	0
94	1048	4	0
99	1048	4	0
128	1048	2	0
159	1048	3	0
178	1048	2	0
181	1048	2	0
234	1048	3	0
244	1048	4	0
262	1048	2	0
279	1048	1	0
280	1048	4	0
293	1048	3	0
303	1048	4	0
314	1048	4	0
318	1048	4	0
323	1048	3	0
334	1048	4	0
336	1048	4	0
342	1048	1	0
344	1048	3	0
345	1048	2	0
357	1048	2	0
364	1048	5	0
365	1048	3	0
374	1048	3	0
378	1048	2	0
393	1048	3	0
402	1048	2	0
416	1048	3	0
429	1048	2	0
436	1048	2	0
439	1048	4	0
447	1048	2	0
450	1048	3	0
458	1048	4	0
478	1048	4	0
500	1048	3	0
524	1048	4	0
533	1048	3	0
537	1048	2	0
540	1048	4	0
552	1048	3	0
592	1048	3	0
599	1048	2	0
618	1048	3	0
624	1048	4	0
634	1048	3	0
654	1048	3	0
663	1048	4	0
665	1048	4	0
682	1048	3	0
718	1048	2	0
790	1048	4	0
796	1048	2	0
806	1048	3	0
839	1048	1	0
859	1048	3	0
886	1048	4	0
889	1048	3	0
894	1048	4	0
903	1048	4	0
907	1048	5	0
919	1048	3	0
930	1048	2	0
935	1048	3	0
45	1059	2	0
57	1059	3	0
75	1059	1	0
81	1059	3	0
82	1059	1	0
117	1059	3	0
141	1059	1	0
181	1059	1	0
221	1059	4	0
222	1059	1	0
268	1059	3	0
279	1059	4	0
291	1059	4	0
320	1059	4	0
336	1059	3	0
347	1059	3	0
374	1059	2	0
456	1059	4	0
467	1059	4	0
521	1059	1	0
534	1059	4	0
542	1059	4	0
551	1059	3	0
561	1059	1	0
592	1059	3	0
595	1059	4	0
624	1059	1	0
663	1059	2	0
697	1059	2	0
709	1059	5	0
726	1059	5	0
806	1059	3	0
851	1059	3	0
860	1059	1	0
880	1059	4	0
45	1060	3	0
60	1060	4	0
62	1060	1	0
83	1060	3	0
109	1060	4	0
125	1060	4	0
181	1060	1	0
189	1060	5	0
200	1060	3	0
222	1060	2	0
254	1060	3	0
274	1060	4	0
280	1060	3	0
286	1060	5	0
290	1060	3	0
348	1060	3	0
381	1060	5	0
395	1060	2	0
399	1060	3	0
402	1060	3	0
434	1060	3	0
459	1060	1	0
463	1060	2	0
496	1060	1	0
592	1060	2	0
612	1060	4	0
622	1060	3	0
637	1060	2	0
648	1060	2	0
650	1060	3	0
699	1060	3	0
756	1060	4	0
804	1060	3	0
821	1060	5	0
882	1060	3	0
887	1060	5	0
911	1060	4	0
919	1060	3	0
921	1060	2	0
45	1061	2	0
181	1061	2	0
184	1061	3	0
192	1061	4	0
256	1061	4	0
348	1061	5	0
378	1061	2	0
435	1061	3	0
436	1061	3	0
450	1061	4	0
542	1061	2	0
588	1061	5	0
590	1061	2	0
595	1061	3	0
630	1061	2	0
655	1061	2	0
665	1061	4	0
672	1061	4	0
699	1061	3	0
707	1061	3	0
708	1061	3	0
768	1061	1	0
854	1061	1	0
859	1061	4	0
860	1061	3	0
869	1061	1	0
872	1061	4	0
885	1061	2	0
938	1061	4	0
49	1071	3	0
57	1071	3	0
76	1071	3	0
269	1071	2	0
303	1071	2	0
342	1071	4	0
385	1071	4	0
429	1071	2	0
592	1071	4	0
618	1071	1	0
655	1071	2	0
666	1071	3	0
773	1071	2	0
805	1071	4	0
806	1071	4	0
833	1071	3	0
49	1074	2	0
56	1074	3	0
59	1074	4	0
62	1074	4	0
85	1074	3	0
87	1074	3	0
89	1074	5	0
92	1074	3	0
94	1074	2	0
109	1074	4	0
122	1074	4	0
125	1074	3	0
151	1074	2	0
174	1074	4	0
193	1074	3	0
222	1074	3	0
244	1074	4	0
259	1074	3	0
264	1074	4	0
268	1074	3	0
269	1074	1	0
270	1074	5	0
276	1074	3	0
286	1074	4	0
299	1074	3	0
301	1074	2	0
305	1074	2	0
308	1074	3	0
314	1074	3	0
334	1074	2	0
336	1074	5	0
345	1074	3	0
361	1074	3	0
363	1074	2	0
378	1074	3	0
389	1074	2	0
393	1074	3	0
399	1074	4	0
405	1074	3	0
416	1074	5	0
429	1074	3	0
435	1074	2	0
442	1074	3	0
472	1074	5	0
476	1074	4	0
487	1074	1	0
496	1074	2	0
514	1074	4	0
524	1074	2	0
541	1074	1	0
561	1074	3	0
579	1074	3	0
588	1074	5	0
622	1074	2	0
627	1074	3	0
643	1074	2	0
655	1074	3	0
660	1074	1	0
682	1074	4	0
711	1074	3	0
712	1074	3	0
741	1074	2	0
756	1074	4	0
758	1074	1	0
790	1074	3	0
796	1074	1	0
804	1074	1	0
806	1074	3	0
846	1074	3	0
870	1074	2	0
883	1074	4	0
886	1074	2	0
889	1074	3	0
896	1074	2	0
904	1074	4	0
916	1074	3	0
943	1074	4	0
49	1078	1	0
82	1078	3	0
193	1078	4	0
222	1078	2	0
234	1078	2	0
291	1078	4	0
373	1078	3	0
387	1078	1	0
405	1078	1	0
465	1078	2	0
541	1078	4	0
588	1078	4	0
622	1078	3	0
642	1078	5	0
660	1078	2	0
751	1078	3	0
807	1078	4	0
815	1078	2	0
846	1078	2	0
881	1078	3	0
892	1078	3	0
896	1078	3	0
49	1081	3	0
181	1081	1	0
276	1081	3	0
294	1081	3	0
320	1081	4	0
445	1081	1	0
456	1081	4	0
501	1081	3	0
49	1082	3	0
116	1082	3	0
344	1082	2	0
345	1082	2	0
486	1082	2	0
592	1082	3	0
655	1082	3	0
782	1082	3	0
56	1091	2	0
62	1091	3	0
94	1091	3	0
95	1091	3	0
174	1091	3	0
194	1091	3	0
200	1091	4	0
254	1091	3	0
268	1091	2	0
269	1091	2	0
271	1091	4	0
275	1091	2	0
276	1091	3	0
286	1091	4	0
290	1091	2	0
301	1091	3	0
313	1091	2	0
320	1091	4	0
378	1091	2	0
387	1091	1	0
393	1091	2	0
405	1091	1	0
416	1091	3	0
417	1091	3	0
437	1091	3	0
450	1091	4	0
472	1091	4	0
495	1091	4	0
496	1091	1	0
541	1091	3	0
545	1091	3	0
588	1091	4	0
620	1091	4	0
642	1091	4	0
682	1091	3	0
712	1091	3	0
774	1091	1	0
790	1091	1	0
805	1091	2	0
807	1091	3	0
822	1091	1	0
826	1091	3	0
892	1091	2	0
57	1096	3	0
345	1096	3	0
782	1096	2	0
58	1100	2	0
201	1100	4	0
234	1100	2	0
327	1100	4	0
331	1100	2	0
405	1100	1	0
655	1100	3	0
878	1100	3	0
58	1105	2	0
209	1105	2	0
235	1105	2	0
260	1105	5	0
286	1105	5	0
351	1105	4	0
377	1105	3	0
440	1105	5	0
454	1105	3	0
537	1105	1	0
681	1105	3	0
724	1105	1	0
752	1105	3	0
782	1105	3	0
805	1105	2	0
818	1105	1	0
842	1105	2	0
851	1105	4	0
59	1110	4	0
72	1110	3	0
94	1110	4	0
177	1110	3	0
267	1110	3	0
268	1110	3	0
269	1110	2	0
276	1110	3	0
279	1110	3	0
303	1110	1	0
307	1110	4	0
339	1110	4	0
346	1110	1	0
373	1110	4	0
385	1110	2	0
387	1110	2	0
405	1110	1	0
425	1110	1	0
429	1110	2	0
472	1110	5	0
495	1110	4	0
504	1110	2	0
506	1110	1	0
561	1110	2	0
579	1110	1	0
600	1110	3	0
606	1110	2	0
648	1110	3	0
650	1110	4	0
660	1110	2	0
666	1110	3	0
774	1110	1	0
795	1110	3	0
805	1110	5	0
822	1110	4	0
826	1110	4	0
846	1110	3	0
862	1110	5	0
889	1110	3	0
922	1110	4	0
933	1110	3	0
59	1112	3	0
194	1112	3	0
280	1112	4	0
301	1112	4	0
328	1112	4	0
343	1112	3	0
405	1112	2	0
429	1112	3	0
450	1112	3	0
655	1112	2	0
788	1112	3	0
864	1112	2	0
870	1112	2	0
896	1112	3	0
913	1112	1	0
61	1127	4	0
179	1127	1	0
206	1127	4	0
211	1127	1	0
688	1127	5	0
702	1127	2	0
713	1127	3	0
724	1127	3	0
752	1127	3	0
782	1127	2	0
863	1127	4	0
62	1128	2	0
82	1128	1	0
181	1128	1	0
201	1128	4	0
232	1128	2	0
342	1128	5	0
349	1128	3	0
385	1128	3	0
387	1128	4	0
435	1128	2	0
490	1128	4	0
615	1128	1	0
655	1128	3	0
62	1133	4	0
64	1133	4	0
70	1133	3	0
95	1133	3	0
234	1133	3	0
254	1133	3	0
269	1133	1	0
271	1133	3	0
279	1133	2	0
280	1133	3	0
286	1133	4	0
295	1133	4	0
334	1133	4	0
337	1133	4	0
340	1133	5	0
373	1133	3	0
416	1133	4	0
429	1133	2	0
435	1133	2	0
495	1133	3	0
496	1133	3	0
504	1133	3	0
642	1133	3	0
653	1133	2	0
660	1133	2	0
749	1133	2	0
807	1133	3	0
815	1133	3	0
846	1133	2	0
881	1133	2	0
62	1135	2	0
94	1135	4	0
109	1135	4	0
201	1135	5	0
246	1135	1	0
259	1135	5	0
262	1135	3	0
269	1135	2	0
276	1135	4	0
293	1135	3	0
295	1135	4	0
301	1135	3	0
303	1135	2	0
308	1135	4	0
328	1135	1	0
339	1135	2	0
346	1135	4	0
373	1135	3	0
378	1135	2	0
385	1135	1	0
399	1135	2	0
416	1135	2	0
417	1135	4	0
436	1135	4	0
450	1135	4	0
495	1135	5	0
500	1135	3	0
504	1135	4	0
508	1135	3	0
551	1135	5	0
601	1135	2	0
627	1135	3	0
650	1135	2	0
653	1135	2	0
655	1135	3	0
660	1135	2	0
682	1135	2	0
693	1135	3	0
758	1135	2	0
760	1135	4	0
788	1135	2	0
823	1135	3	0
843	1135	3	0
864	1135	3	0
916	1135	3	0
934	1135	3	0
70	1145	3	0
222	1145	3	0
267	1145	3	0
276	1145	2	0
303	1145	2	0
314	1145	4	0
378	1145	3	0
453	1145	2	0
693	1145	2	0
76	1157	1	0
92	1157	2	0
109	1157	4	0
130	1157	3	0
178	1157	3	0
268	1157	1	0
276	1157	2	0
291	1157	3	0
303	1157	2	0
320	1157	4	0
332	1157	4	0
363	1157	2	0
417	1157	4	0
453	1157	2	0
495	1157	4	0
496	1157	1	0
497	1157	2	0
613	1157	2	0
761	1157	5	0
805	1157	5	0
815	1157	2	0
843	1157	3	0
880	1157	4	0
907	1157	5	0
922	1157	2	0
79	1161	2	0
109	1161	3	0
181	1161	1	0
216	1161	4	0
250	1161	4	0
293	1161	2	0
294	1161	3	0
437	1161	4	0
498	1161	3	0
533	1161	3	0
655	1161	3	0
663	1161	3	0
789	1161	3	0
82	1163	2	0
181	1163	2	0
201	1163	1	0
224	1163	2	0
274	1163	2	0
334	1163	4	0
342	1163	3	0
391	1163	2	0
450	1163	3	0
463	1163	4	0
500	1163	1	0
537	1163	1	0
560	1163	3	0
618	1163	2	0
639	1163	1	0
699	1163	5	0
707	1163	4	0
711	1163	4	0
733	1163	2	0
761	1163	2	0
796	1163	3	0
825	1163	3	0
869	1163	2	0
907	1163	4	0
936	1163	5	0
87	1188	2	0
94	1188	3	0
95	1188	2	0
110	1188	4	0
222	1188	3	0
244	1188	4	0
246	1188	3	0
268	1188	3	0
269	1188	1	0
291	1188	4	0
295	1188	3	0
303	1188	4	0
320	1188	4	0
332	1188	5	0
336	1188	3	0
346	1188	1	0
373	1188	3	0
405	1188	3	0
407	1188	2	0
416	1188	3	0
425	1188	3	0
442	1188	3	0
476	1188	2	0
487	1188	3	0
495	1188	5	0
532	1188	4	0
545	1188	3	0
600	1188	3	0
653	1188	1	0
682	1188	3	0
709	1188	4	0
715	1188	2	0
727	1188	2	0
749	1188	3	0
757	1188	3	0
773	1188	2	0
790	1188	3	0
804	1188	2	0
846	1188	2	0
868	1188	1	0
880	1188	2	0
889	1188	2	0
933	1188	1	0
943	1188	3	0
90	1199	5	0
94	1199	3	0
181	1199	1	0
250	1199	3	0
276	1199	4	0
294	1199	2	0
303	1199	3	0
331	1199	1	0
387	1199	5	0
403	1199	2	0
422	1199	3	0
445	1199	1	0
463	1199	1	0
532	1199	3	0
534	1199	5	0
543	1199	2	0
592	1199	5	0
606	1199	3	0
634	1199	1	0
795	1199	3	0
825	1199	4	0
862	1199	2	0
936	1199	4	0
90	1206	2	0
94	1206	3	0
95	1206	4	0
110	1206	3	0
194	1206	1	0
222	1206	2	0
279	1206	5	0
291	1206	3	0
374	1206	2	0
379	1206	2	0
393	1206	3	0
405	1206	1	0
436	1206	3	0
437	1206	4	0
653	1206	3	0
727	1206	2	0
846	1206	3	0
868	1206	3	0
916	1206	2	0
92	1208	4	0
130	1208	4	0
135	1208	3	0
145	1208	4	0
201	1208	4	0
221	1208	3	0
224	1208	1	0
256	1208	3	0
268	1208	2	0
276	1208	3	0
293	1208	3	0
405	1208	1	0
450	1208	3	0
495	1208	4	0
655	1208	3	0
864	1208	2	0
870	1208	2	0
886	1208	3	0
896	1208	3	0
916	1208	2	0
92	1210	1	0
94	1210	3	0
109	1210	3	0
110	1210	3	0
130	1210	2	0
145	1210	1	0
221	1210	3	0
256	1210	5	0
270	1210	5	0
276	1210	2	0
291	1210	4	0
303	1210	1	0
313	1210	4	0
314	1210	4	0
320	1210	4	0
332	1210	3	0
346	1210	3	0
374	1210	4	0
393	1210	3	0
394	1210	3	0
399	1210	2	0
405	1210	1	0
417	1210	2	0
457	1210	4	0
472	1210	3	0
497	1210	4	0
504	1210	3	0
532	1210	4	0
561	1210	1	0
653	1210	2	0
690	1210	3	0
757	1210	2	0
804	1210	2	0
833	1210	1	0
846	1210	2	0
864	1210	2	0
870	1210	1	0
880	1210	4	0
92	1212	3	0
145	1212	2	0
224	1212	2	0
372	1212	4	0
450	1212	4	0
618	1212	2	0
94	1217	3	0
95	1217	3	0
130	1217	4	0
135	1217	2	0
145	1217	2	0
183	1217	3	0
200	1217	4	0
221	1217	4	0
280	1217	5	0
291	1217	3	0
293	1217	1	0
297	1217	1	0
303	1217	1	0
311	1217	3	0
314	1217	2	0
328	1217	3	0
346	1217	4	0
374	1217	2	0
375	1217	4	0
399	1217	4	0
405	1217	3	0
416	1217	4	0
429	1217	2	0
435	1217	3	0
487	1217	3	0
532	1217	4	0
551	1217	1	0
671	1217	4	0
682	1217	3	0
715	1217	2	0
727	1217	3	0
796	1217	3	0
823	1217	1	0
864	1217	3	0
880	1217	3	0
881	1217	5	0
886	1217	4	0
896	1217	2	0
916	1217	1	0
94	1219	4	0
95	1219	1	0
200	1219	3	0
275	1219	2	0
279	1219	3	0
291	1219	4	0
379	1219	2	0
393	1219	4	0
399	1219	3	0
405	1219	1	0
471	1219	4	0
506	1219	2	0
577	1219	3	0
588	1219	2	0
620	1219	3	0
642	1219	4	0
776	1219	3	0
826	1219	4	0
892	1219	2	0
897	1219	4	0
94	1222	3	0
95	1222	2	0
109	1222	4	0
110	1222	2	0
197	1222	3	0
217	1222	1	0
246	1222	3	0
268	1222	2	0
303	1222	3	0
311	1222	3	0
346	1222	4	0
405	1222	1	0
425	1222	2	0
429	1222	3	0
450	1222	3	0
456	1222	2	0
671	1222	3	0
682	1222	3	0
715	1222	2	0
727	1222	1	0
804	1222	3	0
826	1222	3	0
880	1222	4	0
883	1222	5	0
896	1222	2	0
94	1224	3	0
201	1224	2	0
279	1224	3	0
303	1224	2	0
393	1224	3	0
405	1224	1	0
429	1224	2	0
642	1224	4	0
727	1224	3	0
798	1224	2	0
880	1224	3	0
892	1224	4	0
94	1225	3	0
167	1225	3	0
207	1225	3	0
244	1225	2	0
264	1225	3	0
314	1225	3	0
393	1225	3	0
405	1225	1	0
435	1225	3	0
618	1225	2	0
665	1225	2	0
682	1225	4	0
747	1225	3	0
880	1225	2	0
104	1241	1	0
196	1241	3	0
334	1241	2	0
354	1241	4	0
782	1241	2	0
936	1241	4	0
106	1242	4	0
181	1242	1	0
207	1242	5	0
279	1242	1	0
409	1242	2	0
109	1244	3	0
116	1244	2	0
119	1244	3	0
130	1244	4	0
141	1244	3	0
157	1244	3	0
198	1244	2	0
276	1244	3	0
279	1244	3	0
291	1244	4	0
332	1244	4	0
339	1244	4	0
347	1244	3	0
393	1244	3	0
399	1244	3	0
463	1244	1	0
479	1244	3	0
487	1244	2	0
506	1244	2	0
521	1244	3	0
548	1244	4	0
557	1244	2	0
637	1244	1	0
640	1244	3	0
648	1244	3	0
649	1244	3	0
653	1244	3	0
727	1244	3	0
749	1244	3	0
758	1244	3	0
782	1244	3	0
790	1244	1	0
804	1244	2	0
825	1244	5	0
880	1244	3	0
907	1244	5	0
110	1249	3	0
125	1249	3	0
268	1249	2	0
336	1249	3	0
393	1249	4	0
405	1249	1	0
450	1249	3	0
586	1249	3	0
727	1249	3	0
798	1249	4	0
846	1249	3	0
896	1249	2	0
119	1260	5	0
257	1260	2	0
405	1260	1	0
804	1260	3	0
119	1263	3	0
188	1263	3	0
234	1263	3	0
254	1263	1	0
314	1263	2	0
328	1263	3	0
334	1263	4	0
407	1263	2	0
436	1263	3	0
450	1263	4	0
495	1263	4	0
504	1263	4	0
647	1263	3	0
694	1263	3	0
749	1263	2	0
122	1267	4	0
130	1267	4	0
201	1267	3	0
221	1267	3	0
222	1267	3	0
269	1267	1	0
276	1267	4	0
293	1267	3	0
303	1267	3	0
314	1267	3	0
339	1267	3	0
343	1267	4	0
363	1267	2	0
378	1267	3	0
405	1267	1	0
406	1267	3	0
437	1267	4	0
456	1267	4	0
537	1267	3	0
551	1267	4	0
561	1267	3	0
627	1267	4	0
653	1267	1	0
655	1267	2	0
659	1267	3	0
682	1267	3	0
823	1267	4	0
846	1267	3	0
870	1267	2	0
880	1267	4	0
886	1267	3	0
889	1267	3	0
896	1267	2	0
125	1271	2	0
279	1271	4	0
405	1271	2	0
450	1271	2	0
476	1271	2	0
577	1271	3	0
648	1271	4	0
130	1273	2	0
145	1273	5	0
268	1273	2	0
276	1273	2	0
291	1273	2	0
303	1273	2	0
372	1273	4	0
453	1273	2	0
586	1273	4	0
655	1273	2	0
690	1273	3	0
727	1273	3	0
757	1273	2	0
778	1273	3	0
788	1273	3	0
130	1279	4	0
145	1279	1	0
399	1279	3	0
506	1279	4	0
752	1279	3	0
782	1279	3	0
887	1279	3	0
921	1279	2	0
936	1279	3	0
130	1280	4	0
141	1280	1	0
181	1280	1	0
286	1280	5	0
341	1280	2	0
428	1280	3	0
451	1280	1	0
489	1280	3	0
519	1280	5	0
544	1280	3	0
606	1280	2	0
683	1280	3	0
708	1280	1	0
750	1280	1	0
851	1280	4	0
853	1280	4	0
141	1283	3	0
145	1283	1	0
157	1283	2	0
178	1283	3	0
207	1283	4	0
277	1283	2	0
301	1283	4	0
344	1283	2	0
347	1283	1	0
649	1283	2	0
654	1283	1	0
665	1283	3	0
684	1283	3	0
758	1283	4	0
782	1283	2	0
798	1283	4	0
854	1283	2	0
887	1283	5	0
938	1283	3	0
144	1284	3	0
181	1284	1	0
222	1284	4	0
223	1284	1	0
296	1284	4	0
378	1284	2	0
402	1284	3	0
450	1284	3	0
463	1284	4	0
554	1284	3	0
569	1284	2	0
634	1284	3	0
637	1284	1	0
655	1284	2	0
699	1284	3	0
764	1284	3	0
798	1284	3	0
854	1284	2	0
864	1284	3	0
872	1284	3	0
879	1284	3	0
880	1284	4	0
896	1284	2	0
907	1284	5	0
919	1284	3	0
927	1284	4	0
151	1297	1	0
184	1297	2	0
280	1297	4	0
295	1297	4	0
311	1297	4	0
314	1297	4	0
405	1297	1	0
450	1297	4	0
659	1297	2	0
796	1297	2	0
798	1297	3	0
846	1297	3	0
179	1316	3	0
286	1316	5	0
351	1316	4	0
405	1316	1	0
503	1316	1	0
531	1316	4	0
617	1316	1	0
181	1323	1	0
585	1323	3	0
936	1323	4	0
181	1333	1	0
207	1333	3	0
293	1333	4	0
527	1333	3	0
560	1333	3	0
181	1335	1	0
303	1335	3	0
458	1335	1	0
518	1335	3	0
537	1335	3	0
634	1335	2	0
792	1335	4	0
833	1335	2	0
854	1335	2	0
916	1335	4	0
936	1335	4	0
181	1347	1	0
420	1347	3	0
430	1347	5	0
585	1347	2	0
181	1353	1	0
385	1353	4	0
405	1353	1	0
581	1353	4	0
833	1353	3	0
181	1355	1	0
201	1355	1	0
242	1355	5	0
264	1355	4	0
728	1355	4	0
914	1355	1	0
181	1356	1	0
592	1356	4	0
655	1356	3	0
181	1357	1	0
242	1357	5	0
599	1357	2	0
181	1361	1	0
269	1361	4	0
279	1361	3	0
181	1369	1	0
234	1369	3	0
409	1369	4	0
486	1369	3	0
181	1370	1	0
655	1370	3	0
936	1370	4	0
181	1379	1	0
299	1379	3	0
409	1379	3	0
486	1379	3	0
655	1379	3	0
782	1379	3	0
894	1379	4	0
181	1385	1	0
186	1385	2	0
500	1385	4	0
782	1385	4	0
871	1385	3	0
181	1386	1	0
310	1386	1	0
490	1386	4	0
782	1386	3	0
833	1386	4	0
871	1386	3	0
189	1402	4	0
279	1402	1	0
450	1402	2	0
877	1402	4	0
189	1403	4	0
452	1403	1	0
655	1403	3	0
894	1403	3	0
194	1409	2	0
393	1409	4	0
405	1409	1	0
505	1409	3	0
541	1409	4	0
807	1409	4	0
826	1409	2	0
194	1410	2	0
452	1410	1	0
487	1410	5	0
682	1410	3	0
195	1413	2	0
268	1413	2	0
276	1413	1	0
279	1413	5	0
642	1413	3	0
795	1413	3	0
807	1413	2	0
887	1413	4	0
201	1425	3	0
378	1425	2	0
405	1425	1	0
429	1425	3	0
450	1425	4	0
487	1425	4	0
642	1425	2	0
798	1425	4	0
864	1425	2	0
934	1425	1	0
201	1427	2	0
269	1427	2	0
452	1427	5	0
747	1427	2	0
833	1427	3	0
206	1429	1	0
355	1429	4	0
405	1429	1	0
739	1429	5	0
234	1445	4	0
405	1445	1	0
537	1445	3	0
655	1445	3	0
254	1470	2	0
313	1470	1	0
405	1470	2	0
411	1470	3	0
532	1470	5	0
264	1474	2	0
405	1474	1	0
535	1474	4	0
650	1474	3	0
666	1474	3	0
844	1474	4	0
264	1475	2	0
405	1475	1	0
411	1475	3	0
503	1475	5	0
537	1475	2	0
585	1475	3	0
655	1475	3	0
773	1475	4	0
269	1478	1	0
276	1478	3	0
280	1478	4	0
291	1478	2	0
328	1478	3	0
363	1478	1	0
378	1478	3	0
405	1478	1	0
416	1478	2	0
456	1478	4	0
561	1478	3	0
627	1478	3	0
653	1478	2	0
682	1478	3	0
788	1478	3	0
846	1478	4	0
880	1478	3	0
924	1478	4	0
269	1479	2	0
280	1479	3	0
311	1479	3	0
405	1479	1	0
450	1479	3	0
655	1479	2	0
707	1479	5	0
846	1479	3	0
279	1484	3	0
394	1484	4	0
405	1484	1	0
279	1496	3	0
336	1496	1	0
532	1496	2	0
880	1496	4	0
887	1496	4	0
314	1517	4	0
405	1517	1	0
416	1517	2	0
577	1517	3	0
798	1517	4	0
358	1529	3	0
405	1529	1	0
561	1529	3	0
655	1529	2	0
773	1529	5	0
399	1540	3	0
405	1540	2	0
416	1540	4	0
524	1540	2	0
601	1540	2	0
798	1540	4	0
846	1540	3	0
851	1540	2	0
881	1540	1	0
887	1540	5	0
405	1544	1	0
705	1544	4	0
798	1544	3	0
405	1553	1	0
524	1553	3	0
655	1553	4	0
889	1553	3	0
405	1555	1	0
497	1555	2	0
543	1555	3	0
773	1555	4	0
795	1555	3	0
405	1560	1	0
524	1560	4	0
655	1560	2	0
894	1560	4	0
